#q_sq i k_sq Re(fg) Im(fg)
1e-06 8 1e-06 0.907776 0
1e-06 8 1.55052e-06 0.907775 0
1e-06 8 2.4041e-06 0.907775 0
1e-06 8 3.72759e-06 0.907774 0
1e-06 8 5.77969e-06 0.907773 0
1e-06 8 8.96151e-06 0.907771 0
1e-06 8 1.3895e-05 0.907767 0
1e-06 8 2.15443e-05 0.907763 0
1e-06 8 3.34048e-05 0.907755 0
1e-06 8 5.17947e-05 0.907744 0
1e-06 8 8.03086e-05 0.907726 0
1e-06 8 0.00012452 0.907698 0
1e-06 8 0.00019307 0.907655 0
1e-06 8 0.000299358 0.907588 0
1e-06 8 0.000464159 0.907485 0
1e-06 8 0.000719686 0.907325 0
1e-06 8 0.00111588 0.907077 0
1e-06 8 0.0017302 0.906694 0
1e-06 8 0.0026827 0.906101 0
1e-06 8 0.00415956 0.905185 0
1e-06 8 0.00644947 0.903776 0
1e-06 8 0.01 0.901614 0
1e-06 8 0.0155052 0.898317 0
1e-06 8 0.024041 0.893336 0
1e-06 8 0.0372759 0.885916 0
1e-06 8 0.0577969 0.875108 0
1e-06 8 0.0896151 0.859903 0
1e-06 8 0.13895 0.839663 0
1e-06 8 0.215443 0.815036 0
1e-06 8 0.334048 0.789441 0
1e-06 8 0.517947 0.770262 0
1e-06 8 0.803086 0.766902 0
1e-06 8 1.2452 0.783423 0
1e-06 8 1.9307 0.813371 0
1e-06 8 2.99358 0.839951 0
1e-06 8 4.64159 0.868142 0
1e-06 8 7.19686 0.906873 0
1e-06 8 11.1588 0.917015 0
1e-06 8 17.302 0.930921 0
1e-06 8 26.827 0.938763 0
1e-06 8 41.5956 0.939877 0
1e-06 8 64.4947 0.941107 0
1e-06 8 100 0.942925 0
1e-06 8 155.052 0.943931 0
1e-06 8 240.41 0.944858 0
1e-06 8 372.759 0.946534 0
1e-06 8 577.969 0.947823 0
1e-06 8 896.151 0.948493 0
1e-06 8 1389.5 0.949645 0
1e-06 8 2154.43 0.951133 0
1e-06 8 3340.48 0.952556 0
1e-06 8 5179.47 0.953798 0
1e-06 8 8030.86 0.954944 0
1e-06 8 12452 0.956338 0
1e-06 8 19307 0.957948 0
1e-06 8 29935.8 0.959619 0
1e-06 8 46415.9 0.961269 0
1e-06 8 71968.6 0.962813 0
1e-06 8 111588 0.964238 0
1e-06 8 173020 0.965631 0
1e-06 8 268270 0.966794 0
1e-06 8 415956 0.967779 0
1e-06 8 644947 0.968637 0
1e-06 8 1e+06 0.969392 0

2.43835e-06 8 1e-06 0.907775 0
2.43835e-06 8 1.55052e-06 0.907775 0
2.43835e-06 8 2.4041e-06 0.907774 0
2.43835e-06 8 3.72759e-06 0.907774 0
2.43835e-06 8 5.77969e-06 0.907772 0
2.43835e-06 8 8.96151e-06 0.90777 0
2.43835e-06 8 1.3895e-05 0.907767 0
2.43835e-06 8 2.15443e-05 0.907762 0
2.43835e-06 8 3.34048e-05 0.907755 0
2.43835e-06 8 5.17947e-05 0.907743 0
2.43835e-06 8 8.03086e-05 0.907726 0
2.43835e-06 8 0.00012452 0.907698 0
2.43835e-06 8 0.00019307 0.907655 0
2.43835e-06 8 0.000299358 0.907588 0
2.43835e-06 8 0.000464159 0.907485 0
2.43835e-06 8 0.000719686 0.907325 0
2.43835e-06 8 0.00111588 0.907077 0
2.43835e-06 8 0.0017302 0.906693 0
2.43835e-06 8 0.0026827 0.9061 0
2.43835e-06 8 0.00415956 0.905185 0
2.43835e-06 8 0.00644947 0.903776 0
2.43835e-06 8 0.01 0.901614 0
2.43835e-06 8 0.0155052 0.898317 0
2.43835e-06 8 0.024041 0.893336 0
2.43835e-06 8 0.0372759 0.885916 0
2.43835e-06 8 0.0577969 0.875108 0
2.43835e-06 8 0.0896151 0.859903 0
2.43835e-06 8 0.13895 0.839663 0
2.43835e-06 8 0.215443 0.815036 0
2.43835e-06 8 0.334048 0.789441 0
2.43835e-06 8 0.517947 0.770262 0
2.43835e-06 8 0.803086 0.766902 0
2.43835e-06 8 1.2452 0.783423 0
2.43835e-06 8 1.9307 0.813371 0
2.43835e-06 8 2.99358 0.839951 0
2.43835e-06 8 4.64159 0.868142 0
2.43835e-06 8 7.19686 0.906873 0
2.43835e-06 8 11.1588 0.917015 0
2.43835e-06 8 17.302 0.930921 0
2.43835e-06 8 26.827 0.938763 0
2.43835e-06 8 41.5956 0.939877 0
2.43835e-06 8 64.4947 0.941107 0
2.43835e-06 8 100 0.942925 0
2.43835e-06 8 155.052 0.943931 0
2.43835e-06 8 240.41 0.944858 0
2.43835e-06 8 372.759 0.946534 0
2.43835e-06 8 577.969 0.947823 0
2.43835e-06 8 896.151 0.948493 0
2.43835e-06 8 1389.5 0.949645 0
2.43835e-06 8 2154.43 0.951133 0
2.43835e-06 8 3340.48 0.952556 0
2.43835e-06 8 5179.47 0.953798 0
2.43835e-06 8 8030.86 0.954944 0
2.43835e-06 8 12452 0.956338 0
2.43835e-06 8 19307 0.957948 0
2.43835e-06 8 29935.8 0.959619 0
2.43835e-06 8 46415.9 0.961269 0
2.43835e-06 8 71968.6 0.962813 0
2.43835e-06 8 111588 0.964238 0
2.43835e-06 8 173020 0.965631 0
2.43835e-06 8 268270 0.966794 0
2.43835e-06 8 415956 0.967779 0
2.43835e-06 8 644947 0.968637 0
2.43835e-06 8 1e+06 0.969392 0

5.94557e-06 8 1e-06 0.907775 0
5.94557e-06 8 1.55052e-06 0.907775 0
5.94557e-06 8 2.4041e-06 0.907774 0
5.94557e-06 8 3.72759e-06 0.907773 0
5.94557e-06 8 5.77969e-06 0.907772 0
5.94557e-06 8 8.96151e-06 0.90777 0
5.94557e-06 8 1.3895e-05 0.907767 0
5.94557e-06 8 2.15443e-05 0.907762 0
5.94557e-06 8 3.34048e-05 0.907755 0
5.94557e-06 8 5.17947e-05 0.907743 0
5.94557e-06 8 8.03086e-05 0.907725 0
5.94557e-06 8 0.00012452 0.907698 0
5.94557e-06 8 0.00019307 0.907655 0
5.94557e-06 8 0.000299358 0.907588 0
5.94557e-06 8 0.000464159 0.907485 0
5.94557e-06 8 0.000719686 0.907325 0
5.94557e-06 8 0.00111588 0.907077 0
5.94557e-06 8 0.0017302 0.906693 0
5.94557e-06 8 0.0026827 0.9061 0
5.94557e-06 8 0.00415956 0.905185 0
5.94557e-06 8 0.00644947 0.903775 0
5.94557e-06 8 0.01 0.901613 0
5.94557e-06 8 0.0155052 0.898316 0
5.94557e-06 8 0.024041 0.893335 0
5.94557e-06 8 0.0372759 0.885916 0
5.94557e-06 8 0.0577969 0.875108 0
5.94557e-06 8 0.0896151 0.859903 0
5.94557e-06 8 0.13895 0.839663 0
5.94557e-06 8 0.215443 0.815036 0
5.94557e-06 8 0.334048 0.789441 0
5.94557e-06 8 0.517947 0.770262 0
5.94557e-06 8 0.803086 0.766902 0
5.94557e-06 8 1.2452 0.783423 0
5.94557e-06 8 1.9307 0.813371 0
5.94557e-06 8 2.99358 0.839951 0
5.94557e-06 8 4.64159 0.868142 0
5.94557e-06 8 7.19686 0.906873 0
5.94557e-06 8 11.1588 0.917015 0
5.94557e-06 8 17.302 0.930921 0
5.94557e-06 8 26.827 0.938763 0
5.94557e-06 8 41.5956 0.939877 0
5.94557e-06 8 64.4947 0.941107 0
5.94557e-06 8 100 0.942925 0
5.94557e-06 8 155.052 0.943931 0
5.94557e-06 8 240.41 0.944858 0
5.94557e-06 8 372.759 0.946534 0
5.94557e-06 8 577.969 0.947823 0
5.94557e-06 8 896.151 0.948493 0
5.94557e-06 8 1389.5 0.949645 0
5.94557e-06 8 2154.43 0.951133 0
5.94557e-06 8 3340.48 0.952556 0
5.94557e-06 8 5179.47 0.953798 0
5.94557e-06 8 8030.86 0.954944 0
5.94557e-06 8 12452 0.956338 0
5.94557e-06 8 19307 0.957948 0
5.94557e-06 8 29935.8 0.959619 0
5.94557e-06 8 46415.9 0.961269 0
5.94557e-06 8 71968.6 0.962813 0
5.94557e-06 8 111588 0.964238 0
5.94557e-06 8 173020 0.965631 0
5.94557e-06 8 268270 0.966794 0
5.94557e-06 8 415956 0.967779 0
5.94557e-06 8 644947 0.968637 0
5.94557e-06 8 1e+06 0.969392 0

1.44974e-05 8 1e-06 0.907774 0
1.44974e-05 8 1.55052e-06 0.907774 0
1.44974e-05 8 2.4041e-06 0.907773 0
1.44974e-05 8 3.72759e-06 0.907772 0
1.44974e-05 8 5.77969e-06 0.907771 0
1.44974e-05 8 8.96151e-06 0.907769 0
1.44974e-05 8 1.3895e-05 0.907766 0
1.44974e-05 8 2.15443e-05 0.907761 0
1.44974e-05 8 3.34048e-05 0.907754 0
1.44974e-05 8 5.17947e-05 0.907742 0
1.44974e-05 8 8.03086e-05 0.907724 0
1.44974e-05 8 0.00012452 0.907697 0
1.44974e-05 8 0.00019307 0.907654 0
1.44974e-05 8 0.000299358 0.907587 0
1.44974e-05 8 0.000464159 0.907484 0
1.44974e-05 8 0.000719686 0.907324 0
1.44974e-05 8 0.00111588 0.907076 0
1.44974e-05 8 0.0017302 0.906692 0
1.44974e-05 8 0.0026827 0.906099 0
1.44974e-05 8 0.00415956 0.905184 0
1.44974e-05 8 0.00644947 0.903774 0
1.44974e-05 8 0.01 0.901612 0
1.44974e-05 8 0.0155052 0.898316 0
1.44974e-05 8 0.024041 0.893334 0
1.44974e-05 8 0.0372759 0.885915 0
1.44974e-05 8 0.0577969 0.875107 0
1.44974e-05 8 0.0896151 0.859902 0
1.44974e-05 8 0.13895 0.839662 0
1.44974e-05 8 0.215443 0.815035 0
1.44974e-05 8 0.334048 0.789441 0
1.44974e-05 8 0.517947 0.770262 0
1.44974e-05 8 0.803086 0.766902 0
1.44974e-05 8 1.2452 0.783423 0
1.44974e-05 8 1.9307 0.813371 0
1.44974e-05 8 2.99358 0.839951 0
1.44974e-05 8 4.64159 0.868142 0
1.44974e-05 8 7.19686 0.906873 0
1.44974e-05 8 11.1588 0.917015 0
1.44974e-05 8 17.302 0.930921 0
1.44974e-05 8 26.827 0.938763 0
1.44974e-05 8 41.5956 0.939877 0
1.44974e-05 8 64.4947 0.941107 0
1.44974e-05 8 100 0.942925 0
1.44974e-05 8 155.052 0.943931 0
1.44974e-05 8 240.41 0.944858 0
1.44974e-05 8 372.759 0.946534 0
1.44974e-05 8 577.969 0.947823 0
1.44974e-05 8 896.151 0.948493 0
1.44974e-05 8 1389.5 0.949645 0
1.44974e-05 8 2154.43 0.951133 0
1.44974e-05 8 3340.48 0.952556 0
1.44974e-05 8 5179.47 0.953798 0
1.44974e-05 8 8030.86 0.954944 0
1.44974e-05 8 12452 0.956338 0
1.44974e-05 8 19307 0.957948 0
1.44974e-05 8 29935.8 0.959619 0
1.44974e-05 8 46415.9 0.961269 0
1.44974e-05 8 71968.6 0.962813 0
1.44974e-05 8 111588 0.964238 0
1.44974e-05 8 173020 0.965631 0
1.44974e-05 8 268270 0.966794 0
1.44974e-05 8 415956 0.967779 0
1.44974e-05 8 644947 0.968637 0
1.44974e-05 8 1e+06 0.969392 0

3.53498e-05 8 1e-06 0.907772 0
3.53498e-05 8 1.55052e-06 0.907772 0
3.53498e-05 8 2.4041e-06 0.907771 0
3.53498e-05 8 3.72759e-06 0.90777 0
3.53498e-05 8 5.77969e-06 0.907769 0
3.53498e-05 8 8.96151e-06 0.907767 0
3.53498e-05 8 1.3895e-05 0.907764 0
3.53498e-05 8 2.15443e-05 0.907759 0
3.53498e-05 8 3.34048e-05 0.907752 0
3.53498e-05 8 5.17947e-05 0.90774 0
3.53498e-05 8 8.03086e-05 0.907722 0
3.53498e-05 8 0.00012452 0.907695 0
3.53498e-05 8 0.00019307 0.907652 0
3.53498e-05 8 0.000299358 0.907585 0
3.53498e-05 8 0.000464159 0.907482 0
3.53498e-05 8 0.000719686 0.907322 0
3.53498e-05 8 0.00111588 0.907074 0
3.53498e-05 8 0.0017302 0.90669 0
3.53498e-05 8 0.0026827 0.906097 0
3.53498e-05 8 0.00415956 0.905182 0
3.53498e-05 8 0.00644947 0.903772 0
3.53498e-05 8 0.01 0.90161 0
3.53498e-05 8 0.0155052 0.898314 0
3.53498e-05 8 0.024041 0.893333 0
3.53498e-05 8 0.0372759 0.885913 0
3.53498e-05 8 0.0577969 0.875106 0
3.53498e-05 8 0.0896151 0.859901 0
3.53498e-05 8 0.13895 0.839661 0
3.53498e-05 8 0.215443 0.815035 0
3.53498e-05 8 0.334048 0.78944 0
3.53498e-05 8 0.517947 0.770262 0
3.53498e-05 8 0.803086 0.766902 0
3.53498e-05 8 1.2452 0.783423 0
3.53498e-05 8 1.9307 0.813371 0
3.53498e-05 8 2.99358 0.839951 0
3.53498e-05 8 4.64159 0.868142 0
3.53498e-05 8 7.19686 0.906873 0
3.53498e-05 8 11.1588 0.917015 0
3.53498e-05 8 17.302 0.930921 0
3.53498e-05 8 26.827 0.938763 0
3.53498e-05 8 41.5956 0.939877 0
3.53498e-05 8 64.4947 0.941107 0
3.53498e-05 8 100 0.942925 0
3.53498e-05 8 155.052 0.943931 0
3.53498e-05 8 240.41 0.944858 0
3.53498e-05 8 372.759 0.946534 0
3.53498e-05 8 577.969 0.947823 0
3.53498e-05 8 896.151 0.948493 0
3.53498e-05 8 1389.5 0.949645 0
3.53498e-05 8 2154.43 0.951133 0
3.53498e-05 8 3340.48 0.952556 0
3.53498e-05 8 5179.47 0.953798 0
3.53498e-05 8 8030.86 0.954944 0
3.53498e-05 8 12452 0.956338 0
3.53498e-05 8 19307 0.957948 0
3.53498e-05 8 29935.8 0.959619 0
3.53498e-05 8 46415.9 0.961269 0
3.53498e-05 8 71968.6 0.962813 0
3.53498e-05 8 111588 0.964238 0
3.53498e-05 8 173020 0.965631 0
3.53498e-05 8 268270 0.966794 0
3.53498e-05 8 415956 0.967779 0
3.53498e-05 8 644947 0.968637 0
3.53498e-05 8 1e+06 0.969392 0

8.61954e-05 8 1e-06 0.907767 0
8.61954e-05 8 1.55052e-06 0.907767 0
8.61954e-05 8 2.4041e-06 0.907766 0
8.61954e-05 8 3.72759e-06 0.907765 0
8.61954e-05 8 5.77969e-06 0.907764 0
8.61954e-05 8 8.96151e-06 0.907762 0
8.61954e-05 8 1.3895e-05 0.907759 0
8.61954e-05 8 2.15443e-05 0.907754 0
8.61954e-05 8 3.34048e-05 0.907747 0
8.61954e-05 8 5.17947e-05 0.907735 0
8.61954e-05 8 8.03086e-05 0.907717 0
8.61954e-05 8 0.00012452 0.90769 0
8.61954e-05 8 0.00019307 0.907647 0
8.61954e-05 8 0.000299358 0.90758 0
8.61954e-05 8 0.000464159 0.907477 0
8.61954e-05 8 0.000719686 0.907317 0
8.61954e-05 8 0.00111588 0.907069 0
8.61954e-05 8 0.0017302 0.906685 0
8.61954e-05 8 0.0026827 0.906092 0
8.61954e-05 8 0.00415956 0.905177 0
8.61954e-05 8 0.00644947 0.903768 0
8.61954e-05 8 0.01 0.901606 0
8.61954e-05 8 0.0155052 0.898309 0
8.61954e-05 8 0.024041 0.893328 0
8.61954e-05 8 0.0372759 0.885909 0
8.61954e-05 8 0.0577969 0.875102 0
8.61954e-05 8 0.0896151 0.859898 0
8.61954e-05 8 0.13895 0.839658 0
8.61954e-05 8 0.215443 0.815033 0
8.61954e-05 8 0.334048 0.789439 0
8.61954e-05 8 0.517947 0.770262 0
8.61954e-05 8 0.803086 0.766902 0
8.61954e-05 8 1.2452 0.783423 0
8.61954e-05 8 1.9307 0.813371 0
8.61954e-05 8 2.99358 0.839951 0
8.61954e-05 8 4.64159 0.868142 0
8.61954e-05 8 7.19686 0.906873 0
8.61954e-05 8 11.1588 0.917015 0
8.61954e-05 8 17.302 0.930921 0
8.61954e-05 8 26.827 0.938763 0
8.61954e-05 8 41.5956 0.939877 0
8.61954e-05 8 64.4947 0.941107 0
8.61954e-05 8 100 0.942925 0
8.61954e-05 8 155.052 0.943931 0
8.61954e-05 8 240.41 0.944858 0
8.61954e-05 8 372.759 0.946534 0
8.61954e-05 8 577.969 0.947823 0
8.61954e-05 8 896.151 0.948493 0
8.61954e-05 8 1389.5 0.949645 0
8.61954e-05 8 2154.43 0.951133 0
8.61954e-05 8 3340.48 0.952556 0
8.61954e-05 8 5179.47 0.953798 0
8.61954e-05 8 8030.86 0.954944 0
8.61954e-05 8 12452 0.956338 0
8.61954e-05 8 19307 0.957948 0
8.61954e-05 8 29935.8 0.959619 0
8.61954e-05 8 46415.9 0.961269 0
8.61954e-05 8 71968.6 0.962813 0
8.61954e-05 8 111588 0.964238 0
8.61954e-05 8 173020 0.965631 0
8.61954e-05 8 268270 0.966794 0
8.61954e-05 8 415956 0.967779 0
8.61954e-05 8 644947 0.968637 0
8.61954e-05 8 1e+06 0.969392 0

0.000210175 8 1e-06 0.907755 0
0.000210175 8 1.55052e-06 0.907755 0
0.000210175 8 2.4041e-06 0.907754 0
0.000210175 8 3.72759e-06 0.907753 0
0.000210175 8 5.77969e-06 0.907752 0
0.000210175 8 8.96151e-06 0.90775 0
0.000210175 8 1.3895e-05 0.907747 0
0.000210175 8 2.15443e-05 0.907742 0
0.000210175 8 3.34048e-05 0.907735 0
0.000210175 8 5.17947e-05 0.907723 0
0.000210175 8 8.03086e-05 0.907705 0
0.000210175 8 0.00012452 0.907678 0
0.000210175 8 0.00019307 0.907635 0
0.000210175 8 0.000299358 0.907568 0
0.000210175 8 0.000464159 0.907465 0
0.000210175 8 0.000719686 0.907305 0
0.000210175 8 0.00111588 0.907057 0
0.000210175 8 0.0017302 0.906673 0
0.000210175 8 0.0026827 0.90608 0
0.000210175 8 0.00415956 0.905165 0
0.000210175 8 0.00644947 0.903756 0
0.000210175 8 0.01 0.901594 0
0.000210175 8 0.0155052 0.898298 0
0.000210175 8 0.024041 0.893317 0
0.000210175 8 0.0372759 0.885899 0
0.000210175 8 0.0577969 0.875092 0
0.000210175 8 0.0896151 0.859889 0
0.000210175 8 0.13895 0.839652 0
0.000210175 8 0.215443 0.815028 0
0.000210175 8 0.334048 0.789436 0
0.000210175 8 0.517947 0.770261 0
0.000210175 8 0.803086 0.766902 0
0.000210175 8 1.2452 0.783424 0
0.000210175 8 1.9307 0.813372 0
0.000210175 8 2.99358 0.839952 0
0.000210175 8 4.64159 0.868142 0
0.000210175 8 7.19686 0.906873 0
0.000210175 8 11.1588 0.917015 0
0.000210175 8 17.302 0.930921 0
0.000210175 8 26.827 0.938763 0
0.000210175 8 41.5956 0.939877 0
0.000210175 8 64.4947 0.941107 0
0.000210175 8 100 0.942925 0
0.000210175 8 155.052 0.943931 0
0.000210175 8 240.41 0.944858 0
0.000210175 8 372.759 0.946534 0
0.000210175 8 577.969 0.947823 0
0.000210175 8 896.151 0.948493 0
0.000210175 8 1389.5 0.949645 0
0.000210175 8 2154.43 0.951133 0
0.000210175 8 3340.48 0.952556 0
0.000210175 8 5179.47 0.953798 0
0.000210175 8 8030.86 0.954944 0
0.000210175 8 12452 0.956338 0
0.000210175 8 19307 0.957948 0
0.000210175 8 29935.8 0.959619 0
0.000210175 8 46415.9 0.961269 0
0.000210175 8 71968.6 0.962813 0
0.000210175 8 111588 0.964238 0
0.000210175 8 173020 0.965631 0
0.000210175 8 268270 0.966794 0
0.000210175 8 415956 0.967779 0
0.000210175 8 644947 0.968637 0
0.000210175 8 1e+06 0.969392 0

0.000512481 8 1e-06 0.907725 0
0.000512481 8 1.55052e-06 0.907725 0
0.000512481 8 2.4041e-06 0.907725 0
0.000512481 8 3.72759e-06 0.907724 0
0.000512481 8 5.77969e-06 0.907722 0
0.000512481 8 8.96151e-06 0.90772 0
0.000512481 8 1.3895e-05 0.907717 0
0.000512481 8 2.15443e-05 0.907713 0
0.000512481 8 3.34048e-05 0.907705 0
0.000512481 8 5.17947e-05 0.907694 0
0.000512481 8 8.03086e-05 0.907676 0
0.000512481 8 0.00012452 0.907648 0
0.000512481 8 0.00019307 0.907605 0
0.000512481 8 0.000299358 0.907538 0
0.000512481 8 0.000464159 0.907435 0
0.000512481 8 0.000719686 0.907275 0
0.000512481 8 0.00111588 0.907027 0
0.000512481 8 0.0017302 0.906644 0
0.000512481 8 0.0026827 0.906051 0
0.000512481 8 0.00415956 0.905136 0
0.000512481 8 0.00644947 0.903727 0
0.000512481 8 0.01 0.901566 0
0.000512481 8 0.0155052 0.89827 0
0.000512481 8 0.024041 0.89329 0
0.000512481 8 0.0372759 0.885874 0
0.000512481 8 0.0577969 0.875069 0
0.000512481 8 0.0896151 0.859869 0
0.000512481 8 0.13895 0.839635 0
0.000512481 8 0.215443 0.815016 0
0.000512481 8 0.334048 0.78943 0
0.000512481 8 0.517947 0.770259 0
0.000512481 8 0.803086 0.766903 0
0.000512481 8 1.2452 0.783426 0
0.000512481 8 1.9307 0.813373 0
0.000512481 8 2.99358 0.839952 0
0.000512481 8 4.64159 0.868142 0
0.000512481 8 7.19686 0.906873 0
0.000512481 8 11.1588 0.917015 0
0.000512481 8 17.302 0.930921 0
0.000512481 8 26.827 0.938763 0
0.000512481 8 41.5956 0.939877 0
0.000512481 8 64.4947 0.941107 0
0.000512481 8 100 0.942925 0
0.000512481 8 155.052 0.943931 0
0.000512481 8 240.41 0.944858 0
0.000512481 8 372.759 0.946534 0
0.000512481 8 577.969 0.947823 0
0.000512481 8 896.151 0.948493 0
0.000512481 8 1389.5 0.949645 0
0.000512481 8 2154.43 0.951133 0
0.000512481 8 3340.48 0.952556 0
0.000512481 8 5179.47 0.953798 0
0.000512481 8 8030.86 0.954944 0
0.000512481 8 12452 0.956338 0
0.000512481 8 19307 0.957948 0
0.000512481 8 29935.8 0.959619 0
0.000512481 8 46415.9 0.961269 0
0.000512481 8 71968.6 0.962813 0
0.000512481 8 111588 0.964238 0
0.000512481 8 173020 0.965631 0
0.000512481 8 268270 0.966794 0
0.000512481 8 415956 0.967779 0
0.000512481 8 644947 0.968637 0
0.000512481 8 1e+06 0.969392 0

0.00124961 8 1e-06 0.907653 0
0.00124961 8 1.55052e-06 0.907653 0
0.00124961 8 2.4041e-06 0.907653 0
0.00124961 8 3.72759e-06 0.907652 0
0.00124961 8 5.77969e-06 0.90765 0
0.00124961 8 8.96151e-06 0.907648 0
0.00124961 8 1.3895e-05 0.907645 0
0.00124961 8 2.15443e-05 0.907641 0
0.00124961 8 3.34048e-05 0.907633 0
0.00124961 8 5.17947e-05 0.907622 0
0.00124961 8 8.03086e-05 0.907604 0
0.00124961 8 0.00012452 0.907576 0
0.00124961 8 0.00019307 0.907533 0
0.00124961 8 0.000299358 0.907466 0
0.00124961 8 0.000464159 0.907363 0
0.00124961 8 0.000719686 0.907203 0
0.00124961 8 0.00111588 0.906956 0
0.00124961 8 0.0017302 0.906572 0
0.00124961 8 0.0026827 0.90598 0
0.00124961 8 0.00415956 0.905065 0
0.00124961 8 0.00644947 0.903657 0
0.00124961 8 0.01 0.901497 0
0.00124961 8 0.0155052 0.898202 0
0.00124961 8 0.024041 0.893225 0
0.00124961 8 0.0372759 0.885812 0
0.00124961 8 0.0577969 0.875012 0
0.00124961 8 0.0896151 0.85982 0
0.00124961 8 0.13895 0.839595 0
0.00124961 8 0.215443 0.814988 0
0.00124961 8 0.334048 0.789414 0
0.00124961 8 0.517947 0.770254 0
0.00124961 8 0.803086 0.766905 0
0.00124961 8 1.2452 0.78343 0
0.00124961 8 1.9307 0.813377 0
0.00124961 8 2.99358 0.839955 0
0.00124961 8 4.64159 0.868143 0
0.00124961 8 7.19686 0.906873 0
0.00124961 8 11.1588 0.917015 0
0.00124961 8 17.302 0.930921 0
0.00124961 8 26.827 0.938762 0
0.00124961 8 41.5956 0.939877 0
0.00124961 8 64.4947 0.941107 0
0.00124961 8 100 0.942925 0
0.00124961 8 155.052 0.943931 0
0.00124961 8 240.41 0.944858 0
0.00124961 8 372.759 0.946534 0
0.00124961 8 577.969 0.947823 0
0.00124961 8 896.151 0.948493 0
0.00124961 8 1389.5 0.949645 0
0.00124961 8 2154.43 0.951133 0
0.00124961 8 3340.48 0.952556 0
0.00124961 8 5179.47 0.953798 0
0.00124961 8 8030.86 0.954944 0
0.00124961 8 12452 0.956338 0
0.00124961 8 19307 0.957948 0
0.00124961 8 29935.8 0.959619 0
0.00124961 8 46415.9 0.961269 0
0.00124961 8 71968.6 0.962813 0
0.00124961 8 111588 0.964238 0
0.00124961 8 173020 0.965631 0
0.00124961 8 268270 0.966794 0
0.00124961 8 415956 0.967779 0
0.00124961 8 644947 0.968637 0
0.00124961 8 1e+06 0.969392 0

0.00304699 8 1e-06 0.907478 0
0.00304699 8 1.55052e-06 0.907477 0
0.00304699 8 2.4041e-06 0.907477 0
0.00304699 8 3.72759e-06 0.907476 0
0.00304699 8 5.77969e-06 0.907475 0
0.00304699 8 8.96151e-06 0.907473 0
0.00304699 8 1.3895e-05 0.90747 0
0.00304699 8 2.15443e-05 0.907465 0
0.00304699 8 3.34048e-05 0.907457 0
0.00304699 8 5.17947e-05 0.907446 0
0.00304699 8 8.03086e-05 0.907428 0
0.00304699 8 0.00012452 0.9074 0
0.00304699 8 0.00019307 0.907357 0
0.00304699 8 0.000299358 0.907291 0
0.00304699 8 0.000464159 0.907188 0
0.00304699 8 0.000719686 0.907028 0
0.00304699 8 0.00111588 0.906781 0
0.00304699 8 0.0017302 0.906398 0
0.00304699 8 0.0026827 0.905806 0
0.00304699 8 0.00415956 0.904893 0
0.00304699 8 0.00644947 0.903486 0
0.00304699 8 0.01 0.901328 0
0.00304699 8 0.0155052 0.898038 0
0.00304699 8 0.024041 0.893066 0
0.00304699 8 0.0372759 0.885662 0
0.00304699 8 0.0577969 0.874875 0
0.00304699 8 0.0896151 0.8597 0
0.00304699 8 0.13895 0.839498 0
0.00304699 8 0.215443 0.814919 0
0.00304699 8 0.334048 0.789376 0
0.00304699 8 0.517947 0.770241 0
0.00304699 8 0.803086 0.766909 0
0.00304699 8 1.2452 0.783441 0
0.00304699 8 1.9307 0.813386 0
0.00304699 8 2.99358 0.83996 0
0.00304699 8 4.64159 0.868146 0
0.00304699 8 7.19686 0.906874 0
0.00304699 8 11.1588 0.917016 0
0.00304699 8 17.302 0.930921 0
0.00304699 8 26.827 0.938762 0
0.00304699 8 41.5956 0.939877 0
0.00304699 8 64.4947 0.941107 0
0.00304699 8 100 0.942925 0
0.00304699 8 155.052 0.943931 0
0.00304699 8 240.41 0.944858 0
0.00304699 8 372.759 0.946534 0
0.00304699 8 577.969 0.947823 0
0.00304699 8 896.151 0.948493 0
0.00304699 8 1389.5 0.949645 0
0.00304699 8 2154.43 0.951133 0
0.00304699 8 3340.48 0.952556 0
0.00304699 8 5179.47 0.953798 0
0.00304699 8 8030.86 0.954944 0
0.00304699 8 12452 0.956338 0
0.00304699 8 19307 0.957948 0
0.00304699 8 29935.8 0.959619 0
0.00304699 8 46415.9 0.961269 0
0.00304699 8 71968.6 0.962813 0
0.00304699 8 111588 0.964238 0
0.00304699 8 173020 0.965631 0
0.00304699 8 268270 0.966794 0
0.00304699 8 415956 0.967779 0
0.00304699 8 644947 0.968637 0
0.00304699 8 1e+06 0.969392 0

0.00742964 8 1e-06 0.90705 0
0.00742964 8 1.55052e-06 0.907049 0
0.00742964 8 2.4041e-06 0.907049 0
0.00742964 8 3.72759e-06 0.907048 0
0.00742964 8 5.77969e-06 0.907047 0
0.00742964 8 8.96151e-06 0.907045 0
0.00742964 8 1.3895e-05 0.907042 0
0.00742964 8 2.15443e-05 0.907037 0
0.00742964 8 3.34048e-05 0.907029 0
0.00742964 8 5.17947e-05 0.907018 0
0.00742964 8 8.03086e-05 0.907 0
0.00742964 8 0.00012452 0.906972 0
0.00742964 8 0.00019307 0.90693 0
0.00742964 8 0.000299358 0.906863 0
0.00742964 8 0.000464159 0.906761 0
0.00742964 8 0.000719686 0.906601 0
0.00742964 8 0.00111588 0.906355 0
0.00742964 8 0.0017302 0.905973 0
0.00742964 8 0.0026827 0.905383 0
0.00742964 8 0.00415956 0.904472 0
0.00742964 8 0.00644947 0.903069 0
0.00742964 8 0.01 0.900917 0
0.00742964 8 0.0155052 0.897636 0
0.00742964 8 0.024041 0.892679 0
0.00742964 8 0.0372759 0.885295 0
0.00742964 8 0.0577969 0.874539 0
0.00742964 8 0.0896151 0.859407 0
0.00742964 8 0.13895 0.839262 0
0.00742964 8 0.215443 0.814752 0
0.00742964 8 0.334048 0.789282 0
0.00742964 8 0.517947 0.770211 0
0.00742964 8 0.803086 0.76692 0
0.00742964 8 1.2452 0.783466 0
0.00742964 8 1.9307 0.813408 0
0.00742964 8 2.99358 0.839972 0
0.00742964 8 4.64159 0.868152 0
0.00742964 8 7.19686 0.906875 0
0.00742964 8 11.1588 0.917016 0
0.00742964 8 17.302 0.930921 0
0.00742964 8 26.827 0.938762 0
0.00742964 8 41.5956 0.939877 0
0.00742964 8 64.4947 0.941107 0
0.00742964 8 100 0.942925 0
0.00742964 8 155.052 0.943931 0
0.00742964 8 240.41 0.944858 0
0.00742964 8 372.759 0.946534 0
0.00742964 8 577.969 0.947823 0
0.00742964 8 896.151 0.948493 0
0.00742964 8 1389.5 0.949645 0
0.00742964 8 2154.43 0.951133 0
0.00742964 8 3340.48 0.952556 0
0.00742964 8 5179.47 0.953798 0
0.00742964 8 8030.86 0.954944 0
0.00742964 8 12452 0.956338 0
0.00742964 8 19307 0.957948 0
0.00742964 8 29935.8 0.959619 0
0.00742964 8 46415.9 0.961269 0
0.00742964 8 71968.6 0.962813 0
0.00742964 8 111588 0.964238 0
0.00742964 8 173020 0.965631 0
0.00742964 8 268270 0.966794 0
0.00742964 8 415956 0.967779 0
0.00742964 8 644947 0.968637 0
0.00742964 8 1e+06 0.969392 0

0.0181161 8 1e-06 0.906008 0
0.0181161 8 1.55052e-06 0.906008 0
0.0181161 8 2.4041e-06 0.906008 0
0.0181161 8 3.72759e-06 0.906007 0
0.0181161 8 5.77969e-06 0.906005 0
0.0181161 8 8.96151e-06 0.906003 0
0.0181161 8 1.3895e-05 0.906 0
0.0181161 8 2.15443e-05 0.905996 0
0.0181161 8 3.34048e-05 0.905988 0
0.0181161 8 5.17947e-05 0.905977 0
0.0181161 8 8.03086e-05 0.905959 0
0.0181161 8 0.00012452 0.905932 0
0.0181161 8 0.00019307 0.905889 0
0.0181161 8 0.000299358 0.905823 0
0.0181161 8 0.000464159 0.905721 0
0.0181161 8 0.000719686 0.905563 0
0.0181161 8 0.00111588 0.905318 0
0.0181161 8 0.0017302 0.904939 0
0.0181161 8 0.0026827 0.904353 0
0.0181161 8 0.00415956 0.903448 0
0.0181161 8 0.00644947 0.902055 0
0.0181161 8 0.01 0.899919 0
0.0181161 8 0.0155052 0.89666 0
0.0181161 8 0.024041 0.891737 0
0.0181161 8 0.0372759 0.884405 0
0.0181161 8 0.0577969 0.873722 0
0.0181161 8 0.0896151 0.858694 0
0.0181161 8 0.13895 0.838687 0
0.0181161 8 0.215443 0.814344 0
0.0181161 8 0.334048 0.789053 0
0.0181161 8 0.517947 0.770137 0
0.0181161 8 0.803086 0.766946 0
0.0181161 8 1.2452 0.783529 0
0.0181161 8 1.9307 0.81346 0
0.0181161 8 2.99358 0.840003 0
0.0181161 8 4.64159 0.868168 0
0.0181161 8 7.19686 0.906877 0
0.0181161 8 11.1588 0.917016 0
0.0181161 8 17.302 0.930919 0
0.0181161 8 26.827 0.938761 0
0.0181161 8 41.5956 0.939876 0
0.0181161 8 64.4947 0.941106 0
0.0181161 8 100 0.942925 0
0.0181161 8 155.052 0.943931 0
0.0181161 8 240.41 0.944858 0
0.0181161 8 372.759 0.946534 0
0.0181161 8 577.969 0.947823 0
0.0181161 8 896.151 0.948493 0
0.0181161 8 1389.5 0.949645 0
0.0181161 8 2154.43 0.951133 0
0.0181161 8 3340.48 0.952556 0
0.0181161 8 5179.47 0.953798 0
0.0181161 8 8030.86 0.954944 0
0.0181161 8 12452 0.956338 0
0.0181161 8 19307 0.957948 0
0.0181161 8 29935.8 0.959619 0
0.0181161 8 46415.9 0.961269 0
0.0181161 8 71968.6 0.962813 0
0.0181161 8 111588 0.964238 0
0.0181161 8 173020 0.965631 0
0.0181161 8 268270 0.966794 0
0.0181161 8 415956 0.967779 0
0.0181161 8 644947 0.968637 0
0.0181161 8 1e+06 0.969392 0

0.0441734 8 1e-06 0.903489 0
0.0441734 8 1.55052e-06 0.903489 0
0.0441734 8 2.4041e-06 0.903488 0
0.0441734 8 3.72759e-06 0.903487 0
0.0441734 8 5.77969e-06 0.903486 0
0.0441734 8 8.96151e-06 0.903484 0
0.0441734 8 1.3895e-05 0.903481 0
0.0441734 8 2.15443e-05 0.903477 0
0.0441734 8 3.34048e-05 0.903469 0
0.0441734 8 5.17947e-05 0.903458 0
0.0441734 8 8.03086e-05 0.903441 0
0.0441734 8 0.00012452 0.903414 0
0.0441734 8 0.00019307 0.903372 0
0.0441734 8 0.000299358 0.903307 0
0.0441734 8 0.000464159 0.903207 0
0.0441734 8 0.000719686 0.903051 0
0.0441734 8 0.00111588 0.902811 0
0.0441734 8 0.0017302 0.902438 0
0.0441734 8 0.0026827 0.901862 0
0.0441734 8 0.00415956 0.900972 0
0.0441734 8 0.00644947 0.899603 0
0.0441734 8 0.01 0.897502 0
0.0441734 8 0.0155052 0.894299 0
0.0441734 8 0.024041 0.889458 0
0.0441734 8 0.0372759 0.882249 0
0.0441734 8 0.0577969 0.871745 0
0.0441734 8 0.0896151 0.856967 0
0.0441734 8 0.13895 0.837293 0
0.0441734 8 0.215443 0.813356 0
0.0441734 8 0.334048 0.788497 0
0.0441734 8 0.517947 0.769959 0
0.0441734 8 0.803086 0.767009 0
0.0441734 8 1.2452 0.783683 0
0.0441734 8 1.9307 0.813589 0
0.0441734 8 2.99358 0.840077 0
0.0441734 8 4.64159 0.868205 0
0.0441734 8 7.19686 0.906883 0
0.0441734 8 11.1588 0.917018 0
0.0441734 8 17.302 0.930917 0
0.0441734 8 26.827 0.938758 0
0.0441734 8 41.5956 0.939874 0
0.0441734 8 64.4947 0.941105 0
0.0441734 8 100 0.942924 0
0.0441734 8 155.052 0.94393 0
0.0441734 8 240.41 0.944858 0
0.0441734 8 372.759 0.946534 0
0.0441734 8 577.969 0.947823 0
0.0441734 8 896.151 0.948493 0
0.0441734 8 1389.5 0.949645 0
0.0441734 8 2154.43 0.951133 0
0.0441734 8 3340.48 0.952556 0
0.0441734 8 5179.47 0.953798 0
0.0441734 8 8030.86 0.954944 0
0.0441734 8 12452 0.956338 0
0.0441734 8 19307 0.957948 0
0.0441734 8 29935.8 0.959619 0
0.0441734 8 46415.9 0.961269 0
0.0441734 8 71968.6 0.962813 0
0.0441734 8 111588 0.964238 0
0.0441734 8 173020 0.965631 0
0.0441734 8 268270 0.966794 0
0.0441734 8 415956 0.967779 0
0.0441734 8 644947 0.968637 0
0.0441734 8 1e+06 0.969392 0

0.107711 8 1e-06 0.897423 0
0.107711 8 1.55052e-06 0.897423 0
0.107711 8 2.4041e-06 0.897422 0
0.107711 8 3.72759e-06 0.897421 0
0.107711 8 5.77969e-06 0.89742 0
0.107711 8 8.96151e-06 0.897418 0
0.107711 8 1.3895e-05 0.897416 0
0.107711 8 2.15443e-05 0.897411 0
0.107711 8 3.34048e-05 0.897404 0
0.107711 8 5.17947e-05 0.897393 0
0.107711 8 8.03086e-05 0.897377 0
0.107711 8 0.00012452 0.897351 0
0.107711 8 0.00019307 0.897311 0
0.107711 8 0.000299358 0.897249 0
0.107711 8 0.000464159 0.897152 0
0.107711 8 0.000719686 0.897003 0
0.107711 8 0.00111588 0.896772 0
0.107711 8 0.0017302 0.896415 0
0.107711 8 0.0026827 0.895862 0
0.107711 8 0.00415956 0.895009 0
0.107711 8 0.00644947 0.893696 0
0.107711 8 0.01 0.891681 0
0.107711 8 0.0155052 0.888609 0
0.107711 8 0.024041 0.883966 0
0.107711 8 0.0372759 0.877051 0
0.107711 8 0.0577969 0.866975 0
0.107711 8 0.0896151 0.852798 0
0.107711 8 0.13895 0.833922 0
0.107711 8 0.215443 0.81096 0
0.107711 8 0.334048 0.787145 0
0.107711 8 0.517947 0.769521 0
0.107711 8 0.803086 0.767161 0
0.107711 8 1.2452 0.784056 0
0.107711 8 1.9307 0.813902 0
0.107711 8 2.99358 0.840259 0
0.107711 8 4.64159 0.868296 0
0.107711 8 7.19686 0.906898 0
0.107711 8 11.1588 0.917021 0
0.107711 8 17.302 0.93091 0
0.107711 8 26.827 0.938751 0
0.107711 8 41.5956 0.93987 0
0.107711 8 64.4947 0.941103 0
0.107711 8 100 0.942922 0
0.107711 8 155.052 0.943929 0
0.107711 8 240.41 0.944857 0
0.107711 8 372.759 0.946534 0
0.107711 8 577.969 0.947822 0
0.107711 8 896.151 0.948493 0
0.107711 8 1389.5 0.949645 0
0.107711 8 2154.43 0.951133 0
0.107711 8 3340.48 0.952556 0
0.107711 8 5179.47 0.953798 0
0.107711 8 8030.86 0.954944 0
0.107711 8 12452 0.956338 0
0.107711 8 19307 0.957948 0
0.107711 8 29935.8 0.959619 0
0.107711 8 46415.9 0.961269 0
0.107711 8 71968.6 0.962813 0
0.107711 8 111588 0.964238 0
0.107711 8 173020 0.965631 0
0.107711 8 268270 0.966794 0
0.107711 8 415956 0.967779 0
0.107711 8 644947 0.968637 0
0.107711 8 1e+06 0.969392 0

0.262636 8 1e-06 0.883229 0
0.262636 8 1.55052e-06 0.883229 0
0.262636 8 2.4041e-06 0.883228 0
0.262636 8 3.72759e-06 0.883228 0
0.262636 8 5.77969e-06 0.883226 0
0.262636 8 8.96151e-06 0.883225 0
0.262636 8 1.3895e-05 0.883222 0
0.262636 8 2.15443e-05 0.883218 0
0.262636 8 3.34048e-05 0.883212 0
0.262636 8 5.17947e-05 0.883202 0
0.262636 8 8.03086e-05 0.883187 0
0.262636 8 0.00012452 0.883164 0
0.262636 8 0.00019307 0.883128 0
0.262636 8 0.000299358 0.883072 0
0.262636 8 0.000464159 0.882985 0
0.262636 8 0.000719686 0.882851 0
0.262636 8 0.00111588 0.882642 0
0.262636 8 0.0017302 0.88232 0
0.262636 8 0.0026827 0.881822 0
0.262636 8 0.00415956 0.881053 0
0.262636 8 0.00644947 0.879869 0
0.262636 8 0.01 0.878053 0
0.262636 8 0.0155052 0.875284 0
0.262636 8 0.024041 0.871099 0
0.262636 8 0.0372759 0.864864 0
0.262636 8 0.0577969 0.85578 0
0.262636 8 0.0896151 0.842996 0
0.262636 8 0.13895 0.825977 0
0.262636 8 0.215443 0.805292 0
0.262636 8 0.334048 0.783931 0
0.262636 8 0.517947 0.768476 0
0.262636 8 0.803086 0.767534 0
0.262636 8 1.2452 0.784963 0
0.262636 8 1.9307 0.814661 0
0.262636 8 2.99358 0.840698 0
0.262636 8 4.64159 0.868516 0
0.262636 8 7.19686 0.906934 0
0.262636 8 11.1588 0.91703 0
0.262636 8 17.302 0.930895 0
0.262636 8 26.827 0.938735 0
0.262636 8 41.5956 0.93986 0
0.262636 8 64.4947 0.941097 0
0.262636 8 100 0.942919 0
0.262636 8 155.052 0.943927 0
0.262636 8 240.41 0.944856 0
0.262636 8 372.759 0.946533 0
0.262636 8 577.969 0.947822 0
0.262636 8 896.151 0.948492 0
0.262636 8 1389.5 0.949645 0
0.262636 8 2154.43 0.951133 0
0.262636 8 3340.48 0.952556 0
0.262636 8 5179.47 0.953798 0
0.262636 8 8030.86 0.954944 0
0.262636 8 12452 0.956338 0
0.262636 8 19307 0.957948 0
0.262636 8 29935.8 0.959619 0
0.262636 8 46415.9 0.961269 0
0.262636 8 71968.6 0.962813 0
0.262636 8 111588 0.964238 0
0.262636 8 173020 0.965631 0
0.262636 8 268270 0.966794 0
0.262636 8 415956 0.967779 0
0.262636 8 644947 0.968637 0
0.262636 8 1e+06 0.969392 0

0.6404 8 1e-06 0.852401 0
0.6404 8 1.55052e-06 0.8524 0
0.6404 8 2.4041e-06 0.8524 0
0.6404 8 3.72759e-06 0.852399 0
0.6404 8 5.77969e-06 0.852399 0
0.6404 8 8.96151e-06 0.852397 0
0.6404 8 1.3895e-05 0.852395 0
0.6404 8 2.15443e-05 0.852392 0
0.6404 8 3.34048e-05 0.852387 0
0.6404 8 5.17947e-05 0.85238 0
0.6404 8 8.03086e-05 0.852368 0
0.6404 8 0.00012452 0.852351 0
0.6404 8 0.00019307 0.852323 0
0.6404 8 0.000299358 0.85228 0
0.6404 8 0.000464159 0.852213 0
0.6404 8 0.000719686 0.85211 0
0.6404 8 0.00111588 0.851951 0
0.6404 8 0.0017302 0.851704 0
0.6404 8 0.0026827 0.851322 0
0.6404 8 0.00415956 0.850732 0
0.6404 8 0.00644947 0.849824 0
0.6404 8 0.01 0.848431 0
0.6404 8 0.0155052 0.846307 0
0.6404 8 0.024041 0.843098 0
0.6404 8 0.0372759 0.838319 0
0.6404 8 0.0577969 0.831357 0
0.6404 8 0.0896151 0.821568 0
0.6404 8 0.13895 0.80856 0
0.6404 8 0.215443 0.792827 0
0.6404 8 0.334048 0.776865 0
0.6404 8 0.517947 0.766253 0
0.6404 8 0.803086 0.76853 0
0.6404 8 1.2452 0.787173 0
0.6404 8 1.9307 0.81649 0
0.6404 8 2.99358 0.841754 0
0.6404 8 4.64159 0.869045 0
0.6404 8 7.19686 0.907022 0
0.6404 8 11.1588 0.917051 0
0.6404 8 17.302 0.930857 0
0.6404 8 26.827 0.938695 0
0.6404 8 41.5956 0.939837 0
0.6404 8 64.4947 0.941083 0
0.6404 8 100 0.94291 0
0.6404 8 155.052 0.943922 0
0.6404 8 240.41 0.944853 0
0.6404 8 372.759 0.946531 0
0.6404 8 577.969 0.947821 0
0.6404 8 896.151 0.948492 0
0.6404 8 1389.5 0.949645 0
0.6404 8 2154.43 0.951132 0
0.6404 8 3340.48 0.952556 0
0.6404 8 5179.47 0.953798 0
0.6404 8 8030.86 0.954944 0
0.6404 8 12452 0.956338 0
0.6404 8 19307 0.957948 0
0.6404 8 29935.8 0.959619 0
0.6404 8 46415.9 0.961269 0
0.6404 8 71968.6 0.962813 0
0.6404 8 111588 0.964238 0
0.6404 8 173020 0.965631 0
0.6404 8 268270 0.966794 0
0.6404 8 415956 0.967779 0
0.6404 8 644947 0.968637 0
0.6404 8 1e+06 0.969392 0

1.56152 8 1e-06 0.799289 0
1.56152 8 1.55052e-06 0.799289 0
1.56152 8 2.4041e-06 0.799288 0
1.56152 8 3.72759e-06 0.799288 0
1.56152 8 5.77969e-06 0.799288 0
1.56152 8 8.96151e-06 0.799287 0
1.56152 8 1.3895e-05 0.799286 0
1.56152 8 2.15443e-05 0.799285 0
1.56152 8 3.34048e-05 0.799282 0
1.56152 8 5.17947e-05 0.799279 0
1.56152 8 8.03086e-05 0.799274 0
1.56152 8 0.00012452 0.799265 0
1.56152 8 0.00019307 0.799252 0
1.56152 8 0.000299358 0.799232 0
1.56152 8 0.000464159 0.7992 0
1.56152 8 0.000719686 0.799151 0
1.56152 8 0.00111588 0.799075 0
1.56152 8 0.0017302 0.798958 0
1.56152 8 0.0026827 0.798777 0
1.56152 8 0.00415956 0.798498 0
1.56152 8 0.00644947 0.798067 0
1.56152 8 0.01 0.797408 0
1.56152 8 0.0155052 0.796403 0
1.56152 8 0.024041 0.794888 0
1.56152 8 0.0372759 0.792638 0
1.56152 8 0.0577969 0.789375 0
1.56152 8 0.0896151 0.784821 0
1.56152 8 0.13895 0.778862 0
1.56152 8 0.215443 0.771906 0
1.56152 8 0.334048 0.765613 0
1.56152 8 0.517947 0.763788 0
1.56152 8 0.803086 0.771933 0
1.56152 8 1.2452 0.792613 0
1.56152 8 1.9307 0.820799 0
1.56152 8 2.99358 0.844245 0
1.56152 8 4.64159 0.870298 0
1.56152 8 7.19686 0.907244 0
1.56152 8 11.1588 0.917113 0
1.56152 8 17.302 0.930775 0
1.56152 8 26.827 0.938605 0
1.56152 8 41.5956 0.939781 0
1.56152 8 64.4947 0.94105 0
1.56152 8 100 0.942889 0
1.56152 8 155.052 0.943909 0
1.56152 8 240.41 0.944845 0
1.56152 8 372.759 0.946526 0
1.56152 8 577.969 0.947818 0
1.56152 8 896.151 0.94849 0
1.56152 8 1389.5 0.949643 0
1.56152 8 2154.43 0.951132 0
1.56152 8 3340.48 0.952556 0
1.56152 8 5179.47 0.953798 0
1.56152 8 8030.86 0.954944 0
1.56152 8 12452 0.956337 0
1.56152 8 19307 0.957948 0
1.56152 8 29935.8 0.959619 0
1.56152 8 46415.9 0.961269 0
1.56152 8 71968.6 0.962813 0
1.56152 8 111588 0.964238 0
1.56152 8 173020 0.965631 0
1.56152 8 268270 0.966794 0
1.56152 8 415956 0.967779 0
1.56152 8 644947 0.968637 0
1.56152 8 1e+06 0.969392 0

3.80755 8 1e-06 0.757762 0
3.80755 8 1.55052e-06 0.757762 0
3.80755 8 2.4041e-06 0.757762 0
3.80755 8 3.72759e-06 0.757762 0
3.80755 8 5.77969e-06 0.757762 0
3.80755 8 8.96151e-06 0.757762 0
3.80755 8 1.3895e-05 0.757762 0
3.80755 8 2.15443e-05 0.757762 0
3.80755 8 3.34048e-05 0.757763 0
3.80755 8 5.17947e-05 0.757763 0
3.80755 8 8.03086e-05 0.757764 0
3.80755 8 0.00012452 0.757764 0
3.80755 8 0.00019307 0.757766 0
3.80755 8 0.000299358 0.757768 0
3.80755 8 0.000464159 0.757771 0
3.80755 8 0.000719686 0.757776 0
3.80755 8 0.00111588 0.757784 0
3.80755 8 0.0017302 0.757796 0
3.80755 8 0.0026827 0.757814 0
3.80755 8 0.00415956 0.757843 0
3.80755 8 0.00644947 0.757888 0
3.80755 8 0.01 0.757958 0
3.80755 8 0.0155052 0.758066 0
3.80755 8 0.024041 0.758234 0
3.80755 8 0.0372759 0.758496 0
3.80755 8 0.0577969 0.758905 0
3.80755 8 0.0896151 0.759545 0
3.80755 8 0.13895 0.760564 0
3.80755 8 0.215443 0.762257 0
3.80755 8 0.334048 0.765376 0
3.80755 8 0.517947 0.771801 0
3.80755 8 0.803086 0.784761 0
3.80755 8 1.2452 0.805706 0
3.80755 8 1.9307 0.830304 0
3.80755 8 2.99358 0.849844 0
3.80755 8 4.64159 0.873199 0
3.80755 8 7.19686 0.907847 0
3.80755 8 11.1588 0.917327 0
3.80755 8 17.302 0.930627 0
3.80755 8 26.827 0.938419 0
3.80755 8 41.5956 0.939668 0
3.80755 8 64.4947 0.940982 0
3.80755 8 100 0.942845 0
3.80755 8 155.052 0.943883 0
3.80755 8 240.41 0.944829 0
3.80755 8 372.759 0.946516 0
3.80755 8 577.969 0.947811 0
3.80755 8 896.151 0.948486 0
3.80755 8 1389.5 0.949641 0
3.80755 8 2154.43 0.95113 0
3.80755 8 3340.48 0.952555 0
3.80755 8 5179.47 0.953798 0
3.80755 8 8030.86 0.954944 0
3.80755 8 12452 0.956337 0
3.80755 8 19307 0.957948 0
3.80755 8 29935.8 0.959619 0
3.80755 8 46415.9 0.961269 0
3.80755 8 71968.6 0.962813 0
3.80755 8 111588 0.964238 0
3.80755 8 173020 0.965631 0
3.80755 8 268270 0.966794 0
3.80755 8 415956 0.967779 0
3.80755 8 644947 0.968637 0
3.80755 8 1e+06 0.969392 0

9.28415 8 1e-06 0.788271 0
9.28415 8 1.55052e-06 0.788271 0
9.28415 8 2.4041e-06 0.788271 0
9.28415 8 3.72759e-06 0.788271 0
9.28415 8 5.77969e-06 0.788271 0
9.28415 8 8.96151e-06 0.788271 0
9.28415 8 1.3895e-05 0.788272 0
9.28415 8 2.15443e-05 0.788272 0
9.28415 8 3.34048e-05 0.788273 0
9.28415 8 5.17947e-05 0.788274 0
9.28415 8 8.03086e-05 0.788275 0
9.28415 8 0.00012452 0.788278 0
9.28415 8 0.00019307 0.788281 0
9.28415 8 0.000299358 0.788287 0
9.28415 8 0.000464159 0.788296 0
9.28415 8 0.000719686 0.78831 0
9.28415 8 0.00111588 0.788332 0
9.28415 8 0.0017302 0.788365 0
9.28415 8 0.0026827 0.788416 0
9.28415 8 0.00415956 0.788496 0
9.28415 8 0.00644947 0.788618 0
9.28415 8 0.01 0.788806 0
9.28415 8 0.0155052 0.789094 0
9.28415 8 0.024041 0.789529 0
9.28415 8 0.0372759 0.790182 0
9.28415 8 0.0577969 0.79114 0
9.28415 8 0.0896151 0.792511 0
9.28415 8 0.13895 0.794402 0
9.28415 8 0.215443 0.796927 0
9.28415 8 0.334048 0.800385 0
9.28415 8 0.517947 0.805839 0
9.28415 8 0.803086 0.81559 0
9.28415 8 1.2452 0.83075 0
9.28415 8 1.9307 0.847759 0
9.28415 8 2.99358 0.860929 0
9.28415 8 4.64159 0.879431 0
9.28415 8 7.19686 0.909506 0
9.28415 8 11.1588 0.918085 0
9.28415 8 17.302 0.930488 0
9.28415 8 26.827 0.938113 0
9.28415 8 41.5956 0.939478 0
9.28415 8 64.4947 0.940869 0
9.28415 8 100 0.942771 0
9.28415 8 155.052 0.943838 0
9.28415 8 240.41 0.944803 0
9.28415 8 372.759 0.946499 0
9.28415 8 577.969 0.947801 0
9.28415 8 896.151 0.94848 0
9.28415 8 1389.5 0.949638 0
9.28415 8 2154.43 0.951128 0
9.28415 8 3340.48 0.952554 0
9.28415 8 5179.47 0.953797 0
9.28415 8 8030.86 0.954944 0
9.28415 8 12452 0.956337 0
9.28415 8 19307 0.957948 0
9.28415 8 29935.8 0.959619 0
9.28415 8 46415.9 0.961269 0
9.28415 8 71968.6 0.962813 0
9.28415 8 111588 0.964238 0
9.28415 8 173020 0.965631 0
9.28415 8 268270 0.966794 0
9.28415 8 415956 0.967779 0
9.28415 8 644947 0.968637 0
9.28415 8 1e+06 0.969392 0

22.638 8 1e-06 0.841913 0
22.638 8 1.55052e-06 0.841913 0
22.638 8 2.4041e-06 0.841913 0
22.638 8 3.72759e-06 0.841913 0
22.638 8 5.77969e-06 0.841913 0
22.638 8 8.96151e-06 0.841913 0
22.638 8 1.3895e-05 0.841913 0
22.638 8 2.15443e-05 0.841914 0
22.638 8 3.34048e-05 0.841914 0
22.638 8 5.17947e-05 0.841914 0
22.638 8 8.03086e-05 0.841915 0
22.638 8 0.00012452 0.841916 0
22.638 8 0.00019307 0.841918 0
22.638 8 0.000299358 0.841921 0
22.638 8 0.000464159 0.841925 0
22.638 8 0.000719686 0.841931 0
22.638 8 0.00111588 0.841941 0
22.638 8 0.0017302 0.841956 0
22.638 8 0.0026827 0.84198 0
22.638 8 0.00415956 0.842016 0
22.638 8 0.00644947 0.842072 0
22.638 8 0.01 0.842158 0
22.638 8 0.0155052 0.842288 0
22.638 8 0.024041 0.842483 0
22.638 8 0.0372759 0.842771 0
22.638 8 0.0577969 0.843185 0
22.638 8 0.0896151 0.843753 0
22.638 8 0.13895 0.844491 0
22.638 8 0.215443 0.845401 0
22.638 8 0.334048 0.846604 0
22.638 8 0.517947 0.848793 0
22.638 8 0.803086 0.853618 0
22.638 8 1.2452 0.861975 0
22.638 8 1.9307 0.871418 0
22.638 8 2.99358 0.878304 0
22.638 8 4.64159 0.890643 0
22.638 8 7.19686 0.913383 0
22.638 8 11.1588 0.920255 0
22.638 8 17.302 0.930716 0
22.638 8 26.827 0.937783 0
22.638 8 41.5956 0.939263 0
22.638 8 64.4947 0.94074 0
22.638 8 100 0.942678 0
22.638 8 155.052 0.943781 0
22.638 8 240.41 0.94477 0
22.638 8 372.759 0.946477 0
22.638 8 577.969 0.947786 0
22.638 8 896.151 0.948472 0
22.638 8 1389.5 0.949633 0
22.638 8 2154.43 0.951126 0
22.638 8 3340.48 0.952552 0
22.638 8 5179.47 0.953797 0
22.638 8 8030.86 0.954944 0
22.638 8 12452 0.956337 0
22.638 8 19307 0.957948 0
22.638 8 29935.8 0.959619 0
22.638 8 46415.9 0.96127 0
22.638 8 71968.6 0.962813 0
22.638 8 111588 0.964238 0
22.638 8 173020 0.965631 0
22.638 8 268270 0.966794 0
22.638 8 415956 0.967779 0
22.638 8 644947 0.968637 0
22.638 8 1e+06 0.969392 0

55.1995 8 1e-06 0.882641 0
55.1995 8 1.55052e-06 0.882641 0
55.1995 8 2.4041e-06 0.882641 0
55.1995 8 3.72759e-06 0.882641 0
55.1995 8 5.77969e-06 0.882641 0
55.1995 8 8.96151e-06 0.882641 0
55.1995 8 1.3895e-05 0.882641 0
55.1995 8 2.15443e-05 0.882642 0
55.1995 8 3.34048e-05 0.882642 0
55.1995 8 5.17947e-05 0.882642 0
55.1995 8 8.03086e-05 0.882642 0
55.1995 8 0.00012452 0.882643 0
55.1995 8 0.00019307 0.882643 0
55.1995 8 0.000299358 0.882645 0
55.1995 8 0.000464159 0.882647 0
55.1995 8 0.000719686 0.882649 0
55.1995 8 0.00111588 0.882654 0
55.1995 8 0.0017302 0.882661 0
55.1995 8 0.0026827 0.882671 0
55.1995 8 0.00415956 0.882688 0
55.1995 8 0.00644947 0.882713 0
55.1995 8 0.01 0.882751 0
55.1995 8 0.0155052 0.882809 0
55.1995 8 0.024041 0.882895 0
55.1995 8 0.0372759 0.883021 0
55.1995 8 0.0577969 0.883197 0
55.1995 8 0.0896151 0.883431 0
55.1995 8 0.13895 0.883716 0
55.1995 8 0.215443 0.884033 0
55.1995 8 0.334048 0.884429 0
55.1995 8 0.517947 0.885279 0
55.1995 8 0.803086 0.887529 0
55.1995 8 1.2452 0.891711 0
55.1995 8 1.9307 0.896368 0
55.1995 8 2.99358 0.899258 0
55.1995 8 4.64159 0.906035 0
55.1995 8 7.19686 0.920078 0
55.1995 8 11.1588 0.924611 0
55.1995 8 17.302 0.931945 0
55.1995 8 26.827 0.937733 0
55.1995 8 41.5956 0.939203 0
55.1995 8 64.4947 0.940701 0
55.1995 8 100 0.94262 0
55.1995 8 155.052 0.943746 0
55.1995 8 240.41 0.944753 0
55.1995 8 372.759 0.94646 0
55.1995 8 577.969 0.947774 0
55.1995 8 896.151 0.948468 0
55.1995 8 1389.5 0.949631 0
55.1995 8 2154.43 0.951125 0
55.1995 8 3340.48 0.952552 0
55.1995 8 5179.47 0.953797 0
55.1995 8 8030.86 0.954944 0
55.1995 8 12452 0.956338 0
55.1995 8 19307 0.957949 0
55.1995 8 29935.8 0.95962 0
55.1995 8 46415.9 0.96127 0
55.1995 8 71968.6 0.962813 0
55.1995 8 111588 0.964238 0
55.1995 8 173020 0.965631 0
55.1995 8 268270 0.966794 0
55.1995 8 415956 0.967779 0
55.1995 8 644947 0.968637 0
55.1995 8 1e+06 0.969392 0

134.596 8 1e-06 0.911271 0
134.596 8 1.55052e-06 0.911271 0
134.596 8 2.4041e-06 0.911271 0
134.596 8 3.72759e-06 0.911271 0
134.596 8 5.77969e-06 0.911271 0
134.596 8 8.96151e-06 0.911271 0
134.596 8 1.3895e-05 0.911271 0
134.596 8 2.15443e-05 0.911271 0
134.596 8 3.34048e-05 0.911271 0
134.596 8 5.17947e-05 0.911271 0
134.596 8 8.03086e-05 0.911271 0
134.596 8 0.00012452 0.911271 0
134.596 8 0.00019307 0.911271 0
134.596 8 0.000299358 0.911272 0
134.596 8 0.000464159 0.911273 0
134.596 8 0.000719686 0.911274 0
134.596 8 0.00111588 0.911276 0
134.596 8 0.0017302 0.911279 0
134.596 8 0.0026827 0.911283 0
134.596 8 0.00415956 0.91129 0
134.596 8 0.00644947 0.9113 0
134.596 8 0.01 0.911316 0
134.596 8 0.0155052 0.91134 0
134.596 8 0.024041 0.911375 0
134.596 8 0.0372759 0.911426 0
134.596 8 0.0577969 0.911496 0
134.596 8 0.0896151 0.911586 0
134.596 8 0.13895 0.91169 0
134.596 8 0.215443 0.911793 0
134.596 8 0.334048 0.911911 0
134.596 8 0.517947 0.912214 0
134.596 8 0.803086 0.913151 0
134.596 8 1.2452 0.914976 0
134.596 8 1.9307 0.91696 0
134.596 8 2.99358 0.917918 0
134.596 8 4.64159 0.920967 0
134.596 8 7.19686 0.928005 0
134.596 8 11.1588 0.930399 0
134.596 8 17.302 0.934489 0
134.596 8 26.827 0.938379 0
134.596 8 41.5956 0.9396 0
134.596 8 64.4947 0.94095 0
134.596 8 100 0.942705 0
134.596 8 155.052 0.943797 0
134.596 8 240.41 0.944795 0
134.596 8 372.759 0.946472 0
134.596 8 577.969 0.947775 0
134.596 8 896.151 0.948475 0
134.596 8 1389.5 0.949638 0
134.596 8 2154.43 0.951129 0
134.596 8 3340.48 0.952556 0
134.596 8 5179.47 0.953801 0
134.596 8 8030.86 0.954948 0
134.596 8 12452 0.956341 0
134.596 8 19307 0.957951 0
134.596 8 29935.8 0.959621 0
134.596 8 46415.9 0.961271 0
134.596 8 71968.6 0.962814 0
134.596 8 111588 0.964238 0
134.596 8 173020 0.965631 0
134.596 8 268270 0.966794 0
134.596 8 415956 0.967779 0
134.596 8 644947 0.968637 0
134.596 8 1e+06 0.969392 0

328.193 8 1e-06 0.927362 0
328.193 8 1.55052e-06 0.927362 0
328.193 8 2.4041e-06 0.927362 0
328.193 8 3.72759e-06 0.927362 0
328.193 8 5.77969e-06 0.927362 0
328.193 8 8.96151e-06 0.927362 0
328.193 8 1.3895e-05 0.927362 0
328.193 8 2.15443e-05 0.927362 0
328.193 8 3.34048e-05 0.927362 0
328.193 8 5.17947e-05 0.927362 0
328.193 8 8.03086e-05 0.927362 0
328.193 8 0.00012452 0.927362 0
328.193 8 0.00019307 0.927362 0
328.193 8 0.000299358 0.927362 0
328.193 8 0.000464159 0.927362 0
328.193 8 0.000719686 0.927363 0
328.193 8 0.00111588 0.927364 0
328.193 8 0.0017302 0.927365 0
328.193 8 0.0026827 0.927367 0
328.193 8 0.00415956 0.927369 0
328.193 8 0.00644947 0.927374 0
328.193 8 0.01 0.92738 0
328.193 8 0.0155052 0.927389 0
328.193 8 0.024041 0.927404 0
328.193 8 0.0372759 0.927424 0
328.193 8 0.0577969 0.927451 0
328.193 8 0.0896151 0.927486 0
328.193 8 0.13895 0.927524 0
328.193 8 0.215443 0.927558 0
328.193 8 0.334048 0.927594 0
328.193 8 0.517947 0.927703 0
328.193 8 0.803086 0.928081 0
328.193 8 1.2452 0.928838 0
328.193 8 1.9307 0.929647 0
328.193 8 2.99358 0.929954 0
328.193 8 4.64159 0.931233 0
328.193 8 7.19686 0.934403 0
328.193 8 11.1588 0.935532 0
328.193 8 17.302 0.937509 0
328.193 8 26.827 0.939701 0
328.193 8 41.5956 0.940572 0
328.193 8 64.4947 0.941626 0
328.193 8 100 0.943043 0
328.193 8 155.052 0.944015 0
328.193 8 240.41 0.944956 0
328.193 8 372.759 0.946544 0
328.193 8 577.969 0.947807 0
328.193 8 896.151 0.948508 0
328.193 8 1389.5 0.949664 0
328.193 8 2154.43 0.951147 0
328.193 8 3340.48 0.95257 0
328.193 8 5179.47 0.953812 0
328.193 8 8030.86 0.954957 0
328.193 8 12452 0.956348 0
328.193 8 19307 0.957956 0
328.193 8 29935.8 0.959625 0
328.193 8 46415.9 0.961273 0
328.193 8 71968.6 0.962816 0
328.193 8 111588 0.964239 0
328.193 8 173020 0.965632 0
328.193 8 268270 0.966794 0
328.193 8 415956 0.967779 0
328.193 8 644947 0.968637 0
328.193 8 1e+06 0.969392 0

800.25 8 1e-06 0.936523 0
800.25 8 1.55052e-06 0.936523 0
800.25 8 2.4041e-06 0.936523 0
800.25 8 3.72759e-06 0.936523 0
800.25 8 5.77969e-06 0.936523 0
800.25 8 8.96151e-06 0.936523 0
800.25 8 1.3895e-05 0.936523 0
800.25 8 2.15443e-05 0.936523 0
800.25 8 3.34048e-05 0.936523 0
800.25 8 5.17947e-05 0.936523 0
800.25 8 8.03086e-05 0.936523 0
800.25 8 0.00012452 0.936523 0
800.25 8 0.00019307 0.936523 0
800.25 8 0.000299358 0.936523 0
800.25 8 0.000464159 0.936523 0
800.25 8 0.000719686 0.936523 0
800.25 8 0.00111588 0.936524 0
800.25 8 0.0017302 0.936524 0
800.25 8 0.0026827 0.936525 0
800.25 8 0.00415956 0.936526 0
800.25 8 0.00644947 0.936528 0
800.25 8 0.01 0.93653 0
800.25 8 0.0155052 0.936534 0
800.25 8 0.024041 0.93654 0
800.25 8 0.0372759 0.936548 0
800.25 8 0.0577969 0.936559 0
800.25 8 0.0896151 0.936573 0
800.25 8 0.13895 0.936588 0
800.25 8 0.215443 0.9366 0
800.25 8 0.334048 0.936612 0
800.25 8 0.517947 0.936654 0
800.25 8 0.803086 0.936808 0
800.25 8 1.2452 0.937122 0
800.25 8 1.9307 0.937454 0
800.25 8 2.99358 0.937561 0
800.25 8 4.64159 0.93809 0
800.25 8 7.19686 0.939452 0
800.25 8 11.1588 0.939945 0
800.25 8 17.302 0.940819 0
800.25 8 26.827 0.941878 0
800.25 8 41.5956 0.94236 0
800.25 8 64.4947 0.942998 0
800.25 8 100 0.943914 0
800.25 8 155.052 0.944633 0
800.25 8 240.41 0.945423 0
800.25 8 372.759 0.946793 0
800.25 8 577.969 0.947937 0
800.25 8 896.151 0.948621 0
800.25 8 1389.5 0.949747 0
800.25 8 2154.43 0.951201 0
800.25 8 3340.48 0.952609 0
800.25 8 5179.47 0.953843 0
800.25 8 8030.86 0.954983 0
800.25 8 12452 0.956368 0
800.25 8 19307 0.95797 0
800.25 8 29935.8 0.959635 0
800.25 8 46415.9 0.96128 0
800.25 8 71968.6 0.96282 0
800.25 8 111588 0.964242 0
800.25 8 173020 0.965633 0
800.25 8 268270 0.966795 0
800.25 8 415956 0.96778 0
800.25 8 644947 0.968637 0
800.25 8 1e+06 0.969392 0

1951.29 8 1e-06 0.941982 0
1951.29 8 1.55052e-06 0.941982 0
1951.29 8 2.4041e-06 0.941982 0
1951.29 8 3.72759e-06 0.941982 0
1951.29 8 5.77969e-06 0.941982 0
1951.29 8 8.96151e-06 0.941982 0
1951.29 8 1.3895e-05 0.941982 0
1951.29 8 2.15443e-05 0.941982 0
1951.29 8 3.34048e-05 0.941982 0
1951.29 8 5.17947e-05 0.941982 0
1951.29 8 8.03086e-05 0.941982 0
1951.29 8 0.00012452 0.941982 0
1951.29 8 0.00019307 0.941982 0
1951.29 8 0.000299358 0.941982 0
1951.29 8 0.000464159 0.941982 0
1951.29 8 0.000719686 0.941982 0
1951.29 8 0.00111588 0.941982 0
1951.29 8 0.0017302 0.941982 0
1951.29 8 0.0026827 0.941983 0
1951.29 8 0.00415956 0.941983 0
1951.29 8 0.00644947 0.941984 0
1951.29 8 0.01 0.941985 0
1951.29 8 0.0155052 0.941986 0
1951.29 8 0.024041 0.941989 0
1951.29 8 0.0372759 0.941992 0
1951.29 8 0.0577969 0.941997 0
1951.29 8 0.0896151 0.942003 0
1951.29 8 0.13895 0.942009 0
1951.29 8 0.215443 0.942013 0
1951.29 8 0.334048 0.942018 0
1951.29 8 0.517947 0.942035 0
1951.29 8 0.803086 0.942099 0
1951.29 8 1.2452 0.942229 0
1951.29 8 1.9307 0.942367 0
1951.29 8 2.99358 0.942408 0
1951.29 8 4.64159 0.942629 0
1951.29 8 7.19686 0.943204 0
1951.29 8 11.1588 0.943417 0
1951.29 8 17.302 0.943795 0
1951.29 8 26.827 0.944274 0
1951.29 8 41.5956 0.944517 0
1951.29 8 64.4947 0.944858 0
1951.29 8 100 0.945373 0
1951.29 8 155.052 0.945836 0
1951.29 8 240.41 0.946409 0
1951.29 8 372.759 0.947415 0
1951.29 8 577.969 0.948318 0
1951.29 8 896.151 0.948936 0
1951.29 8 1389.5 0.949976 0
1951.29 8 2154.43 0.951353 0
1951.29 8 3340.48 0.952716 0
1951.29 8 5179.47 0.953925 0
1951.29 8 8030.86 0.955048 0
1951.29 8 12452 0.956416 0
1951.29 8 19307 0.958004 0
1951.29 8 29935.8 0.959658 0
1951.29 8 46415.9 0.961295 0
1951.29 8 71968.6 0.962829 0
1951.29 8 111588 0.964247 0
1951.29 8 173020 0.965636 0
1951.29 8 268270 0.966797 0
1951.29 8 415956 0.96778 0
1951.29 8 644947 0.968638 0
1951.29 8 1e+06 0.969392 0

4757.94 8 1e-06 0.945689 0
4757.94 8 1.55052e-06 0.945689 0
4757.94 8 2.4041e-06 0.945689 0
4757.94 8 3.72759e-06 0.945689 0
4757.94 8 5.77969e-06 0.945689 0
4757.94 8 8.96151e-06 0.945689 0
4757.94 8 1.3895e-05 0.945689 0
4757.94 8 2.15443e-05 0.945689 0
4757.94 8 3.34048e-05 0.945689 0
4757.94 8 5.17947e-05 0.945689 0
4757.94 8 8.03086e-05 0.945689 0
4757.94 8 0.00012452 0.945689 0
4757.94 8 0.00019307 0.945689 0
4757.94 8 0.000299358 0.945689 0
4757.94 8 0.000464159 0.945689 0
4757.94 8 0.000719686 0.945689 0
4757.94 8 0.00111588 0.945689 0
4757.94 8 0.0017302 0.945689 0
4757.94 8 0.0026827 0.94569 0
4757.94 8 0.00415956 0.94569 0
4757.94 8 0.00644947 0.94569 0
4757.94 8 0.01 0.94569 0
4757.94 8 0.0155052 0.945691 0
4757.94 8 0.024041 0.945692 0
4757.94 8 0.0372759 0.945694 0
4757.94 8 0.0577969 0.945695 0
4757.94 8 0.0896151 0.945698 0
4757.94 8 0.13895 0.9457 0
4757.94 8 0.215443 0.945702 0
4757.94 8 0.334048 0.945704 0
4757.94 8 0.517947 0.945711 0
4757.94 8 0.803086 0.945738 0
4757.94 8 1.2452 0.945792 0
4757.94 8 1.9307 0.945849 0
4757.94 8 2.99358 0.945866 0
4757.94 8 4.64159 0.945958 0
4757.94 8 7.19686 0.9462 0
4757.94 8 11.1588 0.946291 0
4757.94 8 17.302 0.946452 0
4757.94 8 26.827 0.946661 0
4757.94 8 41.5956 0.946775 0
4757.94 8 64.4947 0.946941 0
4757.94 8 100 0.947198 0
4757.94 8 155.052 0.947453 0
4757.94 8 240.41 0.947798 0
4757.94 8 372.759 0.948417 0
4757.94 8 577.969 0.94904 0
4757.94 8 896.151 0.949569 0
4757.94 8 1389.5 0.95047 0
4757.94 8 2154.43 0.951699 0
4757.94 8 3340.48 0.952965 0
4757.94 8 5179.47 0.954117 0
4757.94 8 8030.86 0.955201 0
4757.94 8 12452 0.956532 0
4757.94 8 19307 0.958087 0
4757.94 8 29935.8 0.959715 0
4757.94 8 46415.9 0.961333 0
4757.94 8 71968.6 0.962853 0
4757.94 8 111588 0.964262 0
4757.94 8 173020 0.965644 0
4757.94 8 268270 0.966801 0
4757.94 8 415956 0.967783 0
4757.94 8 644947 0.968639 0
4757.94 8 1e+06 0.969392 0

11601.6 8 1e-06 0.948958 0
11601.6 8 1.55052e-06 0.948958 0
11601.6 8 2.4041e-06 0.948958 0
11601.6 8 3.72759e-06 0.948958 0
11601.6 8 5.77969e-06 0.948958 0
11601.6 8 8.96151e-06 0.948958 0
11601.6 8 1.3895e-05 0.948958 0
11601.6 8 2.15443e-05 0.948958 0
11601.6 8 3.34048e-05 0.948958 0
11601.6 8 5.17947e-05 0.948958 0
11601.6 8 8.03086e-05 0.948958 0
11601.6 8 0.00012452 0.948958 0
11601.6 8 0.00019307 0.948958 0
11601.6 8 0.000299358 0.948958 0
11601.6 8 0.000464159 0.948958 0
11601.6 8 0.000719686 0.948958 0
11601.6 8 0.00111588 0.948958 0
11601.6 8 0.0017302 0.948958 0
11601.6 8 0.0026827 0.948958 0
11601.6 8 0.00415956 0.948958 0
11601.6 8 0.00644947 0.948959 0
11601.6 8 0.01 0.948959 0
11601.6 8 0.0155052 0.948959 0
11601.6 8 0.024041 0.948959 0
11601.6 8 0.0372759 0.94896 0
11601.6 8 0.0577969 0.948961 0
11601.6 8 0.0896151 0.948962 0
11601.6 8 0.13895 0.948963 0
11601.6 8 0.215443 0.948964 0
11601.6 8 0.334048 0.948964 0
11601.6 8 0.517947 0.948967 0
11601.6 8 0.803086 0.948978 0
11601.6 8 1.2452 0.949001 0
11601.6 8 1.9307 0.949025 0
11601.6 8 2.99358 0.949032 0
11601.6 8 4.64159 0.949071 0
11601.6 8 7.19686 0.949172 0
11601.6 8 11.1588 0.94921 0
11601.6 8 17.302 0.949279 0
11601.6 8 26.827 0.949369 0
11601.6 8 41.5956 0.949421 0
11601.6 8 64.4947 0.949499 0
11601.6 8 100 0.94962 0
11601.6 8 155.052 0.949749 0
11601.6 8 240.41 0.949933 0
11601.6 8 372.759 0.950269 0
11601.6 8 577.969 0.95064 0
11601.6 8 896.151 0.951017 0
11601.6 8 1389.5 0.951667 0
11601.6 8 2154.43 0.952597 0
11601.6 8 3340.48 0.953625 0
11601.6 8 5179.47 0.954615 0
11601.6 8 8030.86 0.95559 0
11601.6 8 12452 0.956822 0
11601.6 8 19307 0.958292 0
11601.6 8 29935.8 0.959856 0
11601.6 8 46415.9 0.961426 0
11601.6 8 71968.6 0.962911 0
11601.6 8 111588 0.964297 0
11601.6 8 173020 0.965664 0
11601.6 8 268270 0.966812 0
11601.6 8 415956 0.967788 0
11601.6 8 644947 0.968641 0
11601.6 8 1e+06 0.969393 0

28288.7 8 1e-06 0.952227 0
28288.7 8 1.55052e-06 0.952227 0
28288.7 8 2.4041e-06 0.952227 0
28288.7 8 3.72759e-06 0.952227 0
28288.7 8 5.77969e-06 0.952227 0
28288.7 8 8.96151e-06 0.952227 0
28288.7 8 1.3895e-05 0.952227 0
28288.7 8 2.15443e-05 0.952227 0
28288.7 8 3.34048e-05 0.952227 0
28288.7 8 5.17947e-05 0.952227 0
28288.7 8 8.03086e-05 0.952227 0
28288.7 8 0.00012452 0.952227 0
28288.7 8 0.00019307 0.952227 0
28288.7 8 0.000299358 0.952227 0
28288.7 8 0.000464159 0.952227 0
28288.7 8 0.000719686 0.952227 0
28288.7 8 0.00111588 0.952227 0
28288.7 8 0.0017302 0.952227 0
28288.7 8 0.0026827 0.952227 0
28288.7 8 0.00415956 0.952228 0
28288.7 8 0.00644947 0.952228 0
28288.7 8 0.01 0.952228 0
28288.7 8 0.0155052 0.952228 0
28288.7 8 0.024041 0.952228 0
28288.7 8 0.0372759 0.952228 0
28288.7 8 0.0577969 0.952229 0
28288.7 8 0.0896151 0.952229 0
28288.7 8 0.13895 0.952229 0
28288.7 8 0.215443 0.95223 0
28288.7 8 0.334048 0.95223 0
28288.7 8 0.517947 0.952231 0
28288.7 8 0.803086 0.952236 0
28288.7 8 1.2452 0.952245 0
28288.7 8 1.9307 0.952255 0
28288.7 8 2.99358 0.952258 0
28288.7 8 4.64159 0.952275 0
28288.7 8 7.19686 0.952317 0
28288.7 8 11.1588 0.952333 0
28288.7 8 17.302 0.952362 0
28288.7 8 26.827 0.952401 0
28288.7 8 41.5956 0.952425 0
28288.7 8 64.4947 0.95246 0
28288.7 8 100 0.952516 0
28288.7 8 155.052 0.952578 0
28288.7 8 240.41 0.952669 0
28288.7 8 372.759 0.952835 0
28288.7 8 577.969 0.95303 0
28288.7 8 896.151 0.95325 0
28288.7 8 1389.5 0.953634 0
28288.7 8 2154.43 0.954212 0
28288.7 8 3340.48 0.954904 0
28288.7 8 5179.47 0.955631 0
28288.7 8 8030.86 0.956414 0
28288.7 8 12452 0.957456 0
28288.7 8 19307 0.958754 0
28288.7 8 29935.8 0.960179 0
28288.7 8 46415.9 0.961641 0
28288.7 8 71968.6 0.963048 0
28288.7 8 111588 0.96438 0
28288.7 8 173020 0.965711 0
28288.7 8 268270 0.966837 0
28288.7 8 415956 0.967801 0
28288.7 8 644947 0.968648 0
28288.7 8 1e+06 0.969395 0

68977.9 8 1e-06 0.955456 0
68977.9 8 1.55052e-06 0.955456 0
68977.9 8 2.4041e-06 0.955456 0
68977.9 8 3.72759e-06 0.955456 0
68977.9 8 5.77969e-06 0.955456 0
68977.9 8 8.96151e-06 0.955456 0
68977.9 8 1.3895e-05 0.955456 0
68977.9 8 2.15443e-05 0.955456 0
68977.9 8 3.34048e-05 0.955456 0
68977.9 8 5.17947e-05 0.955456 0
68977.9 8 8.03086e-05 0.955456 0
68977.9 8 0.00012452 0.955456 0
68977.9 8 0.00019307 0.955456 0
68977.9 8 0.000299358 0.955456 0
68977.9 8 0.000464159 0.955456 0
68977.9 8 0.000719686 0.955456 0
68977.9 8 0.00111588 0.955456 0
68977.9 8 0.0017302 0.955456 0
68977.9 8 0.0026827 0.955456 0
68977.9 8 0.00415956 0.955456 0
68977.9 8 0.00644947 0.955457 0
68977.9 8 0.01 0.955457 0
68977.9 8 0.0155052 0.955457 0
68977.9 8 0.024041 0.955457 0
68977.9 8 0.0372759 0.955457 0
68977.9 8 0.0577969 0.955457 0
68977.9 8 0.0896151 0.955457 0
68977.9 8 0.13895 0.955457 0
68977.9 8 0.215443 0.955457 0
68977.9 8 0.334048 0.955458 0
68977.9 8 0.517947 0.955458 0
68977.9 8 0.803086 0.95546 0
68977.9 8 1.2452 0.955464 0
68977.9 8 1.9307 0.955468 0
68977.9 8 2.99358 0.955469 0
68977.9 8 4.64159 0.955476 0
68977.9 8 7.19686 0.955494 0
68977.9 8 11.1588 0.955501 0
68977.9 8 17.302 0.955513 0
68977.9 8 26.827 0.95553 0
68977.9 8 41.5956 0.955541 0
68977.9 8 64.4947 0.955557 0
68977.9 8 100 0.955582 0
68977.9 8 155.052 0.955612 0
68977.9 8 240.41 0.955656 0
68977.9 8 372.759 0.955735 0
68977.9 8 577.969 0.955832 0
68977.9 8 896.151 0.955949 0
68977.9 8 1389.5 0.956153 0
68977.9 8 2154.43 0.95647 0
68977.9 8 3340.48 0.956877 0
68977.9 8 5179.47 0.957344 0
68977.9 8 8030.86 0.957897 0
68977.9 8 12452 0.958672 0
68977.9 8 19307 0.959686 0
68977.9 8 29935.8 0.960857 0
68977.9 8 46415.9 0.962107 0
68977.9 8 71968.6 0.963352 0
68977.9 8 111588 0.96457 0
68977.9 8 173020 0.96582 0
68977.9 8 268270 0.966896 0
68977.9 8 415956 0.967832 0
68977.9 8 644947 0.968662 0
68977.9 8 1e+06 0.969401 0

168192 8 1e-06 0.959059 0
168192 8 1.55052e-06 0.959059 0
168192 8 2.4041e-06 0.959059 0
168192 8 3.72759e-06 0.959059 0
168192 8 5.77969e-06 0.959059 0
168192 8 8.96151e-06 0.959059 0
168192 8 1.3895e-05 0.959059 0
168192 8 2.15443e-05 0.959059 0
168192 8 3.34048e-05 0.959059 0
168192 8 5.17947e-05 0.959059 0
168192 8 8.03086e-05 0.959059 0
168192 8 0.00012452 0.959059 0
168192 8 0.00019307 0.959059 0
168192 8 0.000299358 0.959059 0
168192 8 0.000464159 0.959059 0
168192 8 0.000719686 0.959059 0
168192 8 0.00111588 0.959059 0
168192 8 0.0017302 0.959059 0
168192 8 0.0026827 0.959059 0
168192 8 0.00415956 0.959059 0
168192 8 0.00644947 0.959059 0
168192 8 0.01 0.959059 0
168192 8 0.0155052 0.959059 0
168192 8 0.024041 0.959059 0
168192 8 0.0372759 0.959059 0
168192 8 0.0577969 0.959059 0
168192 8 0.0896151 0.959059 0
168192 8 0.13895 0.959059 0
168192 8 0.215443 0.959059 0
168192 8 0.334048 0.95906 0
168192 8 0.517947 0.95906 0
168192 8 0.803086 0.959061 0
168192 8 1.2452 0.959062 0
168192 8 1.9307 0.959064 0
168192 8 2.99358 0.959064 0
168192 8 4.64159 0.959067 0
168192 8 7.19686 0.959075 0
168192 8 11.1588 0.959078 0
168192 8 17.302 0.959083 0
168192 8 26.827 0.95909 0
168192 8 41.5956 0.959095 0
168192 8 64.4947 0.959101 0
168192 8 100 0.959113 0
168192 8 155.052 0.959125 0
168192 8 240.41 0.959145 0
168192 8 372.759 0.959179 0
168192 8 577.969 0.959223 0
168192 8 896.151 0.959277 0
168192 8 1389.5 0.959371 0
168192 8 2154.43 0.959521 0
168192 8 3340.48 0.95972 0
168192 8 5179.47 0.959962 0
168192 8 8030.86 0.960267 0
168192 8 12452 0.96072 0
168192 8 19307 0.961351 0
168192 8 29935.8 0.962134 0
168192 8 46415.9 0.963031 0
168192 8 71968.6 0.963983 0
168192 8 111588 0.96498 0
168192 8 173020 0.966063 0
168192 8 268270 0.967032 0
168192 8 415956 0.967904 0
168192 8 644947 0.968697 0
168192 8 1e+06 0.969414 0

410113 8 1e-06 0.962506 0
410113 8 1.55052e-06 0.962506 0
410113 8 2.4041e-06 0.962506 0
410113 8 3.72759e-06 0.962506 0
410113 8 5.77969e-06 0.962506 0
410113 8 8.96151e-06 0.962506 0
410113 8 1.3895e-05 0.962506 0
410113 8 2.15443e-05 0.962506 0
410113 8 3.34048e-05 0.962506 0
410113 8 5.17947e-05 0.962506 0
410113 8 8.03086e-05 0.962506 0
410113 8 0.00012452 0.962506 0
410113 8 0.00019307 0.962506 0
410113 8 0.000299358 0.962506 0
410113 8 0.000464159 0.962506 0
410113 8 0.000719686 0.962506 0
410113 8 0.00111588 0.962506 0
410113 8 0.0017302 0.962506 0
410113 8 0.0026827 0.962506 0
410113 8 0.00415956 0.962506 0
410113 8 0.00644947 0.962506 0
410113 8 0.01 0.962506 0
410113 8 0.0155052 0.962506 0
410113 8 0.024041 0.962506 0
410113 8 0.0372759 0.962506 0
410113 8 0.0577969 0.962506 0
410113 8 0.0896151 0.962506 0
410113 8 0.13895 0.962506 0
410113 8 0.215443 0.962506 0
410113 8 0.334048 0.962506 0
410113 8 0.517947 0.962506 0
410113 8 0.803086 0.962507 0
410113 8 1.2452 0.962507 0
410113 8 1.9307 0.962508 0
410113 8 2.99358 0.962508 0
410113 8 4.64159 0.962509 0
410113 8 7.19686 0.962512 0
410113 8 11.1588 0.962514 0
410113 8 17.302 0.962516 0
410113 8 26.827 0.962519 0
410113 8 41.5956 0.962521 0
410113 8 64.4947 0.962523 0
410113 8 100 0.962528 0
410113 8 155.052 0.962533 0
410113 8 240.41 0.962541 0
410113 8 372.759 0.962555 0
410113 8 577.969 0.962573 0
410113 8 896.151 0.962596 0
410113 8 1389.5 0.962635 0
410113 8 2154.43 0.962698 0
410113 8 3340.48 0.962783 0
410113 8 5179.47 0.962888 0
410113 8 8030.86 0.963025 0
410113 8 12452 0.963235 0
410113 8 19307 0.963546 0
410113 8 29935.8 0.963956 0
410113 8 46415.9 0.964463 0
410113 8 71968.6 0.965048 0
410113 8 111588 0.965729 0
410113 8 173020 0.966538 0
410113 8 268270 0.967314 0
410113 8 415956 0.96806 0
410113 8 644947 0.968776 0
410113 8 1e+06 0.969444 0

1e+06 8 1e-06 0.965348 0
1e+06 8 1.55052e-06 0.965348 0
1e+06 8 2.4041e-06 0.965348 0
1e+06 8 3.72759e-06 0.965348 0
1e+06 8 5.77969e-06 0.965348 0
1e+06 8 8.96151e-06 0.965348 0
1e+06 8 1.3895e-05 0.965348 0
1e+06 8 2.15443e-05 0.965348 0
1e+06 8 3.34048e-05 0.965348 0
1e+06 8 5.17947e-05 0.965348 0
1e+06 8 8.03086e-05 0.965348 0
1e+06 8 0.00012452 0.965348 0
1e+06 8 0.00019307 0.965348 0
1e+06 8 0.000299358 0.965348 0
1e+06 8 0.000464159 0.965348 0
1e+06 8 0.000719686 0.965348 0
1e+06 8 0.00111588 0.965348 0
1e+06 8 0.0017302 0.965348 0
1e+06 8 0.0026827 0.965348 0
1e+06 8 0.00415956 0.965348 0
1e+06 8 0.00644947 0.965348 0
1e+06 8 0.01 0.965348 0
1e+06 8 0.0155052 0.965348 0
1e+06 8 0.024041 0.965348 0
1e+06 8 0.0372759 0.965348 0
1e+06 8 0.0577969 0.965348 0
1e+06 8 0.0896151 0.965348 0
1e+06 8 0.13895 0.965348 0
1e+06 8 0.215443 0.965348 0
1e+06 8 0.334048 0.965348 0
1e+06 8 0.517947 0.965348 0
1e+06 8 0.803086 0.965348 0
1e+06 8 1.2452 0.965349 0
1e+06 8 1.9307 0.965349 0
1e+06 8 2.99358 0.965349 0
1e+06 8 4.64159 0.965349 0
1e+06 8 7.19686 0.965351 0
1e+06 8 11.1588 0.965351 0
1e+06 8 17.302 0.965352 0
1e+06 8 26.827 0.965353 0
1e+06 8 41.5956 0.965354 0
1e+06 8 64.4947 0.965355 0
1e+06 8 100 0.965357 0
1e+06 8 155.052 0.965359 0
1e+06 8 240.41 0.965362 0
1e+06 8 372.759 0.965368 0
1e+06 8 577.969 0.965375 0
1e+06 8 896.151 0.965383 0
1e+06 8 1389.5 0.965398 0
1e+06 8 2154.43 0.965423 0
1e+06 8 3340.48 0.965456 0
1e+06 8 5179.47 0.965496 0
1e+06 8 8030.86 0.965549 0
1e+06 8 12452 0.965633 0
1e+06 8 19307 0.96576 0
1e+06 8 29935.8 0.965936 0
1e+06 8 46415.9 0.966164 0
1e+06 8 71968.6 0.966448 0
1e+06 8 111588 0.966814 0
1e+06 8 173020 0.967297 0
1e+06 8 268270 0.967809 0
1e+06 8 415956 0.968357 0
1e+06 8 644947 0.968934 0
1e+06 8 1e+06 0.969506 0

