#q_sq i k_sq Re(fg) Im(fg)
1e-06 11 1e-06 -0.000550334 0
1e-06 11 1.55052e-06 -0.000550333 0
1e-06 11 2.4041e-06 -0.000550331 0
1e-06 11 3.72759e-06 -0.000550329 0
1e-06 11 5.77969e-06 -0.000550325 0
1e-06 11 8.96151e-06 -0.000550318 0
1e-06 11 1.3895e-05 -0.000550309 0
1e-06 11 2.15443e-05 -0.000550294 0
1e-06 11 3.34048e-05 -0.000550271 0
1e-06 11 5.17947e-05 -0.000550235 0
1e-06 11 8.03086e-05 -0.00055018 0
1e-06 11 0.00012452 -0.000550093 0
1e-06 11 0.00019307 -0.00054996 0
1e-06 11 0.000299358 -0.000549753 0
1e-06 11 0.000464159 -0.000549433 0
1e-06 11 0.000719686 -0.000548936 0
1e-06 11 0.00111588 -0.000548168 0
1e-06 11 0.0017302 -0.000546978 0
1e-06 11 0.0026827 -0.000545138 0
1e-06 11 0.00415956 -0.000542297 0
1e-06 11 0.00644947 -0.000537921 0
1e-06 11 0.01 -0.000531207 0
1e-06 11 0.0155052 -0.000520963 0
1e-06 11 0.024041 -0.00050547 0
1e-06 11 0.0372759 -0.000482357 0
1e-06 11 0.0577969 -0.000448616 0
1e-06 11 0.0896151 -0.000400953 0
1e-06 11 0.13895 -0.000337003 0
1e-06 11 0.215443 -0.000257871 0
1e-06 11 0.334048 -0.000171245 0
1e-06 11 0.517947 -9.24607e-05 0
1e-06 11 0.803086 -3.75314e-05 0
1e-06 11 1.2452 -1.01016e-05 0
1e-06 11 1.9307 -1.37534e-06 0
1e-06 11 2.99358 -3.04185e-07 0
1e-06 11 4.64159 -5.35998e-08 0
1e-06 11 7.19686 -1.59391e-08 0
1e-06 11 11.1588 -4.52427e-09 0
1e-06 11 17.302 -1.02624e-09 0
1e-06 11 26.827 -2.54723e-10 0
1e-06 11 41.5956 -7.02849e-11 0
1e-06 11 64.4947 -1.96181e-11 0
1e-06 11 100 -5.54443e-12 0
1e-06 11 155.052 -1.63857e-12 0
1e-06 11 240.41 -4.8892e-13 0
1e-06 11 372.759 -1.45847e-13 0
1e-06 11 577.969 -4.54435e-14 0
1e-06 11 896.151 -1.4845e-14 0
1e-06 11 1389.5 -4.79257e-15 0
1e-06 11 2154.43 -1.56854e-15 0
1e-06 11 3340.48 -5.27397e-16 0
1e-06 11 5179.47 -1.7931e-16 0
1e-06 11 8030.86 -6.07059e-17 0
1e-06 11 12452 -1.98348e-17 0
1e-06 11 19307 -6.29077e-18 0
1e-06 11 29935.8 -1.9429e-18 0
1e-06 11 46415.9 -5.77531e-19 0
1e-06 11 71968.6 -1.65139e-19 0
1e-06 11 111588 -4.64579e-20 0
1e-06 11 173020 -1.23532e-20 0
1e-06 11 268270 -3.30808e-21 0
1e-06 11 415956 -8.74332e-22 0
1e-06 11 644947 -2.20833e-22 0
1e-06 11 1e+06 -3.72621e-23 0

2.43835e-06 11 1e-06 -0.000859358 0
2.43835e-06 11 1.55052e-06 -0.000859356 0
2.43835e-06 11 2.4041e-06 -0.000859354 0
2.43835e-06 11 3.72759e-06 -0.00085935 0
2.43835e-06 11 5.77969e-06 -0.000859344 0
2.43835e-06 11 8.96151e-06 -0.000859334 0
2.43835e-06 11 1.3895e-05 -0.000859319 0
2.43835e-06 11 2.15443e-05 -0.000859296 0
2.43835e-06 11 3.34048e-05 -0.00085926 0
2.43835e-06 11 5.17947e-05 -0.000859204 0
2.43835e-06 11 8.03086e-05 -0.000859117 0
2.43835e-06 11 0.00012452 -0.000858983 0
2.43835e-06 11 0.00019307 -0.000858774 0
2.43835e-06 11 0.000299358 -0.000858452 0
2.43835e-06 11 0.000464159 -0.000857951 0
2.43835e-06 11 0.000719686 -0.000857176 0
2.43835e-06 11 0.00111588 -0.000855975 0
2.43835e-06 11 0.0017302 -0.000854117 0
2.43835e-06 11 0.0026827 -0.000851244 0
2.43835e-06 11 0.00415956 -0.000846808 0
2.43835e-06 11 0.00644947 -0.000839976 0
2.43835e-06 11 0.01 -0.000829491 0
2.43835e-06 11 0.0155052 -0.000813495 0
2.43835e-06 11 0.024041 -0.000789302 0
2.43835e-06 11 0.0372759 -0.000753211 0
2.43835e-06 11 0.0577969 -0.000700524 0
2.43835e-06 11 0.0896151 -0.000626096 0
2.43835e-06 11 0.13895 -0.000526238 0
2.43835e-06 11 0.215443 -0.000402672 0
2.43835e-06 11 0.334048 -0.000267402 0
2.43835e-06 11 0.517947 -0.000144379 0
2.43835e-06 11 0.803086 -5.86061e-05 0
2.43835e-06 11 1.2452 -1.57739e-05 0
2.43835e-06 11 1.9307 -2.14762e-06 0
2.43835e-06 11 2.99358 -4.74991e-07 0
2.43835e-06 11 4.64159 -8.36974e-08 0
2.43835e-06 11 7.19686 -2.48892e-08 0
2.43835e-06 11 11.1588 -7.06475e-09 0
2.43835e-06 11 17.302 -1.6025e-09 0
2.43835e-06 11 26.827 -3.97756e-10 0
2.43835e-06 11 41.5956 -1.09752e-10 0
2.43835e-06 11 64.4947 -3.06341e-11 0
2.43835e-06 11 100 -8.65776e-12 0
2.43835e-06 11 155.052 -2.55866e-12 0
2.43835e-06 11 240.41 -7.6346e-13 0
2.43835e-06 11 372.759 -2.27744e-13 0
2.43835e-06 11 577.969 -7.09611e-14 0
2.43835e-06 11 896.151 -2.31808e-14 0
2.43835e-06 11 1389.5 -7.48371e-15 0
2.43835e-06 11 2154.43 -2.44931e-15 0
2.43835e-06 11 3340.48 -8.23543e-16 0
2.43835e-06 11 5179.47 -2.79997e-16 0
2.43835e-06 11 8030.86 -9.47937e-17 0
2.43835e-06 11 12452 -3.09725e-17 0
2.43835e-06 11 19307 -9.82318e-18 0
2.43835e-06 11 29935.8 -3.03388e-18 0
2.43835e-06 11 46415.9 -9.01827e-19 0
2.43835e-06 11 71968.6 -2.57868e-19 0
2.43835e-06 11 111588 -7.25451e-20 0
2.43835e-06 11 173020 -1.92898e-20 0
2.43835e-06 11 268270 -5.16564e-21 0
2.43835e-06 11 415956 -1.36529e-21 0
2.43835e-06 11 644947 -3.44836e-22 0
2.43835e-06 11 1e+06 -5.81856e-23 0

5.94557e-06 11 1e-06 -0.0013419 0
5.94557e-06 11 1.55052e-06 -0.0013419 0
5.94557e-06 11 2.4041e-06 -0.0013419 0
5.94557e-06 11 3.72759e-06 -0.00134189 0
5.94557e-06 11 5.77969e-06 -0.00134188 0
5.94557e-06 11 8.96151e-06 -0.00134187 0
5.94557e-06 11 1.3895e-05 -0.00134184 0
5.94557e-06 11 2.15443e-05 -0.00134181 0
5.94557e-06 11 3.34048e-05 -0.00134175 0
5.94557e-06 11 5.17947e-05 -0.00134166 0
5.94557e-06 11 8.03086e-05 -0.00134153 0
5.94557e-06 11 0.00012452 -0.00134132 0
5.94557e-06 11 0.00019307 -0.00134099 0
5.94557e-06 11 0.000299358 -0.00134049 0
5.94557e-06 11 0.000464159 -0.00133971 0
5.94557e-06 11 0.000719686 -0.0013385 0
5.94557e-06 11 0.00111588 -0.00133662 0
5.94557e-06 11 0.0017302 -0.00133372 0
5.94557e-06 11 0.0026827 -0.00132923 0
5.94557e-06 11 0.00415956 -0.00132231 0
5.94557e-06 11 0.00644947 -0.00131164 0
5.94557e-06 11 0.01 -0.00129527 0
5.94557e-06 11 0.0155052 -0.00127029 0
5.94557e-06 11 0.024041 -0.00123251 0
5.94557e-06 11 0.0372759 -0.00117615 0
5.94557e-06 11 0.0577969 -0.00109388 0
5.94557e-06 11 0.0896151 -0.000977661 0
5.94557e-06 11 0.13895 -0.000821731 0
5.94557e-06 11 0.215443 -0.000628779 0
5.94557e-06 11 0.334048 -0.000417553 0
5.94557e-06 11 0.517947 -0.000225451 0
5.94557e-06 11 0.803086 -9.15147e-05 0
5.94557e-06 11 1.2452 -2.46313e-05 0
5.94557e-06 11 1.9307 -3.35356e-06 0
5.94557e-06 11 2.99358 -7.41709e-07 0
5.94557e-06 11 4.64159 -1.30695e-07 0
5.94557e-06 11 7.19686 -3.88651e-08 0
5.94557e-06 11 11.1588 -1.10318e-08 0
5.94557e-06 11 17.302 -2.50235e-09 0
5.94557e-06 11 26.827 -6.21106e-10 0
5.94557e-06 11 41.5956 -1.71379e-10 0
5.94557e-06 11 64.4947 -4.78358e-11 0
5.94557e-06 11 100 -1.35193e-11 0
5.94557e-06 11 155.052 -3.99541e-12 0
5.94557e-06 11 240.41 -1.19216e-12 0
5.94557e-06 11 372.759 -3.55627e-13 0
5.94557e-06 11 577.969 -1.10807e-13 0
5.94557e-06 11 896.151 -3.61973e-14 0
5.94557e-06 11 1389.5 -1.1686e-14 0
5.94557e-06 11 2154.43 -3.82465e-15 0
5.94557e-06 11 3340.48 -1.28598e-15 0
5.94557e-06 11 5179.47 -4.37221e-16 0
5.94557e-06 11 8030.86 -1.48022e-16 0
5.94557e-06 11 12452 -4.83643e-17 0
5.94557e-06 11 19307 -1.53391e-17 0
5.94557e-06 11 29935.8 -4.73748e-18 0
5.94557e-06 11 46415.9 -1.40822e-18 0
5.94557e-06 11 71968.6 -4.02667e-19 0
5.94557e-06 11 111588 -1.13281e-19 0
5.94557e-06 11 173020 -3.01215e-20 0
5.94557e-06 11 268270 -8.06626e-21 0
5.94557e-06 11 415956 -2.13193e-21 0
5.94557e-06 11 644947 -5.3847e-22 0
5.94557e-06 11 1e+06 -9.08581e-23 0

1.44974e-05 11 1e-06 -0.0020954 0
1.44974e-05 11 1.55052e-06 -0.0020954 0
1.44974e-05 11 2.4041e-06 -0.00209539 0
1.44974e-05 11 3.72759e-06 -0.00209538 0
1.44974e-05 11 5.77969e-06 -0.00209536 0
1.44974e-05 11 8.96151e-06 -0.00209534 0
1.44974e-05 11 1.3895e-05 -0.0020953 0
1.44974e-05 11 2.15443e-05 -0.00209525 0
1.44974e-05 11 3.34048e-05 -0.00209516 0
1.44974e-05 11 5.17947e-05 -0.00209502 0
1.44974e-05 11 8.03086e-05 -0.00209481 0
1.44974e-05 11 0.00012452 -0.00209448 0
1.44974e-05 11 0.00019307 -0.00209398 0
1.44974e-05 11 0.000299358 -0.00209319 0
1.44974e-05 11 0.000464159 -0.00209197 0
1.44974e-05 11 0.000719686 -0.00209008 0
1.44974e-05 11 0.00111588 -0.00208715 0
1.44974e-05 11 0.0017302 -0.00208262 0
1.44974e-05 11 0.0026827 -0.00207561 0
1.44974e-05 11 0.00415956 -0.0020648 0
1.44974e-05 11 0.00644947 -0.00204814 0
1.44974e-05 11 0.01 -0.00202257 0
1.44974e-05 11 0.0155052 -0.00198357 0
1.44974e-05 11 0.024041 -0.00192458 0
1.44974e-05 11 0.0372759 -0.00183658 0
1.44974e-05 11 0.0577969 -0.00170811 0
1.44974e-05 11 0.0896151 -0.00152663 0
1.44974e-05 11 0.13895 -0.00128314 0
1.44974e-05 11 0.215443 -0.000981847 0
1.44974e-05 11 0.334048 -0.000652015 0
1.44974e-05 11 0.517947 -0.000352045 0
1.44974e-05 11 0.803086 -0.000142902 0
1.44974e-05 11 1.2452 -3.84622e-05 0
1.44974e-05 11 1.9307 -5.23664e-06 0
1.44974e-05 11 2.99358 -1.15819e-06 0
1.44974e-05 11 4.64159 -2.04083e-07 0
1.44974e-05 11 7.19686 -6.06886e-08 0
1.44974e-05 11 11.1588 -1.72263e-08 0
1.44974e-05 11 17.302 -3.90747e-09 0
1.44974e-05 11 26.827 -9.6987e-10 0
1.44974e-05 11 41.5956 -2.67613e-10 0
1.44974e-05 11 64.4947 -7.46967e-11 0
1.44974e-05 11 100 -2.11107e-11 0
1.44974e-05 11 155.052 -6.23893e-12 0
1.44974e-05 11 240.41 -1.86158e-12 0
1.44974e-05 11 372.759 -5.5532e-13 0
1.44974e-05 11 577.969 -1.73028e-13 0
1.44974e-05 11 896.151 -5.6523e-14 0
1.44974e-05 11 1389.5 -1.82479e-14 0
1.44974e-05 11 2154.43 -5.97228e-15 0
1.44974e-05 11 3340.48 -2.00809e-15 0
1.44974e-05 11 5179.47 -6.82731e-16 0
1.44974e-05 11 8030.86 -2.31141e-16 0
1.44974e-05 11 12452 -7.5522e-17 0
1.44974e-05 11 19307 -2.39524e-17 0
1.44974e-05 11 29935.8 -7.39768e-18 0
1.44974e-05 11 46415.9 -2.19897e-18 0
1.44974e-05 11 71968.6 -6.28774e-19 0
1.44974e-05 11 111588 -1.76891e-19 0
1.44974e-05 11 173020 -4.70354e-20 0
1.44974e-05 11 268270 -1.25957e-20 0
1.44974e-05 11 415956 -3.32906e-21 0
1.44974e-05 11 644947 -8.40833e-22 0
1.44974e-05 11 1e+06 -1.41877e-22 0

3.53498e-05 11 1e-06 -0.00327196 0
3.53498e-05 11 1.55052e-06 -0.00327196 0
3.53498e-05 11 2.4041e-06 -0.00327195 0
3.53498e-05 11 3.72759e-06 -0.00327193 0
3.53498e-05 11 5.77969e-06 -0.00327191 0
3.53498e-05 11 8.96151e-06 -0.00327187 0
3.53498e-05 11 1.3895e-05 -0.00327181 0
3.53498e-05 11 2.15443e-05 -0.00327172 0
3.53498e-05 11 3.34048e-05 -0.00327159 0
3.53498e-05 11 5.17947e-05 -0.00327137 0
3.53498e-05 11 8.03086e-05 -0.00327104 0
3.53498e-05 11 0.00012452 -0.00327053 0
3.53498e-05 11 0.00019307 -0.00326974 0
3.53498e-05 11 0.000299358 -0.00326851 0
3.53498e-05 11 0.000464159 -0.00326661 0
3.53498e-05 11 0.000719686 -0.00326365 0
3.53498e-05 11 0.00111588 -0.00325908 0
3.53498e-05 11 0.0017302 -0.00325201 0
3.53498e-05 11 0.0026827 -0.00324107 0
3.53498e-05 11 0.00415956 -0.00322418 0
3.53498e-05 11 0.00644947 -0.00319817 0
3.53498e-05 11 0.01 -0.00315825 0
3.53498e-05 11 0.0155052 -0.00309734 0
3.53498e-05 11 0.024041 -0.00300523 0
3.53498e-05 11 0.0372759 -0.00286781 0
3.53498e-05 11 0.0577969 -0.00266721 0
3.53498e-05 11 0.0896151 -0.00238383 0
3.53498e-05 11 0.13895 -0.00200363 0
3.53498e-05 11 0.215443 -0.00153315 0
3.53498e-05 11 0.334048 -0.00101812 0
3.53498e-05 11 0.517947 -0.000549719 0
3.53498e-05 11 0.803086 -0.000223141 0
3.53498e-05 11 1.2452 -6.0059e-05 0
3.53498e-05 11 1.9307 -8.17706e-06 0
3.53498e-05 11 2.99358 -1.80853e-06 0
3.53498e-05 11 4.64159 -3.1868e-07 0
3.53498e-05 11 7.19686 -9.47664e-08 0
3.53498e-05 11 11.1588 -2.68993e-08 0
3.53498e-05 11 17.302 -6.10159e-09 0
3.53498e-05 11 26.827 -1.51447e-09 0
3.53498e-05 11 41.5956 -4.17883e-10 0
3.53498e-05 11 64.4947 -1.1664e-10 0
3.53498e-05 11 100 -3.29648e-11 0
3.53498e-05 11 155.052 -9.74222e-12 0
3.53498e-05 11 240.41 -2.90691e-12 0
3.53498e-05 11 372.759 -8.67145e-13 0
3.53498e-05 11 577.969 -2.70188e-13 0
3.53498e-05 11 896.151 -8.82619e-14 0
3.53498e-05 11 1389.5 -2.84946e-14 0
3.53498e-05 11 2154.43 -9.32585e-15 0
3.53498e-05 11 3340.48 -3.13568e-15 0
3.53498e-05 11 5179.47 -1.0661e-15 0
3.53498e-05 11 8030.86 -3.60931e-16 0
3.53498e-05 11 12452 -1.17929e-16 0
3.53498e-05 11 19307 -3.74022e-17 0
3.53498e-05 11 29935.8 -1.15517e-17 0
3.53498e-05 11 46415.9 -3.43375e-18 0
3.53498e-05 11 71968.6 -9.81845e-19 0
3.53498e-05 11 111588 -2.76219e-19 0
3.53498e-05 11 173020 -7.34468e-20 0
3.53498e-05 11 268270 -1.96684e-20 0
3.53498e-05 11 415956 -5.19841e-21 0
3.53498e-05 11 644947 -1.31298e-21 0
3.53498e-05 11 1e+06 -2.21544e-22 0

8.61954e-05 11 1e-06 -0.00510904 0
8.61954e-05 11 1.55052e-06 -0.00510903 0
8.61954e-05 11 2.4041e-06 -0.00510902 0
8.61954e-05 11 3.72759e-06 -0.00510899 0
8.61954e-05 11 5.77969e-06 -0.00510896 0
8.61954e-05 11 8.96151e-06 -0.0051089 0
8.61954e-05 11 1.3895e-05 -0.00510881 0
8.61954e-05 11 2.15443e-05 -0.00510867 0
8.61954e-05 11 3.34048e-05 -0.00510846 0
8.61954e-05 11 5.17947e-05 -0.00510813 0
8.61954e-05 11 8.03086e-05 -0.00510761 0
8.61954e-05 11 0.00012452 -0.00510681 0
8.61954e-05 11 0.00019307 -0.00510557 0
8.61954e-05 11 0.000299358 -0.00510365 0
8.61954e-05 11 0.000464159 -0.00510068 0
8.61954e-05 11 0.000719686 -0.00509607 0
8.61954e-05 11 0.00111588 -0.00508893 0
8.61954e-05 11 0.0017302 -0.00507789 0
8.61954e-05 11 0.0026827 -0.0050608 0
8.61954e-05 11 0.00415956 -0.00503443 0
8.61954e-05 11 0.00644947 -0.00499381 0
8.61954e-05 11 0.01 -0.00493148 0
8.61954e-05 11 0.0155052 -0.00483638 0
8.61954e-05 11 0.024041 -0.00469255 0
8.61954e-05 11 0.0372759 -0.00447798 0
8.61954e-05 11 0.0577969 -0.00416475 0
8.61954e-05 11 0.0896151 -0.00372226 0
8.61954e-05 11 0.13895 -0.00312859 0
8.61954e-05 11 0.215443 -0.00239397 0
8.61954e-05 11 0.334048 -0.00158977 0
8.61954e-05 11 0.517947 -0.000858371 0
8.61954e-05 11 0.803086 -0.00034843 0
8.61954e-05 11 1.2452 -9.37811e-05 0
8.61954e-05 11 1.9307 -1.27684e-05 0
8.61954e-05 11 2.99358 -2.82401e-06 0
8.61954e-05 11 4.64159 -4.97621e-07 0
8.61954e-05 11 7.19686 -1.47979e-07 0
8.61954e-05 11 11.1588 -4.20037e-08 0
8.61954e-05 11 17.302 -9.52774e-09 0
8.61954e-05 11 26.827 -2.36488e-09 0
8.61954e-05 11 41.5956 -6.52532e-10 0
8.61954e-05 11 64.4947 -1.82136e-10 0
8.61954e-05 11 100 -5.14752e-11 0
8.61954e-05 11 155.052 -1.52127e-11 0
8.61954e-05 11 240.41 -4.5392e-12 0
8.61954e-05 11 372.759 -1.35407e-12 0
8.61954e-05 11 577.969 -4.21904e-13 0
8.61954e-05 11 896.151 -1.37823e-13 0
8.61954e-05 11 1389.5 -4.44949e-14 0
8.61954e-05 11 2154.43 -1.45625e-14 0
8.61954e-05 11 3340.48 -4.89643e-15 0
8.61954e-05 11 5179.47 -1.66474e-15 0
8.61954e-05 11 8030.86 -5.63602e-16 0
8.61954e-05 11 12452 -1.84149e-16 0
8.61954e-05 11 19307 -5.84044e-17 0
8.61954e-05 11 29935.8 -1.80382e-17 0
8.61954e-05 11 46415.9 -5.36188e-18 0
8.61954e-05 11 71968.6 -1.53317e-18 0
8.61954e-05 11 111588 -4.31322e-19 0
8.61954e-05 11 173020 -1.14689e-19 0
8.61954e-05 11 268270 -3.07127e-20 0
8.61954e-05 11 415956 -8.11743e-21 0
8.61954e-05 11 644947 -2.05025e-21 0
8.61954e-05 11 1e+06 -3.45946e-22 0

0.000210175 11 1e-06 -0.00797713 0
0.000210175 11 1.55052e-06 -0.00797711 0
0.000210175 11 2.4041e-06 -0.00797709 0
0.000210175 11 3.72759e-06 -0.00797705 0
0.000210175 11 5.77969e-06 -0.00797699 0
0.000210175 11 8.96151e-06 -0.0079769 0
0.000210175 11 1.3895e-05 -0.00797676 0
0.000210175 11 2.15443e-05 -0.00797655 0
0.000210175 11 3.34048e-05 -0.00797621 0
0.000210175 11 5.17947e-05 -0.00797569 0
0.000210175 11 8.03086e-05 -0.00797489 0
0.000210175 11 0.00012452 -0.00797364 0
0.000210175 11 0.00019307 -0.00797171 0
0.000210175 11 0.000299358 -0.00796871 0
0.000210175 11 0.000464159 -0.00796407 0
0.000210175 11 0.000719686 -0.00795687 0
0.000210175 11 0.00111588 -0.00794573 0
0.000210175 11 0.0017302 -0.00792848 0
0.000210175 11 0.0026827 -0.00790181 0
0.000210175 11 0.00415956 -0.00786063 0
0.000210175 11 0.00644947 -0.00779721 0
0.000210175 11 0.01 -0.00769989 0
0.000210175 11 0.0155052 -0.0075514 0
0.000210175 11 0.024041 -0.00732683 0
0.000210175 11 0.0372759 -0.00699181 0
0.000210175 11 0.0577969 -0.00650274 0
0.000210175 11 0.0896151 -0.00581186 0
0.000210175 11 0.13895 -0.00488492 0
0.000210175 11 0.215443 -0.0037379 0
0.000210175 11 0.334048 -0.00248224 0
0.000210175 11 0.517947 -0.00134026 0
0.000210175 11 0.803086 -0.000544042 0
0.000210175 11 1.2452 -0.000146432 0
0.000210175 11 1.9307 -1.9937e-05 0
0.000210175 11 2.99358 -4.40958e-06 0
0.000210175 11 4.64159 -7.77028e-07 0
0.000210175 11 7.19686 -2.31068e-07 0
0.000210175 11 11.1588 -6.55889e-08 0
0.000210175 11 17.302 -1.48776e-08 0
0.000210175 11 26.827 -3.69278e-09 0
0.000210175 11 41.5956 -1.01894e-09 0
0.000210175 11 64.4947 -2.84409e-10 0
0.000210175 11 100 -8.03793e-11 0
0.000210175 11 155.052 -2.37549e-11 0
0.000210175 11 240.41 -7.08804e-12 0
0.000210175 11 372.759 -2.1144e-12 0
0.000210175 11 577.969 -6.58812e-13 0
0.000210175 11 896.151 -2.15213e-13 0
0.000210175 11 1389.5 -6.94797e-14 0
0.000210175 11 2154.43 -2.27397e-14 0
0.000210175 11 3340.48 -7.64589e-15 0
0.000210175 11 5179.47 -2.59953e-15 0
0.000210175 11 8030.86 -8.80078e-16 0
0.000210175 11 12452 -2.87553e-16 0
0.000210175 11 19307 -9.11998e-17 0
0.000210175 11 29935.8 -2.8167e-17 0
0.000210175 11 46415.9 -8.37269e-18 0
0.000210175 11 71968.6 -2.39409e-18 0
0.000210175 11 111588 -6.73519e-19 0
0.000210175 11 173020 -1.79089e-19 0
0.000210175 11 268270 -4.79585e-20 0
0.000210175 11 415956 -1.26756e-20 0
0.000210175 11 644947 -3.20151e-21 0
0.000210175 11 1e+06 -5.40203e-22 0

0.000512481 11 1e-06 -0.0124536 0
0.000512481 11 1.55052e-06 -0.0124535 0
0.000512481 11 2.4041e-06 -0.0124535 0
0.000512481 11 3.72759e-06 -0.0124534 0
0.000512481 11 5.77969e-06 -0.0124533 0
0.000512481 11 8.96151e-06 -0.0124532 0
0.000512481 11 1.3895e-05 -0.012453 0
0.000512481 11 2.15443e-05 -0.0124527 0
0.000512481 11 3.34048e-05 -0.0124521 0
0.000512481 11 5.17947e-05 -0.0124513 0
0.000512481 11 8.03086e-05 -0.0124501 0
0.000512481 11 0.00012452 -0.0124481 0
0.000512481 11 0.00019307 -0.0124451 0
0.000512481 11 0.000299358 -0.0124404 0
0.000512481 11 0.000464159 -0.0124332 0
0.000512481 11 0.000719686 -0.0124219 0
0.000512481 11 0.00111588 -0.0124045 0
0.000512481 11 0.0017302 -0.0123776 0
0.000512481 11 0.0026827 -0.012336 0
0.000512481 11 0.00415956 -0.0122717 0
0.000512481 11 0.00644947 -0.0121727 0
0.000512481 11 0.01 -0.0120208 0
0.000512481 11 0.0155052 -0.011789 0
0.000512481 11 0.024041 -0.0114384 0
0.000512481 11 0.0372759 -0.0109154 0
0.000512481 11 0.0577969 -0.0101519 0
0.000512481 11 0.0896151 -0.0090733 0
0.000512481 11 0.13895 -0.00762622 0
0.000512481 11 0.215443 -0.00583555 0
0.000512481 11 0.334048 -0.00387527 0
0.000512481 11 0.517947 -0.00209244 0
0.000512481 11 0.803086 -0.000849386 0
0.000512481 11 1.2452 -0.000228623 0
0.000512481 11 1.9307 -3.11279e-05 0
0.000512481 11 2.99358 -6.88496e-06 0
0.000512481 11 4.64159 -1.21328e-06 0
0.000512481 11 7.19686 -3.60802e-07 0
0.000512481 11 11.1588 -1.02416e-07 0
0.000512481 11 17.302 -2.32312e-08 0
0.000512481 11 26.827 -5.76624e-09 0
0.000512481 11 41.5956 -1.59107e-09 0
0.000512481 11 64.4947 -4.44105e-10 0
0.000512481 11 100 -1.25513e-10 0
0.000512481 11 155.052 -3.70935e-11 0
0.000512481 11 240.41 -1.10681e-11 0
0.000512481 11 372.759 -3.30167e-12 0
0.000512481 11 577.969 -1.02875e-12 0
0.000512481 11 896.151 -3.3606e-13 0
0.000512481 11 1389.5 -1.08494e-13 0
0.000512481 11 2154.43 -3.55085e-14 0
0.000512481 11 3340.48 -1.19392e-14 0
0.000512481 11 5179.47 -4.05922e-15 0
0.000512481 11 8030.86 -1.37426e-15 0
0.000512481 11 12452 -4.49021e-16 0
0.000512481 11 19307 -1.42411e-16 0
0.000512481 11 29935.8 -4.39835e-17 0
0.000512481 11 46415.9 -1.30742e-17 0
0.000512481 11 71968.6 -3.73842e-18 0
0.000512481 11 111588 -1.05172e-18 0
0.000512481 11 173020 -2.79652e-19 0
0.000512481 11 268270 -7.48883e-20 0
0.000512481 11 415956 -1.97932e-20 0
0.000512481 11 644947 -4.99923e-21 0
0.000512481 11 1e+06 -8.4354e-22 0

0.00124961 11 1e-06 -0.0194355 0
0.00124961 11 1.55052e-06 -0.0194354 0
0.00124961 11 2.4041e-06 -0.0194354 0
0.00124961 11 3.72759e-06 -0.0194353 0
0.00124961 11 5.77969e-06 -0.0194351 0
0.00124961 11 8.96151e-06 -0.0194349 0
0.00124961 11 1.3895e-05 -0.0194346 0
0.00124961 11 2.15443e-05 -0.019434 0
0.00124961 11 3.34048e-05 -0.0194332 0
0.00124961 11 5.17947e-05 -0.019432 0
0.00124961 11 8.03086e-05 -0.01943 0
0.00124961 11 0.00012452 -0.019427 0
0.00124961 11 0.00019307 -0.0194223 0
0.00124961 11 0.000299358 -0.019415 0
0.00124961 11 0.000464159 -0.0194036 0
0.00124961 11 0.000719686 -0.0193861 0
0.00124961 11 0.00111588 -0.019359 0
0.00124961 11 0.0017302 -0.0193169 0
0.00124961 11 0.0026827 -0.019252 0
0.00124961 11 0.00415956 -0.0191516 0
0.00124961 11 0.00644947 -0.0189971 0
0.00124961 11 0.01 -0.01876 0
0.00124961 11 0.0155052 -0.0183983 0
0.00124961 11 0.024041 -0.0178512 0
0.00124961 11 0.0372759 -0.017035 0
0.00124961 11 0.0577969 -0.0158435 0
0.00124961 11 0.0896151 -0.0141603 0
0.00124961 11 0.13895 -0.011902 0
0.00124961 11 0.215443 -0.00910753 0
0.00124961 11 0.334048 -0.00604825 0
0.00124961 11 0.517947 -0.00326583 0
0.00124961 11 0.803086 -0.00132577 0
0.00124961 11 1.2452 -0.000356868 0
0.00124961 11 1.9307 -4.85911e-05 0
0.00124961 11 2.99358 -1.07484e-05 0
0.00124961 11 4.64159 -1.8943e-06 0
0.00124961 11 7.19686 -5.63341e-07 0
0.00124961 11 11.1588 -1.59914e-07 0
0.00124961 11 17.302 -3.62741e-08 0
0.00124961 11 26.827 -9.00368e-09 0
0.00124961 11 41.5956 -2.48439e-09 0
0.00124961 11 64.4947 -6.93458e-10 0
0.00124961 11 100 -1.95986e-10 0
0.00124961 11 155.052 -5.79212e-11 0
0.00124961 11 240.41 -1.72828e-11 0
0.00124961 11 372.759 -5.15557e-12 0
0.00124961 11 577.969 -1.6064e-12 0
0.00124961 11 896.151 -5.24762e-13 0
0.00124961 11 1389.5 -1.69415e-13 0
0.00124961 11 2154.43 -5.54472e-14 0
0.00124961 11 3340.48 -1.86433e-14 0
0.00124961 11 5179.47 -6.33856e-15 0
0.00124961 11 8030.86 -2.14594e-15 0
0.00124961 11 12452 -7.01156e-16 0
0.00124961 11 19307 -2.22377e-16 0
0.00124961 11 29935.8 -6.86812e-17 0
0.00124961 11 46415.9 -2.04156e-17 0
0.00124961 11 71968.6 -5.83763e-18 0
0.00124961 11 111588 -1.64228e-18 0
0.00124961 11 173020 -4.36683e-19 0
0.00124961 11 268270 -1.1694e-19 0
0.00124961 11 415956 -3.09075e-20 0
0.00124961 11 644947 -7.80642e-21 0
0.00124961 11 1e+06 -1.31721e-21 0

0.00304699 11 1e-06 -0.0303068 0
0.00304699 11 1.55052e-06 -0.0303068 0
0.00304699 11 2.4041e-06 -0.0303067 0
0.00304699 11 3.72759e-06 -0.0303065 0
0.00304699 11 5.77969e-06 -0.0303063 0
0.00304699 11 8.96151e-06 -0.030306 0
0.00304699 11 1.3895e-05 -0.0303055 0
0.00304699 11 2.15443e-05 -0.0303046 0
0.00304699 11 3.34048e-05 -0.0303034 0
0.00304699 11 5.17947e-05 -0.0303014 0
0.00304699 11 8.03086e-05 -0.0302983 0
0.00304699 11 0.00012452 -0.0302936 0
0.00304699 11 0.00019307 -0.0302863 0
0.00304699 11 0.000299358 -0.0302749 0
0.00304699 11 0.000464159 -0.0302572 0
0.00304699 11 0.000719686 -0.0302299 0
0.00304699 11 0.00111588 -0.0301876 0
0.00304699 11 0.0017302 -0.030122 0
0.00304699 11 0.0026827 -0.0300207 0
0.00304699 11 0.00415956 -0.0298643 0
0.00304699 11 0.00644947 -0.0296234 0
0.00304699 11 0.01 -0.0292538 0
0.00304699 11 0.0155052 -0.0286897 0
0.00304699 11 0.024041 -0.0278367 0
0.00304699 11 0.0372759 -0.0265641 0
0.00304699 11 0.0577969 -0.0247064 0
0.00304699 11 0.0896151 -0.0220819 0
0.00304699 11 0.13895 -0.0185607 0
0.00304699 11 0.215443 -0.0142033 0
0.00304699 11 0.334048 -0.00943277 0
0.00304699 11 0.517947 -0.00509376 0
0.00304699 11 0.803086 -0.00206806 0
0.00304699 11 1.2452 -0.000556756 0
0.00304699 11 1.9307 -7.58158e-05 0
0.00304699 11 2.99358 -1.67736e-05 0
0.00304699 11 4.64159 -2.957e-06 0
0.00304699 11 7.19686 -8.79439e-07 0
0.00304699 11 11.1588 -2.49669e-07 0
0.00304699 11 17.302 -5.6635e-08 0
0.00304699 11 26.827 -1.40578e-08 0
0.00304699 11 41.5956 -3.87907e-09 0
0.00304699 11 64.4947 -1.08277e-09 0
0.00304699 11 100 -3.06018e-10 0
0.00304699 11 155.052 -9.04409e-11 0
0.00304699 11 240.41 -2.69864e-11 0
0.00304699 11 372.759 -8.05029e-12 0
0.00304699 11 577.969 -2.50837e-12 0
0.00304699 11 896.151 -8.19414e-13 0
0.00304699 11 1389.5 -2.64542e-13 0
0.00304699 11 2154.43 -8.65813e-14 0
0.00304699 11 3340.48 -2.91118e-14 0
0.00304699 11 5179.47 -9.89776e-15 0
0.00304699 11 8030.86 -3.35092e-15 0
0.00304699 11 12452 -1.09487e-15 0
0.00304699 11 19307 -3.47247e-16 0
0.00304699 11 29935.8 -1.07247e-16 0
0.00304699 11 46415.9 -3.18794e-17 0
0.00304699 11 71968.6 -9.11559e-18 0
0.00304699 11 111588 -2.56445e-18 0
0.00304699 11 173020 -6.81891e-19 0
0.00304699 11 268270 -1.82604e-19 0
0.00304699 11 415956 -4.82628e-20 0
0.00304699 11 644947 -1.21899e-20 0
0.00304699 11 1e+06 -2.05685e-21 0

0.00742964 11 1e-06 -0.0471651 0
0.00742964 11 1.55052e-06 -0.047165 0
0.00742964 11 2.4041e-06 -0.0471648 0
0.00742964 11 3.72759e-06 -0.0471646 0
0.00742964 11 5.77969e-06 -0.0471643 0
0.00742964 11 8.96151e-06 -0.0471638 0
0.00742964 11 1.3895e-05 -0.0471629 0
0.00742964 11 2.15443e-05 -0.0471617 0
0.00742964 11 3.34048e-05 -0.0471597 0
0.00742964 11 5.17947e-05 -0.0471566 0
0.00742964 11 8.03086e-05 -0.0471519 0
0.00742964 11 0.00012452 -0.0471445 0
0.00742964 11 0.00019307 -0.0471331 0
0.00742964 11 0.000299358 -0.0471153 0
0.00742964 11 0.000464159 -0.0470879 0
0.00742964 11 0.000719686 -0.0470454 0
0.00742964 11 0.00111588 -0.0469795 0
0.00742964 11 0.0017302 -0.0468776 0
0.00742964 11 0.0026827 -0.04672 0
0.00742964 11 0.00415956 -0.0464766 0
0.00742964 11 0.00644947 -0.0461019 0
0.00742964 11 0.01 -0.0455267 0
0.00742964 11 0.0155052 -0.0446492 0
0.00742964 11 0.024041 -0.0433221 0
0.00742964 11 0.0372759 -0.0413422 0
0.00742964 11 0.0577969 -0.0384518 0
0.00742964 11 0.0896151 -0.0343685 0
0.00742964 11 0.13895 -0.0288895 0
0.00742964 11 0.215443 -0.022109 0
0.00742964 11 0.334048 -0.014685 0
0.00742964 11 0.517947 -0.00793154 0
0.00742964 11 0.803086 -0.00322112 0
0.00742964 11 1.2452 -0.000867479 0
0.00742964 11 1.9307 -0.000118159 0
0.00742964 11 2.99358 -2.61538e-05 0
0.00742964 11 4.64159 -4.61363e-06 0
0.00742964 11 7.19686 -1.37239e-06 0
0.00742964 11 11.1588 -3.89709e-07 0
0.00742964 11 17.302 -8.84073e-08 0
0.00742964 11 26.827 -2.19451e-08 0
0.00742964 11 41.5956 -6.05586e-09 0
0.00742964 11 64.4947 -1.69045e-09 0
0.00742964 11 100 -4.77782e-10 0
0.00742964 11 155.052 -1.41209e-10 0
0.00742964 11 240.41 -4.21361e-11 0
0.00742964 11 372.759 -1.25698e-11 0
0.00742964 11 577.969 -3.91666e-12 0
0.00742964 11 896.151 -1.27948e-12 0
0.00742964 11 1389.5 -4.13077e-13 0
0.00742964 11 2154.43 -1.35196e-13 0
0.00742964 11 3340.48 -4.54581e-14 0
0.00742964 11 5179.47 -1.54554e-14 0
0.00742964 11 8030.86 -5.23251e-15 0
0.00742964 11 12452 -1.70966e-15 0
0.00742964 11 19307 -5.42233e-16 0
0.00742964 11 29935.8 -1.67469e-16 0
0.00742964 11 46415.9 -4.97804e-17 0
0.00742964 11 71968.6 -1.42342e-17 0
0.00742964 11 111588 -4.00445e-18 0
0.00742964 11 173020 -1.06479e-18 0
0.00742964 11 268270 -2.85141e-19 0
0.00742964 11 415956 -7.53634e-20 0
0.00742964 11 644947 -1.90348e-20 0
0.00742964 11 1e+06 -3.21182e-21 0

0.0181161 11 1e-06 -0.0730454 0
0.0181161 11 1.55052e-06 -0.0730452 0
0.0181161 11 2.4041e-06 -0.073045 0
0.0181161 11 3.72759e-06 -0.0730447 0
0.0181161 11 5.77969e-06 -0.0730441 0
0.0181161 11 8.96151e-06 -0.0730433 0
0.0181161 11 1.3895e-05 -0.0730421 0
0.0181161 11 2.15443e-05 -0.0730401 0
0.0181161 11 3.34048e-05 -0.073037 0
0.0181161 11 5.17947e-05 -0.0730323 0
0.0181161 11 8.03086e-05 -0.0730249 0
0.0181161 11 0.00012452 -0.0730135 0
0.0181161 11 0.00019307 -0.0729958 0
0.0181161 11 0.000299358 -0.0729684 0
0.0181161 11 0.000464159 -0.0729259 0
0.0181161 11 0.000719686 -0.0728601 0
0.0181161 11 0.00111588 -0.0727582 0
0.0181161 11 0.0017302 -0.0726005 0
0.0181161 11 0.0026827 -0.0723566 0
0.0181161 11 0.00415956 -0.07198 0
0.0181161 11 0.00644947 -0.0714 0
0.0181161 11 0.01 -0.07051 0
0.0181161 11 0.0155052 -0.069152 0
0.0181161 11 0.024041 -0.067098 0
0.0181161 11 0.0372759 -0.0640338 0
0.0181161 11 0.0577969 -0.0595602 0
0.0181161 11 0.0896151 -0.0532398 0
0.0181161 11 0.13895 -0.0447582 0
0.0181161 11 0.215443 -0.03426 0
0.0181161 11 0.334048 -0.0227627 0
0.0181161 11 0.517947 -0.0123001 0
0.0181161 11 0.803086 -0.00499873 0
0.0181161 11 1.2452 -0.00134735 0
0.0181161 11 1.9307 -0.000183636 0
0.0181161 11 2.99358 -4.06934e-05 0
0.0181161 11 4.64159 -7.18986e-06 0
0.0181161 11 7.19686 -2.13968e-06 0
0.0181161 11 11.1588 -6.0795e-07 0
0.0181161 11 17.302 -1.37937e-07 0
0.0181161 11 26.827 -3.42435e-08 0
0.0181161 11 41.5956 -9.45103e-09 0
0.0181161 11 64.4947 -2.63848e-09 0
0.0181161 11 100 -7.45792e-10 0
0.0181161 11 155.052 -2.20438e-10 0
0.0181161 11 240.41 -6.57817e-11 0
0.0181161 11 372.759 -1.96245e-11 0
0.0181161 11 577.969 -6.11512e-12 0
0.0181161 11 896.151 -1.99775e-12 0
0.0181161 11 1389.5 -6.44983e-13 0
0.0181161 11 2154.43 -2.11101e-13 0
0.0181161 11 3340.48 -7.09813e-14 0
0.0181161 11 5179.47 -2.41334e-14 0
0.0181161 11 8030.86 -8.17056e-15 0
0.0181161 11 12452 -2.66964e-15 0
0.0181161 11 19307 -8.46703e-16 0
0.0181161 11 29935.8 -2.61505e-16 0
0.0181161 11 46415.9 -7.7733e-17 0
0.0181161 11 71968.6 -2.2227e-17 0
0.0181161 11 111588 -6.25304e-18 0
0.0181161 11 173020 -1.66269e-18 0
0.0181161 11 268270 -4.45254e-19 0
0.0181161 11 415956 -1.17682e-19 0
0.0181161 11 644947 -2.97233e-20 0
0.0181161 11 1e+06 -5.01533e-21 0

0.0441734 11 1e-06 -0.111804 0
0.0441734 11 1.55052e-06 -0.111804 0
0.0441734 11 2.4041e-06 -0.111803 0
0.0441734 11 3.72759e-06 -0.111803 0
0.0441734 11 5.77969e-06 -0.111802 0
0.0441734 11 8.96151e-06 -0.111801 0
0.0441734 11 1.3895e-05 -0.111799 0
0.0441734 11 2.15443e-05 -0.111796 0
0.0441734 11 3.34048e-05 -0.111791 0
0.0441734 11 5.17947e-05 -0.111784 0
0.0441734 11 8.03086e-05 -0.111773 0
0.0441734 11 0.00012452 -0.111755 0
0.0441734 11 0.00019307 -0.111728 0
0.0441734 11 0.000299358 -0.111686 0
0.0441734 11 0.000464159 -0.111621 0
0.0441734 11 0.000719686 -0.111521 0
0.0441734 11 0.00111588 -0.111365 0
0.0441734 11 0.0017302 -0.111124 0
0.0441734 11 0.0026827 -0.110751 0
0.0441734 11 0.00415956 -0.110176 0
0.0441734 11 0.00644947 -0.10929 0
0.0441734 11 0.01 -0.10793 0
0.0441734 11 0.0155052 -0.105855 0
0.0441734 11 0.024041 -0.102717 0
0.0441734 11 0.0372759 -0.0980343 0
0.0441734 11 0.0577969 -0.0911973 0
0.0441734 11 0.0896151 -0.081536 0
0.0441734 11 0.13895 -0.0685678 0
0.0441734 11 0.215443 -0.0525097 0
0.0441734 11 0.334048 -0.0349134 0
0.0441734 11 0.517947 -0.0188872 0
0.0441734 11 0.803086 -0.00768862 0
0.0441734 11 1.2452 -0.00207665 0
0.0441734 11 1.9307 -0.000283473 0
0.0441734 11 2.99358 -6.29934e-05 0
0.0441734 11 4.64159 -1.1173e-05 0
0.0441734 11 7.19686 -3.32863e-06 0
0.0441734 11 11.1588 -9.4712e-07 0
0.0441734 11 17.302 -2.14971e-07 0
0.0441734 11 26.827 -5.33812e-08 0
0.0441734 11 41.5956 -1.47382e-08 0
0.0441734 11 64.4947 -4.1156e-09 0
0.0441734 11 100 -1.16356e-09 0
0.0441734 11 155.052 -3.43987e-10 0
0.0441734 11 240.41 -1.02666e-10 0
0.0441734 11 372.759 -3.06314e-11 0
0.0441734 11 577.969 -9.54592e-12 0
0.0441734 11 896.151 -3.11883e-12 0
0.0441734 11 1389.5 -1.00699e-12 0
0.0441734 11 2154.43 -3.296e-13 0
0.0441734 11 3340.48 -1.1083e-13 0
0.0441734 11 5179.47 -3.76829e-14 0
0.0441734 11 8030.86 -1.27581e-14 0
0.0441734 11 12452 -4.16861e-15 0
0.0441734 11 19307 -1.32213e-15 0
0.0441734 11 29935.8 -4.08343e-16 0
0.0441734 11 46415.9 -1.21381e-16 0
0.0441734 11 71968.6 -3.47079e-17 0
0.0441734 11 111588 -9.76426e-18 0
0.0441734 11 173020 -2.59633e-18 0
0.0441734 11 268270 -6.95274e-19 0
0.0441734 11 415956 -1.83763e-19 0
0.0441734 11 644947 -4.64136e-20 0
0.0441734 11 1e+06 -7.83155e-21 0

0.107711 11 1e-06 -0.166317 0
0.107711 11 1.55052e-06 -0.166317 0
0.107711 11 2.4041e-06 -0.166316 0
0.107711 11 3.72759e-06 -0.166316 0
0.107711 11 5.77969e-06 -0.166314 0
0.107711 11 8.96151e-06 -0.166313 0
0.107711 11 1.3895e-05 -0.16631 0
0.107711 11 2.15443e-05 -0.166305 0
0.107711 11 3.34048e-05 -0.166298 0
0.107711 11 5.17947e-05 -0.166288 0
0.107711 11 8.03086e-05 -0.166271 0
0.107711 11 0.00012452 -0.166245 0
0.107711 11 0.00019307 -0.166205 0
0.107711 11 0.000299358 -0.166143 0
0.107711 11 0.000464159 -0.166047 0
0.107711 11 0.000719686 -0.165898 0
0.107711 11 0.00111588 -0.165667 0
0.107711 11 0.0017302 -0.16531 0
0.107711 11 0.0026827 -0.164758 0
0.107711 11 0.00415956 -0.163906 0
0.107711 11 0.00644947 -0.162594 0
0.107711 11 0.01 -0.160579 0
0.107711 11 0.0155052 -0.157505 0
0.107711 11 0.024041 -0.152855 0
0.107711 11 0.0372759 -0.145916 0
0.107711 11 0.0577969 -0.135781 0
0.107711 11 0.0896151 -0.121454 0
0.107711 11 0.13895 -0.102211 0
0.107711 11 0.215443 -0.0783602 0
0.107711 11 0.334048 -0.0521901 0
0.107711 11 0.517947 -0.0283085 0
0.107711 11 0.803086 -0.0115701 0
0.107711 11 1.2452 -0.00314057 0
0.107711 11 1.9307 -0.000430343 0
0.107711 11 2.99358 -9.62965e-05 0
0.107711 11 4.64159 -1.72401e-05 0
0.107711 11 7.19686 -5.14947e-06 0
0.107711 11 11.1588 -1.47034e-06 0
0.107711 11 17.302 -3.34031e-07 0
0.107711 11 26.827 -8.29988e-08 0
0.107711 11 41.5956 -2.29354e-08 0
0.107711 11 64.4947 -6.40888e-09 0
0.107711 11 100 -1.81284e-09 0
0.107711 11 155.052 -5.36204e-10 0
0.107711 11 240.41 -1.60094e-10 0
0.107711 11 372.759 -4.77792e-11 0
0.107711 11 577.969 -1.48937e-11 0
0.107711 11 896.151 -4.8672e-12 0
0.107711 11 1389.5 -1.57174e-12 0
0.107711 11 2154.43 -5.14511e-13 0
0.107711 11 3340.48 -1.73025e-13 0
0.107711 11 5179.47 -5.88339e-14 0
0.107711 11 8030.86 -1.99201e-14 0
0.107711 11 12452 -6.50896e-15 0
0.107711 11 19307 -2.06445e-15 0
0.107711 11 29935.8 -6.37621e-16 0
0.107711 11 46415.9 -1.89537e-16 0
0.107711 11 71968.6 -5.41968e-17 0
0.107711 11 111588 -1.52471e-17 0
0.107711 11 173020 -4.05422e-18 0
0.107711 11 268270 -1.08569e-18 0
0.107711 11 415956 -2.86949e-19 0
0.107711 11 644947 -7.24759e-20 0
0.107711 11 1e+06 -1.22291e-20 0

0.262636 11 1e-06 -0.231157 0
0.262636 11 1.55052e-06 -0.231156 0
0.262636 11 2.4041e-06 -0.231156 0
0.262636 11 3.72759e-06 -0.231154 0
0.262636 11 5.77969e-06 -0.231153 0
0.262636 11 8.96151e-06 -0.23115 0
0.262636 11 1.3895e-05 -0.231146 0
0.262636 11 2.15443e-05 -0.23114 0
0.262636 11 3.34048e-05 -0.231131 0
0.262636 11 5.17947e-05 -0.231116 0
0.262636 11 8.03086e-05 -0.231093 0
0.262636 11 0.00012452 -0.231057 0
0.262636 11 0.00019307 -0.231002 0
0.262636 11 0.000299358 -0.230917 0
0.262636 11 0.000464159 -0.230785 0
0.262636 11 0.000719686 -0.23058 0
0.262636 11 0.00111588 -0.230262 0
0.262636 11 0.0017302 -0.229771 0
0.262636 11 0.0026827 -0.229011 0
0.262636 11 0.00415956 -0.227838 0
0.262636 11 0.00644947 -0.22603 0
0.262636 11 0.01 -0.223256 0
0.262636 11 0.0155052 -0.219023 0
0.262636 11 0.024041 -0.212617 0
0.262636 11 0.0372759 -0.203054 0
0.262636 11 0.0577969 -0.189078 0
0.262636 11 0.0896151 -0.169303 0
0.262636 11 0.13895 -0.142707 0
0.262636 11 0.215443 -0.109676 0
0.262636 11 0.334048 -0.0733277 0
0.262636 11 0.517947 -0.040015 0
0.262636 11 0.803086 -0.0165077 0
0.262636 11 1.2452 -0.0045343 0
0.262636 11 1.9307 -0.000627347 0
0.262636 11 2.99358 -0.000142865 0
0.262636 11 4.64159 -2.61558e-05 0
0.262636 11 7.19686 -7.86007e-06 0
0.262636 11 11.1588 -2.26342e-06 0
0.262636 11 17.302 -5.15346e-07 0
0.262636 11 26.827 -1.2825e-07 0
0.262636 11 41.5956 -3.55158e-08 0
0.262636 11 64.4947 -9.9402e-09 0
0.262636 11 100 -2.81527e-09 0
0.262636 11 155.052 -8.33713e-10 0
0.262636 11 240.41 -2.4915e-10 0
0.262636 11 372.759 -7.44079e-11 0
0.262636 11 577.969 -2.32094e-11 0
0.262636 11 896.151 -7.589e-12 0
0.262636 11 1389.5 -2.45162e-12 0
0.262636 11 2154.43 -8.02782e-13 0
0.262636 11 3340.48 -2.70033e-13 0
0.262636 11 5179.47 -9.18364e-14 0
0.262636 11 8030.86 -3.1098e-14 0
0.262636 11 12452 -1.01623e-14 0
0.262636 11 19307 -3.22335e-15 0
0.262636 11 29935.8 -9.95599e-16 0
0.262636 11 46415.9 -2.95957e-16 0
0.262636 11 71968.6 -8.46281e-17 0
0.262636 11 111588 -2.38085e-17 0
0.262636 11 173020 -6.33074e-18 0
0.262636 11 268270 -1.69532e-18 0
0.262636 11 415956 -4.48078e-19 0
0.262636 11 644947 -1.13173e-19 0
0.262636 11 1e+06 -1.90961e-20 0

0.6404 11 1e-06 -0.274022 0
0.6404 11 1.55052e-06 -0.274022 0
0.6404 11 2.4041e-06 -0.274021 0
0.6404 11 3.72759e-06 -0.27402 0
0.6404 11 5.77969e-06 -0.274018 0
0.6404 11 8.96151e-06 -0.274015 0
0.6404 11 1.3895e-05 -0.27401 0
0.6404 11 2.15443e-05 -0.274003 0
0.6404 11 3.34048e-05 -0.273992 0
0.6404 11 5.17947e-05 -0.273975 0
0.6404 11 8.03086e-05 -0.273948 0
0.6404 11 0.00012452 -0.273907 0
0.6404 11 0.00019307 -0.273843 0
0.6404 11 0.000299358 -0.273744 0
0.6404 11 0.000464159 -0.27359 0
0.6404 11 0.000719686 -0.273351 0
0.6404 11 0.00111588 -0.272982 0
0.6404 11 0.0017302 -0.27241 0
0.6404 11 0.0026827 -0.271526 0
0.6404 11 0.00415956 -0.270162 0
0.6404 11 0.00644947 -0.268059 0
0.6404 11 0.01 -0.264831 0
0.6404 11 0.0155052 -0.259903 0
0.6404 11 0.024041 -0.252442 0
0.6404 11 0.0372759 -0.241296 0
0.6404 11 0.0577969 -0.224988 0
0.6404 11 0.0896151 -0.201872 0
0.6404 11 0.13895 -0.170703 0
0.6404 11 0.215443 -0.131843 0
0.6404 11 0.334048 -0.0888415 0
0.6404 11 0.517947 -0.0491051 0
0.6404 11 0.803086 -0.02068 0
0.6404 11 1.2452 -0.00583971 0
0.6404 11 1.9307 -0.000828234 0
0.6404 11 2.99358 -0.000197485 0
0.6404 11 4.64159 -3.81059e-05 0
0.6404 11 7.19686 -1.16065e-05 0
0.6404 11 11.1588 -3.41139e-06 0
0.6404 11 17.302 -7.81007e-07 0
0.6404 11 26.827 -1.95107e-07 0
0.6404 11 41.5956 -5.43153e-08 0
0.6404 11 64.4947 -1.52622e-08 0
0.6404 11 100 -4.33603e-09 0
0.6404 11 155.052 -1.28792e-09 0
0.6404 11 240.41 -3.85762e-10 0
0.6404 11 372.759 -1.15402e-10 0
0.6404 11 577.969 -3.60543e-11 0
0.6404 11 896.151 -1.18057e-11 0
0.6404 11 1389.5 -3.81751e-12 0
0.6404 11 2154.43 -1.25099e-12 0
0.6404 11 3340.48 -4.21059e-13 0
0.6404 11 5179.47 -1.43265e-13 0
0.6404 11 8030.86 -4.85289e-14 0
0.6404 11 12452 -1.58618e-14 0
0.6404 11 19307 -5.03195e-15 0
0.6404 11 29935.8 -1.55439e-15 0
0.6404 11 46415.9 -4.621e-16 0
0.6404 11 71968.6 -1.32142e-16 0
0.6404 11 111588 -3.71765e-17 0
0.6404 11 173020 -9.88548e-18 0
0.6404 11 268270 -2.64727e-18 0
0.6404 11 415956 -6.99682e-19 0
0.6404 11 644947 -1.76722e-19 0
0.6404 11 1e+06 -2.98189e-20 0

1.56152 11 1e-06 -0.225779 0
1.56152 11 1.55052e-06 -0.225779 0
1.56152 11 2.4041e-06 -0.225778 0
1.56152 11 3.72759e-06 -0.225777 0
1.56152 11 5.77969e-06 -0.225775 0
1.56152 11 8.96151e-06 -0.225773 0
1.56152 11 1.3895e-05 -0.225769 0
1.56152 11 2.15443e-05 -0.225764 0
1.56152 11 3.34048e-05 -0.225755 0
1.56152 11 5.17947e-05 -0.225741 0
1.56152 11 8.03086e-05 -0.22572 0
1.56152 11 0.00012452 -0.225687 0
1.56152 11 0.00019307 -0.225636 0
1.56152 11 0.000299358 -0.225557 0
1.56152 11 0.000464159 -0.225434 0
1.56152 11 0.000719686 -0.225244 0
1.56152 11 0.00111588 -0.224949 0
1.56152 11 0.0017302 -0.224493 0
1.56152 11 0.0026827 -0.223788 0
1.56152 11 0.00415956 -0.222698 0
1.56152 11 0.00644947 -0.22102 0
1.56152 11 0.01 -0.218442 0
1.56152 11 0.0155052 -0.214505 0
1.56152 11 0.024041 -0.20854 0
1.56152 11 0.0372759 -0.199618 0
1.56152 11 0.0577969 -0.186539 0
1.56152 11 0.0896151 -0.167951 0
1.56152 11 0.13895 -0.142787 0
1.56152 11 0.215443 -0.111232 0
1.56152 11 0.334048 -0.0760239 0
1.56152 11 0.517947 -0.0430774 0
1.56152 11 0.803086 -0.0189498 0
1.56152 11 1.2452 -0.00569476 0
1.56152 11 1.9307 -0.000860058 0
1.56152 11 2.99358 -0.000232159 0
1.56152 11 4.64159 -5.04943e-05 0
1.56152 11 7.19686 -1.57976e-05 0
1.56152 11 11.1588 -4.87483e-06 0
1.56152 11 17.302 -1.13168e-06 0
1.56152 11 26.827 -2.8541e-07 0
1.56152 11 41.5956 -8.04949e-08 0
1.56152 11 64.4947 -2.28416e-08 0
1.56152 11 100 -6.53957e-09 0
1.56152 11 155.052 -1.95685e-09 0
1.56152 11 240.41 -5.89455e-10 0
1.56152 11 372.759 -1.77087e-10 0
1.56152 11 577.969 -5.55495e-11 0
1.56152 11 896.151 -1.82544e-11 0
1.56152 11 1389.5 -5.91734e-12 0
1.56152 11 2154.43 -1.94289e-12 0
1.56152 11 3340.48 -6.54981e-13 0
1.56152 11 5179.47 -2.23125e-13 0
1.56152 11 8030.86 -7.56451e-14 0
1.56152 11 12452 -2.47391e-14 0
1.56152 11 19307 -7.85142e-15 0
1.56152 11 29935.8 -2.42606e-15 0
1.56152 11 46415.9 -7.2138e-16 0
1.56152 11 71968.6 -2.06312e-16 0
1.56152 11 111588 -5.80477e-17 0
1.56152 11 173020 -1.54358e-17 0
1.56152 11 268270 -4.1337e-18 0
1.56152 11 415956 -1.09256e-18 0
1.56152 11 644947 -2.75954e-19 0
1.56152 11 1e+06 -4.65628e-20 0

3.80755 11 1e-06 -0.0835083 0
3.80755 11 1.55052e-06 -0.0835081 0
3.80755 11 2.4041e-06 -0.0835079 0
3.80755 11 3.72759e-06 -0.0835075 0
3.80755 11 5.77969e-06 -0.083507 0
3.80755 11 8.96151e-06 -0.0835062 0
3.80755 11 1.3895e-05 -0.0835049 0
3.80755 11 2.15443e-05 -0.0835028 0
3.80755 11 3.34048e-05 -0.0834997 0
3.80755 11 5.17947e-05 -0.0834949 0
3.80755 11 8.03086e-05 -0.0834874 0
3.80755 11 0.00012452 -0.0834757 0
3.80755 11 0.00019307 -0.0834577 0
3.80755 11 0.000299358 -0.0834297 0
3.80755 11 0.000464159 -0.0833864 0
3.80755 11 0.000719686 -0.0833192 0
3.80755 11 0.00111588 -0.0832151 0
3.80755 11 0.0017302 -0.0830541 0
3.80755 11 0.0026827 -0.082805 0
3.80755 11 0.00415956 -0.0824202 0
3.80755 11 0.00644947 -0.081827 0
3.80755 11 0.01 -0.0809158 0
3.80755 11 0.0155052 -0.0795229 0
3.80755 11 0.024041 -0.0774104 0
3.80755 11 0.0372759 -0.0742458 0
3.80755 11 0.0577969 -0.0695963 0
3.80755 11 0.0896151 -0.0629669 0
3.80755 11 0.13895 -0.0539531 0
3.80755 11 0.215443 -0.0425849 0
3.80755 11 0.334048 -0.029809 0
3.80755 11 0.517947 -0.0177155 0
3.80755 11 0.803086 -0.0085513 0
3.80755 11 1.2452 -0.00293668 0
3.80755 11 1.9307 -0.000518926 0
3.80755 11 2.99358 -0.000192214 0
3.80755 11 4.64159 -5.41176e-05 0
3.80755 11 7.19686 -1.77259e-05 0
3.80755 11 11.1588 -6.11082e-06 0
3.80755 11 17.302 -1.47141e-06 0
3.80755 11 26.827 -3.80031e-07 0
3.80755 11 41.5956 -1.10656e-07 0
3.80755 11 64.4947 -3.21645e-08 0
3.80755 11 100 -9.38285e-09 0
3.80755 11 155.052 -2.85808e-09 0
3.80755 11 240.41 -8.72814e-10 0
3.80755 11 372.759 -2.64918e-10 0
3.80755 11 577.969 -8.39106e-11 0
3.80755 11 896.151 -2.78139e-11 0
3.80755 11 1389.5 -9.07056e-12 0
3.80755 11 2154.43 -2.99245e-12 0
3.80755 11 3340.48 -1.01278e-12 0
3.80755 11 5179.47 -3.46044e-13 0
3.80755 11 8030.86 -1.17572e-13 0
3.80755 11 12452 -3.85082e-14 0
3.80755 11 19307 -1.22344e-14 0
3.80755 11 29935.8 -3.78335e-15 0
3.80755 11 46415.9 -1.12557e-15 0
3.80755 11 71968.6 -3.22021e-16 0
3.80755 11 111588 -9.06224e-17 0
3.80755 11 173020 -2.41006e-17 0
3.80755 11 268270 -6.45451e-18 0
3.80755 11 415956 -1.70601e-18 0
3.80755 11 644947 -4.30902e-19 0
3.80755 11 1e+06 -7.27082e-20 0

9.28415 11 1e-06 -0.00667888 0
9.28415 11 1.55052e-06 -0.00667887 0
9.28415 11 2.4041e-06 -0.00667885 0
9.28415 11 3.72759e-06 -0.00667882 0
9.28415 11 5.77969e-06 -0.00667878 0
9.28415 11 8.96151e-06 -0.00667871 0
9.28415 11 1.3895e-05 -0.00667861 0
9.28415 11 2.15443e-05 -0.00667845 0
9.28415 11 3.34048e-05 -0.00667821 0
9.28415 11 5.17947e-05 -0.00667782 0
9.28415 11 8.03086e-05 -0.00667723 0
9.28415 11 0.00012452 -0.00667631 0
9.28415 11 0.00019307 -0.00667489 0
9.28415 11 0.000299358 -0.00667268 0
9.28415 11 0.000464159 -0.00666926 0
9.28415 11 0.000719686 -0.00666396 0
9.28415 11 0.00111588 -0.00665574 0
9.28415 11 0.0017302 -0.00664303 0
9.28415 11 0.0026827 -0.00662337 0
9.28415 11 0.00415956 -0.00659299 0
9.28415 11 0.00644947 -0.00654617 0
9.28415 11 0.01 -0.00647423 0
9.28415 11 0.0155052 -0.00636428 0
9.28415 11 0.024041 -0.00619755 0
9.28415 11 0.0372759 -0.00594787 0
9.28415 11 0.0577969 -0.00558143 0
9.28415 11 0.0896151 -0.0050604 0
9.28415 11 0.13895 -0.00435666 0
9.28415 11 0.215443 -0.00348238 0
9.28415 11 0.334048 -0.00252953 0
9.28415 11 0.517947 -0.00166849 0
9.28415 11 0.803086 -0.00100695 0
9.28415 11 1.2452 -0.000465917 0
9.28415 11 1.9307 -0.000135726 0
9.28415 11 2.99358 -8.78133e-05 0
9.28415 11 4.64159 -3.89748e-05 0
9.28415 11 7.19686 -1.38221e-05 0
9.28415 11 11.1588 -5.91659e-06 0
9.28415 11 17.302 -1.5695e-06 0
9.28415 11 26.827 -4.29425e-07 0
9.28415 11 41.5956 -1.34198e-07 0
9.28415 11 64.4947 -4.11094e-08 0
9.28415 11 100 -1.24763e-08 0
9.28415 11 155.052 -3.93899e-09 0
9.28415 11 240.41 -1.23603e-09 0
9.28415 11 372.759 -3.82679e-10 0
9.28415 11 577.969 -1.23423e-10 0
9.28415 11 896.151 -4.15637e-11 0
9.28415 11 1389.5 -1.37036e-11 0
9.28415 11 2154.43 -4.55977e-12 0
9.28415 11 3340.48 -1.554e-12 0
9.28415 11 5179.47 -5.33785e-13 0
9.28415 11 8030.86 -1.82058e-13 0
9.28415 11 12452 -5.97868e-14 0
9.28415 11 19307 -1.90312e-14 0
9.28415 11 29935.8 -5.89347e-15 0
9.28415 11 46415.9 -1.75505e-15 0
9.28415 11 71968.6 -5.02429e-16 0
9.28415 11 111588 -1.41448e-16 0
9.28415 11 173020 -3.76253e-17 0
9.28415 11 268270 -1.00778e-17 0
9.28415 11 415956 -2.66384e-18 0
9.28415 11 644947 -6.72845e-19 0
9.28415 11 1e+06 -1.13533e-19 0

22.638 11 1e-06 -9.19258e-05 0
22.638 11 1.55052e-06 -9.19257e-05 0
22.638 11 2.4041e-06 -9.19255e-05 0
22.638 11 3.72759e-06 -9.19251e-05 0
22.638 11 5.77969e-06 -9.19246e-05 0
22.638 11 8.96151e-06 -9.19237e-05 0
22.638 11 1.3895e-05 -9.19224e-05 0
22.638 11 2.15443e-05 -9.19203e-05 0
22.638 11 3.34048e-05 -9.19172e-05 0
22.638 11 5.17947e-05 -9.19122e-05 0
22.638 11 8.03086e-05 -9.19046e-05 0
22.638 11 0.00012452 -9.18927e-05 0
22.638 11 0.00019307 -9.18744e-05 0
22.638 11 0.000299358 -9.18459e-05 0
22.638 11 0.000464159 -9.18019e-05 0
22.638 11 0.000719686 -9.17335e-05 0
22.638 11 0.00111588 -9.16278e-05 0
22.638 11 0.0017302 -9.14641e-05 0
22.638 11 0.0026827 -9.12111e-05 0
22.638 11 0.00415956 -9.08208e-05 0
22.638 11 0.00644947 -9.02201e-05 0
22.638 11 0.01 -8.92998e-05 0
22.638 11 0.0155052 -8.78992e-05 0
22.638 11 0.024041 -8.57906e-05 0
22.638 11 0.0372759 -8.26719e-05 0
22.638 11 0.0577969 -7.81944e-05 0
22.638 11 0.0896151 -7.20848e-05 0
22.638 11 0.13895 -6.44876e-05 0
22.638 11 0.215443 -5.66433e-05 0
22.638 11 0.334048 -5.14709e-05 0
22.638 11 0.517947 -5.19643e-05 0
22.638 11 0.803086 -5.40699e-05 0
22.638 11 1.2452 -4.45207e-05 0
22.638 11 1.9307 -2.92528e-05 0
22.638 11 2.99358 -2.27471e-05 0
22.638 11 4.64159 -1.51876e-05 0
22.638 11 7.19686 -6.34369e-06 0
22.638 11 11.1588 -3.66034e-06 0
22.638 11 17.302 -1.19115e-06 0
22.638 11 26.827 -3.65117e-07 0
22.638 11 41.5956 -1.30713e-07 0
22.638 11 64.4947 -4.44022e-08 0
22.638 11 100 -1.45551e-08 0
22.638 11 155.052 -4.91707e-09 0
22.638 11 240.41 -1.62439e-09 0
22.638 11 372.759 -5.21764e-10 0
22.638 11 577.969 -1.73793e-10 0
22.638 11 896.151 -6.01681e-11 0
22.638 11 1389.5 -2.02192e-11 0
22.638 11 2154.43 -6.8271e-12 0
22.638 11 3340.48 -2.35429e-12 0
22.638 11 5179.47 -8.15946e-13 0
22.638 11 8030.86 -2.80128e-13 0
22.638 11 12452 -9.24119e-14 0
22.638 11 19307 -2.95141e-14 0
22.638 11 29935.8 -9.16217e-15 0
22.638 11 46415.9 -2.73314e-15 0
22.638 11 71968.6 -7.83327e-16 0
22.638 11 111588 -2.20688e-16 0
22.638 11 173020 -5.87264e-17 0
22.638 11 268270 -1.57331e-17 0
22.638 11 415956 -4.15917e-18 0
22.638 11 644947 -1.0506e-18 0
22.638 11 1e+06 -1.77277e-19 0

55.1995 11 1e-06 -6.33743e-06 0
55.1995 11 1.55052e-06 -6.33742e-06 0
55.1995 11 2.4041e-06 -6.33741e-06 0
55.1995 11 3.72759e-06 -6.3374e-06 0
55.1995 11 5.77969e-06 -6.33738e-06 0
55.1995 11 8.96151e-06 -6.33736e-06 0
55.1995 11 1.3895e-05 -6.33731e-06 0
55.1995 11 2.15443e-05 -6.33724e-06 0
55.1995 11 3.34048e-05 -6.33714e-06 0
55.1995 11 5.17947e-05 -6.33698e-06 0
55.1995 11 8.03086e-05 -6.33672e-06 0
55.1995 11 0.00012452 -6.33633e-06 0
55.1995 11 0.00019307 -6.33572e-06 0
55.1995 11 0.000299358 -6.33478e-06 0
55.1995 11 0.000464159 -6.33331e-06 0
55.1995 11 0.000719686 -6.33105e-06 0
55.1995 11 0.00111588 -6.32753e-06 0
55.1995 11 0.0017302 -6.3221e-06 0
55.1995 11 0.0026827 -6.3137e-06 0
55.1995 11 0.00415956 -6.30073e-06 0
55.1995 11 0.00644947 -6.28077e-06 0
55.1995 11 0.01 -6.25016e-06 0
55.1995 11 0.0155052 -6.20354e-06 0
55.1995 11 0.024041 -6.13329e-06 0
55.1995 11 0.0372759 -6.02938e-06 0
55.1995 11 0.0577969 -5.88063e-06 0
55.1995 11 0.0896151 -5.68012e-06 0
55.1995 11 0.13895 -5.44115e-06 0
55.1995 11 0.215443 -5.23128e-06 0
55.1995 11 0.334048 -5.20704e-06 0
55.1995 11 0.517947 -5.53255e-06 0
55.1995 11 0.803086 -5.94379e-06 0
55.1995 11 1.2452 -5.48617e-06 0
55.1995 11 1.9307 -4.31597e-06 0
55.1995 11 2.99358 -3.74065e-06 0
55.1995 11 4.64159 -3.36572e-06 0
55.1995 11 7.19686 -1.8677e-06 0
55.1995 11 11.1588 -1.40643e-06 0
55.1995 11 17.302 -6.40167e-07 0
55.1995 11 26.827 -2.41586e-07 0
55.1995 11 41.5956 -1.06691e-07 0
55.1995 11 64.4947 -4.28392e-08 0
55.1995 11 100 -1.58618e-08 0
55.1995 11 155.052 -5.91186e-09 0
55.1995 11 240.41 -2.10154e-09 0
55.1995 11 372.759 -7.09158e-10 0
55.1995 11 577.969 -2.45427e-10 0
55.1995 11 896.151 -8.75786e-11 0
55.1995 11 1389.5 -3.00245e-11 0
55.1995 11 2154.43 -1.02841e-11 0
55.1995 11 3340.48 -3.5848e-12 0
55.1995 11 5179.47 -1.25221e-12 0
55.1995 11 8030.86 -4.32317e-13 0
55.1995 11 12452 -1.43157e-13 0
55.1995 11 19307 -4.5843e-14 0
55.1995 11 29935.8 -1.42585e-14 0
55.1995 11 46415.9 -4.25899e-15 0
55.1995 11 71968.6 -1.22169e-15 0
55.1995 11 111588 -3.44375e-16 0
55.1995 11 173020 -9.16679e-17 0
55.1995 11 268270 -2.45625e-17 0
55.1995 11 415956 -6.49389e-18 0
55.1995 11 644947 -1.64043e-18 0
55.1995 11 1e+06 -2.76808e-19 0

134.596 11 1e-06 -4.75504e-07 0
134.596 11 1.55052e-06 -4.75503e-07 0
134.596 11 2.4041e-06 -4.75503e-07 0
134.596 11 3.72759e-06 -4.75502e-07 0
134.596 11 5.77969e-06 -4.75501e-07 0
134.596 11 8.96151e-06 -4.755e-07 0
134.596 11 1.3895e-05 -4.75498e-07 0
134.596 11 2.15443e-05 -4.75495e-07 0
134.596 11 3.34048e-05 -4.75489e-07 0
134.596 11 5.17947e-05 -4.75481e-07 0
134.596 11 8.03086e-05 -4.75468e-07 0
134.596 11 0.00012452 -4.75449e-07 0
134.596 11 0.00019307 -4.75419e-07 0
134.596 11 0.000299358 -4.75372e-07 0
134.596 11 0.000464159 -4.75299e-07 0
134.596 11 0.000719686 -4.75186e-07 0
134.596 11 0.00111588 -4.75011e-07 0
134.596 11 0.0017302 -4.7474e-07 0
134.596 11 0.0026827 -4.74322e-07 0
134.596 11 0.00415956 -4.73677e-07 0
134.596 11 0.00644947 -4.72685e-07 0
134.596 11 0.01 -4.71164e-07 0
134.596 11 0.0155052 -4.68853e-07 0
134.596 11 0.024041 -4.65379e-07 0
134.596 11 0.0372759 -4.60266e-07 0
134.596 11 0.0577969 -4.53014e-07 0
134.596 11 0.0896151 -4.43427e-07 0
134.596 11 0.13895 -4.32545e-07 0
134.596 11 0.215443 -4.2465e-07 0
134.596 11 0.334048 -4.29482e-07 0
134.596 11 0.517947 -4.58115e-07 0
134.596 11 0.803086 -4.9789e-07 0
134.596 11 1.2452 -4.91521e-07 0
134.596 11 1.9307 -4.31791e-07 0
134.596 11 2.99358 -4.14538e-07 0
134.596 11 4.64159 -4.31827e-07 0
134.596 11 7.19686 -3.12387e-07 0
134.596 11 11.1588 -2.78964e-07 0
134.596 11 17.302 -1.81445e-07 0
134.596 11 26.827 -9.10783e-08 0
134.596 11 41.5956 -5.24671e-08 0
134.596 11 64.4947 -2.69279e-08 0
134.596 11 100 -1.21219e-08 0
134.596 11 155.052 -5.3473e-09 0
134.596 11 240.41 -2.18558e-09 0
134.596 11 372.759 -8.13556e-10 0
134.596 11 577.969 -3.04283e-10 0
134.596 11 896.151 -1.15789e-10 0
134.596 11 1389.5 -4.1501e-11 0
134.596 11 2154.43 -1.4682e-11 0
134.596 11 3340.48 -5.24586e-12 0
134.596 11 5179.47 -1.86695e-12 0
134.596 11 8030.86 -6.53561e-13 0
134.596 11 12452 -2.18538e-13 0
134.596 11 19307 -7.04796e-14 0
134.596 11 29935.8 -2.20365e-14 0
134.596 11 46415.9 -6.60706e-15 0
134.596 11 71968.6 -1.90014e-15 0
134.596 11 111588 -5.36536e-16 0
134.596 11 173020 -1.42959e-16 0
134.596 11 268270 -3.83283e-17 0
134.596 11 415956 -1.01365e-17 0
134.596 11 644947 -2.56102e-18 0
134.596 11 1e+06 -4.32175e-19 0

328.193 11 1e-06 -4.80675e-08 0
328.193 11 1.55052e-06 -4.80675e-08 0
328.193 11 2.4041e-06 -4.80674e-08 0
328.193 11 3.72759e-06 -4.80674e-08 0
328.193 11 5.77969e-06 -4.80674e-08 0
328.193 11 8.96151e-06 -4.80673e-08 0
328.193 11 1.3895e-05 -4.80671e-08 0
328.193 11 2.15443e-05 -4.8067e-08 0
328.193 11 3.34048e-05 -4.80666e-08 0
328.193 11 5.17947e-05 -4.80662e-08 0
328.193 11 8.03086e-05 -4.80654e-08 0
328.193 11 0.00012452 -4.80643e-08 0
328.193 11 0.00019307 -4.80625e-08 0
328.193 11 0.000299358 -4.80598e-08 0
328.193 11 0.000464159 -4.80555e-08 0
328.193 11 0.000719686 -4.8049e-08 0
328.193 11 0.00111588 -4.80388e-08 0
328.193 11 0.0017302 -4.80231e-08 0
328.193 11 0.0026827 -4.79987e-08 0
328.193 11 0.00415956 -4.79612e-08 0
328.193 11 0.00644947 -4.79034e-08 0
328.193 11 0.01 -4.7815e-08 0
328.193 11 0.0155052 -4.76806e-08 0
328.193 11 0.024041 -4.74788e-08 0
328.193 11 0.0372759 -4.71824e-08 0
328.193 11 0.0577969 -4.6763e-08 0
328.193 11 0.0896151 -4.62115e-08 0
328.193 11 0.13895 -4.55936e-08 0
328.193 11 0.215443 -4.51711e-08 0
328.193 11 0.334048 -4.55412e-08 0
328.193 11 0.517947 -4.74173e-08 0
328.193 11 0.803086 -5.01694e-08 0
328.193 11 1.2452 -5.04097e-08 0
328.193 11 1.9307 -4.71597e-08 0
328.193 11 2.99358 -4.70146e-08 0
328.193 11 4.64159 -5.01188e-08 0
328.193 11 7.19686 -4.29558e-08 0
328.193 11 11.1588 -4.16059e-08 0
328.193 11 17.302 -3.46239e-08 0
328.193 11 26.827 -2.29804e-08 0
328.193 11 41.5956 -1.67896e-08 0
328.193 11 64.4947 -1.11999e-08 0
328.193 11 100 -6.45957e-09 0
328.193 11 155.052 -3.57712e-09 0
328.193 11 240.41 -1.80254e-09 0
328.193 11 372.759 -7.8381e-10 0
328.193 11 577.969 -3.31316e-10 0
328.193 11 896.151 -1.39641e-10 0
328.193 11 1389.5 -5.37898e-11 0
328.193 11 2154.43 -2.00214e-11 0
328.193 11 3340.48 -7.42746e-12 0
328.193 11 5179.47 -2.71881e-12 0
328.193 11 8030.86 -9.7195e-13 0
328.193 11 12452 -3.29816e-13 0
328.193 11 19307 -1.07496e-13 0
328.193 11 29935.8 -3.38716e-14 0
328.193 11 46415.9 -1.02121e-14 0
328.193 11 71968.6 -2.94836e-15 0
328.193 11 111588 -8.34698e-16 0
328.193 11 173020 -2.22746e-16 0
328.193 11 268270 -5.97762e-17 0
328.193 11 415956 -1.58172e-17 0
328.193 11 644947 -3.99741e-18 0
328.193 11 1e+06 -6.74643e-19 0

800.25 11 1e-06 -6.59981e-09 0
800.25 11 1.55052e-06 -6.59981e-09 0
800.25 11 2.4041e-06 -6.59981e-09 0
800.25 11 3.72759e-06 -6.5998e-09 0
800.25 11 5.77969e-06 -6.5998e-09 0
800.25 11 8.96151e-06 -6.59979e-09 0
800.25 11 1.3895e-05 -6.59978e-09 0
800.25 11 2.15443e-05 -6.59977e-09 0
800.25 11 3.34048e-05 -6.59975e-09 0
800.25 11 5.17947e-05 -6.59971e-09 0
800.25 11 8.03086e-05 -6.59966e-09 0
800.25 11 0.00012452 -6.59958e-09 0
800.25 11 0.00019307 -6.59945e-09 0
800.25 11 0.000299358 -6.59925e-09 0
800.25 11 0.000464159 -6.59894e-09 0
800.25 11 0.000719686 -6.59846e-09 0
800.25 11 0.00111588 -6.59771e-09 0
800.25 11 0.0017302 -6.59656e-09 0
800.25 11 0.0026827 -6.59478e-09 0
800.25 11 0.00415956 -6.59204e-09 0
800.25 11 0.00644947 -6.58782e-09 0
800.25 11 0.01 -6.58136e-09 0
800.25 11 0.0155052 -6.57155e-09 0
800.25 11 0.024041 -6.55682e-09 0
800.25 11 0.0372759 -6.53518e-09 0
800.25 11 0.0577969 -6.50458e-09 0
800.25 11 0.0896151 -6.46434e-09 0
800.25 11 0.13895 -6.4192e-09 0
800.25 11 0.215443 -6.38807e-09 0
800.25 11 0.334048 -6.4143e-09 0
800.25 11 0.517947 -6.55104e-09 0
800.25 11 0.803086 -6.75868e-09 0
800.25 11 1.2452 -6.79895e-09 0
800.25 11 1.9307 -6.58503e-09 0
800.25 11 2.99358 -6.61328e-09 0
800.25 11 4.64159 -6.91775e-09 0
800.25 11 7.19686 -6.45803e-09 0
800.25 11 11.1588 -6.43455e-09 0
800.25 11 17.302 -6.0218e-09 0
800.25 11 26.827 -4.88022e-09 0
800.25 11 41.5956 -4.19347e-09 0
800.25 11 64.4947 -3.42112e-09 0
800.25 11 100 -2.49621e-09 0
800.25 11 155.052 -1.73578e-09 0
800.25 11 240.41 -1.10606e-09 0
800.25 11 372.759 -5.90154e-10 0
800.25 11 577.969 -2.95892e-10 0
800.25 11 896.151 -1.44869e-10 0
800.25 11 1389.5 -6.24999e-11 0
800.25 11 2154.43 -2.52078e-11 0
800.25 11 3340.48 -9.91713e-12 0
800.25 11 5179.47 -3.79511e-12 0
800.25 11 8030.86 -1.40312e-12 0
800.25 11 12452 -4.87542e-13 0
800.25 11 19307 -1.61591e-13 0
800.25 11 29935.8 -5.15405e-14 0
800.25 11 46415.9 -1.5676e-14 0
800.25 11 71968.6 -4.55403e-15 0
800.25 11 111588 -1.2948e-15 0
800.25 11 173020 -3.46419e-16 0
800.25 11 268270 -9.3118e-17 0
800.25 11 415956 -2.46636e-17 0
800.25 11 644947 -6.23657e-18 0
800.25 11 1e+06 -1.05278e-18 0

1951.29 11 1e-06 -1.0543e-09 0
1951.29 11 1.55052e-06 -1.0543e-09 0
1951.29 11 2.4041e-06 -1.0543e-09 0
1951.29 11 3.72759e-06 -1.0543e-09 0
1951.29 11 5.77969e-06 -1.0543e-09 0
1951.29 11 8.96151e-06 -1.0543e-09 0
1951.29 11 1.3895e-05 -1.0543e-09 0
1951.29 11 2.15443e-05 -1.0543e-09 0
1951.29 11 3.34048e-05 -1.0543e-09 0
1951.29 11 5.17947e-05 -1.05429e-09 0
1951.29 11 8.03086e-05 -1.05429e-09 0
1951.29 11 0.00012452 -1.05428e-09 0
1951.29 11 0.00019307 -1.05427e-09 0
1951.29 11 0.000299358 -1.05426e-09 0
1951.29 11 0.000464159 -1.05423e-09 0
1951.29 11 0.000719686 -1.05419e-09 0
1951.29 11 0.00111588 -1.05413e-09 0
1951.29 11 0.0017302 -1.05403e-09 0
1951.29 11 0.0026827 -1.05389e-09 0
1951.29 11 0.00415956 -1.05366e-09 0
1951.29 11 0.00644947 -1.05331e-09 0
1951.29 11 0.01 -1.05278e-09 0
1951.29 11 0.0155052 -1.05197e-09 0
1951.29 11 0.024041 -1.05076e-09 0
1951.29 11 0.0372759 -1.04898e-09 0
1951.29 11 0.0577969 -1.04645e-09 0
1951.29 11 0.0896151 -1.04313e-09 0
1951.29 11 0.13895 -1.03939e-09 0
1951.29 11 0.215443 -1.03673e-09 0
1951.29 11 0.334048 -1.03867e-09 0
1951.29 11 0.517947 -1.04955e-09 0
1951.29 11 0.803086 -1.06652e-09 0
1951.29 11 1.2452 -1.07092e-09 0
1951.29 11 1.9307 -1.05533e-09 0
1951.29 11 2.99358 -1.05949e-09 0
1951.29 11 4.64159 -1.08708e-09 0
1951.29 11 7.19686 -1.05506e-09 0
1951.29 11 11.1588 -1.05876e-09 0
1951.29 11 17.302 -1.03618e-09 0
1951.29 11 26.827 -9.38578e-10 0
1951.29 11 41.5956 -8.79414e-10 0
1951.29 11 64.4947 -8.0435e-10 0
1951.29 11 100 -6.88841e-10 0
1951.29 11 155.052 -5.69816e-10 0
1951.29 11 240.41 -4.44497e-10 0
1951.29 11 372.759 -2.98299e-10 0
1951.29 11 577.969 -1.85816e-10 0
1951.29 11 896.151 -1.11562e-10 0
1951.29 11 1389.5 -5.73669e-11 0
1951.29 11 2154.43 -2.64359e-11 0
1951.29 11 3340.48 -1.15134e-11 0
1951.29 11 5179.47 -4.7748e-12 0
1951.29 11 8030.86 -1.88047e-12 0
1951.29 11 12452 -6.8378e-13 0
1951.29 11 19307 -2.3405e-13 0
1951.29 11 29935.8 -7.64145e-14 0
1951.29 11 46415.9 -2.36387e-14 0
1951.29 11 71968.6 -6.95172e-15 0
1951.29 11 111588 -1.99355e-15 0
1951.29 11 173020 -5.36196e-16 0
1951.29 11 268270 -1.44629e-16 0
1951.29 11 415956 -3.83872e-17 0
1951.29 11 644947 -9.71873e-18 0
1951.29 11 1e+06 -1.64146e-18 0

4757.94 11 1e-06 -1.95598e-10 0
4757.94 11 1.55052e-06 -1.95598e-10 0
4757.94 11 2.4041e-06 -1.95598e-10 0
4757.94 11 3.72759e-06 -1.95598e-10 0
4757.94 11 5.77969e-06 -1.95598e-10 0
4757.94 11 8.96151e-06 -1.95598e-10 0
4757.94 11 1.3895e-05 -1.95598e-10 0
4757.94 11 2.15443e-05 -1.95598e-10 0
4757.94 11 3.34048e-05 -1.95598e-10 0
4757.94 11 5.17947e-05 -1.95597e-10 0
4757.94 11 8.03086e-05 -1.95597e-10 0
4757.94 11 0.00012452 -1.95596e-10 0
4757.94 11 0.00019307 -1.95595e-10 0
4757.94 11 0.000299358 -1.95594e-10 0
4757.94 11 0.000464159 -1.95592e-10 0
4757.94 11 0.000719686 -1.95588e-10 0
4757.94 11 0.00111588 -1.95582e-10 0
4757.94 11 0.0017302 -1.95574e-10 0
4757.94 11 0.0026827 -1.95561e-10 0
4757.94 11 0.00415956 -1.9554e-10 0
4757.94 11 0.00644947 -1.95509e-10 0
4757.94 11 0.01 -1.95461e-10 0
4757.94 11 0.0155052 -1.95388e-10 0
4757.94 11 0.024041 -1.95278e-10 0
4757.94 11 0.0372759 -1.95117e-10 0
4757.94 11 0.0577969 -1.94889e-10 0
4757.94 11 0.0896151 -1.94589e-10 0
4757.94 11 0.13895 -1.94248e-10 0
4757.94 11 0.215443 -1.94001e-10 0
4757.94 11 0.334048 -1.94155e-10 0
4757.94 11 0.517947 -1.95097e-10 0
4757.94 11 0.803086 -1.96597e-10 0
4757.94 11 1.2452 -1.97048e-10 0
4757.94 11 1.9307 -1.9578e-10 0
4757.94 11 2.99358 -1.96234e-10 0
4757.94 11 4.64159 -1.98771e-10 0
4757.94 11 7.19686 -1.96255e-10 0
4757.94 11 11.1588 -1.96905e-10 0
4757.94 11 17.302 -1.95587e-10 0
4757.94 11 26.827 -1.87193e-10 0
4757.94 11 41.5956 -1.82363e-10 0
4757.94 11 64.4947 -1.75936e-10 0
4757.94 11 100 -1.6436e-10 0
4757.94 11 155.052 -1.50855e-10 0
4757.94 11 240.41 -1.34269e-10 0
4757.94 11 372.759 -1.08677e-10 0
4757.94 11 577.969 -8.25968e-11 0
4757.94 11 896.151 -6.02949e-11 0
4757.94 11 1389.5 -3.81366e-11 0
4757.94 11 2154.43 -2.10787e-11 0
4757.94 11 3340.48 -1.06815e-11 0
4757.94 11 5179.47 -5.04031e-12 0
4757.94 11 8030.86 -2.21226e-12 0
4757.94 11 12452 -8.72706e-13 0
4757.94 11 19307 -3.16728e-13 0
4757.94 11 29935.8 -1.07914e-13 0
4757.94 11 46415.9 -3.44472e-14 0
4757.94 11 71968.6 -1.03673e-14 0
4757.94 11 111588 -3.02288e-15 0
4757.94 11 173020 -8.21631e-16 0
4757.94 11 268270 -2.23193e-16 0
4757.94 11 415956 -5.95025e-17 0
4757.94 11 644947 -1.51051e-17 0
4757.94 11 1e+06 -2.55425e-18 0

11601.6 11 1e-06 -3.60283e-11 0
11601.6 11 1.55052e-06 -3.60283e-11 0
11601.6 11 2.4041e-06 -3.60283e-11 0
11601.6 11 3.72759e-06 -3.60283e-11 0
11601.6 11 5.77969e-06 -3.60283e-11 0
11601.6 11 8.96151e-06 -3.60283e-11 0
11601.6 11 1.3895e-05 -3.60283e-11 0
11601.6 11 2.15443e-05 -3.60283e-11 0
11601.6 11 3.34048e-05 -3.60283e-11 0
11601.6 11 5.17947e-05 -3.60283e-11 0
11601.6 11 8.03086e-05 -3.60282e-11 0
11601.6 11 0.00012452 -3.60282e-11 0
11601.6 11 0.00019307 -3.60281e-11 0
11601.6 11 0.000299358 -3.60279e-11 0
11601.6 11 0.000464159 -3.60277e-11 0
11601.6 11 0.000719686 -3.60274e-11 0
11601.6 11 0.00111588 -3.60269e-11 0
11601.6 11 0.0017302 -3.60261e-11 0
11601.6 11 0.0026827 -3.60249e-11 0
11601.6 11 0.00415956 -3.6023e-11 0
11601.6 11 0.00644947 -3.60201e-11 0
11601.6 11 0.01 -3.60156e-11 0
11601.6 11 0.0155052 -3.60088e-11 0
11601.6 11 0.024041 -3.59987e-11 0
11601.6 11 0.0372759 -3.59838e-11 0
11601.6 11 0.0577969 -3.59626e-11 0
11601.6 11 0.0896151 -3.59347e-11 0
11601.6 11 0.13895 -3.59028e-11 0
11601.6 11 0.215443 -3.5879e-11 0
11601.6 11 0.334048 -3.58911e-11 0
11601.6 11 0.517947 -3.59743e-11 0
11601.6 11 0.803086 -3.61094e-11 0
11601.6 11 1.2452 -3.61547e-11 0
11601.6 11 1.9307 -3.60495e-11 0
11601.6 11 2.99358 -3.60957e-11 0
11601.6 11 4.64159 -3.63276e-11 0
11601.6 11 7.19686 -3.61247e-11 0
11601.6 11 11.1588 -3.62066e-11 0
11601.6 11 17.302 -3.61357e-11 0
11601.6 11 26.827 -3.5432e-11 0
11601.6 11 41.5956 -3.50684e-11 0
11601.6 11 64.4947 -3.45837e-11 0
11601.6 11 100 -3.3609e-11 0
11601.6 11 155.052 -3.24284e-11 0
11601.6 11 240.41 -3.08767e-11 0
11601.6 11 372.759 -2.79529e-11 0
11601.6 11 577.969 -2.43576e-11 0
11601.6 11 896.151 -2.06634e-11 0
11601.6 11 1389.5 -1.58826e-11 0
11601.6 11 2154.43 -1.08267e-11 0
11601.6 11 3340.48 -6.70323e-12 0
11601.6 11 5179.47 -3.82293e-12 0
11601.6 11 8030.86 -1.99889e-12 0
11601.6 11 12452 -9.10406e-13 0
11601.6 11 19307 -3.68528e-13 0
11601.6 11 29935.8 -1.36362e-13 0
11601.6 11 46415.9 -4.63432e-14 0
11601.6 11 71968.6 -1.46284e-14 0
11601.6 11 111588 -4.41832e-15 0
11601.6 11 173020 -1.22861e-15 0
11601.6 11 268270 -3.39058e-16 0
11601.6 11 415956 -9.13101e-17 0
11601.6 11 644947 -2.3325e-17 0
11601.6 11 1e+06 -3.95543e-18 0

28288.7 11 1e-06 -6.80892e-12 0
28288.7 11 1.55052e-06 -6.80892e-12 0
28288.7 11 2.4041e-06 -6.80892e-12 0
28288.7 11 3.72759e-06 -6.80892e-12 0
28288.7 11 5.77969e-06 -6.80892e-12 0
28288.7 11 8.96151e-06 -6.80892e-12 0
28288.7 11 1.3895e-05 -6.80892e-12 0
28288.7 11 2.15443e-05 -6.80892e-12 0
28288.7 11 3.34048e-05 -6.80892e-12 0
28288.7 11 5.17947e-05 -6.80892e-12 0
28288.7 11 8.03086e-05 -6.80891e-12 0
28288.7 11 0.00012452 -6.80891e-12 0
28288.7 11 0.00019307 -6.8089e-12 0
28288.7 11 0.000299358 -6.80889e-12 0
28288.7 11 0.000464159 -6.80887e-12 0
28288.7 11 0.000719686 -6.80883e-12 0
28288.7 11 0.00111588 -6.80879e-12 0
28288.7 11 0.0017302 -6.80871e-12 0
28288.7 11 0.0026827 -6.80859e-12 0
28288.7 11 0.00415956 -6.80841e-12 0
28288.7 11 0.00644947 -6.80813e-12 0
28288.7 11 0.01 -6.80771e-12 0
28288.7 11 0.0155052 -6.80706e-12 0
28288.7 11 0.024041 -6.80609e-12 0
28288.7 11 0.0372759 -6.80466e-12 0
28288.7 11 0.0577969 -6.80264e-12 0
28288.7 11 0.0896151 -6.79996e-12 0
28288.7 11 0.13895 -6.79689e-12 0
28288.7 11 0.215443 -6.79454e-12 0
28288.7 11 0.334048 -6.79549e-12 0
28288.7 11 0.517947 -6.80307e-12 0
28288.7 11 0.803086 -6.81559e-12 0
28288.7 11 1.2452 -6.82013e-12 0
28288.7 11 1.9307 -6.81104e-12 0
28288.7 11 2.99358 -6.81563e-12 0
28288.7 11 4.64159 -6.83715e-12 0
28288.7 11 7.19686 -6.81994e-12 0
28288.7 11 11.1588 -6.82901e-12 0
28288.7 11 17.302 -6.82545e-12 0
28288.7 11 26.827 -6.7647e-12 0
28288.7 11 41.5956 -6.73684e-12 0
28288.7 11 64.4947 -6.70042e-12 0
28288.7 11 100 -6.6206e-12 0
28288.7 11 155.052 -6.52466e-12 0
28288.7 11 240.41 -6.39678e-12 0
28288.7 11 372.759 -6.12043e-12 0
28288.7 11 577.969 -5.74564e-12 0
28288.7 11 896.151 -5.32487e-12 0
28288.7 11 1389.5 -4.67262e-12 0
28288.7 11 2154.43 -3.7833e-12 0
28288.7 11 3340.48 -2.8331e-12 0
28288.7 11 5179.47 -1.97287e-12 0
28288.7 11 8030.86 -1.26609e-12 0
28288.7 11 12452 -7.0112e-13 0
28288.7 11 19307 -3.35135e-13 0
28288.7 11 29935.8 -1.42028e-13 0
28288.7 11 46415.9 -5.3855e-14 0
28288.7 11 71968.6 -1.85597e-14 0
28288.7 11 111588 -5.99841e-15 0
28288.7 11 173020 -1.74548e-15 0
28288.7 11 268270 -4.97755e-16 0
28288.7 11 415956 -1.37e-16 0
28288.7 11 644947 -3.54862e-17 0
28288.7 11 1e+06 -6.05713e-18 0

68977.9 11 1e-06 -1.17401e-12 0
68977.9 11 1.55052e-06 -1.17401e-12 0
68977.9 11 2.4041e-06 -1.17401e-12 0
68977.9 11 3.72759e-06 -1.17401e-12 0
68977.9 11 5.77969e-06 -1.17401e-12 0
68977.9 11 8.96151e-06 -1.17401e-12 0
68977.9 11 1.3895e-05 -1.17401e-12 0
68977.9 11 2.15443e-05 -1.17401e-12 0
68977.9 11 3.34048e-05 -1.17401e-12 0
68977.9 11 5.17947e-05 -1.17401e-12 0
68977.9 11 8.03086e-05 -1.17401e-12 0
68977.9 11 0.00012452 -1.17401e-12 0
68977.9 11 0.00019307 -1.17401e-12 0
68977.9 11 0.000299358 -1.17401e-12 0
68977.9 11 0.000464159 -1.17401e-12 0
68977.9 11 0.000719686 -1.17401e-12 0
68977.9 11 0.00111588 -1.174e-12 0
68977.9 11 0.0017302 -1.17399e-12 0
68977.9 11 0.0026827 -1.17398e-12 0
68977.9 11 0.00415956 -1.17396e-12 0
68977.9 11 0.00644947 -1.17394e-12 0
68977.9 11 0.01 -1.1739e-12 0
68977.9 11 0.0155052 -1.17384e-12 0
68977.9 11 0.024041 -1.17374e-12 0
68977.9 11 0.0372759 -1.17361e-12 0
68977.9 11 0.0577969 -1.17341e-12 0
68977.9 11 0.0896151 -1.17316e-12 0
68977.9 11 0.13895 -1.17286e-12 0
68977.9 11 0.215443 -1.17263e-12 0
68977.9 11 0.334048 -1.17269e-12 0
68977.9 11 0.517947 -1.17338e-12 0
68977.9 11 0.803086 -1.17453e-12 0
68977.9 11 1.2452 -1.17498e-12 0
68977.9 11 1.9307 -1.17422e-12 0
68977.9 11 2.99358 -1.17467e-12 0
68977.9 11 4.64159 -1.17664e-12 0
68977.9 11 7.19686 -1.17523e-12 0
68977.9 11 11.1588 -1.17621e-12 0
68977.9 11 17.302 -1.17618e-12 0
68977.9 11 26.827 -1.17113e-12 0
68977.9 11 41.5956 -1.16925e-12 0
68977.9 11 64.4947 -1.16692e-12 0
68977.9 11 100 -1.16111e-12 0
68977.9 11 155.052 -1.15452e-12 0
68977.9 11 240.41 -1.14603e-12 0
68977.9 11 372.759 -1.1245e-12 0
68977.9 11 577.969 -1.09416e-12 0
68977.9 11 896.151 -1.06029e-12 0
68977.9 11 1389.5 -1.00039e-12 0
68977.9 11 2154.43 -9.02425e-13 0
68977.9 11 3340.48 -7.75311e-13 0
68977.9 11 5179.47 -6.34891e-13 0
68977.9 11 8030.86 -4.91099e-13 0
68977.9 11 12452 -3.37069e-13 0
68977.9 11 19307 -2.0022e-13 0
68977.9 11 29935.8 -1.03843e-13 0
68977.9 11 46415.9 -4.71356e-14 0
68977.9 11 71968.6 -1.89831e-14 0
68977.9 11 111588 -6.96635e-15 0
68977.9 11 173020 -2.21672e-15 0
68977.9 11 268270 -6.7655e-16 0
68977.9 11 415956 -1.95147e-16 0
68977.9 11 644947 -5.21367e-17 0
68977.9 11 1e+06 -9.03346e-18 0

168192 11 1e-06 -1.76804e-13 0
168192 11 1.55052e-06 -1.76804e-13 0
168192 11 2.4041e-06 -1.76804e-13 0
168192 11 3.72759e-06 -1.76804e-13 0
168192 11 5.77969e-06 -1.76804e-13 0
168192 11 8.96151e-06 -1.76804e-13 0
168192 11 1.3895e-05 -1.76804e-13 0
168192 11 2.15443e-05 -1.76804e-13 0
168192 11 3.34048e-05 -1.76804e-13 0
168192 11 5.17947e-05 -1.76804e-13 0
168192 11 8.03086e-05 -1.76804e-13 0
168192 11 0.00012452 -1.76804e-13 0
168192 11 0.00019307 -1.76804e-13 0
168192 11 0.000299358 -1.76804e-13 0
168192 11 0.000464159 -1.76804e-13 0
168192 11 0.000719686 -1.76804e-13 0
168192 11 0.00111588 -1.76803e-13 0
168192 11 0.0017302 -1.76802e-13 0
168192 11 0.0026827 -1.76801e-13 0
168192 11 0.00415956 -1.768e-13 0
168192 11 0.00644947 -1.76797e-13 0
168192 11 0.01 -1.76793e-13 0
168192 11 0.0155052 -1.76787e-13 0
168192 11 0.024041 -1.76779e-13 0
168192 11 0.0372759 -1.76766e-13 0
168192 11 0.0577969 -1.76747e-13 0
168192 11 0.0896151 -1.76722e-13 0
168192 11 0.13895 -1.76694e-13 0
168192 11 0.215443 -1.7667e-13 0
168192 11 0.334048 -1.76674e-13 0
168192 11 0.517947 -1.76735e-13 0
168192 11 0.803086 -1.76839e-13 0
168192 11 1.2452 -1.76884e-13 0
168192 11 1.9307 -1.76822e-13 0
168192 11 2.99358 -1.76865e-13 0
168192 11 4.64159 -1.77042e-13 0
168192 11 7.19686 -1.76929e-13 0
168192 11 11.1588 -1.77032e-13 0
168192 11 17.302 -1.77055e-13 0
168192 11 26.827 -1.76651e-13 0
168192 11 41.5956 -1.76544e-13 0
168192 11 64.4947 -1.76431e-13 0
168192 11 100 -1.76059e-13 0
168192 11 155.052 -1.75693e-13 0
168192 11 240.41 -1.75273e-13 0
168192 11 372.759 -1.7384e-13 0
168192 11 577.969 -1.71823e-13 0
168192 11 896.151 -1.69814e-13 0
168192 11 1389.5 -1.6573e-13 0
168192 11 2154.43 -1.57993e-13 0
168192 11 3340.48 -1.46743e-13 0
168192 11 5179.47 -1.33002e-13 0
168192 11 8030.86 -1.17155e-13 0
168192 11 12452 -9.57688e-14 0
168192 11 19307 -7.03318e-14 0
168192 11 29935.8 -4.59812e-14 0
168192 11 46415.9 -2.64548e-14 0
168192 11 71968.6 -1.34193e-14 0
168192 11 111588 -6.04816e-15 0
168192 11 173020 -2.25341e-15 0
168192 11 268270 -7.82754e-16 0
168192 11 415956 -2.48166e-16 0
168192 11 644947 -7.07951e-17 0
168192 11 1e+06 -1.2677e-17 0

410113 11 1e-06 -2.30197e-14 0
410113 11 1.55052e-06 -2.30197e-14 0
410113 11 2.4041e-06 -2.30197e-14 0
410113 11 3.72759e-06 -2.30197e-14 0
410113 11 5.77969e-06 -2.30197e-14 0
410113 11 8.96151e-06 -2.30197e-14 0
410113 11 1.3895e-05 -2.30197e-14 0
410113 11 2.15443e-05 -2.30197e-14 0
410113 11 3.34048e-05 -2.30197e-14 0
410113 11 5.17947e-05 -2.30197e-14 0
410113 11 8.03086e-05 -2.30197e-14 0
410113 11 0.00012452 -2.30197e-14 0
410113 11 0.00019307 -2.30197e-14 0
410113 11 0.000299358 -2.30196e-14 0
410113 11 0.000464159 -2.30196e-14 0
410113 11 0.000719686 -2.30196e-14 0
410113 11 0.00111588 -2.30196e-14 0
410113 11 0.0017302 -2.30195e-14 0
410113 11 0.0026827 -2.30194e-14 0
410113 11 0.00415956 -2.30192e-14 0
410113 11 0.00644947 -2.3019e-14 0
410113 11 0.01 -2.30186e-14 0
410113 11 0.0155052 -2.30181e-14 0
410113 11 0.024041 -2.30172e-14 0
410113 11 0.0372759 -2.3016e-14 0
410113 11 0.0577969 -2.30142e-14 0
410113 11 0.0896151 -2.30118e-14 0
410113 11 0.13895 -2.3009e-14 0
410113 11 0.215443 -2.30067e-14 0
410113 11 0.334048 -2.30068e-14 0
410113 11 0.517947 -2.3012e-14 0
410113 11 0.803086 -2.30214e-14 0
410113 11 1.2452 -2.30259e-14 0
410113 11 1.9307 -2.3021e-14 0
410113 11 2.99358 -2.3025e-14 0
410113 11 4.64159 -2.30405e-14 0
410113 11 7.19686 -2.30318e-14 0
410113 11 11.1588 -2.30421e-14 0
410113 11 17.302 -2.30465e-14 0
410113 11 26.827 -2.3015e-14 0
410113 11 41.5956 -2.30111e-14 0
410113 11 64.4947 -2.30095e-14 0
410113 11 100 -2.29898e-14 0
410113 11 155.052 -2.29776e-14 0
410113 11 240.41 -2.29713e-14 0
410113 11 372.759 -2.28926e-14 0
410113 11 577.969 -2.27863e-14 0
410113 11 896.151 -2.27176e-14 0
410113 11 1389.5 -2.25172e-14 0
410113 11 2154.43 -2.20463e-14 0
410113 11 3340.48 -2.13107e-14 0
410113 11 5179.47 -2.04074e-14 0
410113 11 8030.86 -1.93737e-14 0
410113 11 12452 -1.76981e-14 0
410113 11 19307 -1.51663e-14 0
410113 11 29935.8 -1.20459e-14 0
410113 11 46415.9 -8.72772e-15 0
410113 11 71968.6 -5.72638e-15 0
410113 11 111588 -3.34263e-15 0
410113 11 173020 -1.56885e-15 0
410113 11 268270 -6.72422e-16 0
410113 11 415956 -2.51914e-16 0
410113 11 644947 -8.14138e-17 0
410113 11 1e+06 -1.55732e-17 0

1e+06 11 1e-06 -2.62667e-15 0
1e+06 11 1.55052e-06 -2.62665e-15 0
1e+06 11 2.4041e-06 -2.62666e-15 0
1e+06 11 3.72759e-06 -2.62666e-15 0
1e+06 11 5.77969e-06 -2.62666e-15 0
1e+06 11 8.96151e-06 -2.62666e-15 0
1e+06 11 1.3895e-05 -2.62666e-15 0
1e+06 11 2.15443e-05 -2.62666e-15 0
1e+06 11 3.34048e-05 -2.62666e-15 0
1e+06 11 5.17947e-05 -2.62666e-15 0
1e+06 11 8.03086e-05 -2.62666e-15 0
1e+06 11 0.00012452 -2.62666e-15 0
1e+06 11 0.00019307 -2.62666e-15 0
1e+06 11 0.000299358 -2.62665e-15 0
1e+06 11 0.000464159 -2.62665e-15 0
1e+06 11 0.000719686 -2.62665e-15 0
1e+06 11 0.00111588 -2.62665e-15 0
1e+06 11 0.0017302 -2.62664e-15 0
1e+06 11 0.0026827 -2.62663e-15 0
1e+06 11 0.00415956 -2.62661e-15 0
1e+06 11 0.00644947 -2.62659e-15 0
1e+06 11 0.01 -2.62655e-15 0
1e+06 11 0.0155052 -2.6265e-15 0
1e+06 11 0.024041 -2.62642e-15 0
1e+06 11 0.0372759 -2.6263e-15 0
1e+06 11 0.0577969 -2.62612e-15 0
1e+06 11 0.0896151 -2.62589e-15 0
1e+06 11 0.13895 -2.62562e-15 0
1e+06 11 0.215443 -2.62538e-15 0
1e+06 11 0.334048 -2.62536e-15 0
1e+06 11 0.517947 -2.62581e-15 0
1e+06 11 0.803086 -2.62667e-15 0
1e+06 11 1.2452 -2.6271e-15 0
1e+06 11 1.9307 -2.62673e-15 0
1e+06 11 2.99358 -2.6271e-15 0
1e+06 11 4.64159 -2.62844e-15 0
1e+06 11 7.19686 -2.62778e-15 0
1e+06 11 11.1588 -2.62877e-15 0
1e+06 11 17.302 -2.62933e-15 0
1e+06 11 26.827 -2.62687e-15 0
1e+06 11 41.5956 -2.62693e-15 0
1e+06 11 64.4947 -2.6274e-15 0
1e+06 11 100 -2.62666e-15 0
1e+06 11 155.052 -2.62707e-15 0
1e+06 11 240.41 -2.62881e-15 0
1e+06 11 372.759 -2.62551e-15 0
1e+06 11 577.969 -2.62168e-15 0
1e+06 11 896.151 -2.62412e-15 0
1e+06 11 1389.5 -2.61951e-15 0
1e+06 11 2154.43 -2.59725e-15 0
1e+06 11 3340.48 -2.55981e-15 0
1e+06 11 5179.47 -2.51955e-15 0
1e+06 11 8030.86 -2.48567e-15 0
1e+06 11 12452 -2.41128e-15 0
1e+06 11 19307 -2.26232e-15 0
1e+06 11 29935.8 -2.03914e-15 0
1e+06 11 46415.9 -1.7481e-15 0
1e+06 11 71968.6 -1.41861e-15 0
1e+06 11 111588 -1.05747e-15 0
1e+06 11 173020 -6.47758e-16 0
1e+06 11 268270 -3.63851e-16 0
1e+06 11 415956 -1.73483e-16 0
1e+06 11 644947 -6.84119e-17 0
1e+06 11 1e+06 -1.46447e-17 0

