#q_sq i k_sq Re(fg) Im(fg)
1e-06 7 1e-06 3530.92 -0
1e-06 7 1.55052e-06 2276.92 -0
1e-06 7 2.4041e-06 1468.16 -0
1e-06 7 3.72759e-06 946.551 -0
1e-06 7 5.77969e-06 610.141 -0
1e-06 7 8.96151e-06 393.174 -0
1e-06 7 1.3895e-05 253.242 -0
1e-06 7 2.15443e-05 162.994 -0
1e-06 7 3.34048e-05 104.788 -0
1e-06 7 5.17947e-05 67.2487 -0
1e-06 7 8.03086e-05 43.0378 -0
1e-06 7 0.00012452 27.4232 -0
1e-06 7 0.00019307 17.3527 -0
1e-06 7 0.000299358 10.8579 -0
1e-06 7 0.000464159 6.66945 -0
1e-06 7 0.000719686 3.96856 -0
1e-06 7 0.00111588 2.22733 -0
1e-06 7 0.0017302 1.1054 -0
1e-06 7 0.0026827 0.383494 -0
1e-06 7 0.00415956 -0.079524 0
1e-06 7 0.00644947 -0.374194 0
1e-06 7 0.01 -0.558176 0
1e-06 7 0.0155052 -0.667602 0
1e-06 7 0.024041 -0.724323 0
1e-06 7 0.0372759 -0.740383 0
1e-06 7 0.0577969 -0.721068 0
1e-06 7 0.0896151 -0.667599 0
1e-06 7 0.13895 -0.57972 0
1e-06 7 0.215443 -0.460078 0
1e-06 7 0.334048 -0.320316 0
1e-06 7 0.517947 -0.18412 0
1e-06 7 0.803086 -0.0809553 0
1e-06 7 1.2452 -0.0259083 0
1e-06 7 1.9307 -0.00637932 0
1e-06 7 2.99358 -0.00153193 0
1e-06 7 4.64159 -0.000533026 0
1e-06 7 7.19686 -0.000209275 0
1e-06 7 11.1588 -8.32045e-05 0
1e-06 7 17.302 -3.37126e-05 0
1e-06 7 26.827 -1.35577e-05 0
1e-06 7 41.5956 -5.41917e-06 0
1e-06 7 64.4947 -2.16974e-06 0
1e-06 7 100 -8.69039e-07 0
1e-06 7 155.052 -3.47884e-07 0
1e-06 7 240.41 -1.39463e-07 0
1e-06 7 372.759 -5.59538e-08 0
1e-06 7 577.969 -2.24162e-08 0
1e-06 7 896.151 -8.96463e-09 0
1e-06 7 1389.5 -3.57813e-09 0
1e-06 7 2154.43 -1.42049e-09 0
1e-06 7 3340.48 -5.58981e-10 0
1e-06 7 5179.47 -2.17147e-10 0
1e-06 7 8030.86 -8.27984e-11 0
1e-06 7 12452 -3.07698e-11 0
1e-06 7 19307 -1.10517e-11 0
1e-06 7 29935.8 -3.80824e-12 0
1e-06 7 46415.9 -1.25306e-12 0
1e-06 7 71968.6 -3.93361e-13 0
1e-06 7 111588 -1.182e-13 0
1e-06 7 173020 -3.42313e-14 0
1e-06 7 268270 -9.62458e-15 0
1e-06 7 415956 -2.64803e-15 0
1e-06 7 644947 -7.1764e-16 0
1e-06 7 1e+06 -1.9273e-16 0

2.43835e-06 7 1e-06 3530.92 -0
2.43835e-06 7 1.55052e-06 2276.92 -0
2.43835e-06 7 2.4041e-06 1468.16 -0
2.43835e-06 7 3.72759e-06 946.55 -0
2.43835e-06 7 5.77969e-06 610.14 -0
2.43835e-06 7 8.96151e-06 393.174 -0
2.43835e-06 7 1.3895e-05 253.242 -0
2.43835e-06 7 2.15443e-05 162.993 -0
2.43835e-06 7 3.34048e-05 104.788 -0
2.43835e-06 7 5.17947e-05 67.2486 -0
2.43835e-06 7 8.03086e-05 43.0378 -0
2.43835e-06 7 0.00012452 27.4231 -0
2.43835e-06 7 0.00019307 17.3526 -0
2.43835e-06 7 0.000299358 10.8579 -0
2.43835e-06 7 0.000464159 6.66944 -0
2.43835e-06 7 0.000719686 3.96856 -0
2.43835e-06 7 0.00111588 2.22732 -0
2.43835e-06 7 0.0017302 1.1054 -0
2.43835e-06 7 0.0026827 0.383494 -0
2.43835e-06 7 0.00415956 -0.0795238 0
2.43835e-06 7 0.00644947 -0.374193 0
2.43835e-06 7 0.01 -0.558175 0
2.43835e-06 7 0.0155052 -0.667601 0
2.43835e-06 7 0.024041 -0.724323 0
2.43835e-06 7 0.0372759 -0.740382 0
2.43835e-06 7 0.0577969 -0.721067 0
2.43835e-06 7 0.0896151 -0.667598 0
2.43835e-06 7 0.13895 -0.57972 0
2.43835e-06 7 0.215443 -0.460078 0
2.43835e-06 7 0.334048 -0.320316 0
2.43835e-06 7 0.517947 -0.18412 0
2.43835e-06 7 0.803086 -0.0809553 0
2.43835e-06 7 1.2452 -0.0259083 0
2.43835e-06 7 1.9307 -0.00637932 0
2.43835e-06 7 2.99358 -0.00153193 0
2.43835e-06 7 4.64159 -0.000533026 0
2.43835e-06 7 7.19686 -0.000209275 0
2.43835e-06 7 11.1588 -8.32044e-05 0
2.43835e-06 7 17.302 -3.37126e-05 0
2.43835e-06 7 26.827 -1.35577e-05 0
2.43835e-06 7 41.5956 -5.41916e-06 0
2.43835e-06 7 64.4947 -2.16974e-06 0
2.43835e-06 7 100 -8.69039e-07 0
2.43835e-06 7 155.052 -3.47884e-07 0
2.43835e-06 7 240.41 -1.39463e-07 0
2.43835e-06 7 372.759 -5.59538e-08 0
2.43835e-06 7 577.969 -2.24162e-08 0
2.43835e-06 7 896.151 -8.96463e-09 0
2.43835e-06 7 1389.5 -3.57813e-09 0
2.43835e-06 7 2154.43 -1.42049e-09 0
2.43835e-06 7 3340.48 -5.58981e-10 0
2.43835e-06 7 5179.47 -2.17147e-10 0
2.43835e-06 7 8030.86 -8.27983e-11 0
2.43835e-06 7 12452 -3.07698e-11 0
2.43835e-06 7 19307 -1.10517e-11 0
2.43835e-06 7 29935.8 -3.80824e-12 0
2.43835e-06 7 46415.9 -1.25306e-12 0
2.43835e-06 7 71968.6 -3.93361e-13 0
2.43835e-06 7 111588 -1.182e-13 0
2.43835e-06 7 173020 -3.42313e-14 0
2.43835e-06 7 268270 -9.62457e-15 0
2.43835e-06 7 415956 -2.64803e-15 0
2.43835e-06 7 644947 -7.1764e-16 0
2.43835e-06 7 1e+06 -1.92729e-16 0

5.94557e-06 7 1e-06 3530.91 -0
5.94557e-06 7 1.55052e-06 2276.92 -0
5.94557e-06 7 2.4041e-06 1468.16 -0
5.94557e-06 7 3.72759e-06 946.548 -0
5.94557e-06 7 5.77969e-06 610.139 -0
5.94557e-06 7 8.96151e-06 393.173 -0
5.94557e-06 7 1.3895e-05 253.241 -0
5.94557e-06 7 2.15443e-05 162.993 -0
5.94557e-06 7 3.34048e-05 104.788 -0
5.94557e-06 7 5.17947e-05 67.2485 -0
5.94557e-06 7 8.03086e-05 43.0377 -0
5.94557e-06 7 0.00012452 27.4231 -0
5.94557e-06 7 0.00019307 17.3526 -0
5.94557e-06 7 0.000299358 10.8579 -0
5.94557e-06 7 0.000464159 6.66943 -0
5.94557e-06 7 0.000719686 3.96855 -0
5.94557e-06 7 0.00111588 2.22732 -0
5.94557e-06 7 0.0017302 1.1054 -0
5.94557e-06 7 0.0026827 0.383493 -0
5.94557e-06 7 0.00415956 -0.0795233 0
5.94557e-06 7 0.00644947 -0.374192 0
5.94557e-06 7 0.01 -0.558174 0
5.94557e-06 7 0.0155052 -0.6676 0
5.94557e-06 7 0.024041 -0.724321 0
5.94557e-06 7 0.0372759 -0.74038 0
5.94557e-06 7 0.0577969 -0.721065 0
5.94557e-06 7 0.0896151 -0.667597 0
5.94557e-06 7 0.13895 -0.579719 0
5.94557e-06 7 0.215443 -0.460076 0
5.94557e-06 7 0.334048 -0.320315 0
5.94557e-06 7 0.517947 -0.18412 0
5.94557e-06 7 0.803086 -0.0809551 0
5.94557e-06 7 1.2452 -0.0259083 0
5.94557e-06 7 1.9307 -0.00637931 0
5.94557e-06 7 2.99358 -0.00153192 0
5.94557e-06 7 4.64159 -0.000533025 0
5.94557e-06 7 7.19686 -0.000209274 0
5.94557e-06 7 11.1588 -8.32043e-05 0
5.94557e-06 7 17.302 -3.37126e-05 0
5.94557e-06 7 26.827 -1.35577e-05 0
5.94557e-06 7 41.5956 -5.41916e-06 0
5.94557e-06 7 64.4947 -2.16974e-06 0
5.94557e-06 7 100 -8.69038e-07 0
5.94557e-06 7 155.052 -3.47883e-07 0
5.94557e-06 7 240.41 -1.39463e-07 0
5.94557e-06 7 372.759 -5.59537e-08 0
5.94557e-06 7 577.969 -2.24162e-08 0
5.94557e-06 7 896.151 -8.96462e-09 0
5.94557e-06 7 1389.5 -3.57812e-09 0
5.94557e-06 7 2154.43 -1.42049e-09 0
5.94557e-06 7 3340.48 -5.5898e-10 0
5.94557e-06 7 5179.47 -2.17147e-10 0
5.94557e-06 7 8030.86 -8.27982e-11 0
5.94557e-06 7 12452 -3.07697e-11 0
5.94557e-06 7 19307 -1.10517e-11 0
5.94557e-06 7 29935.8 -3.80824e-12 0
5.94557e-06 7 46415.9 -1.25306e-12 0
5.94557e-06 7 71968.6 -3.93361e-13 0
5.94557e-06 7 111588 -1.182e-13 0
5.94557e-06 7 173020 -3.42312e-14 0
5.94557e-06 7 268270 -9.62457e-15 0
5.94557e-06 7 415956 -2.64803e-15 0
5.94557e-06 7 644947 -7.17639e-16 0
5.94557e-06 7 1e+06 -1.92729e-16 0

1.44974e-05 7 1e-06 3530.9 -0
1.44974e-05 7 1.55052e-06 2276.91 -0
1.44974e-05 7 2.4041e-06 1468.15 -0
1.44974e-05 7 3.72759e-06 946.543 -0
1.44974e-05 7 5.77969e-06 610.136 -0
1.44974e-05 7 8.96151e-06 393.171 -0
1.44974e-05 7 1.3895e-05 253.24 -0
1.44974e-05 7 2.15443e-05 162.992 -0
1.44974e-05 7 3.34048e-05 104.787 -0
1.44974e-05 7 5.17947e-05 67.2481 -0
1.44974e-05 7 8.03086e-05 43.0375 -0
1.44974e-05 7 0.00012452 27.4229 -0
1.44974e-05 7 0.00019307 17.3525 -0
1.44974e-05 7 0.000299358 10.8578 -0
1.44974e-05 7 0.000464159 6.6694 -0
1.44974e-05 7 0.000719686 3.96853 -0
1.44974e-05 7 0.00111588 2.22731 -0
1.44974e-05 7 0.0017302 1.1054 -0
1.44974e-05 7 0.0026827 0.383492 -0
1.44974e-05 7 0.00415956 -0.0795221 0
1.44974e-05 7 0.00644947 -0.374189 0
1.44974e-05 7 0.01 -0.55817 0
1.44974e-05 7 0.0155052 -0.667595 0
1.44974e-05 7 0.024041 -0.724316 0
1.44974e-05 7 0.0372759 -0.740376 0
1.44974e-05 7 0.0577969 -0.721061 0
1.44974e-05 7 0.0896151 -0.667593 0
1.44974e-05 7 0.13895 -0.579715 0
1.44974e-05 7 0.215443 -0.460074 0
1.44974e-05 7 0.334048 -0.320314 0
1.44974e-05 7 0.517947 -0.184119 0
1.44974e-05 7 0.803086 -0.0809547 0
1.44974e-05 7 1.2452 -0.0259081 0
1.44974e-05 7 1.9307 -0.00637929 0
1.44974e-05 7 2.99358 -0.00153192 0
1.44974e-05 7 4.64159 -0.000533023 0
1.44974e-05 7 7.19686 -0.000209274 0
1.44974e-05 7 11.1588 -8.32041e-05 0
1.44974e-05 7 17.302 -3.37125e-05 0
1.44974e-05 7 26.827 -1.35576e-05 0
1.44974e-05 7 41.5956 -5.41914e-06 0
1.44974e-05 7 64.4947 -2.16973e-06 0
1.44974e-05 7 100 -8.69036e-07 0
1.44974e-05 7 155.052 -3.47882e-07 0
1.44974e-05 7 240.41 -1.39462e-07 0
1.44974e-05 7 372.759 -5.59536e-08 0
1.44974e-05 7 577.969 -2.24161e-08 0
1.44974e-05 7 896.151 -8.9646e-09 0
1.44974e-05 7 1389.5 -3.57811e-09 0
1.44974e-05 7 2154.43 -1.42048e-09 0
1.44974e-05 7 3340.48 -5.58979e-10 0
1.44974e-05 7 5179.47 -2.17146e-10 0
1.44974e-05 7 8030.86 -8.2798e-11 0
1.44974e-05 7 12452 -3.07697e-11 0
1.44974e-05 7 19307 -1.10517e-11 0
1.44974e-05 7 29935.8 -3.80823e-12 0
1.44974e-05 7 46415.9 -1.25305e-12 0
1.44974e-05 7 71968.6 -3.9336e-13 0
1.44974e-05 7 111588 -1.182e-13 0
1.44974e-05 7 173020 -3.42312e-14 0
1.44974e-05 7 268270 -9.62454e-15 0
1.44974e-05 7 415956 -2.64802e-15 0
1.44974e-05 7 644947 -7.17638e-16 0
1.44974e-05 7 1e+06 -1.92729e-16 0

3.53498e-05 7 1e-06 3530.85 -0
3.53498e-05 7 1.55052e-06 2276.88 -0
3.53498e-05 7 2.4041e-06 1468.13 -0
3.53498e-05 7 3.72759e-06 946.531 -0
3.53498e-05 7 5.77969e-06 610.128 -0
3.53498e-05 7 8.96151e-06 393.166 -0
3.53498e-05 7 1.3895e-05 253.237 -0
3.53498e-05 7 2.15443e-05 162.99 -0
3.53498e-05 7 3.34048e-05 104.786 -0
3.53498e-05 7 5.17947e-05 67.2473 -0
3.53498e-05 7 8.03086e-05 43.0369 -0
3.53498e-05 7 0.00012452 27.4226 -0
3.53498e-05 7 0.00019307 17.3523 -0
3.53498e-05 7 0.000299358 10.8577 -0
3.53498e-05 7 0.000464159 6.66931 -0
3.53498e-05 7 0.000719686 3.96848 -0
3.53498e-05 7 0.00111588 2.22728 -0
3.53498e-05 7 0.0017302 1.10538 -0
3.53498e-05 7 0.0026827 0.383489 -0
3.53498e-05 7 0.00415956 -0.0795193 0
3.53498e-05 7 0.00644947 -0.374183 0
3.53498e-05 7 0.01 -0.558161 0
3.53498e-05 7 0.0155052 -0.667585 0
3.53498e-05 7 0.024041 -0.724306 0
3.53498e-05 7 0.0372759 -0.740365 0
3.53498e-05 7 0.0577969 -0.721051 0
3.53498e-05 7 0.0896151 -0.667583 0
3.53498e-05 7 0.13895 -0.579707 0
3.53498e-05 7 0.215443 -0.460068 0
3.53498e-05 7 0.334048 -0.320309 0
3.53498e-05 7 0.517947 -0.184116 0
3.53498e-05 7 0.803086 -0.0809538 0
3.53498e-05 7 1.2452 -0.0259079 0
3.53498e-05 7 1.9307 -0.00637923 0
3.53498e-05 7 2.99358 -0.00153191 0
3.53498e-05 7 4.64159 -0.000533019 0
3.53498e-05 7 7.19686 -0.000209272 0
3.53498e-05 7 11.1588 -8.32035e-05 0
3.53498e-05 7 17.302 -3.37122e-05 0
3.53498e-05 7 26.827 -1.35576e-05 0
3.53498e-05 7 41.5956 -5.41911e-06 0
3.53498e-05 7 64.4947 -2.16972e-06 0
3.53498e-05 7 100 -8.6903e-07 0
3.53498e-05 7 155.052 -3.4788e-07 0
3.53498e-05 7 240.41 -1.39461e-07 0
3.53498e-05 7 372.759 -5.59532e-08 0
3.53498e-05 7 577.969 -2.2416e-08 0
3.53498e-05 7 896.151 -8.96454e-09 0
3.53498e-05 7 1389.5 -3.57809e-09 0
3.53498e-05 7 2154.43 -1.42047e-09 0
3.53498e-05 7 3340.48 -5.58976e-10 0
3.53498e-05 7 5179.47 -2.17145e-10 0
3.53498e-05 7 8030.86 -8.27976e-11 0
3.53498e-05 7 12452 -3.07695e-11 0
3.53498e-05 7 19307 -1.10516e-11 0
3.53498e-05 7 29935.8 -3.80821e-12 0
3.53498e-05 7 46415.9 -1.25305e-12 0
3.53498e-05 7 71968.6 -3.93358e-13 0
3.53498e-05 7 111588 -1.18199e-13 0
3.53498e-05 7 173020 -3.4231e-14 0
3.53498e-05 7 268270 -9.62449e-15 0
3.53498e-05 7 415956 -2.64801e-15 0
3.53498e-05 7 644947 -7.17634e-16 0
3.53498e-05 7 1e+06 -1.92728e-16 0

8.61954e-05 7 1e-06 3530.74 -0
8.61954e-05 7 1.55052e-06 2276.81 -0
8.61954e-05 7 2.4041e-06 1468.09 -0
8.61954e-05 7 3.72759e-06 946.502 -0
8.61954e-05 7 5.77969e-06 610.109 -0
8.61954e-05 7 8.96151e-06 393.154 -0
8.61954e-05 7 1.3895e-05 253.229 -0
8.61954e-05 7 2.15443e-05 162.985 -0
8.61954e-05 7 3.34048e-05 104.783 -0
8.61954e-05 7 5.17947e-05 67.2452 -0
8.61954e-05 7 8.03086e-05 43.0356 -0
8.61954e-05 7 0.00012452 27.4218 -0
8.61954e-05 7 0.00019307 17.3518 -0
8.61954e-05 7 0.000299358 10.8574 -0
8.61954e-05 7 0.000464159 6.66911 -0
8.61954e-05 7 0.000719686 3.96836 -0
8.61954e-05 7 0.00111588 2.22722 -0
8.61954e-05 7 0.0017302 1.10535 -0
8.61954e-05 7 0.0026827 0.383482 -0
8.61954e-05 7 0.00415956 -0.0795124 0
8.61954e-05 7 0.00644947 -0.374167 0
8.61954e-05 7 0.01 -0.55814 0
8.61954e-05 7 0.0155052 -0.667561 0
8.61954e-05 7 0.024041 -0.724279 0
8.61954e-05 7 0.0372759 -0.740339 0
8.61954e-05 7 0.0577969 -0.721025 0
8.61954e-05 7 0.0896151 -0.66756 0
8.61954e-05 7 0.13895 -0.579687 0
8.61954e-05 7 0.215443 -0.460052 0
8.61954e-05 7 0.334048 -0.320299 0
8.61954e-05 7 0.517947 -0.184111 0
8.61954e-05 7 0.803086 -0.0809515 0
8.61954e-05 7 1.2452 -0.0259072 0
8.61954e-05 7 1.9307 -0.00637909 0
8.61954e-05 7 2.99358 -0.00153188 0
8.61954e-05 7 4.64159 -0.000533009 0
8.61954e-05 7 7.19686 -0.000209269 0
8.61954e-05 7 11.1588 -8.32021e-05 0
8.61954e-05 7 17.302 -3.37117e-05 0
8.61954e-05 7 26.827 -1.35573e-05 0
8.61954e-05 7 41.5956 -5.41902e-06 0
8.61954e-05 7 64.4947 -2.16969e-06 0
8.61954e-05 7 100 -8.69017e-07 0
8.61954e-05 7 155.052 -3.47875e-07 0
8.61954e-05 7 240.41 -1.39459e-07 0
8.61954e-05 7 372.759 -5.59524e-08 0
8.61954e-05 7 577.969 -2.24156e-08 0
8.61954e-05 7 896.151 -8.96441e-09 0
8.61954e-05 7 1389.5 -3.57804e-09 0
8.61954e-05 7 2154.43 -1.42045e-09 0
8.61954e-05 7 3340.48 -5.58968e-10 0
8.61954e-05 7 5179.47 -2.17142e-10 0
8.61954e-05 7 8030.86 -8.27964e-11 0
8.61954e-05 7 12452 -3.0769e-11 0
8.61954e-05 7 19307 -1.10515e-11 0
8.61954e-05 7 29935.8 -3.80816e-12 0
8.61954e-05 7 46415.9 -1.25303e-12 0
8.61954e-05 7 71968.6 -3.93352e-13 0
8.61954e-05 7 111588 -1.18197e-13 0
8.61954e-05 7 173020 -3.42305e-14 0
8.61954e-05 7 268270 -9.62436e-15 0
8.61954e-05 7 415956 -2.64797e-15 0
8.61954e-05 7 644947 -7.17624e-16 0
8.61954e-05 7 1e+06 -1.92725e-16 0

0.000210175 7 1e-06 3530.48 -0
0.000210175 7 1.55052e-06 2276.64 -0
0.000210175 7 2.4041e-06 1467.98 -0
0.000210175 7 3.72759e-06 946.432 -0
0.000210175 7 5.77969e-06 610.064 -0
0.000210175 7 8.96151e-06 393.125 -0
0.000210175 7 1.3895e-05 253.21 -0
0.000210175 7 2.15443e-05 162.973 -0
0.000210175 7 3.34048e-05 104.775 -0
0.000210175 7 5.17947e-05 67.2402 -0
0.000210175 7 8.03086e-05 43.0324 -0
0.000210175 7 0.00012452 27.4197 -0
0.000210175 7 0.00019307 17.3505 -0
0.000210175 7 0.000299358 10.8566 -0
0.000210175 7 0.000464159 6.66863 -0
0.000210175 7 0.000719686 3.96808 -0
0.000210175 7 0.00111588 2.22706 -0
0.000210175 7 0.0017302 1.10528 -0
0.000210175 7 0.0026827 0.383464 -0
0.000210175 7 0.00415956 -0.0794956 0
0.000210175 7 0.00644947 -0.374128 0
0.000210175 7 0.01 -0.558088 0
0.000210175 7 0.0155052 -0.667501 0
0.000210175 7 0.024041 -0.724216 0
0.000210175 7 0.0372759 -0.740274 0
0.000210175 7 0.0577969 -0.720963 0
0.000210175 7 0.0896151 -0.667503 0
0.000210175 7 0.13895 -0.579639 0
0.000210175 7 0.215443 -0.460014 0
0.000210175 7 0.334048 -0.320273 0
0.000210175 7 0.517947 -0.184097 0
0.000210175 7 0.803086 -0.0809458 0
0.000210175 7 1.2452 -0.0259056 0
0.000210175 7 1.9307 -0.00637875 0
0.000210175 7 2.99358 -0.0015318 0
0.000210175 7 4.64159 -0.000532985 0
0.000210175 7 7.19686 -0.00020926 0
0.000210175 7 11.1588 -8.31986e-05 0
0.000210175 7 17.302 -3.37103e-05 0
0.000210175 7 26.827 -1.35568e-05 0
0.000210175 7 41.5956 -5.41882e-06 0
0.000210175 7 64.4947 -2.1696e-06 0
0.000210175 7 100 -8.68985e-07 0
0.000210175 7 155.052 -3.47862e-07 0
0.000210175 7 240.41 -1.39454e-07 0
0.000210175 7 372.759 -5.59504e-08 0
0.000210175 7 577.969 -2.24148e-08 0
0.000210175 7 896.151 -8.96409e-09 0
0.000210175 7 1389.5 -3.57791e-09 0
0.000210175 7 2154.43 -1.4204e-09 0
0.000210175 7 3340.48 -5.58948e-10 0
0.000210175 7 5179.47 -2.17134e-10 0
0.000210175 7 8030.86 -8.27935e-11 0
0.000210175 7 12452 -3.0768e-11 0
0.000210175 7 19307 -1.10511e-11 0
0.000210175 7 29935.8 -3.80803e-12 0
0.000210175 7 46415.9 -1.25299e-12 0
0.000210175 7 71968.6 -3.93339e-13 0
0.000210175 7 111588 -1.18193e-13 0
0.000210175 7 173020 -3.42294e-14 0
0.000210175 7 268270 -9.62404e-15 0
0.000210175 7 415956 -2.64788e-15 0
0.000210175 7 644947 -7.17601e-16 0
0.000210175 7 1e+06 -1.92719e-16 0

0.000512481 7 1e-06 3529.84 -0
0.000512481 7 1.55052e-06 2276.22 -0
0.000512481 7 2.4041e-06 1467.71 -0
0.000512481 7 3.72759e-06 946.26 -0
0.000512481 7 5.77969e-06 609.953 -0
0.000512481 7 8.96151e-06 393.053 -0
0.000512481 7 1.3895e-05 253.164 -0
0.000512481 7 2.15443e-05 162.943 -0
0.000512481 7 3.34048e-05 104.756 -0
0.000512481 7 5.17947e-05 67.228 -0
0.000512481 7 8.03086e-05 43.0246 -0
0.000512481 7 0.00012452 27.4148 -0
0.000512481 7 0.00019307 17.3474 -0
0.000512481 7 0.000299358 10.8546 -0
0.000512481 7 0.000464159 6.66744 -0
0.000512481 7 0.000719686 3.96738 -0
0.000512481 7 0.00111588 2.22669 -0
0.000512481 7 0.0017302 1.10511 -0
0.000512481 7 0.0026827 0.383421 -0
0.000512481 7 0.00415956 -0.0794547 0
0.000512481 7 0.00644947 -0.374034 0
0.000512481 7 0.01 -0.557961 0
0.000512481 7 0.0155052 -0.667354 0
0.000512481 7 0.024041 -0.72406 0
0.000512481 7 0.0372759 -0.740117 0
0.000512481 7 0.0577969 -0.720812 0
0.000512481 7 0.0896151 -0.667365 0
0.000512481 7 0.13895 -0.57952 0
0.000512481 7 0.215443 -0.459922 0
0.000512481 7 0.334048 -0.320211 0
0.000512481 7 0.517947 -0.184063 0
0.000512481 7 0.803086 -0.0809321 0
0.000512481 7 1.2452 -0.0259017 0
0.000512481 7 1.9307 -0.00637791 0
0.000512481 7 2.99358 -0.00153162 0
0.000512481 7 4.64159 -0.000532926 0
0.000512481 7 7.19686 -0.000209238 0
0.000512481 7 11.1588 -8.31902e-05 0
0.000512481 7 17.302 -3.3707e-05 0
0.000512481 7 26.827 -1.35555e-05 0
0.000512481 7 41.5956 -5.41831e-06 0
0.000512481 7 64.4947 -2.1694e-06 0
0.000512481 7 100 -8.68906e-07 0
0.000512481 7 155.052 -3.47831e-07 0
0.000512481 7 240.41 -1.39442e-07 0
0.000512481 7 372.759 -5.59455e-08 0
0.000512481 7 577.969 -2.24129e-08 0
0.000512481 7 896.151 -8.96331e-09 0
0.000512481 7 1389.5 -3.5776e-09 0
0.000512481 7 2154.43 -1.42028e-09 0
0.000512481 7 3340.48 -5.589e-10 0
0.000512481 7 5179.47 -2.17116e-10 0
0.000512481 7 8030.86 -8.27865e-11 0
0.000512481 7 12452 -3.07654e-11 0
0.000512481 7 19307 -1.10502e-11 0
0.000512481 7 29935.8 -3.80771e-12 0
0.000512481 7 46415.9 -1.25288e-12 0
0.000512481 7 71968.6 -3.93307e-13 0
0.000512481 7 111588 -1.18184e-13 0
0.000512481 7 173020 -3.42266e-14 0
0.000512481 7 268270 -9.62326e-15 0
0.000512481 7 415956 -2.64767e-15 0
0.000512481 7 644947 -7.17543e-16 0
0.000512481 7 1e+06 -1.92704e-16 0

0.00124961 7 1e-06 3528.27 -0
0.00124961 7 1.55052e-06 2275.21 -0
0.00124961 7 2.4041e-06 1467.06 -0
0.00124961 7 3.72759e-06 945.84 -0
0.00124961 7 5.77969e-06 609.682 -0
0.00124961 7 8.96151e-06 392.879 -0
0.00124961 7 1.3895e-05 253.052 -0
0.00124961 7 2.15443e-05 162.871 -0
0.00124961 7 3.34048e-05 104.709 -0
0.00124961 7 5.17947e-05 67.1983 -0
0.00124961 7 8.03086e-05 43.0056 -0
0.00124961 7 0.00012452 27.4027 -0
0.00124961 7 0.00019307 17.3397 -0
0.00124961 7 0.000299358 10.8499 -0
0.00124961 7 0.000464159 6.66455 -0
0.00124961 7 0.000719686 3.96569 -0
0.00124961 7 0.00111588 2.22576 -0
0.00124961 7 0.0017302 1.10468 -0
0.00124961 7 0.0026827 0.383316 -0
0.00124961 7 0.00415956 -0.079355 0
0.00124961 7 0.00644947 -0.373805 0
0.00124961 7 0.01 -0.557651 0
0.00124961 7 0.0155052 -0.666997 0
0.00124961 7 0.024041 -0.72368 0
0.00124961 7 0.0372759 -0.739735 0
0.00124961 7 0.0577969 -0.720443 0
0.00124961 7 0.0896151 -0.667027 0
0.00124961 7 0.13895 -0.579231 0
0.00124961 7 0.215443 -0.459698 0
0.00124961 7 0.334048 -0.32006 0
0.00124961 7 0.517947 -0.18398 0
0.00124961 7 0.803086 -0.0808986 0
0.00124961 7 1.2452 -0.0258922 0
0.00124961 7 1.9307 -0.00637588 0
0.00124961 7 2.99358 -0.00153117 0
0.00124961 7 4.64159 -0.000532781 0
0.00124961 7 7.19686 -0.000209184 0
0.00124961 7 11.1588 -8.31696e-05 0
0.00124961 7 17.302 -3.3699e-05 0
0.00124961 7 26.827 -1.35524e-05 0
0.00124961 7 41.5956 -5.41707e-06 0
0.00124961 7 64.4947 -2.16892e-06 0
0.00124961 7 100 -8.68713e-07 0
0.00124961 7 155.052 -3.47754e-07 0
0.00124961 7 240.41 -1.39411e-07 0
0.00124961 7 372.759 -5.59334e-08 0
0.00124961 7 577.969 -2.24081e-08 0
0.00124961 7 896.151 -8.96141e-09 0
0.00124961 7 1389.5 -3.57685e-09 0
0.00124961 7 2154.43 -1.41998e-09 0
0.00124961 7 3340.48 -5.58784e-10 0
0.00124961 7 5179.47 -2.17071e-10 0
0.00124961 7 8030.86 -8.27695e-11 0
0.00124961 7 12452 -3.07591e-11 0
0.00124961 7 19307 -1.10479e-11 0
0.00124961 7 29935.8 -3.80694e-12 0
0.00124961 7 46415.9 -1.25263e-12 0
0.00124961 7 71968.6 -3.93228e-13 0
0.00124961 7 111588 -1.1816e-13 0
0.00124961 7 173020 -3.42198e-14 0
0.00124961 7 268270 -9.62136e-15 0
0.00124961 7 415956 -2.64715e-15 0
0.00124961 7 644947 -7.17403e-16 0
0.00124961 7 1e+06 -1.92666e-16 0

0.00304699 7 1e-06 3524.45 -0
0.00304699 7 1.55052e-06 2272.75 -0
0.00304699 7 2.4041e-06 1465.47 -0
0.00304699 7 3.72759e-06 944.817 -0
0.00304699 7 5.77969e-06 609.023 -0
0.00304699 7 8.96151e-06 392.454 -0
0.00304699 7 1.3895e-05 252.778 -0
0.00304699 7 2.15443e-05 162.695 -0
0.00304699 7 3.34048e-05 104.596 -0
0.00304699 7 5.17947e-05 67.1257 -0
0.00304699 7 8.03086e-05 42.9592 -0
0.00304699 7 0.00012452 27.3732 -0
0.00304699 7 0.00019307 17.3211 -0
0.00304699 7 0.000299358 10.8383 -0
0.00304699 7 0.000464159 6.6575 -0
0.00304699 7 0.000719686 3.96156 -0
0.00304699 7 0.00111588 2.22352 -0
0.00304699 7 0.0017302 1.10365 -0
0.00304699 7 0.0026827 0.38306 -0
0.00304699 7 0.00415956 -0.0791118 0
0.00304699 7 0.00644947 -0.373245 0
0.00304699 7 0.01 -0.556895 0
0.00304699 7 0.0155052 -0.666127 0
0.00304699 7 0.024041 -0.722755 0
0.00304699 7 0.0372759 -0.738801 0
0.00304699 7 0.0577969 -0.719544 0
0.00304699 7 0.0896151 -0.666205 0
0.00304699 7 0.13895 -0.578528 0
0.00304699 7 0.215443 -0.459152 0
0.00304699 7 0.334048 -0.319692 0
0.00304699 7 0.517947 -0.183779 0
0.00304699 7 0.803086 -0.0808169 0
0.00304699 7 1.2452 -0.0258691 0
0.00304699 7 1.9307 -0.00637092 0
0.00304699 7 2.99358 -0.00153009 0
0.00304699 7 4.64159 -0.000532429 0
0.00304699 7 7.19686 -0.000209053 0
0.00304699 7 11.1588 -8.31193e-05 0
0.00304699 7 17.302 -3.36793e-05 0
0.00304699 7 26.827 -1.35447e-05 0
0.00304699 7 41.5956 -5.41405e-06 0
0.00304699 7 64.4947 -2.16773e-06 0
0.00304699 7 100 -8.68243e-07 0
0.00304699 7 155.052 -3.47568e-07 0
0.00304699 7 240.41 -1.39338e-07 0
0.00304699 7 372.759 -5.5904e-08 0
0.00304699 7 577.969 -2.23964e-08 0
0.00304699 7 896.151 -8.95677e-09 0
0.00304699 7 1389.5 -3.57501e-09 0
0.00304699 7 2154.43 -1.41926e-09 0
0.00304699 7 3340.48 -5.58501e-10 0
0.00304699 7 5179.47 -2.16962e-10 0
0.00304699 7 8030.86 -8.2728e-11 0
0.00304699 7 12452 -3.07438e-11 0
0.00304699 7 19307 -1.10424e-11 0
0.00304699 7 29935.8 -3.80506e-12 0
0.00304699 7 46415.9 -1.25201e-12 0
0.00304699 7 71968.6 -3.93036e-13 0
0.00304699 7 111588 -1.18103e-13 0
0.00304699 7 173020 -3.42033e-14 0
0.00304699 7 268270 -9.61674e-15 0
0.00304699 7 415956 -2.64588e-15 0
0.00304699 7 644947 -7.17061e-16 0
0.00304699 7 1e+06 -1.92575e-16 0

0.00742964 7 1e-06 3515.16 -0
0.00742964 7 1.55052e-06 2266.76 -0
0.00742964 7 2.4041e-06 1461.6 -0
0.00742964 7 3.72759e-06 942.324 -0
0.00742964 7 5.77969e-06 607.416 -0
0.00742964 7 8.96151e-06 391.419 -0
0.00742964 7 1.3895e-05 252.112 -0
0.00742964 7 2.15443e-05 162.266 -0
0.00742964 7 3.34048e-05 104.321 -0
0.00742964 7 5.17947e-05 66.949 -0
0.00742964 7 8.03086e-05 42.8463 -0
0.00742964 7 0.00012452 27.3013 -0
0.00742964 7 0.00019307 17.2758 -0
0.00742964 7 0.000299358 10.8101 -0
0.00742964 7 0.000464159 6.64032 -0
0.00742964 7 0.000719686 3.9515 -0
0.00742964 7 0.00111588 2.21804 -0
0.00742964 7 0.0017302 1.10112 -0
0.00742964 7 0.0026827 0.382435 -0
0.00742964 7 0.00415956 -0.0785196 0
0.00742964 7 0.00644947 -0.371881 0
0.00742964 7 0.01 -0.555053 0
0.00742964 7 0.0155052 -0.664007 0
0.00742964 7 0.024041 -0.720502 0
0.00742964 7 0.0372759 -0.736528 0
0.00742964 7 0.0577969 -0.717354 0
0.00742964 7 0.0896151 -0.664201 0
0.00742964 7 0.13895 -0.576814 0
0.00742964 7 0.215443 -0.45782 0
0.00742964 7 0.334048 -0.318795 0
0.00742964 7 0.517947 -0.183289 0
0.00742964 7 0.803086 -0.0806178 0
0.00742964 7 1.2452 -0.0258127 0
0.00742964 7 1.9307 -0.00635884 0
0.00742964 7 2.99358 -0.00152745 0
0.00742964 7 4.64159 -0.000531572 0
0.00742964 7 7.19686 -0.000208734 0
0.00742964 7 11.1588 -8.29969e-05 0
0.00742964 7 17.302 -3.36315e-05 0
0.00742964 7 26.827 -1.35259e-05 0
0.00742964 7 41.5956 -5.4067e-06 0
0.00742964 7 64.4947 -2.16483e-06 0
0.00742964 7 100 -8.67099e-07 0
0.00742964 7 155.052 -3.47115e-07 0
0.00742964 7 240.41 -1.39158e-07 0
0.00742964 7 372.759 -5.58325e-08 0
0.00742964 7 577.969 -2.2368e-08 0
0.00742964 7 896.151 -8.94548e-09 0
0.00742964 7 1389.5 -3.57054e-09 0
0.00742964 7 2154.43 -1.41749e-09 0
0.00742964 7 3340.48 -5.5781e-10 0
0.00742964 7 5179.47 -2.16695e-10 0
0.00742964 7 8030.86 -8.26268e-11 0
0.00742964 7 12452 -3.07064e-11 0
0.00742964 7 19307 -1.10291e-11 0
0.00742964 7 29935.8 -3.80048e-12 0
0.00742964 7 46415.9 -1.25052e-12 0
0.00742964 7 71968.6 -3.92568e-13 0
0.00742964 7 111588 -1.17963e-13 0
0.00742964 7 173020 -3.4163e-14 0
0.00742964 7 268270 -9.60546e-15 0
0.00742964 7 415956 -2.6428e-15 0
0.00742964 7 644947 -7.16229e-16 0
0.00742964 7 1e+06 -1.92353e-16 0

0.0181161 7 1e-06 3492.53 -0
0.0181161 7 1.55052e-06 2252.16 -0
0.0181161 7 2.4041e-06 1452.19 -0
0.0181161 7 3.72759e-06 936.258 -0
0.0181161 7 5.77969e-06 603.507 -0
0.0181161 7 8.96151e-06 388.9 -0
0.0181161 7 1.3895e-05 250.49 -0
0.0181161 7 2.15443e-05 161.223 -0
0.0181161 7 3.34048e-05 103.65 -0
0.0181161 7 5.17947e-05 66.5189 -0
0.0181161 7 8.03086e-05 42.5714 -0
0.0181161 7 0.00012452 27.1265 -0
0.0181161 7 0.00019307 17.1656 -0
0.0181161 7 0.000299358 10.7414 -0
0.0181161 7 0.000464159 6.59852 -0
0.0181161 7 0.000719686 3.92701 -0
0.0181161 7 0.00111588 2.20471 -0
0.0181161 7 0.0017302 1.09498 -0
0.0181161 7 0.0026827 0.380914 -0
0.0181161 7 0.00415956 -0.07708 0
0.0181161 7 0.00644947 -0.368563 0
0.0181161 7 0.01 -0.550572 0
0.0181161 7 0.0155052 -0.65885 0
0.0181161 7 0.024041 -0.715018 0
0.0181161 7 0.0372759 -0.730997 0
0.0181161 7 0.0577969 -0.712026 0
0.0181161 7 0.0896151 -0.659325 0
0.0181161 7 0.13895 -0.572642 0
0.0181161 7 0.215443 -0.45458 0
0.0181161 7 0.334048 -0.316611 0
0.0181161 7 0.517947 -0.182095 0
0.0181161 7 0.803086 -0.0801329 0
0.0181161 7 1.2452 -0.0256753 0
0.0181161 7 1.9307 -0.00632942 0
0.0181161 7 2.99358 -0.00152101 0
0.0181161 7 4.64159 -0.000529484 0
0.0181161 7 7.19686 -0.000207958 0
0.0181161 7 11.1588 -8.26988e-05 0
0.0181161 7 17.302 -3.35149e-05 0
0.0181161 7 26.827 -1.34803e-05 0
0.0181161 7 41.5956 -5.38881e-06 0
0.0181161 7 64.4947 -2.15778e-06 0
0.0181161 7 100 -8.64312e-07 0
0.0181161 7 155.052 -3.46012e-07 0
0.0181161 7 240.41 -1.38719e-07 0
0.0181161 7 372.759 -5.56583e-08 0
0.0181161 7 577.969 -2.22987e-08 0
0.0181161 7 896.151 -8.91798e-09 0
0.0181161 7 1389.5 -3.55964e-09 0
0.0181161 7 2154.43 -1.41319e-09 0
0.0181161 7 3340.48 -5.56128e-10 0
0.0181161 7 5179.47 -2.16045e-10 0
0.0181161 7 8030.86 -8.23806e-11 0
0.0181161 7 12452 -3.06154e-11 0
0.0181161 7 19307 -1.09966e-11 0
0.0181161 7 29935.8 -3.78934e-12 0
0.0181161 7 46415.9 -1.24687e-12 0
0.0181161 7 71968.6 -3.91429e-13 0
0.0181161 7 111588 -1.17622e-13 0
0.0181161 7 173020 -3.40649e-14 0
0.0181161 7 268270 -9.57802e-15 0
0.0181161 7 415956 -2.63528e-15 0
0.0181161 7 644947 -7.14202e-16 0
0.0181161 7 1e+06 -1.91812e-16 0

0.0441734 7 1e-06 3437.57 -0
0.0441734 7 1.55052e-06 2216.73 -0
0.0441734 7 2.4041e-06 1429.35 -0
0.0441734 7 3.72759e-06 921.529 -0
0.0441734 7 5.77969e-06 594.013 -0
0.0441734 7 8.96151e-06 382.783 -0
0.0441734 7 1.3895e-05 246.551 -0
0.0441734 7 2.15443e-05 158.688 -0
0.0441734 7 3.34048e-05 102.021 -0
0.0441734 7 5.17947e-05 65.4746 -0
0.0441734 7 8.03086e-05 41.9038 -0
0.0441734 7 0.00012452 26.702 -0
0.0441734 7 0.00019307 16.8978 -0
0.0441734 7 0.000299358 10.5747 -0
0.0441734 7 0.000464159 6.497 -0
0.0441734 7 0.000719686 3.86751 -0
0.0441734 7 0.00111588 2.17231 -0
0.0441734 7 0.0017302 1.08004 -0
0.0441734 7 0.0026827 0.377196 -0
0.0441734 7 0.00415956 -0.0736084 0
0.0441734 7 0.00644947 -0.360531 0
0.0441734 7 0.01 -0.539716 0
0.0441734 7 0.0155052 -0.64635 0
0.0441734 7 0.024041 -0.701725 0
0.0441734 7 0.0372759 -0.717586 0
0.0441734 7 0.0577969 -0.699106 0
0.0441734 7 0.0896151 -0.6475 0
0.0441734 7 0.13895 -0.562524 0
0.0441734 7 0.215443 -0.446718 0
0.0441734 7 0.334048 -0.31131 0
0.0441734 7 0.517947 -0.179196 0
0.0441734 7 0.803086 -0.0789547 0
0.0441734 7 1.2452 -0.0253412 0
0.0441734 7 1.9307 -0.00625791 0
0.0441734 7 2.99358 -0.00150539 0
0.0441734 7 4.64159 -0.000524409 0
0.0441734 7 7.19686 -0.000206071 0
0.0441734 7 11.1588 -8.19741e-05 0
0.0441734 7 17.302 -3.32315e-05 0
0.0441734 7 26.827 -1.33693e-05 0
0.0441734 7 41.5956 -5.3453e-06 0
0.0441734 7 64.4947 -2.14064e-06 0
0.0441734 7 100 -8.57537e-07 0
0.0441734 7 155.052 -3.43329e-07 0
0.0441734 7 240.41 -1.37654e-07 0
0.0441734 7 372.759 -5.52348e-08 0
0.0441734 7 577.969 -2.21304e-08 0
0.0441734 7 896.151 -8.85113e-09 0
0.0441734 7 1389.5 -3.53314e-09 0
0.0441734 7 2154.43 -1.40274e-09 0
0.0441734 7 3340.48 -5.52041e-10 0
0.0441734 7 5179.47 -2.14467e-10 0
0.0441734 7 8030.86 -8.17819e-11 0
0.0441734 7 12452 -3.03941e-11 0
0.0441734 7 19307 -1.09175e-11 0
0.0441734 7 29935.8 -3.76225e-12 0
0.0441734 7 46415.9 -1.238e-12 0
0.0441734 7 71968.6 -3.8866e-13 0
0.0441734 7 111588 -1.16795e-13 0
0.0441734 7 173020 -3.38264e-14 0
0.0441734 7 268270 -9.51131e-15 0
0.0441734 7 415956 -2.61702e-15 0
0.0441734 7 644947 -7.09277e-16 0
0.0441734 7 1e+06 -1.90497e-16 0

0.107711 7 1e-06 3305.52 -0
0.107711 7 1.55052e-06 2131.58 -0
0.107711 7 2.4041e-06 1374.44 -0
0.107711 7 3.72759e-06 886.133 -0
0.107711 7 5.77969e-06 571.199 -0
0.107711 7 8.96151e-06 368.083 -0
0.107711 7 1.3895e-05 237.085 -0
0.107711 7 2.15443e-05 152.598 -0
0.107711 7 3.34048e-05 98.1078 -0
0.107711 7 5.17947e-05 62.9649 -0
0.107711 7 8.03086e-05 40.2996 -0
0.107711 7 0.00012452 25.6818 -0
0.107711 7 0.00019307 16.2542 -0
0.107711 7 0.000299358 10.1741 -0
0.107711 7 0.000464159 6.25302 -0
0.107711 7 0.000719686 3.72454 -0
0.107711 7 0.00111588 2.09445 -0
0.107711 7 0.0017302 1.04412 -0
0.107711 7 0.0026827 0.368253 -0
0.107711 7 0.00415956 -0.0652742 0
0.107711 7 0.00644947 -0.341237 0
0.107711 7 0.01 -0.513634 0
0.107711 7 0.0155052 -0.616318 0
0.107711 7 0.024041 -0.669784 0
0.107711 7 0.0372759 -0.685359 0
0.107711 7 0.0577969 -0.668055 0
0.107711 7 0.0896151 -0.619074 0
0.107711 7 0.13895 -0.538193 0
0.107711 7 0.215443 -0.427803 0
0.107711 7 0.334048 -0.298547 0
0.107711 7 0.517947 -0.172208 0
0.107711 7 0.803086 -0.0761099 0
0.107711 7 1.2452 -0.0245336 0
0.107711 7 1.9307 -0.00608529 0
0.107711 7 2.99358 -0.00146773 0
0.107711 7 4.64159 -0.000512172 0
0.107711 7 7.19686 -0.00020152 0
0.107711 7 11.1588 -8.02262e-05 0
0.107711 7 17.302 -3.25482e-05 0
0.107711 7 26.827 -1.31018e-05 0
0.107711 7 41.5956 -5.2404e-06 0
0.107711 7 64.4947 -2.09931e-06 0
0.107711 7 100 -8.41202e-07 0
0.107711 7 155.052 -3.3686e-07 0
0.107711 7 240.41 -1.35086e-07 0
0.107711 7 372.759 -5.42137e-08 0
0.107711 7 577.969 -2.17245e-08 0
0.107711 7 896.151 -8.68993e-09 0
0.107711 7 1389.5 -3.46925e-09 0
0.107711 7 2154.43 -1.37754e-09 0
0.107711 7 3340.48 -5.42184e-10 0
0.107711 7 5179.47 -2.10659e-10 0
0.107711 7 8030.86 -8.03383e-11 0
0.107711 7 12452 -2.98606e-11 0
0.107711 7 19307 -1.0727e-11 0
0.107711 7 29935.8 -3.69692e-12 0
0.107711 7 46415.9 -1.21662e-12 0
0.107711 7 71968.6 -3.81983e-13 0
0.107711 7 111588 -1.14798e-13 0
0.107711 7 173020 -3.32513e-14 0
0.107711 7 268270 -9.35041e-15 0
0.107711 7 415956 -2.57296e-15 0
0.107711 7 644947 -6.97397e-16 0
0.107711 7 1e+06 -1.87326e-16 0

0.262636 7 1e-06 2995.69 -0
0.262636 7 1.55052e-06 1931.78 -0
0.262636 7 2.4041e-06 1245.62 -0
0.262636 7 3.72759e-06 803.084 -0
0.262636 7 5.77969e-06 517.671 -0
0.262636 7 8.96151e-06 333.594 -0
0.262636 7 1.3895e-05 214.875 -0
0.262636 7 2.15443e-05 138.307 -0
0.262636 7 3.34048e-05 88.9249 -0
0.262636 7 5.17947e-05 57.0761 -0
0.262636 7 8.03086e-05 36.5354 -0
0.262636 7 0.00012452 23.2877 -0
0.262636 7 0.00019307 14.7438 -0
0.262636 7 0.000299358 9.23363 -0
0.262636 7 0.000464159 5.68008 -0
0.262636 7 0.000719686 3.38859 -0
0.262636 7 0.00111588 1.91127 -0
0.262636 7 0.0017302 0.959354 -0
0.262636 7 0.0026827 0.346779 -0
0.262636 7 0.00415956 -0.0462063 0
0.262636 7 0.00644947 -0.296447 0
0.262636 7 0.01 -0.452907 0
0.262636 7 0.0155052 -0.546305 0
0.262636 7 0.024041 -0.595269 0
0.262636 7 0.0372759 -0.610137 0
0.262636 7 0.0577969 -0.59554 0
0.262636 7 0.0896151 -0.552647 0
0.262636 7 0.13895 -0.481284 0
0.262636 7 0.215443 -0.383501 0
0.262636 7 0.334048 -0.268588 0
0.262636 7 0.517947 -0.155752 0
0.262636 7 0.803086 -0.0693815 0
0.262636 7 1.2452 -0.0226155 0
0.262636 7 1.9307 -0.00567561 0
0.262636 7 2.99358 -0.00137863 0
0.262636 7 4.64159 -0.000483169 0
0.262636 7 7.19686 -0.000190723 0
0.262636 7 11.1588 -7.60803e-05 0
0.262636 7 17.302 -3.09277e-05 0
0.262636 7 26.827 -1.24674e-05 0
0.262636 7 41.5956 -4.99167e-06 0
0.262636 7 64.4947 -2.00132e-06 0
0.262636 7 100 -8.02476e-07 0
0.262636 7 155.052 -3.21524e-07 0
0.262636 7 240.41 -1.28999e-07 0
0.262636 7 372.759 -5.17931e-08 0
0.262636 7 577.969 -2.07622e-08 0
0.262636 7 896.151 -8.30781e-09 0
0.262636 7 1389.5 -3.3178e-09 0
0.262636 7 2154.43 -1.31781e-09 0
0.262636 7 3340.48 -5.18819e-10 0
0.262636 7 5179.47 -2.01635e-10 0
0.262636 7 8030.86 -7.69163e-11 0
0.262636 7 12452 -2.8596e-11 0
0.262636 7 19307 -1.02752e-11 0
0.262636 7 29935.8 -3.54207e-12 0
0.262636 7 46415.9 -1.16594e-12 0
0.262636 7 71968.6 -3.66155e-13 0
0.262636 7 111588 -1.10066e-13 0
0.262636 7 173020 -3.18882e-14 0
0.262636 7 268270 -8.96903e-15 0
0.262636 7 415956 -2.46854e-15 0
0.262636 7 644947 -6.69237e-16 0
0.262636 7 1e+06 -1.79809e-16 0

0.6404 7 1e-06 2329.22 -0
0.6404 7 1.55052e-06 1502.02 -0
0.6404 7 2.4041e-06 968.518 -0
0.6404 7 3.72759e-06 624.438 -0
0.6404 7 5.77969e-06 402.525 -0
0.6404 7 8.96151e-06 259.402 -0
0.6404 7 1.3895e-05 167.096 -0
0.6404 7 2.15443e-05 107.563 -0
0.6404 7 3.34048e-05 69.1681 -0
0.6404 7 5.17947e-05 44.4052 -0
0.6404 7 8.03086e-05 28.4344 -0
0.6404 7 0.00012452 18.1342 -0
0.6404 7 0.00019307 11.4912 -0
0.6404 7 0.000299358 7.20688 -0
0.6404 7 0.000464159 4.44391 -0
0.6404 7 0.000719686 2.66221 -0
0.6404 7 0.00111588 1.51352 -0
0.6404 7 0.0017302 0.773311 -0
0.6404 7 0.0026827 0.296898 -0
0.6404 7 0.00415956 -0.00884745 0
0.6404 7 0.00644947 -0.203711 0
0.6404 7 0.01 -0.325818 0
0.6404 7 0.0155052 -0.399131 0
0.6404 7 0.024041 -0.438243 0
0.6404 7 0.0372759 -0.451345 0
0.6404 7 0.0577969 -0.44222 0
0.6404 7 0.0896151 -0.411942 0
0.6404 7 0.13895 -0.360436 0
0.6404 7 0.215443 -0.289074 0
0.6404 7 0.334048 -0.20437 0
0.6404 7 0.517947 -0.12017 0
0.6404 7 0.803086 -0.0546477 0
0.6404 7 1.2452 -0.0183519 0
0.6404 7 1.9307 -0.00475944 0
0.6404 7 2.99358 -0.00118023 0
0.6404 7 4.64159 -0.000418496 0
0.6404 7 7.19686 -0.000166617 0
0.6404 7 11.1588 -6.68243e-05 0
0.6404 7 17.302 -2.73109e-05 0
0.6404 7 26.827 -1.1052e-05 0
0.6404 7 41.5956 -4.43685e-06 0
0.6404 7 64.4947 -1.78279e-06 0
0.6404 7 100 -7.1612e-07 0
0.6404 7 155.052 -2.87331e-07 0
0.6404 7 240.41 -1.15425e-07 0
0.6404 7 372.759 -4.63965e-08 0
0.6404 7 577.969 -1.8617e-08 0
0.6404 7 896.151 -7.45592e-09 0
0.6404 7 1389.5 -2.98016e-09 0
0.6404 7 2154.43 -1.18464e-09 0
0.6404 7 3340.48 -4.66732e-10 0
0.6404 7 5179.47 -1.81516e-10 0
0.6404 7 8030.86 -6.92875e-11 0
0.6404 7 12452 -2.57766e-11 0
0.6404 7 19307 -9.26804e-12 0
0.6404 7 29935.8 -3.19686e-12 0
0.6404 7 46415.9 -1.05294e-12 0
0.6404 7 71968.6 -3.30869e-13 0
0.6404 7 111588 -9.95178e-14 0
0.6404 7 173020 -2.88493e-14 0
0.6404 7 268270 -8.11883e-15 0
0.6404 7 415956 -2.23575e-15 0
0.6404 7 644947 -6.0646e-16 0
0.6404 7 1e+06 -1.63053e-16 0

1.56152 7 1e-06 1243.89 -0
1.56152 7 1.55052e-06 802.144 -0
1.56152 7 2.4041e-06 517.244 -0
1.56152 7 3.72759e-06 333.498 -0
1.56152 7 5.77969e-06 214.992 -0
1.56152 7 8.96151e-06 138.562 -0
1.56152 7 1.3895e-05 89.2691 -0
1.56152 7 2.15443e-05 57.4776 -0
1.56152 7 3.34048e-05 36.9738 -0
1.56152 7 5.17947e-05 23.7499 -0
1.56152 7 8.03086e-05 15.2212 -0
1.56152 7 0.00012452 9.72068 -0
1.56152 7 0.00019307 6.17316 -0
1.56152 7 0.000299358 3.88525 -0
1.56152 7 0.000464159 2.40975 -0
1.56152 7 0.000719686 1.45825 -0
1.56152 7 0.00111588 0.844755 -0
1.56152 7 0.0017302 0.449366 -0
1.56152 7 0.0026827 0.194792 -0
1.56152 7 0.00415956 0.0312711 -0
1.56152 7 0.00644947 -0.0731688 0
1.56152 7 0.01 -0.138957 0
1.56152 7 0.0155052 -0.178992 0
1.56152 7 0.024041 -0.201207 0
1.56152 7 0.0372759 -0.21017 0
1.56152 7 0.0577969 -0.20814 0
1.56152 7 0.0896151 -0.195908 0
1.56152 7 0.13895 -0.173534 0
1.56152 7 0.215443 -0.1415 0
1.56152 7 0.334048 -0.102426 0
1.56152 7 0.517947 -0.0623338 0
1.56152 7 0.803086 -0.0298408 0
1.56152 7 1.2452 -0.0108208 0
1.56152 7 1.9307 -0.00307507 0
1.56152 7 2.99358 -0.000814062 0
1.56152 7 4.64159 -0.000299278 0
1.56152 7 7.19686 -0.000122125 0
1.56152 7 11.1588 -4.97333e-05 0
1.56152 7 17.302 -2.06346e-05 0
1.56152 7 26.827 -8.44061e-06 0
1.56152 7 41.5956 -3.41377e-06 0
1.56152 7 64.4947 -1.37998e-06 0
1.56152 7 100 -5.56992e-07 0
1.56152 7 155.052 -2.24336e-07 0
1.56152 7 240.41 -9.04229e-08 0
1.56152 7 372.759 -3.64568e-08 0
1.56152 7 577.969 -1.46662e-08 0
1.56152 7 896.151 -5.88706e-09 0
1.56152 7 1389.5 -2.35836e-09 0
1.56152 7 2154.43 -9.3941e-10 0
1.56152 7 3340.48 -3.7081e-10 0
1.56152 7 5179.47 -1.44466e-10 0
1.56152 7 8030.86 -5.5239e-11 0
1.56152 7 12452 -2.05849e-11 0
1.56152 7 19307 -7.41339e-12 0
1.56152 7 29935.8 -2.56116e-12 0
1.56152 7 46415.9 -8.44871e-13 0
1.56152 7 71968.6 -2.65891e-13 0
1.56152 7 111588 -8.00925e-14 0
1.56152 7 173020 -2.32533e-14 0
1.56152 7 268270 -6.55318e-15 0
1.56152 7 415956 -1.80708e-15 0
1.56152 7 644947 -4.90858e-16 0
1.56152 7 1e+06 -1.32195e-16 0

3.80755 7 1e-06 322.256 -0
3.80755 7 1.55052e-06 207.82 -0
3.80755 7 2.4041e-06 134.014 -0
3.80755 7 3.72759e-06 86.4133 -0
3.80755 7 5.77969e-06 55.7133 -0
3.80755 7 8.96151e-06 35.9135 -0
3.80755 7 1.3895e-05 23.1437 -0
3.80755 7 2.15443e-05 14.9078 -0
3.80755 7 3.34048e-05 9.59616 -0
3.80755 7 5.17947e-05 6.17041 -0
3.80755 7 8.03086e-05 3.96098 -0
3.80755 7 0.00012452 2.53603 -0
3.80755 7 0.00019307 1.61701 -0
3.80755 7 0.000299358 1.0243 -0
3.80755 7 0.000464159 0.642047 -0
3.80755 7 0.000719686 0.395533 -0
3.80755 7 0.00111588 0.236575 -0
3.80755 7 0.0017302 0.134101 -0
3.80755 7 0.0026827 0.0680817 -0
3.80755 7 0.00415956 0.0256128 -0
3.80755 7 0.00644947 -0.00160847 0
3.80755 7 0.01 -0.0189048 0
3.80755 7 0.0155052 -0.0296627 0
3.80755 7 0.024041 -0.036 0
3.80755 7 0.0372759 -0.0391871 0
3.80755 7 0.0577969 -0.0399189 0
3.80755 7 0.0896151 -0.0385092 0
3.80755 7 0.13895 -0.0350406 0
3.80755 7 0.215443 -0.0295679 0
3.80755 7 0.334048 -0.0224374 0
3.80755 7 0.517947 -0.0146155 0
3.80755 7 0.803086 -0.00776351 0
3.80755 7 1.2452 -0.0033232 0
3.80755 7 1.9307 -0.00117308 0
3.80755 7 2.99358 -0.000374347 0
3.80755 7 4.64159 -0.000154309 0
3.80755 7 7.19686 -6.76271e-05 0
3.80755 7 11.1588 -2.86875e-05 0
3.80755 7 17.302 -1.23915e-05 0
3.80755 7 26.827 -5.21535e-06 0
3.80755 7 41.5956 -2.15075e-06 0
3.80755 7 64.4947 -8.82964e-07 0
3.80755 7 100 -3.60744e-07 0
3.80755 7 155.052 -1.46675e-07 0
3.80755 7 240.41 -5.96075e-08 0
3.80755 7 372.759 -2.42082e-08 0
3.80755 7 577.969 -9.79816e-09 0
3.80755 7 896.151 -3.95416e-09 0
3.80755 7 1389.5 -1.59233e-09 0
3.80755 7 2154.43 -6.37301e-10 0
3.80755 7 3340.48 -2.52645e-10 0
3.80755 7 5179.47 -9.88261e-11 0
3.80755 7 8030.86 -3.79332e-11 0
3.80755 7 12452 -1.41893e-11 0
3.80755 7 19307 -5.12873e-12 0
3.80755 7 29935.8 -1.77806e-12 0
3.80755 7 46415.9 -5.88557e-13 0
3.80755 7 71968.6 -1.85848e-13 0
3.80755 7 111588 -5.61636e-14 0
3.80755 7 173020 -1.63599e-14 0
3.80755 7 268270 -4.62455e-15 0
3.80755 7 415956 -1.27902e-15 0
3.80755 7 644947 -3.48454e-16 0
3.80755 7 1e+06 -9.41835e-17 0

9.28415 7 1e-06 32.8587 -0
9.28415 7 1.55052e-06 21.1912 -0
9.28415 7 2.4041e-06 13.6662 -0
9.28415 7 3.72759e-06 8.81299 -0
9.28415 7 5.77969e-06 5.68293 -0
9.28415 7 8.96151e-06 3.66421 -0
9.28415 7 1.3895e-05 2.36224 -0
9.28415 7 2.15443e-05 1.52254 -0
9.28415 7 3.34048e-05 0.980978 -0
9.28415 7 5.17947e-05 0.6317 -0
9.28415 7 8.03086e-05 0.406435 -0
9.28415 7 0.00012452 0.26115 -0
9.28415 7 0.00019307 0.16745 -0
9.28415 7 0.000299358 0.107018 -0
9.28415 7 0.000464159 0.0680438 -0
9.28415 7 0.000719686 0.0429079 -0
9.28415 7 0.00111588 0.0266977 -0
9.28415 7 0.0017302 0.0162446 -0
9.28415 7 0.0026827 0.00950545 -0
9.28415 7 0.00415956 0.00516301 -0
9.28415 7 0.00644947 0.00236845 -0
9.28415 7 0.01 0.000575503 -0
9.28415 7 0.0155052 -0.000566388 0
9.28415 7 0.024041 -0.00128078 0
9.28415 7 0.0372759 -0.00170796 0
9.28415 7 0.0577969 -0.00193288 0
9.28415 7 0.0896151 -0.00200343 0
9.28415 7 0.13895 -0.00194173 0
9.28415 7 0.215443 -0.00175462 0
9.28415 7 0.334048 -0.00145003 0
9.28415 7 0.517947 -0.00106198 0
9.28415 7 0.803086 -0.000678789 0
9.28415 7 1.2452 -0.000399419 0
9.28415 7 1.9307 -0.000213558 0
9.28415 7 2.99358 -9.91978e-05 0
9.28415 7 4.64159 -5.23281e-05 0
9.28415 7 7.19686 -2.70846e-05 0
9.28415 7 11.1588 -1.25856e-05 0
9.28415 7 17.302 -5.96091e-06 0
9.28415 7 26.827 -2.67865e-06 0
9.28415 7 41.5956 -1.15458e-06 0
9.28415 7 64.4947 -4.90595e-07 0
9.28415 7 100 -2.05809e-07 0
9.28415 7 155.052 -8.53788e-08 0
9.28415 7 240.41 -3.52909e-08 0
9.28415 7 372.759 -1.45447e-08 0
9.28415 7 577.969 -5.95813e-09 0
9.28415 7 896.151 -2.42959e-09 0
9.28415 7 1389.5 -9.88158e-10 0
9.28415 7 2154.43 -3.99038e-10 0
9.28415 7 3340.48 -1.59455e-10 0
9.28415 7 5179.47 -6.28331e-11 0
9.28415 7 8030.86 -2.42855e-11 0
9.28415 7 12452 -9.14577e-12 0
9.28415 7 19307 -3.32703e-12 0
9.28415 7 29935.8 -1.16051e-12 0
9.28415 7 46415.9 -3.86427e-13 0
9.28415 7 71968.6 -1.22726e-13 0
9.28415 7 111588 -3.72932e-14 0
9.28415 7 173020 -1.09237e-14 0
9.28415 7 268270 -3.10365e-15 0
9.28415 7 415956 -8.62597e-16 0
9.28415 7 644947 -2.36156e-16 0
9.28415 7 1e+06 -6.4208e-17 0

22.638 7 1e-06 2.97657 -0
22.638 7 1.55052e-06 1.91971 -0
22.638 7 2.4041e-06 1.23809 -0
22.638 7 3.72759e-06 0.798483 -0
22.638 7 5.77969e-06 0.51496 -0
22.638 7 8.96151e-06 0.332102 -0
22.638 7 1.3895e-05 0.214169 -0
22.638 7 2.15443e-05 0.138108 -0
22.638 7 3.34048e-05 0.0890532 -0
22.638 7 5.17947e-05 0.0574153 -0
22.638 7 8.03086e-05 0.0370105 -0
22.638 7 0.00012452 0.0238505 -0
22.638 7 0.00019307 0.015363 -0
22.638 7 0.000299358 0.00988904 -0
22.638 7 0.000464159 0.00635861 -0
22.638 7 0.000719686 0.00408166 -0
22.638 7 0.00111588 0.00261314 -0
22.638 7 0.0017302 0.00166601 -0
22.638 7 0.0026827 0.00105514 -0
22.638 7 0.00415956 0.000661118 -0
22.638 7 0.00644947 0.000406941 -0
22.638 7 0.01 0.000242927 -0
22.638 7 0.0155052 0.000137027 -0
22.638 7 0.024041 6.85566e-05 -0
22.638 7 0.0372759 2.41795e-05 -0
22.638 7 0.0577969 -4.66231e-06 0
22.638 7 0.0896151 -2.33755e-05 0
22.638 7 0.13895 -3.50784e-05 0
22.638 7 0.215443 -4.10304e-05 0
22.638 7 0.334048 -4.11568e-05 0
22.638 7 0.517947 -3.56378e-05 0
22.638 7 0.803086 -2.87988e-05 0
22.638 7 1.2452 -2.71812e-05 0
22.638 7 1.9307 -2.38663e-05 0
22.638 7 2.99358 -1.54969e-05 0
22.638 7 4.64159 -1.06563e-05 0
22.638 7 7.19686 -7.16517e-06 0
22.638 7 11.1588 -3.84306e-06 0
22.638 7 17.302 -2.15781e-06 0
22.638 7 26.827 -1.10044e-06 0
22.638 7 41.5956 -5.16909e-07 0
22.638 7 64.4947 -2.35105e-07 0
22.638 7 100 -1.03935e-07 0
22.638 7 155.052 -4.4849e-08 0
22.638 7 240.41 -1.91573e-08 0
22.638 7 372.759 -8.11976e-09 0
22.638 7 577.969 -3.40185e-09 0
22.638 7 896.151 -1.4139e-09 0
22.638 7 1389.5 -5.85446e-10 0
22.638 7 2154.43 -2.40172e-10 0
22.638 7 3340.48 -9.73061e-11 0
22.638 7 5179.47 -3.88258e-11 0
22.638 7 8030.86 -1.51817e-11 0
22.638 7 12452 -5.78121e-12 0
22.638 7 19307 -2.12507e-12 0
22.638 7 29935.8 -7.48517e-13 0
22.638 7 46415.9 -2.51576e-13 0
22.638 7 71968.6 -8.0614e-14 0
22.638 7 111588 -2.47038e-14 0
22.638 7 173020 -7.29697e-15 0
22.638 7 268270 -2.08896e-15 0
22.638 7 415956 -5.84777e-16 0
22.638 7 644947 -1.61235e-16 0
22.638 7 1e+06 -4.42096e-17 0

55.1995 7 1e-06 0.520452 -0
55.1995 7 1.55052e-06 0.335663 -0
55.1995 7 2.4041e-06 0.216484 -0
55.1995 7 3.72759e-06 0.139619 -0
55.1995 7 5.77969e-06 0.0900462 -0
55.1995 7 8.96151e-06 0.0580741 -0
55.1995 7 1.3895e-05 0.0374538 -0
55.1995 7 2.15443e-05 0.0241548 -0
55.1995 7 3.34048e-05 0.0155777 -0
55.1995 7 5.17947e-05 0.0100459 -0
55.1995 7 8.03086e-05 0.00647818 -0
55.1995 7 0.00012452 0.00417719 -0
55.1995 7 0.00019307 0.00269318 -0
55.1995 7 0.000299358 0.00173607 -0
55.1995 7 0.000464159 0.00111878 -0
55.1995 7 0.000719686 0.000720662 -0
55.1995 7 0.00111588 0.000463893 -0
55.1995 7 0.0017302 0.000298287 -0
55.1995 7 0.0026827 0.000191472 -0
55.1995 7 0.00415956 0.000122571 -0
55.1995 7 0.00644947 7.81161e-05 -0
55.1995 7 0.01 4.94194e-05 -0
55.1995 7 0.0155052 3.08729e-05 -0
55.1995 7 0.024041 1.88544e-05 -0
55.1995 7 0.0372759 1.10232e-05 -0
55.1995 7 0.0577969 5.86877e-06 -0
55.1995 7 0.0896151 2.42622e-06 -0
55.1995 7 0.13895 1.21456e-07 -0
55.1995 7 0.215443 -1.30192e-06 0
55.1995 7 0.334048 -1.8589e-06 0
55.1995 7 0.517947 -1.58228e-06 0
55.1995 7 0.803086 -1.20575e-06 0
55.1995 7 1.2452 -1.89997e-06 0
55.1995 7 1.9307 -2.39173e-06 0
55.1995 7 2.99358 -1.7339e-06 0
55.1995 7 4.64159 -1.4341e-06 0
55.1995 7 7.19686 -1.34056e-06 0
55.1995 7 11.1588 -8.53768e-07 0
55.1995 7 17.302 -6.10854e-07 0
55.1995 7 26.827 -3.8086e-07 0
55.1995 7 41.5956 -2.06521e-07 0
55.1995 7 64.4947 -1.05683e-07 0
55.1995 7 100 -5.12203e-08 0
55.1995 7 155.052 -2.36585e-08 0
55.1995 7 240.41 -1.06736e-08 0
55.1995 7 372.759 -4.73136e-09 0
55.1995 7 577.969 -2.05189e-09 0
55.1995 7 896.151 -8.77101e-10 0
55.1995 7 1389.5 -3.72493e-10 0
55.1995 7 2154.43 -1.56138e-10 0
55.1995 7 3340.48 -6.44255e-11 0
55.1995 7 5179.47 -2.61227e-11 0
55.1995 7 8030.86 -1.03641e-11 0
55.1995 7 12452 -4.00057e-12 0
55.1995 7 19307 -1.48892e-12 0
55.1995 7 29935.8 -5.30459e-13 0
55.1995 7 46415.9 -1.80202e-13 0
55.1995 7 71968.6 -5.83248e-14 0
55.1995 7 111588 -1.80404e-14 0
55.1995 7 173020 -5.37744e-15 0
55.1995 7 268270 -1.55193e-15 0
55.1995 7 415956 -4.37739e-16 0
55.1995 7 644947 -1.21583e-16 0
55.1995 7 1e+06 -3.36255e-17 0

134.596 7 1e-06 0.106182 -0
134.596 7 1.55052e-06 0.068482 -0
134.596 7 2.4041e-06 0.0441672 -0
134.596 7 3.72759e-06 0.0284855 -0
134.596 7 5.77969e-06 0.0183716 -0
134.596 7 8.96151e-06 0.0118487 -0
134.596 7 1.3895e-05 0.00764177 -0
134.596 7 2.15443e-05 0.00492852 -0
134.596 7 3.34048e-05 0.00317862 -0
134.596 7 5.17947e-05 0.00205003 -0
134.596 7 8.03086e-05 0.00132215 -0
134.596 7 0.00012452 0.000852701 -0
134.596 7 0.00019307 0.000549934 -0
134.596 7 0.000299358 0.000354665 -0
134.596 7 0.000464159 0.000228727 -0
134.596 7 0.000719686 0.000147504 -0
134.596 7 0.00111588 9.51181e-05 -0
134.596 7 0.0017302 6.13316e-05 -0
134.596 7 0.0026827 3.95399e-05 -0
134.596 7 0.00415956 2.54838e-05 -0
134.596 7 0.00644947 1.64156e-05 -0
134.596 7 0.01 1.05632e-05 -0
134.596 7 0.0155052 6.7827e-06 -0
134.596 7 0.024041 4.33565e-06 -0
134.596 7 0.0372759 2.74499e-06 -0
134.596 7 0.0577969 1.70282e-06 -0
134.596 7 0.0896151 1.01181e-06 -0
134.596 7 0.13895 5.51715e-07 -0
134.596 7 0.215443 2.61802e-07 -0
134.596 7 0.334048 1.2557e-07 -0
134.596 7 0.517947 1.28787e-07 -0
134.596 7 0.803086 1.52598e-07 -0
134.596 7 1.2452 7.23558e-09 -0
134.596 7 1.9307 -1.22941e-07 0
134.596 7 2.99358 -6.83427e-08 0
134.596 7 4.64159 -6.2738e-08 0
134.596 7 7.19686 -1.2096e-07 0
134.596 7 11.1588 -8.15114e-08 0
134.596 7 17.302 -8.34903e-08 0
134.596 7 26.827 -7.03549e-08 0
134.596 7 41.5956 -4.66745e-08 0
134.596 7 64.4947 -2.89315e-08 0
134.596 7 100 -1.65478e-08 0
134.596 7 155.052 -8.68915e-09 0
134.596 7 240.41 -4.37419e-09 0
134.596 7 372.759 -2.12956e-09 0
134.596 7 577.969 -9.92599e-10 0
134.596 7 896.151 -4.49821e-10 0
134.596 7 1389.5 -2.01363e-10 0
134.596 7 2154.43 -8.81906e-11 0
134.596 7 3340.48 -3.77331e-11 0
134.596 7 5179.47 -1.57832e-11 0
134.596 7 8030.86 -6.43597e-12 0
134.596 7 12452 -2.54702e-12 0
134.596 7 19307 -9.69239e-13 0
134.596 7 29935.8 -3.52232e-13 0
134.596 7 46415.9 -1.21846e-13 0
134.596 7 71968.6 -4.00974e-14 0
134.596 7 111588 -1.25907e-14 0
134.596 7 173020 -3.8074e-15 0
134.596 7 268270 -1.11266e-15 0
134.596 7 415956 -3.17467e-16 0
134.596 7 644947 -8.91491e-17 0
134.596 7 1e+06 -2.4968e-17 0

328.193 7 1e-06 0.0261921 -0
328.193 7 1.55052e-06 0.0168925 -0
328.193 7 2.4041e-06 0.0108948 -0
328.193 7 3.72759e-06 0.00702656 -0
328.193 7 5.77969e-06 0.00453176 -0
328.193 7 8.96151e-06 0.00292275 -0
328.193 7 1.3895e-05 0.00188502 -0
328.193 7 2.15443e-05 0.00121574 -0
328.193 7 3.34048e-05 0.000784095 -0
328.193 7 5.17947e-05 0.000505704 -0
328.193 7 8.03086e-05 0.000326157 -0
328.193 7 0.00012452 0.000210359 -0
328.193 7 0.00019307 0.000135675 -0
328.193 7 0.000299358 8.7508e-05 -0
328.193 7 0.000464159 5.64428e-05 -0
328.193 7 0.000719686 3.64073e-05 -0
328.193 7 0.00111588 2.34855e-05 -0
328.193 7 0.0017302 1.51515e-05 -0
328.193 7 0.0026827 9.77628e-06 -0
328.193 7 0.00415956 6.30933e-06 -0
328.193 7 0.00644947 4.07294e-06 -0
328.193 7 0.01 2.62999e-06 -0
328.193 7 0.0155052 1.69847e-06 -0
328.193 7 0.024041 1.09638e-06 -0
328.193 7 0.0372759 7.06214e-07 -0
328.193 7 0.0577969 4.5215e-07 -0
328.193 7 0.0896151 2.85481e-07 -0
328.193 7 0.13895 1.75832e-07 -0
328.193 7 0.215443 1.06123e-07 -0
328.193 7 0.334048 6.87392e-08 -0
328.193 7 0.517947 5.82646e-08 -0
328.193 7 0.803086 5.47299e-08 -0
328.193 7 1.2452 2.78032e-08 -0
328.193 7 1.9307 3.4469e-09 -0
328.193 7 2.99358 8.75499e-09 -0
328.193 7 4.64159 7.79027e-09 -0
328.193 7 7.19686 -5.99166e-09 0
328.193 7 11.1588 -2.5809e-09 0
328.193 7 17.302 -6.95339e-09 0
328.193 7 26.827 -9.13805e-09 0
328.193 7 41.5956 -7.43994e-09 0
328.193 7 64.4947 -5.76081e-09 0
328.193 7 100 -4.09999e-09 0
328.193 7 155.052 -2.57684e-09 0
328.193 7 240.41 -1.53195e-09 0
328.193 7 372.759 -8.67366e-10 0
328.193 7 577.969 -4.53423e-10 0
328.193 7 896.151 -2.25056e-10 0
328.193 7 1389.5 -1.09227e-10 0
328.193 7 2154.43 -5.10482e-11 0
328.193 7 3340.48 -2.29958e-11 0
328.193 7 5179.47 -1.00357e-11 0
328.193 7 8030.86 -4.24222e-12 0
328.193 7 12452 -1.73268e-12 0
328.193 7 19307 -6.77472e-13 0
328.193 7 29935.8 -2.52032e-13 0
328.193 7 46415.9 -8.90085e-14 0
328.193 7 71968.6 -2.9835e-14 0
328.193 7 111588 -9.5215e-15 0
328.193 7 173020 -2.92306e-15 0
328.193 7 268270 -8.65225e-16 0
328.193 7 415956 -2.49719e-16 0
328.193 7 644947 -7.08798e-17 0
328.193 7 1e+06 -2.00915e-17 0

800.25 7 1e-06 0.00754337 -0
800.25 7 1.55052e-06 0.00486507 -0
800.25 7 2.4041e-06 0.00313771 -0
800.25 7 3.72759e-06 0.00202366 -0
800.25 7 5.77969e-06 0.00130515 -0
800.25 7 8.96151e-06 0.000841755 -0
800.25 7 1.3895e-05 0.000542888 -0
800.25 7 2.15443e-05 0.000350135 -0
800.25 7 3.34048e-05 0.00022582 -0
800.25 7 5.17947e-05 0.000145643 -0
800.25 7 8.03086e-05 9.39327e-05 -0
800.25 7 0.00012452 6.05827e-05 -0
800.25 7 0.00019307 3.90736e-05 -0
800.25 7 0.000299358 2.52014e-05 -0
800.25 7 0.000464159 1.62546e-05 -0
800.25 7 0.000719686 1.04844e-05 -0
800.25 7 0.00111588 6.76289e-06 -0
800.25 7 0.0017302 4.3627e-06 -0
800.25 7 0.0026827 2.81468e-06 -0
800.25 7 0.00415956 1.81625e-06 -0
800.25 7 0.00644947 1.17226e-06 -0
800.25 7 0.01 7.56828e-07 -0
800.25 7 0.0155052 4.8876e-07 -0
800.25 7 0.024041 3.1567e-07 -0
800.25 7 0.0372759 2.03754e-07 -0
800.25 7 0.0577969 1.31203e-07 -0
800.25 7 0.0896151 8.39826e-08 -0
800.25 7 0.13895 5.31996e-08 -0
800.25 7 0.215443 3.35035e-08 -0
800.25 7 0.334048 2.19666e-08 -0
800.25 7 0.517947 1.6626e-08 -0
800.25 7 0.803086 1.36867e-08 -0
800.25 7 1.2452 7.99233e-09 -0
800.25 7 1.9307 3.16787e-09 -0
800.25 7 2.99358 3.34013e-09 -0
800.25 7 4.64159 2.82968e-09 -0
800.25 7 7.19686 2.52149e-10 -0
800.25 7 11.1588 5.644e-10 -0
800.25 7 17.302 -3.94384e-10 0
800.25 7 26.827 -1.12658e-09 0
800.25 7 41.5956 -1.08195e-09 0
800.25 7 64.4947 -1.00538e-09 0
800.25 7 100 -8.7338e-10 0
800.25 7 155.052 -6.55284e-10 0
800.25 7 240.41 -4.66778e-10 0
800.25 7 372.759 -3.17606e-10 0
800.25 7 577.969 -1.91825e-10 0
800.25 7 896.151 -1.06996e-10 0
800.25 7 1389.5 -5.78032e-11 0
800.25 7 2154.43 -2.94432e-11 0
800.25 7 3340.48 -1.41806e-11 0
800.25 7 5179.47 -6.52996e-12 0
800.25 7 8030.86 -2.88553e-12 0
800.25 7 12452 -1.22422e-12 0
800.25 7 19307 -4.9412e-13 0
800.25 7 29935.8 -1.88792e-13 0
800.25 7 46415.9 -6.82248e-14 0
800.25 7 71968.6 -2.33282e-14 0
800.25 7 111588 -7.57358e-15 0
800.25 7 173020 -2.36153e-15 0
800.25 7 268270 -7.08084e-16 0
800.25 7 415956 -2.06693e-16 0
800.25 7 644947 -5.92775e-17 0
800.25 7 1e+06 -1.69947e-17 0

1951.29 7 1e-06 0.00238389 -0
1951.29 7 1.55052e-06 0.00153748 -0
1951.29 7 2.4041e-06 0.000991596 -0
1951.29 7 3.72759e-06 0.000639527 -0
1951.29 7 5.77969e-06 0.000412461 -0
1951.29 7 8.96151e-06 0.000266015 -0
1951.29 7 1.3895e-05 0.000171566 -0
1951.29 7 2.15443e-05 0.000110651 -0
1951.29 7 3.34048e-05 7.13642e-05 -0
1951.29 7 5.17947e-05 4.60263e-05 -0
1951.29 7 8.03086e-05 2.96847e-05 -0
1951.29 7 0.00012452 1.91452e-05 -0
1951.29 7 0.00019307 1.23478e-05 -0
1951.29 7 0.000299358 7.96389e-06 -0
1951.29 7 0.000464159 5.13647e-06 -0
1951.29 7 0.000719686 3.31293e-06 -0
1951.29 7 0.00111588 2.13685e-06 -0
1951.29 7 0.0017302 1.37834e-06 -0
1951.29 7 0.0026827 8.8913e-07 -0
1951.29 7 0.00415956 5.73612e-07 -0
1951.29 7 0.00644947 3.70111e-07 -0
1951.29 7 0.01 2.38849e-07 -0
1951.29 7 0.0155052 1.54171e-07 -0
1951.29 7 0.024041 9.9527e-08 -0
1951.29 7 0.0372759 6.42401e-08 -0
1951.29 7 0.0577969 4.1424e-08 -0
1951.29 7 0.0896151 2.66417e-08 -0
1951.29 7 0.13895 1.70566e-08 -0
1951.29 7 0.215443 1.08996e-08 -0
1951.29 7 0.334048 7.11154e-09 -0
1951.29 7 0.517947 4.99805e-09 -0
1951.29 7 0.803086 3.71499e-09 -0
1951.29 7 1.2452 2.29155e-09 -0
1951.29 7 1.9307 1.18822e-09 -0
1951.29 7 2.99358 9.95773e-10 -0
1951.29 7 4.64159 7.78593e-10 -0
1951.29 7 7.19686 2.72178e-10 -0
1951.29 7 11.1588 2.61555e-10 -0
1951.29 7 17.302 6.44509e-11 -0
1951.29 7 26.827 -9.92437e-11 0
1951.29 7 41.5956 -1.22507e-10 0
1951.29 7 64.4947 -1.3811e-10 0
1951.29 7 100 -1.43797e-10 0
1951.29 7 155.052 -1.25247e-10 0
1951.29 7 240.41 -1.0528e-10 0
1951.29 7 372.759 -8.70302e-11 0
1951.29 7 577.969 -6.21152e-11 0
1951.29 7 896.151 -4.01383e-11 0
1951.29 7 1389.5 -2.51878e-11 0
1951.29 7 2154.43 -1.45573e-11 0
1951.29 7 3340.48 -7.74156e-12 0
1951.29 7 5179.47 -3.85868e-12 0
1951.29 7 8030.86 -1.81969e-12 0
1951.29 7 12452 -8.15989e-13 0
1951.29 7 19307 -3.44711e-13 0
1951.29 7 29935.8 -1.36736e-13 0
1951.29 7 46415.9 -5.09989e-14 0
1951.29 7 71968.6 -1.79112e-14 0
1951.29 7 111588 -5.94755e-15 0
1951.29 7 173020 -1.8921e-15 0
1951.29 7 268270 -5.76631e-16 0
1951.29 7 415956 -1.70692e-16 0
1951.29 7 644947 -4.9569e-17 0
1951.29 7 1e+06 -1.44035e-17 0

4757.94 7 1e-06 0.000790079 -0
4757.94 7 1.55052e-06 0.000509559 -0
4757.94 7 2.4041e-06 0.000328638 -0
4757.94 7 3.72759e-06 0.000211954 -0
4757.94 7 5.77969e-06 0.000136699 -0
4757.94 7 8.96151e-06 8.81638e-05 -0
4757.94 7 1.3895e-05 5.6861e-05 -0
4757.94 7 2.15443e-05 3.66723e-05 -0
4757.94 7 3.34048e-05 2.36517e-05 -0
4757.94 7 5.17947e-05 1.52541e-05 -0
4757.94 7 8.03086e-05 9.83813e-06 -0
4757.94 7 0.00012452 6.3451e-06 -0
4757.94 7 0.00019307 4.09229e-06 -0
4757.94 7 0.000299358 2.63934e-06 -0
4757.94 7 0.000464159 1.70226e-06 -0
4757.94 7 0.000719686 1.0979e-06 -0
4757.94 7 0.00111588 7.08119e-07 -0
4757.94 7 0.0017302 4.5673e-07 -0
4757.94 7 0.0026827 2.94597e-07 -0
4757.94 7 0.00415956 1.90028e-07 -0
4757.94 7 0.00644947 1.22586e-07 -0
4757.94 7 0.01 7.9087e-08 -0
4757.94 7 0.0155052 5.10291e-08 -0
4757.94 7 0.024041 3.29283e-08 -0
4757.94 7 0.0372759 2.12471e-08 -0
4757.94 7 0.0577969 1.37043e-08 -0
4757.94 7 0.0896151 8.82886e-09 -0
4757.94 7 0.13895 5.67635e-09 -0
4757.94 7 0.215443 3.64709e-09 -0
4757.94 7 0.334048 2.36736e-09 -0
4757.94 7 0.517947 1.59435e-09 -0
4757.94 7 0.803086 1.10855e-09 -0
4757.94 7 1.2452 7.00634e-10 -0
4757.94 7 1.9307 4.07845e-10 -0
4757.94 7 2.99358 3.01723e-10 -0
4757.94 7 4.64159 2.1883e-10 -0
4757.94 7 7.19686 1.0636e-10 -0
4757.94 7 11.1588 8.44504e-11 -0
4757.94 7 17.302 3.96771e-11 -0
4757.94 7 26.827 3.66428e-12 -0
4757.94 7 41.5956 -6.39632e-12 0
4757.94 7 64.4947 -1.36984e-11 0
4757.94 7 100 -1.88173e-11 0
4757.94 7 155.052 -1.89779e-11 0
4757.94 7 240.41 -1.84736e-11 0
4757.94 7 372.759 -1.82519e-11 0
4757.94 7 577.969 -1.53247e-11 0
4757.94 7 896.151 -1.1584e-11 0
4757.94 7 1389.5 -8.65838e-12 0
4757.94 7 2154.43 -5.87658e-12 0
4757.94 7 3340.48 -3.56727e-12 0
4757.94 7 5179.47 -1.9816e-12 0
4757.94 7 8030.86 -1.02344e-12 0
4757.94 7 12452 -4.96804e-13 0
4757.94 7 19307 -2.24086e-13 0
4757.94 7 29935.8 -9.37574e-14 0
4757.94 7 46415.9 -3.65524e-14 0
4757.94 7 71968.6 -1.33197e-14 0
4757.94 7 111588 -4.56017e-15 0
4757.94 7 173020 -1.49002e-15 0
4757.94 7 268270 -4.63819e-16 0
4757.94 7 415956 -1.3977e-16 0
4757.94 7 644947 -4.1228e-17 0
4757.94 7 1e+06 -1.21771e-17 0

11601.6 7 1e-06 0.00026225 -0
11601.6 7 1.55052e-06 0.000169137 -0
11601.6 7 2.4041e-06 0.000109085 -0
11601.6 7 3.72759e-06 7.03537e-05 -0
11601.6 7 5.77969e-06 4.53744e-05 -0
11601.6 7 8.96151e-06 2.92641e-05 -0
11601.6 7 1.3895e-05 1.88738e-05 -0
11601.6 7 2.15443e-05 1.21726e-05 -0
11601.6 7 3.34048e-05 7.85067e-06 -0
11601.6 7 5.17947e-05 5.06327e-06 -0
11601.6 7 8.03086e-05 3.26554e-06 -0
11601.6 7 0.00012452 2.10611e-06 -0
11601.6 7 0.00019307 1.35833e-06 -0
11601.6 7 0.000299358 8.76058e-07 -0
11601.6 7 0.000464159 5.65016e-07 -0
11601.6 7 0.000719686 3.64411e-07 -0
11601.6 7 0.00111588 2.35031e-07 -0
11601.6 7 0.0017302 1.51588e-07 -0
11601.6 7 0.0026827 9.77711e-08 -0
11601.6 7 0.00415956 6.30622e-08 -0
11601.6 7 0.00644947 4.06766e-08 -0
11601.6 7 0.01 2.62387e-08 -0
11601.6 7 0.0155052 1.69265e-08 -0
11601.6 7 0.024041 1.09198e-08 -0
11601.6 7 0.0372759 7.04468e-09 -0
11601.6 7 0.0577969 4.54397e-09 -0
11601.6 7 0.0896151 2.92944e-09 -0
11601.6 7 0.13895 1.88685e-09 -0
11601.6 7 0.215443 1.21506e-09 -0
11601.6 7 0.334048 7.86445e-10 -0
11601.6 7 0.517947 5.18385e-10 -0
11601.6 7 0.803086 3.47546e-10 -0
11601.6 7 1.2452 2.22224e-10 -0
11601.6 7 1.9307 1.36624e-10 -0
11601.6 7 2.99358 9.46755e-11 -0
11601.6 7 4.64159 6.53303e-11 -0
11601.6 7 7.19686 3.6905e-11 -0
11601.6 7 11.1588 2.67075e-11 -0
11601.6 7 17.302 1.52007e-11 -0
11601.6 7 26.827 6.54748e-12 -0
11601.6 7 41.5956 3.0819e-12 -0
11601.6 7 64.4947 6.64205e-13 -0
11601.6 7 100 -1.0559e-12 0
11601.6 7 155.052 -1.71713e-12 0
11601.6 7 240.41 -2.15167e-12 0
11601.6 7 372.759 -2.64924e-12 0
11601.6 7 577.969 -2.57864e-12 0
11601.6 7 896.151 -2.23242e-12 0
11601.6 7 1389.5 -1.98768e-12 0
11601.6 7 2154.43 -1.61624e-12 0
11601.6 7 3340.48 -1.15635e-12 0
11601.6 7 5179.47 -7.43724e-13 0
11601.6 7 8030.86 -4.38805e-13 0
11601.6 7 12452 -2.41478e-13 0
11601.6 7 19307 -1.21261e-13 0
11601.6 7 29935.8 -5.53915e-14 0
11601.6 7 46415.9 -2.32164e-14 0
11601.6 7 71968.6 -8.97902e-15 0
11601.6 7 111588 -3.22743e-15 0
11601.6 7 173020 -1.09982e-15 0
11601.6 7 268270 -3.53694e-16 0
11601.6 7 415956 -1.09488e-16 0
11601.6 7 644947 -3.30467e-17 0
11601.6 7 1e+06 -9.99129e-18 0

28288.7 7 1e-06 8.53493e-05 -0
28288.7 7 1.55052e-06 5.50457e-05 -0
28288.7 7 2.4041e-06 3.55016e-05 -0
28288.7 7 3.72759e-06 2.28966e-05 -0
28288.7 7 5.77969e-06 1.47671e-05 -0
28288.7 7 8.96151e-06 9.52399e-06 -0
28288.7 7 1.3895e-05 6.14247e-06 -0
28288.7 7 2.15443e-05 3.96156e-06 -0
28288.7 7 3.34048e-05 2.555e-06 -0
28288.7 7 5.17947e-05 1.64784e-06 -0
28288.7 7 8.03086e-05 1.06277e-06 -0
28288.7 7 0.00012452 6.8543e-07 -0
28288.7 7 0.00019307 4.42067e-07 -0
28288.7 7 0.000299358 2.85111e-07 -0
28288.7 7 0.000464159 1.83882e-07 -0
28288.7 7 0.000719686 1.18595e-07 -0
28288.7 7 0.00111588 7.64884e-08 -0
28288.7 7 0.0017302 4.93318e-08 -0
28288.7 7 0.0026827 3.18173e-08 -0
28288.7 7 0.00415956 2.05213e-08 -0
28288.7 7 0.00644947 1.3236e-08 -0
28288.7 7 0.01 8.53727e-09 -0
28288.7 7 0.0155052 5.50676e-09 -0
28288.7 7 0.024041 3.55212e-09 -0
28288.7 7 0.0372759 2.2913e-09 -0
28288.7 7 0.0577969 1.4779e-09 -0
28288.7 7 0.0896151 9.53025e-10 -0
28288.7 7 0.13895 6.143e-10 -0
28288.7 7 0.215443 3.95942e-10 -0
28288.7 7 0.334048 2.55859e-10 -0
28288.7 7 0.517947 1.6686e-10 -0
28288.7 7 0.803086 1.0979e-10 -0
28288.7 7 1.2452 7.0548e-11 -0
28288.7 7 1.9307 4.447e-11 -0
28288.7 7 2.99358 2.97847e-11 -0
28288.7 7 4.64159 1.99466e-11 -0
28288.7 7 7.19686 1.20704e-11 -0
28288.7 7 11.1588 8.30123e-12 -0
28288.7 7 17.302 5.07602e-12 -0
28288.7 7 26.827 2.79202e-12 -0
28288.7 7 41.5956 1.66011e-12 -0
28288.7 7 64.4947 8.97643e-13 -0
28288.7 7 100 3.73779e-13 -0
28288.7 7 155.052 1.04421e-13 -0
28288.7 7 240.41 -7.8801e-14 0
28288.7 7 372.759 -2.51252e-13 0
28288.7 7 577.969 -3.10699e-13 0
28288.7 7 896.151 -3.09261e-13 0
28288.7 7 1389.5 -3.27255e-13 0
28288.7 7 2154.43 -3.16257e-13 0
28288.7 7 3340.48 -2.66497e-13 0
28288.7 7 5179.47 -2.00622e-13 0
28288.7 7 8030.86 -1.38538e-13 0
28288.7 7 12452 -8.99733e-14 0
28288.7 7 19307 -5.25979e-14 0
28288.7 7 29935.8 -2.73203e-14 0
28288.7 7 46415.9 -1.27507e-14 0
28288.7 7 71968.6 -5.38976e-15 0
28288.7 7 111588 -2.08399e-15 0
28288.7 7 173020 -7.56538e-16 0
28288.7 7 268270 -2.55313e-16 0
28288.7 7 415956 -8.21926e-17 0
28288.7 7 644947 -2.56358e-17 0
28288.7 7 1e+06 -8.00545e-18 0

68977.9 7 1e-06 2.65204e-05 -0
68977.9 7 1.55052e-06 1.71043e-05 -0
68977.9 7 2.4041e-06 1.10313e-05 -0
68977.9 7 3.72759e-06 7.11462e-06 -0
68977.9 7 5.77969e-06 4.58855e-06 -0
68977.9 7 8.96151e-06 2.95937e-06 -0
68977.9 7 1.3895e-05 1.90864e-06 -0
68977.9 7 2.15443e-05 1.23097e-06 -0
68977.9 7 3.34048e-05 7.9391e-07 -0
68977.9 7 5.17947e-05 5.1203e-07 -0
68977.9 7 8.03086e-05 3.30232e-07 -0
68977.9 7 0.00012452 2.12982e-07 -0
68977.9 7 0.00019307 1.37362e-07 -0
68977.9 7 0.000299358 8.85915e-08 -0
68977.9 7 0.000464159 5.7137e-08 -0
68977.9 7 0.000719686 3.68505e-08 -0
68977.9 7 0.00111588 2.37667e-08 -0
68977.9 7 0.0017302 1.53284e-08 -0
68977.9 7 0.0026827 9.88618e-09 -0
68977.9 7 0.00415956 6.3762e-09 -0
68977.9 7 0.00644947 4.11245e-09 -0
68977.9 7 0.01 2.65245e-09 -0
68977.9 7 0.0155052 1.71081e-09 -0
68977.9 7 0.024041 1.10348e-09 -0
68977.9 7 0.0372759 7.11752e-10 -0
68977.9 7 0.0577969 4.59073e-10 -0
68977.9 7 0.0896151 2.96064e-10 -0
68977.9 7 0.13895 1.90898e-10 -0
68977.9 7 0.215443 1.23088e-10 -0
68977.9 7 0.334048 7.94745e-11 -0
68977.9 7 0.517947 5.15636e-11 -0
68977.9 7 0.803086 3.36158e-11 -0
68977.9 7 1.2452 2.16473e-11 -0
68977.9 7 1.9307 1.3804e-11 -0
68977.9 7 2.99358 9.09009e-12 -0
68977.9 7 4.64159 5.99074e-12 -0
68977.9 7 7.19686 3.74439e-12 -0
68977.9 7 11.1588 2.50735e-12 -0
68977.9 7 17.302 1.58121e-12 -0
68977.9 7 26.827 9.50599e-13 -0
68977.9 7 41.5956 5.99039e-13 -0
68977.9 7 64.4947 3.66877e-13 -0
68977.9 7 100 2.11556e-13 -0
68977.9 7 155.052 1.22219e-13 -0
68977.9 7 240.41 6.25044e-14 -0
68977.9 7 372.759 1.37447e-14 -0
68977.9 7 577.969 -1.04231e-14 0
68977.9 7 896.151 -2.06902e-14 0
68977.9 7 1389.5 -3.33004e-14 0
68977.9 7 2154.43 -4.09596e-14 0
68977.9 7 3340.48 -4.08237e-14 0
68977.9 7 5179.47 -3.56138e-14 0
68977.9 7 8030.86 -2.87384e-14 0
68977.9 7 12452 -2.25467e-14 0
68977.9 7 19307 -1.59788e-14 0
68977.9 7 29935.8 -9.89154e-15 0
68977.9 7 46415.9 -5.39373e-15 0
68977.9 7 71968.6 -2.60632e-15 0
68977.9 7 111588 -1.1291e-15 0
68977.9 7 173020 -4.53749e-16 0
68977.9 7 268270 -1.65335e-16 0
68977.9 7 415956 -5.66431e-17 0
68977.9 7 644947 -1.85996e-17 0
68977.9 7 1e+06 -6.1023e-18 0

168192 7 1e-06 7.65051e-06 -0
168192 7 1.55052e-06 4.93417e-06 -0
168192 7 2.4041e-06 3.18228e-06 -0
168192 7 3.72759e-06 2.0524e-06 -0
168192 7 5.77969e-06 1.32369e-06 -0
168192 7 8.96151e-06 8.53708e-07 -0
168192 7 1.3895e-05 5.50596e-07 -0
168192 7 2.15443e-05 3.55105e-07 -0
168192 7 3.34048e-05 2.29024e-07 -0
168192 7 5.17947e-05 1.47708e-07 -0
168192 7 8.03086e-05 9.5264e-08 -0
168192 7 0.00012452 6.14402e-08 -0
168192 7 0.00019307 3.96257e-08 -0
168192 7 0.000299358 2.55565e-08 -0
168192 7 0.000464159 1.64826e-08 -0
168192 7 0.000719686 1.06304e-08 -0
168192 7 0.00111588 6.85609e-09 -0
168192 7 0.0017302 4.42184e-09 -0
168192 7 0.0026827 2.85187e-09 -0
168192 7 0.00415956 1.83933e-09 -0
168192 7 0.00644947 1.1863e-09 -0
168192 7 0.01 7.65121e-10 -0
168192 7 0.0155052 4.93483e-10 -0
168192 7 0.024041 3.18287e-10 -0
168192 7 0.0372759 2.05291e-10 -0
168192 7 0.0577969 1.32408e-10 -0
168192 7 0.0896151 8.53954e-11 -0
168192 7 0.13895 5.50693e-11 -0
168192 7 0.215443 3.55131e-11 -0
168192 7 0.334048 2.292e-11 -0
168192 7 0.517947 1.48333e-11 -0
168192 7 0.803086 9.62636e-12 -0
168192 7 1.2452 6.20456e-12 -0
168192 7 1.9307 3.97757e-12 -0
168192 7 2.99358 2.59706e-12 -0
168192 7 4.64159 1.69714e-12 -0
168192 7 7.19686 1.07667e-12 -0
168192 7 11.1588 7.10786e-13 -0
168192 7 17.302 4.54032e-13 -0
168192 7 26.827 2.83026e-13 -0
168192 7 41.5956 1.81671e-13 -0
168192 7 64.4947 1.15414e-13 -0
168192 7 100 7.17543e-14 -0
168192 7 155.052 4.53412e-14 -0
168192 7 240.41 2.79366e-14 -0
168192 7 372.759 1.49599e-14 -0
168192 7 577.969 7.70349e-15 -0
168192 7 896.151 3.81588e-15 -0
168192 7 1389.5 1.12591e-16 -0
168192 7 2154.43 -2.51441e-15 0
168192 7 3340.48 -3.68124e-15 0
168192 7 5179.47 -3.83152e-15 0
168192 7 8030.86 -3.57787e-15 0
168192 7 12452 -3.42945e-15 0
168192 7 19307 -3.00504e-15 0
168192 7 29935.8 -2.28256e-15 0
168192 7 46415.9 -1.51707e-15 0
168192 7 71968.6 -8.81456e-16 0
168192 7 111588 -4.52729e-16 0
168192 7 173020 -2.14439e-16 0
168192 7 268270 -8.84204e-17 0
168192 7 415956 -3.35668e-17 0
168192 7 644947 -1.20044e-17 0
168192 7 1e+06 -4.27063e-18 0

410113 7 1e-06 2.02721e-06 -0
410113 7 1.55052e-06 1.30744e-06 -0
410113 7 2.4041e-06 8.43229e-07 -0
410113 7 3.72759e-06 5.43838e-07 -0
410113 7 5.77969e-06 3.50746e-07 -0
410113 7 8.96151e-06 2.26213e-07 -0
410113 7 1.3895e-05 1.45895e-07 -0
410113 7 2.15443e-05 9.40946e-08 -0
410113 7 3.34048e-05 6.0686e-08 -0
410113 7 5.17947e-05 3.91392e-08 -0
410113 7 8.03086e-05 2.52427e-08 -0
410113 7 0.00012452 1.62802e-08 -0
410113 7 0.00019307 1.04999e-08 -0
410113 7 0.000299358 6.77187e-09 -0
410113 7 0.000464159 4.3675e-09 -0
410113 7 0.000719686 2.81681e-09 -0
410113 7 0.00111588 1.8167e-09 -0
410113 7 0.0017302 1.17168e-09 -0
410113 7 0.0026827 7.55673e-10 -0
410113 7 0.00415956 4.87373e-10 -0
410113 7 0.00644947 3.14334e-10 -0
410113 7 0.01 2.02733e-10 -0
410113 7 0.0155052 1.30755e-10 -0
410113 7 0.024041 8.43332e-11 -0
410113 7 0.0372759 5.43926e-11 -0
410113 7 0.0577969 3.50816e-11 -0
410113 7 0.0896151 2.26258e-11 -0
410113 7 0.13895 1.45916e-11 -0
410113 7 0.215443 9.41044e-12 -0
410113 7 0.334048 6.07201e-12 -0
410113 7 0.517947 3.92462e-12 -0
410113 7 0.803086 2.54106e-12 -0
410113 7 1.2452 1.63841e-12 -0
410113 7 1.9307 1.05298e-12 -0
410113 7 2.99358 6.84468e-13 -0
410113 7 4.64159 4.45244e-13 -0
410113 7 7.19686 2.84452e-13 -0
410113 7 11.1588 1.86316e-13 -0
410113 7 17.302 1.19651e-13 -0
410113 7 26.827 7.57747e-14 -0
410113 7 41.5956 4.89278e-14 -0
410113 7 64.4947 3.14684e-14 -0
410113 7 100 2.00561e-14 -0
410113 7 155.052 1.29789e-14 -0
410113 7 240.41 8.35302e-15 -0
410113 7 372.759 5.07985e-15 -0
410113 7 577.969 3.14621e-15 -0
410113 7 896.151 2.02476e-15 -0
410113 7 1389.5 1.09348e-15 -0
410113 7 2154.43 4.3246e-16 -0
410113 7 3340.48 6.85046e-17 -0
410113 7 5179.47 -9.00888e-17 0
410113 7 8030.86 -1.62535e-16 0
410113 7 12452 -2.61238e-16 0
410113 7 19307 -3.18882e-16 0
410113 7 29935.8 -3.08052e-16 0
410113 7 46415.9 -2.55171e-16 0
410113 7 71968.6 -1.83425e-16 0
410113 7 111588 -1.1755e-16 0
410113 7 173020 -7.09824e-17 0
410113 7 268270 -3.51007e-17 0
410113 7 415956 -1.56634e-17 0
410113 7 644947 -6.44218e-18 0
410113 7 1e+06 -2.62183e-18 0

1e+06 7 1e-06 4.90658e-07 -0
1e+06 7 1.55052e-06 3.16448e-07 -0
1e+06 7 2.4041e-06 2.04092e-07 -0
1e+06 7 3.72759e-06 1.31629e-07 -0
1e+06 7 5.77969e-06 8.48934e-08 -0
1e+06 7 8.96151e-06 5.47517e-08 -0
1e+06 7 1.3895e-05 3.5312e-08 -0
1e+06 7 2.15443e-05 2.27743e-08 -0
1e+06 7 3.34048e-05 1.46882e-08 -0
1e+06 7 5.17947e-05 9.47312e-09 -0
1e+06 7 8.03086e-05 6.10966e-09 -0
1e+06 7 0.00012452 3.94041e-09 -0
1e+06 7 0.00019307 2.54135e-09 -0
1e+06 7 0.000299358 1.63904e-09 -0
1e+06 7 0.000464159 1.05709e-09 -0
1e+06 7 0.000719686 6.81769e-10 -0
1e+06 7 0.00111588 4.39706e-10 -0
1e+06 7 0.0017302 2.83587e-10 -0
1e+06 7 0.0026827 1.829e-10 -0
1e+06 7 0.00415956 1.17961e-10 -0
1e+06 7 0.00644947 7.60794e-11 -0
1e+06 7 0.01 4.90678e-11 -0
1e+06 7 0.0155052 3.16467e-11 -0
1e+06 7 0.024041 2.0411e-11 -0
1e+06 7 0.0372759 1.31644e-11 -0
1e+06 7 0.0577969 8.49054e-12 -0
1e+06 7 0.0896151 5.47598e-12 -0
1e+06 7 0.13895 3.53161e-12 -0
1e+06 7 0.215443 2.27766e-12 -0
1e+06 7 0.334048 1.46944e-12 -0
1e+06 7 0.517947 9.49119e-13 -0
1e+06 7 0.803086 6.13764e-13 -0
1e+06 7 1.2452 3.95797e-13 -0
1e+06 7 1.9307 2.54688e-13 -0
1e+06 7 2.99358 1.65154e-13 -0
1e+06 7 4.64159 1.07158e-13 -0
1e+06 7 7.19686 6.86937e-14 -0
1e+06 7 11.1588 4.47925e-14 -0
1e+06 7 17.302 2.88286e-14 -0
1e+06 7 26.827 1.83893e-14 -0
1e+06 7 41.5956 1.18927e-14 -0
1e+06 7 64.4947 7.67918e-15 -0
1e+06 7 100 4.93689e-15 -0
1e+06 7 155.052 3.21435e-15 -0
1e+06 7 240.41 2.09337e-15 -0
1e+06 7 372.759 1.32294e-15 -0
1e+06 7 577.969 8.54816e-16 -0
1e+06 7 896.151 5.73307e-16 -0
1e+06 7 1389.5 3.57188e-16 -0
1e+06 7 2154.43 2.06775e-16 -0
1e+06 7 3340.48 1.18643e-16 -0
1e+06 7 5179.47 7.30915e-17 -0
1e+06 7 8030.86 4.7056e-17 -0
1e+06 7 12452 1.80498e-17 -0
1e+06 7 19307 -4.62169e-18 0
1e+06 7 29935.8 -1.61487e-17 0
1e+06 7 46415.9 -2.00434e-17 0
1e+06 7 71968.6 -1.86126e-17 0
1e+06 7 111588 -1.57239e-17 0
1e+06 7 173020 -1.35533e-17 0
1e+06 7 268270 -8.50129e-18 0
1e+06 7 415956 -4.83544e-18 0
1e+06 7 644947 -2.49628e-18 0
1e+06 7 1e+06 -1.27773e-18 0

