#q_sq i k_sq Re(fg) Im(fg)
1e-06 9 1e-06 -0.41177 0
1e-06 9 1.55052e-06 -0.411768 0
1e-06 9 2.4041e-06 -0.411765 0
1e-06 9 3.72759e-06 -0.41176 0
1e-06 9 5.77969e-06 -0.411752 0
1e-06 9 8.96151e-06 -0.41174 0
1e-06 9 1.3895e-05 -0.411722 0
1e-06 9 2.15443e-05 -0.411694 0
1e-06 9 3.34048e-05 -0.41165 0
1e-06 9 5.17947e-05 -0.411581 0
1e-06 9 8.03086e-05 -0.411475 0
1e-06 9 0.00012452 -0.411311 0
1e-06 9 0.00019307 -0.411057 0
1e-06 9 0.000299358 -0.410662 0
1e-06 9 0.000464159 -0.410051 0
1e-06 9 0.000719686 -0.409103 0
1e-06 9 0.00111588 -0.407637 0
1e-06 9 0.0017302 -0.405367 0
1e-06 9 0.0026827 -0.401857 0
1e-06 9 0.00415956 -0.396439 0
1e-06 9 0.00644947 -0.388105 0
1e-06 9 0.01 -0.375328 0
1e-06 9 0.0155052 -0.355861 0
1e-06 9 0.024041 -0.326526 0
1e-06 9 0.0372759 -0.282991 0
1e-06 9 0.0577969 -0.219977 0
1e-06 9 0.0896151 -0.132465 0
1e-06 9 0.13895 -0.0188083 0
1e-06 9 0.215443 0.112621 0
1e-06 9 0.334048 0.234905 0
1e-06 9 0.517947 0.303265 0
1e-06 9 0.803086 0.286977 0
1e-06 9 1.2452 0.216869 0
1e-06 9 1.9307 0.140485 0
1e-06 9 2.99358 0.0747871 0
1e-06 9 4.64159 0.0327725 0
1e-06 9 7.19686 0.0108629 0
1e-06 9 11.1588 0.00447158 0
1e-06 9 17.302 0.00127918 0
1e-06 9 26.827 0.000282004 0
1e-06 9 41.5956 0.000124489 0
1e-06 9 64.4947 5.88863e-05 0
1e-06 9 100 2.71347e-05 0
1e-06 9 155.052 1.52418e-05 0
1e-06 9 240.41 7.82467e-06 0
1e-06 9 372.759 3.36992e-06 0
1e-06 9 577.969 2.1783e-06 0
1e-06 9 896.151 1.66671e-06 0
1e-06 9 1389.5 1.04369e-06 0
1e-06 9 2154.43 6.88878e-07 0
1e-06 9 3340.48 5.57423e-07 0
1e-06 9 5179.47 4.90723e-07 0
1e-06 9 8030.86 4.08111e-07 0
1e-06 9 12452 3.11174e-07 0
1e-06 9 19307 2.25817e-07 0
1e-06 9 29935.8 1.57944e-07 0
1e-06 9 46415.9 1.0569e-07 0
1e-06 9 71968.6 6.72112e-08 0
1e-06 9 111588 3.97358e-08 0
1e-06 9 173020 2.16682e-08 0
1e-06 9 268270 1.10797e-08 0
1e-06 9 415956 5.14396e-09 0
1e-06 9 644947 1.95764e-09 0
1e-06 9 1e+06 4.78114e-10 0

2.43835e-06 9 1e-06 -0.411769 0
2.43835e-06 9 1.55052e-06 -0.411767 0
2.43835e-06 9 2.4041e-06 -0.411764 0
2.43835e-06 9 3.72759e-06 -0.411759 0
2.43835e-06 9 5.77969e-06 -0.411751 0
2.43835e-06 9 8.96151e-06 -0.41174 0
2.43835e-06 9 1.3895e-05 -0.411721 0
2.43835e-06 9 2.15443e-05 -0.411693 0
2.43835e-06 9 3.34048e-05 -0.411649 0
2.43835e-06 9 5.17947e-05 -0.41158 0
2.43835e-06 9 8.03086e-05 -0.411475 0
2.43835e-06 9 0.00012452 -0.411311 0
2.43835e-06 9 0.00019307 -0.411056 0
2.43835e-06 9 0.000299358 -0.410662 0
2.43835e-06 9 0.000464159 -0.41005 0
2.43835e-06 9 0.000719686 -0.409102 0
2.43835e-06 9 0.00111588 -0.407636 0
2.43835e-06 9 0.0017302 -0.405366 0
2.43835e-06 9 0.0026827 -0.401856 0
2.43835e-06 9 0.00415956 -0.396439 0
2.43835e-06 9 0.00644947 -0.388105 0
2.43835e-06 9 0.01 -0.375327 0
2.43835e-06 9 0.0155052 -0.355861 0
2.43835e-06 9 0.024041 -0.326525 0
2.43835e-06 9 0.0372759 -0.282991 0
2.43835e-06 9 0.0577969 -0.219976 0
2.43835e-06 9 0.0896151 -0.132465 0
2.43835e-06 9 0.13895 -0.0188079 0
2.43835e-06 9 0.215443 0.112622 0
2.43835e-06 9 0.334048 0.234906 0
2.43835e-06 9 0.517947 0.303265 0
2.43835e-06 9 0.803086 0.286977 0
2.43835e-06 9 1.2452 0.216869 0
2.43835e-06 9 1.9307 0.140485 0
2.43835e-06 9 2.99358 0.0747871 0
2.43835e-06 9 4.64159 0.0327725 0
2.43835e-06 9 7.19686 0.0108629 0
2.43835e-06 9 11.1588 0.00447158 0
2.43835e-06 9 17.302 0.00127918 0
2.43835e-06 9 26.827 0.000282004 0
2.43835e-06 9 41.5956 0.000124489 0
2.43835e-06 9 64.4947 5.88863e-05 0
2.43835e-06 9 100 2.71347e-05 0
2.43835e-06 9 155.052 1.52418e-05 0
2.43835e-06 9 240.41 7.82467e-06 0
2.43835e-06 9 372.759 3.36992e-06 0
2.43835e-06 9 577.969 2.1783e-06 0
2.43835e-06 9 896.151 1.66671e-06 0
2.43835e-06 9 1389.5 1.04369e-06 0
2.43835e-06 9 2154.43 6.88878e-07 0
2.43835e-06 9 3340.48 5.57423e-07 0
2.43835e-06 9 5179.47 4.90723e-07 0
2.43835e-06 9 8030.86 4.08111e-07 0
2.43835e-06 9 12452 3.11174e-07 0
2.43835e-06 9 19307 2.25817e-07 0
2.43835e-06 9 29935.8 1.57944e-07 0
2.43835e-06 9 46415.9 1.0569e-07 0
2.43835e-06 9 71968.6 6.72112e-08 0
2.43835e-06 9 111588 3.97358e-08 0
2.43835e-06 9 173020 2.16682e-08 0
2.43835e-06 9 268270 1.10797e-08 0
2.43835e-06 9 415956 5.14396e-09 0
2.43835e-06 9 644947 1.95764e-09 0
2.43835e-06 9 1e+06 4.78114e-10 0

5.94557e-06 9 1e-06 -0.411767 0
5.94557e-06 9 1.55052e-06 -0.411765 0
5.94557e-06 9 2.4041e-06 -0.411762 0
5.94557e-06 9 3.72759e-06 -0.411757 0
5.94557e-06 9 5.77969e-06 -0.411749 0
5.94557e-06 9 8.96151e-06 -0.411738 0
5.94557e-06 9 1.3895e-05 -0.411719 0
5.94557e-06 9 2.15443e-05 -0.411691 0
5.94557e-06 9 3.34048e-05 -0.411647 0
5.94557e-06 9 5.17947e-05 -0.411579 0
5.94557e-06 9 8.03086e-05 -0.411473 0
5.94557e-06 9 0.00012452 -0.411309 0
5.94557e-06 9 0.00019307 -0.411054 0
5.94557e-06 9 0.000299358 -0.41066 0
5.94557e-06 9 0.000464159 -0.410048 0
5.94557e-06 9 0.000719686 -0.4091 0
5.94557e-06 9 0.00111588 -0.407634 0
5.94557e-06 9 0.0017302 -0.405364 0
5.94557e-06 9 0.0026827 -0.401854 0
5.94557e-06 9 0.00415956 -0.396437 0
5.94557e-06 9 0.00644947 -0.388103 0
5.94557e-06 9 0.01 -0.375325 0
5.94557e-06 9 0.0155052 -0.355859 0
5.94557e-06 9 0.024041 -0.326523 0
5.94557e-06 9 0.0372759 -0.282989 0
5.94557e-06 9 0.0577969 -0.219975 0
5.94557e-06 9 0.0896151 -0.132463 0
5.94557e-06 9 0.13895 -0.018807 0
5.94557e-06 9 0.215443 0.112622 0
5.94557e-06 9 0.334048 0.234906 0
5.94557e-06 9 0.517947 0.303265 0
5.94557e-06 9 0.803086 0.286977 0
5.94557e-06 9 1.2452 0.216869 0
5.94557e-06 9 1.9307 0.140484 0
5.94557e-06 9 2.99358 0.074787 0
5.94557e-06 9 4.64159 0.0327725 0
5.94557e-06 9 7.19686 0.0108629 0
5.94557e-06 9 11.1588 0.00447158 0
5.94557e-06 9 17.302 0.00127918 0
5.94557e-06 9 26.827 0.000282004 0
5.94557e-06 9 41.5956 0.000124489 0
5.94557e-06 9 64.4947 5.88863e-05 0
5.94557e-06 9 100 2.71347e-05 0
5.94557e-06 9 155.052 1.52418e-05 0
5.94557e-06 9 240.41 7.82467e-06 0
5.94557e-06 9 372.759 3.36992e-06 0
5.94557e-06 9 577.969 2.1783e-06 0
5.94557e-06 9 896.151 1.66671e-06 0
5.94557e-06 9 1389.5 1.04369e-06 0
5.94557e-06 9 2154.43 6.88878e-07 0
5.94557e-06 9 3340.48 5.57423e-07 0
5.94557e-06 9 5179.47 4.90723e-07 0
5.94557e-06 9 8030.86 4.08111e-07 0
5.94557e-06 9 12452 3.11174e-07 0
5.94557e-06 9 19307 2.25817e-07 0
5.94557e-06 9 29935.8 1.57944e-07 0
5.94557e-06 9 46415.9 1.0569e-07 0
5.94557e-06 9 71968.6 6.72112e-08 0
5.94557e-06 9 111588 3.97358e-08 0
5.94557e-06 9 173020 2.16682e-08 0
5.94557e-06 9 268270 1.10797e-08 0
5.94557e-06 9 415956 5.14396e-09 0
5.94557e-06 9 644947 1.95764e-09 0
5.94557e-06 9 1e+06 4.78114e-10 0

1.44974e-05 9 1e-06 -0.411762 0
1.44974e-05 9 1.55052e-06 -0.41176 0
1.44974e-05 9 2.4041e-06 -0.411757 0
1.44974e-05 9 3.72759e-06 -0.411752 0
1.44974e-05 9 5.77969e-06 -0.411745 0
1.44974e-05 9 8.96151e-06 -0.411733 0
1.44974e-05 9 1.3895e-05 -0.411714 0
1.44974e-05 9 2.15443e-05 -0.411686 0
1.44974e-05 9 3.34048e-05 -0.411642 0
1.44974e-05 9 5.17947e-05 -0.411574 0
1.44974e-05 9 8.03086e-05 -0.411468 0
1.44974e-05 9 0.00012452 -0.411304 0
1.44974e-05 9 0.00019307 -0.411049 0
1.44974e-05 9 0.000299358 -0.410655 0
1.44974e-05 9 0.000464159 -0.410043 0
1.44974e-05 9 0.000719686 -0.409096 0
1.44974e-05 9 0.00111588 -0.407629 0
1.44974e-05 9 0.0017302 -0.40536 0
1.44974e-05 9 0.0026827 -0.401849 0
1.44974e-05 9 0.00415956 -0.396432 0
1.44974e-05 9 0.00644947 -0.388098 0
1.44974e-05 9 0.01 -0.37532 0
1.44974e-05 9 0.0155052 -0.355854 0
1.44974e-05 9 0.024041 -0.326519 0
1.44974e-05 9 0.0372759 -0.282985 0
1.44974e-05 9 0.0577969 -0.219971 0
1.44974e-05 9 0.0896151 -0.13246 0
1.44974e-05 9 0.13895 -0.0188047 0
1.44974e-05 9 0.215443 0.112624 0
1.44974e-05 9 0.334048 0.234906 0
1.44974e-05 9 0.517947 0.303265 0
1.44974e-05 9 0.803086 0.286977 0
1.44974e-05 9 1.2452 0.216868 0
1.44974e-05 9 1.9307 0.140484 0
1.44974e-05 9 2.99358 0.0747869 0
1.44974e-05 9 4.64159 0.0327725 0
1.44974e-05 9 7.19686 0.0108629 0
1.44974e-05 9 11.1588 0.00447158 0
1.44974e-05 9 17.302 0.00127918 0
1.44974e-05 9 26.827 0.000282004 0
1.44974e-05 9 41.5956 0.000124489 0
1.44974e-05 9 64.4947 5.88863e-05 0
1.44974e-05 9 100 2.71347e-05 0
1.44974e-05 9 155.052 1.52418e-05 0
1.44974e-05 9 240.41 7.82467e-06 0
1.44974e-05 9 372.759 3.36992e-06 0
1.44974e-05 9 577.969 2.1783e-06 0
1.44974e-05 9 896.151 1.66671e-06 0
1.44974e-05 9 1389.5 1.04369e-06 0
1.44974e-05 9 2154.43 6.88878e-07 0
1.44974e-05 9 3340.48 5.57423e-07 0
1.44974e-05 9 5179.47 4.90723e-07 0
1.44974e-05 9 8030.86 4.08111e-07 0
1.44974e-05 9 12452 3.11174e-07 0
1.44974e-05 9 19307 2.25817e-07 0
1.44974e-05 9 29935.8 1.57944e-07 0
1.44974e-05 9 46415.9 1.0569e-07 0
1.44974e-05 9 71968.6 6.72112e-08 0
1.44974e-05 9 111588 3.97358e-08 0
1.44974e-05 9 173020 2.16682e-08 0
1.44974e-05 9 268270 1.10797e-08 0
1.44974e-05 9 415956 5.14396e-09 0
1.44974e-05 9 644947 1.95764e-09 0
1.44974e-05 9 1e+06 4.78114e-10 0

3.53498e-05 9 1e-06 -0.41175 0
3.53498e-05 9 1.55052e-06 -0.411748 0
3.53498e-05 9 2.4041e-06 -0.411745 0
3.53498e-05 9 3.72759e-06 -0.41174 0
3.53498e-05 9 5.77969e-06 -0.411733 0
3.53498e-05 9 8.96151e-06 -0.411721 0
3.53498e-05 9 1.3895e-05 -0.411703 0
3.53498e-05 9 2.15443e-05 -0.411674 0
3.53498e-05 9 3.34048e-05 -0.41163 0
3.53498e-05 9 5.17947e-05 -0.411562 0
3.53498e-05 9 8.03086e-05 -0.411456 0
3.53498e-05 9 0.00012452 -0.411292 0
3.53498e-05 9 0.00019307 -0.411038 0
3.53498e-05 9 0.000299358 -0.410643 0
3.53498e-05 9 0.000464159 -0.410032 0
3.53498e-05 9 0.000719686 -0.409084 0
3.53498e-05 9 0.00111588 -0.407617 0
3.53498e-05 9 0.0017302 -0.405348 0
3.53498e-05 9 0.0026827 -0.401838 0
3.53498e-05 9 0.00415956 -0.39642 0
3.53498e-05 9 0.00644947 -0.388087 0
3.53498e-05 9 0.01 -0.375309 0
3.53498e-05 9 0.0155052 -0.355844 0
3.53498e-05 9 0.024041 -0.326508 0
3.53498e-05 9 0.0372759 -0.282975 0
3.53498e-05 9 0.0577969 -0.219963 0
3.53498e-05 9 0.0896151 -0.132453 0
3.53498e-05 9 0.13895 -0.0187993 0
3.53498e-05 9 0.215443 0.112627 0
3.53498e-05 9 0.334048 0.234907 0
3.53498e-05 9 0.517947 0.303265 0
3.53498e-05 9 0.803086 0.286976 0
3.53498e-05 9 1.2452 0.216868 0
3.53498e-05 9 1.9307 0.140484 0
3.53498e-05 9 2.99358 0.0747868 0
3.53498e-05 9 4.64159 0.0327724 0
3.53498e-05 9 7.19686 0.0108629 0
3.53498e-05 9 11.1588 0.00447158 0
3.53498e-05 9 17.302 0.00127918 0
3.53498e-05 9 26.827 0.000282004 0
3.53498e-05 9 41.5956 0.000124489 0
3.53498e-05 9 64.4947 5.88863e-05 0
3.53498e-05 9 100 2.71347e-05 0
3.53498e-05 9 155.052 1.52418e-05 0
3.53498e-05 9 240.41 7.82467e-06 0
3.53498e-05 9 372.759 3.36992e-06 0
3.53498e-05 9 577.969 2.1783e-06 0
3.53498e-05 9 896.151 1.66671e-06 0
3.53498e-05 9 1389.5 1.04369e-06 0
3.53498e-05 9 2154.43 6.88878e-07 0
3.53498e-05 9 3340.48 5.57423e-07 0
3.53498e-05 9 5179.47 4.90723e-07 0
3.53498e-05 9 8030.86 4.08111e-07 0
3.53498e-05 9 12452 3.11174e-07 0
3.53498e-05 9 19307 2.25817e-07 0
3.53498e-05 9 29935.8 1.57944e-07 0
3.53498e-05 9 46415.9 1.0569e-07 0
3.53498e-05 9 71968.6 6.72112e-08 0
3.53498e-05 9 111588 3.97358e-08 0
3.53498e-05 9 173020 2.16682e-08 0
3.53498e-05 9 268270 1.10797e-08 0
3.53498e-05 9 415956 5.14396e-09 0
3.53498e-05 9 644947 1.95764e-09 0
3.53498e-05 9 1e+06 4.78114e-10 0

8.61954e-05 9 1e-06 -0.411722 0
8.61954e-05 9 1.55052e-06 -0.41172 0
8.61954e-05 9 2.4041e-06 -0.411717 0
8.61954e-05 9 3.72759e-06 -0.411712 0
8.61954e-05 9 5.77969e-06 -0.411704 0
8.61954e-05 9 8.96151e-06 -0.411692 0
8.61954e-05 9 1.3895e-05 -0.411674 0
8.61954e-05 9 2.15443e-05 -0.411646 0
8.61954e-05 9 3.34048e-05 -0.411602 0
8.61954e-05 9 5.17947e-05 -0.411533 0
8.61954e-05 9 8.03086e-05 -0.411427 0
8.61954e-05 9 0.00012452 -0.411263 0
8.61954e-05 9 0.00019307 -0.411009 0
8.61954e-05 9 0.000299358 -0.410615 0
8.61954e-05 9 0.000464159 -0.410003 0
8.61954e-05 9 0.000719686 -0.409055 0
8.61954e-05 9 0.00111588 -0.407589 0
8.61954e-05 9 0.0017302 -0.40532 0
8.61954e-05 9 0.0026827 -0.401809 0
8.61954e-05 9 0.00415956 -0.396392 0
8.61954e-05 9 0.00644947 -0.388059 0
8.61954e-05 9 0.01 -0.375282 0
8.61954e-05 9 0.0155052 -0.355817 0
8.61954e-05 9 0.024041 -0.326483 0
8.61954e-05 9 0.0372759 -0.282952 0
8.61954e-05 9 0.0577969 -0.219941 0
8.61954e-05 9 0.0896151 -0.132435 0
8.61954e-05 9 0.13895 -0.0187859 0
8.61954e-05 9 0.215443 0.112635 0
8.61954e-05 9 0.334048 0.23491 0
8.61954e-05 9 0.517947 0.303264 0
8.61954e-05 9 0.803086 0.286974 0
8.61954e-05 9 1.2452 0.216866 0
8.61954e-05 9 1.9307 0.140483 0
8.61954e-05 9 2.99358 0.0747863 0
8.61954e-05 9 4.64159 0.0327723 0
8.61954e-05 9 7.19686 0.0108628 0
8.61954e-05 9 11.1588 0.00447157 0
8.61954e-05 9 17.302 0.00127917 0
8.61954e-05 9 26.827 0.000282003 0
8.61954e-05 9 41.5956 0.000124489 0
8.61954e-05 9 64.4947 5.88862e-05 0
8.61954e-05 9 100 2.71346e-05 0
8.61954e-05 9 155.052 1.52418e-05 0
8.61954e-05 9 240.41 7.82467e-06 0
8.61954e-05 9 372.759 3.36992e-06 0
8.61954e-05 9 577.969 2.1783e-06 0
8.61954e-05 9 896.151 1.66671e-06 0
8.61954e-05 9 1389.5 1.04369e-06 0
8.61954e-05 9 2154.43 6.88878e-07 0
8.61954e-05 9 3340.48 5.57423e-07 0
8.61954e-05 9 5179.47 4.90723e-07 0
8.61954e-05 9 8030.86 4.08111e-07 0
8.61954e-05 9 12452 3.11174e-07 0
8.61954e-05 9 19307 2.25817e-07 0
8.61954e-05 9 29935.8 1.57944e-07 0
8.61954e-05 9 46415.9 1.0569e-07 0
8.61954e-05 9 71968.6 6.72112e-08 0
8.61954e-05 9 111588 3.97358e-08 0
8.61954e-05 9 173020 2.16682e-08 0
8.61954e-05 9 268270 1.10797e-08 0
8.61954e-05 9 415956 5.14396e-09 0
8.61954e-05 9 644947 1.95764e-09 0
8.61954e-05 9 1e+06 4.78114e-10 0

0.000210175 9 1e-06 -0.411652 0
0.000210175 9 1.55052e-06 -0.41165 0
0.000210175 9 2.4041e-06 -0.411647 0
0.000210175 9 3.72759e-06 -0.411642 0
0.000210175 9 5.77969e-06 -0.411634 0
0.000210175 9 8.96151e-06 -0.411622 0
0.000210175 9 1.3895e-05 -0.411604 0
0.000210175 9 2.15443e-05 -0.411576 0
0.000210175 9 3.34048e-05 -0.411532 0
0.000210175 9 5.17947e-05 -0.411463 0
0.000210175 9 8.03086e-05 -0.411358 0
0.000210175 9 0.00012452 -0.411193 0
0.000210175 9 0.00019307 -0.410939 0
0.000210175 9 0.000299358 -0.410545 0
0.000210175 9 0.000464159 -0.409933 0
0.000210175 9 0.000719686 -0.408986 0
0.000210175 9 0.00111588 -0.407519 0
0.000210175 9 0.0017302 -0.40525 0
0.000210175 9 0.0026827 -0.40174 0
0.000210175 9 0.00415956 -0.396324 0
0.000210175 9 0.00644947 -0.387991 0
0.000210175 9 0.01 -0.375216 0
0.000210175 9 0.0155052 -0.355753 0
0.000210175 9 0.024041 -0.326421 0
0.000210175 9 0.0372759 -0.282894 0
0.000210175 9 0.0577969 -0.21989 0
0.000210175 9 0.0896151 -0.132392 0
0.000210175 9 0.13895 -0.0187534 0
0.000210175 9 0.215443 0.112655 0
0.000210175 9 0.334048 0.234918 0
0.000210175 9 0.517947 0.303262 0
0.000210175 9 0.803086 0.286968 0
0.000210175 9 1.2452 0.216861 0
0.000210175 9 1.9307 0.14048 0
0.000210175 9 2.99358 0.0747852 0
0.000210175 9 4.64159 0.0327719 0
0.000210175 9 7.19686 0.0108628 0
0.000210175 9 11.1588 0.00447154 0
0.000210175 9 17.302 0.00127917 0
0.000210175 9 26.827 0.000282002 0
0.000210175 9 41.5956 0.000124488 0
0.000210175 9 64.4947 5.8886e-05 0
0.000210175 9 100 2.71346e-05 0
0.000210175 9 155.052 1.52417e-05 0
0.000210175 9 240.41 7.82466e-06 0
0.000210175 9 372.759 3.36991e-06 0
0.000210175 9 577.969 2.17829e-06 0
0.000210175 9 896.151 1.66671e-06 0
0.000210175 9 1389.5 1.04369e-06 0
0.000210175 9 2154.43 6.88878e-07 0
0.000210175 9 3340.48 5.57423e-07 0
0.000210175 9 5179.47 4.90723e-07 0
0.000210175 9 8030.86 4.08111e-07 0
0.000210175 9 12452 3.11174e-07 0
0.000210175 9 19307 2.25817e-07 0
0.000210175 9 29935.8 1.57944e-07 0
0.000210175 9 46415.9 1.0569e-07 0
0.000210175 9 71968.6 6.72112e-08 0
0.000210175 9 111588 3.97358e-08 0
0.000210175 9 173020 2.16682e-08 0
0.000210175 9 268270 1.10797e-08 0
0.000210175 9 415956 5.14396e-09 0
0.000210175 9 644947 1.95764e-09 0
0.000210175 9 1e+06 4.78114e-10 0

0.000512481 9 1e-06 -0.411481 0
0.000512481 9 1.55052e-06 -0.411479 0
0.000512481 9 2.4041e-06 -0.411476 0
0.000512481 9 3.72759e-06 -0.411471 0
0.000512481 9 5.77969e-06 -0.411464 0
0.000512481 9 8.96151e-06 -0.411452 0
0.000512481 9 1.3895e-05 -0.411434 0
0.000512481 9 2.15443e-05 -0.411405 0
0.000512481 9 3.34048e-05 -0.411361 0
0.000512481 9 5.17947e-05 -0.411293 0
0.000512481 9 8.03086e-05 -0.411187 0
0.000512481 9 0.00012452 -0.411023 0
0.000512481 9 0.00019307 -0.410769 0
0.000512481 9 0.000299358 -0.410375 0
0.000512481 9 0.000464159 -0.409763 0
0.000512481 9 0.000719686 -0.408816 0
0.000512481 9 0.00111588 -0.40735 0
0.000512481 9 0.0017302 -0.405081 0
0.000512481 9 0.0026827 -0.401572 0
0.000512481 9 0.00415956 -0.396157 0
0.000512481 9 0.00644947 -0.387826 0
0.000512481 9 0.01 -0.375054 0
0.000512481 9 0.0155052 -0.355595 0
0.000512481 9 0.024041 -0.326271 0
0.000512481 9 0.0372759 -0.282754 0
0.000512481 9 0.0577969 -0.219764 0
0.000512481 9 0.0896151 -0.132286 0
0.000512481 9 0.13895 -0.0186741 0
0.000512481 9 0.215443 0.112703 0
0.000512481 9 0.334048 0.234936 0
0.000512481 9 0.517947 0.303258 0
0.000512481 9 0.803086 0.286956 0
0.000512481 9 1.2452 0.21685 0
0.000512481 9 1.9307 0.140473 0
0.000512481 9 2.99358 0.0747825 0
0.000512481 9 4.64159 0.032771 0
0.000512481 9 7.19686 0.0108626 0
0.000512481 9 11.1588 0.00447148 0
0.000512481 9 17.302 0.00127916 0
0.000512481 9 26.827 0.000281999 0
0.000512481 9 41.5956 0.000124487 0
0.000512481 9 64.4947 5.88856e-05 0
0.000512481 9 100 2.71344e-05 0
0.000512481 9 155.052 1.52417e-05 0
0.000512481 9 240.41 7.82463e-06 0
0.000512481 9 372.759 3.3699e-06 0
0.000512481 9 577.969 2.17829e-06 0
0.000512481 9 896.151 1.66671e-06 0
0.000512481 9 1389.5 1.04368e-06 0
0.000512481 9 2154.43 6.88878e-07 0
0.000512481 9 3340.48 5.57423e-07 0
0.000512481 9 5179.47 4.90723e-07 0
0.000512481 9 8030.86 4.08111e-07 0
0.000512481 9 12452 3.11174e-07 0
0.000512481 9 19307 2.25817e-07 0
0.000512481 9 29935.8 1.57944e-07 0
0.000512481 9 46415.9 1.0569e-07 0
0.000512481 9 71968.6 6.72112e-08 0
0.000512481 9 111588 3.97358e-08 0
0.000512481 9 173020 2.16682e-08 0
0.000512481 9 268270 1.10797e-08 0
0.000512481 9 415956 5.14396e-09 0
0.000512481 9 644947 1.95764e-09 0
0.000512481 9 1e+06 4.78114e-10 0

0.00124961 9 1e-06 -0.411066 0
0.00124961 9 1.55052e-06 -0.411064 0
0.00124961 9 2.4041e-06 -0.411061 0
0.00124961 9 3.72759e-06 -0.411056 0
0.00124961 9 5.77969e-06 -0.411048 0
0.00124961 9 8.96151e-06 -0.411037 0
0.00124961 9 1.3895e-05 -0.411018 0
0.00124961 9 2.15443e-05 -0.41099 0
0.00124961 9 3.34048e-05 -0.410946 0
0.00124961 9 5.17947e-05 -0.410878 0
0.00124961 9 8.03086e-05 -0.410772 0
0.00124961 9 0.00012452 -0.410608 0
0.00124961 9 0.00019307 -0.410354 0
0.00124961 9 0.000299358 -0.40996 0
0.00124961 9 0.000464159 -0.409349 0
0.00124961 9 0.000719686 -0.408402 0
0.00124961 9 0.00111588 -0.406937 0
0.00124961 9 0.0017302 -0.40467 0
0.00124961 9 0.0026827 -0.401162 0
0.00124961 9 0.00415956 -0.39575 0
0.00124961 9 0.00644947 -0.387424 0
0.00124961 9 0.01 -0.374659 0
0.00124961 9 0.0155052 -0.355211 0
0.00124961 9 0.024041 -0.325904 0
0.00124961 9 0.0372759 -0.282411 0
0.00124961 9 0.0577969 -0.219457 0
0.00124961 9 0.0896151 -0.132029 0
0.00124961 9 0.13895 -0.0184807 0
0.00124961 9 0.215443 0.112821 0
0.00124961 9 0.334048 0.234979 0
0.00124961 9 0.517947 0.303247 0
0.00124961 9 0.803086 0.286924 0
0.00124961 9 1.2452 0.216822 0
0.00124961 9 1.9307 0.140456 0
0.00124961 9 2.99358 0.074776 0
0.00124961 9 4.64159 0.0327689 0
0.00124961 9 7.19686 0.010862 0
0.00124961 9 11.1588 0.00447134 0
0.00124961 9 17.302 0.00127913 0
0.00124961 9 26.827 0.000281992 0
0.00124961 9 41.5956 0.000124485 0
0.00124961 9 64.4947 5.88847e-05 0
0.00124961 9 100 2.7134e-05 0
0.00124961 9 155.052 1.52415e-05 0
0.00124961 9 240.41 7.82458e-06 0
0.00124961 9 372.759 3.36988e-06 0
0.00124961 9 577.969 2.17828e-06 0
0.00124961 9 896.151 1.6667e-06 0
0.00124961 9 1389.5 1.04368e-06 0
0.00124961 9 2154.43 6.88878e-07 0
0.00124961 9 3340.48 5.57423e-07 0
0.00124961 9 5179.47 4.90723e-07 0
0.00124961 9 8030.86 4.08111e-07 0
0.00124961 9 12452 3.11174e-07 0
0.00124961 9 19307 2.25817e-07 0
0.00124961 9 29935.8 1.57944e-07 0
0.00124961 9 46415.9 1.0569e-07 0
0.00124961 9 71968.6 6.72112e-08 0
0.00124961 9 111588 3.97358e-08 0
0.00124961 9 173020 2.16682e-08 0
0.00124961 9 268270 1.10797e-08 0
0.00124961 9 415956 5.14396e-09 0
0.00124961 9 644947 1.95764e-09 0
0.00124961 9 1e+06 4.78114e-10 0

0.00304699 9 1e-06 -0.410054 0
0.00304699 9 1.55052e-06 -0.410052 0
0.00304699 9 2.4041e-06 -0.410049 0
0.00304699 9 3.72759e-06 -0.410044 0
0.00304699 9 5.77969e-06 -0.410037 0
0.00304699 9 8.96151e-06 -0.410025 0
0.00304699 9 1.3895e-05 -0.410007 0
0.00304699 9 2.15443e-05 -0.409978 0
0.00304699 9 3.34048e-05 -0.409934 0
0.00304699 9 5.17947e-05 -0.409866 0
0.00304699 9 8.03086e-05 -0.409761 0
0.00304699 9 0.00012452 -0.409597 0
0.00304699 9 0.00019307 -0.409343 0
0.00304699 9 0.000299358 -0.40895 0
0.00304699 9 0.000464159 -0.408339 0
0.00304699 9 0.000719686 -0.407394 0
0.00304699 9 0.00111588 -0.405931 0
0.00304699 9 0.0017302 -0.403667 0
0.00304699 9 0.0026827 -0.400164 0
0.00304699 9 0.00415956 -0.39476 0
0.00304699 9 0.00644947 -0.386445 0
0.00304699 9 0.01 -0.373698 0
0.00304699 9 0.0155052 -0.354277 0
0.00304699 9 0.024041 -0.32501 0
0.00304699 9 0.0372759 -0.281577 0
0.00304699 9 0.0577969 -0.218709 0
0.00304699 9 0.0896151 -0.131401 0
0.00304699 9 0.13895 -0.0180099 0
0.00304699 9 0.215443 0.113109 0
0.00304699 9 0.334048 0.235085 0
0.00304699 9 0.517947 0.303221 0
0.00304699 9 0.803086 0.286848 0
0.00304699 9 1.2452 0.216756 0
0.00304699 9 1.9307 0.140415 0
0.00304699 9 2.99358 0.0747601 0
0.00304699 9 4.64159 0.0327638 0
0.00304699 9 7.19686 0.0108608 0
0.00304699 9 11.1588 0.00447098 0
0.00304699 9 17.302 0.00127905 0
0.00304699 9 26.827 0.000281975 0
0.00304699 9 41.5956 0.000124479 0
0.00304699 9 64.4947 5.88823e-05 0
0.00304699 9 100 2.71331e-05 0
0.00304699 9 155.052 1.52412e-05 0
0.00304699 9 240.41 7.82444e-06 0
0.00304699 9 372.759 3.36983e-06 0
0.00304699 9 577.969 2.17826e-06 0
0.00304699 9 896.151 1.6667e-06 0
0.00304699 9 1389.5 1.04368e-06 0
0.00304699 9 2154.43 6.88876e-07 0
0.00304699 9 3340.48 5.57422e-07 0
0.00304699 9 5179.47 4.90723e-07 0
0.00304699 9 8030.86 4.0811e-07 0
0.00304699 9 12452 3.11174e-07 0
0.00304699 9 19307 2.25817e-07 0
0.00304699 9 29935.8 1.57944e-07 0
0.00304699 9 46415.9 1.0569e-07 0
0.00304699 9 71968.6 6.72112e-08 0
0.00304699 9 111588 3.97358e-08 0
0.00304699 9 173020 2.16682e-08 0
0.00304699 9 268270 1.10797e-08 0
0.00304699 9 415956 5.14396e-09 0
0.00304699 9 644947 1.95764e-09 0
0.00304699 9 1e+06 4.78114e-10 0

0.00742964 9 1e-06 -0.407595 0
0.00742964 9 1.55052e-06 -0.407593 0
0.00742964 9 2.4041e-06 -0.40759 0
0.00742964 9 3.72759e-06 -0.407585 0
0.00742964 9 5.77969e-06 -0.407577 0
0.00742964 9 8.96151e-06 -0.407565 0
0.00742964 9 1.3895e-05 -0.407547 0
0.00742964 9 2.15443e-05 -0.407519 0
0.00742964 9 3.34048e-05 -0.407475 0
0.00742964 9 5.17947e-05 -0.407407 0
0.00742964 9 8.03086e-05 -0.407302 0
0.00742964 9 0.00012452 -0.407139 0
0.00742964 9 0.00019307 -0.406886 0
0.00742964 9 0.000299358 -0.406494 0
0.00742964 9 0.000464159 -0.405886 0
0.00742964 9 0.000719686 -0.404943 0
0.00742964 9 0.00111588 -0.403485 0
0.00742964 9 0.0017302 -0.401229 0
0.00742964 9 0.0026827 -0.397738 0
0.00742964 9 0.00415956 -0.392352 0
0.00742964 9 0.00644947 -0.384065 0
0.00742964 9 0.01 -0.37136 0
0.00742964 9 0.0155052 -0.352005 0
0.00742964 9 0.024041 -0.322836 0
0.00742964 9 0.0372759 -0.279549 0
0.00742964 9 0.0577969 -0.216892 0
0.00742964 9 0.0896151 -0.129876 0
0.00742964 9 0.13895 -0.0168651 0
0.00742964 9 0.215443 0.113807 0
0.00742964 9 0.334048 0.235342 0
0.00742964 9 0.517947 0.303157 0
0.00742964 9 0.803086 0.286663 0
0.00742964 9 1.2452 0.216593 0
0.00742964 9 1.9307 0.140315 0
0.00742964 9 2.99358 0.0747213 0
0.00742964 9 4.64159 0.0327513 0
0.00742964 9 7.19686 0.0108578 0
0.00742964 9 11.1588 0.00447011 0
0.00742964 9 17.302 0.00127887 0
0.00742964 9 26.827 0.000281934 0
0.00742964 9 41.5956 0.000124464 0
0.00742964 9 64.4947 5.88765e-05 0
0.00742964 9 100 2.71308e-05 0
0.00742964 9 155.052 1.52403e-05 0
0.00742964 9 240.41 7.8241e-06 0
0.00742964 9 372.759 3.3697e-06 0
0.00742964 9 577.969 2.17821e-06 0
0.00742964 9 896.151 1.66668e-06 0
0.00742964 9 1389.5 1.04367e-06 0
0.00742964 9 2154.43 6.88873e-07 0
0.00742964 9 3340.48 5.57421e-07 0
0.00742964 9 5179.47 4.90722e-07 0
0.00742964 9 8030.86 4.0811e-07 0
0.00742964 9 12452 3.11174e-07 0
0.00742964 9 19307 2.25817e-07 0
0.00742964 9 29935.8 1.57944e-07 0
0.00742964 9 46415.9 1.0569e-07 0
0.00742964 9 71968.6 6.72112e-08 0
0.00742964 9 111588 3.97358e-08 0
0.00742964 9 173020 2.16682e-08 0
0.00742964 9 268270 1.10797e-08 0
0.00742964 9 415956 5.14396e-09 0
0.00742964 9 644947 1.95764e-09 0
0.00742964 9 1e+06 4.78114e-10 0

0.0181161 9 1e-06 -0.401639 0
0.0181161 9 1.55052e-06 -0.401637 0
0.0181161 9 2.4041e-06 -0.401634 0
0.0181161 9 3.72759e-06 -0.401629 0
0.0181161 9 5.77969e-06 -0.401621 0
0.0181161 9 8.96151e-06 -0.40161 0
0.0181161 9 1.3895e-05 -0.401592 0
0.0181161 9 2.15443e-05 -0.401564 0
0.0181161 9 3.34048e-05 -0.40152 0
0.0181161 9 5.17947e-05 -0.401453 0
0.0181161 9 8.03086e-05 -0.401348 0
0.0181161 9 0.00012452 -0.401187 0
0.0181161 9 0.00019307 -0.400936 0
0.0181161 9 0.000299358 -0.400547 0
0.0181161 9 0.000464159 -0.399944 0
0.0181161 9 0.000719686 -0.399009 0
0.0181161 9 0.00111588 -0.397563 0
0.0181161 9 0.0017302 -0.395325 0
0.0181161 9 0.0026827 -0.391863 0
0.0181161 9 0.00415956 -0.386521 0
0.0181161 9 0.00644947 -0.378302 0
0.0181161 9 0.01 -0.365701 0
0.0181161 9 0.0155052 -0.346504 0
0.0181161 9 0.024041 -0.317573 0
0.0181161 9 0.0372759 -0.274639 0
0.0181161 9 0.0577969 -0.212491 0
0.0181161 9 0.0896151 -0.126183 0
0.0181161 9 0.13895 -0.0140932 0
0.0181161 9 0.215443 0.115497 0
0.0181161 9 0.334048 0.235964 0
0.0181161 9 0.517947 0.303 0
0.0181161 9 0.803086 0.286212 0
0.0181161 9 1.2452 0.216196 0
0.0181161 9 1.9307 0.140073 0
0.0181161 9 2.99358 0.0746267 0
0.0181161 9 4.64159 0.0327209 0
0.0181161 9 7.19686 0.0108504 0
0.0181161 9 11.1588 0.004468 0
0.0181161 9 17.302 0.00127844 0
0.0181161 9 26.827 0.000281832 0
0.0181161 9 41.5956 0.000124427 0
0.0181161 9 64.4947 5.88624e-05 0
0.0181161 9 100 2.71253e-05 0
0.0181161 9 155.052 1.52381e-05 0
0.0181161 9 240.41 7.82327e-06 0
0.0181161 9 372.759 3.36937e-06 0
0.0181161 9 577.969 2.17808e-06 0
0.0181161 9 896.151 1.66663e-06 0
0.0181161 9 1389.5 1.04365e-06 0
0.0181161 9 2154.43 6.88866e-07 0
0.0181161 9 3340.48 5.57418e-07 0
0.0181161 9 5179.47 4.90721e-07 0
0.0181161 9 8030.86 4.0811e-07 0
0.0181161 9 12452 3.11174e-07 0
0.0181161 9 19307 2.25817e-07 0
0.0181161 9 29935.8 1.57944e-07 0
0.0181161 9 46415.9 1.0569e-07 0
0.0181161 9 71968.6 6.72112e-08 0
0.0181161 9 111588 3.97358e-08 0
0.0181161 9 173020 2.16682e-08 0
0.0181161 9 268270 1.10797e-08 0
0.0181161 9 415956 5.14396e-09 0
0.0181161 9 644947 1.95764e-09 0
0.0181161 9 1e+06 4.78114e-10 0

0.0441734 9 1e-06 -0.387361 0
0.0441734 9 1.55052e-06 -0.387359 0
0.0441734 9 2.4041e-06 -0.387356 0
0.0441734 9 3.72759e-06 -0.387351 0
0.0441734 9 5.77969e-06 -0.387344 0
0.0441734 9 8.96151e-06 -0.387333 0
0.0441734 9 1.3895e-05 -0.387315 0
0.0441734 9 2.15443e-05 -0.387288 0
0.0441734 9 3.34048e-05 -0.387245 0
0.0441734 9 5.17947e-05 -0.387179 0
0.0441734 9 8.03086e-05 -0.387077 0
0.0441734 9 0.00012452 -0.386918 0
0.0441734 9 0.00019307 -0.386672 0
0.0441734 9 0.000299358 -0.386291 0
0.0441734 9 0.000464159 -0.3857 0
0.0441734 9 0.000719686 -0.384784 0
0.0441734 9 0.00111588 -0.383366 0
0.0441734 9 0.0017302 -0.381172 0
0.0441734 9 0.0026827 -0.377779 0
0.0441734 9 0.00415956 -0.372542 0
0.0441734 9 0.00644947 -0.364486 0
0.0441734 9 0.01 -0.352134 0
0.0441734 9 0.0155052 -0.333315 0
0.0441734 9 0.024041 -0.304955 0
0.0441734 9 0.0372759 -0.262866 0
0.0441734 9 0.0577969 -0.201941 0
0.0441734 9 0.0896151 -0.117329 0
0.0441734 9 0.13895 -0.00744936 0
0.0441734 9 0.215443 0.119545 0
0.0441734 9 0.334048 0.237445 0
0.0441734 9 0.517947 0.302611 0
0.0441734 9 0.803086 0.285116 0
0.0441734 9 1.2452 0.215233 0
0.0441734 9 1.9307 0.139483 0
0.0441734 9 2.99358 0.074397 0
0.0441734 9 4.64159 0.0326468 0
0.0441734 9 7.19686 0.0108326 0
0.0441734 9 11.1588 0.00446284 0
0.0441734 9 17.302 0.00127737 0
0.0441734 9 26.827 0.000281585 0
0.0441734 9 41.5956 0.000124339 0
0.0441734 9 64.4947 5.8828e-05 0
0.0441734 9 100 2.71118e-05 0
0.0441734 9 155.052 1.52328e-05 0
0.0441734 9 240.41 7.82125e-06 0
0.0441734 9 372.759 3.36859e-06 0
0.0441734 9 577.969 2.17777e-06 0
0.0441734 9 896.151 1.6665e-06 0
0.0441734 9 1389.5 1.04361e-06 0
0.0441734 9 2154.43 6.88847e-07 0
0.0441734 9 3340.48 5.57411e-07 0
0.0441734 9 5179.47 4.90718e-07 0
0.0441734 9 8030.86 4.08109e-07 0
0.0441734 9 12452 3.11173e-07 0
0.0441734 9 19307 2.25817e-07 0
0.0441734 9 29935.8 1.57944e-07 0
0.0441734 9 46415.9 1.0569e-07 0
0.0441734 9 71968.6 6.72112e-08 0
0.0441734 9 111588 3.97357e-08 0
0.0441734 9 173020 2.16682e-08 0
0.0441734 9 268270 1.10797e-08 0
0.0441734 9 415956 5.14396e-09 0
0.0441734 9 644947 1.95764e-09 0
0.0441734 9 1e+06 4.78114e-10 0

0.107711 9 1e-06 -0.35394 0
0.107711 9 1.55052e-06 -0.353938 0
0.107711 9 2.4041e-06 -0.353935 0
0.107711 9 3.72759e-06 -0.35393 0
0.107711 9 5.77969e-06 -0.353923 0
0.107711 9 8.96151e-06 -0.353913 0
0.107711 9 1.3895e-05 -0.353896 0
0.107711 9 2.15443e-05 -0.35387 0
0.107711 9 3.34048e-05 -0.353829 0
0.107711 9 5.17947e-05 -0.353766 0
0.107711 9 8.03086e-05 -0.353669 0
0.107711 9 0.00012452 -0.353518 0
0.107711 9 0.00019307 -0.353283 0
0.107711 9 0.000299358 -0.35292 0
0.107711 9 0.000464159 -0.352357 0
0.107711 9 0.000719686 -0.351484 0
0.107711 9 0.00111588 -0.350133 0
0.107711 9 0.0017302 -0.348043 0
0.107711 9 0.0026827 -0.34481 0
0.107711 9 0.00415956 -0.33982 0
0.107711 9 0.00644947 -0.332144 0
0.107711 9 0.01 -0.320374 0
0.107711 9 0.0155052 -0.302442 0
0.107711 9 0.024041 -0.275417 0
0.107711 9 0.0372759 -0.235308 0
0.107711 9 0.0577969 -0.177245 0
0.107711 9 0.0896151 -0.0966079 0
0.107711 9 0.13895 0.00808847 0
0.107711 9 0.215443 0.128988 0
0.107711 9 0.334048 0.240853 0
0.107711 9 0.517947 0.301617 0
0.107711 9 0.803086 0.282463 0
0.107711 9 1.2452 0.212908 0
0.107711 9 1.9307 0.138058 0
0.107711 9 2.99358 0.0738411 0
0.107711 9 4.64159 0.0324673 0
0.107711 9 7.19686 0.0107891 0
0.107711 9 11.1588 0.00445032 0
0.107711 9 17.302 0.00127478 0
0.107711 9 26.827 0.000280984 0
0.107711 9 41.5956 0.000124124 0
0.107711 9 64.4947 5.87441e-05 0
0.107711 9 100 2.70789e-05 0
0.107711 9 155.052 1.522e-05 0
0.107711 9 240.41 7.81634e-06 0
0.107711 9 372.759 3.36668e-06 0
0.107711 9 577.969 2.17701e-06 0
0.107711 9 896.151 1.66621e-06 0
0.107711 9 1389.5 1.04349e-06 0
0.107711 9 2154.43 6.88801e-07 0
0.107711 9 3340.48 5.57393e-07 0
0.107711 9 5179.47 4.90711e-07 0
0.107711 9 8030.86 4.08106e-07 0
0.107711 9 12452 3.11172e-07 0
0.107711 9 19307 2.25817e-07 0
0.107711 9 29935.8 1.57944e-07 0
0.107711 9 46415.9 1.0569e-07 0
0.107711 9 71968.6 6.72111e-08 0
0.107711 9 111588 3.97357e-08 0
0.107711 9 173020 2.16682e-08 0
0.107711 9 268270 1.10797e-08 0
0.107711 9 415956 5.14396e-09 0
0.107711 9 644947 1.95764e-09 0
0.107711 9 1e+06 4.78114e-10 0

0.262636 9 1e-06 -0.280036 0
0.262636 9 1.55052e-06 -0.280034 0
0.262636 9 2.4041e-06 -0.280032 0
0.262636 9 3.72759e-06 -0.280028 0
0.262636 9 5.77969e-06 -0.280022 0
0.262636 9 8.96151e-06 -0.280012 0
0.262636 9 1.3895e-05 -0.279997 0
0.262636 9 2.15443e-05 -0.279974 0
0.262636 9 3.34048e-05 -0.279938 0
0.262636 9 5.17947e-05 -0.279882 0
0.262636 9 8.03086e-05 -0.279795 0
0.262636 9 0.00012452 -0.27966 0
0.262636 9 0.00019307 -0.279452 0
0.262636 9 0.000299358 -0.279128 0
0.262636 9 0.000464159 -0.278626 0
0.262636 9 0.000719686 -0.277849 0
0.262636 9 0.00111588 -0.276646 0
0.262636 9 0.0017302 -0.274785 0
0.262636 9 0.0026827 -0.271905 0
0.262636 9 0.00415956 -0.267462 0
0.262636 9 0.00644947 -0.260626 0
0.262636 9 0.01 -0.250143 0
0.262636 9 0.0155052 -0.234172 0
0.262636 9 0.024041 -0.210101 0
0.262636 9 0.0372759 -0.174373 0
0.262636 9 0.0577969 -0.12265 0
0.262636 9 0.0896151 -0.0508323 0
0.262636 9 0.13895 0.0423439 0
0.262636 9 0.215443 0.149664 0
0.262636 9 0.334048 0.248044 0
0.262636 9 0.517947 0.298952 0
0.262636 9 0.803086 0.276113 0
0.262636 9 1.2452 0.207379 0
0.262636 9 1.9307 0.134665 0
0.262636 9 2.99358 0.0725112 0
0.262636 9 4.64159 0.0320363 0
0.262636 9 7.19686 0.0106843 0
0.262636 9 11.1588 0.00442 0
0.262636 9 17.302 0.00126849 0
0.262636 9 26.827 0.000279525 0
0.262636 9 41.5956 0.000123601 0
0.262636 9 64.4947 5.85408e-05 0
0.262636 9 100 2.69991e-05 0
0.262636 9 155.052 1.51889e-05 0
0.262636 9 240.41 7.80441e-06 0
0.262636 9 372.759 3.36205e-06 0
0.262636 9 577.969 2.17517e-06 0
0.262636 9 896.151 1.66549e-06 0
0.262636 9 1389.5 1.04321e-06 0
0.262636 9 2154.43 6.88691e-07 0
0.262636 9 3340.48 5.57349e-07 0
0.262636 9 5179.47 4.90693e-07 0
0.262636 9 8030.86 4.08099e-07 0
0.262636 9 12452 3.1117e-07 0
0.262636 9 19307 2.25816e-07 0
0.262636 9 29935.8 1.57943e-07 0
0.262636 9 46415.9 1.0569e-07 0
0.262636 9 71968.6 6.72111e-08 0
0.262636 9 111588 3.97357e-08 0
0.262636 9 173020 2.16682e-08 0
0.262636 9 268270 1.10797e-08 0
0.262636 9 415956 5.14396e-09 0
0.262636 9 644947 1.95764e-09 0
0.262636 9 1e+06 4.78114e-10 0

0.6404 9 1e-06 -0.136552 0
0.6404 9 1.55052e-06 -0.136551 0
0.6404 9 2.4041e-06 -0.136549 0
0.6404 9 3.72759e-06 -0.136546 0
0.6404 9 5.77969e-06 -0.136541 0
0.6404 9 8.96151e-06 -0.136534 0
0.6404 9 1.3895e-05 -0.136522 0
0.6404 9 2.15443e-05 -0.136505 0
0.6404 9 3.34048e-05 -0.136477 0
0.6404 9 5.17947e-05 -0.136435 0
0.6404 9 8.03086e-05 -0.136369 0
0.6404 9 0.00012452 -0.136266 0
0.6404 9 0.00019307 -0.136108 0
0.6404 9 0.000299358 -0.135862 0
0.6404 9 0.000464159 -0.135481 0
0.6404 9 0.000719686 -0.13489 0
0.6404 9 0.00111588 -0.133976 0
0.6404 9 0.0017302 -0.132562 0
0.6404 9 0.0026827 -0.130373 0
0.6404 9 0.00415956 -0.126996 0
0.6404 9 0.00644947 -0.121801 0
0.6404 9 0.01 -0.113834 0
0.6404 9 0.0155052 -0.101696 0
0.6404 9 0.024041 -0.083403 0
0.6404 9 0.0372759 -0.0562574 0
0.6404 9 0.0577969 -0.0169732 0
0.6404 9 0.0896151 0.0375033 0
0.6404 9 0.13895 0.107951 0
0.6404 9 0.215443 0.188367 0
0.6404 9 0.334048 0.259918 0
0.6404 9 0.517947 0.291218 0
0.6404 9 0.803086 0.261291 0
0.6404 9 1.2452 0.194692 0
0.6404 9 1.9307 0.126859 0
0.6404 9 2.99358 0.0694167 0
0.6404 9 4.64159 0.0310234 0
0.6404 9 7.19686 0.0104353 0
0.6404 9 11.1588 0.00434746 0
0.6404 9 17.302 0.0012534 0
0.6404 9 26.827 0.000276027 0
0.6404 9 41.5956 0.000122349 0
0.6404 9 64.4947 5.8053e-05 0
0.6404 9 100 2.68076e-05 0
0.6404 9 155.052 1.51141e-05 0
0.6404 9 240.41 7.77578e-06 0
0.6404 9 372.759 3.35092e-06 0
0.6404 9 577.969 2.17074e-06 0
0.6404 9 896.151 1.66376e-06 0
0.6404 9 1389.5 1.04253e-06 0
0.6404 9 2154.43 6.88426e-07 0
0.6404 9 3340.48 5.57243e-07 0
0.6404 9 5179.47 4.90651e-07 0
0.6404 9 8030.86 4.08082e-07 0
0.6404 9 12452 3.11163e-07 0
0.6404 9 19307 2.25813e-07 0
0.6404 9 29935.8 1.57942e-07 0
0.6404 9 46415.9 1.0569e-07 0
0.6404 9 71968.6 6.72109e-08 0
0.6404 9 111588 3.97357e-08 0
0.6404 9 173020 2.16682e-08 0
0.6404 9 268270 1.10797e-08 0
0.6404 9 415956 5.14396e-09 0
0.6404 9 644947 1.95764e-09 0
0.6404 9 1e+06 4.78114e-10 0

1.56152 9 1e-06 0.0718073 0
1.56152 9 1.55052e-06 0.0718079 0
1.56152 9 2.4041e-06 0.0718089 0
1.56152 9 3.72759e-06 0.0718105 0
1.56152 9 5.77969e-06 0.071813 0
1.56152 9 8.96151e-06 0.0718168 0
1.56152 9 1.3895e-05 0.0718227 0
1.56152 9 2.15443e-05 0.0718319 0
1.56152 9 3.34048e-05 0.0718461 0
1.56152 9 5.17947e-05 0.0718682 0
1.56152 9 8.03086e-05 0.0719024 0
1.56152 9 0.00012452 0.0719555 0
1.56152 9 0.00019307 0.0720378 0
1.56152 9 0.000299358 0.0721654 0
1.56152 9 0.000464159 0.0723633 0
1.56152 9 0.000719686 0.07267 0
1.56152 9 0.00111588 0.0731444 0
1.56152 9 0.0017302 0.0738785 0
1.56152 9 0.0026827 0.0750145 0
1.56152 9 0.00415956 0.0767672 0
1.56152 9 0.00644947 0.0794627 0
1.56152 9 0.01 0.0835946 0
1.56152 9 0.0155052 0.0898876 0
1.56152 9 0.024041 0.0993589 0
1.56152 9 0.0372759 0.113387 0
1.56152 9 0.0577969 0.133619 0
1.56152 9 0.0896151 0.161465 0
1.56152 9 0.13895 0.196894 0
1.56152 9 0.215443 0.235735 0
1.56152 9 0.334048 0.26589 0
1.56152 9 0.517947 0.267596 0
1.56152 9 0.803086 0.228648 0
1.56152 9 1.2452 0.167957 0
1.56152 9 1.9307 0.110346 0
1.56152 9 2.99358 0.0626821 0
1.56152 9 4.64159 0.0287656 0
1.56152 9 7.19686 0.00986611 0
1.56152 9 11.1588 0.00417904 0
1.56152 9 17.302 0.00121813 0
1.56152 9 26.827 0.000267931 0
1.56152 9 41.5956 0.000119453 0
1.56152 9 64.4947 5.69242e-05 0
1.56152 9 100 2.63639e-05 0
1.56152 9 155.052 1.49409e-05 0
1.56152 9 240.41 7.70951e-06 0
1.56152 9 372.759 3.32519e-06 0
1.56152 9 577.969 2.1605e-06 0
1.56152 9 896.151 1.65975e-06 0
1.56152 9 1389.5 1.04098e-06 0
1.56152 9 2154.43 6.87813e-07 0
1.56152 9 3340.48 5.57e-07 0
1.56152 9 5179.47 4.90554e-07 0
1.56152 9 8030.86 4.08044e-07 0
1.56152 9 12452 3.11148e-07 0
1.56152 9 19307 2.25807e-07 0
1.56152 9 29935.8 1.5794e-07 0
1.56152 9 46415.9 1.05689e-07 0
1.56152 9 71968.6 6.72106e-08 0
1.56152 9 111588 3.97355e-08 0
1.56152 9 173020 2.16681e-08 0
1.56152 9 268270 1.10797e-08 0
1.56152 9 415956 5.14395e-09 0
1.56152 9 644947 1.95764e-09 0
1.56152 9 1e+06 4.78113e-10 0

3.80755 9 1e-06 0.209852 0
3.80755 9 1.55052e-06 0.209852 0
3.80755 9 2.4041e-06 0.209852 0
3.80755 9 3.72759e-06 0.209853 0
3.80755 9 5.77969e-06 0.209853 0
3.80755 9 8.96151e-06 0.209853 0
3.80755 9 1.3895e-05 0.209854 0
3.80755 9 2.15443e-05 0.209856 0
3.80755 9 3.34048e-05 0.209858 0
3.80755 9 5.17947e-05 0.209861 0
3.80755 9 8.03086e-05 0.209866 0
3.80755 9 0.00012452 0.209874 0
3.80755 9 0.00019307 0.209887 0
3.80755 9 0.000299358 0.209906 0
3.80755 9 0.000464159 0.209936 0
3.80755 9 0.000719686 0.209982 0
3.80755 9 0.00111588 0.210053 0
3.80755 9 0.0017302 0.210163 0
3.80755 9 0.0026827 0.210334 0
3.80755 9 0.00415956 0.210598 0
3.80755 9 0.00644947 0.211001 0
3.80755 9 0.01 0.211617 0
3.80755 9 0.0155052 0.21255 0
3.80755 9 0.024041 0.213936 0
3.80755 9 0.0372759 0.215945 0
3.80755 9 0.0577969 0.218738 0
3.80755 9 0.0896151 0.222274 0
3.80755 9 0.13895 0.225953 0
3.80755 9 0.215443 0.227747 0
3.80755 9 0.334048 0.222815 0
3.80755 9 0.517947 0.203649 0
3.80755 9 0.803086 0.166288 0
3.80755 9 1.2452 0.121033 0
3.80755 9 1.9307 0.0813075 0
3.80755 9 2.99358 0.0500401 0
3.80755 9 4.64159 0.0242915 0
3.80755 9 7.19686 0.00867757 0
3.80755 9 11.1588 0.00381517 0
3.80755 9 17.302 0.00114132 0
3.80755 9 26.827 0.000250854 0
3.80755 9 41.5956 0.00011338 0
3.80755 9 64.4947 5.45528e-05 0
3.80755 9 100 2.54298e-05 0
3.80755 9 155.052 1.4576e-05 0
3.80755 9 240.41 7.57039e-06 0
3.80755 9 372.759 3.27125e-06 0
3.80755 9 577.969 2.13898e-06 0
3.80755 9 896.151 1.65136e-06 0
3.80755 9 1389.5 1.03771e-06 0
3.80755 9 2154.43 6.86529e-07 0
3.80755 9 3340.48 5.56487e-07 0
3.80755 9 5179.47 4.90348e-07 0
3.80755 9 8030.86 4.07962e-07 0
3.80755 9 12452 3.11115e-07 0
3.80755 9 19307 2.25794e-07 0
3.80755 9 29935.8 1.57934e-07 0
3.80755 9 46415.9 1.05687e-07 0
3.80755 9 71968.6 6.72097e-08 0
3.80755 9 111588 3.97352e-08 0
3.80755 9 173020 2.1668e-08 0
3.80755 9 268270 1.10797e-08 0
3.80755 9 415956 5.14394e-09 0
3.80755 9 644947 1.95763e-09 0
3.80755 9 1e+06 4.78113e-10 0

9.28415 9 1e-06 0.131219 0
9.28415 9 1.55052e-06 0.131219 0
9.28415 9 2.4041e-06 0.131219 0
9.28415 9 3.72759e-06 0.131219 0
9.28415 9 5.77969e-06 0.131219 0
9.28415 9 8.96151e-06 0.131218 0
9.28415 9 1.3895e-05 0.131218 0
9.28415 9 2.15443e-05 0.131217 0
9.28415 9 3.34048e-05 0.131216 0
9.28415 9 5.17947e-05 0.131215 0
9.28415 9 8.03086e-05 0.131212 0
9.28415 9 0.00012452 0.131209 0
9.28415 9 0.00019307 0.131203 0
9.28415 9 0.000299358 0.131194 0
9.28415 9 0.000464159 0.13118 0
9.28415 9 0.000719686 0.131159 0
9.28415 9 0.00111588 0.131125 0
9.28415 9 0.0017302 0.131074 0
9.28415 9 0.0026827 0.130995 0
9.28415 9 0.00415956 0.130872 0
9.28415 9 0.00644947 0.130683 0
9.28415 9 0.01 0.130393 0
9.28415 9 0.0155052 0.12995 0
9.28415 9 0.024041 0.129277 0
9.28415 9 0.0372759 0.128266 0
9.28415 9 0.0577969 0.126778 0
9.28415 9 0.0896151 0.124614 0
9.28415 9 0.13895 0.121535 0
9.28415 9 0.215443 0.117194 0
9.28415 9 0.334048 0.110785 0
9.28415 9 0.517947 0.100596 0
9.28415 9 0.803086 0.0843937 0
9.28415 9 1.2452 0.0634649 0
9.28415 9 1.9307 0.0450508 0
9.28415 9 2.99358 0.0320103 0
9.28415 9 4.64159 0.0172096 0
9.28415 9 7.19686 0.00660216 0
9.28415 9 11.1588 0.00313242 0
9.28415 9 17.302 0.000993908 0
9.28415 9 26.827 0.000220408 0
9.28415 9 41.5956 0.000102741 0
9.28415 9 64.4947 5.03921e-05 0
9.28415 9 100 2.37836e-05 0
9.28415 9 155.052 1.39326e-05 0
9.28415 9 240.41 7.32763e-06 0
9.28415 9 372.759 3.17765e-06 0
9.28415 9 577.969 2.10146e-06 0
9.28415 9 896.151 1.63676e-06 0
9.28415 9 1389.5 1.03206e-06 0
9.28415 9 2154.43 6.84299e-07 0
9.28415 9 3340.48 5.55587e-07 0
9.28415 9 5179.47 4.89979e-07 0
9.28415 9 8030.86 4.07812e-07 0
9.28415 9 12452 3.11054e-07 0
9.28415 9 19307 2.25769e-07 0
9.28415 9 29935.8 1.57924e-07 0
9.28415 9 46415.9 1.05682e-07 0
9.28415 9 71968.6 6.7208e-08 0
9.28415 9 111588 3.97345e-08 0
9.28415 9 173020 2.16678e-08 0
9.28415 9 268270 1.10796e-08 0
9.28415 9 415956 5.14391e-09 0
9.28415 9 644947 1.95763e-09 0
9.28415 9 1e+06 4.78111e-10 0

22.638 9 1e-06 0.0382484 0
22.638 9 1.55052e-06 0.0382483 0
22.638 9 2.4041e-06 0.0382483 0
22.638 9 3.72759e-06 0.0382482 0
22.638 9 5.77969e-06 0.0382481 0
22.638 9 8.96151e-06 0.038248 0
22.638 9 1.3895e-05 0.0382478 0
22.638 9 2.15443e-05 0.0382474 0
22.638 9 3.34048e-05 0.0382469 0
22.638 9 5.17947e-05 0.038246 0
22.638 9 8.03086e-05 0.0382447 0
22.638 9 0.00012452 0.0382426 0
22.638 9 0.00019307 0.0382395 0
22.638 9 0.000299358 0.0382346 0
22.638 9 0.000464159 0.038227 0
22.638 9 0.000719686 0.0382152 0
22.638 9 0.00111588 0.038197 0
22.638 9 0.0017302 0.0381688 0
22.638 9 0.0026827 0.0381255 0
22.638 9 0.00415956 0.0380587 0
22.638 9 0.00644947 0.037956 0
22.638 9 0.01 0.0377996 0
22.638 9 0.0155052 0.0375636 0
22.638 9 0.024041 0.0372105 0
22.638 9 0.0372759 0.0366961 0
22.638 9 0.0577969 0.0359777 0
22.638 9 0.0896151 0.0350294 0
22.638 9 0.13895 0.0339172 0
22.638 9 0.215443 0.0328751 0
22.638 9 0.334048 0.0322068 0
22.638 9 0.517947 0.0317002 0
22.638 9 0.803086 0.0293815 0
22.638 9 1.2452 0.023154 0
22.638 9 1.9307 0.0174054 0
22.638 9 2.99358 0.0149103 0
22.638 9 4.64159 0.00931038 0
22.638 9 7.19686 0.00391716 0
22.638 9 11.1588 0.0021226 0
22.638 9 17.302 0.000758536 0
22.638 9 26.827 0.000176877 0
22.638 9 41.5956 8.8119e-05 0
22.638 9 64.4947 4.47032e-05 0
22.638 9 100 2.15207e-05 0
22.638 9 155.052 1.30496e-05 0
22.638 9 240.41 7.00473e-06 0
22.638 9 372.759 3.05541e-06 0
22.638 9 577.969 2.05177e-06 0
22.638 9 896.151 1.61764e-06 0
22.638 9 1389.5 1.02475e-06 0
22.638 9 2154.43 6.814e-07 0
22.638 9 3340.48 5.54378e-07 0
22.638 9 5179.47 4.8946e-07 0
22.638 9 8030.86 4.0759e-07 0
22.638 9 12452 3.10957e-07 0
22.638 9 19307 2.25725e-07 0
22.638 9 29935.8 1.57904e-07 0
22.638 9 46415.9 1.05674e-07 0
22.638 9 71968.6 6.72043e-08 0
22.638 9 111588 3.97331e-08 0
22.638 9 173020 2.16672e-08 0
22.638 9 268270 1.10794e-08 0
22.638 9 415956 5.14385e-09 0
22.638 9 644947 1.95761e-09 0
22.638 9 1e+06 4.78107e-10 0

55.1995 9 1e-06 0.00939318 0
55.1995 9 1.55052e-06 0.00939317 0
55.1995 9 2.4041e-06 0.00939314 0
55.1995 9 3.72759e-06 0.00939311 0
55.1995 9 5.77969e-06 0.00939305 0
55.1995 9 8.96151e-06 0.00939297 0
55.1995 9 1.3895e-05 0.00939284 0
55.1995 9 2.15443e-05 0.00939264 0
55.1995 9 3.34048e-05 0.00939233 0
55.1995 9 5.17947e-05 0.00939184 0
55.1995 9 8.03086e-05 0.00939109 0
55.1995 9 0.00012452 0.00938993 0
55.1995 9 0.00019307 0.00938813 0
55.1995 9 0.000299358 0.00938534 0
55.1995 9 0.000464159 0.00938104 0
55.1995 9 0.000719686 0.00937438 0
55.1995 9 0.00111588 0.00936404 0
55.1995 9 0.0017302 0.00934806 0
55.1995 9 0.0026827 0.00932349 0
55.1995 9 0.00415956 0.00928566 0
55.1995 9 0.00644947 0.00922751 0
55.1995 9 0.01 0.00913905 0
55.1995 9 0.0155052 0.0090059 0
55.1995 9 0.024041 0.00880757 0
55.1995 9 0.0372759 0.00852087 0
55.1995 9 0.0577969 0.0081267 0
55.1995 9 0.0896151 0.00762497 0
55.1995 9 0.13895 0.00709094 0
55.1995 9 0.215443 0.00675067 0
55.1995 9 0.334048 0.00696977 0
55.1995 9 0.517947 0.00788248 0
55.1995 9 0.803086 0.00833776 0
55.1995 9 1.2452 0.00649185 0
55.1995 9 1.9307 0.00469934 0
55.1995 9 2.99358 0.00490505 0
55.1995 9 4.64159 0.00368227 0
55.1995 9 7.19686 0.0016706 0
55.1995 9 11.1588 0.00109856 0
55.1995 9 17.302 0.00047554 0
55.1995 9 26.827 0.000129339 0
55.1995 9 41.5956 7.2951e-05 0
55.1995 9 64.4947 3.89796e-05 0
55.1995 9 100 1.92482e-05 0
55.1995 9 155.052 1.21737e-05 0
55.1995 9 240.41 6.71897e-06 0
55.1995 9 372.759 2.9559e-06 0
55.1995 9 577.969 2.00932e-06 0
55.1995 9 896.151 1.60208e-06 0
55.1995 9 1389.5 1.01917e-06 0
55.1995 9 2154.43 6.79134e-07 0
55.1995 9 3340.48 5.53299e-07 0
55.1995 9 5179.47 4.8891e-07 0
55.1995 9 8030.86 4.0732e-07 0
55.1995 9 12452 3.10821e-07 0
55.1995 9 19307 2.25655e-07 0
55.1995 9 29935.8 1.57869e-07 0
55.1995 9 46415.9 1.05657e-07 0
55.1995 9 71968.6 6.71966e-08 0
55.1995 9 111588 3.97298e-08 0
55.1995 9 173020 2.16659e-08 0
55.1995 9 268270 1.10789e-08 0
55.1995 9 415956 5.1437e-09 0
55.1995 9 644947 1.95756e-09 0
55.1995 9 1e+06 4.78097e-10 0

134.596 9 1e-06 0.00223473 0
134.596 9 1.55052e-06 0.00223473 0
134.596 9 2.4041e-06 0.00223472 0
134.596 9 3.72759e-06 0.0022347 0
134.596 9 5.77969e-06 0.00223467 0
134.596 9 8.96151e-06 0.00223463 0
134.596 9 1.3895e-05 0.00223456 0
134.596 9 2.15443e-05 0.00223446 0
134.596 9 3.34048e-05 0.00223431 0
134.596 9 5.17947e-05 0.00223407 0
134.596 9 8.03086e-05 0.0022337 0
134.596 9 0.00012452 0.00223312 0
134.596 9 0.00019307 0.00223223 0
134.596 9 0.000299358 0.00223085 0
134.596 9 0.000464159 0.00222872 0
134.596 9 0.000719686 0.00222542 0
134.596 9 0.00111588 0.00222029 0
134.596 9 0.0017302 0.00221237 0
134.596 9 0.0026827 0.00220019 0
134.596 9 0.00415956 0.00218143 0
134.596 9 0.00644947 0.0021526 0
134.596 9 0.01 0.00210872 0
134.596 9 0.0155052 0.00204264 0
134.596 9 0.024041 0.00194421 0
134.596 9 0.0372759 0.00180189 0
134.596 9 0.0577969 0.00160624 0
134.596 9 0.0896151 0.00135798 0
134.596 9 0.13895 0.00109733 0
134.596 9 0.215443 0.000946096 0
134.596 9 0.334048 0.00111268 0
134.596 9 0.517947 0.00171216 0
134.596 9 0.803086 0.00220169 0
134.596 9 1.2452 0.00158034 0
134.596 9 1.9307 0.000903262 0
134.596 9 2.99358 0.0012234 0
134.596 9 4.64159 0.00114113 0
134.596 9 7.19686 0.000518799 0
134.596 9 11.1588 0.000437602 0
134.596 9 17.302 0.000233898 0
134.596 9 26.827 8.40607e-05 0
134.596 9 41.5956 5.73844e-05 0
134.596 9 64.4947 3.35387e-05 0
134.596 9 100 1.72893e-05 0
134.596 9 155.052 1.14944e-05 0
134.596 9 240.41 6.60648e-06 0
134.596 9 372.759 2.95371e-06 0
134.596 9 577.969 2.00475e-06 0
134.596 9 896.151 1.60397e-06 0
134.596 9 1389.5 1.0215e-06 0
134.596 9 2154.43 6.79946e-07 0
134.596 9 3340.48 5.53158e-07 0
134.596 9 5179.47 4.88533e-07 0
134.596 9 8030.86 4.07026e-07 0
134.596 9 12452 3.10623e-07 0
134.596 9 19307 2.25532e-07 0
134.596 9 29935.8 1.578e-07 0
134.596 9 46415.9 1.05621e-07 0
134.596 9 71968.6 6.71794e-08 0
134.596 9 111588 3.97224e-08 0
134.596 9 173020 2.1663e-08 0
134.596 9 268270 1.10779e-08 0
134.596 9 415956 5.14334e-09 0
134.596 9 644947 1.95746e-09 0
134.596 9 1e+06 4.78076e-10 0

328.193 9 1e-06 0.000584198 0
328.193 9 1.55052e-06 0.000584195 0
328.193 9 2.4041e-06 0.00058419 0
328.193 9 3.72759e-06 0.000584182 0
328.193 9 5.77969e-06 0.00058417 0
328.193 9 8.96151e-06 0.000584151 0
328.193 9 1.3895e-05 0.000584123 0
328.193 9 2.15443e-05 0.000584078 0
328.193 9 3.34048e-05 0.000584009 0
328.193 9 5.17947e-05 0.000583902 0
328.193 9 8.03086e-05 0.000583737 0
328.193 9 0.00012452 0.00058348 0
328.193 9 0.00019307 0.000583082 0
328.193 9 0.000299358 0.000582466 0
328.193 9 0.000464159 0.000581515 0
328.193 9 0.000719686 0.000580043 0
328.193 9 0.00111588 0.000577757 0
328.193 9 0.0017302 0.000574224 0
328.193 9 0.0026827 0.00056879 0
328.193 9 0.00415956 0.000560422 0
328.193 9 0.00644947 0.000547558 0
328.193 9 0.01 0.000527977 0
328.193 9 0.0155052 0.000498476 0
328.193 9 0.024041 0.000454519 0
328.193 9 0.0372759 0.000390921 0
328.193 9 0.0577969 0.000303407 0
328.193 9 0.0896151 0.000192287 0
328.193 9 0.13895 7.56488e-05 0
328.193 9 0.215443 8.85947e-06 0
328.193 9 0.334048 8.85538e-05 0
328.193 9 0.517947 0.000373761 0
328.193 9 0.803086 0.000628583 0
328.193 9 1.2452 0.00039392 0
328.193 9 1.9307 0.00011296 0
328.193 9 2.99358 0.00027403 0
328.193 9 4.64159 0.000331724 0
328.193 9 7.19686 0.000136304 0
328.193 9 11.1588 0.000155563 0
328.193 9 17.302 9.75154e-05 0
328.193 9 26.827 4.87826e-05 0
328.193 9 41.5956 3.98939e-05 0
328.193 9 64.4947 2.62165e-05 0
328.193 9 100 1.46041e-05 0
328.193 9 155.052 1.05151e-05 0
328.193 9 240.41 6.53479e-06 0
328.193 9 372.759 3.04348e-06 0
328.193 9 577.969 2.04421e-06 0
328.193 9 896.151 1.63123e-06 0
328.193 9 1389.5 1.03726e-06 0
328.193 9 2154.43 6.86347e-07 0
328.193 9 3340.48 5.54672e-07 0
328.193 9 5179.47 4.88359e-07 0
328.193 9 8030.86 4.06596e-07 0
328.193 9 12452 3.10249e-07 0
328.193 9 19307 2.25272e-07 0
328.193 9 29935.8 1.57643e-07 0
328.193 9 46415.9 1.05537e-07 0
328.193 9 71968.6 6.71388e-08 0
328.193 9 111588 3.97048e-08 0
328.193 9 173020 2.1656e-08 0
328.193 9 268270 1.10753e-08 0
328.193 9 415956 5.14247e-09 0
328.193 9 644947 1.95721e-09 0
328.193 9 1e+06 4.78023e-10 0

800.25 9 1e-06 0.000175389 0
800.25 9 1.55052e-06 0.000175387 0
800.25 9 2.4041e-06 0.000175385 0
800.25 9 3.72759e-06 0.000175382 0
800.25 9 5.77969e-06 0.000175377 0
800.25 9 8.96151e-06 0.000175369 0
800.25 9 1.3895e-05 0.000175356 0
800.25 9 2.15443e-05 0.000175337 0
800.25 9 3.34048e-05 0.000175308 0
800.25 9 5.17947e-05 0.000175262 0
800.25 9 8.03086e-05 0.000175191 0
800.25 9 0.00012452 0.000175081 0
800.25 9 0.00019307 0.00017491 0
800.25 9 0.000299358 0.000174646 0
800.25 9 0.000464159 0.000174238 0
800.25 9 0.000719686 0.000173606 0
800.25 9 0.00111588 0.000172626 0
800.25 9 0.0017302 0.00017111 0
800.25 9 0.0026827 0.000168778 0
800.25 9 0.00415956 0.000165188 0
800.25 9 0.00644947 0.000159669 0
800.25 9 0.01 0.000151266 0
800.25 9 0.0155052 0.000138604 0
800.25 9 0.024041 0.000119733 0
800.25 9 0.0372759 9.24219e-05 0
800.25 9 0.0577969 5.48183e-05 0
800.25 9 0.0896151 7.04072e-06 0
800.25 9 0.13895 -4.31527e-05 0
800.25 9 0.215443 -7.1889e-05 0
800.25 9 0.334048 -3.71643e-05 0
800.25 9 0.517947 8.76046e-05 0
800.25 9 0.803086 0.000202405 0
800.25 9 1.2452 0.000108258 0
800.25 9 1.9307 -1.03593e-05 0
800.25 9 2.99358 5.95256e-05 0
800.25 9 4.64159 9.99357e-05 0
800.25 9 7.19686 3.18444e-05 0
800.25 9 11.1588 5.23564e-05 0
800.25 9 17.302 3.51954e-05 0
800.25 9 26.827 2.21326e-05 0
800.25 9 41.5956 2.11778e-05 0
800.25 9 64.4947 1.59759e-05 0
800.25 9 100 1.03425e-05 0
800.25 9 155.052 8.61529e-06 0
800.25 9 240.41 6.16928e-06 0
800.25 9 372.759 3.16053e-06 0
800.25 9 577.969 2.13365e-06 0
800.25 9 896.151 1.70286e-06 0
800.25 9 1389.5 1.08256e-06 0
800.25 9 2154.43 7.06981e-07 0
800.25 9 3340.48 5.61077e-07 0
800.25 9 5179.47 4.89167e-07 0
800.25 9 8030.86 4.06058e-07 0
800.25 9 12452 3.09537e-07 0
800.25 9 19307 2.24713e-07 0
800.25 9 29935.8 1.57289e-07 0
800.25 9 46415.9 1.05342e-07 0
800.25 9 71968.6 6.70429e-08 0
800.25 9 111588 3.96626e-08 0
800.25 9 173020 2.1639e-08 0
800.25 9 268270 1.1069e-08 0
800.25 9 415956 5.14037e-09 0
800.25 9 644947 1.95661e-09 0
800.25 9 1e+06 4.77896e-10 0

1951.29 9 1e-06 6.06433e-05 0
1951.29 9 1.55052e-06 6.06427e-05 0
1951.29 9 2.4041e-06 6.06418e-05 0
1951.29 9 3.72759e-06 6.06404e-05 0
1951.29 9 5.77969e-06 6.06382e-05 0
1951.29 9 8.96151e-06 6.06348e-05 0
1951.29 9 1.3895e-05 6.06297e-05 0
1951.29 9 2.15443e-05 6.06216e-05 0
1951.29 9 3.34048e-05 6.06092e-05 0
1951.29 9 5.17947e-05 6.05899e-05 0
1951.29 9 8.03086e-05 6.056e-05 0
1951.29 9 0.00012452 6.05136e-05 0
1951.29 9 0.00019307 6.04417e-05 0
1951.29 9 0.000299358 6.03305e-05 0
1951.29 9 0.000464159 6.01588e-05 0
1951.29 9 0.000719686 5.98928e-05 0
1951.29 9 0.00111588 5.948e-05 0
1951.29 9 0.0017302 5.88418e-05 0
1951.29 9 0.0026827 5.78601e-05 0
1951.29 9 0.00415956 5.63484e-05 0
1951.29 9 0.00644947 5.40244e-05 0
1951.29 9 0.01 5.0486e-05 0
1951.29 9 0.0155052 4.51539e-05 0
1951.29 9 0.024041 3.72065e-05 0
1951.29 9 0.0372759 2.57024e-05 0
1951.29 9 0.0577969 9.85881e-06 0
1951.29 9 0.0896151 -1.02781e-05 0
1951.29 9 0.13895 -3.14443e-05 0
1951.29 9 0.215443 -4.35725e-05 0
1951.29 9 0.334048 -2.88912e-05 0
1951.29 9 0.517947 2.40014e-05 0
1951.29 9 0.803086 7.32081e-05 0
1951.29 9 1.2452 3.46169e-05 0
1951.29 9 1.9307 -1.51506e-05 0
1951.29 9 2.99358 1.41863e-05 0
1951.29 9 4.64159 3.37583e-05 0
1951.29 9 7.19686 7.85704e-06 0
1951.29 9 11.1588 1.87802e-05 0
1951.29 9 17.302 1.29941e-05 0
1951.29 9 26.827 9.48145e-06 0
1951.29 9 41.5956 1.00493e-05 0
1951.29 9 64.4947 8.42668e-06 0
1951.29 9 100 6.2842e-06 0
1951.29 9 155.052 5.89256e-06 0
1951.29 9 240.41 4.79405e-06 0
1951.29 9 372.759 2.80691e-06 0
1951.29 9 577.969 2.05098e-06 0
1951.29 9 896.151 1.73334e-06 0
1951.29 9 1389.5 1.14042e-06 0
1951.29 9 2154.43 7.43559e-07 0
1951.29 9 3340.48 5.74527e-07 0
1951.29 9 5179.47 4.91278e-07 0
1951.29 9 8030.86 4.0506e-07 0
1951.29 9 12452 3.08e-07 0
1951.29 9 19307 2.23446e-07 0
1951.29 9 29935.8 1.56465e-07 0
1951.29 9 46415.9 1.04882e-07 0
1951.29 9 71968.6 6.68138e-08 0
1951.29 9 111588 3.95614e-08 0
1951.29 9 173020 2.15982e-08 0
1951.29 9 268270 1.1054e-08 0
1951.29 9 415956 5.1353e-09 0
1951.29 9 644947 1.95516e-09 0
1951.29 9 1e+06 4.77589e-10 0

4757.94 9 1e-06 2.30593e-05 0
4757.94 9 1.55052e-06 2.3059e-05 0
4757.94 9 2.4041e-06 2.30586e-05 0
4757.94 9 3.72759e-06 2.3058e-05 0
4757.94 9 5.77969e-06 2.30571e-05 0
4757.94 9 8.96151e-06 2.30557e-05 0
4757.94 9 1.3895e-05 2.30536e-05 0
4757.94 9 2.15443e-05 2.30502e-05 0
4757.94 9 3.34048e-05 2.3045e-05 0
4757.94 9 5.17947e-05 2.3037e-05 0
4757.94 9 8.03086e-05 2.30245e-05 0
4757.94 9 0.00012452 2.30051e-05 0
4757.94 9 0.00019307 2.29751e-05 0
4757.94 9 0.000299358 2.29288e-05 0
4757.94 9 0.000464159 2.28571e-05 0
4757.94 9 0.000719686 2.27462e-05 0
4757.94 9 0.00111588 2.25739e-05 0
4757.94 9 0.0017302 2.23077e-05 0
4757.94 9 0.0026827 2.18982e-05 0
4757.94 9 0.00415956 2.12675e-05 0
4757.94 9 0.00644947 2.0298e-05 0
4757.94 9 0.01 1.88218e-05 0
4757.94 9 0.0155052 1.65971e-05 0
4757.94 9 0.024041 1.32813e-05 0
4757.94 9 0.0372759 8.48109e-06 0
4757.94 9 0.0577969 1.86949e-06 0
4757.94 9 0.0896151 -6.53498e-06 0
4757.94 9 0.13895 -1.53712e-05 0
4757.94 9 0.215443 -2.04368e-05 0
4757.94 9 0.334048 -1.43039e-05 0
4757.94 9 0.517947 7.81961e-06 0
4757.94 9 0.803086 2.84915e-05 0
4757.94 9 1.2452 1.25654e-05 0
4757.94 9 1.9307 -8.17829e-06 0
4757.94 9 2.99358 4.0289e-06 0
4757.94 9 4.64159 1.26189e-05 0
4757.94 9 7.19686 2.28942e-06 0
4757.94 9 11.1588 7.2502e-06 0
4757.94 9 17.302 5.08892e-06 0
4757.94 9 26.827 4.0294e-06 0
4757.94 9 41.5956 4.5009e-06 0
4757.94 9 64.4947 4.01711e-06 0
4757.94 9 100 3.29158e-06 0
4757.94 9 155.052 3.35709e-06 0
4757.94 9 240.41 3.04807e-06 0
4757.94 9 372.759 2.13312e-06 0
4757.94 9 577.969 1.78534e-06 0
4757.94 9 896.151 1.62631e-06 0
4757.94 9 1389.5 1.14969e-06 0
4757.94 9 2154.43 7.72431e-07 0
4757.94 9 3340.48 5.8598e-07 0
4757.94 9 5179.47 4.89657e-07 0
4757.94 9 8030.86 4.00542e-07 0
4757.94 9 12452 3.03708e-07 0
4757.94 9 19307 2.20249e-07 0
4757.94 9 29935.8 1.54445e-07 0
4757.94 9 46415.9 1.03762e-07 0
4757.94 9 71968.6 6.62576e-08 0
4757.94 9 111588 3.93155e-08 0
4757.94 9 173020 2.14989e-08 0
4757.94 9 268270 1.10173e-08 0
4757.94 9 415956 5.12293e-09 0
4757.94 9 644947 1.95161e-09 0
4757.94 9 1e+06 4.76839e-10 0

11601.6 9 1e-06 9.27715e-06 0
11601.6 9 1.55052e-06 9.27704e-06 0
11601.6 9 2.4041e-06 9.27688e-06 0
11601.6 9 3.72759e-06 9.27664e-06 0
11601.6 9 5.77969e-06 9.27626e-06 0
11601.6 9 8.96151e-06 9.27568e-06 0
11601.6 9 1.3895e-05 9.27478e-06 0
11601.6 9 2.15443e-05 9.27338e-06 0
11601.6 9 3.34048e-05 9.27123e-06 0
11601.6 9 5.17947e-05 9.26789e-06 0
11601.6 9 8.03086e-05 9.26271e-06 0
11601.6 9 0.00012452 9.25466e-06 0
11601.6 9 0.00019307 9.2422e-06 0
11601.6 9 0.000299358 9.22295e-06 0
11601.6 9 0.000464159 9.19318e-06 0
11601.6 9 0.000719686 9.14709e-06 0
11601.6 9 0.00111588 9.07556e-06 0
11601.6 9 0.0017302 8.96497e-06 0
11601.6 9 0.0026827 8.79485e-06 0
11601.6 9 0.00415956 8.5329e-06 0
11601.6 9 0.00644947 8.13017e-06 0
11601.6 9 0.01 7.51698e-06 0
11601.6 9 0.0155052 6.59291e-06 0
11601.6 9 0.024041 5.21551e-06 0
11601.6 9 0.0372759 3.2215e-06 0
11601.6 9 0.0577969 4.74877e-07 0
11601.6 9 0.0896151 -3.01676e-06 0
11601.6 9 0.13895 -6.68813e-06 0
11601.6 9 0.215443 -8.79333e-06 0
11601.6 9 0.334048 -6.24459e-06 0
11601.6 9 0.517947 2.95452e-06 0
11601.6 9 0.803086 1.15653e-05 0
11601.6 9 1.2452 4.97923e-06 0
11601.6 9 1.9307 -3.63468e-06 0
11601.6 9 2.99358 1.42958e-06 0
11601.6 9 4.64159 5.06951e-06 0
11601.6 9 7.19686 8.60787e-07 0
11601.6 9 11.1588 2.99208e-06 0
11601.6 9 17.302 2.13933e-06 0
11601.6 9 26.827 1.77625e-06 0
11601.6 9 41.5956 2.02228e-06 0
11601.6 9 64.4947 1.87058e-06 0
11601.6 9 100 1.6242e-06 0
11601.6 9 155.052 1.7314e-06 0
11601.6 9 240.41 1.68314e-06 0
11601.6 9 372.759 1.34275e-06 0
11601.6 9 577.969 1.24707e-06 0
11601.6 9 896.151 1.21798e-06 0
11601.6 9 1389.5 9.59476e-07 0
11601.6 9 2154.43 7.07772e-07 0
11601.6 9 3340.48 5.57676e-07 0
11601.6 9 5179.47 4.68241e-07 0
11601.6 9 8030.86 3.85167e-07 0
11601.6 9 12452 2.92907e-07 0
11601.6 9 19307 2.12885e-07 0
11601.6 9 29935.8 1.49848e-07 0
11601.6 9 46415.9 1.01187e-07 0
11601.6 9 71968.6 6.49618e-08 0
11601.6 9 111588 3.87361e-08 0
11601.6 9 173020 2.12629e-08 0
11601.6 9 268270 1.09296e-08 0
11601.6 9 415956 5.09322e-09 0
11601.6 9 644947 1.94308e-09 0
11601.6 9 1e+06 4.75035e-10 0

28288.7 9 1e-06 3.8807e-06 0
28288.7 9 1.55052e-06 3.88066e-06 0
28288.7 9 2.4041e-06 3.88059e-06 0
28288.7 9 3.72759e-06 3.88049e-06 0
28288.7 9 5.77969e-06 3.88034e-06 0
28288.7 9 8.96151e-06 3.88009e-06 0
28288.7 9 1.3895e-05 3.87972e-06 0
28288.7 9 2.15443e-05 3.87914e-06 0
28288.7 9 3.34048e-05 3.87825e-06 0
28288.7 9 5.17947e-05 3.87687e-06 0
28288.7 9 8.03086e-05 3.87472e-06 0
28288.7 9 0.00012452 3.87138e-06 0
28288.7 9 0.00019307 3.86622e-06 0
28288.7 9 0.000299358 3.85824e-06 0
28288.7 9 0.000464159 3.8459e-06 0
28288.7 9 0.000719686 3.8268e-06 0
28288.7 9 0.00111588 3.79716e-06 0
28288.7 9 0.0017302 3.75132e-06 0
28288.7 9 0.0026827 3.68082e-06 0
28288.7 9 0.00415956 3.57226e-06 0
28288.7 9 0.00644947 3.40534e-06 0
28288.7 9 0.01 3.15121e-06 0
28288.7 9 0.0155052 2.76823e-06 0
28288.7 9 0.024041 2.19736e-06 0
28288.7 9 0.0372759 1.37093e-06 0
28288.7 9 0.0577969 2.32542e-07 0
28288.7 9 0.0896151 -1.21466e-06 0
28288.7 9 0.13895 -2.73642e-06 0
28288.7 9 0.215443 -3.60911e-06 0
28288.7 9 0.334048 -2.55259e-06 0
28288.7 9 0.517947 1.26155e-06 0
28288.7 9 0.803086 4.83432e-06 0
28288.7 9 1.2452 2.1097e-06 0
28288.7 9 1.9307 -1.45995e-06 0
28288.7 9 2.99358 6.37737e-07 0
28288.7 9 4.64159 2.15841e-06 0
28288.7 9 7.19686 4.28002e-07 0
28288.7 9 11.1588 1.32332e-06 0
28288.7 9 17.302 9.77483e-07 0
28288.7 9 26.827 8.40376e-07 0
28288.7 9 41.5956 9.51237e-07 0
28288.7 9 64.4947 8.97527e-07 0
28288.7 9 100 8.0649e-07 0
28288.7 9 155.052 8.68107e-07 0
28288.7 9 240.41 8.68329e-07 0
28288.7 9 372.759 7.44411e-07 0
28288.7 9 577.969 7.28696e-07 0
28288.7 9 896.151 7.42824e-07 0
28288.7 9 1389.5 6.40877e-07 0
28288.7 9 2154.43 5.25568e-07 0
28288.7 9 3340.48 4.48008e-07 0
28288.7 9 5179.47 3.94714e-07 0
28288.7 9 8030.86 3.37571e-07 0
28288.7 9 12452 2.63588e-07 0
28288.7 9 19307 1.94881e-07 0
28288.7 9 29935.8 1.39134e-07 0
28288.7 9 46415.9 9.5248e-08 0
28288.7 9 71968.6 6.19554e-08 0
28288.7 9 111588 3.7378e-08 0
28288.7 9 173020 2.07044e-08 0
28288.7 9 268270 1.07203e-08 0
28288.7 9 415956 5.02189e-09 0
28288.7 9 644947 1.92249e-09 0
28288.7 9 1e+06 4.70674e-10 0

68977.9 9 1e-06 1.65386e-06 0
68977.9 9 1.55052e-06 1.65384e-06 0
68977.9 9 2.4041e-06 1.65381e-06 0
68977.9 9 3.72759e-06 1.65377e-06 0
68977.9 9 5.77969e-06 1.65371e-06 0
68977.9 9 8.96151e-06 1.65361e-06 0
68977.9 9 1.3895e-05 1.65345e-06 0
68977.9 9 2.15443e-05 1.65321e-06 0
68977.9 9 3.34048e-05 1.65284e-06 0
68977.9 9 5.17947e-05 1.65227e-06 0
68977.9 9 8.03086e-05 1.65138e-06 0
68977.9 9 0.00012452 1.65e-06 0
68977.9 9 0.00019307 1.64786e-06 0
68977.9 9 0.000299358 1.64456e-06 0
68977.9 9 0.000464159 1.63946e-06 0
68977.9 9 0.000719686 1.63155e-06 0
68977.9 9 0.00111588 1.61928e-06 0
68977.9 9 0.0017302 1.60032e-06 0
68977.9 9 0.0026827 1.57114e-06 0
68977.9 9 0.00415956 1.52621e-06 0
68977.9 9 0.00644947 1.45713e-06 0
68977.9 9 0.01 1.35196e-06 0
68977.9 9 0.0155052 1.19347e-06 0
68977.9 9 0.024041 9.5722e-07 0
68977.9 9 0.0372759 6.15206e-07 0
68977.9 9 0.0577969 1.44088e-07 0
68977.9 9 0.0896151 -4.54839e-07 0
68977.9 9 0.13895 -1.08464e-06 0
68977.9 9 0.215443 -1.44582e-06 0
68977.9 9 0.334048 -1.00855e-06 0
68977.9 9 0.517947 5.70159e-07 0
68977.9 9 0.803086 2.0494e-06 0
68977.9 9 1.2452 9.22685e-07 0
68977.9 9 1.9307 -5.54516e-07 0
68977.9 9 2.99358 3.13391e-07 0
68977.9 9 4.64159 9.44764e-07 0
68977.9 9 7.19686 2.31026e-07 0
68977.9 9 11.1588 6.03612e-07 0
68977.9 9 17.302 4.61812e-07 0
68977.9 9 26.827 4.07426e-07 0
68977.9 9 41.5956 4.5494e-07 0
68977.9 9 64.4947 4.34479e-07 0
68977.9 9 100 3.99057e-07 0
68977.9 9 155.052 4.28136e-07 0
68977.9 9 240.41 4.32822e-07 0
68977.9 9 372.759 3.86417e-07 0
68977.9 9 577.969 3.87214e-07 0
68977.9 9 896.151 4.02431e-07 0
68977.9 9 1389.5 3.67554e-07 0
68977.9 9 2154.43 3.24995e-07 0
68977.9 9 3340.48 2.96366e-07 0
68977.9 9 5179.47 2.75444e-07 0
68977.9 9 8030.86 2.47918e-07 0
68977.9 9 12452 2.03646e-07 0
68977.9 9 19307 1.57308e-07 0
68977.9 9 29935.8 1.16668e-07 0
68977.9 9 46415.9 8.26288e-08 0
68977.9 9 71968.6 5.54274e-08 0
68977.9 9 111588 3.43555e-08 0
68977.9 9 173020 1.94328e-08 0
68977.9 9 268270 1.02347e-08 0
68977.9 9 415956 4.85404e-09 0
68977.9 9 644947 1.87356e-09 0
68977.9 9 1e+06 4.60233e-10 0

168192 9 1e-06 6.89769e-07 0
168192 9 1.55052e-06 6.89761e-07 0
168192 9 2.4041e-06 6.8975e-07 0
168192 9 3.72759e-06 6.89733e-07 0
168192 9 5.77969e-06 6.89706e-07 0
168192 9 8.96151e-06 6.89665e-07 0
168192 9 1.3895e-05 6.89601e-07 0
168192 9 2.15443e-05 6.89502e-07 0
168192 9 3.34048e-05 6.89349e-07 0
168192 9 5.17947e-05 6.89112e-07 0
168192 9 8.03086e-05 6.88744e-07 0
168192 9 0.00012452 6.88174e-07 0
168192 9 0.00019307 6.8729e-07 0
168192 9 0.000299358 6.85924e-07 0
168192 9 0.000464159 6.83813e-07 0
168192 9 0.000719686 6.80543e-07 0
168192 9 0.00111588 6.75469e-07 0
168192 9 0.0017302 6.67624e-07 0
168192 9 0.0026827 6.55557e-07 0
168192 9 0.00415956 6.36974e-07 0
168192 9 0.00644947 6.08406e-07 0
168192 9 0.01 5.64908e-07 0
168192 9 0.0155052 4.99355e-07 0
168192 9 0.024041 4.01643e-07 0
168192 9 0.0372759 2.60187e-07 0
168192 9 0.0577969 6.53344e-08 0
168192 9 0.0896151 -1.82382e-07 0
168192 9 0.13895 -4.42867e-07 0
168192 9 0.215443 -5.92255e-07 0
168192 9 0.334048 -4.11399e-07 0
168192 9 0.517947 2.41594e-07 0
168192 9 0.803086 8.53518e-07 0
168192 9 1.2452 3.87658e-07 0
168192 9 1.9307 -2.23292e-07 0
168192 9 2.99358 1.35637e-07 0
168192 9 4.64159 3.97123e-07 0
168192 9 7.19686 1.02334e-07 0
168192 9 11.1588 2.56795e-07 0
168192 9 17.302 1.98388e-07 0
168192 9 26.827 1.76319e-07 0
168192 9 41.5956 1.96289e-07 0
168192 9 64.4947 1.8819e-07 0
168192 9 100 1.74025e-07 0
168192 9 155.052 1.86827e-07 0
168192 9 240.41 1.89819e-07 0
168192 9 372.759 1.71904e-07 0
168192 9 577.969 1.74212e-07 0
168192 9 896.151 1.83294e-07 0
168192 9 1389.5 1.71992e-07 0
168192 9 2154.43 1.5807e-07 0
168192 9 3340.48 1.50592e-07 0
168192 9 5179.47 1.46672e-07 0
168192 9 8030.86 1.39349e-07 0
168192 9 12452 1.22141e-07 0
168192 9 19307 1.01209e-07 0
168192 9 29935.8 8.0517e-08 0
168192 9 46415.9 6.09424e-08 0
168192 9 71968.6 4.34808e-08 0
168192 9 111588 2.84778e-08 0
168192 9 173020 1.6825e-08 0
168192 9 268270 9.19409e-09 0
168192 9 415956 4.48179e-09 0
168192 9 644947 1.76244e-09 0
168192 9 1e+06 4.36203e-10 0

410113 9 1e-06 2.77569e-07 0
410113 9 1.55052e-06 2.77566e-07 0
410113 9 2.4041e-06 2.77562e-07 0
410113 9 3.72759e-06 2.77555e-07 0
410113 9 5.77969e-06 2.77544e-07 0
410113 9 8.96151e-06 2.77526e-07 0
410113 9 1.3895e-05 2.775e-07 0
410113 9 2.15443e-05 2.77459e-07 0
410113 9 3.34048e-05 2.77396e-07 0
410113 9 5.17947e-05 2.77298e-07 0
410113 9 8.03086e-05 2.77146e-07 0
410113 9 0.00012452 2.7691e-07 0
410113 9 0.00019307 2.76545e-07 0
410113 9 0.000299358 2.75981e-07 0
410113 9 0.000464159 2.75108e-07 0
410113 9 0.000719686 2.73757e-07 0
410113 9 0.00111588 2.7166e-07 0
410113 9 0.0017302 2.68419e-07 0
410113 9 0.0026827 2.63432e-07 0
410113 9 0.00415956 2.55753e-07 0
410113 9 0.00644947 2.43948e-07 0
410113 9 0.01 2.25974e-07 0
410113 9 0.0155052 1.98885e-07 0
410113 9 0.024041 1.58508e-07 0
410113 9 0.0372759 1.00055e-07 0
410113 9 0.0577969 1.95363e-08 0
410113 9 0.0896151 -8.2827e-08 0
410113 9 0.13895 -1.90467e-07 0
410113 9 0.215443 -2.52199e-07 0
410113 9 0.334048 -1.77464e-07 0
410113 9 0.517947 9.23782e-08 0
410113 9 0.803086 3.45262e-07 0
410113 9 1.2452 1.5278e-07 0
410113 9 1.9307 -9.96783e-08 0
410113 9 2.99358 4.8636e-08 0
410113 9 4.64159 1.56749e-07 0
410113 9 7.19686 3.50051e-08 0
410113 9 11.1588 9.8895e-08 0
410113 9 17.302 7.48024e-08 0
410113 9 26.827 6.57592e-08 0
410113 9 41.5956 7.40707e-08 0
410113 9 64.4947 7.07947e-08 0
410113 9 100 6.50378e-08 0
410113 9 155.052 7.04819e-08 0
410113 9 240.41 7.19338e-08 0
410113 9 372.759 6.48082e-08 0
410113 9 577.969 6.6198e-08 0
410113 9 896.151 7.05918e-08 0
410113 9 1389.5 6.67339e-08 0
410113 9 2154.43 6.20805e-08 0
410113 9 3340.48 6.04972e-08 0
410113 9 5179.47 6.08508e-08 0
410113 9 8030.86 6.01915e-08 0
410113 9 12452 5.54273e-08 0
410113 9 19307 4.89231e-08 0
410113 9 29935.8 4.20405e-08 0
410113 9 46415.9 3.47017e-08 0
410113 9 71968.6 2.71366e-08 0
410113 9 111588 1.94335e-08 0
410113 9 173020 1.23872e-08 0
410113 9 268270 7.26305e-09 0
410113 9 415956 3.74147e-09 0
410113 9 644947 1.52996e-09 0
410113 9 1e+06 3.84241e-10 0

1e+06 9 1e-06 1.07795e-07 0
1e+06 9 1.55052e-06 1.07793e-07 0
1e+06 9 2.4041e-06 1.07792e-07 0
1e+06 9 3.72759e-06 1.07789e-07 0
1e+06 9 5.77969e-06 1.07784e-07 0
1e+06 9 8.96151e-06 1.07777e-07 0
1e+06 9 1.3895e-05 1.07766e-07 0
1e+06 9 2.15443e-05 1.07749e-07 0
1e+06 9 3.34048e-05 1.07723e-07 0
1e+06 9 5.17947e-05 1.07683e-07 0
1e+06 9 8.03086e-05 1.0762e-07 0
1e+06 9 0.00012452 1.07523e-07 0
1e+06 9 0.00019307 1.07372e-07 0
1e+06 9 0.000299358 1.07139e-07 0
1e+06 9 0.000464159 1.06779e-07 0
1e+06 9 0.000719686 1.06221e-07 0
1e+06 9 0.00111588 1.05356e-07 0
1e+06 9 0.0017302 1.04018e-07 0
1e+06 9 0.0026827 1.0196e-07 0
1e+06 9 0.00415956 9.87905e-08 0
1e+06 9 0.00644947 9.3918e-08 0
1e+06 9 0.01 8.64993e-08 0
1e+06 9 0.0155052 7.53191e-08 0
1e+06 9 0.024041 5.8654e-08 0
1e+06 9 0.0372759 3.45282e-08 0
1e+06 9 0.0577969 1.29524e-09 0
1e+06 9 0.0896151 -4.09538e-08 0
1e+06 9 0.13895 -8.53809e-08 0
1e+06 9 0.215443 -1.1086e-07 0
1e+06 9 0.334048 -8.00138e-08 0
1e+06 9 0.517947 3.13609e-08 0
1e+06 9 0.803086 1.35738e-07 0
1e+06 9 1.2452 5.62985e-08 0
1e+06 9 1.9307 -4.78997e-08 0
1e+06 9 2.99358 1.33141e-08 0
1e+06 9 4.64159 5.79466e-08 0
1e+06 9 7.19686 7.7106e-09 0
1e+06 9 11.1588 3.40911e-08 0
1e+06 9 17.302 2.41549e-08 0
1e+06 9 26.827 2.04359e-08 0
1e+06 9 41.5956 2.38774e-08 0
1e+06 9 64.4947 2.25388e-08 0
1e+06 9 100 2.01815e-08 0
1e+06 9 155.052 2.24584e-08 0
1e+06 9 240.41 2.31003e-08 0
1e+06 9 372.759 2.02159e-08 0
1e+06 9 577.969 2.08789e-08 0
1e+06 9 896.151 2.28262e-08 0
1e+06 9 1389.5 2.14133e-08 0
1e+06 9 2154.43 1.97487e-08 0
1e+06 9 3340.48 1.94663e-08 0
1e+06 9 5179.47 2.01359e-08 0
1e+06 9 8030.86 2.05694e-08 0
1e+06 9 12452 1.94757e-08 0
1e+06 9 19307 1.7858e-08 0
1e+06 9 29935.8 1.62479e-08 0
1e+06 9 46415.9 1.44651e-08 0
1e+06 9 71968.6 1.24121e-08 0
1e+06 9 111588 9.84722e-09 0
1e+06 9 173020 6.94391e-09 0
1e+06 9 268270 4.53947e-09 0
1e+06 9 415956 2.56449e-09 0
1e+06 9 644947 1.1241e-09 0
1e+06 9 1e+06 2.87699e-10 0

