#q_sq i k_sq Re(fg) Im(fg)
1e-06 6 1e-06 -1.68239e+10 -0
1e-06 6 1.55052e-06 -1.08505e+10 -0
1e-06 6 2.4041e-06 -6.99803e+09 -0
1e-06 6 3.72759e-06 -4.51338e+09 -0
1e-06 6 5.77969e-06 -2.91091e+09 -0
1e-06 6 8.96151e-06 -1.8774e+09 -0
1e-06 6 1.3895e-05 -1.21084e+09 -0
1e-06 6 2.15443e-05 -7.80947e+08 -0
1e-06 6 3.34048e-05 -5.03688e+08 -0
1e-06 6 5.17947e-05 -3.24871e+08 -0
1e-06 6 8.03086e-05 -2.09544e+08 -0
1e-06 6 0.00012452 -1.35163e+08 -0
1e-06 6 0.00019307 -8.71923e+07 -0
1e-06 6 0.000299358 -5.62534e+07 -0
1e-06 6 0.000464159 -3.62994e+07 -0
1e-06 6 0.000719686 -2.34301e+07 -0
1e-06 6 0.00111588 -1.51301e+07 -0
1e-06 6 0.0017302 -9.77693e+06 -0
1e-06 6 0.0026827 -6.3243e+06 -0
1e-06 6 0.00415956 -4.09734e+06 -0
1e-06 6 0.00644947 -2.66078e+06 -0
1e-06 6 0.01 -1.73383e+06 -0
1e-06 6 0.0155052 -1.13533e+06 -0
1e-06 6 0.024041 -748325 -0
1e-06 6 0.0372759 -497278 -0
1e-06 6 0.0577969 -333318 -0
1e-06 6 0.0896151 -224834 -0
1e-06 6 0.13895 -151478 -0
1e-06 6 0.215443 -100416 -0
1e-06 6 0.334048 -63964 -0
1e-06 6 0.517947 -37828.1 -0
1e-06 6 0.803086 -19661.8 -0
1e-06 6 1.2452 -8641.42 -0
1e-06 6 1.9307 -3697.84 -0
1e-06 6 2.99358 -1131.22 -0
1e-06 6 4.64159 361.447 -0
1e-06 6 7.19686 153.432 -0
1e-06 6 11.1588 391.685 -0
1e-06 6 17.302 68.0862 -0
1e-06 6 26.827 -114.047 -0
1e-06 6 41.5956 -78.9711 -0
1e-06 6 64.4947 -46.5222 -0
1e-06 6 100 -28.9175 -0
1e-06 6 155.052 -17.0486 -0
1e-06 6 240.41 -9.55567 -0
1e-06 6 372.759 -5.77162 -0
1e-06 6 577.969 -3.47834 -0
1e-06 6 896.151 -1.90099 -0
1e-06 6 1389.5 -1.06263 -0
1e-06 6 2154.43 -0.605454 -0
1e-06 6 3340.48 -0.341227 -0
1e-06 6 5179.47 -0.188501 -0
1e-06 6 8030.86 -0.0967582 -0
1e-06 6 12452 -0.0486729 -0
1e-06 6 19307 -0.0240142 -0
1e-06 6 29935.8 -0.0111805 -0
1e-06 6 46415.9 -0.0048527 -0
1e-06 6 71968.6 -0.00183588 -0
1e-06 6 111588 -0.000332252 -0
1e-06 6 173020 2.73796e-05 -0
1e-06 6 268270 0.000165356 -0
1e-06 6 415956 0.000159059 -0
1e-06 6 644947 0.000117189 -0
1e-06 6 1e+06 3.3614e-05 -0

2.43835e-06 6 1e-06 -6.89969e+09 -0
2.43835e-06 6 1.55052e-06 -4.44994e+09 -0
2.43835e-06 6 2.4041e-06 -2.86998e+09 -0
2.43835e-06 6 3.72759e-06 -1.85099e+09 -0
2.43835e-06 6 5.77969e-06 -1.1938e+09 -0
2.43835e-06 6 8.96151e-06 -7.69945e+08 -0
2.43835e-06 6 1.3895e-05 -4.96582e+08 -0
2.43835e-06 6 2.15443e-05 -3.20276e+08 -0
2.43835e-06 6 3.34048e-05 -2.06569e+08 -0
2.43835e-06 6 5.17947e-05 -1.33234e+08 -0
2.43835e-06 6 8.03086e-05 -8.59365e+07 -0
2.43835e-06 6 0.00012452 -5.54323e+07 -0
2.43835e-06 6 0.00019307 -3.57587e+07 -0
2.43835e-06 6 0.000299358 -2.30702e+07 -0
2.43835e-06 6 0.000464159 -1.48869e+07 -0
2.43835e-06 6 0.000719686 -9.609e+06 -0
2.43835e-06 6 0.00111588 -6.20505e+06 -0
2.43835e-06 6 0.0017302 -4.00964e+06 -0
2.43835e-06 6 0.0026827 -2.59368e+06 -0
2.43835e-06 6 0.00415956 -1.68037e+06 -0
2.43835e-06 6 0.00644947 -1.09122e+06 -0
2.43835e-06 6 0.01 -711067 -0
2.43835e-06 6 0.0155052 -465612 -0
2.43835e-06 6 0.024041 -306898 -0
2.43835e-06 6 0.0372759 -203940 -0
2.43835e-06 6 0.0577969 -136698 -0
2.43835e-06 6 0.0896151 -92207.4 -0
2.43835e-06 6 0.13895 -62123.3 -0
2.43835e-06 6 0.215443 -41182.1 -0
2.43835e-06 6 0.334048 -26232.5 -0
2.43835e-06 6 0.517947 -15513.8 -0
2.43835e-06 6 0.803086 -8063.58 -0
2.43835e-06 6 1.2452 -3543.96 -0
2.43835e-06 6 1.9307 -1516.53 -0
2.43835e-06 6 2.99358 -463.928 -0
2.43835e-06 6 4.64159 148.234 -0
2.43835e-06 6 7.19686 62.9243 -0
2.43835e-06 6 11.1588 160.635 -0
2.43835e-06 6 17.302 27.923 -0
2.43835e-06 6 26.827 -46.7723 -0
2.43835e-06 6 41.5956 -32.3871 -0
2.43835e-06 6 64.4947 -19.0794 -0
2.43835e-06 6 100 -11.8594 -0
2.43835e-06 6 155.052 -6.99186 -0
2.43835e-06 6 240.41 -3.9189 -0
2.43835e-06 6 372.759 -2.36702 -0
2.43835e-06 6 577.969 -1.42651 -0
2.43835e-06 6 896.151 -0.779621 -0
2.43835e-06 6 1389.5 -0.435797 -0
2.43835e-06 6 2154.43 -0.248304 -0
2.43835e-06 6 3340.48 -0.139942 -0
2.43835e-06 6 5179.47 -0.0773066 -0
2.43835e-06 6 8030.86 -0.0396818 -0
2.43835e-06 6 12452 -0.0199614 -0
2.43835e-06 6 19307 -0.00984855 -0
2.43835e-06 6 29935.8 -0.00458525 -0
2.43835e-06 6 46415.9 -0.00199016 -0
2.43835e-06 6 71968.6 -0.000752918 -0
2.43835e-06 6 111588 -0.000136261 -0
2.43835e-06 6 173020 1.12287e-05 -0
2.43835e-06 6 268270 6.78146e-05 -0
2.43835e-06 6 415956 6.52321e-05 -0
2.43835e-06 6 644947 4.80605e-05 -0
2.43835e-06 6 1e+06 1.37855e-05 -0

5.94557e-06 6 1e-06 -2.82965e+09 -0
5.94557e-06 6 1.55052e-06 -1.82498e+09 -0
5.94557e-06 6 2.4041e-06 -1.17702e+09 -0
5.94557e-06 6 3.72759e-06 -7.59116e+08 -0
5.94557e-06 6 5.77969e-06 -4.89593e+08 -0
5.94557e-06 6 8.96151e-06 -3.15764e+08 -0
5.94557e-06 6 1.3895e-05 -2.03654e+08 -0
5.94557e-06 6 2.15443e-05 -1.31349e+08 -0
5.94557e-06 6 3.34048e-05 -8.47166e+07 -0
5.94557e-06 6 5.17947e-05 -5.46409e+07 -0
5.94557e-06 6 8.03086e-05 -3.52437e+07 -0
5.94557e-06 6 0.00012452 -2.27335e+07 -0
5.94557e-06 6 0.00019307 -1.46651e+07 -0
5.94557e-06 6 0.000299358 -9.4614e+06 -0
5.94557e-06 6 0.000464159 -6.10529e+06 -0
5.94557e-06 6 0.000719686 -3.94078e+06 -0
5.94557e-06 6 0.00111588 -2.54477e+06 -0
5.94557e-06 6 0.0017302 -1.64441e+06 -0
5.94557e-06 6 0.0026827 -1.0637e+06 -0
5.94557e-06 6 0.00415956 -689143 -0
5.94557e-06 6 0.00644947 -447524 -0
5.94557e-06 6 0.01 -291618 -0
5.94557e-06 6 0.0155052 -190954 -0
5.94557e-06 6 0.024041 -125863 -0
5.94557e-06 6 0.0372759 -83638.7 -0
5.94557e-06 6 0.0577969 -56061.8 -0
5.94557e-06 6 0.0896151 -37815.5 -0
5.94557e-06 6 0.13895 -25477.7 -0
5.94557e-06 6 0.215443 -16889.4 -0
5.94557e-06 6 0.334048 -10758.3 -0
5.94557e-06 6 0.517947 -6362.44 -0
5.94557e-06 6 0.803086 -3306.99 -0
5.94557e-06 6 1.2452 -1453.42 -0
5.94557e-06 6 1.9307 -621.947 -0
5.94557e-06 6 2.99358 -190.263 -0
5.94557e-06 6 4.64159 60.7925 -0
5.94557e-06 6 7.19686 25.806 -0
5.94557e-06 6 11.1588 65.8783 -0
5.94557e-06 6 17.302 11.4515 -0
5.94557e-06 6 26.827 -19.1819 -0
5.94557e-06 6 41.5956 -13.2824 -0
5.94557e-06 6 64.4947 -7.82469 -0
5.94557e-06 6 100 -4.86371 -0
5.94557e-06 6 155.052 -2.86745 -0
5.94557e-06 6 240.41 -1.60719 -0
5.94557e-06 6 372.759 -0.970744 -0
5.94557e-06 6 577.969 -0.58503 -0
5.94557e-06 6 896.151 -0.319732 -0
5.94557e-06 6 1389.5 -0.178726 -0
5.94557e-06 6 2154.43 -0.101833 -0
5.94557e-06 6 3340.48 -0.0573918 -0
5.94557e-06 6 5179.47 -0.0317044 -0
5.94557e-06 6 8030.86 -0.016274 -0
5.94557e-06 6 12452 -0.00818641 -0
5.94557e-06 6 19307 -0.00403901 -0
5.94557e-06 6 29935.8 -0.00188047 -0
5.94557e-06 6 46415.9 -0.000816188 -0
5.94557e-06 6 71968.6 -0.000308781 -0
5.94557e-06 6 111588 -5.58824e-05 -0
5.94557e-06 6 173020 4.60504e-06 -0
5.94557e-06 6 268270 2.78116e-05 -0
5.94557e-06 6 415956 2.67525e-05 -0
5.94557e-06 6 644947 1.97102e-05 -0
5.94557e-06 6 1e+06 5.65363e-06 -0

1.44974e-05 6 1e-06 -1.16048e+09 -0
1.44974e-05 6 1.55052e-06 -7.48448e+08 -0
1.44974e-05 6 2.4041e-06 -4.8271e+08 -0
1.44974e-05 6 3.72759e-06 -3.11324e+08 -0
1.44974e-05 6 5.77969e-06 -2.00788e+08 -0
1.44974e-05 6 8.96151e-06 -1.29499e+08 -0
1.44974e-05 6 1.3895e-05 -8.35214e+07 -0
1.44974e-05 6 2.15443e-05 -5.38681e+07 -0
1.44974e-05 6 3.34048e-05 -3.47434e+07 -0
1.44974e-05 6 5.17947e-05 -2.24089e+07 -0
1.44974e-05 6 8.03086e-05 -1.44539e+07 -0
1.44974e-05 6 0.00012452 -9.3233e+06 -0
1.44974e-05 6 0.00019307 -6.01435e+06 -0
1.44974e-05 6 0.000299358 -3.88024e+06 -0
1.44974e-05 6 0.000464159 -2.50386e+06 -0
1.44974e-05 6 0.000719686 -1.61616e+06 -0
1.44974e-05 6 0.00111588 -1.04364e+06 -0
1.44974e-05 6 0.0017302 -674393 -0
1.44974e-05 6 0.0026827 -436237 -0
1.44974e-05 6 0.00415956 -282627 -0
1.44974e-05 6 0.00644947 -183536 -0
1.44974e-05 6 0.01 -119596 -0
1.44974e-05 6 0.0155052 -78312.7 -0
1.44974e-05 6 0.024041 -51618.2 -0
1.44974e-05 6 0.0372759 -34301.4 -0
1.44974e-05 6 0.0577969 -22991.8 -0
1.44974e-05 6 0.0896151 -15508.8 -0
1.44974e-05 6 0.13895 -10448.8 -0
1.44974e-05 6 0.215443 -6926.63 -0
1.44974e-05 6 0.334048 -4412.19 -0
1.44974e-05 6 0.517947 -2609.35 -0
1.44974e-05 6 0.803086 -1356.25 -0
1.44974e-05 6 1.2452 -596.069 -0
1.44974e-05 6 1.9307 -255.068 -0
1.44974e-05 6 2.99358 -78.0289 -0
1.44974e-05 6 4.64159 24.9317 -0
1.44974e-05 6 7.19686 10.5833 -0
1.44974e-05 6 11.1588 27.0175 -0
1.44974e-05 6 17.302 4.6964 -0
1.44974e-05 6 26.827 -7.86676 -0
1.44974e-05 6 41.5956 -5.44727 -0
1.44974e-05 6 64.4947 -3.20901 -0
1.44974e-05 6 100 -1.99467 -0
1.44974e-05 6 155.052 -1.17598 -0
1.44974e-05 6 240.41 -0.659129 -0
1.44974e-05 6 372.759 -0.398114 -0
1.44974e-05 6 577.969 -0.239928 -0
1.44974e-05 6 896.151 -0.131126 -0
1.44974e-05 6 1389.5 -0.0732978 -0
1.44974e-05 6 2154.43 -0.0417629 -0
1.44974e-05 6 3340.48 -0.0235371 -0
1.44974e-05 6 5179.47 -0.0130024 -0
1.44974e-05 6 8030.86 -0.00667417 -0
1.44974e-05 6 12452 -0.00335735 -0
1.44974e-05 6 19307 -0.00165645 -0
1.44974e-05 6 29935.8 -0.000771204 -0
1.44974e-05 6 46415.9 -0.000334729 -0
1.44974e-05 6 71968.6 -0.000126635 -0
1.44974e-05 6 111588 -2.29181e-05 -0
1.44974e-05 6 173020 1.88858e-06 -0
1.44974e-05 6 268270 1.14059e-05 -0
1.44974e-05 6 415956 1.09715e-05 -0
1.44974e-05 6 644947 8.08341e-06 -0
1.44974e-05 6 1e+06 2.31862e-06 -0

3.53498e-05 6 1e-06 -4.75928e+08 -0
3.53498e-05 6 1.55052e-06 -3.06949e+08 -0
3.53498e-05 6 2.4041e-06 -1.97966e+08 -0
3.53498e-05 6 3.72759e-06 -1.27678e+08 -0
3.53498e-05 6 5.77969e-06 -8.23461e+07 -0
3.53498e-05 6 8.96151e-06 -5.31094e+07 -0
3.53498e-05 6 1.3895e-05 -3.42533e+07 -0
3.53498e-05 6 2.15443e-05 -2.20921e+07 -0
3.53498e-05 6 3.34048e-05 -1.42487e+07 -0
3.53498e-05 6 5.17947e-05 -9.19022e+06 -0
3.53498e-05 6 8.03086e-05 -5.92774e+06 -0
3.53498e-05 6 0.00012452 -3.82361e+06 -0
3.53498e-05 6 0.00019307 -2.46657e+06 -0
3.53498e-05 6 0.000299358 -1.59134e+06 -0
3.53498e-05 6 0.000464159 -1.02687e+06 -0
3.53498e-05 6 0.000719686 -662811 -0
3.53498e-05 6 0.00111588 -428013 -0
3.53498e-05 6 0.0017302 -276578 -0
3.53498e-05 6 0.0026827 -178907 -0
3.53498e-05 6 0.00415956 -115909 -0
3.53498e-05 6 0.00644947 -75270.6 -0
3.53498e-05 6 0.01 -49048.3 -0
3.53498e-05 6 0.0155052 -32117.3 -0
3.53498e-05 6 0.024041 -21169.4 -0
3.53498e-05 6 0.0372759 -14067.6 -0
3.53498e-05 6 0.0577969 -9429.37 -0
3.53498e-05 6 0.0896151 -6360.46 -0
3.53498e-05 6 0.13895 -4285.3 -0
3.53498e-05 6 0.215443 -2840.78 -0
3.53498e-05 6 0.334048 -1809.55 -0
3.53498e-05 6 0.517947 -1070.16 -0
3.53498e-05 6 0.803086 -556.227 -0
3.53498e-05 6 1.2452 -244.457 -0
3.53498e-05 6 1.9307 -104.606 -0
3.53498e-05 6 2.99358 -32.0004 -0
3.53498e-05 6 4.64159 10.2248 -0
3.53498e-05 6 7.19686 4.34023 -0
3.53498e-05 6 11.1588 11.0801 -0
3.53498e-05 6 17.302 1.92603 -0
3.53498e-05 6 26.827 -3.22627 -0
3.53498e-05 6 41.5956 -2.234 -0
3.53498e-05 6 64.4947 -1.31606 -0
3.53498e-05 6 100 -0.81804 -0
3.53498e-05 6 155.052 -0.482284 -0
3.53498e-05 6 240.41 -0.270317 -0
3.53498e-05 6 372.759 -0.163272 -0
3.53498e-05 6 577.969 -0.0983977 -0
3.53498e-05 6 896.151 -0.0537766 -0
3.53498e-05 6 1389.5 -0.0300604 -0
3.53498e-05 6 2154.43 -0.0171275 -0
3.53498e-05 6 3340.48 -0.00965287 -0
3.53498e-05 6 5179.47 -0.00533244 -0
3.53498e-05 6 8030.86 -0.00273716 -0
3.53498e-05 6 12452 -0.00137689 -0
3.53498e-05 6 19307 -0.000679332 -0
3.53498e-05 6 29935.8 -0.000316281 -0
3.53498e-05 6 46415.9 -0.000137277 -0
3.53498e-05 6 71968.6 -5.19347e-05 -0
3.53498e-05 6 111588 -9.39899e-06 -0
3.53498e-05 6 173020 7.74532e-07 -0
3.53498e-05 6 268270 4.67771e-06 -0
3.53498e-05 6 415956 4.49957e-06 -0
3.53498e-05 6 644947 3.31511e-06 -0
3.53498e-05 6 1e+06 9.50897e-07 -0

8.61954e-05 6 1e-06 -1.95185e+08 -0
8.61954e-05 6 1.55052e-06 -1.25884e+08 -0
8.61954e-05 6 2.4041e-06 -8.11888e+07 -0
8.61954e-05 6 3.72759e-06 -5.23627e+07 -0
8.61954e-05 6 5.77969e-06 -3.37714e+07 -0
8.61954e-05 6 8.96151e-06 -2.17809e+07 -0
8.61954e-05 6 1.3895e-05 -1.40478e+07 -0
8.61954e-05 6 2.15443e-05 -9.06029e+06 -0
8.61954e-05 6 3.34048e-05 -5.84362e+06 -0
8.61954e-05 6 5.17947e-05 -3.76905e+06 -0
8.61954e-05 6 8.03086e-05 -2.43105e+06 -0
8.61954e-05 6 0.00012452 -1.56812e+06 -0
8.61954e-05 6 0.00019307 -1.01158e+06 -0
8.61954e-05 6 0.000299358 -652633 -0
8.61954e-05 6 0.000464159 -421134 -0
8.61954e-05 6 0.000719686 -271829 -0
8.61954e-05 6 0.00111588 -175535 -0
8.61954e-05 6 0.0017302 -113429 -0
8.61954e-05 6 0.0026827 -73372.6 -0
8.61954e-05 6 0.00415956 -47536.2 -0
8.61954e-05 6 0.00644947 -30869.7 -0
8.61954e-05 6 0.01 -20115.6 -0
8.61954e-05 6 0.0155052 -13171.9 -0
8.61954e-05 6 0.024041 -8682.04 -0
8.61954e-05 6 0.0372759 -5769.46 -0
8.61954e-05 6 0.0577969 -3867.24 -0
8.61954e-05 6 0.0896151 -2608.63 -0
8.61954e-05 6 0.13895 -1757.56 -0
8.61954e-05 6 0.215443 -1165.12 -0
8.61954e-05 6 0.334048 -742.175 -0
8.61954e-05 6 0.517947 -438.917 -0
8.61954e-05 6 0.803086 -228.128 -0
8.61954e-05 6 1.2452 -100.256 -0
8.61954e-05 6 1.9307 -42.8994 -0
8.61954e-05 6 2.99358 -13.1236 -0
8.61954e-05 6 4.64159 4.19325 -0
8.61954e-05 6 7.19686 1.77989 -0
8.61954e-05 6 11.1588 4.54404 -0
8.61954e-05 6 17.302 0.789862 -0
8.61954e-05 6 26.827 -1.32314 -0
8.61954e-05 6 41.5956 -0.916195 -0
8.61954e-05 6 64.4947 -0.539733 -0
8.61954e-05 6 100 -0.335489 -0
8.61954e-05 6 155.052 -0.197791 -0
8.61954e-05 6 240.41 -0.110861 -0
8.61954e-05 6 372.759 -0.0669599 -0
8.61954e-05 6 577.969 -0.0403542 -0
8.61954e-05 6 896.151 -0.0220545 -0
8.61954e-05 6 1389.5 -0.0123281 -0
8.61954e-05 6 2154.43 -0.00702421 -0
8.61954e-05 6 3340.48 -0.00395876 -0
8.61954e-05 6 5179.47 -0.0021869 -0
8.61954e-05 6 8030.86 -0.00112255 -0
8.61954e-05 6 12452 -0.000564681 -0
8.61954e-05 6 19307 -0.000278603 -0
8.61954e-05 6 29935.8 -0.000129711 -0
8.61954e-05 6 46415.9 -5.62989e-05 -0
8.61954e-05 6 71968.6 -2.12991e-05 -0
8.61954e-05 6 111588 -3.85465e-06 -0
8.61954e-05 6 173020 3.17645e-07 -0
8.61954e-05 6 268270 1.91839e-06 -0
8.61954e-05 6 415956 1.84533e-06 -0
8.61954e-05 6 644947 1.35957e-06 -0
8.61954e-05 6 1e+06 3.89975e-07 -0

0.000210175 6 1e-06 -8.0049e+07 -0
0.000210175 6 1.55052e-06 -5.16274e+07 -0
0.000210175 6 2.4041e-06 -3.3297e+07 -0
0.000210175 6 3.72759e-06 -2.14749e+07 -0
0.000210175 6 5.77969e-06 -1.38503e+07 -0
0.000210175 6 8.96151e-06 -8.93277e+06 -0
0.000210175 6 1.3895e-05 -5.76125e+06 -0
0.000210175 6 2.15443e-05 -3.71579e+06 -0
0.000210175 6 3.34048e-05 -2.39658e+06 -0
0.000210175 6 5.17947e-05 -1.54575e+06 -0
0.000210175 6 8.03086e-05 -997020 -0
0.000210175 6 0.00012452 -643115 -0
0.000210175 6 0.00019307 -414866 -0
0.000210175 6 0.000299358 -267657 -0
0.000210175 6 0.000464159 -172715 -0
0.000210175 6 0.000719686 -111482 -0
0.000210175 6 0.00111588 -71990.1 -0
0.000210175 6 0.0017302 -46519.4 -0
0.000210175 6 0.0026827 -30091.6 -0
0.000210175 6 0.00415956 -19495.6 -0
0.000210175 6 0.00644947 -12660.4 -0
0.000210175 6 0.01 -8249.9 -0
0.000210175 6 0.0155052 -5402.17 -0
0.000210175 6 0.024041 -3560.79 -0
0.000210175 6 0.0372759 -2366.29 -0
0.000210175 6 0.0577969 -1586.15 -0
0.000210175 6 0.0896151 -1069.95 -0
0.000210175 6 0.13895 -720.9 -0
0.000210175 6 0.215443 -477.912 -0
0.000210175 6 0.334048 -304.431 -0
0.000210175 6 0.517947 -180.037 -0
0.000210175 6 0.803086 -93.5702 -0
0.000210175 6 1.2452 -41.1179 -0
0.000210175 6 1.9307 -17.5928 -0
0.000210175 6 2.99358 -5.38193 -0
0.000210175 6 4.64159 1.71965 -0
0.000210175 6 7.19686 0.729863 -0
0.000210175 6 11.1588 1.8635 -0
0.000210175 6 17.302 0.323906 -0
0.000210175 6 26.827 -0.542647 -0
0.000210175 6 41.5956 -0.375747 -0
0.000210175 6 64.4947 -0.221353 -0
0.000210175 6 100 -0.137589 -0
0.000210175 6 155.052 -0.0811169 -0
0.000210175 6 240.41 -0.0454655 -0
0.000210175 6 372.759 -0.0274611 -0
0.000210175 6 577.969 -0.0165498 -0
0.000210175 6 896.151 -0.00904483 -0
0.000210175 6 1389.5 -0.00505593 -0
0.000210175 6 2154.43 -0.00288072 -0
0.000210175 6 3340.48 -0.00162354 -0
0.000210175 6 5179.47 -0.000896876 -0
0.000210175 6 8030.86 -0.00046037 -0
0.000210175 6 12452 -0.000231583 -0
0.000210175 6 19307 -0.000114258 -0
0.000210175 6 29935.8 -5.3196e-05 -0
0.000210175 6 46415.9 -2.30889e-05 -0
0.000210175 6 71968.6 -8.73502e-06 -0
0.000210175 6 111588 -1.58084e-06 -0
0.000210175 6 173020 1.3027e-07 -0
0.000210175 6 268270 7.86755e-07 -0
0.000210175 6 415956 7.56794e-07 -0
0.000210175 6 644947 5.57576e-07 -0
0.000210175 6 1e+06 1.59934e-07 -0

0.000512481 6 1e-06 -3.28302e+07 -0
0.000512481 6 1.55052e-06 -2.11738e+07 -0
0.000512481 6 2.4041e-06 -1.3656e+07 -0
0.000512481 6 3.72759e-06 -8.80742e+06 -0
0.000512481 6 5.77969e-06 -5.68035e+06 -0
0.000512481 6 8.96151e-06 -3.66356e+06 -0
0.000512481 6 1.3895e-05 -2.36284e+06 -0
0.000512481 6 2.15443e-05 -1.52394e+06 -0
0.000512481 6 3.34048e-05 -982899 -0
0.000512481 6 5.17947e-05 -633955 -0
0.000512481 6 8.03086e-05 -408904 -0
0.000512481 6 0.00012452 -263759 -0
0.000512481 6 0.00019307 -170148 -0
0.000512481 6 0.000299358 -109773 -0
0.000512481 6 0.000464159 -70835 -0
0.000512481 6 0.000719686 -45721.9 -0
0.000512481 6 0.00111588 -29525.2 -0
0.000512481 6 0.0017302 -19079 -0
0.000512481 6 0.0026827 -12341.5 -0
0.000512481 6 0.00415956 -7995.8 -0
0.000512481 6 0.00644947 -5192.49 -0
0.000512481 6 0.01 -3383.63 -0
0.000512481 6 0.0155052 -2215.71 -0
0.000512481 6 0.024041 -1460.5 -0
0.000512481 6 0.0372759 -970.602 -0
0.000512481 6 0.0577969 -650.638 -0
0.000512481 6 0.0896151 -438.924 -0
0.000512481 6 0.13895 -295.753 -0
0.000512481 6 0.215443 -196.079 -0
0.000512481 6 0.334048 -124.907 -0
0.000512481 6 0.517947 -73.8669 -0
0.000512481 6 0.803086 -38.3864 -0
0.000512481 6 1.2452 -16.8645 -0
0.000512481 6 1.9307 -7.21426 -0
0.000512481 6 2.99358 -2.20698 -0
0.000512481 6 4.64159 0.705198 -0
0.000512481 6 7.19686 0.299232 -0
0.000512481 6 11.1588 0.764181 -0
0.000512481 6 17.302 0.132812 -0
0.000512481 6 26.827 -0.222556 -0
0.000512481 6 41.5956 -0.154103 -0
0.000512481 6 64.4947 -0.0907814 -0
0.000512481 6 100 -0.0564277 -0
0.000512481 6 155.052 -0.0332674 -0
0.000512481 6 240.41 -0.0186461 -0
0.000512481 6 372.759 -0.0112622 -0
0.000512481 6 577.969 -0.00678729 -0
0.000512481 6 896.151 -0.00370941 -0
0.000512481 6 1389.5 -0.0020735 -0
0.000512481 6 2154.43 -0.00118142 -0
0.000512481 6 3340.48 -0.000665835 -0
0.000512481 6 5179.47 -0.000367821 -0
0.000512481 6 8030.86 -0.000188804 -0
0.000512481 6 12452 -9.49752e-05 -0
0.000512481 6 19307 -4.68589e-05 -0
0.000512481 6 29935.8 -2.18164e-05 -0
0.000512481 6 46415.9 -9.46905e-06 -0
0.000512481 6 71968.6 -3.58234e-06 -0
0.000512481 6 111588 -6.48322e-07 -0
0.000512481 6 173020 5.34255e-08 -0
0.000512481 6 268270 3.22658e-07 -0
0.000512481 6 415956 3.10371e-07 -0
0.000512481 6 644947 2.28669e-07 -0
0.000512481 6 1e+06 6.55908e-08 -0

0.00124961 6 1e-06 -1.34652e+07 -0
0.00124961 6 1.55052e-06 -8.68434e+06 -0
0.00124961 6 2.4041e-06 -5.60095e+06 -0
0.00124961 6 3.72759e-06 -3.61233e+06 -0
0.00124961 6 5.77969e-06 -2.32977e+06 -0
0.00124961 6 8.96151e-06 -1.5026e+06 -0
0.00124961 6 1.3895e-05 -969109 -0
0.00124961 6 2.15443e-05 -625039 -0
0.00124961 6 3.34048e-05 -403132 -0
0.00124961 6 5.17947e-05 -260014 -0
0.00124961 6 8.03086e-05 -167711 -0
0.00124961 6 0.00012452 -108180 -0
0.00124961 6 0.00019307 -69785.5 -0
0.00124961 6 0.000299358 -45023.2 -0
0.00124961 6 0.000464159 -29052.8 -0
0.00124961 6 0.000719686 -18752.8 -0
0.00124961 6 0.00111588 -12109.8 -0
0.00124961 6 0.0017302 -7825.3 -0
0.00124961 6 0.0026827 -5061.95 -0
0.00124961 6 0.00415956 -3279.58 -0
0.00124961 6 0.00644947 -2129.82 -0
0.00124961 6 0.01 -1387.92 -0
0.00124961 6 0.0155052 -908.896 -0
0.00124961 6 0.024041 -599.15 -0
0.00124961 6 0.0372759 -398.214 -0
0.00124961 6 0.0577969 -266.975 -0
0.00124961 6 0.0896151 -180.131 -0
0.00124961 6 0.13895 -121.395 -0
0.00124961 6 0.215443 -80.4952 -0
0.00124961 6 0.334048 -51.282 -0
0.00124961 6 0.517947 -30.3252 -0
0.00124961 6 0.803086 -15.7548 -0
0.00124961 6 1.2452 -6.91788 -0
0.00124961 6 1.9307 -2.95789 -0
0.00124961 6 2.99358 -0.904897 -0
0.00124961 6 4.64159 0.289157 -0
0.00124961 6 7.19686 0.122625 -0
0.00124961 6 11.1588 0.313335 -0
0.00124961 6 17.302 0.0544419 -0
0.00124961 6 26.827 -0.0912826 -0
0.00124961 6 41.5956 -0.0632035 -0
0.00124961 6 64.4947 -0.0372323 -0
0.00124961 6 100 -0.0231424 -0
0.00124961 6 155.052 -0.0136436 -0
0.00124961 6 240.41 -0.00764712 -0
0.00124961 6 372.759 -0.00461882 -0
0.00124961 6 577.969 -0.00278357 -0
0.00124961 6 896.151 -0.00152128 -0
0.00124961 6 1389.5 -0.000850373 -0
0.00124961 6 2154.43 -0.000484517 -0
0.00124961 6 3340.48 -0.000273068 -0
0.00124961 6 5179.47 -0.000150848 -0
0.00124961 6 8030.86 -7.74309e-05 -0
0.00124961 6 12452 -3.89505e-05 -0
0.00124961 6 19307 -1.92174e-05 -0
0.00124961 6 29935.8 -8.94717e-06 -0
0.00124961 6 46415.9 -3.88338e-06 -0
0.00124961 6 71968.6 -1.46916e-06 -0
0.00124961 6 111588 -2.65885e-07 -0
0.00124961 6 173020 2.19104e-08 -0
0.00124961 6 268270 1.32326e-07 -0
0.00124961 6 415956 1.27287e-07 -0
0.00124961 6 644947 9.37801e-08 -0
0.00124961 6 1e+06 2.68996e-08 -0

0.00304699 6 1e-06 -5.52333e+06 -0
0.00304699 6 1.55052e-06 -3.56226e+06 -0
0.00304699 6 2.4041e-06 -2.29747e+06 -0
0.00304699 6 3.72759e-06 -1.48175e+06 -0
0.00304699 6 5.77969e-06 -955659 -0
0.00304699 6 8.96151e-06 -616355 -0
0.00304699 6 1.3895e-05 -397523 -0
0.00304699 6 2.15443e-05 -256387 -0
0.00304699 6 3.34048e-05 -165362 -0
0.00304699 6 5.17947e-05 -106656 -0
0.00304699 6 8.03086e-05 -68793.9 -0
0.00304699 6 0.00012452 -44374.8 -0
0.00304699 6 0.00019307 -28625.7 -0
0.00304699 6 0.000299358 -18468.4 -0
0.00304699 6 0.000464159 -11917.4 -0
0.00304699 6 0.000719686 -7692.41 -0
0.00304699 6 0.00111588 -4967.49 -0
0.00304699 6 0.0017302 -3210.03 -0
0.00304699 6 0.0026827 -2076.52 -0
0.00304699 6 0.00415956 -1345.4 -0
0.00304699 6 0.00644947 -873.773 -0
0.00304699 6 0.01 -569.451 -0
0.00304699 6 0.0155052 -372.957 -0
0.00304699 6 0.024041 -245.898 -0
0.00304699 6 0.0372759 -163.47 -0
0.00304699 6 0.0577969 -109.629 -0
0.00304699 6 0.0896151 -73.9962 -0
0.00304699 6 0.13895 -49.8889 -0
0.00304699 6 0.215443 -33.0929 -0
0.00304699 6 0.334048 -21.0874 -0
0.00304699 6 0.517947 -12.4682 -0
0.00304699 6 0.803086 -6.47328 -0
0.00304699 6 1.2452 -2.83863 -0
0.00304699 6 1.9307 -1.2123 -0
0.00304699 6 2.99358 -0.370895 -0
0.00304699 6 4.64159 0.118533 -0
0.00304699 6 7.19686 0.0501966 -0
0.00304699 6 11.1588 0.128437 -0
0.00304699 6 17.302 0.0223012 -0
0.00304699 6 26.827 -0.0374457 -0
0.00304699 6 41.5956 -0.0259246 -0
0.00304699 6 64.4947 -0.0152711 -0
0.00304699 6 100 -0.00949168 -0
0.00304699 6 155.052 -0.00559571 -0
0.00304699 6 240.41 -0.00313629 -0
0.00304699 6 372.759 -0.00189428 -0
0.00304699 6 577.969 -0.0011416 -0
0.00304699 6 896.151 -0.000623904 -0
0.00304699 6 1389.5 -0.000348752 -0
0.00304699 6 2154.43 -0.000198708 -0
0.00304699 6 3340.48 -0.000111989 -0
0.00304699 6 5179.47 -6.18649e-05 -0
0.00304699 6 8030.86 -3.17555e-05 -0
0.00304699 6 12452 -1.59741e-05 -0
0.00304699 6 19307 -7.88132e-06 -0
0.00304699 6 29935.8 -3.66935e-06 -0
0.00304699 6 46415.9 -1.59262e-06 -0
0.00304699 6 71968.6 -6.02523e-07 -0
0.00304699 6 111588 -1.09043e-07 -0
0.00304699 6 173020 8.9857e-09 -0
0.00304699 6 268270 5.42686e-08 -0
0.00304699 6 415956 5.2202e-08 -0
0.00304699 6 644947 3.84604e-08 -0
0.00304699 6 1e+06 1.10319e-08 -0

0.00742964 6 1e-06 -2.26627e+06 -0
0.00742964 6 1.55052e-06 -1.46162e+06 -0
0.00742964 6 2.4041e-06 -942672 -0
0.00742964 6 3.72759e-06 -607976 -0
0.00742964 6 5.77969e-06 -392115 -0
0.00742964 6 8.96151e-06 -252896 -0
0.00742964 6 1.3895e-05 -163107 -0
0.00742964 6 2.15443e-05 -105198 -0
0.00742964 6 3.34048e-05 -67849.7 -0
0.00742964 6 5.17947e-05 -43762.1 -0
0.00742964 6 8.03086e-05 -28226.9 -0
0.00742964 6 0.00012452 -18207.5 -0
0.00742964 6 0.00019307 -11745.5 -0
0.00742964 6 0.000299358 -7577.86 -0
0.00742964 6 0.000464159 -4889.96 -0
0.00742964 6 0.000719686 -3156.4 -0
0.00742964 6 0.00111588 -2038.34 -0
0.00742964 6 0.0017302 -1317.24 -0
0.00742964 6 0.0026827 -852.151 -0
0.00742964 6 0.00415956 -552.167 -0
0.00742964 6 0.00644947 -358.653 -0
0.00742964 6 0.01 -233.786 -0
0.00742964 6 0.0155052 -153.16 -0
0.00742964 6 0.024041 -101.024 -0
0.00742964 6 0.0372759 -67.1984 -0
0.00742964 6 0.0577969 -45.1001 -0
0.00742964 6 0.0896151 -30.4691 -0
0.00742964 6 0.13895 -20.5632 -0
0.00742964 6 0.215443 -13.6526 -0
0.00742964 6 0.334048 -8.70411 -0
0.00742964 6 0.517947 -5.14476 -0
0.00742964 6 0.803086 -2.66679 -0
0.00742964 6 1.2452 -1.16568 -0
0.00742964 6 1.9307 -0.496407 -0
0.00742964 6 2.99358 -0.151895 -0
0.00742964 6 4.64159 0.0485584 -0
0.00742964 6 7.19686 0.0204927 -0
0.00742964 6 11.1588 0.0526082 -0
0.00742964 6 17.302 0.00911997 -0
0.00742964 6 26.827 -0.0153665 -0
0.00742964 6 41.5956 -0.0106361 -0
0.00742964 6 64.4947 -0.00626455 -0
0.00742964 6 100 -0.00389334 -0
0.00742964 6 155.052 -0.00229515 -0
0.00742964 6 240.41 -0.00128635 -0
0.00742964 6 372.759 -0.000776914 -0
0.00742964 6 577.969 -0.000468201 -0
0.00742964 6 896.151 -0.000255878 -0
0.00742964 6 1389.5 -0.00014303 -0
0.00742964 6 2154.43 -8.14937e-05 -0
0.00742964 6 3340.48 -4.59286e-05 -0
0.00742964 6 5179.47 -2.53718e-05 -0
0.00742964 6 8030.86 -1.30234e-05 -0
0.00742964 6 12452 -6.55122e-06 -0
0.00742964 6 19307 -3.23224e-06 -0
0.00742964 6 29935.8 -1.50485e-06 -0
0.00742964 6 46415.9 -6.53157e-07 -0
0.00742964 6 71968.6 -2.47103e-07 -0
0.00742964 6 111588 -4.47201e-08 -0
0.00742964 6 173020 3.6851e-09 -0
0.00742964 6 268270 2.22562e-08 -0
0.00742964 6 415956 2.14087e-08 -0
0.00742964 6 644947 1.57731e-08 -0
0.00742964 6 1e+06 4.52431e-09 -0

0.0181161 6 1e-06 -930486 -0
0.0181161 6 1.55052e-06 -600115 -0
0.0181161 6 2.4041e-06 -387043 -0
0.0181161 6 3.72759e-06 -249623 -0
0.0181161 6 5.77969e-06 -160995 -0
0.0181161 6 8.96151e-06 -103834 -0
0.0181161 6 1.3895e-05 -66968.7 -0
0.0181161 6 2.15443e-05 -43192.4 -0
0.0181161 6 3.34048e-05 -27857.9 -0
0.0181161 6 5.17947e-05 -17968 -0
0.0181161 6 8.03086e-05 -11589.5 -0
0.0181161 6 0.00012452 -7475.78 -0
0.0181161 6 0.00019307 -4822.61 -0
0.0181161 6 0.000299358 -3111.46 -0
0.0181161 6 0.000464159 -2007.86 -0
0.0181161 6 0.000719686 -1296.1 -0
0.0181161 6 0.00111588 -837.042 -0
0.0181161 6 0.0017302 -540.972 -0
0.0181161 6 0.0026827 -350.015 -0
0.0181161 6 0.00415956 -226.847 -0
0.0181161 6 0.00644947 -147.393 -0
0.0181161 6 0.01 -96.1235 -0
0.0181161 6 0.0155052 -63.0182 -0
0.0181161 6 0.024041 -41.6087 -0
0.0181161 6 0.0372759 -27.7158 -0
0.0181161 6 0.0577969 -18.6355 -0
0.0181161 6 0.0896151 -12.6179 -0
0.0181161 6 0.13895 -8.53617 -0
0.0181161 6 0.215443 -5.6798 -0
0.0181161 6 0.334048 -3.62548 -0
0.0181161 6 0.517947 -2.14125 -0
0.0181161 6 0.803086 -1.10566 -0
0.0181161 6 1.2452 -0.479571 -0
0.0181161 6 1.9307 -0.202815 -0
0.0181161 6 2.99358 -0.0620812 -0
0.0181161 6 4.64159 0.0198605 -0
0.0181161 6 7.19686 0.00831081 -0
0.0181161 6 11.1588 0.0215099 -0
0.0181161 6 17.302 0.00371418 -0
0.0181161 6 26.827 -0.00631152 -0
0.0181161 6 41.5956 -0.00436605 -0
0.0181161 6 64.4947 -0.00257085 -0
0.0181161 6 100 -0.00159739 -0
0.0181161 6 155.052 -0.000941554 -0
0.0181161 6 240.41 -0.000527661 -0
0.0181161 6 372.759 -0.000318667 -0
0.0181161 6 577.969 -0.000192033 -0
0.0181161 6 896.151 -0.000104946 -0
0.0181161 6 1389.5 -5.86614e-05 -0
0.0181161 6 2154.43 -3.34227e-05 -0
0.0181161 6 3340.48 -1.88363e-05 -0
0.0181161 6 5179.47 -1.04055e-05 -0
0.0181161 6 8030.86 -5.34113e-06 -0
0.0181161 6 12452 -2.68677e-06 -0
0.0181161 6 19307 -1.32559e-06 -0
0.0181161 6 29935.8 -6.17162e-07 -0
0.0181161 6 46415.9 -2.67869e-07 -0
0.0181161 6 71968.6 -1.01341e-07 -0
0.0181161 6 111588 -1.83404e-08 -0
0.0181161 6 173020 1.51126e-09 -0
0.0181161 6 268270 9.12755e-09 -0
0.0181161 6 415956 8.77997e-09 -0
0.0181161 6 644947 6.46875e-09 -0
0.0181161 6 1e+06 1.85548e-09 -0

0.0441734 6 1e-06 -382618 -0
0.0441734 6 1.55052e-06 -246769 -0
0.0441734 6 2.4041e-06 -159153 -0
0.0441734 6 3.72759e-06 -102646 -0
0.0441734 6 5.77969e-06 -66201.6 -0
0.0441734 6 8.96151e-06 -42697 -0
0.0441734 6 1.3895e-05 -27537.8 -0
0.0441734 6 2.15443e-05 -17760.9 -0
0.0441734 6 3.34048e-05 -11455.4 -0
0.0441734 6 5.17947e-05 -7388.63 -0
0.0441734 6 8.03086e-05 -4765.79 -0
0.0441734 6 0.00012452 -3074.2 -0
0.0441734 6 0.00019307 -1983.21 -0
0.0441734 6 0.000299358 -1279.58 -0
0.0441734 6 0.000464159 -825.777 -0
0.0441734 6 0.000719686 -533.097 -0
0.0441734 6 0.00111588 -344.333 -0
0.0441734 6 0.0017302 -222.588 -0
0.0441734 6 0.0026827 -144.066 -0
0.0441734 6 0.00415956 -93.418 -0
0.0441734 6 0.00644947 -60.7455 -0
0.0441734 6 0.01 -39.662 -0
0.0441734 6 0.0155052 -26.0469 -0
0.0441734 6 0.024041 -17.2401 -0
0.0441734 6 0.0372759 -11.5224 -0
0.0441734 6 0.0577969 -7.78135 -0
0.0441734 6 0.0896151 -5.29639 -0
0.0441734 6 0.13895 -3.60336 -0
0.0441734 6 0.215443 -2.4097 -0
0.0441734 6 0.334048 -1.54237 -0
0.0441734 6 0.517947 -0.909257 -0
0.0441734 6 0.803086 -0.465317 -0
0.0441734 6 1.2452 -0.198168 -0
0.0441734 6 1.9307 -0.082415 -0
0.0441734 6 2.99358 -0.0252503 -0
0.0441734 6 4.64159 0.00809064 -0
0.0441734 6 7.19686 0.00331501 -0
0.0441734 6 11.1588 0.00875614 -0
0.0441734 6 17.302 0.00149723 -0
0.0441734 6 26.827 -0.00259795 -0
0.0441734 6 41.5956 -0.00179463 -0
0.0441734 6 64.4947 -0.00105601 -0
0.0441734 6 100 -0.000655792 -0
0.0441734 6 155.052 -0.000386425 -0
0.0441734 6 240.41 -0.000216514 -0
0.0441734 6 372.759 -0.000130734 -0
0.0441734 6 577.969 -7.87732e-05 -0
0.0441734 6 896.151 -4.30471e-05 -0
0.0441734 6 1389.5 -2.40607e-05 -0
0.0441734 6 2154.43 -1.37082e-05 -0
0.0441734 6 3340.48 -7.72547e-06 -0
0.0441734 6 5179.47 -4.26759e-06 -0
0.0441734 6 8030.86 -2.19053e-06 -0
0.0441734 6 12452 -1.1019e-06 -0
0.0441734 6 19307 -5.43652e-07 -0
0.0441734 6 29935.8 -2.5311e-07 -0
0.0441734 6 46415.9 -1.09858e-07 -0
0.0441734 6 71968.6 -4.15615e-08 -0
0.0441734 6 111588 -7.52179e-09 -0
0.0441734 6 173020 6.19742e-10 -0
0.0441734 6 268270 3.74331e-09 -0
0.0441734 6 415956 3.60077e-09 -0
0.0441734 6 644947 2.65292e-09 -0
0.0441734 6 1e+06 7.60955e-10 -0

0.107711 6 1e-06 -157815 -0
0.107711 6 1.55052e-06 -101783 -0
0.107711 6 2.4041e-06 -65644.7 -0
0.107711 6 3.72759e-06 -42337.6 -0
0.107711 6 5.77969e-06 -27305.7 -0
0.107711 6 8.96151e-06 -17611 -0
0.107711 6 1.3895e-05 -11358.4 -0
0.107711 6 2.15443e-05 -7325.84 -0
0.107711 6 3.34048e-05 -4725.04 -0
0.107711 6 5.17947e-05 -3047.66 -0
0.107711 6 8.03086e-05 -1965.84 -0
0.107711 6 0.00012452 -1268.13 -0
0.107711 6 0.00019307 -818.136 -0
0.107711 6 0.000299358 -527.917 -0
0.107711 6 0.000464159 -340.74 -0
0.107711 6 0.000719686 -220.021 -0
0.107711 6 0.00111588 -142.163 -0
0.107711 6 0.0017302 -91.9478 -0
0.107711 6 0.0026827 -59.56 -0
0.107711 6 0.00415956 -38.6693 -0
0.107711 6 0.00644947 -25.1923 -0
0.107711 6 0.01 -16.4947 -0
0.107711 6 0.0155052 -10.8769 -0
0.107711 6 0.024041 -7.24114 -0
0.107711 6 0.0372759 -4.87789 -0
0.107711 6 0.0577969 -3.32751 -0
0.107711 6 0.0896151 -2.29196 -0
0.107711 6 0.13895 -1.57893 -0
0.107711 6 0.215443 -1.06741 -0
0.107711 6 0.334048 -0.687139 -0
0.107711 6 0.517947 -0.403389 -0
0.107711 6 0.803086 -0.20242 -0
0.107711 6 1.2452 -0.0827111 -0
0.107711 6 1.9307 -0.0330536 -0
0.107711 6 2.99358 -0.0101526 -0
0.107711 6 4.64159 0.00326239 -0
0.107711 6 7.19686 0.00126653 -0
0.107711 6 11.1588 0.00352591 -0
0.107711 6 17.302 0.00058811 -0
0.107711 6 26.827 -0.00107494 -0
0.107711 6 41.5956 -0.000740048 -0
0.107711 6 64.4947 -0.000434759 -0
0.107711 6 100 -0.00026963 -0
0.107711 6 155.052 -0.000158759 -0
0.107711 6 240.41 -8.89083e-05 -0
0.107711 6 372.759 -5.36604e-05 -0
0.107711 6 577.969 -3.23239e-05 -0
0.107711 6 896.151 -1.76615e-05 -0
0.107711 6 1389.5 -9.87047e-06 -0
0.107711 6 2154.43 -5.62305e-06 -0
0.107711 6 3340.48 -3.16876e-06 -0
0.107711 6 5179.47 -1.75037e-06 -0
0.107711 6 8030.86 -8.98435e-07 -0
0.107711 6 12452 -4.51931e-07 -0
0.107711 6 19307 -2.22968e-07 -0
0.107711 6 29935.8 -1.03807e-07 -0
0.107711 6 46415.9 -4.50554e-08 -0
0.107711 6 71968.6 -1.70453e-08 -0
0.107711 6 111588 -3.08493e-09 -0
0.107711 6 173020 2.54119e-10 -0
0.107711 6 268270 1.53517e-09 -0
0.107711 6 415956 1.47672e-09 -0
0.107711 6 644947 1.08799e-09 -0
0.107711 6 1e+06 3.12077e-10 -0

0.262636 6 1e-06 -65357 -0
0.262636 6 1.55052e-06 -42152 -0
0.262636 6 2.4041e-06 -27185.9 -0
0.262636 6 3.72759e-06 -17533.6 -0
0.262636 6 5.77969e-06 -11308.4 -0
0.262636 6 8.96151e-06 -7293.48 -0
0.262636 6 1.3895e-05 -4704.06 -0
0.262636 6 2.15443e-05 -3034.03 -0
0.262636 6 3.34048e-05 -1956.94 -0
0.262636 6 5.17947e-05 -1262.28 -0
0.262636 6 8.03086e-05 -814.26 -0
0.262636 6 0.00012452 -525.311 -0
0.262636 6 0.00019307 -338.955 -0
0.262636 6 0.000299358 -218.764 -0
0.262636 6 0.000464159 -141.248 -0
0.262636 6 0.000719686 -91.2538 -0
0.262636 6 0.00111588 -59.0098 -0
0.262636 6 0.0017302 -38.2136 -0
0.262636 6 0.0026827 -24.8003 -0
0.262636 6 0.00415956 -16.1481 -0
0.262636 6 0.00644947 -10.5659 -0
0.262636 6 0.01 -6.96256 -0
0.262636 6 0.0155052 -4.63388 -0
0.262636 6 0.024041 -3.12494 -0
0.262636 6 0.0372759 -2.14133 -0
0.262636 6 0.0577969 -1.49201 -0
0.262636 6 0.0896151 -1.0527 -0
0.262636 6 0.13895 -0.742964 -0
0.262636 6 0.215443 -0.51246 -0
0.262636 6 0.334048 -0.333202 -0
0.262636 6 0.517947 -0.194021 -0
0.262636 6 0.803086 -0.0938115 -0
0.262636 6 1.2452 -0.0352347 -0
0.262636 6 1.9307 -0.0128528 -0
0.262636 6 2.99358 -0.00397843 -0
0.262636 6 4.64159 0.00127925 -0
0.262636 6 7.19686 0.000427324 -0
0.262636 6 11.1588 0.00138151 -0
0.262636 6 17.302 0.000215467 -0
0.262636 6 26.827 -0.000450277 -0
0.262636 6 41.5956 -0.000307531 -0
0.262636 6 64.4947 -0.000179968 -0
0.262636 6 100 -0.000111258 -0
0.262636 6 155.052 -6.53896e-05 -0
0.262636 6 240.41 -3.65756e-05 -0
0.262636 6 372.759 -2.20515e-05 -0
0.262636 6 577.969 -1.32744e-05 -0
0.262636 6 896.151 -7.25048e-06 -0
0.262636 6 1389.5 -4.05089e-06 -0
0.262636 6 2154.43 -2.30722e-06 -0
0.262636 6 3340.48 -1.3e-06 -0
0.262636 6 5179.47 -7.18026e-07 -0
0.262636 6 8030.86 -3.68529e-07 -0
0.262636 6 12452 -1.85369e-07 -0
0.262636 6 19307 -9.1452e-08 -0
0.262636 6 29935.8 -4.25762e-08 -0
0.262636 6 46415.9 -1.84791e-08 -0
0.262636 6 71968.6 -6.99094e-09 -0
0.262636 6 111588 -1.26531e-09 -0
0.262636 6 173020 1.04172e-10 -0
0.262636 6 268270 6.29577e-10 -0
0.262636 6 415956 6.05617e-10 -0
0.262636 6 644947 4.46199e-10 -0
0.262636 6 1e+06 1.27987e-10 -0

0.6404 6 1e-06 -26893.3 -0
0.6404 6 1.55052e-06 -17344.9 -0
0.6404 6 2.4041e-06 -11186.6 -0
0.6404 6 3.72759e-06 -7214.87 -0
0.6404 6 5.77969e-06 -4653.31 -0
0.6404 6 8.96151e-06 -3001.24 -0
0.6404 6 1.3895e-05 -1935.75 -0
0.6404 6 2.15443e-05 -1248.56 -0
0.6404 6 3.34048e-05 -805.357 -0
0.6404 6 5.17947e-05 -519.517 -0
0.6404 6 8.03086e-05 -335.165 -0
0.6404 6 0.00012452 -216.268 -0
0.6404 6 0.00019307 -139.585 -0
0.6404 6 0.000299358 -90.1291 -0
0.6404 6 0.000464159 -58.2325 -0
0.6404 6 0.000719686 -37.6607 -0
0.6404 6 0.00111588 -24.3928 -0
0.6404 6 0.0017302 -15.8354 -0
0.6404 6 0.0026827 -10.3157 -0
0.6404 6 0.00415956 -6.75501 -0
0.6404 6 0.00644947 -4.45727 -0
0.6404 6 0.01 -2.97339 -0
0.6404 6 0.0155052 -2.01339 -0
0.6404 6 0.024041 -1.38977 -0
0.6404 6 0.0372759 -0.980943 -0
0.6404 6 0.0577969 -0.707722 -0
0.6404 6 0.0896151 -0.518282 -0
0.6404 6 0.13895 -0.378904 -0
0.6404 6 0.215443 -0.268713 -0
0.6404 6 0.334048 -0.177138 -0
0.6404 6 0.517947 -0.102174 -0
0.6404 6 0.803086 -0.0470231 -0
0.6404 6 1.2452 -0.0154527 -0
0.6404 6 1.9307 -0.0046841 -0
0.6404 6 2.99358 -0.00149002 -0
0.6404 6 4.64159 0.00045916 -0
0.6404 6 7.19686 8.53324e-05 -0
0.6404 6 11.1588 0.000503452 -0
0.6404 6 17.302 6.31168e-05 -0
0.6404 6 26.827 -0.000193946 -0
0.6404 6 41.5956 -0.000130103 -0
0.6404 6 64.4947 -7.54604e-05 -0
0.6404 6 100 -4.63033e-05 -0
0.6404 6 155.052 -2.70964e-05 -0
0.6404 6 240.41 -1.51129e-05 -0
0.6404 6 372.759 -9.08812e-06 -0
0.6404 6 577.969 -5.46195e-06 -0
0.6404 6 896.151 -2.9808e-06 -0
0.6404 6 1389.5 -1.6642e-06 -0
0.6404 6 2154.43 -9.47351e-07 -0
0.6404 6 3340.48 -5.33593e-07 -0
0.6404 6 5179.47 -2.94648e-07 -0
0.6404 6 8030.86 -1.51207e-07 -0
0.6404 6 12452 -7.60486e-08 -0
0.6404 6 19307 -3.75155e-08 -0
0.6404 6 29935.8 -1.74646e-08 -0
0.6404 6 46415.9 -7.57977e-09 -0
0.6404 6 71968.6 -2.86751e-09 -0
0.6404 6 111588 -5.19065e-10 -0
0.6404 6 173020 4.26768e-11 -0
0.6404 6 268270 2.58184e-10 -0
0.6404 6 415956 2.48367e-10 -0
0.6404 6 644947 1.82991e-10 -0
0.6404 6 1e+06 5.24887e-11 -0

1.56152 6 1e-06 -10360.5 -0
1.56152 6 1.55052e-06 -6682.01 -0
1.56152 6 2.4041e-06 -4309.59 -0
1.56152 6 3.72759e-06 -2779.52 -0
1.56152 6 5.77969e-06 -1792.7 -0
1.56152 6 8.96151e-06 -1156.25 -0
1.56152 6 1.3895e-05 -745.776 -0
1.56152 6 2.15443e-05 -481.042 -0
1.56152 6 3.34048e-05 -310.303 -0
1.56152 6 5.17947e-05 -200.186 -0
1.56152 6 8.03086e-05 -129.166 -0
1.56152 6 0.00012452 -83.3617 -0
1.56152 6 0.00019307 -53.8204 -0
1.56152 6 0.000299358 -34.7679 -0
1.56152 6 0.000464159 -22.48 -0
1.56152 6 0.000719686 -14.5548 -0
1.56152 6 0.00111588 -9.44342 -0
1.56152 6 0.0017302 -6.14666 -0
1.56152 6 0.0026827 -4.02015 -0
1.56152 6 0.00415956 -2.64824 -0
1.56152 6 0.00644947 -1.76277 -0
1.56152 6 0.01 -1.19068 -0
1.56152 6 0.0155052 -0.820176 -0
1.56152 6 0.024041 -0.578909 -0
1.56152 6 0.0372759 -0.419874 -0
1.56152 6 0.0577969 -0.312339 -0
1.56152 6 0.0896151 -0.236064 -0
1.56152 6 0.13895 -0.177789 -0
1.56152 6 0.215443 -0.129338 -0
1.56152 6 0.334048 -0.0868679 -0
1.56152 6 0.517947 -0.0504443 -0
1.56152 6 0.803086 -0.0227201 -0
1.56152 6 1.2452 -0.00665911 -0
1.56152 6 1.9307 -0.00158966 -0
1.56152 6 2.99358 -0.000564739 -0
1.56152 6 4.64159 0.00010952 -0
1.56152 6 7.19686 -4.9728e-05 -0
1.56152 6 11.1588 0.000146624 -0
1.56152 6 17.302 1.7583e-06 -0
1.56152 6 26.827 -8.84716e-05 -0
1.56152 6 41.5956 -5.72247e-05 -0
1.56152 6 64.4947 -3.2566e-05 -0
1.56152 6 100 -1.96542e-05 -0
1.56152 6 155.052 -1.13888e-05 -0
1.56152 6 240.41 -6.30984e-06 -0
1.56152 6 372.759 -3.77143e-06 -0
1.56152 6 577.969 -2.25788e-06 -0
1.56152 6 896.151 -1.22972e-06 -0
1.56152 6 1389.5 -6.85379e-07 -0
1.56152 6 2154.43 -3.89651e-07 -0
1.56152 6 3340.48 -2.19281e-07 -0
1.56152 6 5179.47 -1.21016e-07 -0
1.56152 6 8030.86 -6.20812e-08 -0
1.56152 6 12452 -3.12148e-08 -0
1.56152 6 19307 -1.53954e-08 -0
1.56152 6 29935.8 -7.16607e-09 -0
1.56152 6 46415.9 -3.10983e-09 -0
1.56152 6 71968.6 -1.17644e-09 -0
1.56152 6 111588 -2.1302e-10 -0
1.56152 6 173020 1.74569e-11 -0
1.56152 6 268270 1.05871e-10 -0
1.56152 6 415956 1.01855e-10 -0
1.56152 6 644947 7.50458e-11 -0
1.56152 6 1e+06 2.15261e-11 -0

3.80755 6 1e-06 -3361.61 -0
3.80755 6 1.55052e-06 -2168.07 -0
3.80755 6 2.4041e-06 -1398.31 -0
3.80755 6 3.72759e-06 -901.846 -0
3.80755 6 5.77969e-06 -581.657 -0
3.80755 6 8.96151e-06 -375.152 -0
3.80755 6 1.3895e-05 -241.967 -0
3.80755 6 2.15443e-05 -156.07 -0
3.80755 6 3.34048e-05 -100.671 -0
3.80755 6 5.17947e-05 -64.9411 -0
3.80755 6 8.03086e-05 -41.8975 -0
3.80755 6 0.00012452 -27.0356 -0
3.80755 6 0.00019307 -17.4505 -0
3.80755 6 0.000299358 -11.2686 -0
3.80755 6 0.000464159 -7.2816 -0
3.80755 6 0.000719686 -4.71018 -0
3.80755 6 0.00111588 -3.05172 -0
3.80755 6 0.0017302 -1.98207 -0
3.80755 6 0.0026827 -1.29214 -0
3.80755 6 0.00415956 -0.847076 -0
3.80755 6 0.00644947 -0.559894 -0
3.80755 6 0.01 -0.374458 -0
3.80755 6 0.0155052 -0.254528 -0
3.80755 6 0.024041 -0.176677 -0
3.80755 6 0.0372759 -0.125716 -0
3.80755 6 0.0577969 -0.0917549 -0
3.80755 6 0.0896151 -0.0683089 -0
3.80755 6 0.13895 -0.0511208 -0
3.80755 6 0.215443 -0.0374705 -0
3.80755 6 0.334048 -0.0258271 -0
3.80755 6 0.517947 -0.0156891 -0
3.80755 6 0.803086 -0.00745271 -0
3.80755 6 1.2452 -0.00226233 -0
3.80755 6 1.9307 -0.000611749 -0
3.80755 6 2.99358 -0.00030674 -0
3.80755 6 4.64159 -4.87208e-05 -0
3.80755 6 7.19686 -9.36137e-05 -0
3.80755 6 11.1588 7.46924e-06 -0
3.80755 6 17.302 -2.09181e-05 -0
3.80755 6 26.827 -4.44329e-05 -0
3.80755 6 41.5956 -2.70818e-05 -0
3.80755 6 64.4947 -1.48958e-05 -0
3.80755 6 100 -8.70141e-06 -0
3.80755 6 155.052 -4.93988e-06 -0
3.80755 6 240.41 -2.69759e-06 -0
3.80755 6 372.759 -1.59042e-06 -0
3.80755 6 577.969 -9.43688e-07 -0
3.80755 6 896.151 -5.11542e-07 -0
3.80755 6 1389.5 -2.8394e-07 -0
3.80755 6 2154.43 -1.60927e-07 -0
3.80755 6 3340.48 -9.03762e-08 -0
3.80755 6 5179.47 -4.98067e-08 -0
3.80755 6 8030.86 -2.55293e-08 -0
3.80755 6 12452 -1.28279e-08 -0
3.80755 6 19307 -6.3237e-09 -0
3.80755 6 29935.8 -2.94249e-09 -0
3.80755 6 46415.9 -1.27666e-09 -0
3.80755 6 71968.6 -4.82909e-10 -0
3.80755 6 111588 -8.75066e-11 -0
3.80755 6 173020 7.11387e-12 -0
3.80755 6 268270 4.34051e-11 -0
3.80755 6 415956 4.17679e-11 -0
3.80755 6 644947 3.07762e-11 -0
3.80755 6 1e+06 8.82789e-12 -0

9.28415 6 1e-06 -959.514 -0
9.28415 6 1.55052e-06 -618.836 -0
9.28415 6 2.4041e-06 -399.117 -0
9.28415 6 3.72759e-06 -257.41 -0
9.28415 6 5.77969e-06 -166.016 -0
9.28415 6 8.96151e-06 -107.072 -0
9.28415 6 1.3895e-05 -69.0567 -0
9.28415 6 2.15443e-05 -44.5386 -0
9.28415 6 3.34048e-05 -28.7257 -0
9.28415 6 5.17947e-05 -18.5273 -0
9.28415 6 8.03086e-05 -11.9498 -0
9.28415 6 0.00012452 -7.70768 -0
9.28415 6 0.00019307 -4.97174 -0
9.28415 6 0.000299358 -3.20721 -0
9.28415 6 0.000464159 -2.06918 -0
9.28415 6 0.000719686 -1.33521 -0
9.28415 6 0.00111588 -0.861838 -0
9.28415 6 0.0017302 -0.556538 -0
9.28415 6 0.0026827 -0.359634 -0
9.28415 6 0.00415956 -0.232641 -0
9.28415 6 0.00644947 -0.150734 -0
9.28415 6 0.01 -0.0979046 -0
9.28415 6 0.0155052 -0.0638261 -0
9.28415 6 0.024041 -0.0418375 -0
9.28415 6 0.0372759 -0.0276405 -0
9.28415 6 0.0577969 -0.0184598 -0
9.28415 6 0.0896151 -0.0124994 -0
9.28415 6 0.13895 -0.00859159 -0
9.28415 6 0.215443 -0.00596675 -0
9.28415 6 0.334048 -0.0041029 -0
9.28415 6 0.517947 -0.00264547 -0
9.28415 6 0.803086 -0.00142795 -0
9.28415 6 1.2452 -0.00059151 -0
9.28415 6 1.9307 -0.000322306 -0
9.28415 6 2.99358 -0.000230554 -0
9.28415 6 4.64159 -0.0001037 -0
9.28415 6 7.19686 -9.03029e-05 -0
9.28415 6 11.1588 -3.61667e-05 -0
9.28415 6 17.302 -2.54298e-05 -0
9.28415 6 26.827 -2.48113e-05 -0
9.28415 6 41.5956 -1.41922e-05 -0
9.28415 6 64.4947 -7.48173e-06 -0
9.28415 6 100 -4.15838e-06 -0
9.28415 6 155.052 -2.27971e-06 -0
9.28415 6 240.41 -1.21168e-06 -0
9.28415 6 372.759 -6.94689e-07 -0
9.28415 6 577.969 -4.04366e-07 -0
9.28415 6 896.151 -2.16908e-07 -0
9.28415 6 1389.5 -1.19279e-07 -0
9.28415 6 2154.43 -6.71183e-08 -0
9.28415 6 3340.48 -3.75091e-08 -0
9.28415 6 5179.47 -2.06025e-08 -0
9.28415 6 8030.86 -1.05389e-08 -0
9.28415 6 12452 -5.28723e-09 -0
9.28415 6 19307 -2.60327e-09 -0
9.28415 6 29935.8 -1.21035e-09 -0
9.28415 6 46415.9 -5.24848e-10 -0
9.28415 6 71968.6 -1.98484e-10 -0
9.28415 6 111588 -3.60321e-11 -0
9.28415 6 173020 2.87204e-12 -0
9.28415 6 268270 1.77871e-11 -0
9.28415 6 415956 1.71255e-11 -0
9.28415 6 644947 1.26206e-11 -0
9.28415 6 1e+06 3.62021e-12 -0

22.638 6 1e-06 -284.641 -0
22.638 6 1.55052e-06 -183.578 -0
22.638 6 2.4041e-06 -118.398 -0
22.638 6 3.72759e-06 -76.3604 -0
22.638 6 5.77969e-06 -49.2484 -0
22.638 6 8.96151e-06 -31.7626 -0
22.638 6 1.3895e-05 -20.4852 -0
22.638 6 2.15443e-05 -13.2119 -0
22.638 6 3.34048e-05 -8.52095 -0
22.638 6 5.17947e-05 -5.49556 -0
22.638 6 8.03086e-05 -3.54435 -0
22.638 6 0.00012452 -2.28592 -0
22.638 6 0.00019307 -1.4743 -0
22.638 6 0.000299358 -0.950852 -0
22.638 6 0.000464159 -0.613254 -0
22.638 6 0.000719686 -0.395521 -0
22.638 6 0.00111588 -0.255095 -0
22.638 6 0.0017302 -0.164529 -0
22.638 6 0.0026827 -0.106118 -0
22.638 6 0.00415956 -0.0684471 -0
22.638 6 0.00644947 -0.0441521 -0
22.638 6 0.01 -0.0284845 -0
22.638 6 0.0155052 -0.0183817 -0
22.638 6 0.024041 -0.0118689 -0
22.638 6 0.0372759 -0.00767271 -0
22.638 6 0.0577969 -0.0049723 -0
22.638 6 0.0896151 -0.00323826 -0
22.638 6 0.13895 -0.00212835 -0
22.638 6 0.215443 -0.00141904 -0
22.638 6 0.334048 -0.00095987 -0
22.638 6 0.517947 -0.000645919 -0
22.638 6 0.803086 -0.000412269 -0
22.638 6 1.2452 -0.000251579 -0
22.638 6 1.9307 -0.000181483 -0
22.638 6 2.99358 -0.000143325 -0
22.638 6 4.64159 -8.35367e-05 -0
22.638 6 7.19686 -6.04973e-05 -0
22.638 6 11.1588 -3.53237e-05 -0
22.638 6 17.302 -2.0168e-05 -0
22.638 6 26.827 -1.4266e-05 -0
22.638 6 41.5956 -7.98597e-06 -0
22.638 6 64.4947 -4.12974e-06 -0
22.638 6 100 -2.19512e-06 -0
22.638 6 155.052 -1.15738e-06 -0
22.638 6 240.41 -5.92916e-07 -0
22.638 6 372.759 -3.24619e-07 -0
22.638 6 577.969 -1.82403e-07 -0
22.638 6 896.151 -9.58552e-08 -0
22.638 6 1389.5 -5.16898e-08 -0
22.638 6 2154.43 -2.86301e-08 -0
22.638 6 3340.48 -1.58235e-08 -0
22.638 6 5179.47 -8.62448e-09 -0
22.638 6 8030.86 -4.39085e-09 -0
22.638 6 12452 -2.19464e-09 -0
22.638 6 19307 -1.07747e-09 -0
22.638 6 29935.8 -4.99975e-10 -0
22.638 6 46415.9 -2.16522e-10 -0
22.638 6 71968.6 -8.18383e-11 -0
22.638 6 111588 -1.49219e-11 -0
22.638 6 173020 1.13237e-12 -0
22.638 6 268270 7.28089e-12 -0
22.638 6 415956 7.0194e-12 -0
22.638 6 644947 5.17483e-12 -0
22.638 6 1e+06 1.48447e-12 -0

55.1995 6 1e-06 -89.3094 -0
55.1995 6 1.55052e-06 -57.5998 -0
55.1995 6 2.4041e-06 -37.1488 -0
55.1995 6 3.72759e-06 -23.959 -0
55.1995 6 5.77969e-06 -15.4523 -0
55.1995 6 8.96151e-06 -9.96593 -0
55.1995 6 1.3895e-05 -6.4275 -0
55.1995 6 2.15443e-05 -4.14541 -0
55.1995 6 3.34048e-05 -2.67358 -0
55.1995 6 5.17947e-05 -1.72433 -0
55.1995 6 8.03086e-05 -1.11212 -0
55.1995 6 0.00012452 -0.717268 -0
55.1995 6 0.00019307 -0.462613 -0
55.1995 6 0.000299358 -0.298374 -0
55.1995 6 0.000464159 -0.192449 -0
55.1995 6 0.000719686 -0.124133 -0
55.1995 6 0.00111588 -0.0800723 -0
55.1995 6 0.0017302 -0.0516558 -0
55.1995 6 0.0026827 -0.0333288 -0
55.1995 6 0.00415956 -0.0215089 -0
55.1995 6 0.00644947 -0.0138858 -0
55.1995 6 0.01 -0.00896953 -0
55.1995 6 0.0155052 -0.0057991 -0
55.1995 6 0.024041 -0.00375479 -0
55.1995 6 0.0372759 -0.00243697 -0
55.1995 6 0.0577969 -0.00158793 -0
55.1995 6 0.0896151 -0.00104149 -0
55.1995 6 0.13895 -0.000690331 -0
55.1995 6 0.215443 -0.000464802 -0
55.1995 6 0.334048 -0.000319002 -0
55.1995 6 0.517947 -0.000221963 -0
55.1995 6 0.803086 -0.000153642 -0
55.1995 6 1.2452 -0.000105873 -0
55.1995 6 1.9307 -7.84723e-05 -0
55.1995 6 2.99358 -6.19244e-05 -0
55.1995 6 4.64159 -4.04276e-05 -0
55.1995 6 7.19686 -2.78189e-05 -0
55.1995 6 11.1588 -1.92794e-05 -0
55.1995 6 17.302 -1.12685e-05 -0
55.1995 6 26.827 -7.26501e-06 -0
55.1995 6 41.5956 -4.27742e-06 -0
55.1995 6 64.4947 -2.30573e-06 -0
55.1995 6 100 -1.22987e-06 -0
55.1995 6 155.052 -6.4261e-07 -0
55.1995 6 240.41 -3.21803e-07 -0
55.1995 6 372.759 -1.67572e-07 -0
55.1995 6 577.969 -8.97959e-08 -0
55.1995 6 896.151 -4.57502e-08 -0
55.1995 6 1389.5 -2.38411e-08 -0
55.1995 6 2154.43 -1.281e-08 -0
55.1995 6 3340.48 -6.92041e-09 -0
55.1995 6 5179.47 -3.70965e-09 -0
55.1995 6 8030.86 -1.86886e-09 -0
55.1995 6 12452 -9.26194e-10 -0
55.1995 6 19307 -4.51689e-10 -0
55.1995 6 29935.8 -2.08638e-10 -0
55.1995 6 46415.9 -9.00737e-11 -0
55.1995 6 71968.6 -3.40005e-11 -0
55.1995 6 111588 -6.26454e-12 -0
55.1995 6 173020 4.18853e-13 -0
55.1995 6 268270 2.97213e-12 -0
55.1995 6 415956 2.87473e-12 -0
55.1995 6 644947 2.1212e-12 -0
55.1995 6 1e+06 6.08579e-13 -0

134.596 6 1e-06 -28.7329 -0
134.596 6 1.55052e-06 -18.5312 -0
134.596 6 2.4041e-06 -11.9516 -0
134.596 6 3.72759e-06 -7.70817 -0
134.596 6 5.77969e-06 -4.97136 -0
134.596 6 8.96151e-06 -3.20627 -0
134.596 6 1.3895e-05 -2.06787 -0
134.596 6 2.15443e-05 -1.33367 -0
134.596 6 3.34048e-05 -0.860151 -0
134.596 6 5.17947e-05 -0.554755 -0
134.596 6 8.03086e-05 -0.357791 -0
134.596 6 0.00012452 -0.23076 -0
134.596 6 0.00019307 -0.148831 -0
134.596 6 0.000299358 -0.095992 -0
134.596 6 0.000464159 -0.0619134 -0
134.596 6 0.000719686 -0.0399345 -0
134.596 6 0.00111588 -0.0257593 -0
134.596 6 0.0017302 -0.016617 -0
134.596 6 0.0026827 -0.0107208 -0
134.596 6 0.00415956 -0.00691803 -0
134.596 6 0.00644947 -0.00446548 -0
134.596 6 0.01 -0.00288374 -0
134.596 6 0.0155052 -0.00186366 -0
134.596 6 0.024041 -0.00120582 -0
134.596 6 0.0372759 -0.000781657 -0
134.596 6 0.0577969 -0.000508232 -0
134.596 6 0.0896151 -0.000332066 -0
134.596 6 0.13895 -0.000218649 -0
134.596 6 0.215443 -0.000145662 -0
134.596 6 0.334048 -9.85623e-05 -0
134.596 6 0.517947 -6.77503e-05 -0
134.596 6 0.803086 -4.69587e-05 -0
134.596 6 1.2452 -3.27796e-05 -0
134.596 6 1.9307 -2.39594e-05 -0
134.596 6 2.99358 -1.85411e-05 -0
134.596 6 4.64159 -1.29513e-05 -0
134.596 6 7.19686 -8.98416e-06 -0
134.596 6 11.1588 -6.87501e-06 -0
134.596 6 17.302 -4.42587e-06 -0
134.596 6 26.827 -2.88949e-06 -0
134.596 6 41.5956 -1.88062e-06 -0
134.596 6 64.4947 -1.12612e-06 -0
134.596 6 100 -6.4801e-07 -0
134.596 6 155.052 -3.57622e-07 -0
134.596 6 240.41 -1.84184e-07 -0
134.596 6 372.759 -9.43866e-08 -0
134.596 6 577.969 -4.89981e-08 -0
134.596 6 896.151 -2.43297e-08 -0
134.596 6 1389.5 -1.21626e-08 -0
134.596 6 2154.43 -6.2478e-09 -0
134.596 6 3340.48 -3.2482e-09 -0
134.596 6 5179.47 -1.68827e-09 -0
134.596 6 8030.86 -8.33042e-10 -0
134.596 6 12452 -4.05607e-10 -0
134.596 6 19307 -1.9496e-10 -0
134.596 6 29935.8 -8.91377e-11 -0
134.596 6 46415.9 -3.8212e-11 -0
134.596 6 71968.6 -1.43812e-11 -0
134.596 6 111588 -2.71403e-12 -0
134.596 6 173020 1.262e-13 -0
134.596 6 268270 1.20503e-12 -0
134.596 6 415956 1.17495e-12 -0
134.596 6 644947 8.68871e-13 -0
134.596 6 1e+06 2.49363e-13 -0

328.193 6 1e-06 -9.41392 -0
328.193 6 1.55052e-06 -6.07148 -0
328.193 6 2.4041e-06 -3.91578 -0
328.193 6 3.72759e-06 -2.52547 -0
328.193 6 5.77969e-06 -1.62879 -0
328.193 6 8.96151e-06 -1.05049 -0
328.193 6 1.3895e-05 -0.677508 -0
328.193 6 2.15443e-05 -0.436957 -0
328.193 6 3.34048e-05 -0.281815 -0
328.193 6 5.17947e-05 -0.181756 -0
328.193 6 8.03086e-05 -0.117224 -0
328.193 6 0.00012452 -0.0756037 -0
328.193 6 0.00019307 -0.048761 -0
328.193 6 0.000299358 -0.0314489 -0
328.193 6 0.000464159 -0.0202835 -0
328.193 6 0.000719686 -0.0130825 -0
328.193 6 0.00111588 -0.00843815 -0
328.193 6 0.0017302 -0.00544282 -0
328.193 6 0.0026827 -0.00351099 -0
328.193 6 0.00415956 -0.00226507 -0
328.193 6 0.00644947 -0.00146152 -0
328.193 6 0.01 -0.000943277 -0
328.193 6 0.0155052 -0.000609046 -0
328.193 6 0.024041 -0.000393495 -0
328.193 6 0.0372759 -0.000254493 -0
328.193 6 0.0577969 -0.000164866 -0
328.193 6 0.0896151 -0.000107091 -0
328.193 6 0.13895 -6.98621e-05 -0
328.193 6 0.215443 -4.58812e-05 -0
328.193 6 0.334048 -3.04195e-05 -0
328.193 6 0.517947 -2.03936e-05 -0
328.193 6 0.803086 -1.37958e-05 -0
328.193 6 1.2452 -9.41223e-06 -0
328.193 6 1.9307 -6.61918e-06 -0
328.193 6 2.99358 -4.88907e-06 -0
328.193 6 4.64159 -3.44893e-06 -0
328.193 6 7.19686 -2.38463e-06 -0
328.193 6 11.1588 -1.85836e-06 -0
328.193 6 17.302 -1.28093e-06 -0
328.193 6 26.827 -8.57815e-07 -0
328.193 6 41.5956 -6.15729e-07 -0
328.193 6 64.4947 -4.21121e-07 -0
328.193 6 100 -2.76538e-07 -0
328.193 6 155.052 -1.72071e-07 -0
328.193 6 240.41 -9.76116e-08 -0
328.193 6 372.759 -5.27241e-08 -0
328.193 6 577.969 -2.80429e-08 -0
328.193 6 896.151 -1.41062e-08 -0
328.193 6 1389.5 -6.9162e-09 -0
328.193 6 2154.43 -3.41684e-09 -0
328.193 6 3340.48 -1.70056e-09 -0
328.193 6 5179.47 -8.47264e-10 -0
328.193 6 8030.86 -4.04902e-10 -0
328.193 6 12452 -1.9122e-10 -0
328.193 6 19307 -8.94463e-11 -0
328.193 6 29935.8 -4.00745e-11 -0
328.193 6 46415.9 -1.69306e-11 -0
328.193 6 71968.6 -6.33251e-12 -0
328.193 6 111588 -1.25747e-12 -0
328.193 6 173020 6.2381e-15 -0
328.193 6 268270 4.80326e-13 -0
328.193 6 415956 4.77842e-13 -0
328.193 6 644947 3.55273e-13 -0
328.193 6 1e+06 1.02044e-13 -0

800.25 6 1e-06 -3.09149 -0
800.25 6 1.55052e-06 -1.99385 -0
800.25 6 2.4041e-06 -1.28593 -0
800.25 6 3.72759e-06 -0.829354 -0
800.25 6 5.77969e-06 -0.534889 -0
800.25 6 8.96151e-06 -0.344975 -0
800.25 6 1.3895e-05 -0.222491 -0
800.25 6 2.15443e-05 -0.143495 -0
800.25 6 3.34048e-05 -0.0925466 -0
800.25 6 5.17947e-05 -0.0596877 -0
800.25 6 8.03086e-05 -0.0384955 -0
800.25 6 0.00012452 -0.0248277 -0
800.25 6 0.00019307 -0.0160126 -0
800.25 6 0.000299358 -0.0103274 -0
800.25 6 0.000464159 -0.00666074 -0
800.25 6 0.000719686 -0.00429593 -0
800.25 6 0.00111588 -0.00277076 -0
800.25 6 0.0017302 -0.0017871 -0
800.25 6 0.0026827 -0.0011527 -0
800.25 6 0.00415956 -0.000743543 -0
800.25 6 0.00644947 -0.000479659 -0
800.25 6 0.01 -0.000309469 -0
800.25 6 0.0155052 -0.000199707 -0
800.25 6 0.024041 -0.000128917 -0
800.25 6 0.0372759 -8.32649e-05 -0
800.25 6 0.0577969 -5.38251e-05 -0
800.25 6 0.0896151 -3.48428e-05 -0
800.25 6 0.13895 -2.26058e-05 -0
800.25 6 0.215443 -1.47189e-05 -0
800.25 6 0.334048 -9.6339e-06 -0
800.25 6 0.517947 -6.34708e-06 -0
800.25 6 0.803086 -4.20735e-06 -0
800.25 6 1.2452 -2.80626e-06 -0
800.25 6 1.9307 -1.90703e-06 -0
800.25 6 2.99358 -1.34199e-06 -0
800.25 6 4.64159 -9.27538e-07 -0
800.25 6 7.19686 -6.31194e-07 -0
800.25 6 11.1588 -4.75423e-07 -0
800.25 6 17.302 -3.33707e-07 -0
800.25 6 26.827 -2.25381e-07 -0
800.25 6 41.5956 -1.68737e-07 -0
800.25 6 64.4947 -1.25913e-07 -0
800.25 6 100 -9.21636e-08 -0
800.25 6 155.052 -6.48662e-08 -0
800.25 6 240.41 -4.1903e-08 -0
800.25 6 372.759 -2.53847e-08 -0
800.25 6 577.969 -1.4841e-08 -0
800.25 6 896.151 -8.05394e-09 -0
800.25 6 1389.5 -4.09556e-09 -0
800.25 6 2154.43 -2.03031e-09 -0
800.25 6 3340.48 -9.93182e-10 -0
800.25 6 5179.47 -4.79979e-10 -0
800.25 6 8030.86 -2.22749e-10 -0
800.25 6 12452 -1.01459e-10 -0
800.25 6 19307 -4.56812e-11 -0
800.25 6 29935.8 -1.98271e-11 -0
800.25 6 46415.9 -8.17243e-12 -0
800.25 6 71968.6 -3.02479e-12 -0
800.25 6 111588 -6.58687e-13 -0
800.25 6 173020 -4.26878e-14 -0
800.25 6 268270 1.8316e-13 -0
800.25 6 415956 1.91956e-13 -0
800.25 6 644947 1.4464e-13 -0
800.25 6 1e+06 4.16262e-14 -0

1951.29 6 1e-06 -1.00086 -0
1951.29 6 1.55052e-06 -0.645503 -0
1951.29 6 2.4041e-06 -0.416315 -0
1951.29 6 3.72759e-06 -0.268501 -0
1951.29 6 5.77969e-06 -0.173169 -0
1951.29 6 8.96151e-06 -0.111685 -0
1951.29 6 1.3895e-05 -0.0720307 -0
1951.29 6 2.15443e-05 -0.046456 -0
1951.29 6 3.34048e-05 -0.0299616 -0
1951.29 6 5.17947e-05 -0.0193237 -0
1951.29 6 8.03086e-05 -0.0124628 -0
1951.29 6 0.00012452 -0.00803783 -0
1951.29 6 0.00019307 -0.00518399 -0
1951.29 6 0.000299358 -0.00334342 -0
1951.29 6 0.000464159 -0.00215634 -0
1951.29 6 0.000719686 -0.00139075 -0
1951.29 6 0.00111588 -0.000896975 -0
1951.29 6 0.0017302 -0.000578519 -0
1951.29 6 0.0026827 -0.000373133 -0
1951.29 6 0.00415956 -0.000240669 -0
1951.29 6 0.00644947 -0.000155237 -0
1951.29 6 0.01 -0.000100138 -0
1951.29 6 0.0155052 -6.46029e-05 -0
1951.29 6 0.024041 -4.16846e-05 -0
1951.29 6 0.0372759 -2.6904e-05 -0
1951.29 6 0.0577969 -1.73719e-05 -0
1951.29 6 0.0896151 -1.1225e-05 -0
1951.29 6 0.13895 -7.2615e-06 -0
1951.29 6 0.215443 -4.70617e-06 -0
1951.29 6 0.334048 -3.05846e-06 -0
1951.29 6 0.517947 -1.9947e-06 -0
1951.29 6 0.803086 -1.30547e-06 -0
1951.29 6 1.2452 -8.57474e-07 -0
1951.29 6 1.9307 -5.69201e-07 -0
1951.29 6 2.99358 -3.86043e-07 -0
1951.29 6 4.64159 -2.5991e-07 -0
1951.29 6 7.19686 -1.73228e-07 -0
1951.29 6 11.1588 -1.23971e-07 -0
1951.29 6 17.302 -8.54069e-08 -0
1951.29 6 26.827 -5.6914e-08 -0
1951.29 6 41.5956 -4.18549e-08 -0
1951.29 6 64.4947 -3.16382e-08 -0
1951.29 6 100 -2.41575e-08 -0
1951.29 6 155.052 -1.84185e-08 -0
1951.29 6 240.41 -1.3456e-08 -0
1951.29 6 372.759 -9.40523e-09 -0
1951.29 6 577.969 -6.33183e-09 -0
1951.29 6 896.151 -3.91324e-09 -0
1951.29 6 1389.5 -2.20297e-09 -0
1951.29 6 2154.43 -1.17047e-09 -0
1951.29 6 3340.48 -5.9672e-10 -0
1951.29 6 5179.47 -2.93231e-10 -0
1951.29 6 8030.86 -1.36594e-10 -0
1951.29 6 12452 -6.12391e-11 -0
1951.29 6 19307 -2.67689e-11 -0
1951.29 6 29935.8 -1.12641e-11 -0
1951.29 6 46415.9 -4.51471e-12 -0
1951.29 6 71968.6 -1.65254e-12 -0
1951.29 6 111588 -4.09612e-13 -0
1951.29 6 173020 -6.20239e-14 -0
1951.29 6 268270 6.143e-14 -0
1951.29 6 415956 7.47361e-14 -0
1951.29 6 644947 5.82605e-14 -0
1951.29 6 1e+06 1.68485e-14 -0

4757.94 6 1e-06 -0.31586 -0
4757.94 6 1.55052e-06 -0.203713 -0
4757.94 6 2.4041e-06 -0.131384 -0
4757.94 6 3.72759e-06 -0.0847356 -0
4757.94 6 5.77969e-06 -0.0546499 -0
4757.94 6 8.96151e-06 -0.0352463 -0
4757.94 6 1.3895e-05 -0.022732 -0
4757.94 6 2.15443e-05 -0.0146609 -0
4757.94 6 3.34048e-05 -0.00945552 -0
4757.94 6 5.17947e-05 -0.00609831 -0
4757.94 6 8.03086e-05 -0.00393309 -0
4757.94 6 0.00012452 -0.00253663 -0
4757.94 6 0.00019307 -0.001636 -0
4757.94 6 0.000299358 -0.00105513 -0
4757.94 6 0.000464159 -0.000680508 -0
4757.94 6 0.000719686 -0.000438894 -0
4757.94 6 0.00111588 -0.000283066 -0
4757.94 6 0.0017302 -0.000182566 -0
4757.94 6 0.0026827 -0.000117748 -0
4757.94 6 0.00415956 -7.59444e-05 -0
4757.94 6 0.00644947 -4.89831e-05 -0
4757.94 6 0.01 -3.15946e-05 -0
4757.94 6 0.0155052 -2.03799e-05 -0
4757.94 6 0.024041 -1.31471e-05 -0
4757.94 6 0.0372759 -8.48244e-06 -0
4757.94 6 0.0577969 -5.47406e-06 -0
4757.94 6 0.0896151 -3.53395e-06 -0
4757.94 6 0.13895 -2.28284e-06 -0
4757.94 6 0.215443 -1.47609e-06 -0
4757.94 6 0.334048 -9.55842e-07 -0
4757.94 6 0.517947 -6.20144e-07 -0
4757.94 6 0.803086 -4.03119e-07 -0
4757.94 6 1.2452 -2.6257e-07 -0
4757.94 6 1.9307 -1.72032e-07 -0
4757.94 6 2.99358 -1.14124e-07 -0
4757.94 6 4.64159 -7.54591e-08 -0
4757.94 6 7.19686 -4.95925e-08 -0
4757.94 6 11.1588 -3.40805e-08 -0
4757.94 6 17.302 -2.29486e-08 -0
4757.94 6 26.827 -1.50955e-08 -0
4757.94 6 41.5956 -1.0688e-08 -0
4757.94 6 64.4947 -7.83461e-09 -0
4757.94 6 100 -5.89394e-09 -0
4757.94 6 155.052 -4.55478e-09 -0
4757.94 6 240.41 -3.52533e-09 -0
4757.94 6 372.759 -2.69153e-09 -0
4757.94 6 577.969 -2.01983e-09 -0
4757.94 6 896.151 -1.42358e-09 -0
4757.94 6 1389.5 -9.21516e-10 -0
4757.94 6 2154.43 -5.57358e-10 -0
4757.94 6 3340.48 -3.17456e-10 -0
4757.94 6 5179.47 -1.70131e-10 -0
4757.94 6 8030.86 -8.45435e-11 -0
4757.94 6 12452 -3.9266e-11 -0
4757.94 6 19307 -1.73406e-11 -0
4757.94 6 29935.8 -7.27309e-12 -0
4757.94 6 46415.9 -2.88601e-12 -0
4757.94 6 71968.6 -1.05753e-12 -0
4757.94 6 111588 -2.99909e-13 -0
4757.94 6 173020 -6.82985e-14 -0
4757.94 6 268270 1.18485e-14 -0
4757.94 6 415956 2.67289e-14 -0
4757.94 6 644947 2.28472e-14 -0
4757.94 6 1e+06 6.68879e-15 -0

11601.6 6 1e-06 -0.0956444 -0
11601.6 6 1.55052e-06 -0.0616856 -0
11601.6 6 2.4041e-06 -0.0397839 -0
11601.6 6 3.72759e-06 -0.0256585 -0
11601.6 6 5.77969e-06 -0.0165484 -0
11601.6 6 8.96151e-06 -0.0106728 -0
11601.6 6 1.3895e-05 -0.00688339 -0
11601.6 6 2.15443e-05 -0.00443942 -0
11601.6 6 3.34048e-05 -0.00286319 -0
11601.6 6 5.17947e-05 -0.00184661 -0
11601.6 6 8.03086e-05 -0.00119096 -0
11601.6 6 0.00012452 -0.000768108 -0
11601.6 6 0.00019307 -0.000495389 -0
11601.6 6 0.000299358 -0.0003195 -0
11601.6 6 0.000464159 -0.000206061 -0
11601.6 6 0.000719686 -0.000132899 -0
11601.6 6 0.00111588 -8.57132e-05 -0
11601.6 6 0.0017302 -5.52809e-05 -0
11601.6 6 0.0026827 -3.56537e-05 -0
11601.6 6 0.00415956 -2.29953e-05 -0
11601.6 6 0.00644947 -1.48312e-05 -0
11601.6 6 0.01 -9.56584e-06 -0
11601.6 6 0.0155052 -6.16997e-06 -0
11601.6 6 0.024041 -3.97981e-06 -0
11601.6 6 0.0372759 -2.5673e-06 -0
11601.6 6 0.0577969 -1.65631e-06 -0
11601.6 6 0.0896151 -1.0688e-06 -0
11601.6 6 0.13895 -6.89912e-07 -0
11601.6 6 0.215443 -4.45575e-07 -0
11601.6 6 0.334048 -2.88002e-07 -0
11601.6 6 0.517947 -1.86348e-07 -0
11601.6 6 0.803086 -1.20702e-07 -0
11601.6 6 1.2452 -7.82666e-08 -0
11601.6 6 1.9307 -5.09164e-08 -0
11601.6 6 2.99358 -3.33601e-08 -0
11601.6 6 4.64159 -2.18175e-08 -0
11601.6 6 7.19686 -1.42144e-08 -0
11601.6 6 11.1588 -9.51153e-09 -0
11601.6 6 17.302 -6.28981e-09 -0
11601.6 6 26.827 -4.09369e-09 -0
11601.6 6 41.5956 -2.79565e-09 -0
11601.6 6 64.4947 -1.96327e-09 -0
11601.6 6 100 -1.41518e-09 -0
11601.6 6 155.052 -1.05665e-09 -0
11601.6 6 240.41 -8.09897e-10 -0
11601.6 6 372.759 -6.28803e-10 -0
11601.6 6 577.969 -4.94761e-10 -0
11601.6 6 896.151 -3.82585e-10 -0
11601.6 6 1389.5 -2.81823e-10 -0
11601.6 6 2154.43 -1.97733e-10 -0
11601.6 6 3340.48 -1.31249e-10 -0
11601.6 6 5179.47 -8.12728e-11 -0
11601.6 6 8030.86 -4.58482e-11 -0
11601.6 6 12452 -2.34885e-11 -0
11601.6 6 19307 -1.11128e-11 -0
11601.6 6 29935.8 -4.88468e-12 -0
11601.6 6 46415.9 -1.99867e-12 -0
11601.6 6 71968.6 -7.54606e-13 -0
11601.6 6 111588 -2.40277e-13 -0
11601.6 6 173020 -6.74942e-14 -0
11601.6 6 268270 -7.7536e-15 -0
11601.6 6 415956 7.19012e-15 -0
11601.6 6 644947 8.35238e-15 -0
11601.6 6 1e+06 2.52703e-15 -0

28288.7 6 1e-06 -0.02753 -0
28288.7 6 1.55052e-06 -0.0177554 -0
28288.7 6 2.4041e-06 -0.0114513 -0
28288.7 6 3.72759e-06 -0.00738547 -0
28288.7 6 5.77969e-06 -0.00476324 -0
28288.7 6 8.96151e-06 -0.00307203 -0
28288.7 6 1.3895e-05 -0.0019813 -0
28288.7 6 2.15443e-05 -0.00127783 -0
28288.7 6 3.34048e-05 -0.000824133 -0
28288.7 6 5.17947e-05 -0.000531522 -0
28288.7 6 8.03086e-05 -0.000342804 -0
28288.7 6 0.00012452 -0.00022109 -0
28288.7 6 0.00019307 -0.000142591 -0
28288.7 6 0.000299358 -9.19639e-05 -0
28288.7 6 0.000464159 -5.93119e-05 -0
28288.7 6 0.000719686 -3.82531e-05 -0
28288.7 6 0.00111588 -2.46713e-05 -0
28288.7 6 0.0017302 -1.59117e-05 -0
28288.7 6 0.0026827 -1.02623e-05 -0
28288.7 6 0.00415956 -6.61872e-06 -0
28288.7 6 0.00644947 -4.2688e-06 -0
28288.7 6 0.01 -2.75323e-06 -0
28288.7 6 0.0155052 -1.77577e-06 -0
28288.7 6 0.024041 -1.14536e-06 -0
28288.7 6 0.0372759 -7.38784e-07 -0
28288.7 6 0.0577969 -4.76565e-07 -0
28288.7 6 0.0896151 -3.07452e-07 -0
28288.7 6 0.13895 -1.98387e-07 -0
28288.7 6 0.215443 -1.2805e-07 -0
28288.7 6 0.334048 -8.2689e-08 -0
28288.7 6 0.517947 -5.34288e-08 -0
28288.7 6 0.803086 -3.45434e-08 -0
28288.7 6 1.2452 -2.23471e-08 -0
28288.7 6 1.9307 -1.44843e-08 -0
28288.7 6 2.99358 -9.42728e-09 -0
28288.7 6 4.64159 -6.12897e-09 -0
28288.7 6 7.19686 -3.97485e-09 -0
28288.7 6 11.1588 -2.6196e-09 -0
28288.7 6 17.302 -1.71387e-09 -0
28288.7 6 26.827 -1.10945e-09 -0
28288.7 6 41.5956 -7.40106e-10 -0
28288.7 6 64.4947 -5.03208e-10 -0
28288.7 6 100 -3.48994e-10 -0
28288.7 6 155.052 -2.4957e-10 -0
28288.7 6 240.41 -1.84166e-10 -0
28288.7 6 372.759 -1.3938e-10 -0
28288.7 6 577.969 -1.09029e-10 -0
28288.7 6 896.151 -8.69962e-11 -0
28288.7 6 1389.5 -6.88439e-11 -0
28288.7 6 2154.43 -5.36343e-11 -0
28288.7 6 3340.48 -4.05667e-11 -0
28288.7 6 5179.47 -2.90809e-11 -0
28288.7 6 8030.86 -1.90978e-11 -0
28288.7 6 12452 -1.13018e-11 -0
28288.7 6 19307 -6.06641e-12 -0
28288.7 6 29935.8 -2.96357e-12 -0
28288.7 6 46415.9 -1.32071e-12 -0
28288.7 6 71968.6 -5.36621e-13 -0
28288.7 6 111588 -1.90435e-13 -0
28288.7 6 173020 -6.08937e-14 -0
28288.7 6 268270 -1.43545e-14 -0
28288.7 6 415956 -5.14538e-16 -0
28288.7 6 644947 2.46945e-15 -0
28288.7 6 1e+06 8.31231e-16 -0

68977.9 6 1e-06 -0.00739579 -0
68977.9 6 1.55052e-06 -0.00476989 -0
68977.9 6 2.4041e-06 -0.00307632 -0
68977.9 6 3.72759e-06 -0.00198407 -0
68977.9 6 5.77969e-06 -0.00127962 -0
68977.9 6 8.96151e-06 -0.000825284 -0
68977.9 6 1.3895e-05 -0.000532264 -0
68977.9 6 2.15443e-05 -0.000343282 -0
68977.9 6 3.34048e-05 -0.000221399 -0
68977.9 6 5.17947e-05 -0.00014279 -0
68977.9 6 8.03086e-05 -9.20922e-05 -0
68977.9 6 0.00012452 -5.93946e-05 -0
68977.9 6 0.00019307 -3.83063e-05 -0
68977.9 6 0.000299358 -2.47056e-05 -0
68977.9 6 0.000464159 -1.59338e-05 -0
68977.9 6 0.000719686 -1.02765e-05 -0
68977.9 6 0.00111588 -6.62778e-06 -0
68977.9 6 0.0017302 -4.27458e-06 -0
68977.9 6 0.0026827 -2.75689e-06 -0
68977.9 6 0.00415956 -1.77806e-06 -0
68977.9 6 0.00644947 -1.14677e-06 -0
68977.9 6 0.01 -7.39615e-07 -0
68977.9 6 0.0155052 -4.77026e-07 -0
68977.9 6 0.024041 -3.0767e-07 -0
68977.9 6 0.0372759 -1.98444e-07 -0
68977.9 6 0.0577969 -1.28e-07 -0
68977.9 6 0.0896151 -8.25682e-08 -0
68977.9 6 0.13895 -5.32677e-08 -0
68977.9 6 0.215443 -3.43711e-08 -0
68977.9 6 0.334048 -2.21842e-08 -0
68977.9 6 0.517947 -1.43235e-08 -0
68977.9 6 0.803086 -9.25146e-09 -0
68977.9 6 1.2452 -5.97754e-09 -0
68977.9 6 1.9307 -3.86657e-09 -0
68977.9 6 2.99358 -2.50748e-09 -0
68977.9 6 4.64159 -1.62476e-09 -0
68977.9 6 7.19686 -1.05093e-09 -0
68977.9 6 11.1588 -6.86576e-10 -0
68977.9 6 17.302 -4.46265e-10 -0
68977.9 6 26.827 -2.87841e-10 -0
68977.9 6 41.5956 -1.89151e-10 -0
68977.9 6 64.4947 -1.25759e-10 -0
68977.9 6 100 -8.46707e-11 -0
68977.9 6 155.052 -5.82474e-11 -0
68977.9 6 240.41 -4.11039e-11 -0
68977.9 6 372.759 -2.97185e-11 -0
68977.9 6 577.969 -2.22967e-11 -0
68977.9 6 896.151 -1.73702e-11 -0
68977.9 6 1389.5 -1.37912e-11 -0
68977.9 6 2154.43 -1.11069e-11 -0
68977.9 6 3340.48 -8.98013e-12 -0
68977.9 6 5179.47 -7.12871e-12 -0
68977.9 6 8030.86 -5.36906e-12 -0
68977.9 6 12452 -3.73233e-12 -0
68977.9 6 19307 -2.37328e-12 -0
68977.9 6 29935.8 -1.3666e-12 -0
68977.9 6 46415.9 -7.0756e-13 -0
68977.9 6 71968.6 -3.28296e-13 -0
68977.9 6 111588 -1.33019e-13 -0
68977.9 6 173020 -4.80263e-14 -0
68977.9 6 268270 -1.45259e-14 -0
68977.9 6 415956 -3.09338e-15 -0
68977.9 6 644947 1.78714e-16 -0
68977.9 6 1e+06 1.58236e-16 -0

168192 6 1e-06 -0.00183209 -0
168192 6 1.55052e-06 -0.0011816 -0
168192 6 2.4041e-06 -0.00076207 -0
168192 6 3.72759e-06 -0.000491495 -0
168192 6 5.77969e-06 -0.000316988 -0
168192 6 8.96151e-06 -0.00020444 -0
168192 6 1.3895e-05 -0.000131853 -0
168192 6 2.15443e-05 -8.50382e-05 -0
168192 6 3.34048e-05 -5.48451e-05 -0
168192 6 5.17947e-05 -3.53722e-05 -0
168192 6 8.03086e-05 -2.28132e-05 -0
168192 6 0.00012452 -1.47133e-05 -0
168192 6 0.00019307 -9.48928e-06 -0
168192 6 0.000299358 -6.12008e-06 -0
168192 6 0.000464159 -3.94713e-06 -0
168192 6 0.000719686 -2.54569e-06 -0
168192 6 0.00111588 -1.64184e-06 -0
168192 6 0.0017302 -1.0589e-06 -0
168192 6 0.0026827 -6.82935e-07 -0
168192 6 0.00415956 -4.40459e-07 -0
168192 6 0.00644947 -2.84075e-07 -0
168192 6 0.01 -1.83215e-07 -0
168192 6 0.0155052 -1.18166e-07 -0
168192 6 0.024041 -7.62129e-08 -0
168192 6 0.0372759 -4.91555e-08 -0
168192 6 0.0577969 -3.17049e-08 -0
168192 6 0.0896151 -2.04504e-08 -0
168192 6 0.13895 -1.31919e-08 -0
168192 6 0.215443 -8.51069e-09 -0
168192 6 0.334048 -5.49161e-09 -0
168192 6 0.517947 -3.54435e-09 -0
168192 6 0.803086 -2.28807e-09 -0
168192 6 1.2452 -1.47739e-09 -0
168192 6 1.9307 -9.54634e-10 -0
168192 6 2.99358 -6.17885e-10 -0
168192 6 4.64159 -3.99661e-10 -0
168192 6 7.19686 -2.58156e-10 -0
168192 6 11.1588 -1.67859e-10 -0
168192 6 17.302 -1.08728e-10 -0
168192 6 26.827 -7.0011e-11 -0
168192 6 41.5956 -4.56296e-11 -0
168192 6 64.4947 -2.99506e-11 -0
168192 6 100 -1.98064e-11 -0
168192 6 155.052 -1.32813e-11 -0
168192 6 240.41 -9.06329e-12 -0
168192 6 372.759 -6.2948e-12 -0
168192 6 577.969 -4.508e-12 -0
168192 6 896.151 -3.35421e-12 -0
168192 6 1389.5 -2.56762e-12 -0
168192 6 2154.43 -2.02414e-12 -0
168192 6 3340.48 -1.63947e-12 -0
168192 6 5179.47 -1.34673e-12 -0
168192 6 8030.86 -1.09423e-12 -0
168192 6 12452 -8.54082e-13 -0
168192 6 19307 -6.30668e-13 -0
168192 6 29935.8 -4.32115e-13 -0
168192 6 46415.9 -2.69173e-13 -0
168192 6 71968.6 -1.49741e-13 -0
168192 6 111588 -7.20719e-14 -0
168192 6 173020 -3.03111e-14 -0
168192 6 268270 -1.09915e-14 -0
168192 6 415956 -3.22611e-15 -0
168192 6 644947 -5.50346e-16 -0
168192 6 1e+06 -7.7261e-17 -0

410113 6 1e-06 -0.000416208 -0
410113 6 1.55052e-06 -0.000268432 -0
410113 6 2.4041e-06 -0.000173124 -0
410113 6 3.72759e-06 -0.000111656 -0
410113 6 5.77969e-06 -7.20121e-05 -0
410113 6 8.96151e-06 -4.64439e-05 -0
410113 6 1.3895e-05 -2.99539e-05 -0
410113 6 2.15443e-05 -1.93186e-05 -0
410113 6 3.34048e-05 -1.24595e-05 -0
410113 6 5.17947e-05 -8.03571e-06 -0
410113 6 8.03086e-05 -5.18261e-06 -0
410113 6 0.00012452 -3.3425e-06 -0
410113 6 0.00019307 -2.15574e-06 -0
410113 6 0.000299358 -1.39034e-06 -0
410113 6 0.000464159 -8.96693e-07 -0
410113 6 0.000719686 -5.78319e-07 -0
410113 6 0.00111588 -3.72986e-07 -0
410113 6 0.0017302 -2.40556e-07 -0
410113 6 0.0026827 -1.55146e-07 -0
410113 6 0.00415956 -1.00061e-07 -0
410113 6 0.00644947 -6.45345e-08 -0
410113 6 0.01 -4.16217e-08 -0
410113 6 0.0155052 -2.68441e-08 -0
410113 6 0.024041 -1.73133e-08 -0
410113 6 0.0372759 -1.11665e-08 -0
410113 6 0.0577969 -7.20218e-09 -0
410113 6 0.0896151 -4.6454e-09 -0
410113 6 0.13895 -2.99643e-09 -0
410113 6 0.215443 -1.93296e-09 -0
410113 6 0.334048 -1.24708e-09 -0
410113 6 0.517947 -8.04711e-10 -0
410113 6 0.803086 -5.19337e-10 -0
410113 6 1.2452 -3.35211e-10 -0
410113 6 1.9307 -2.16474e-10 -0
410113 6 2.99358 -1.39963e-10 -0
410113 6 4.64159 -9.04432e-11 -0
410113 6 7.19686 -5.83771e-11 -0
410113 6 11.1588 -3.78588e-11 -0
410113 6 17.302 -2.44751e-11 -0
410113 6 26.827 -1.57456e-11 -0
410113 6 41.5956 -1.02148e-11 -0
410113 6 64.4947 -6.65552e-12 -0
410113 6 100 -4.35472e-12 -0
410113 6 155.052 -2.87404e-12 -0
410113 6 240.41 -1.91796e-12 -0
410113 6 372.759 -1.29372e-12 -0
410113 6 577.969 -8.91705e-13 -0
410113 6 896.151 -6.33772e-13 -0
410113 6 1389.5 -4.62176e-13 -0
410113 6 2154.43 -3.47663e-13 -0
410113 6 3340.48 -2.71178e-13 -0
410113 6 5179.47 -2.18817e-13 -0
410113 6 8030.86 -1.80246e-13 -0
410113 6 12452 -1.47747e-13 -0
410113 6 19307 -1.18946e-13 -0
410113 6 29935.8 -9.23717e-14 -0
410113 6 46415.9 -6.74555e-14 -0
410113 6 71968.6 -4.49784e-14 -0
410113 6 111588 -2.62408e-14 -0
410113 6 173020 -1.33882e-14 -0
410113 6 268270 -5.92046e-15 -0
410113 6 415956 -2.15241e-15 -0
410113 6 644947 -5.54896e-16 -0
410113 6 1e+06 -1.12854e-16 -0

1e+06 6 1e-06 -8.61227e-05 -0
1e+06 6 1.55052e-06 -5.55446e-05 -0
1e+06 6 2.4041e-06 -3.58233e-05 -0
1e+06 6 3.72759e-06 -2.31041e-05 -0
1e+06 6 5.77969e-06 -1.49009e-05 -0
1e+06 6 8.96151e-06 -9.6103e-06 -0
1e+06 6 1.3895e-05 -6.19813e-06 -0
1e+06 6 2.15443e-05 -3.99746e-06 -0
1e+06 6 3.34048e-05 -2.57815e-06 -0
1e+06 6 5.17947e-05 -1.66277e-06 -0
1e+06 6 8.03086e-05 -1.0724e-06 -0
1e+06 6 0.00012452 -6.91639e-07 -0
1e+06 6 0.00019307 -4.46071e-07 -0
1e+06 6 0.000299358 -2.87692e-07 -0
1e+06 6 0.000464159 -1.85546e-07 -0
1e+06 6 0.000719686 -1.19667e-07 -0
1e+06 6 0.00111588 -7.71791e-08 -0
1e+06 6 0.0017302 -4.97764e-08 -0
1e+06 6 0.0026827 -3.21032e-08 -0
1e+06 6 0.00415956 -2.07049e-08 -0
1e+06 6 0.00644947 -1.33536e-08 -0
1e+06 6 0.01 -8.61242e-09 -0
1e+06 6 0.0155052 -5.5546e-09 -0
1e+06 6 0.024041 -3.58248e-09 -0
1e+06 6 0.0372759 -2.31056e-09 -0
1e+06 6 0.0577969 -1.49025e-09 -0
1e+06 6 0.0896151 -9.6119e-10 -0
1e+06 6 0.13895 -6.1998e-10 -0
1e+06 6 0.215443 -3.99921e-10 -0
1e+06 6 0.334048 -2.57997e-10 -0
1e+06 6 0.517947 -1.6646e-10 -0
1e+06 6 0.803086 -1.07412e-10 -0
1e+06 6 1.2452 -6.93166e-11 -0
1e+06 6 1.9307 -4.47497e-11 -0
1e+06 6 2.99358 -2.89168e-11 -0
1e+06 6 4.64159 -1.8676e-11 -0
1e+06 6 7.19686 -1.20497e-11 -0
1e+06 6 11.1588 -7.80339e-12 -0
1e+06 6 17.302 -5.03944e-12 -0
1e+06 6 26.827 -3.24041e-12 -0
1e+06 6 41.5956 -2.09683e-12 -0
1e+06 6 64.4947 -1.3606e-12 -0
1e+06 6 100 -8.84903e-13 -0
1e+06 6 155.052 -5.7866e-13 -0
1e+06 6 240.41 -3.80992e-13 -0
1e+06 6 372.759 -2.5225e-13 -0
1e+06 6 577.969 -1.69367e-13 -0
1e+06 6 896.151 -1.16236e-13 -0
1e+06 6 1389.5 -8.12072e-14 -0
1e+06 6 2154.43 -5.81097e-14 -0
1e+06 6 3340.48 -4.29786e-14 -0
1e+06 6 5179.47 -3.30462e-14 -0
1e+06 6 8030.86 -2.6355e-14 -0
1e+06 6 12452 -2.13633e-14 -0
1e+06 6 19307 -1.74685e-14 -0
1e+06 6 29935.8 -1.42556e-14 -0
1e+06 6 46415.9 -1.13695e-14 -0
1e+06 6 71968.6 -8.62511e-15 -0
1e+06 6 111588 -5.96266e-15 -0
1e+06 6 173020 -3.70414e-15 -0
1e+06 6 268270 -2.01494e-15 -0
1e+06 6 415956 -8.9478e-16 -0
1e+06 6 644947 -2.84763e-16 -0
1e+06 6 1e+06 -6.36287e-17 -0

