#q_sq i k_sq Re(fg) Im(fg)
1e-06 1 1e-06 -3.53184e+09 0
1e-06 1 1.55052e-06 -2.27784e+09 0
1e-06 1 2.4041e-06 -1.46907e+09 0
1e-06 1 3.72759e-06 -9.47462e+08 0
1e-06 1 5.77969e-06 -6.11052e+08 0
1e-06 1 8.96151e-06 -3.94086e+08 0
1e-06 1 1.3895e-05 -2.54154e+08 0
1e-06 1 2.15443e-05 -1.63905e+08 0
1e-06 1 3.34048e-05 -1.05699e+08 0
1e-06 1 5.17947e-05 -6.816e+07 0
1e-06 1 8.03086e-05 -4.3949e+07 0
1e-06 1 0.00012452 -2.83342e+07 0
1e-06 1 0.00019307 -1.82635e+07 0
1e-06 1 0.000299358 -1.17685e+07 0
1e-06 1 0.000464159 -7.57954e+06 0
1e-06 1 0.000719686 -4.87792e+06 0
1e-06 1 0.00111588 -3.13555e+06 0
1e-06 1 0.0017302 -2.01186e+06 0
1e-06 1 0.0026827 -1.28723e+06 0
1e-06 1 0.00415956 -820000 0
1e-06 1 0.00644947 -518849 0
1e-06 1 0.01 -324905 0
1e-06 1 0.0155052 -200246 0
1e-06 1 0.024041 -120472 0
1e-06 1 0.0372759 -69922.1 0
1e-06 1 0.0577969 -38574.2 0
1e-06 1 0.0896151 -19989.3 0
1e-06 1 0.13895 -9938.8 0
1e-06 1 0.215443 -5430.33 0
1e-06 1 0.334048 -4004.27 0
1e-06 1 0.517947 -3583.7 0
1e-06 1 0.803086 -2870.63 0
1e-06 1 1.2452 -1691.82 0
1e-06 1 1.9307 -690.645 0
1e-06 1 2.99358 -216.493 0
1e-06 1 4.64159 -39.1109 0
1e-06 1 7.19686 -6.11507 0
1e-06 1 11.1588 -2.35186 0
1e-06 1 17.302 -0.364582 0
1e-06 1 26.827 -0.0371643 0
1e-06 1 41.5956 -0.00876992 0
1e-06 1 64.4947 -0.00262997 0
1e-06 1 100 -0.000833872 0
1e-06 1 155.052 -0.000342066 0
1e-06 1 240.41 -0.000116273 0
1e-06 1 372.759 -3.31173e-05 0
1e-06 1 577.969 -1.25227e-05 0
1e-06 1 896.151 -5.30401e-06 0
1e-06 1 1389.5 -1.59406e-06 0
1e-06 1 2154.43 -5.21861e-07 0
1e-06 1 3340.48 -1.94835e-07 0
1e-06 1 5179.47 -7.24657e-08 0
1e-06 1 8030.86 -2.63799e-08 0
1e-06 1 12452 -8.21947e-09 0
1e-06 1 19307 -2.75419e-09 0
1e-06 1 29935.8 -1.0312e-09 0
1e-06 1 46415.9 -3.90448e-10 0
1e-06 1 71968.6 -1.50609e-10 0
1e-06 1 111588 -6.06734e-11 0
1e-06 1 173020 -2.11603e-11 0
1e-06 1 268270 -7.8696e-12 0
1e-06 1 415956 -2.67949e-12 0
1e-06 1 644947 -7.8898e-13 0
1e-06 1 1e+06 -9.47459e-14 0

2.43835e-06 1 1e-06 -1.44845e+09 0
2.43835e-06 1 1.55052e-06 -9.34168e+08 0
2.43835e-06 1 2.4041e-06 -6.02484e+08 0
2.43835e-06 1 3.72759e-06 -3.88566e+08 0
2.43835e-06 1 5.77969e-06 -2.506e+08 0
2.43835e-06 1 8.96151e-06 -1.61619e+08 0
2.43835e-06 1 1.3895e-05 -1.04232e+08 0
2.43835e-06 1 2.15443e-05 -6.72195e+07 0
2.43835e-06 1 3.34048e-05 -4.33486e+07 0
2.43835e-06 1 5.17947e-05 -2.79532e+07 0
2.43835e-06 1 8.03086e-05 -1.8024e+07 0
2.43835e-06 1 0.00012452 -1.16202e+07 0
2.43835e-06 1 0.00019307 -7.4901e+06 0
2.43835e-06 1 0.000299358 -4.8264e+06 0
2.43835e-06 1 0.000464159 -3.10846e+06 0
2.43835e-06 1 0.000719686 -2.00049e+06 0
2.43835e-06 1 0.00111588 -1.28593e+06 0
2.43835e-06 1 0.0017302 -825090 0
2.43835e-06 1 0.0026827 -527908 0
2.43835e-06 1 0.00415956 -336292 0
2.43835e-06 1 0.00644947 -212786 0
2.43835e-06 1 0.01 -133247 0
2.43835e-06 1 0.0155052 -82123.3 0
2.43835e-06 1 0.024041 -49407 0
2.43835e-06 1 0.0372759 -28675.8 0
2.43835e-06 1 0.0577969 -15819.6 0
2.43835e-06 1 0.0896151 -8197.74 0
2.43835e-06 1 0.13895 -4075.93 0
2.43835e-06 1 0.215443 -2226.97 0
2.43835e-06 1 0.334048 -1642.15 0
2.43835e-06 1 0.517947 -1469.69 0
2.43835e-06 1 0.803086 -1177.27 0
2.43835e-06 1 1.2452 -693.833 0
2.43835e-06 1 1.9307 -283.241 0
2.43835e-06 1 2.99358 -88.7865 0
2.43835e-06 1 4.64159 -16.0398 0
2.43835e-06 1 7.19686 -2.50786 0
2.43835e-06 1 11.1588 -0.964528 0
2.43835e-06 1 17.302 -0.149519 0
2.43835e-06 1 26.827 -0.0152414 0
2.43835e-06 1 41.5956 -0.00359663 0
2.43835e-06 1 64.4947 -0.00107858 0
2.43835e-06 1 100 -0.000341979 0
2.43835e-06 1 155.052 -0.000140285 0
2.43835e-06 1 240.41 -4.76849e-05 0
2.43835e-06 1 372.759 -1.35818e-05 0
2.43835e-06 1 577.969 -5.1357e-06 0
2.43835e-06 1 896.151 -2.17524e-06 0
2.43835e-06 1 1389.5 -6.53743e-07 0
2.43835e-06 1 2154.43 -2.14022e-07 0
2.43835e-06 1 3340.48 -7.99041e-08 0
2.43835e-06 1 5179.47 -2.97191e-08 0
2.43835e-06 1 8030.86 -1.08187e-08 0
2.43835e-06 1 12452 -3.37091e-09 0
2.43835e-06 1 19307 -1.12953e-09 0
2.43835e-06 1 29935.8 -4.22908e-10 0
2.43835e-06 1 46415.9 -1.60128e-10 0
2.43835e-06 1 71968.6 -6.17665e-11 0
2.43835e-06 1 111588 -2.48829e-11 0
2.43835e-06 1 173020 -8.6781e-12 0
2.43835e-06 1 268270 -3.22742e-12 0
2.43835e-06 1 415956 -1.09889e-12 0
2.43835e-06 1 644947 -3.23571e-13 0
2.43835e-06 1 1e+06 -3.88565e-14 0

5.94557e-06 1 1e-06 -5.94026e+08 0
5.94557e-06 1 1.55052e-06 -3.83114e+08 0
5.94557e-06 1 2.4041e-06 -2.47086e+08 0
5.94557e-06 1 3.72759e-06 -1.59356e+08 0
5.94557e-06 1 5.77969e-06 -1.02774e+08 0
5.94557e-06 1 8.96151e-06 -6.6282e+07 0
5.94557e-06 1 1.3895e-05 -4.27466e+07 0
5.94557e-06 1 2.15443e-05 -2.75675e+07 0
5.94557e-06 1 3.34048e-05 -1.77778e+07 0
5.94557e-06 1 5.17947e-05 -1.1464e+07 0
5.94557e-06 1 8.03086e-05 -7.39187e+06 0
5.94557e-06 1 0.00012452 -4.76559e+06 0
5.94557e-06 1 0.00019307 -3.07178e+06 0
5.94557e-06 1 0.000299358 -1.97936e+06 0
5.94557e-06 1 0.000464159 -1.27482e+06 0
5.94557e-06 1 0.000719686 -820426 0
5.94557e-06 1 0.00111588 -527373 0
5.94557e-06 1 0.0017302 -338379 0
5.94557e-06 1 0.0026827 -216501 0
5.94557e-06 1 0.00415956 -137917 0
5.94557e-06 1 0.00644947 -87265.9 0
5.94557e-06 1 0.01 -54646.2 0
5.94557e-06 1 0.0155052 -33679.6 0
5.94557e-06 1 0.024041 -20262.3 0
5.94557e-06 1 0.0372759 -11760.2 0
5.94557e-06 1 0.0577969 -6487.69 0
5.94557e-06 1 0.0896151 -3361.88 0
5.94557e-06 1 0.13895 -1671.49 0
5.94557e-06 1 0.215443 -913.233 0
5.94557e-06 1 0.334048 -673.415 0
5.94557e-06 1 0.517947 -602.709 0
5.94557e-06 1 0.803086 -482.8 0
5.94557e-06 1 1.2452 -284.546 0
5.94557e-06 1 1.9307 -116.16 0
5.94557e-06 1 2.99358 -36.4123 0
5.94557e-06 1 4.64159 -6.57811 0
5.94557e-06 1 7.19686 -1.0285 0
5.94557e-06 1 11.1588 -0.395563 0
5.94557e-06 1 17.302 -0.0613193 0
5.94557e-06 1 26.827 -0.0062506 0
5.94557e-06 1 41.5956 -0.00147499 0
5.94557e-06 1 64.4947 -0.000442331 0
5.94557e-06 1 100 -0.000140248 0
5.94557e-06 1 155.052 -5.75321e-05 0
5.94557e-06 1 240.41 -1.9556e-05 0
5.94557e-06 1 372.759 -5.57003e-06 0
5.94557e-06 1 577.969 -2.10621e-06 0
5.94557e-06 1 896.151 -8.9209e-07 0
5.94557e-06 1 1389.5 -2.68108e-07 0
5.94557e-06 1 2154.43 -8.77728e-08 0
5.94557e-06 1 3340.48 -3.27696e-08 0
5.94557e-06 1 5179.47 -1.21882e-08 0
5.94557e-06 1 8030.86 -4.43689e-09 0
5.94557e-06 1 12452 -1.38245e-09 0
5.94557e-06 1 19307 -4.63233e-10 0
5.94557e-06 1 29935.8 -1.7344e-10 0
5.94557e-06 1 46415.9 -6.56705e-11 0
5.94557e-06 1 71968.6 -2.53312e-11 0
5.94557e-06 1 111588 -1.02048e-11 0
5.94557e-06 1 173020 -3.559e-12 0
5.94557e-06 1 268270 -1.32361e-12 0
5.94557e-06 1 415956 -4.5067e-13 0
5.94557e-06 1 644947 -1.32701e-13 0
5.94557e-06 1 1e+06 -1.59355e-14 0

1.44974e-05 1 1e-06 -2.43616e+08 0
1.44974e-05 1 1.55052e-06 -1.57119e+08 0
1.44974e-05 1 2.4041e-06 -1.01333e+08 0
1.44974e-05 1 3.72759e-06 -6.53534e+07 0
1.44974e-05 1 5.77969e-06 -4.21487e+07 0
1.44974e-05 1 8.96151e-06 -2.7183e+07 0
1.44974e-05 1 1.3895e-05 -1.75308e+07 0
1.44974e-05 1 2.15443e-05 -1.13057e+07 0
1.44974e-05 1 3.34048e-05 -7.29086e+06 0
1.44974e-05 1 5.17947e-05 -4.70149e+06 0
1.44974e-05 1 8.03086e-05 -3.03148e+06 0
1.44974e-05 1 0.00012452 -1.95442e+06 0
1.44974e-05 1 0.00019307 -1.25977e+06 0
1.44974e-05 1 0.000299358 -811758 0
1.44974e-05 1 0.000464159 -522816 0
1.44974e-05 1 0.000719686 -336465 0
1.44974e-05 1 0.00111588 -216281 0
1.44974e-05 1 0.0017302 -138773 0
1.44974e-05 1 0.0026827 -88789.3 0
1.44974e-05 1 0.00415956 -56561.1 0
1.44974e-05 1 0.00644947 -35788.5 0
1.44974e-05 1 0.01 -22410.8 0
1.44974e-05 1 0.0155052 -13812.2 0
1.44974e-05 1 0.024041 -8309.63 0
1.44974e-05 1 0.0372759 -4822.83 0
1.44974e-05 1 0.0577969 -2660.55 0
1.44974e-05 1 0.0896151 -1378.63 0
1.44974e-05 1 0.13895 -685.402 0
1.44974e-05 1 0.215443 -374.453 0
1.44974e-05 1 0.334048 -276.124 0
1.44974e-05 1 0.517947 -247.149 0
1.44974e-05 1 0.803086 -197.99 0
1.44974e-05 1 1.2452 -116.692 0
1.44974e-05 1 1.9307 -47.6377 0
1.44974e-05 1 2.99358 -14.933 0
1.44974e-05 1 4.64159 -2.69773 0
1.44974e-05 1 7.19686 -0.421794 0
1.44974e-05 1 11.1588 -0.162224 0
1.44974e-05 1 17.302 -0.0251474 0
1.44974e-05 1 26.827 -0.00256334 0
1.44974e-05 1 41.5956 -0.000604885 0
1.44974e-05 1 64.4947 -0.000181398 0
1.44974e-05 1 100 -5.75156e-05 0
1.44974e-05 1 155.052 -2.35942e-05 0
1.44974e-05 1 240.41 -8.02005e-06 0
1.44974e-05 1 372.759 -2.28431e-06 0
1.44974e-05 1 577.969 -8.63774e-07 0
1.44974e-05 1 896.151 -3.65855e-07 0
1.44974e-05 1 1389.5 -1.09954e-07 0
1.44974e-05 1 2154.43 -3.59966e-08 0
1.44974e-05 1 3340.48 -1.34392e-08 0
1.44974e-05 1 5179.47 -4.99851e-09 0
1.44974e-05 1 8030.86 -1.81962e-09 0
1.44974e-05 1 12452 -5.66961e-10 0
1.44974e-05 1 19307 -1.89978e-10 0
1.44974e-05 1 29935.8 -7.11299e-11 0
1.44974e-05 1 46415.9 -2.69323e-11 0
1.44974e-05 1 71968.6 -1.03887e-11 0
1.44974e-05 1 111588 -4.18512e-12 0
1.44974e-05 1 173020 -1.45959e-12 0
1.44974e-05 1 268270 -5.42828e-13 0
1.44974e-05 1 415956 -1.84826e-13 0
1.44974e-05 1 644947 -5.44222e-14 0
1.44974e-05 1 1e+06 -6.53538e-15 0

3.53498e-05 1 1e-06 -9.9909e+07 0
3.53498e-05 1 1.55052e-06 -6.44357e+07 0
3.53498e-05 1 2.4041e-06 -4.15573e+07 0
3.53498e-05 1 3.72759e-06 -2.68019e+07 0
3.53498e-05 1 5.77969e-06 -1.72855e+07 0
3.53498e-05 1 8.96151e-06 -1.11479e+07 0
3.53498e-05 1 1.3895e-05 -7.18952e+06 0
3.53498e-05 1 2.15443e-05 -4.63656e+06 0
3.53498e-05 1 3.34048e-05 -2.99004e+06 0
3.53498e-05 1 5.17947e-05 -1.92812e+06 0
3.53498e-05 1 8.03086e-05 -1.24323e+06 0
3.53498e-05 1 0.00012452 -801521 0
3.53498e-05 1 0.00019307 -516641 0
3.53498e-05 1 0.000299358 -332908 0
3.53498e-05 1 0.000464159 -214411 0
3.53498e-05 1 0.000719686 -137987 0
3.53498e-05 1 0.00111588 -88698.4 0
3.53498e-05 1 0.0017302 -56911.6 0
3.53498e-05 1 0.0026827 -36413 0
3.53498e-05 1 0.00415956 -23196 0
3.53498e-05 1 0.00644947 -14677 0
3.53498e-05 1 0.01 -9190.71 0
3.53498e-05 1 0.0155052 -5664.35 0
3.53498e-05 1 0.024041 -3407.71 0
3.53498e-05 1 0.0372759 -1977.75 0
3.53498e-05 1 0.0577969 -1090.99 0
3.53498e-05 1 0.0896151 -565.276 0
3.53498e-05 1 0.13895 -280.994 0
3.53498e-05 1 0.215443 -153.492 0
3.53498e-05 1 0.334048 -113.19 0
3.53498e-05 1 0.517947 -101.33 0
3.53498e-05 1 0.803086 -81.1851 0
3.53498e-05 1 1.2452 -47.8526 0
3.53498e-05 1 1.9307 -19.5359 0
3.53498e-05 1 2.99358 -6.12401 0
3.53498e-05 1 4.64159 -1.10634 0
3.53498e-05 1 7.19686 -0.172976 0
3.53498e-05 1 11.1588 -0.0665283 0
3.53498e-05 1 17.302 -0.0103128 0
3.53498e-05 1 26.827 -0.00105115 0
3.53498e-05 1 41.5956 -0.000248043 0
3.53498e-05 1 64.4947 -7.43863e-05 0
3.53498e-05 1 100 -2.3586e-05 0
3.53498e-05 1 155.052 -9.67576e-06 0
3.53498e-05 1 240.41 -3.28899e-06 0
3.53498e-05 1 372.759 -9.36789e-07 0
3.53498e-05 1 577.969 -3.54236e-07 0
3.53498e-05 1 896.151 -1.50039e-07 0
3.53498e-05 1 1389.5 -4.50928e-08 0
3.53498e-05 1 2154.43 -1.47625e-08 0
3.53498e-05 1 3340.48 -5.51154e-09 0
3.53498e-05 1 5179.47 -2.04994e-09 0
3.53498e-05 1 8030.86 -7.46247e-10 0
3.53498e-05 1 12452 -2.32517e-10 0
3.53498e-05 1 19307 -7.79122e-11 0
3.53498e-05 1 29935.8 -2.91713e-11 0
3.53498e-05 1 46415.9 -1.10453e-11 0
3.53498e-05 1 71968.6 -4.26053e-12 0
3.53498e-05 1 111588 -1.71637e-12 0
3.53498e-05 1 173020 -5.98597e-13 0
3.53498e-05 1 268270 -2.22621e-13 0
3.53498e-05 1 415956 -7.57994e-14 0
3.53498e-05 1 644947 -2.23192e-14 0
3.53498e-05 1 1e+06 -2.68025e-15 0

8.61954e-05 1 1e-06 -4.09727e+07 0
8.61954e-05 1 1.55052e-06 -2.64251e+07 0
8.61954e-05 1 2.4041e-06 -1.70426e+07 0
8.61954e-05 1 3.72759e-06 -1.09915e+07 0
8.61954e-05 1 5.77969e-06 -7.08879e+06 0
8.61954e-05 1 8.96151e-06 -4.57177e+06 0
8.61954e-05 1 1.3895e-05 -2.94843e+06 0
8.61954e-05 1 2.15443e-05 -1.90145e+06 0
8.61954e-05 1 3.34048e-05 -1.22621e+06 0
8.61954e-05 1 5.17947e-05 -790721 0
8.61954e-05 1 8.03086e-05 -509850 0
8.61954e-05 1 0.00012452 -328704 0
8.61954e-05 1 0.00019307 -211874 0
8.61954e-05 1 0.000299358 -136525 0
8.61954e-05 1 0.000464159 -87929.7 0
8.61954e-05 1 0.000719686 -56588.3 0
8.61954e-05 1 0.00111588 -36375.1 0
8.61954e-05 1 0.0017302 -23339.3 0
8.61954e-05 1 0.0026827 -14932.8 0
8.61954e-05 1 0.00415956 -9512.54 0
8.61954e-05 1 0.00644947 -6018.9 0
8.61954e-05 1 0.01 -3768.97 0
8.61954e-05 1 0.0155052 -2322.81 0
8.61954e-05 1 0.024041 -1397.36 0
8.61954e-05 1 0.0372759 -810.943 0
8.61954e-05 1 0.0577969 -447.291 0
8.61954e-05 1 0.0896151 -231.709 0
8.61954e-05 1 0.13895 -115.141 0
8.61954e-05 1 0.215443 -62.8735 0
8.61954e-05 1 0.334048 -46.3691 0
8.61954e-05 1 0.517947 -41.5271 0
8.61954e-05 1 0.803086 -33.2821 0
8.61954e-05 1 1.2452 -19.6208 0
8.61954e-05 1 1.9307 -8.01095 0
8.61954e-05 1 2.99358 -2.51134 0
8.61954e-05 1 4.64159 -0.453691 0
8.61954e-05 1 7.19686 -0.0709333 0
8.61954e-05 1 11.1588 -0.0272824 0
8.61954e-05 1 17.302 -0.00422898 0
8.61954e-05 1 26.827 -0.000430978 0
8.61954e-05 1 41.5956 -0.000101697 0
8.61954e-05 1 64.4947 -3.04994e-05 0
8.61954e-05 1 100 -9.67099e-06 0
8.61954e-05 1 155.052 -3.96765e-06 0
8.61954e-05 1 240.41 -1.34873e-06 0
8.61954e-05 1 372.759 -3.84155e-07 0
8.61954e-05 1 577.969 -1.45268e-07 0
8.61954e-05 1 896.151 -6.15306e-08 0
8.61954e-05 1 1389.5 -1.84925e-08 0
8.61954e-05 1 2154.43 -6.05412e-09 0
8.61954e-05 1 3340.48 -2.26031e-09 0
8.61954e-05 1 5179.47 -8.40696e-10 0
8.61954e-05 1 8030.86 -3.06043e-10 0
8.61954e-05 1 12452 -9.53577e-11 0
8.61954e-05 1 19307 -3.19527e-11 0
8.61954e-05 1 29935.8 -1.19635e-11 0
8.61954e-05 1 46415.9 -4.52982e-12 0
8.61954e-05 1 71968.6 -1.7473e-12 0
8.61954e-05 1 111588 -7.03908e-13 0
8.61954e-05 1 173020 -2.45493e-13 0
8.61954e-05 1 268270 -9.12999e-14 0
8.61954e-05 1 415956 -3.10863e-14 0
8.61954e-05 1 644947 -9.15343e-15 0
8.61954e-05 1 1e+06 -1.09921e-15 0

0.000210175 1 1e-06 -1.68022e+07 0
0.000210175 1 1.55052e-06 -1.08364e+07 0
0.000210175 1 2.4041e-06 -6.98888e+06 0
0.000210175 1 3.72759e-06 -4.50741e+06 0
0.000210175 1 5.77969e-06 -2.90699e+06 0
0.000210175 1 8.96151e-06 -1.8748e+06 0
0.000210175 1 1.3895e-05 -1.2091e+06 0
0.000210175 1 2.15443e-05 -779752 0
0.000210175 1 3.34048e-05 -502848 0
0.000210175 1 5.17947e-05 -324260 0
0.000210175 1 8.03086e-05 -209080 0
0.000210175 1 0.00012452 -134795 0
0.000210175 1 0.00019307 -86885.7 0
0.000210175 1 0.000299358 -55986.5 0
0.000210175 1 0.000464159 -36058.2 0
0.000210175 1 0.000719686 -23205.7 0
0.000210175 1 0.00111588 -14916.6 0
0.000210175 1 0.0017302 -9570.88 0
0.000210175 1 0.0026827 -6123.54 0
0.000210175 1 0.00415956 -3900.77 0
0.000210175 1 0.00644947 -2468.1 0
0.000210175 1 0.01 -1545.44 0
0.000210175 1 0.0155052 -952.402 0
0.000210175 1 0.024041 -572.896 0
0.000210175 1 0.0372759 -332.422 0
0.000210175 1 0.0577969 -183.303 0
0.000210175 1 0.0896151 -94.9087 0
0.000210175 1 0.13895 -47.1229 0
0.000210175 1 0.215443 -25.7096 0
0.000210175 1 0.334048 -18.9648 0
0.000210175 1 0.517947 -17.0014 0
0.000210175 1 0.803086 -13.6365 0
0.000210175 1 1.2452 -8.04264 0
0.000210175 1 1.9307 -3.28444 0
0.000210175 1 2.99358 -1.02975 0
0.000210175 1 4.64159 -0.186031 0
0.000210175 1 7.19686 -0.0290841 0
0.000210175 1 11.1588 -0.0111871 0
0.000210175 1 17.302 -0.00173392 0
0.000210175 1 26.827 -0.000176639 0
0.000210175 1 41.5956 -4.16786e-05 0
0.000210175 1 64.4947 -1.25008e-05 0
0.000210175 1 100 -3.96428e-06 0
0.000210175 1 155.052 -1.62668e-06 0
0.000210175 1 240.41 -5.52998e-07 0
0.000210175 1 372.759 -1.57513e-07 0
0.000210175 1 577.969 -5.95671e-08 0
0.000210175 1 896.151 -2.5232e-08 0
0.000210175 1 1389.5 -7.58338e-09 0
0.000210175 1 2154.43 -2.48271e-09 0
0.000210175 1 3340.48 -9.26938e-10 0
0.000210175 1 5179.47 -3.44769e-10 0
0.000210175 1 8030.86 -1.25509e-10 0
0.000210175 1 12452 -3.91068e-11 0
0.000210175 1 19307 -1.31041e-11 0
0.000210175 1 29935.8 -4.90638e-12 0
0.000210175 1 46415.9 -1.85774e-12 0
0.000210175 1 71968.6 -7.16594e-13 0
0.000210175 1 111588 -2.88683e-13 0
0.000210175 1 173020 -1.0068e-13 0
0.000210175 1 268270 -3.74434e-14 0
0.000210175 1 415956 -1.2749e-14 0
0.000210175 1 644947 -3.75395e-15 0
0.000210175 1 1e+06 -4.50806e-16 0

0.000512481 1 1e-06 -6.88953e+06 0
0.000512481 1 1.55052e-06 -4.44336e+06 0
0.000512481 1 2.4041e-06 -2.86571e+06 0
0.000512481 1 3.72759e-06 -1.84821e+06 0
0.000512481 1 5.77969e-06 -1.19197e+06 0
0.000512481 1 8.96151e-06 -768740 0
0.000512481 1 1.3895e-05 -495775 0
0.000512481 1 2.15443e-05 -319728 0
0.000512481 1 3.34048e-05 -206187 0
0.000512481 1 5.17947e-05 -132959 0
0.000512481 1 8.03086e-05 -85730.7 0
0.000512481 1 0.00012452 -55271.1 0
0.000512481 1 0.00019307 -35626.3 0
0.000512481 1 0.000299358 -22956.4 0
0.000512481 1 0.000464159 -14785.1 0
0.000512481 1 0.000719686 -9515.07 0
0.000512481 1 0.00111588 -6116.24 0
0.000512481 1 0.0017302 -3924.28 0
0.000512481 1 0.0026827 -2510.74 0
0.000512481 1 0.00415956 -1599.32 0
0.000512481 1 0.00644947 -1011.87 0
0.000512481 1 0.01 -633.546 0
0.000512481 1 0.0155052 -390.38 0
0.000512481 1 0.024041 -234.772 0
0.000512481 1 0.0372759 -136.174 0
0.000512481 1 0.0577969 -75.0381 0
0.000512481 1 0.0896151 -38.8052 0
0.000512481 1 0.13895 -19.2277 0
0.000512481 1 0.215443 -10.4682 0
0.000512481 1 0.334048 -7.72601 0
0.000512481 1 0.517947 -6.94305 0
0.000512481 1 0.803086 -5.57955 0
0.000512481 1 1.2452 -3.29427 0
0.000512481 1 1.9307 -1.34603 0
0.000512481 1 2.99358 -0.422125 0
0.000512481 1 4.64159 -0.0762602 0
0.000512481 1 7.19686 -0.0119212 0
0.000512481 1 11.1588 -0.00458622 0
0.000512481 1 17.302 -0.000710661 0
0.000512481 1 26.827 -7.23312e-05 0
0.000512481 1 41.5956 -1.70644e-05 0
0.000512481 1 64.4947 -5.11933e-06 0
0.000512481 1 100 -1.62389e-06 0
0.000512481 1 155.052 -6.66619e-07 0
0.000512481 1 240.41 -2.2666e-07 0
0.000512481 1 372.759 -6.45641e-08 0
0.000512481 1 577.969 -2.44202e-08 0
0.000512481 1 896.151 -1.03455e-08 0
0.000512481 1 1389.5 -3.10941e-09 0
0.000512481 1 2154.43 -1.01803e-09 0
0.000512481 1 3340.48 -3.80106e-10 0
0.000512481 1 5179.47 -1.41382e-10 0
0.000512481 1 8030.86 -5.147e-11 0
0.000512481 1 12452 -1.60376e-11 0
0.000512481 1 19307 -5.37408e-12 0
0.000512481 1 29935.8 -2.01216e-12 0
0.000512481 1 46415.9 -7.61889e-13 0
0.000512481 1 71968.6 -2.93888e-13 0
0.000512481 1 111588 -1.18394e-13 0
0.000512481 1 173020 -4.12909e-14 0
0.000512481 1 268270 -1.53562e-14 0
0.000512481 1 415956 -5.22857e-15 0
0.000512481 1 644947 -1.53956e-15 0
0.000512481 1 1e+06 -1.84887e-16 0

0.00124961 1 1e-06 -2.82423e+06 0
0.00124961 1 1.55052e-06 -1.82147e+06 0
0.00124961 1 2.4041e-06 -1.17474e+06 0
0.00124961 1 3.72759e-06 -757637 0
0.00124961 1 5.77969e-06 -488627 0
0.00124961 1 8.96151e-06 -315130 0
0.00124961 1 1.3895e-05 -203233 0
0.00124961 1 2.15443e-05 -131066 0
0.00124961 1 3.34048e-05 -84522.2 0
0.00124961 1 5.17947e-05 -54503.8 0
0.00124961 1 8.03086e-05 -35143.5 0
0.00124961 1 0.00012452 -22657.2 0
0.00124961 1 0.00019307 -14604.2 0
0.00124961 1 0.000299358 -9410.41 0
0.00124961 1 0.000464159 -6060.72 0
0.00124961 1 0.000719686 -3900.37 0
0.00124961 1 0.00111588 -2507.09 0
0.00124961 1 0.0017302 -1608.53 0
0.00124961 1 0.0026827 -1029.08 0
0.00124961 1 0.00415956 -655.464 0
0.00124961 1 0.00644947 -414.65 0
0.00124961 1 0.01 -259.566 0
0.00124961 1 0.0155052 -159.887 0
0.00124961 1 0.024041 -96.1029 0
0.00124961 1 0.0372759 -55.6903 0
0.00124961 1 0.0577969 -30.6374 0
0.00124961 1 0.0896151 -15.7965 0
0.00124961 1 0.13895 -7.78758 0
0.00124961 1 0.215443 -4.21758 0
0.00124961 1 0.334048 -3.11685 0
0.00124961 1 0.517947 -2.81802 0
0.00124961 1 0.803086 -2.27531 0
0.00124961 1 1.2452 -1.3469 0
0.00124961 1 1.9307 -0.551069 0
0.00124961 1 2.99358 -0.172931 0
0.00124961 1 4.64159 -0.0312418 0
0.00124961 1 7.19686 -0.00488247 0
0.00124961 1 11.1588 -0.00187912 0
0.00124961 1 17.302 -0.00029101 0
0.00124961 1 26.827 -2.95532e-05 0
0.00124961 1 41.5956 -6.96976e-06 0
0.00124961 1 64.4947 -2.09211e-06 0
0.00124961 1 100 -6.64059e-07 0
0.00124961 1 155.052 -2.72886e-07 0
0.00124961 1 240.41 -9.28248e-08 0
0.00124961 1 372.759 -2.64446e-08 0
0.00124961 1 577.969 -1.00061e-08 0
0.00124961 1 896.151 -4.24039e-09 0
0.00124961 1 1389.5 -1.27458e-09 0
0.00124961 1 2154.43 -4.17342e-10 0
0.00124961 1 3340.48 -1.55843e-10 0
0.00124961 1 5179.47 -5.79712e-11 0
0.00124961 1 8030.86 -2.11056e-11 0
0.00124961 1 12452 -6.57666e-12 0
0.00124961 1 19307 -2.20389e-12 0
0.00124961 1 29935.8 -8.2521e-13 0
0.00124961 1 46415.9 -3.12466e-13 0
0.00124961 1 71968.6 -1.20531e-13 0
0.00124961 1 111588 -4.85564e-14 0
0.00124961 1 173020 -1.69345e-14 0
0.00124961 1 268270 -6.29796e-15 0
0.00124961 1 415956 -2.14436e-15 0
0.00124961 1 644947 -6.31413e-16 0
0.00124961 1 1e+06 -7.58309e-17 0

0.00304699 1 1e-06 -1.157e+06 0
0.00304699 1 1.55052e-06 -746199 0
0.00304699 1 2.4041e-06 -481255 0
0.00304699 1 3.72759e-06 -310380 0
0.00304699 1 5.77969e-06 -200175 0
0.00304699 1 8.96151e-06 -129099 0
0.00304699 1 1.3895e-05 -83258.3 0
0.00304699 1 2.15443e-05 -53693.6 0
0.00304699 1 3.34048e-05 -34626 0
0.00304699 1 5.17947e-05 -22328.4 0
0.00304699 1 8.03086e-05 -14397.1 0
0.00304699 1 0.00012452 -9281.8 0
0.00304699 1 0.00019307 -5982.73 0
0.00304699 1 0.000299358 -3855 0
0.00304699 1 0.000464159 -2482.74 0
0.00304699 1 0.000719686 -1597.71 0
0.00304699 1 0.00111588 -1026.93 0
0.00304699 1 0.0017302 -658.819 0
0.00304699 1 0.0026827 -421.436 0
0.00304699 1 0.00415956 -268.377 0
0.00304699 1 0.00644947 -169.724 0
0.00304699 1 0.01 -106.193 0
0.00304699 1 0.0155052 -65.3598 0
0.00304699 1 0.024041 -39.2331 0
0.00304699 1 0.0372759 -22.6831 0
0.00304699 1 0.0577969 -12.4282 0
0.00304699 1 0.0896151 -6.36047 0
0.00304699 1 0.13895 -3.09593 0
0.00304699 1 0.215443 -1.65418 0
0.00304699 1 0.334048 -1.22661 0
0.00304699 1 0.517947 -1.12631 0
0.00304699 1 0.803086 -0.92021 0
0.00304699 1 1.2452 -0.548267 0
0.00304699 1 1.9307 -0.225045 0
0.00304699 1 2.99358 -0.0707337 0
0.00304699 1 4.64159 -0.0127792 0
0.00304699 1 7.19686 -0.0019958 0
0.00304699 1 11.1588 -0.000768908 0
0.00304699 1 17.302 -0.000118906 0
0.00304699 1 26.827 -1.20095e-05 0
0.00304699 1 41.5956 -2.82983e-06 0
0.00304699 1 64.4947 -8.50603e-07 0
0.00304699 1 100 -2.70423e-07 0
0.00304699 1 155.052 -1.11411e-07 0
0.00304699 1 240.41 -3.79372e-08 0
0.00304699 1 372.759 -1.08114e-08 0
0.00304699 1 577.969 -4.09463e-09 0
0.00304699 1 896.151 -1.73659e-09 0
0.00304699 1 1389.5 -5.22091e-10 0
0.00304699 1 2154.43 -1.70994e-10 0
0.00304699 1 3340.48 -6.38695e-11 0
0.00304699 1 5179.47 -2.37633e-11 0
0.00304699 1 8030.86 -8.65279e-12 0
0.00304699 1 12452 -2.6966e-12 0
0.00304699 1 19307 -9.03758e-13 0
0.00304699 1 29935.8 -3.38426e-13 0
0.00304699 1 46415.9 -1.28152e-13 0
0.00304699 1 71968.6 -4.94349e-14 0
0.00304699 1 111588 -1.99151e-14 0
0.00304699 1 173020 -6.94561e-15 0
0.00304699 1 268270 -2.58306e-15 0
0.00304699 1 415956 -8.79488e-16 0
0.00304699 1 644947 -2.58969e-16 0
0.00304699 1 1e+06 -3.11054e-17 0

0.00742964 1 1e-06 -473248 0
0.00742964 1 1.55052e-06 -305218 0
0.00742964 1 2.4041e-06 -196848 0
0.00742964 1 3.72759e-06 -126955 0
0.00742964 1 5.77969e-06 -81877.6 0
0.00742964 1 8.96151e-06 -52805.2 0
0.00742964 1 1.3895e-05 -34055 0
0.00742964 1 2.15443e-05 -21962.2 0
0.00742964 1 3.34048e-05 -14162.9 0
0.00742964 1 5.17947e-05 -9132.84 0
0.00742964 1 8.03086e-05 -5888.69 0
0.00742964 1 0.00012452 -3796.39 0
0.00742964 1 0.00019307 -2446.97 0
0.00742964 1 0.000299358 -1576.67 0
0.00742964 1 0.000464159 -1015.37 0
0.00742964 1 0.000719686 -653.365 0
0.00742964 1 0.00111588 -419.897 0
0.00742964 1 0.0017302 -269.33 0
0.00742964 1 0.0026827 -172.233 0
0.00742964 1 0.00415956 -109.628 0
0.00742964 1 0.00644947 -69.2771 0
0.00742964 1 0.01 -43.2925 0
0.00742964 1 0.0155052 -26.5932 0
0.00742964 1 0.024041 -15.9104 0
0.00742964 1 0.0372759 -9.14674 0
0.00742964 1 0.0577969 -4.96067 0
0.00742964 1 0.0896151 -2.4909 0
0.00742964 1 0.13895 -1.17205 0
0.00742964 1 0.215443 -0.60307 0
0.00742964 1 0.334048 -0.451521 0
0.00742964 1 0.517947 -0.432582 0
0.00742964 1 0.803086 -0.364489 0
0.00742964 1 1.2452 -0.220742 0
0.00742964 1 1.9307 -0.0913395 0
0.00742964 1 2.99358 -0.0288215 0
0.00742964 1 4.64159 -0.0052075 0
0.00742964 1 7.19686 -0.000811948 0
0.00742964 1 11.1588 -0.000313595 0
0.00742964 1 17.302 -4.83246e-05 0
0.00742964 1 26.827 -4.81465e-06 0
0.00742964 1 41.5956 -1.13201e-06 0
0.00742964 1 64.4947 -3.41451e-07 0
0.00742964 1 100 -1.08989e-07 0
0.00742964 1 155.052 -4.51888e-08 0
0.00742964 1 240.41 -1.54272e-08 0
0.00742964 1 372.759 -4.4e-09 0
0.00742964 1 577.969 -1.67029e-09 0
0.00742964 1 896.151 -7.09758e-10 0
0.00742964 1 1389.5 -2.13488e-10 0
0.00742964 1 2154.43 -6.99641e-11 0
0.00742964 1 3340.48 -2.61504e-11 0
0.00742964 1 5179.47 -9.73422e-12 0
0.00742964 1 8030.86 -3.54576e-12 0
0.00742964 1 12452 -1.10535e-12 0
0.00742964 1 19307 -3.7056e-13 0
0.00742964 1 29935.8 -1.3879e-13 0
0.00742964 1 46415.9 -5.25631e-14 0
0.00742964 1 71968.6 -2.02777e-14 0
0.00742964 1 111588 -8.16896e-15 0
0.00742964 1 173020 -2.84906e-15 0
0.00742964 1 268270 -1.05953e-15 0
0.00742964 1 415956 -3.60749e-16 0
0.00742964 1 644947 -1.06225e-16 0
0.00742964 1 1e+06 -1.2763e-17 0

0.0181161 1 1e-06 -192835 0
0.0181161 1 1.55052e-06 -124368 0
0.0181161 1 2.4041e-06 -80209.9 0
0.0181161 1 3.72759e-06 -51730.5 0
0.0181161 1 5.77969e-06 -33362.7 0
0.0181161 1 8.96151e-06 -21516.5 0
0.0181161 1 1.3895e-05 -13876.3 0
0.0181161 1 2.15443e-05 -8948.83 0
0.0181161 1 3.34048e-05 -5770.86 0
0.0181161 1 5.17947e-05 -3721.23 0
0.0181161 1 8.03086e-05 -2399.33 0
0.0181161 1 0.00012452 -1546.78 0
0.0181161 1 0.00019307 -996.925 0
0.0181161 1 0.000299358 -642.3 0
0.0181161 1 0.000464159 -413.587 0
0.0181161 1 0.000719686 -266.081 0
0.0181161 1 0.00111588 -170.949 0
0.0181161 1 0.0017302 -109.597 0
0.0181161 1 0.0026827 -70.0337 0
0.0181161 1 0.00415956 -44.5245 0
0.0181161 1 0.00644947 -28.0838 0
0.0181161 1 0.01 -17.4974 0
0.0181161 1 0.0155052 -10.6954 0
0.0181161 1 0.024041 -6.34636 0
0.0181161 1 0.0372759 -3.59613 0
0.0181161 1 0.0577969 -1.89889 0
0.0181161 1 0.0896151 -0.904599 0
0.0181161 1 0.13895 -0.383597 0
0.0181161 1 0.215443 -0.172422 0
0.0181161 1 0.334048 -0.133927 0
0.0181161 1 0.517947 -0.148224 0
0.0181161 1 0.803086 -0.136638 0
0.0181161 1 1.2452 -0.0864351 0
0.0181161 1 1.9307 -0.0365085 0
0.0181161 1 2.99358 -0.0116335 0
0.0181161 1 4.64159 -0.00210235 0
0.0181161 1 7.19686 -0.000326448 0
0.0181161 1 11.1588 -0.000126869 0
0.0181161 1 17.302 -1.93787e-05 0
0.0181161 1 26.827 -1.8641e-06 0
0.0181161 1 41.5956 -4.35753e-07 0
0.0181161 1 64.4947 -1.32651e-07 0
0.0181161 1 100 -4.27853e-08 0
0.0181161 1 155.052 -1.80309e-08 0
0.0181161 1 240.41 -6.19583e-09 0
0.0181161 1 372.759 -1.77069e-09 0
0.0181161 1 577.969 -6.76064e-10 0
0.0181161 1 896.151 -2.88649e-10 0
0.0181161 1 1389.5 -8.69294e-11 0
0.0181161 1 2154.43 -2.85316e-11 0
0.0181161 1 3340.48 -1.06817e-11 0
0.0181161 1 5179.47 -3.98089e-12 0
0.0181161 1 8030.86 -1.45136e-12 0
0.0181161 1 12452 -4.52776e-13 0
0.0181161 1 19307 -1.51897e-13 0
0.0181161 1 29935.8 -5.69199e-14 0
0.0181161 1 46415.9 -2.15638e-14 0
0.0181161 1 71968.6 -8.32022e-15 0
0.0181161 1 111588 -3.3518e-15 0
0.0181161 1 173020 -1.16904e-15 0
0.0181161 1 268270 -4.34721e-16 0
0.0181161 1 415956 -1.48009e-16 0
0.0181161 1 644947 -4.35833e-17 0
0.0181161 1 1e+06 -5.24066e-18 0

0.0441734 1 1e-06 -77839.6 0
0.0441734 1 1.55052e-06 -50202.1 0
0.0441734 1 2.4041e-06 -32377.4 0
0.0441734 1 3.72759e-06 -20881.3 0
0.0441734 1 5.77969e-06 -13467 0
0.0441734 1 8.96151e-06 -8685.2 0
0.0441734 1 1.3895e-05 -5601.17 0
0.0441734 1 2.15443e-05 -3612.14 0
0.0441734 1 3.34048e-05 -2329.31 0
0.0441734 1 5.17947e-05 -1501.96 0
0.0441734 1 8.03086e-05 -968.366 0
0.0441734 1 0.00012452 -624.225 0
0.0441734 1 0.00019307 -402.272 0
0.0441734 1 0.000299358 -259.124 0
0.0441734 1 0.000464159 -166.802 0
0.0441734 1 0.000719686 -107.26 0
0.0441734 1 0.00111588 -68.8593 0
0.0441734 1 0.0017302 -44.0944 0
0.0441734 1 0.0026827 -28.1246 0
0.0441734 1 0.00415956 -17.8283 0
0.0441734 1 0.00644947 -11.1929 0
0.0441734 1 0.01 -6.92123 0
0.0441734 1 0.0155052 -4.17806 0
0.0441734 1 0.024041 -2.42634 0
0.0441734 1 0.0372759 -1.3219 0
0.0441734 1 0.0577969 -0.645186 0
0.0441734 1 0.0896151 -0.255785 0
0.0441734 1 0.13895 -0.0617128 0
0.0441734 1 0.215443 0.00306295 0
0.0441734 1 0.334048 -0.00442791 0
0.0441734 1 0.517947 -0.0320034 0
0.0441734 1 0.803086 -0.0433488 0
0.0441734 1 1.2452 -0.0313958 0
0.0441734 1 1.9307 -0.0140302 0
0.0441734 1 2.99358 -0.00458628 0
0.0441734 1 4.64159 -0.000829155 0
0.0441734 1 7.19686 -0.000127379 0
0.0441734 1 11.1588 -5.02993e-05 0
0.0441734 1 17.302 -7.50973e-06 0
0.0441734 1 26.827 -6.54498e-07 0
0.0441734 1 41.5956 -1.50318e-07 0
0.0441734 1 64.4947 -4.70471e-08 0
0.0441734 1 100 -1.56412e-08 0
0.0441734 1 155.052 -6.89481e-09 0
0.0441734 1 240.41 -2.41037e-09 0
0.0441734 1 372.759 -6.92491e-10 0
0.0441734 1 577.969 -2.68347e-10 0
0.0441734 1 896.151 -1.15954e-10 0
0.0441734 1 1389.5 -3.50276e-11 0
0.0441734 1 2154.43 -1.15399e-11 0
0.0441734 1 3340.48 -4.33789e-12 0
0.0441734 1 5179.47 -1.62138e-12 0
0.0441734 1 8030.86 -5.92422e-13 0
0.0441734 1 12452 -1.85145e-13 0
0.0441734 1 19307 -6.22182e-14 0
0.0441734 1 29935.8 -2.33431e-14 0
0.0441734 1 46415.9 -8.85041e-15 0
0.0441734 1 71968.6 -3.41621e-15 0
0.0441734 1 111588 -1.37619e-15 0
0.0441734 1 173020 -4.8003e-16 0
0.0441734 1 268270 -1.78476e-16 0
0.0441734 1 415956 -6.07605e-17 0
0.0441734 1 644947 -1.7893e-17 0
0.0441734 1 1e+06 -2.15559e-18 0

0.107711 1 1e-06 -30696.5 0
0.107711 1 1.55052e-06 -19797.4 0
0.107711 1 2.4041e-06 -12768.1 0
0.107711 1 3.72759e-06 -8234.58 0
0.107711 1 5.77969e-06 -5310.69 0
0.107711 1 8.96151e-06 -3424.93 0
0.107711 1 1.3895e-05 -2208.72 0
0.107711 1 2.15443e-05 -1424.33 0
0.107711 1 3.34048e-05 -918.44 0
0.107711 1 5.17947e-05 -592.168 0
0.107711 1 8.03086e-05 -381.739 0
0.107711 1 0.00012452 -246.025 0
0.107711 1 0.00019307 -158.496 0
0.107711 1 0.000299358 -102.044 0
0.107711 1 0.000464159 -65.6365 0
0.107711 1 0.000719686 -42.1557 0
0.107711 1 0.00111588 -27.0123 0
0.107711 1 0.0017302 -17.2463 0
0.107711 1 0.0026827 -10.949 0
0.107711 1 0.00415956 -6.88921 0
0.107711 1 0.00644947 -4.27354 0
0.107711 1 0.01 -2.5906 0
0.107711 1 0.0155052 -1.51127 0
0.107711 1 0.024041 -0.824206 0
0.107711 1 0.0372759 -0.394258 0
0.107711 1 0.0577969 -0.135607 0
0.107711 1 0.0896151 0.00626044 0
0.107711 1 0.13895 0.0669173 0
0.107711 1 0.215443 0.0724523 0
0.107711 1 0.334048 0.0469802 0
0.107711 1 0.517947 0.0147636 0
0.107711 1 0.803086 -0.00543318 0
0.107711 1 1.2452 -0.0089137 0
0.107711 1 1.9307 -0.00483054 0
0.107711 1 2.99358 -0.00169996 0
0.107711 1 4.64159 -0.000307562 0
0.107711 1 7.19686 -4.58068e-05 0
0.107711 1 11.1588 -1.89116e-05 0
0.107711 1 17.302 -2.64543e-06 0
0.107711 1 26.827 -1.59206e-07 0
0.107711 1 41.5956 -3.34551e-08 0
0.107711 1 64.4947 -1.1993e-08 0
0.107711 1 100 -4.52448e-09 0
0.107711 1 155.052 -2.33254e-09 0
0.107711 1 240.41 -8.59463e-10 0
0.107711 1 372.759 -2.50837e-10 0
0.107711 1 577.969 -1.01327e-10 0
0.107711 1 896.151 -4.52001e-11 0
0.107711 1 1389.5 -1.37682e-11 0
0.107711 1 2154.43 -4.58129e-12 0
0.107711 1 3340.48 -1.73994e-12 0
0.107711 1 5179.47 -6.55128e-13 0
0.107711 1 8030.86 -2.40683e-13 0
0.107711 1 12452 -7.55762e-14 0
0.107711 1 19307 -2.55068e-14 0
0.107711 1 29935.8 -9.59546e-15 0
0.107711 1 46415.9 -3.64381e-15 0
0.107711 1 71968.6 -1.40729e-15 0
0.107711 1 111588 -5.66643e-16 0
0.107711 1 173020 -1.97652e-16 0
0.107711 1 268270 -7.344e-17 0
0.107711 1 415956 -2.49935e-17 0
0.107711 1 644947 -7.36094e-18 0
0.107711 1 1e+06 -8.91397e-19 0

0.262636 1 1e-06 -11408.9 0
0.262636 1 1.55052e-06 -7358 0
0.262636 1 2.4041e-06 -4745.4 0
0.262636 1 3.72759e-06 -3060.42 0
0.262636 1 5.77969e-06 -1973.69 0
0.262636 1 8.96151e-06 -1272.81 0
0.262636 1 1.3895e-05 -820.783 0
0.262636 1 2.15443e-05 -529.248 0
0.262636 1 3.34048e-05 -341.223 0
0.262636 1 5.17947e-05 -219.957 0
0.262636 1 8.03086e-05 -141.747 0
0.262636 1 0.00012452 -91.3058 0
0.262636 1 0.00019307 -58.7739 0
0.262636 1 0.000299358 -37.7927 0
0.262636 1 0.000464159 -24.261 0
0.262636 1 0.000719686 -15.534 0
0.262636 1 0.00111588 -9.90581 0
0.262636 1 0.0017302 -6.27636 0
0.262636 1 0.0026827 -3.93621 0
0.262636 1 0.00415956 -2.42796 0
0.262636 1 0.00644947 -1.45677 0
0.262636 1 0.01 -0.832782 0
0.262636 1 0.0155052 -0.433935 0
0.262636 1 0.024041 -0.182064 0
0.262636 1 0.0372759 -0.0274921 0
0.262636 1 0.0577969 0.0609733 0
0.262636 1 0.0896151 0.10279 0
0.262636 1 0.13895 0.110528 0
0.262636 1 0.215443 0.0939267 0
0.262636 1 0.334048 0.0634422 0
0.262636 1 0.517947 0.031487 0
0.262636 1 0.803086 0.00915994 0
0.262636 1 1.2452 5.2373e-05 0
0.262636 1 1.9307 -0.00110854 0
0.262636 1 2.99358 -0.00052608 0
0.262636 1 4.64159 -9.51153e-05 0
0.262636 1 7.19686 -1.25585e-05 0
0.262636 1 11.1588 -6.08536e-06 0
0.262636 1 17.302 -6.60883e-07 0
0.262636 1 26.827 4.15518e-08 0
0.262636 1 41.5956 1.38905e-08 0
0.262636 1 64.4947 2.23448e-09 0
0.262636 1 100 -4.81695e-12 0
0.262636 1 155.052 -4.72576e-10 0
0.262636 1 240.41 -2.26623e-10 0
0.262636 1 372.759 -7.06636e-11 0
0.262636 1 577.969 -3.31349e-11 0
0.262636 1 896.151 -1.62859e-11 0
0.262636 1 1389.5 -5.08405e-12 0
0.262636 1 2154.43 -1.7396e-12 0
0.262636 1 3340.48 -6.78881e-13 0
0.262636 1 5179.47 -2.60453e-13 0
0.262636 1 8030.86 -9.7007e-14 0
0.262636 1 12452 -3.08423e-14 0
0.262636 1 19307 -1.05201e-14 0
0.262636 1 29935.8 -3.98047e-15 0
0.262636 1 46415.9 -1.51589e-15 0
0.262636 1 71968.6 -5.85658e-16 0
0.262636 1 111588 -2.353e-16 0
0.262636 1 173020 -8.20322e-17 0
0.262636 1 268270 -3.04151e-17 0
0.262636 1 415956 -1.03389e-17 0
0.262636 1 644947 -3.0453e-18 0
0.262636 1 1e+06 -3.73881e-19 0

0.6404 1 1e-06 -3637.82 0
0.6404 1 1.55052e-06 -2346.13 0
0.6404 1 2.4041e-06 -1513.05 0
0.6404 1 3.72759e-06 -975.763 0
0.6404 1 5.77969e-06 -629.24 0
0.6404 1 8.96151e-06 -405.751 0
0.6404 1 1.3895e-05 -261.613 0
0.6404 1 2.15443e-05 -168.651 0
0.6404 1 3.34048e-05 -108.696 0
0.6404 1 5.17947e-05 -70.028 0
0.6404 1 8.03086e-05 -45.0893 0
0.6404 1 0.00012452 -29.0052 0
0.6404 1 0.00019307 -18.6318 0
0.6404 1 0.000299358 -11.9416 0
0.6404 1 0.000464159 -7.62679 0
0.6404 1 0.000719686 -4.8441 0
0.6404 1 0.00111588 -3.04958 0
0.6404 1 0.0017302 -1.89248 0
0.6404 1 0.0026827 -1.14661 0
0.6404 1 0.00415956 -0.666186 0
0.6404 1 0.00644947 -0.357292 0
0.6404 1 0.01 -0.159531 0
0.6404 1 0.0155052 -0.0341992 0
0.6404 1 0.024041 0.0433125 0
0.6404 1 0.0372759 0.0884081 0
0.6404 1 0.0577969 0.110467 0
0.6404 1 0.0896151 0.115048 0
0.6404 1 0.13895 0.105631 0
0.6404 1 0.215443 0.0853266 0
0.6404 1 0.334048 0.0586161 0
0.6404 1 0.517947 0.0321113 0
0.6404 1 0.803086 0.0126616 0
0.6404 1 1.2452 0.0030549 0
0.6404 1 1.9307 0.000286611 0
0.6404 1 2.99358 -6.79637e-05 0
0.6404 1 4.64159 -1.15015e-05 0
0.6404 1 7.19686 5.53601e-07 0
0.6404 1 11.1588 -9.45652e-07 0
0.6404 1 17.302 1.25682e-07 0
0.6404 1 26.827 1.17641e-07 0
0.6404 1 41.5956 3.17823e-08 0
0.6404 1 64.4947 7.68421e-09 0
0.6404 1 100 1.7486e-09 0
0.6404 1 155.052 2.62872e-10 0
0.6404 1 240.41 2.52852e-11 0
0.6404 1 372.759 1.06595e-12 0
0.6404 1 577.969 -5.82598e-12 0
0.6404 1 896.151 -4.64049e-12 0
0.6404 1 1389.5 -1.5902e-12 0
0.6404 1 2154.43 -5.96745e-13 0
0.6404 1 3340.48 -2.51599e-13 0
0.6404 1 5179.47 -1.01371e-13 0
0.6404 1 8030.86 -3.90591e-14 0
0.6404 1 12452 -1.2826e-14 0
0.6404 1 19307 -4.48413e-15 0
0.6404 1 29935.8 -1.71379e-15 0
0.6404 1 46415.9 -6.54533e-16 0
0.6404 1 71968.6 -2.52099e-16 0
0.6404 1 111588 -1.00402e-16 0
0.6404 1 173020 -3.48891e-17 0
0.6404 1 268270 -1.28448e-17 0
0.6404 1 415956 -4.34872e-18 0
0.6404 1 644947 -1.28053e-18 0
0.6404 1 1e+06 -1.62906e-19 0

1.56152 1 1e-06 -796.654 0
1.56152 1 1.55052e-06 -513.762 0
1.56152 1 2.4041e-06 -331.312 0
1.56152 1 3.72759e-06 -213.641 0
1.56152 1 5.77969e-06 -137.75 0
1.56152 1 8.96151e-06 -88.8041 0
1.56152 1 1.3895e-05 -57.2366 0
1.56152 1 2.15443e-05 -36.8773 0
1.56152 1 3.34048e-05 -23.7467 0
1.56152 1 5.17947e-05 -15.2781 0
1.56152 1 8.03086e-05 -9.81632 0
1.56152 1 0.00012452 -6.29377 0
1.56152 1 0.00019307 -4.02193 0
1.56152 1 0.000299358 -2.55674 0
1.56152 1 0.000464159 -1.6118 0
1.56152 1 0.000719686 -1.00241 0
1.56152 1 0.00111588 -0.609466 0
1.56152 1 0.0017302 -0.356159 0
1.56152 1 0.0026827 -0.192974 0
1.56152 1 0.00415956 -0.0880158 0
1.56152 1 0.00644947 -0.0207632 0
1.56152 1 0.01 0.0219371 0
1.56152 1 0.0155052 0.0484517 0
1.56152 1 0.024041 0.0640108 0
1.56152 1 0.0372759 0.0717647 0
1.56152 1 0.0577969 0.0734761 0
1.56152 1 0.0896151 0.0700246 0
1.56152 1 0.13895 0.0618776 0
1.56152 1 0.215443 0.0496697 0
1.56152 1 0.334048 0.0348863 0
1.56152 1 0.517947 0.0202541 0
1.56152 1 0.803086 0.00899754 0
1.56152 1 1.2452 0.0027953 0
1.56152 1 1.9307 0.000558854 0
1.56152 1 2.99358 7.02375e-05 0
1.56152 1 4.64159 1.51217e-05 0
1.56152 1 7.19686 4.67648e-06 0
1.56152 1 11.1588 8.64148e-07 0
1.56152 1 17.302 3.79575e-07 0
1.56152 1 26.827 1.33097e-07 0
1.56152 1 41.5956 3.52996e-08 0
1.56152 1 64.4947 8.971e-09 0
1.56152 1 100 2.22843e-09 0
1.56152 1 155.052 5.01969e-10 0
1.56152 1 240.41 1.1222e-10 0
1.56152 1 372.759 2.62473e-11 0
1.56152 1 577.969 4.21603e-12 0
1.56152 1 896.151 -1.9862e-13 0
1.56152 1 1389.5 -2.46761e-13 0
1.56152 1 2154.43 -1.52786e-13 0
1.56152 1 3340.48 -8.3643e-14 0
1.56152 1 5179.47 -3.82892e-14 0
1.56152 1 8030.86 -1.59205e-14 0
1.56152 1 12452 -5.59229e-15 0
1.56152 1 19307 -2.04557e-15 0
1.56152 1 29935.8 -7.92869e-16 0
1.56152 1 46415.9 -3.02967e-16 0
1.56152 1 71968.6 -1.15502e-16 0
1.56152 1 111588 -4.50702e-17 0
1.56152 1 173020 -1.55261e-17 0
1.56152 1 268270 -5.62596e-18 0
1.56152 1 415956 -1.88692e-18 0
1.56152 1 644947 -5.5484e-19 0
1.56152 1 1e+06 -7.55911e-20 0

3.80755 1 1e-06 -84.6274 0
3.80755 1 1.55052e-06 -54.5722 0
3.80755 1 2.4041e-06 -35.1881 0
3.80755 1 3.72759e-06 -22.6864 0
3.80755 1 5.77969e-06 -14.6235 0
3.80755 1 8.96151e-06 -9.42337 0
3.80755 1 1.3895e-05 -6.06955 0
3.80755 1 2.15443e-05 -3.90652 0
3.80755 1 3.34048e-05 -2.51148 0
3.80755 1 5.17947e-05 -1.61175 0
3.80755 1 8.03086e-05 -1.03148 0
3.80755 1 0.00012452 -0.657233 0
3.80755 1 0.00019307 -0.415868 0
3.80755 1 0.000299358 -0.260204 0
3.80755 1 0.000464159 -0.159816 0
3.80755 1 0.000719686 -0.0950803 0
3.80755 1 0.00111588 -0.0533442 0
3.80755 1 0.0017302 -0.0264497 0
3.80755 1 0.0026827 -0.00913982 0
3.80755 1 0.00415956 0.00196909 0
3.80755 1 0.00644947 0.00904907 0
3.80755 1 0.01 0.0134855 0
3.80755 1 0.0155052 0.016149 0
3.80755 1 0.024041 0.0175687 0
3.80755 1 0.0372759 0.0180413 0
3.80755 1 0.0577969 0.0177032 0
3.80755 1 0.0896151 0.0165858 0
3.80755 1 0.13895 0.0146772 0
3.80755 1 0.215443 0.0120124 0
3.80755 1 0.334048 0.00879691 0
3.80755 1 0.517947 0.0054998 0
3.80755 1 0.803086 0.00276296 0
3.80755 1 1.2452 0.00104109 0
3.80755 1 1.9307 0.000276917 0
3.80755 1 2.99358 5.64404e-05 0
3.80755 1 4.64159 1.41283e-05 0
3.80755 1 7.19686 4.15796e-06 0
3.80755 1 11.1588 1.06306e-06 0
3.80755 1 17.302 3.54499e-07 0
3.80755 1 26.827 1.09173e-07 0
3.80755 1 41.5956 2.93939e-08 0
3.80755 1 64.4947 7.68917e-09 0
3.80755 1 100 1.97614e-09 0
3.80755 1 155.052 4.86262e-10 0
3.80755 1 240.41 1.19288e-10 0
3.80755 1 372.759 2.96032e-11 0
3.80755 1 577.969 6.59834e-12 0
3.80755 1 896.151 1.18344e-12 0
3.80755 1 1389.5 2.09917e-13 0
3.80755 1 2154.43 1.17261e-14 0
3.80755 1 3340.48 -1.71018e-14 0
3.80755 1 5179.47 -1.21234e-14 0
3.80755 1 8030.86 -5.97804e-15 0
3.80755 1 12452 -2.33119e-15 0
3.80755 1 19307 -9.09936e-16 0
3.80755 1 29935.8 -3.62244e-16 0
3.80755 1 46415.9 -1.39624e-16 0
3.80755 1 71968.6 -5.2986e-17 0
3.80755 1 111588 -2.03314e-17 0
3.80755 1 173020 -6.95416e-18 0
3.80755 1 268270 -2.48143e-18 0
3.80755 1 415956 -8.24471e-19 0
3.80755 1 644947 -2.42137e-19 0
3.80755 1 1e+06 -3.53368e-20 0

9.28415 1 1e-06 -3.53844 0
9.28415 1 1.55052e-06 -2.28172 0
9.28415 1 2.4041e-06 -1.4712 0
9.28415 1 3.72759e-06 -0.948459 0
9.28415 1 5.77969e-06 -0.611319 0
9.28415 1 8.96151e-06 -0.393881 0
9.28415 1 1.3895e-05 -0.253646 0
9.28415 1 2.15443e-05 -0.163201 0
9.28415 1 3.34048e-05 -0.10487 0
9.28415 1 5.17947e-05 -0.0672488 0
9.28415 1 8.03086e-05 -0.0429853 0
9.28415 1 0.00012452 -0.0273368 0
9.28415 1 0.00019307 -0.0172444 0
9.28415 1 0.000299358 -0.0107355 0
9.28415 1 0.000464159 -0.00653784 0
9.28415 1 0.000719686 -0.00383094 0
9.28415 1 0.00111588 -0.00208569 0
9.28415 1 0.0017302 -0.000960976 0
9.28415 1 0.0026827 -0.000236939 0
9.28415 1 0.00415956 0.000227945 0
9.28415 1 0.00644947 0.000524566 0
9.28415 1 0.01 0.00071095 0
9.28415 1 0.0155052 0.000823644 0
9.28415 1 0.024041 0.000884947 0
9.28415 1 0.0372759 0.000907473 0
9.28415 1 0.0577969 0.000897069 0
9.28415 1 0.0896151 0.000854922 0
9.28415 1 0.13895 0.000779671 0
9.28415 1 0.215443 0.000670447 0
9.28415 1 0.334048 0.000531311 0
9.28415 1 0.517947 0.000375814 0
9.28415 1 0.803086 0.000227521 0
9.28415 1 1.2452 0.000112002 0
9.28415 1 1.9307 4.31948e-05 0
9.28415 1 2.99358 1.46101e-05 0
9.28415 1 4.64159 5.27754e-06 0
9.28415 1 7.19686 1.94043e-06 0
9.28415 1 11.1588 6.07345e-07 0
9.28415 1 17.302 2.08819e-07 0
9.28415 1 26.827 6.62827e-08 0
9.28415 1 41.5956 1.88377e-08 0
9.28415 1 64.4947 5.15525e-09 0
9.28415 1 100 1.37506e-09 0
9.28415 1 155.052 3.54886e-10 0
9.28415 1 240.41 9.09121e-11 0
9.28415 1 372.759 2.32913e-11 0
9.28415 1 577.969 5.66343e-12 0
9.28415 1 896.151 1.27122e-12 0
9.28415 1 1389.5 2.89596e-13 0
9.28415 1 2154.43 5.71013e-14 0
9.28415 1 3340.48 6.37123e-15 0
9.28415 1 5179.47 -1.61959e-15 0
9.28415 1 8030.86 -1.64943e-15 0
9.28415 1 12452 -7.89021e-16 0
9.28415 1 19307 -3.44453e-16 0
9.28415 1 29935.8 -1.45702e-16 0
9.28415 1 46415.9 -5.80169e-17 0
9.28415 1 71968.6 -2.23699e-17 0
9.28415 1 111588 -8.61291e-18 0
9.28415 1 173020 -2.95458e-18 0
9.28415 1 268270 -1.05073e-18 0
9.28415 1 415956 -3.4834e-19 0
9.28415 1 644947 -1.024e-19 0
9.28415 1 1e+06 -1.54682e-20 0

22.638 1 1e-06 -0.131477 0
22.638 1 1.55052e-06 -0.0847919 0
22.638 1 2.4041e-06 -0.0546825 0
22.638 1 3.72759e-06 -0.0352635 0
22.638 1 5.77969e-06 -0.0227393 0
22.638 1 8.96151e-06 -0.0146619 0
22.638 1 1.3895e-05 -0.00945236 0
22.638 1 2.15443e-05 -0.0060925 0
22.638 1 3.34048e-05 -0.00392557 0
22.638 1 5.17947e-05 -0.00252801 0
22.638 1 8.03086e-05 -0.00162666 0
22.638 1 0.00012452 -0.00104534 0
22.638 1 0.00019307 -0.00067042 0
22.638 1 0.000299358 -0.000428617 0
22.638 1 0.000464159 -0.000272668 0
22.638 1 0.000719686 -0.00017209 0
22.638 1 0.00111588 -0.000107226 0
22.638 1 0.0017302 -6.53962e-05 0
22.638 1 0.0026827 -3.84244e-05 0
22.638 1 0.00415956 -2.10389e-05 0
22.638 1 0.00644947 -9.84114e-06 0
22.638 1 0.01 -2.64239e-06 0
22.638 1 0.0155052 1.96487e-06 0
22.638 1 0.024041 4.88209e-06 0
22.638 1 0.0372759 6.68157e-06 0
22.638 1 0.0577969 7.71981e-06 0
22.638 1 0.0896151 8.21043e-06 0
22.638 1 0.13895 8.2722e-06 0
22.638 1 0.215443 7.96399e-06 0
22.638 1 0.334048 7.31587e-06 0
22.638 1 0.517947 6.36056e-06 0
22.638 1 0.803086 5.16439e-06 0
22.638 1 1.2452 3.83976e-06 0
22.638 1 1.9307 2.55062e-06 0
22.638 1 2.99358 1.53192e-06 0
22.638 1 4.64159 8.51052e-07 0
22.638 1 7.19686 4.2699e-07 0
22.638 1 11.1588 1.73225e-07 0
22.638 1 17.302 7.06659e-08 0
22.638 1 26.827 2.59025e-08 0
22.638 1 41.5956 8.27727e-09 0
22.638 1 64.4947 2.47498e-09 0
22.638 1 100 7.05265e-10 0
22.638 1 155.052 1.92449e-10 0
22.638 1 240.41 5.15477e-11 0
22.638 1 372.759 1.3668e-11 0
22.638 1 577.969 3.48367e-12 0
22.638 1 896.151 8.45147e-13 0
22.638 1 1389.5 2.06857e-13 0
22.638 1 2154.43 4.7187e-14 0
22.638 1 3340.48 9.01508e-15 0
22.638 1 5179.47 1.04499e-15 0
22.638 1 8030.86 -2.2822e-16 0
22.638 1 12452 -2.12019e-16 0
22.638 1 19307 -1.14565e-16 0
22.638 1 29935.8 -5.36439e-17 0
22.638 1 46415.9 -2.25174e-17 0
22.638 1 71968.6 -8.94417e-18 0
22.638 1 111588 -3.49872e-18 0
22.638 1 173020 -1.211e-18 0
22.638 1 268270 -4.3241e-19 0
22.638 1 415956 -1.43681e-19 0
22.638 1 644947 -4.23286e-20 0
22.638 1 1e+06 -6.47689e-21 0

55.1995 1 1e-06 -0.00942837 0
55.1995 1 1.55052e-06 -0.00608072 0
55.1995 1 2.4041e-06 -0.00392166 0
55.1995 1 3.72759e-06 -0.00252918 0
55.1995 1 5.77969e-06 -0.00163111 0
55.1995 1 8.96151e-06 -0.0010519 0
55.1995 1 1.3895e-05 -0.000678339 0
55.1995 1 2.15443e-05 -0.000437414 0
55.1995 1 3.34048e-05 -0.000282029 0
55.1995 1 5.17947e-05 -0.000181815 0
55.1995 1 8.03086e-05 -0.000117182 0
55.1995 1 0.00012452 -7.54968e-05 0
55.1995 1 0.00019307 -4.86123e-05 0
55.1995 1 0.000299358 -3.12733e-05 0
55.1995 1 0.000464159 -2.00905e-05 0
55.1995 1 0.000719686 -1.28782e-05 0
55.1995 1 0.00111588 -8.22671e-06 0
55.1995 1 0.0017302 -5.22678e-06 0
55.1995 1 0.0026827 -3.29204e-06 0
55.1995 1 0.00415956 -2.04434e-06 0
55.1995 1 0.00644947 -1.23978e-06 0
55.1995 1 0.01 -7.21106e-07 0
55.1995 1 0.0155052 -3.86933e-07 0
55.1995 1 0.024041 -1.71931e-07 0
55.1995 1 0.0372759 -3.40493e-08 0
55.1995 1 0.0577969 5.37148e-08 0
55.1995 1 0.0896151 1.08639e-07 0
55.1995 1 0.13895 1.41715e-07 0
55.1995 1 0.215443 1.59925e-07 0
55.1995 1 0.334048 1.67813e-07 0
55.1995 1 0.517947 1.68468e-07 0
55.1995 1 0.803086 1.63587e-07 0
55.1995 1 1.2452 1.52044e-07 0
55.1995 1 1.9307 1.30897e-07 0
55.1995 1 2.99358 1.03505e-07 0
55.1995 1 4.64159 7.75314e-08 0
55.1995 1 7.19686 5.28173e-08 0
55.1995 1 11.1588 2.9613e-08 0
55.1995 1 17.302 1.58112e-08 0
55.1995 1 26.827 7.4344e-09 0
55.1995 1 41.5956 2.9446e-09 0
55.1995 1 64.4947 1.04543e-09 0
55.1995 1 100 3.39773e-10 0
55.1995 1 155.052 1.02681e-10 0
55.1995 1 240.41 2.96932e-11 0
55.1995 1 372.759 8.33224e-12 0
55.1995 1 577.969 2.24478e-12 0
55.1995 1 896.151 5.82126e-13 0
55.1995 1 1389.5 1.50827e-13 0
55.1995 1 2154.43 3.75072e-14 0
55.1995 1 3340.48 8.63274e-15 0
55.1995 1 5179.47 1.75401e-15 0
55.1995 1 8030.86 2.56641e-16 0
55.1995 1 12452 2.93368e-18 0
55.1995 1 19307 -2.4591e-17 0
55.1995 1 29935.8 -1.6614e-17 0
55.1995 1 46415.9 -8.0015e-18 0
55.1995 1 71968.6 -3.40165e-18 0
55.1995 1 111588 -1.38023e-18 0
55.1995 1 173020 -4.86388e-19 0
55.1995 1 268270 -1.75529e-19 0
55.1995 1 415956 -5.86519e-20 0
55.1995 1 644947 -1.73344e-20 0
55.1995 1 1e+06 -2.66366e-21 0

134.596 1 1e-06 -0.000788893 0
134.596 1 1.55052e-06 -0.000508792 0
134.596 1 2.4041e-06 -0.000328142 0
134.596 1 3.72759e-06 -0.000211633 0
134.596 1 5.77969e-06 -0.00013649 0
134.596 1 8.96151e-06 -8.80272e-05 0
134.596 1 1.3895e-05 -5.67712e-05 0
134.596 1 2.15443e-05 -3.66128e-05 0
134.596 1 3.34048e-05 -2.36117e-05 0
134.596 1 5.17947e-05 -1.52266e-05 0
134.596 1 8.03086e-05 -9.81874e-06 0
134.596 1 0.00012452 -6.33093e-06 0
134.596 1 0.00019307 -4.08148e-06 0
134.596 1 0.000299358 -2.63071e-06 0
134.596 1 0.000464159 -1.69504e-06 0
134.596 1 0.000719686 -1.09158e-06 0
134.596 1 0.00111588 -7.0238e-07 0
134.596 1 0.0017302 -4.5137e-07 0
134.596 1 0.0026827 -2.89483e-07 0
134.596 1 0.00415956 -1.85077e-07 0
134.596 1 0.00644947 -1.17745e-07 0
134.596 1 0.01 -7.43257e-08 0
134.596 1 0.0155052 -4.63317e-08 0
134.596 1 0.024041 -2.82909e-08 0
134.596 1 0.0372759 -1.66759e-08 0
134.596 1 0.0577969 -9.21414e-09 0
134.596 1 0.0896151 -4.4415e-09 0
134.596 1 0.13895 -1.41374e-09 0
134.596 1 0.215443 4.83637e-10 0
134.596 1 0.334048 1.66434e-09 0
134.596 1 0.517947 2.42219e-09 0
134.596 1 0.803086 2.95073e-09 0
134.596 1 1.2452 3.26919e-09 0
134.596 1 1.9307 3.24061e-09 0
134.596 1 2.99358 2.93796e-09 0
134.596 1 4.64159 2.74834e-09 0
134.596 1 7.19686 2.41347e-09 0
134.596 1 11.1588 1.74333e-09 0
134.596 1 17.302 1.25807e-09 0
134.596 1 26.827 8.17485e-10 0
134.596 1 41.5956 4.32786e-10 0
134.596 1 64.4947 1.98874e-10 0
134.596 1 100 8.02636e-11 0
134.596 1 155.052 2.89024e-11 0
134.596 1 240.41 9.61095e-12 0
134.596 1 372.759 3.0107e-12 0
134.596 1 577.969 8.86079e-13 0
134.596 1 896.151 2.48107e-13 0
134.596 1 1389.5 6.86428e-14 0
134.596 1 2154.43 1.81822e-14 0
134.596 1 3340.48 4.51989e-15 0
134.596 1 5179.47 1.03374e-15 0
134.596 1 8030.86 2.00169e-16 0
134.596 1 12452 2.81693e-17 0
134.596 1 19307 -2.78628e-18 0
134.596 1 29935.8 -4.92747e-18 0
134.596 1 46415.9 -2.82029e-18 0
134.596 1 71968.6 -1.28874e-18 0
134.596 1 111588 -5.42745e-19 0
134.596 1 173020 -1.94719e-19 0
134.596 1 268270 -7.10548e-20 0
134.596 1 415956 -2.38846e-20 0
134.596 1 644947 -7.08247e-21 0
134.596 1 1e+06 -1.09069e-21 0

328.193 1 1e-06 -7.9807e-05 0
328.193 1 1.55052e-06 -5.14712e-05 0
328.193 1 2.4041e-06 -3.31962e-05 0
328.193 1 3.72759e-06 -2.14097e-05 0
328.193 1 5.77969e-06 -1.38081e-05 0
328.193 1 8.96151e-06 -8.90547e-06 0
328.193 1 1.3895e-05 -5.74353e-06 0
328.193 1 2.15443e-05 -3.70425e-06 0
328.193 1 3.34048e-05 -2.38902e-06 0
328.193 1 5.17947e-05 -1.54076e-06 0
328.193 1 8.03086e-05 -9.93684e-07 0
328.193 1 0.00012452 -6.40848e-07 0
328.193 1 0.00019307 -4.13287e-07 0
328.193 1 0.000299358 -2.66523e-07 0
328.193 1 0.000464159 -1.71868e-07 0
328.193 1 0.000719686 -1.1082e-07 0
328.193 1 0.00111588 -7.14478e-08 0
328.193 1 0.0017302 -4.60547e-08 0
328.193 1 0.0026827 -2.96777e-08 0
328.193 1 0.00415956 -1.91154e-08 0
328.193 1 0.00644947 -1.23036e-08 0
328.193 1 0.01 -7.91052e-09 0
328.193 1 0.0155052 -5.07766e-09 0
328.193 1 0.024041 -3.25122e-09 0
328.193 1 0.0372759 -2.07416e-09 0
328.193 1 0.0577969 -1.31628e-09 0
328.193 1 0.0896151 -8.29147e-10 0
328.193 1 0.13895 -5.1698e-10 0
328.193 1 0.215443 -3.17619e-10 0
328.193 1 0.334048 -1.8994e-10 0
328.193 1 0.517947 -1.05728e-10 0
328.193 1 0.803086 -4.58474e-11 0
328.193 1 1.2452 -2.37039e-12 0
328.193 1 1.9307 2.13835e-11 0
328.193 1 2.99358 2.95341e-11 0
328.193 1 4.64159 4.73593e-11 0
328.193 1 7.19686 6.16322e-11 0
328.193 1 11.1588 5.35453e-11 0
328.193 1 17.302 5.30653e-11 0
328.193 1 26.827 4.88676e-11 0
328.193 1 41.5956 3.48363e-11 0
328.193 1 64.4947 2.17398e-11 0
328.193 1 100 1.18638e-11 0
328.193 1 155.052 5.66253e-12 0
328.193 1 240.41 2.41767e-12 0
328.193 1 372.759 9.33585e-13 0
328.193 1 577.969 3.254e-13 0
328.193 1 896.151 1.0493e-13 0
328.193 1 1389.5 3.25603e-14 0
328.193 1 2154.43 9.52595e-15 0
328.193 1 3340.48 2.62302e-15 0
328.193 1 5179.47 6.79796e-16 0
328.193 1 8030.86 1.61047e-16 0
328.193 1 12452 3.44056e-17 0
328.193 1 19307 5.11375e-18 0
328.193 1 29935.8 -3.9703e-19 0
328.193 1 46415.9 -7.58525e-19 0
328.193 1 71968.6 -4.36558e-19 0
328.193 1 111588 -2.02493e-19 0
328.193 1 173020 -7.57152e-20 0
328.193 1 268270 -2.83238e-20 0
328.193 1 415956 -9.64188e-21 0
328.193 1 644947 -2.87747e-21 0
328.193 1 1e+06 -4.43232e-22 0

800.25 1 1e-06 -9.42626e-06 0
800.25 1 1.55052e-06 -6.07944e-06 0
800.25 1 2.4041e-06 -3.92091e-06 0
800.25 1 3.72759e-06 -2.52878e-06 0
800.25 1 5.77969e-06 -1.63093e-06 0
800.25 1 8.96151e-06 -1.05186e-06 0
800.25 1 1.3895e-05 -6.78393e-07 0
800.25 1 2.15443e-05 -4.37527e-07 0
800.25 1 3.34048e-05 -2.82181e-07 0
800.25 1 5.17947e-05 -1.81991e-07 0
800.25 1 8.03086e-05 -1.17374e-07 0
800.25 1 0.00012452 -7.56996e-08 0
800.25 1 0.00019307 -4.88218e-08 0
800.25 1 0.000299358 -3.1487e-08 0
800.25 1 0.000464159 -2.03069e-08 0
800.25 1 0.000719686 -1.30964e-08 0
800.25 1 0.00111588 -8.44602e-09 0
800.25 1 0.0017302 -5.44677e-09 0
800.25 1 0.0026827 -3.51241e-09 0
800.25 1 0.00415956 -2.26486e-09 0
800.25 1 0.00644947 -1.46027e-09 0
800.25 1 0.01 -9.41366e-10 0
800.25 1 0.0155052 -6.06724e-10 0
800.25 1 0.024041 -3.90932e-10 0
800.25 1 0.0372759 -2.51809e-10 0
800.25 1 0.0577969 -1.62152e-10 0
800.25 1 0.0896151 -1.04423e-10 0
800.25 1 0.13895 -6.73035e-11 0
800.25 1 0.215443 -4.34739e-11 0
800.25 1 0.334048 -2.8154e-11 0
800.25 1 0.517947 -1.81607e-11 0
800.25 1 0.803086 -1.13693e-11 0
800.25 1 1.2452 -6.63175e-12 0
800.25 1 1.9307 -3.71912e-12 0
800.25 1 2.99358 -2.20079e-12 0
800.25 1 4.64159 -3.46142e-13 0
800.25 1 7.19686 1.31934e-12 0
800.25 1 11.1588 1.50004e-12 0
800.25 1 17.302 2.19024e-12 0
800.25 1 26.827 2.74878e-12 0
800.25 1 41.5956 2.43274e-12 0
800.25 1 64.4947 1.93782e-12 0
800.25 1 100 1.39182e-12 0
800.25 1 155.052 8.86436e-13 0
800.25 1 240.41 5.02349e-13 0
800.25 1 372.759 2.50833e-13 0
800.25 1 577.969 1.09234e-13 0
800.25 1 896.151 4.26791e-14 0
800.25 1 1389.5 1.54787e-14 0
800.25 1 2154.43 5.15395e-15 0
800.25 1 3340.48 1.59586e-15 0
800.25 1 5179.47 4.65075e-16 0
800.25 1 8030.86 1.26596e-16 0
800.25 1 12452 3.23272e-17 0
800.25 1 19307 7.2307e-18 0
800.25 1 29935.8 1.1992e-18 0
800.25 1 46415.9 2.90331e-20 0
800.25 1 71968.6 -9.91863e-20 0
800.25 1 111588 -6.53605e-20 0
800.25 1 173020 -2.73452e-20 0
800.25 1 268270 -1.08728e-20 0
800.25 1 415956 -3.81095e-21 0
800.25 1 644947 -1.15347e-21 0
800.25 1 1e+06 -1.77149e-22 0

1951.29 1 1e-06 -1.2217e-06 0
1951.29 1 1.55052e-06 -7.87931e-07 0
1951.29 1 2.4041e-06 -5.08173e-07 0
1951.29 1 3.72759e-06 -3.27745e-07 0
1951.29 1 5.77969e-06 -2.11378e-07 0
1951.29 1 8.96151e-06 -1.36327e-07 0
1951.29 1 1.3895e-05 -8.79239e-08 0
1951.29 1 2.15443e-05 -5.67063e-08 0
1951.29 1 3.34048e-05 -3.65725e-08 0
1951.29 1 5.17947e-05 -2.35873e-08 0
1951.29 1 8.03086e-05 -1.52126e-08 0
1951.29 1 0.00012452 -9.8113e-09 0
1951.29 1 0.00019307 -6.32776e-09 0
1951.29 1 0.000299358 -4.08107e-09 0
1951.29 1 0.000464159 -2.63208e-09 0
1951.29 1 0.000719686 -1.69755e-09 0
1951.29 1 0.00111588 -1.09483e-09 0
1951.29 1 0.0017302 -7.0611e-10 0
1951.29 1 0.0026827 -4.55406e-10 0
1951.29 1 0.00415956 -2.93716e-10 0
1951.29 1 0.00644947 -1.89435e-10 0
1951.29 1 0.01 -1.2218e-10 0
1951.29 1 0.0155052 -7.88054e-11 0
1951.29 1 0.024041 -5.08334e-11 0
1951.29 1 0.0372759 -3.2796e-11 0
1951.29 1 0.0577969 -2.11673e-11 0
1951.29 1 0.0896151 -1.36732e-11 0
1951.29 1 0.13895 -8.84678e-12 0
1951.29 1 0.215443 -5.74085e-12 0
1951.29 1 0.334048 -3.7408e-12 0
1951.29 1 0.517947 -2.44404e-12 0
1951.29 1 0.803086 -1.586e-12 0
1951.29 1 1.2452 -1.00888e-12 0
1951.29 1 1.9307 -6.43241e-13 0
1951.29 1 2.99358 -4.29252e-13 0
1951.29 1 4.64159 -2.34653e-13 0
1951.29 1 7.19686 -7.22246e-14 0
1951.29 1 11.1588 -2.08703e-14 0
1951.29 1 17.302 5.6459e-14 0
1951.29 1 26.827 1.27415e-13 0
1951.29 1 41.5956 1.3592e-13 0
1951.29 1 64.4947 1.29393e-13 0
1951.29 1 100 1.13894e-13 0
1951.29 1 155.052 9.10501e-14 0
1951.29 1 240.41 6.62723e-14 0
1951.29 1 372.759 4.31012e-14 0
1951.29 1 577.969 2.44645e-14 0
1951.29 1 896.151 1.23213e-14 0
1951.29 1 1389.5 5.58345e-15 0
1951.29 1 2154.43 2.24268e-15 0
1951.29 1 3340.48 8.13222e-16 0
1951.29 1 5179.47 2.7154e-16 0
1951.29 1 8030.86 8.37773e-17 0
1951.29 1 12452 2.40988e-17 0
1951.29 1 19307 6.29179e-18 0
1951.29 1 29935.8 1.43135e-18 0
1951.29 1 46415.9 2.58145e-19 0
1951.29 1 71968.6 1.94096e-20 0
1951.29 1 111588 -1.30731e-20 0
1951.29 1 173020 -8.25772e-21 0
1951.29 1 268270 -3.85249e-21 0
1951.29 1 415956 -1.44336e-21 0
1951.29 1 644947 -4.50307e-22 0
1951.29 1 1e+06 -6.85438e-23 0

4757.94 1 1e-06 -1.66055e-07 0
4757.94 1 1.55052e-06 -1.07096e-07 0
4757.94 1 2.4041e-06 -6.90715e-08 0
4757.94 1 3.72759e-06 -4.45474e-08 0
4757.94 1 5.77969e-06 -2.87307e-08 0
4757.94 1 8.96151e-06 -1.85298e-08 0
4757.94 1 1.3895e-05 -1.19507e-08 0
4757.94 1 2.15443e-05 -7.70758e-09 0
4757.94 1 3.34048e-05 -4.97098e-09 0
4757.94 1 5.17947e-05 -3.20602e-09 0
4757.94 1 8.03086e-05 -2.06771e-09 0
4757.94 1 0.00012452 -1.33356e-09 0
4757.94 1 0.00019307 -8.60079e-10 0
4757.94 1 0.000299358 -5.54706e-10 0
4757.94 1 0.000464159 -3.57757e-10 0
4757.94 1 0.000719686 -2.30735e-10 0
4757.94 1 0.00111588 -1.48813e-10 0
4757.94 1 0.0017302 -9.59771e-11 0
4757.94 1 0.0026827 -6.19011e-11 0
4757.94 1 0.00415956 -3.99239e-11 0
4757.94 1 0.00644947 -2.57498e-11 0
4757.94 1 0.01 -1.66083e-11 0
4757.94 1 0.0155052 -1.07126e-11 0
4757.94 1 0.024041 -6.91039e-12 0
4757.94 1 0.0372759 -4.45833e-12 0
4757.94 1 0.0577969 -2.87717e-12 0
4757.94 1 0.0896151 -1.85777e-12 0
4757.94 1 0.13895 -1.20075e-12 0
4757.94 1 0.215443 -7.77448e-13 0
4757.94 1 0.334048 -5.04642e-13 0
4757.94 1 0.517947 -3.28266e-13 0
4757.94 1 0.803086 -2.13122e-13 0
4757.94 1 1.2452 -1.37304e-13 0
4757.94 1 1.9307 -8.87727e-14 0
4757.94 1 2.99358 -5.88776e-14 0
4757.94 1 4.64159 -3.59364e-14 0
4757.94 1 7.19686 -1.85825e-14 0
4757.94 1 11.1588 -1.07983e-14 0
4757.94 1 17.302 -2.74134e-15 0
4757.94 1 26.827 4.21626e-15 0
4757.94 1 41.5956 6.4888e-15 0
4757.94 1 64.4947 7.50275e-15 0
4757.94 1 100 7.80626e-15 0
4757.94 1 155.052 7.40419e-15 0
4757.94 1 240.41 6.54411e-15 0
4757.94 1 372.759 5.35349e-15 0
4757.94 1 577.969 3.92647e-15 0
4757.94 1 896.151 2.57849e-15 0
4757.94 1 1389.5 1.50592e-15 0
4757.94 1 2154.43 7.63639e-16 0
4757.94 1 3340.48 3.3929e-16 0
4757.94 1 5179.47 1.34569e-16 0
4757.94 1 8030.86 4.80776e-17 0
4757.94 1 12452 1.56507e-17 0
4757.94 1 19307 4.60402e-18 0
4757.94 1 29935.8 1.21402e-18 0
4757.94 1 46415.9 2.81669e-19 0
4757.94 1 71968.6 5.31114e-20 0
4757.94 1 111588 5.37778e-21 0
4757.94 1 173020 -9.99105e-22 0
4757.94 1 268270 -1.07744e-21 0
4757.94 1 415956 -4.90724e-22 0
4757.94 1 644947 -1.65042e-22 0
4757.94 1 1e+06 -2.44907e-23 0

11601.6 1 1e-06 -2.26047e-08 0
11601.6 1 1.55052e-06 -1.45788e-08 0
11601.6 1 2.4041e-06 -9.40258e-09 0
11601.6 1 3.72759e-06 -6.06416e-09 0
11601.6 1 5.77969e-06 -3.91106e-09 0
11601.6 1 8.96151e-06 -2.52243e-09 0
11601.6 1 1.3895e-05 -1.62683e-09 0
11601.6 1 2.15443e-05 -1.04922e-09 0
11601.6 1 3.34048e-05 -6.7669e-10 0
11601.6 1 5.17947e-05 -4.36429e-10 0
11601.6 1 8.03086e-05 -2.81474e-10 0
11601.6 1 0.00012452 -1.81536e-10 0
11601.6 1 0.00019307 -1.17081e-10 0
11601.6 1 0.000299358 -7.55111e-11 0
11601.6 1 0.000464159 -4.87008e-11 0
11601.6 1 0.000719686 -3.14095e-11 0
11601.6 1 0.00111588 -2.02576e-11 0
11601.6 1 0.0017302 -1.30652e-11 0
11601.6 1 0.0026827 -8.42647e-12 0
11601.6 1 0.00415956 -5.43475e-12 0
11601.6 1 0.00644947 -3.50525e-12 0
11601.6 1 0.01 -2.26083e-12 0
11601.6 1 0.0155052 -1.45825e-12 0
11601.6 1 0.024041 -9.40639e-13 0
11601.6 1 0.0372759 -6.0682e-13 0
11601.6 1 0.0577969 -3.91543e-13 0
11601.6 1 0.0896151 -2.52724e-13 0
11601.6 1 0.13895 -1.63222e-13 0
11601.6 1 0.215443 -1.05527e-13 0
11601.6 1 0.334048 -6.83293e-14 0
11601.6 1 0.517947 -4.43111e-14 0
11601.6 1 0.803086 -2.87301e-14 0
11601.6 1 1.2452 -1.85786e-14 0
11601.6 1 1.9307 -1.20539e-14 0
11601.6 1 2.99358 -7.93789e-15 0
11601.6 1 4.64159 -5.04392e-15 0
11601.6 1 7.19686 -3.00549e-15 0
11601.6 1 11.1588 -1.91301e-15 0
11601.6 1 17.302 -1.00508e-15 0
11601.6 1 26.827 -2.92925e-16 0
11601.6 1 41.5956 2.76072e-17 0
11601.6 1 64.4947 2.16553e-16 0
11601.6 1 100 3.33262e-16 0
11601.6 1 155.052 3.8854e-16 0
11601.6 1 240.41 4.04749e-16 0
11601.6 1 372.759 3.93073e-16 0
11601.6 1 577.969 3.48427e-16 0
11601.6 1 896.151 2.82923e-16 0
11601.6 1 1389.5 2.09833e-16 0
11601.6 1 2154.43 1.37482e-16 0
11601.6 1 3340.48 7.88504e-17 0
11601.6 1 5179.47 3.97654e-17 0
11601.6 1 8030.86 1.7664e-17 0
11601.6 1 12452 6.9383e-18 0
11601.6 1 19307 2.39706e-18 0
11601.6 1 29935.8 7.31837e-19 0
11601.6 1 46415.9 1.97946e-19 0
11601.6 1 71968.6 4.64253e-20 0
11601.6 1 111588 8.74087e-21 0
11601.6 1 173020 1.16461e-21 0
11601.6 1 268270 -8.97513e-23 0
11601.6 1 415956 -1.26919e-22 0
11601.6 1 644947 -5.2731e-23 0
11601.6 1 1e+06 -7.21568e-24 0

28288.7 1 1e-06 -3.01708e-09 0
28288.7 1 1.55052e-06 -1.94586e-09 0
28288.7 1 2.4041e-06 -1.25497e-09 0
28288.7 1 3.72759e-06 -8.09391e-10 0
28288.7 1 5.77969e-06 -5.22014e-10 0
28288.7 1 8.96151e-06 -3.36671e-10 0
28288.7 1 1.3895e-05 -2.17135e-10 0
28288.7 1 2.15443e-05 -1.4004e-10 0
28288.7 1 3.34048e-05 -9.03187e-11 0
28288.7 1 5.17947e-05 -5.82507e-11 0
28288.7 1 8.03086e-05 -3.75686e-11 0
28288.7 1 0.00012452 -2.42298e-11 0
28288.7 1 0.00019307 -1.56269e-11 0
28288.7 1 0.000299358 -1.00785e-11 0
28288.7 1 0.000464159 -6.50013e-12 0
28288.7 1 0.000719686 -4.19225e-12 0
28288.7 1 0.00111588 -2.70379e-12 0
28288.7 1 0.0017302 -1.74381e-12 0
28288.7 1 0.0026827 -1.12467e-12 0
28288.7 1 0.00415956 -7.25365e-13 0
28288.7 1 0.00644947 -4.67833e-13 0
28288.7 1 0.01 -3.01738e-13 0
28288.7 1 0.0155052 -1.94616e-13 0
28288.7 1 0.024041 -1.25529e-13 0
28288.7 1 0.0372759 -8.09722e-14 0
28288.7 1 0.0577969 -5.22367e-14 0
28288.7 1 0.0896151 -3.37054e-14 0
28288.7 1 0.13895 -2.17555e-14 0
28288.7 1 0.215443 -1.40504e-14 0
28288.7 1 0.334048 -9.0818e-15 0
28288.7 1 0.517947 -5.87553e-15 0
28288.7 1 0.803086 -3.8017e-15 0
28288.7 1 1.2452 -2.45741e-15 0
28288.7 1 1.9307 -1.59186e-15 0
28288.7 1 2.99358 -1.0397e-15 0
28288.7 1 4.64159 -6.6783e-16 0
28288.7 1 7.19686 -4.16549e-16 0
28288.7 1 11.1588 -2.6912e-16 0
28288.7 1 17.302 -1.60539e-16 0
28288.7 1 26.827 -8.18881e-17 0
28288.7 1 41.5956 -4.0176e-17 0
28288.7 1 64.4947 -1.41614e-17 0
28288.7 1 100 2.76343e-18 0
28288.7 1 155.052 1.29589e-17 0
28288.7 1 240.41 1.90205e-17 0
28288.7 1 372.759 2.25735e-17 0
28288.7 1 577.969 2.34583e-17 0
28288.7 1 896.151 2.23046e-17 0
28288.7 1 1389.5 1.98629e-17 0
28288.7 1 2154.43 1.61572e-17 0
28288.7 1 3340.48 1.18067e-17 0
28288.7 1 5179.47 7.68493e-18 0
28288.7 1 8030.86 4.40942e-18 0
28288.7 1 12452 2.20173e-18 0
28288.7 1 19307 9.42225e-19 0
28288.7 1 29935.8 3.46862e-19 0
28288.7 1 46415.9 1.10954e-19 0
28288.7 1 71968.6 3.08076e-20 0
28288.7 1 111588 7.29959e-21 0
28288.7 1 173020 1.48492e-21 0
28288.7 1 268270 2.08321e-22 0
28288.7 1 415956 2.98852e-24 0
28288.7 1 644947 -1.00413e-23 0
28288.7 1 1e+06 -7.04068e-25 0

68977.9 1 1e-06 -3.84477e-10 0
68977.9 1 1.55052e-06 -2.47967e-10 0
68977.9 1 2.4041e-06 -1.59926e-10 0
68977.9 1 3.72759e-06 -1.03144e-10 0
68977.9 1 5.77969e-06 -6.65221e-11 0
68977.9 1 8.96151e-06 -4.29032e-11 0
68977.9 1 1.3895e-05 -2.76703e-11 0
68977.9 1 2.15443e-05 -1.78459e-11 0
68977.9 1 3.34048e-05 -1.15096e-11 0
68977.9 1 5.17947e-05 -7.4231e-12 0
68977.9 1 8.03086e-05 -4.7875e-12 0
68977.9 1 0.00012452 -3.08769e-12 0
68977.9 1 0.00019307 -1.99139e-12 0
68977.9 1 0.000299358 -1.28434e-12 0
68977.9 1 0.000464159 -8.28334e-13 0
68977.9 1 0.000719686 -5.34232e-13 0
68977.9 1 0.00111588 -3.44552e-13 0
68977.9 1 0.0017302 -2.22219e-13 0
68977.9 1 0.0026827 -1.4332e-13 0
68977.9 1 0.00415956 -9.24347e-14 0
68977.9 1 0.00644947 -5.96163e-14 0
68977.9 1 0.01 -3.84503e-14 0
68977.9 1 0.0155052 -2.47993e-14 0
68977.9 1 0.024041 -1.59952e-14 0
68977.9 1 0.0372759 -1.03171e-14 0
68977.9 1 0.0577969 -6.65511e-15 0
68977.9 1 0.0896151 -4.29341e-15 0
68977.9 1 0.13895 -2.77036e-15 0
68977.9 1 0.215443 -1.7882e-15 0
68977.9 1 0.334048 -1.15482e-15 0
68977.9 1 0.517947 -7.46201e-16 0
68977.9 1 0.803086 -4.8227e-16 0
68977.9 1 1.2452 -3.11599e-16 0
68977.9 1 1.9307 -2.01619e-16 0
68977.9 1 2.99358 -1.31091e-16 0
68977.9 1 4.64159 -8.4562e-17 0
68977.9 1 7.19686 -5.37924e-17 0
68977.9 1 11.1588 -3.49163e-17 0
68977.9 1 17.302 -2.18462e-17 0
68977.9 1 26.827 -1.28385e-17 0
68977.9 1 41.5956 -7.62205e-18 0
68977.9 1 64.4947 -4.30863e-18 0
68977.9 1 100 -2.14791e-18 0
68977.9 1 155.052 -7.83646e-19 0
68977.9 1 240.41 8.8032e-20 0
68977.9 1 372.759 6.69231e-19 0
68977.9 1 577.969 1.00387e-18 0
68977.9 1 896.151 1.16358e-18 0
68977.9 1 1389.5 1.22398e-18 0
68977.9 1 2154.43 1.18288e-18 0
68977.9 1 3340.48 1.04925e-18 0
68977.9 1 5179.47 8.51044e-19 0
68977.9 1 8030.86 6.24169e-19 0
68977.9 1 12452 4.05555e-19 0
68977.9 1 19307 2.26372e-19 0
68977.9 1 29935.8 1.07139e-19 0
68977.9 1 46415.9 4.30253e-20 0
68977.9 1 71968.6 1.46801e-20 0
68977.9 1 111588 4.26315e-21 0
68977.9 1 173020 1.07796e-21 0
68977.9 1 268270 2.23082e-22 0
68977.9 1 415956 3.62352e-23 0
68977.9 1 644947 3.90526e-24 0
68977.9 1 1e+06 1.35466e-24 0

168192 1 1e-06 -4.54867e-11 0
168192 1 1.55052e-06 -2.93365e-11 0
168192 1 2.4041e-06 -1.89205e-11 0
168192 1 3.72759e-06 -1.22027e-11 0
168192 1 5.77969e-06 -7.87008e-12 0
168192 1 8.96151e-06 -5.07578e-12 0
168192 1 1.3895e-05 -3.27361e-12 0
168192 1 2.15443e-05 -2.1113e-12 0
168192 1 3.34048e-05 -1.36168e-12 0
168192 1 5.17947e-05 -8.7821e-13 0
168192 1 8.03086e-05 -5.66399e-13 0
168192 1 0.00012452 -3.65297e-13 0
168192 1 0.00019307 -2.35597e-13 0
168192 1 0.000299358 -1.51948e-13 0
168192 1 0.000464159 -9.79982e-14 0
168192 1 0.000719686 -6.32037e-14 0
168192 1 0.00111588 -4.07631e-14 0
168192 1 0.0017302 -2.62901e-14 0
168192 1 0.0026827 -1.69558e-14 0
168192 1 0.00415956 -1.09356e-14 0
168192 1 0.00644947 -7.05298e-15 0
168192 1 0.01 -4.54887e-15 0
168192 1 0.0155052 -2.93386e-15 0
168192 1 0.024041 -1.89226e-15 0
168192 1 0.0372759 -1.22049e-15 0
168192 1 0.0577969 -7.87238e-16 0
168192 1 0.0896151 -5.07821e-16 0
168192 1 0.13895 -3.2762e-16 0
168192 1 0.215443 -2.11408e-16 0
168192 1 0.334048 -1.36461e-16 0
168192 1 0.517947 -8.81169e-17 0
168192 1 0.803086 -5.69111e-17 0
168192 1 1.2452 -3.67551e-17 0
168192 1 1.9307 -2.37618e-17 0
168192 1 2.99358 -1.54086e-17 0
168192 1 4.64159 -9.95204e-18 0
168192 1 7.19686 -6.38226e-18 0
168192 1 11.1588 -4.14426e-18 0
168192 1 17.302 -2.64133e-18 0
168192 1 26.827 -1.63344e-18 0
168192 1 41.5956 -1.02272e-18 0
168192 1 64.4947 -6.3205e-19 0
168192 1 100 -3.78191e-19 0
168192 1 155.052 -2.15993e-19 0
168192 1 240.41 -1.11327e-19 0
168192 1 372.759 -4.14659e-20 0
168192 1 577.969 2.40899e-21 0
168192 1 896.151 2.88396e-20 0
168192 1 1389.5 4.5854e-20 0
168192 1 2154.43 5.51971e-20 0
168192 1 3340.48 5.79564e-20 0
168192 1 5179.47 5.54061e-20 0
168192 1 8030.86 4.87973e-20 0
168192 1 12452 3.94248e-20 0
168192 1 19307 2.83328e-20 0
168192 1 29935.8 1.76616e-20 0
168192 1 46415.9 9.39633e-21 0
168192 1 71968.6 4.21344e-21 0
168192 1 111588 1.58754e-21 0
168192 1 173020 5.09696e-22 0
168192 1 268270 1.35279e-22 0
168192 1 415956 3.0497e-23 0
168192 1 644947 5.95923e-24 0
168192 1 1e+06 1.54837e-24 0

410113 1 1e-06 -4.94305e-12 0
410113 1 1.55052e-06 -3.188e-12 0
410113 1 2.4041e-06 -2.05609e-12 0
410113 1 3.72759e-06 -1.32607e-12 0
410113 1 5.77969e-06 -8.55244e-13 0
410113 1 8.96151e-06 -5.51587e-13 0
410113 1 1.3895e-05 -3.55744e-13 0
410113 1 2.15443e-05 -2.29436e-13 0
410113 1 3.34048e-05 -1.47974e-13 0
410113 1 5.17947e-05 -9.54353e-14 0
410113 1 8.03086e-05 -6.15507e-14 0
410113 1 0.00012452 -3.96969e-14 0
410113 1 0.00019307 -2.56024e-14 0
410113 1 0.000299358 -1.65122e-14 0
410113 1 0.000464159 -1.06495e-14 0
410113 1 0.000719686 -6.86836e-15 0
410113 1 0.00111588 -4.42973e-15 0
410113 1 0.0017302 -2.85695e-15 0
410113 1 0.0026827 -1.84258e-15 0
410113 1 0.00415956 -1.18837e-15 0
410113 1 0.00644947 -7.66443e-16 0
410113 1 0.01 -4.94321e-16 0
410113 1 0.0155052 -3.18817e-16 0
410113 1 0.024041 -2.05626e-16 0
410113 1 0.0372759 -1.32624e-16 0
410113 1 0.0577969 -8.55421e-17 0
410113 1 0.0896151 -5.51773e-17 0
410113 1 0.13895 -3.55941e-17 0
410113 1 0.215443 -2.29645e-17 0
410113 1 0.334048 -1.48194e-17 0
410113 1 0.517947 -9.56565e-18 0
410113 1 0.803086 -6.17555e-18 0
410113 1 1.2452 -3.98712e-18 0
410113 1 1.9307 -2.57611e-18 0
410113 1 2.99358 -1.66787e-18 0
410113 1 4.64159 -1.0775e-18 0
410113 1 7.19686 -6.93375e-19 0
410113 1 11.1588 -4.49914e-19 0
410113 1 17.302 -2.88931e-19 0
410113 1 26.827 -1.82532e-19 0
410113 1 41.5956 -1.16527e-19 0
410113 1 64.4947 -7.41666e-20 0
410113 1 100 -4.6713e-20 0
410113 1 155.052 -2.90992e-20 0
410113 1 240.41 -1.77218e-20 0
410113 1 372.759 -1.02007e-20 0
410113 1 577.969 -5.39183e-21 0
410113 1 896.151 -2.36715e-21 0
410113 1 1389.5 -3.39965e-22 0
410113 1 2154.43 9.78834e-22 0
410113 1 3340.48 1.76848e-21 0
410113 1 5179.47 2.17137e-21 0
410113 1 8030.86 2.29387e-21 0
410113 1 12452 2.22568e-21 0
410113 1 19307 1.96869e-21 0
410113 1 29935.8 1.56305e-21 0
410113 1 46415.9 1.09639e-21 0
410113 1 71968.6 6.64837e-22 0
410113 1 111588 3.42215e-22 0
410113 1 173020 1.47611e-22 0
410113 1 268270 5.177e-23 0
410113 1 415956 1.53422e-23 0
410113 1 644947 3.94331e-24 0
410113 1 1e+06 1.07221e-24 0

1e+06 1 1e-06 -4.90658e-13 0
1e+06 1 1.55052e-06 -3.16448e-13 0
1e+06 1 2.4041e-06 -2.04092e-13 0
1e+06 1 3.72759e-06 -1.31629e-13 0
1e+06 1 5.77969e-06 -8.48934e-14 0
1e+06 1 8.96151e-06 -5.47517e-14 0
1e+06 1 1.3895e-05 -3.5312e-14 0
1e+06 1 2.15443e-05 -2.27743e-14 0
1e+06 1 3.34048e-05 -1.46882e-14 0
1e+06 1 5.17947e-05 -9.47312e-15 0
1e+06 1 8.03086e-05 -6.10966e-15 0
1e+06 1 0.00012452 -3.94041e-15 0
1e+06 1 0.00019307 -2.54135e-15 0
1e+06 1 0.000299358 -1.63904e-15 0
1e+06 1 0.000464159 -1.05709e-15 0
1e+06 1 0.000719686 -6.81768e-16 0
1e+06 1 0.00111588 -4.39705e-16 0
1e+06 1 0.0017302 -2.83586e-16 0
1e+06 1 0.0026827 -1.82899e-16 0
1e+06 1 0.00415956 -1.1796e-16 0
1e+06 1 0.00644947 -7.60785e-17 0
1e+06 1 0.01 -4.9067e-17 0
1e+06 1 0.0155052 -3.16461e-17 0
1e+06 1 0.024041 -2.04105e-17 0
1e+06 1 0.0372759 -1.31641e-17 0
1e+06 1 0.0577969 -8.49066e-18 0
1e+06 1 0.0896151 -5.47655e-18 0
1e+06 1 0.13895 -3.53264e-18 0
1e+06 1 0.215443 -2.27896e-18 0
1e+06 1 0.334048 -1.47042e-18 0
1e+06 1 0.517947 -9.48921e-19 0
1e+06 1 0.803086 -6.12465e-19 0
1e+06 1 1.2452 -3.95336e-19 0
1e+06 1 1.9307 -2.55326e-19 0
1e+06 1 2.99358 -1.65147e-19 0
1e+06 1 4.64159 -1.06679e-19 0
1e+06 1 7.19686 -6.87449e-20 0
1e+06 1 11.1588 -4.45654e-20 0
1e+06 1 17.302 -2.87063e-20 0
1e+06 1 26.827 -1.83061e-20 0
1e+06 1 41.5956 -1.17732e-20 0
1e+06 1 64.4947 -7.57372e-21 0
1e+06 1 100 -4.85622e-21 0
1e+06 1 155.052 -3.10956e-21 0
1e+06 1 240.41 -1.98163e-21 0
1e+06 1 372.759 -1.24139e-21 0
1e+06 1 577.969 -7.65997e-22 0
1e+06 1 896.151 -4.63567e-22 0
1e+06 1 1389.5 -2.61707e-22 0
1e+06 1 2154.43 -1.27929e-22 0
1e+06 1 3340.48 -4.16949e-23 0
1e+06 1 5179.47 1.20436e-23 0
1e+06 1 8030.86 4.41458e-23 0
1e+06 1 12452 6.40202e-23 0
1e+06 1 19307 7.31512e-23 0
1e+06 1 29935.8 7.2509e-23 0
1e+06 1 46415.9 6.41752e-23 0
1e+06 1 71968.6 5.05017e-23 0
1e+06 1 111588 3.49218e-23 0
1e+06 1 173020 2.07355e-23 0
1e+06 1 268270 1.0103e-23 0
1e+06 1 415956 4.13962e-24 0
1e+06 1 644947 1.43271e-24 0
1e+06 1 1e+06 4.64689e-25 0

