#q_sq i k_sq Re(fg) Im(fg)
1e-06 3 1e-06 -0.777431 0
1e-06 3 1.55052e-06 -0.777431 0
1e-06 3 2.4041e-06 -0.77743 0
1e-06 3 3.72759e-06 -0.777428 0
1e-06 3 5.77969e-06 -0.777426 0
1e-06 3 8.96151e-06 -0.777422 0
1e-06 3 1.3895e-05 -0.777416 0
1e-06 3 2.15443e-05 -0.777407 0
1e-06 3 3.34048e-05 -0.777393 0
1e-06 3 5.17947e-05 -0.777372 0
1e-06 3 8.03086e-05 -0.777338 0
1e-06 3 0.00012452 -0.777287 0
1e-06 3 0.00019307 -0.777206 0
1e-06 3 0.000299358 -0.777082 0
1e-06 3 0.000464159 -0.776888 0
1e-06 3 0.000719686 -0.776589 0
1e-06 3 0.00111588 -0.776125 0
1e-06 3 0.0017302 -0.775406 0
1e-06 3 0.0026827 -0.774292 0
1e-06 3 0.00415956 -0.77257 0
1e-06 3 0.00644947 -0.769906 0
1e-06 3 0.01 -0.765796 0
1e-06 3 0.0155052 -0.759469 0
1e-06 3 0.024041 -0.74977 0
1e-06 3 0.0372759 -0.734994 0
1e-06 3 0.0577969 -0.712703 0
1e-06 3 0.0896151 -0.679578 0
1e-06 3 0.13895 -0.631492 0
1e-06 3 0.215443 -0.564205 0
1e-06 3 0.334048 -0.475132 0
1e-06 3 0.517947 -0.366894 0
1e-06 3 0.803086 -0.251776 0
1e-06 3 1.2452 -0.15137 0
1e-06 3 1.9307 -0.083066 0
1e-06 3 2.99358 -0.0459078 0
1e-06 3 4.64159 -0.0243802 0
1e-06 3 7.19686 -0.0106485 0
1e-06 3 11.1588 -0.00647468 0
1e-06 3 17.302 -0.00306423 0
1e-06 3 26.827 -0.00153421 0
1e-06 3 41.5956 -0.000954159 0
1e-06 3 64.4947 -0.000593188 0
1e-06 3 100 -0.000361831 0
1e-06 3 155.052 -0.000226319 0
1e-06 3 240.41 -0.000140896 0
1e-06 3 372.759 -8.52752e-05 0
1e-06 3 577.969 -5.23404e-05 0
1e-06 3 896.151 -3.27936e-05 0
1e-06 3 1389.5 -2.00422e-05 0
1e-06 3 2154.43 -1.20786e-05 0
1e-06 3 3340.48 -7.28159e-06 0
1e-06 3 5179.47 -4.3924e-06 0
1e-06 3 8030.86 -2.63612e-06 0
1e-06 3 12452 -1.54353e-06 0
1e-06 3 19307 -8.8084e-07 0
1e-06 3 29935.8 -4.91164e-07 0
1e-06 3 46415.9 -2.6678e-07 0
1e-06 3 71968.6 -1.41191e-07 0
1e-06 3 111588 -7.27692e-08 0
1e-06 3 173020 -3.56155e-08 0
1e-06 3 268270 -1.69237e-08 0
1e-06 3 415956 -7.65856e-09 0
1e-06 3 644947 -3.14718e-09 0
1e-06 3 1e+06 -9.84085e-10 0

2.43835e-06 3 1e-06 -0.777431 0
2.43835e-06 3 1.55052e-06 -0.777431 0
2.43835e-06 3 2.4041e-06 -0.77743 0
2.43835e-06 3 3.72759e-06 -0.777428 0
2.43835e-06 3 5.77969e-06 -0.777426 0
2.43835e-06 3 8.96151e-06 -0.777422 0
2.43835e-06 3 1.3895e-05 -0.777416 0
2.43835e-06 3 2.15443e-05 -0.777407 0
2.43835e-06 3 3.34048e-05 -0.777393 0
2.43835e-06 3 5.17947e-05 -0.777372 0
2.43835e-06 3 8.03086e-05 -0.777338 0
2.43835e-06 3 0.00012452 -0.777286 0
2.43835e-06 3 0.00019307 -0.777206 0
2.43835e-06 3 0.000299358 -0.777081 0
2.43835e-06 3 0.000464159 -0.776888 0
2.43835e-06 3 0.000719686 -0.776589 0
2.43835e-06 3 0.00111588 -0.776125 0
2.43835e-06 3 0.0017302 -0.775406 0
2.43835e-06 3 0.0026827 -0.774292 0
2.43835e-06 3 0.00415956 -0.772569 0
2.43835e-06 3 0.00644947 -0.769906 0
2.43835e-06 3 0.01 -0.765796 0
2.43835e-06 3 0.0155052 -0.759469 0
2.43835e-06 3 0.024041 -0.74977 0
2.43835e-06 3 0.0372759 -0.734994 0
2.43835e-06 3 0.0577969 -0.712703 0
2.43835e-06 3 0.0896151 -0.679577 0
2.43835e-06 3 0.13895 -0.631492 0
2.43835e-06 3 0.215443 -0.564205 0
2.43835e-06 3 0.334048 -0.475132 0
2.43835e-06 3 0.517947 -0.366894 0
2.43835e-06 3 0.803086 -0.251776 0
2.43835e-06 3 1.2452 -0.15137 0
2.43835e-06 3 1.9307 -0.0830659 0
2.43835e-06 3 2.99358 -0.0459078 0
2.43835e-06 3 4.64159 -0.0243802 0
2.43835e-06 3 7.19686 -0.0106485 0
2.43835e-06 3 11.1588 -0.00647468 0
2.43835e-06 3 17.302 -0.00306423 0
2.43835e-06 3 26.827 -0.00153421 0
2.43835e-06 3 41.5956 -0.000954159 0
2.43835e-06 3 64.4947 -0.000593188 0
2.43835e-06 3 100 -0.000361831 0
2.43835e-06 3 155.052 -0.000226319 0
2.43835e-06 3 240.41 -0.000140896 0
2.43835e-06 3 372.759 -8.52752e-05 0
2.43835e-06 3 577.969 -5.23404e-05 0
2.43835e-06 3 896.151 -3.27936e-05 0
2.43835e-06 3 1389.5 -2.00422e-05 0
2.43835e-06 3 2154.43 -1.20786e-05 0
2.43835e-06 3 3340.48 -7.28159e-06 0
2.43835e-06 3 5179.47 -4.3924e-06 0
2.43835e-06 3 8030.86 -2.63612e-06 0
2.43835e-06 3 12452 -1.54353e-06 0
2.43835e-06 3 19307 -8.8084e-07 0
2.43835e-06 3 29935.8 -4.91164e-07 0
2.43835e-06 3 46415.9 -2.6678e-07 0
2.43835e-06 3 71968.6 -1.41191e-07 0
2.43835e-06 3 111588 -7.27692e-08 0
2.43835e-06 3 173020 -3.56155e-08 0
2.43835e-06 3 268270 -1.69237e-08 0
2.43835e-06 3 415956 -7.65856e-09 0
2.43835e-06 3 644947 -3.14718e-09 0
2.43835e-06 3 1e+06 -9.84085e-10 0

5.94557e-06 3 1e-06 -0.777431 0
5.94557e-06 3 1.55052e-06 -0.77743 0
5.94557e-06 3 2.4041e-06 -0.777429 0
5.94557e-06 3 3.72759e-06 -0.777428 0
5.94557e-06 3 5.77969e-06 -0.777425 0
5.94557e-06 3 8.96151e-06 -0.777422 0
5.94557e-06 3 1.3895e-05 -0.777416 0
5.94557e-06 3 2.15443e-05 -0.777407 0
5.94557e-06 3 3.34048e-05 -0.777393 0
5.94557e-06 3 5.17947e-05 -0.777371 0
5.94557e-06 3 8.03086e-05 -0.777338 0
5.94557e-06 3 0.00012452 -0.777286 0
5.94557e-06 3 0.00019307 -0.777206 0
5.94557e-06 3 0.000299358 -0.777081 0
5.94557e-06 3 0.000464159 -0.776888 0
5.94557e-06 3 0.000719686 -0.776588 0
5.94557e-06 3 0.00111588 -0.776124 0
5.94557e-06 3 0.0017302 -0.775405 0
5.94557e-06 3 0.0026827 -0.774292 0
5.94557e-06 3 0.00415956 -0.772569 0
5.94557e-06 3 0.00644947 -0.769906 0
5.94557e-06 3 0.01 -0.765795 0
5.94557e-06 3 0.0155052 -0.759469 0
5.94557e-06 3 0.024041 -0.74977 0
5.94557e-06 3 0.0372759 -0.734993 0
5.94557e-06 3 0.0577969 -0.712703 0
5.94557e-06 3 0.0896151 -0.679577 0
5.94557e-06 3 0.13895 -0.631491 0
5.94557e-06 3 0.215443 -0.564205 0
5.94557e-06 3 0.334048 -0.475132 0
5.94557e-06 3 0.517947 -0.366894 0
5.94557e-06 3 0.803086 -0.251776 0
5.94557e-06 3 1.2452 -0.15137 0
5.94557e-06 3 1.9307 -0.0830659 0
5.94557e-06 3 2.99358 -0.0459078 0
5.94557e-06 3 4.64159 -0.0243802 0
5.94557e-06 3 7.19686 -0.0106485 0
5.94557e-06 3 11.1588 -0.00647468 0
5.94557e-06 3 17.302 -0.00306423 0
5.94557e-06 3 26.827 -0.00153421 0
5.94557e-06 3 41.5956 -0.000954159 0
5.94557e-06 3 64.4947 -0.000593188 0
5.94557e-06 3 100 -0.000361831 0
5.94557e-06 3 155.052 -0.000226319 0
5.94557e-06 3 240.41 -0.000140896 0
5.94557e-06 3 372.759 -8.52752e-05 0
5.94557e-06 3 577.969 -5.23404e-05 0
5.94557e-06 3 896.151 -3.27936e-05 0
5.94557e-06 3 1389.5 -2.00422e-05 0
5.94557e-06 3 2154.43 -1.20786e-05 0
5.94557e-06 3 3340.48 -7.28159e-06 0
5.94557e-06 3 5179.47 -4.3924e-06 0
5.94557e-06 3 8030.86 -2.63612e-06 0
5.94557e-06 3 12452 -1.54353e-06 0
5.94557e-06 3 19307 -8.8084e-07 0
5.94557e-06 3 29935.8 -4.91164e-07 0
5.94557e-06 3 46415.9 -2.6678e-07 0
5.94557e-06 3 71968.6 -1.41191e-07 0
5.94557e-06 3 111588 -7.27692e-08 0
5.94557e-06 3 173020 -3.56155e-08 0
5.94557e-06 3 268270 -1.69237e-08 0
5.94557e-06 3 415956 -7.65856e-09 0
5.94557e-06 3 644947 -3.14718e-09 0
5.94557e-06 3 1e+06 -9.84085e-10 0

1.44974e-05 3 1e-06 -0.77743 0
1.44974e-05 3 1.55052e-06 -0.777429 0
1.44974e-05 3 2.4041e-06 -0.777428 0
1.44974e-05 3 3.72759e-06 -0.777427 0
1.44974e-05 3 5.77969e-06 -0.777424 0
1.44974e-05 3 8.96151e-06 -0.77742 0
1.44974e-05 3 1.3895e-05 -0.777415 0
1.44974e-05 3 2.15443e-05 -0.777406 0
1.44974e-05 3 3.34048e-05 -0.777392 0
1.44974e-05 3 5.17947e-05 -0.77737 0
1.44974e-05 3 8.03086e-05 -0.777337 0
1.44974e-05 3 0.00012452 -0.777285 0
1.44974e-05 3 0.00019307 -0.777205 0
1.44974e-05 3 0.000299358 -0.77708 0
1.44974e-05 3 0.000464159 -0.776887 0
1.44974e-05 3 0.000719686 -0.776587 0
1.44974e-05 3 0.00111588 -0.776123 0
1.44974e-05 3 0.0017302 -0.775404 0
1.44974e-05 3 0.0026827 -0.774291 0
1.44974e-05 3 0.00415956 -0.772568 0
1.44974e-05 3 0.00644947 -0.769905 0
1.44974e-05 3 0.01 -0.765794 0
1.44974e-05 3 0.0155052 -0.759468 0
1.44974e-05 3 0.024041 -0.749769 0
1.44974e-05 3 0.0372759 -0.734992 0
1.44974e-05 3 0.0577969 -0.712702 0
1.44974e-05 3 0.0896151 -0.679576 0
1.44974e-05 3 0.13895 -0.63149 0
1.44974e-05 3 0.215443 -0.564204 0
1.44974e-05 3 0.334048 -0.475131 0
1.44974e-05 3 0.517947 -0.366893 0
1.44974e-05 3 0.803086 -0.251775 0
1.44974e-05 3 1.2452 -0.15137 0
1.44974e-05 3 1.9307 -0.0830659 0
1.44974e-05 3 2.99358 -0.0459077 0
1.44974e-05 3 4.64159 -0.0243802 0
1.44974e-05 3 7.19686 -0.0106485 0
1.44974e-05 3 11.1588 -0.00647468 0
1.44974e-05 3 17.302 -0.00306423 0
1.44974e-05 3 26.827 -0.00153421 0
1.44974e-05 3 41.5956 -0.000954159 0
1.44974e-05 3 64.4947 -0.000593188 0
1.44974e-05 3 100 -0.000361831 0
1.44974e-05 3 155.052 -0.000226319 0
1.44974e-05 3 240.41 -0.000140896 0
1.44974e-05 3 372.759 -8.52752e-05 0
1.44974e-05 3 577.969 -5.23404e-05 0
1.44974e-05 3 896.151 -3.27936e-05 0
1.44974e-05 3 1389.5 -2.00422e-05 0
1.44974e-05 3 2154.43 -1.20786e-05 0
1.44974e-05 3 3340.48 -7.28159e-06 0
1.44974e-05 3 5179.47 -4.3924e-06 0
1.44974e-05 3 8030.86 -2.63612e-06 0
1.44974e-05 3 12452 -1.54353e-06 0
1.44974e-05 3 19307 -8.8084e-07 0
1.44974e-05 3 29935.8 -4.91164e-07 0
1.44974e-05 3 46415.9 -2.6678e-07 0
1.44974e-05 3 71968.6 -1.41191e-07 0
1.44974e-05 3 111588 -7.27692e-08 0
1.44974e-05 3 173020 -3.56155e-08 0
1.44974e-05 3 268270 -1.69237e-08 0
1.44974e-05 3 415956 -7.65856e-09 0
1.44974e-05 3 644947 -3.14718e-09 0
1.44974e-05 3 1e+06 -9.84085e-10 0

3.53498e-05 3 1e-06 -0.777427 0
3.53498e-05 3 1.55052e-06 -0.777427 0
3.53498e-05 3 2.4041e-06 -0.777426 0
3.53498e-05 3 3.72759e-06 -0.777424 0
3.53498e-05 3 5.77969e-06 -0.777422 0
3.53498e-05 3 8.96151e-06 -0.777418 0
3.53498e-05 3 1.3895e-05 -0.777412 0
3.53498e-05 3 2.15443e-05 -0.777403 0
3.53498e-05 3 3.34048e-05 -0.777389 0
3.53498e-05 3 5.17947e-05 -0.777368 0
3.53498e-05 3 8.03086e-05 -0.777334 0
3.53498e-05 3 0.00012452 -0.777282 0
3.53498e-05 3 0.00019307 -0.777202 0
3.53498e-05 3 0.000299358 -0.777077 0
3.53498e-05 3 0.000464159 -0.776884 0
3.53498e-05 3 0.000719686 -0.776585 0
3.53498e-05 3 0.00111588 -0.776121 0
3.53498e-05 3 0.0017302 -0.775402 0
3.53498e-05 3 0.0026827 -0.774288 0
3.53498e-05 3 0.00415956 -0.772565 0
3.53498e-05 3 0.00644947 -0.769902 0
3.53498e-05 3 0.01 -0.765792 0
3.53498e-05 3 0.0155052 -0.759465 0
3.53498e-05 3 0.024041 -0.749766 0
3.53498e-05 3 0.0372759 -0.73499 0
3.53498e-05 3 0.0577969 -0.712699 0
3.53498e-05 3 0.0896151 -0.679574 0
3.53498e-05 3 0.13895 -0.631488 0
3.53498e-05 3 0.215443 -0.564202 0
3.53498e-05 3 0.334048 -0.47513 0
3.53498e-05 3 0.517947 -0.366892 0
3.53498e-05 3 0.803086 -0.251775 0
3.53498e-05 3 1.2452 -0.151369 0
3.53498e-05 3 1.9307 -0.0830657 0
3.53498e-05 3 2.99358 -0.0459077 0
3.53498e-05 3 4.64159 -0.0243802 0
3.53498e-05 3 7.19686 -0.0106484 0
3.53498e-05 3 11.1588 -0.00647467 0
3.53498e-05 3 17.302 -0.00306423 0
3.53498e-05 3 26.827 -0.00153421 0
3.53498e-05 3 41.5956 -0.000954159 0
3.53498e-05 3 64.4947 -0.000593188 0
3.53498e-05 3 100 -0.000361831 0
3.53498e-05 3 155.052 -0.000226318 0
3.53498e-05 3 240.41 -0.000140896 0
3.53498e-05 3 372.759 -8.52752e-05 0
3.53498e-05 3 577.969 -5.23404e-05 0
3.53498e-05 3 896.151 -3.27936e-05 0
3.53498e-05 3 1389.5 -2.00422e-05 0
3.53498e-05 3 2154.43 -1.20786e-05 0
3.53498e-05 3 3340.48 -7.28159e-06 0
3.53498e-05 3 5179.47 -4.3924e-06 0
3.53498e-05 3 8030.86 -2.63612e-06 0
3.53498e-05 3 12452 -1.54353e-06 0
3.53498e-05 3 19307 -8.8084e-07 0
3.53498e-05 3 29935.8 -4.91164e-07 0
3.53498e-05 3 46415.9 -2.6678e-07 0
3.53498e-05 3 71968.6 -1.41191e-07 0
3.53498e-05 3 111588 -7.27692e-08 0
3.53498e-05 3 173020 -3.56155e-08 0
3.53498e-05 3 268270 -1.69237e-08 0
3.53498e-05 3 415956 -7.65856e-09 0
3.53498e-05 3 644947 -3.14718e-09 0
3.53498e-05 3 1e+06 -9.84085e-10 0

8.61954e-05 3 1e-06 -0.777421 0
8.61954e-05 3 1.55052e-06 -0.777421 0
8.61954e-05 3 2.4041e-06 -0.77742 0
8.61954e-05 3 3.72759e-06 -0.777418 0
8.61954e-05 3 5.77969e-06 -0.777416 0
8.61954e-05 3 8.96151e-06 -0.777412 0
8.61954e-05 3 1.3895e-05 -0.777406 0
8.61954e-05 3 2.15443e-05 -0.777397 0
8.61954e-05 3 3.34048e-05 -0.777383 0
8.61954e-05 3 5.17947e-05 -0.777362 0
8.61954e-05 3 8.03086e-05 -0.777328 0
8.61954e-05 3 0.00012452 -0.777276 0
8.61954e-05 3 0.00019307 -0.777196 0
8.61954e-05 3 0.000299358 -0.777071 0
8.61954e-05 3 0.000464159 -0.776878 0
8.61954e-05 3 0.000719686 -0.776579 0
8.61954e-05 3 0.00111588 -0.776115 0
8.61954e-05 3 0.0017302 -0.775396 0
8.61954e-05 3 0.0026827 -0.774282 0
8.61954e-05 3 0.00415956 -0.772559 0
8.61954e-05 3 0.00644947 -0.769896 0
8.61954e-05 3 0.01 -0.765786 0
8.61954e-05 3 0.0155052 -0.759459 0
8.61954e-05 3 0.024041 -0.749761 0
8.61954e-05 3 0.0372759 -0.734984 0
8.61954e-05 3 0.0577969 -0.712694 0
8.61954e-05 3 0.0896151 -0.679569 0
8.61954e-05 3 0.13895 -0.631484 0
8.61954e-05 3 0.215443 -0.564198 0
8.61954e-05 3 0.334048 -0.475127 0
8.61954e-05 3 0.517947 -0.36689 0
8.61954e-05 3 0.803086 -0.251773 0
8.61954e-05 3 1.2452 -0.151369 0
8.61954e-05 3 1.9307 -0.0830654 0
8.61954e-05 3 2.99358 -0.0459075 0
8.61954e-05 3 4.64159 -0.0243801 0
8.61954e-05 3 7.19686 -0.0106484 0
8.61954e-05 3 11.1588 -0.00647466 0
8.61954e-05 3 17.302 -0.00306423 0
8.61954e-05 3 26.827 -0.00153421 0
8.61954e-05 3 41.5956 -0.000954158 0
8.61954e-05 3 64.4947 -0.000593188 0
8.61954e-05 3 100 -0.00036183 0
8.61954e-05 3 155.052 -0.000226318 0
8.61954e-05 3 240.41 -0.000140896 0
8.61954e-05 3 372.759 -8.52752e-05 0
8.61954e-05 3 577.969 -5.23403e-05 0
8.61954e-05 3 896.151 -3.27936e-05 0
8.61954e-05 3 1389.5 -2.00422e-05 0
8.61954e-05 3 2154.43 -1.20786e-05 0
8.61954e-05 3 3340.48 -7.28159e-06 0
8.61954e-05 3 5179.47 -4.3924e-06 0
8.61954e-05 3 8030.86 -2.63612e-06 0
8.61954e-05 3 12452 -1.54353e-06 0
8.61954e-05 3 19307 -8.8084e-07 0
8.61954e-05 3 29935.8 -4.91164e-07 0
8.61954e-05 3 46415.9 -2.6678e-07 0
8.61954e-05 3 71968.6 -1.41191e-07 0
8.61954e-05 3 111588 -7.27692e-08 0
8.61954e-05 3 173020 -3.56155e-08 0
8.61954e-05 3 268270 -1.69237e-08 0
8.61954e-05 3 415956 -7.65856e-09 0
8.61954e-05 3 644947 -3.14718e-09 0
8.61954e-05 3 1e+06 -9.84085e-10 0

0.000210175 3 1e-06 -0.777406 0
0.000210175 3 1.55052e-06 -0.777406 0
0.000210175 3 2.4041e-06 -0.777405 0
0.000210175 3 3.72759e-06 -0.777403 0
0.000210175 3 5.77969e-06 -0.777401 0
0.000210175 3 8.96151e-06 -0.777397 0
0.000210175 3 1.3895e-05 -0.777391 0
0.000210175 3 2.15443e-05 -0.777382 0
0.000210175 3 3.34048e-05 -0.777368 0
0.000210175 3 5.17947e-05 -0.777347 0
0.000210175 3 8.03086e-05 -0.777313 0
0.000210175 3 0.00012452 -0.777261 0
0.000210175 3 0.00019307 -0.777181 0
0.000210175 3 0.000299358 -0.777056 0
0.000210175 3 0.000464159 -0.776863 0
0.000210175 3 0.000719686 -0.776564 0
0.000210175 3 0.00111588 -0.7761 0
0.000210175 3 0.0017302 -0.775381 0
0.000210175 3 0.0026827 -0.774267 0
0.000210175 3 0.00415956 -0.772545 0
0.000210175 3 0.00644947 -0.769881 0
0.000210175 3 0.01 -0.765771 0
0.000210175 3 0.0155052 -0.759445 0
0.000210175 3 0.024041 -0.749746 0
0.000210175 3 0.0372759 -0.73497 0
0.000210175 3 0.0577969 -0.71268 0
0.000210175 3 0.0896151 -0.679556 0
0.000210175 3 0.13895 -0.631472 0
0.000210175 3 0.215443 -0.564188 0
0.000210175 3 0.334048 -0.475119 0
0.000210175 3 0.517947 -0.366884 0
0.000210175 3 0.803086 -0.25177 0
0.000210175 3 1.2452 -0.151367 0
0.000210175 3 1.9307 -0.0830645 0
0.000210175 3 2.99358 -0.0459071 0
0.000210175 3 4.64159 -0.02438 0
0.000210175 3 7.19686 -0.0106484 0
0.000210175 3 11.1588 -0.00647464 0
0.000210175 3 17.302 -0.00306422 0
0.000210175 3 26.827 -0.00153421 0
0.000210175 3 41.5956 -0.000954157 0
0.000210175 3 64.4947 -0.000593187 0
0.000210175 3 100 -0.00036183 0
0.000210175 3 155.052 -0.000226318 0
0.000210175 3 240.41 -0.000140896 0
0.000210175 3 372.759 -8.52752e-05 0
0.000210175 3 577.969 -5.23403e-05 0
0.000210175 3 896.151 -3.27936e-05 0
0.000210175 3 1389.5 -2.00422e-05 0
0.000210175 3 2154.43 -1.20786e-05 0
0.000210175 3 3340.48 -7.28159e-06 0
0.000210175 3 5179.47 -4.3924e-06 0
0.000210175 3 8030.86 -2.63612e-06 0
0.000210175 3 12452 -1.54353e-06 0
0.000210175 3 19307 -8.8084e-07 0
0.000210175 3 29935.8 -4.91164e-07 0
0.000210175 3 46415.9 -2.6678e-07 0
0.000210175 3 71968.6 -1.41191e-07 0
0.000210175 3 111588 -7.27692e-08 0
0.000210175 3 173020 -3.56155e-08 0
0.000210175 3 268270 -1.69237e-08 0
0.000210175 3 415956 -7.65856e-09 0
0.000210175 3 644947 -3.14718e-09 0
0.000210175 3 1e+06 -9.84085e-10 0

0.000512481 3 1e-06 -0.77737 0
0.000512481 3 1.55052e-06 -0.777369 0
0.000512481 3 2.4041e-06 -0.777368 0
0.000512481 3 3.72759e-06 -0.777367 0
0.000512481 3 5.77969e-06 -0.777364 0
0.000512481 3 8.96151e-06 -0.777361 0
0.000512481 3 1.3895e-05 -0.777355 0
0.000512481 3 2.15443e-05 -0.777346 0
0.000512481 3 3.34048e-05 -0.777332 0
0.000512481 3 5.17947e-05 -0.77731 0
0.000512481 3 8.03086e-05 -0.777277 0
0.000512481 3 0.00012452 -0.777225 0
0.000512481 3 0.00019307 -0.777145 0
0.000512481 3 0.000299358 -0.77702 0
0.000512481 3 0.000464159 -0.776827 0
0.000512481 3 0.000719686 -0.776528 0
0.000512481 3 0.00111588 -0.776063 0
0.000512481 3 0.0017302 -0.775345 0
0.000512481 3 0.0026827 -0.774231 0
0.000512481 3 0.00415956 -0.772508 0
0.000512481 3 0.00644947 -0.769845 0
0.000512481 3 0.01 -0.765735 0
0.000512481 3 0.0155052 -0.75941 0
0.000512481 3 0.024041 -0.749711 0
0.000512481 3 0.0372759 -0.734936 0
0.000512481 3 0.0577969 -0.712647 0
0.000512481 3 0.0896151 -0.679525 0
0.000512481 3 0.13895 -0.631443 0
0.000512481 3 0.215443 -0.564163 0
0.000512481 3 0.334048 -0.475099 0
0.000512481 3 0.517947 -0.36687 0
0.000512481 3 0.803086 -0.251762 0
0.000512481 3 1.2452 -0.151362 0
0.000512481 3 1.9307 -0.0830624 0
0.000512481 3 2.99358 -0.0459061 0
0.000512481 3 4.64159 -0.0243796 0
0.000512481 3 7.19686 -0.0106483 0
0.000512481 3 11.1588 -0.00647458 0
0.000512481 3 17.302 -0.0030642 0
0.000512481 3 26.827 -0.0015342 0
0.000512481 3 41.5956 -0.000954154 0
0.000512481 3 64.4947 -0.000593186 0
0.000512481 3 100 -0.00036183 0
0.000512481 3 155.052 -0.000226318 0
0.000512481 3 240.41 -0.000140896 0
0.000512481 3 372.759 -8.52751e-05 0
0.000512481 3 577.969 -5.23403e-05 0
0.000512481 3 896.151 -3.27936e-05 0
0.000512481 3 1389.5 -2.00422e-05 0
0.000512481 3 2154.43 -1.20786e-05 0
0.000512481 3 3340.48 -7.28159e-06 0
0.000512481 3 5179.47 -4.3924e-06 0
0.000512481 3 8030.86 -2.63612e-06 0
0.000512481 3 12452 -1.54353e-06 0
0.000512481 3 19307 -8.8084e-07 0
0.000512481 3 29935.8 -4.91164e-07 0
0.000512481 3 46415.9 -2.6678e-07 0
0.000512481 3 71968.6 -1.41191e-07 0
0.000512481 3 111588 -7.27692e-08 0
0.000512481 3 173020 -3.56155e-08 0
0.000512481 3 268270 -1.69237e-08 0
0.000512481 3 415956 -7.65856e-09 0
0.000512481 3 644947 -3.14718e-09 0
0.000512481 3 1e+06 -9.84085e-10 0

0.00124961 3 1e-06 -0.777281 0
0.00124961 3 1.55052e-06 -0.777281 0
0.00124961 3 2.4041e-06 -0.77728 0
0.00124961 3 3.72759e-06 -0.777278 0
0.00124961 3 5.77969e-06 -0.777276 0
0.00124961 3 8.96151e-06 -0.777272 0
0.00124961 3 1.3895e-05 -0.777266 0
0.00124961 3 2.15443e-05 -0.777257 0
0.00124961 3 3.34048e-05 -0.777243 0
0.00124961 3 5.17947e-05 -0.777222 0
0.00124961 3 8.03086e-05 -0.777188 0
0.00124961 3 0.00012452 -0.777137 0
0.00124961 3 0.00019307 -0.777056 0
0.00124961 3 0.000299358 -0.776932 0
0.00124961 3 0.000464159 -0.776738 0
0.00124961 3 0.000719686 -0.776439 0
0.00124961 3 0.00111588 -0.775975 0
0.00124961 3 0.0017302 -0.775256 0
0.00124961 3 0.0026827 -0.774143 0
0.00124961 3 0.00415956 -0.77242 0
0.00124961 3 0.00644947 -0.769758 0
0.00124961 3 0.01 -0.765648 0
0.00124961 3 0.0155052 -0.759323 0
0.00124961 3 0.024041 -0.749626 0
0.00124961 3 0.0372759 -0.734853 0
0.00124961 3 0.0577969 -0.712567 0
0.00124961 3 0.0896151 -0.679449 0
0.00124961 3 0.13895 -0.631374 0
0.00124961 3 0.215443 -0.564103 0
0.00124961 3 0.334048 -0.475051 0
0.00124961 3 0.517947 -0.366836 0
0.00124961 3 0.803086 -0.251741 0
0.00124961 3 1.2452 -0.151352 0
0.00124961 3 1.9307 -0.0830572 0
0.00124961 3 2.99358 -0.0459038 0
0.00124961 3 4.64159 -0.0243786 0
0.00124961 3 7.19686 -0.010648 0
0.00124961 3 11.1588 -0.00647444 0
0.00124961 3 17.302 -0.00306416 0
0.00124961 3 26.827 -0.00153418 0
0.00124961 3 41.5956 -0.000954146 0
0.00124961 3 64.4947 -0.000593183 0
0.00124961 3 100 -0.000361828 0
0.00124961 3 155.052 -0.000226317 0
0.00124961 3 240.41 -0.000140895 0
0.00124961 3 372.759 -8.5275e-05 0
0.00124961 3 577.969 -5.23403e-05 0
0.00124961 3 896.151 -3.27936e-05 0
0.00124961 3 1389.5 -2.00422e-05 0
0.00124961 3 2154.43 -1.20786e-05 0
0.00124961 3 3340.48 -7.28159e-06 0
0.00124961 3 5179.47 -4.3924e-06 0
0.00124961 3 8030.86 -2.63612e-06 0
0.00124961 3 12452 -1.54353e-06 0
0.00124961 3 19307 -8.80839e-07 0
0.00124961 3 29935.8 -4.91164e-07 0
0.00124961 3 46415.9 -2.6678e-07 0
0.00124961 3 71968.6 -1.41191e-07 0
0.00124961 3 111588 -7.27692e-08 0
0.00124961 3 173020 -3.56155e-08 0
0.00124961 3 268270 -1.69237e-08 0
0.00124961 3 415956 -7.65856e-09 0
0.00124961 3 644947 -3.14718e-09 0
0.00124961 3 1e+06 -9.84085e-10 0

0.00304699 3 1e-06 -0.777065 0
0.00304699 3 1.55052e-06 -0.777064 0
0.00304699 3 2.4041e-06 -0.777063 0
0.00304699 3 3.72759e-06 -0.777062 0
0.00304699 3 5.77969e-06 -0.777059 0
0.00304699 3 8.96151e-06 -0.777056 0
0.00304699 3 1.3895e-05 -0.77705 0
0.00304699 3 2.15443e-05 -0.777041 0
0.00304699 3 3.34048e-05 -0.777027 0
0.00304699 3 5.17947e-05 -0.777005 0
0.00304699 3 8.03086e-05 -0.776972 0
0.00304699 3 0.00012452 -0.77692 0
0.00304699 3 0.00019307 -0.77684 0
0.00304699 3 0.000299358 -0.776715 0
0.00304699 3 0.000464159 -0.776522 0
0.00304699 3 0.000719686 -0.776223 0
0.00304699 3 0.00111588 -0.775759 0
0.00304699 3 0.0017302 -0.77504 0
0.00304699 3 0.0026827 -0.773928 0
0.00304699 3 0.00415956 -0.772206 0
0.00304699 3 0.00644947 -0.769544 0
0.00304699 3 0.01 -0.765435 0
0.00304699 3 0.0155052 -0.759112 0
0.00304699 3 0.024041 -0.749418 0
0.00304699 3 0.0372759 -0.73465 0
0.00304699 3 0.0577969 -0.712371 0
0.00304699 3 0.0896151 -0.679263 0
0.00304699 3 0.13895 -0.631204 0
0.00304699 3 0.215443 -0.563955 0
0.00304699 3 0.334048 -0.474933 0
0.00304699 3 0.517947 -0.366752 0
0.00304699 3 0.803086 -0.25169 0
0.00304699 3 1.2452 -0.151325 0
0.00304699 3 1.9307 -0.0830445 0
0.00304699 3 2.99358 -0.045898 0
0.00304699 3 4.64159 -0.0243763 0
0.00304699 3 7.19686 -0.0106472 0
0.00304699 3 11.1588 -0.00647411 0
0.00304699 3 17.302 -0.00306405 0
0.00304699 3 26.827 -0.00153414 0
0.00304699 3 41.5956 -0.000954128 0
0.00304699 3 64.4947 -0.000593174 0
0.00304699 3 100 -0.000361824 0
0.00304699 3 155.052 -0.000226316 0
0.00304699 3 240.41 -0.000140895 0
0.00304699 3 372.759 -8.52747e-05 0
0.00304699 3 577.969 -5.23401e-05 0
0.00304699 3 896.151 -3.27935e-05 0
0.00304699 3 1389.5 -2.00422e-05 0
0.00304699 3 2154.43 -1.20786e-05 0
0.00304699 3 3340.48 -7.28159e-06 0
0.00304699 3 5179.47 -4.3924e-06 0
0.00304699 3 8030.86 -2.63612e-06 0
0.00304699 3 12452 -1.54353e-06 0
0.00304699 3 19307 -8.80839e-07 0
0.00304699 3 29935.8 -4.91164e-07 0
0.00304699 3 46415.9 -2.6678e-07 0
0.00304699 3 71968.6 -1.41191e-07 0
0.00304699 3 111588 -7.27692e-08 0
0.00304699 3 173020 -3.56155e-08 0
0.00304699 3 268270 -1.69237e-08 0
0.00304699 3 415956 -7.65856e-09 0
0.00304699 3 644947 -3.14718e-09 0
0.00304699 3 1e+06 -9.84085e-10 0

0.00742964 3 1e-06 -0.776536 0
0.00742964 3 1.55052e-06 -0.776535 0
0.00742964 3 2.4041e-06 -0.776534 0
0.00742964 3 3.72759e-06 -0.776532 0
0.00742964 3 5.77969e-06 -0.77653 0
0.00742964 3 8.96151e-06 -0.776526 0
0.00742964 3 1.3895e-05 -0.776521 0
0.00742964 3 2.15443e-05 -0.776512 0
0.00742964 3 3.34048e-05 -0.776498 0
0.00742964 3 5.17947e-05 -0.776476 0
0.00742964 3 8.03086e-05 -0.776443 0
0.00742964 3 0.00012452 -0.776391 0
0.00742964 3 0.00019307 -0.776311 0
0.00742964 3 0.000299358 -0.776186 0
0.00742964 3 0.000464159 -0.775993 0
0.00742964 3 0.000719686 -0.775694 0
0.00742964 3 0.00111588 -0.775231 0
0.00742964 3 0.0017302 -0.774513 0
0.00742964 3 0.0026827 -0.773401 0
0.00742964 3 0.00415956 -0.77168 0
0.00742964 3 0.00644947 -0.76902 0
0.00742964 3 0.01 -0.764915 0
0.00742964 3 0.0155052 -0.758596 0
0.00742964 3 0.024041 -0.74891 0
0.00742964 3 0.0372759 -0.734152 0
0.00742964 3 0.0577969 -0.711891 0
0.00742964 3 0.0896151 -0.678809 0
0.00742964 3 0.13895 -0.630789 0
0.00742964 3 0.215443 -0.563595 0
0.00742964 3 0.334048 -0.474644 0
0.00742964 3 0.517947 -0.366548 0
0.00742964 3 0.803086 -0.251567 0
0.00742964 3 1.2452 -0.151261 0
0.00742964 3 1.9307 -0.0830137 0
0.00742964 3 2.99358 -0.0458838 0
0.00742964 3 4.64159 -0.0243707 0
0.00742964 3 7.19686 -0.0106454 0
0.00742964 3 11.1588 -0.00647329 0
0.00742964 3 17.302 -0.00306379 0
0.00742964 3 26.827 -0.00153405 0
0.00742964 3 41.5956 -0.000954084 0
0.00742964 3 64.4947 -0.000593154 0
0.00742964 3 100 -0.000361816 0
0.00742964 3 155.052 -0.000226312 0
0.00742964 3 240.41 -0.000140893 0
0.00742964 3 372.759 -8.5274e-05 0
0.00742964 3 577.969 -5.23398e-05 0
0.00742964 3 896.151 -3.27934e-05 0
0.00742964 3 1389.5 -2.00421e-05 0
0.00742964 3 2154.43 -1.20786e-05 0
0.00742964 3 3340.48 -7.28158e-06 0
0.00742964 3 5179.47 -4.39239e-06 0
0.00742964 3 8030.86 -2.63612e-06 0
0.00742964 3 12452 -1.54353e-06 0
0.00742964 3 19307 -8.80839e-07 0
0.00742964 3 29935.8 -4.91164e-07 0
0.00742964 3 46415.9 -2.6678e-07 0
0.00742964 3 71968.6 -1.41191e-07 0
0.00742964 3 111588 -7.27692e-08 0
0.00742964 3 173020 -3.56155e-08 0
0.00742964 3 268270 -1.69237e-08 0
0.00742964 3 415956 -7.65856e-09 0
0.00742964 3 644947 -3.14718e-09 0
0.00742964 3 1e+06 -9.84085e-10 0

0.0181161 3 1e-06 -0.775235 0
0.0181161 3 1.55052e-06 -0.775234 0
0.0181161 3 2.4041e-06 -0.775233 0
0.0181161 3 3.72759e-06 -0.775232 0
0.0181161 3 5.77969e-06 -0.775229 0
0.0181161 3 8.96151e-06 -0.775225 0
0.0181161 3 1.3895e-05 -0.77522 0
0.0181161 3 2.15443e-05 -0.775211 0
0.0181161 3 3.34048e-05 -0.775197 0
0.0181161 3 5.17947e-05 -0.775175 0
0.0181161 3 8.03086e-05 -0.775142 0
0.0181161 3 0.00012452 -0.77509 0
0.0181161 3 0.00019307 -0.77501 0
0.0181161 3 0.000299358 -0.774886 0
0.0181161 3 0.000464159 -0.774693 0
0.0181161 3 0.000719686 -0.774395 0
0.0181161 3 0.00111588 -0.773932 0
0.0181161 3 0.0017302 -0.773215 0
0.0181161 3 0.0026827 -0.772105 0
0.0181161 3 0.00415956 -0.770388 0
0.0181161 3 0.00644947 -0.767733 0
0.0181161 3 0.01 -0.763635 0
0.0181161 3 0.0155052 -0.757329 0
0.0181161 3 0.024041 -0.74766 0
0.0181161 3 0.0372759 -0.732931 0
0.0181161 3 0.0577969 -0.710712 0
0.0181161 3 0.0896151 -0.677694 0
0.0181161 3 0.13895 -0.629769 0
0.0181161 3 0.215443 -0.562709 0
0.0181161 3 0.334048 -0.473935 0
0.0181161 3 0.517947 -0.366046 0
0.0181161 3 0.803086 -0.251264 0
0.0181161 3 1.2452 -0.151104 0
0.0181161 3 1.9307 -0.0829385 0
0.0181161 3 2.99358 -0.0458493 0
0.0181161 3 4.64159 -0.0243569 0
0.0181161 3 7.19686 -0.0106411 0
0.0181161 3 11.1588 -0.0064713 0
0.0181161 3 17.302 -0.00306315 0
0.0181161 3 26.827 -0.00153381 0
0.0181161 3 41.5956 -0.000953976 0
0.0181161 3 64.4947 -0.000593106 0
0.0181161 3 100 -0.000361794 0
0.0181161 3 155.052 -0.000226302 0
0.0181161 3 240.41 -0.000140889 0
0.0181161 3 372.759 -8.52722e-05 0
0.0181161 3 577.969 -5.23391e-05 0
0.0181161 3 896.151 -3.2793e-05 0
0.0181161 3 1389.5 -2.0042e-05 0
0.0181161 3 2154.43 -1.20785e-05 0
0.0181161 3 3340.48 -7.28155e-06 0
0.0181161 3 5179.47 -4.39238e-06 0
0.0181161 3 8030.86 -2.63612e-06 0
0.0181161 3 12452 -1.54353e-06 0
0.0181161 3 19307 -8.80838e-07 0
0.0181161 3 29935.8 -4.91163e-07 0
0.0181161 3 46415.9 -2.6678e-07 0
0.0181161 3 71968.6 -1.41191e-07 0
0.0181161 3 111588 -7.27692e-08 0
0.0181161 3 173020 -3.56155e-08 0
0.0181161 3 268270 -1.69237e-08 0
0.0181161 3 415956 -7.65856e-09 0
0.0181161 3 644947 -3.14718e-09 0
0.0181161 3 1e+06 -9.84085e-10 0

0.0441734 3 1e-06 -0.772 0
0.0441734 3 1.55052e-06 -0.772 0
0.0441734 3 2.4041e-06 -0.771999 0
0.0441734 3 3.72759e-06 -0.771997 0
0.0441734 3 5.77969e-06 -0.771995 0
0.0441734 3 8.96151e-06 -0.771991 0
0.0441734 3 1.3895e-05 -0.771985 0
0.0441734 3 2.15443e-05 -0.771976 0
0.0441734 3 3.34048e-05 -0.771963 0
0.0441734 3 5.17947e-05 -0.771941 0
0.0441734 3 8.03086e-05 -0.771908 0
0.0441734 3 0.00012452 -0.771857 0
0.0441734 3 0.00019307 -0.771777 0
0.0441734 3 0.000299358 -0.771653 0
0.0441734 3 0.000464159 -0.771461 0
0.0441734 3 0.000719686 -0.771164 0
0.0441734 3 0.00111588 -0.770704 0
0.0441734 3 0.0017302 -0.76999 0
0.0441734 3 0.0026827 -0.768885 0
0.0441734 3 0.00415956 -0.767176 0
0.0441734 3 0.00644947 -0.764533 0
0.0441734 3 0.01 -0.760454 0
0.0441734 3 0.0155052 -0.754177 0
0.0441734 3 0.024041 -0.744554 0
0.0441734 3 0.0372759 -0.729893 0
0.0441734 3 0.0577969 -0.70778 0
0.0441734 3 0.0896151 -0.674923 0
0.0441734 3 0.13895 -0.627233 0
0.0441734 3 0.215443 -0.560508 0
0.0441734 3 0.334048 -0.472176 0
0.0441734 3 0.517947 -0.364802 0
0.0441734 3 0.803086 -0.250515 0
0.0441734 3 1.2452 -0.150718 0
0.0441734 3 1.9307 -0.0827543 0
0.0441734 3 2.99358 -0.0457652 0
0.0441734 3 4.64159 -0.0243232 0
0.0441734 3 7.19686 -0.0106304 0
0.0441734 3 11.1588 -0.00646644 0
0.0441734 3 17.302 -0.0030616 0
0.0441734 3 26.827 -0.00153323 0
0.0441734 3 41.5956 -0.000953712 0
0.0441734 3 64.4947 -0.000592987 0
0.0441734 3 100 -0.000361742 0
0.0441734 3 155.052 -0.000226279 0
0.0441734 3 240.41 -0.000140879 0
0.0441734 3 372.759 -8.52679e-05 0
0.0441734 3 577.969 -5.23372e-05 0
0.0441734 3 896.151 -3.27922e-05 0
0.0441734 3 1389.5 -2.00416e-05 0
0.0441734 3 2154.43 -1.20784e-05 0
0.0441734 3 3340.48 -7.28149e-06 0
0.0441734 3 5179.47 -4.39236e-06 0
0.0441734 3 8030.86 -2.63611e-06 0
0.0441734 3 12452 -1.54352e-06 0
0.0441734 3 19307 -8.80837e-07 0
0.0441734 3 29935.8 -4.91163e-07 0
0.0441734 3 46415.9 -2.66779e-07 0
0.0441734 3 71968.6 -1.41191e-07 0
0.0441734 3 111588 -7.27692e-08 0
0.0441734 3 173020 -3.56155e-08 0
0.0441734 3 268270 -1.69237e-08 0
0.0441734 3 415956 -7.65856e-09 0
0.0441734 3 644947 -3.14718e-09 0
0.0441734 3 1e+06 -9.84085e-10 0

0.107711 3 1e-06 -0.763787 0
0.107711 3 1.55052e-06 -0.763786 0
0.107711 3 2.4041e-06 -0.763785 0
0.107711 3 3.72759e-06 -0.763783 0
0.107711 3 5.77969e-06 -0.763781 0
0.107711 3 8.96151e-06 -0.763777 0
0.107711 3 1.3895e-05 -0.763772 0
0.107711 3 2.15443e-05 -0.763763 0
0.107711 3 3.34048e-05 -0.763749 0
0.107711 3 5.17947e-05 -0.763728 0
0.107711 3 8.03086e-05 -0.763695 0
0.107711 3 0.00012452 -0.763645 0
0.107711 3 0.00019307 -0.763566 0
0.107711 3 0.000299358 -0.763443 0
0.107711 3 0.000464159 -0.763254 0
0.107711 3 0.000719686 -0.76296 0
0.107711 3 0.00111588 -0.762505 0
0.107711 3 0.0017302 -0.7618 0
0.107711 3 0.0026827 -0.760709 0
0.107711 3 0.00415956 -0.759019 0
0.107711 3 0.00644947 -0.756408 0
0.107711 3 0.01 -0.752378 0
0.107711 3 0.0155052 -0.746175 0
0.107711 3 0.024041 -0.736667 0
0.107711 3 0.0372759 -0.722185 0
0.107711 3 0.0577969 -0.700343 0
0.107711 3 0.0896151 -0.667893 0
0.107711 3 0.13895 -0.620805 0
0.107711 3 0.215443 -0.554931 0
0.107711 3 0.334048 -0.46772 0
0.107711 3 0.517947 -0.361656 0
0.107711 3 0.803086 -0.248629 0
0.107711 3 1.2452 -0.149756 0
0.107711 3 1.9307 -0.0823029 0
0.107711 3 2.99358 -0.0455605 0
0.107711 3 4.64159 -0.0242414 0
0.107711 3 7.19686 -0.0106045 0
0.107711 3 11.1588 -0.0064546 0
0.107711 3 17.302 -0.00305781 0
0.107711 3 26.827 -0.00153183 0
0.107711 3 41.5956 -0.000953069 0
0.107711 3 64.4947 -0.000592697 0
0.107711 3 100 -0.000361614 0
0.107711 3 155.052 -0.000226222 0
0.107711 3 240.41 -0.000140854 0
0.107711 3 372.759 -8.52573e-05 0
0.107711 3 577.969 -5.23326e-05 0
0.107711 3 896.151 -3.27903e-05 0
0.107711 3 1389.5 -2.00408e-05 0
0.107711 3 2154.43 -1.2078e-05 0
0.107711 3 3340.48 -7.28134e-06 0
0.107711 3 5179.47 -4.3923e-06 0
0.107711 3 8030.86 -2.63608e-06 0
0.107711 3 12452 -1.54351e-06 0
0.107711 3 19307 -8.80833e-07 0
0.107711 3 29935.8 -4.91161e-07 0
0.107711 3 46415.9 -2.66779e-07 0
0.107711 3 71968.6 -1.41191e-07 0
0.107711 3 111588 -7.27691e-08 0
0.107711 3 173020 -3.56155e-08 0
0.107711 3 268270 -1.69237e-08 0
0.107711 3 415956 -7.65856e-09 0
0.107711 3 644947 -3.14718e-09 0
0.107711 3 1e+06 -9.84085e-10 0

0.262636 3 1e-06 -0.742006 0
0.262636 3 1.55052e-06 -0.742006 0
0.262636 3 2.4041e-06 -0.742005 0
0.262636 3 3.72759e-06 -0.742003 0
0.262636 3 5.77969e-06 -0.742001 0
0.262636 3 8.96151e-06 -0.741997 0
0.262636 3 1.3895e-05 -0.741992 0
0.262636 3 2.15443e-05 -0.741983 0
0.262636 3 3.34048e-05 -0.74197 0
0.262636 3 5.17947e-05 -0.74195 0
0.262636 3 8.03086e-05 -0.741918 0
0.262636 3 0.00012452 -0.741869 0
0.262636 3 0.00019307 -0.741793 0
0.262636 3 0.000299358 -0.741674 0
0.262636 3 0.000464159 -0.741491 0
0.262636 3 0.000719686 -0.741207 0
0.262636 3 0.00111588 -0.740766 0
0.262636 3 0.0017302 -0.740084 0
0.262636 3 0.0026827 -0.739028 0
0.262636 3 0.00415956 -0.737393 0
0.262636 3 0.00644947 -0.734866 0
0.262636 3 0.01 -0.730966 0
0.262636 3 0.0155052 -0.724966 0
0.262636 3 0.024041 -0.715769 0
0.262636 3 0.0372759 -0.701763 0
0.262636 3 0.0577969 -0.680647 0
0.262636 3 0.0896151 -0.649289 0
0.262636 3 0.13895 -0.603805 0
0.262636 3 0.215443 -0.540194 0
0.262636 3 0.334048 -0.455962 0
0.262636 3 0.517947 -0.353376 0
0.262636 3 0.803086 -0.243706 0
0.262636 3 1.2452 -0.147296 0
0.262636 3 1.9307 -0.0811853 0
0.262636 3 2.99358 -0.0450628 0
0.262636 3 4.64159 -0.0240425 0
0.262636 3 7.19686 -0.0105414 0
0.262636 3 11.1588 -0.00642572 0
0.262636 3 17.302 -0.00304856 0
0.262636 3 26.827 -0.00152838 0
0.262636 3 41.5956 -0.000951496 0
0.262636 3 64.4947 -0.000591988 0
0.262636 3 100 -0.000361302 0
0.262636 3 155.052 -0.000226084 0
0.262636 3 240.41 -0.000140794 0
0.262636 3 372.759 -8.52314e-05 0
0.262636 3 577.969 -5.23215e-05 0
0.262636 3 896.151 -3.27855e-05 0
0.262636 3 1389.5 -2.00388e-05 0
0.262636 3 2154.43 -1.20772e-05 0
0.262636 3 3340.48 -7.28099e-06 0
0.262636 3 5179.47 -4.39215e-06 0
0.262636 3 8030.86 -2.63602e-06 0
0.262636 3 12452 -1.54349e-06 0
0.262636 3 19307 -8.80823e-07 0
0.262636 3 29935.8 -4.91158e-07 0
0.262636 3 46415.9 -2.66777e-07 0
0.262636 3 71968.6 -1.41191e-07 0
0.262636 3 111588 -7.2769e-08 0
0.262636 3 173020 -3.56154e-08 0
0.262636 3 268270 -1.69237e-08 0
0.262636 3 415956 -7.65855e-09 0
0.262636 3 644947 -3.14718e-09 0
0.262636 3 1e+06 -9.84085e-10 0

0.6404 3 1e-06 -0.6821 0
0.6404 3 1.55052e-06 -0.682099 0
0.6404 3 2.4041e-06 -0.682098 0
0.6404 3 3.72759e-06 -0.682097 0
0.6404 3 5.77969e-06 -0.682095 0
0.6404 3 8.96151e-06 -0.682092 0
0.6404 3 1.3895e-05 -0.682087 0
0.6404 3 2.15443e-05 -0.682079 0
0.6404 3 3.34048e-05 -0.682067 0
0.6404 3 5.17947e-05 -0.682048 0
0.6404 3 8.03086e-05 -0.68202 0
0.6404 3 0.00012452 -0.681975 0
0.6404 3 0.00019307 -0.681906 0
0.6404 3 0.000299358 -0.681799 0
0.6404 3 0.000464159 -0.681633 0
0.6404 3 0.000719686 -0.681375 0
0.6404 3 0.00111588 -0.680976 0
0.6404 3 0.0017302 -0.680358 0
0.6404 3 0.0026827 -0.6794 0
0.6404 3 0.00415956 -0.677919 0
0.6404 3 0.00644947 -0.67563 0
0.6404 3 0.01 -0.672098 0
0.6404 3 0.0155052 -0.666664 0
0.6404 3 0.024041 -0.658338 0
0.6404 3 0.0372759 -0.645666 0
0.6404 3 0.0577969 -0.626573 0
0.6404 3 0.0896151 -0.598245 0
0.6404 3 0.13895 -0.557193 0
0.6404 3 0.215443 -0.499807 0
0.6404 3 0.334048 -0.423738 0
0.6404 3 0.517947 -0.330702 0
0.6404 3 0.803086 -0.230313 0
0.6404 3 1.2452 -0.140781 0
0.6404 3 1.9307 -0.0783765 0
0.6404 3 2.99358 -0.0438565 0
0.6404 3 4.64159 -0.0235618 0
0.6404 3 7.19686 -0.0103878 0
0.6404 3 11.1588 -0.00635543 0
0.6404 3 17.302 -0.00302593 0
0.6404 3 26.827 -0.00151996 0
0.6404 3 41.5956 -0.000947647 0
0.6404 3 64.4947 -0.000590254 0
0.6404 3 100 -0.000360539 0
0.6404 3 155.052 -0.000225745 0
0.6404 3 240.41 -0.000140646 0
0.6404 3 372.759 -8.51683e-05 0
0.6404 3 577.969 -5.22944e-05 0
0.6404 3 896.151 -3.27738e-05 0
0.6404 3 1389.5 -2.00338e-05 0
0.6404 3 2154.43 -1.20751e-05 0
0.6404 3 3340.48 -7.28011e-06 0
0.6404 3 5179.47 -4.39178e-06 0
0.6404 3 8030.86 -2.63587e-06 0
0.6404 3 12452 -1.54343e-06 0
0.6404 3 19307 -8.808e-07 0
0.6404 3 29935.8 -4.91149e-07 0
0.6404 3 46415.9 -2.66774e-07 0
0.6404 3 71968.6 -1.4119e-07 0
0.6404 3 111588 -7.27686e-08 0
0.6404 3 173020 -3.56153e-08 0
0.6404 3 268270 -1.69236e-08 0
0.6404 3 415956 -7.65854e-09 0
0.6404 3 644947 -3.14718e-09 0
0.6404 3 1e+06 -9.84084e-10 0

1.56152 3 1e-06 -0.532699 0
1.56152 3 1.55052e-06 -0.532698 0
1.56152 3 2.4041e-06 -0.532698 0
1.56152 3 3.72759e-06 -0.532697 0
1.56152 3 5.77969e-06 -0.532695 0
1.56152 3 8.96151e-06 -0.532693 0
1.56152 3 1.3895e-05 -0.532689 0
1.56152 3 2.15443e-05 -0.532683 0
1.56152 3 3.34048e-05 -0.532674 0
1.56152 3 5.17947e-05 -0.532661 0
1.56152 3 8.03086e-05 -0.53264 0
1.56152 3 0.00012452 -0.532607 0
1.56152 3 0.00019307 -0.532555 0
1.56152 3 0.000299358 -0.532476 0
1.56152 3 0.000464159 -0.532354 0
1.56152 3 0.000719686 -0.532163 0
1.56152 3 0.00111588 -0.531869 0
1.56152 3 0.0017302 -0.531412 0
1.56152 3 0.0026827 -0.530705 0
1.56152 3 0.00415956 -0.529611 0
1.56152 3 0.00644947 -0.527921 0
1.56152 3 0.01 -0.525313 0
1.56152 3 0.0155052 -0.521304 0
1.56152 3 0.024041 -0.515164 0
1.56152 3 0.0372759 -0.505827 0
1.56152 3 0.0577969 -0.491773 0
1.56152 3 0.0896151 -0.470949 0
1.56152 3 0.13895 -0.4408 0
1.56152 3 0.215443 -0.39863 0
1.56152 3 0.334048 -0.342462 0
1.56152 3 0.517947 -0.272827 0
1.56152 3 0.803086 -0.195627 0
1.56152 3 1.2452 -0.123881 0
1.56152 3 1.9307 -0.0713547 0
1.56152 3 2.99358 -0.0409754 0
1.56152 3 4.64159 -0.0224207 0
1.56152 3 7.19686 -0.0100191 0
1.56152 3 11.1588 -0.00618596 0
1.56152 3 17.302 -0.00297084 0
1.56152 3 26.827 -0.00149937 0
1.56152 3 41.5956 -0.000938241 0
1.56152 3 64.4947 -0.000586015 0
1.56152 3 100 -0.000358673 0
1.56152 3 155.052 -0.000224918 0
1.56152 3 240.41 -0.000140285 0
1.56152 3 372.759 -8.50138e-05 0
1.56152 3 577.969 -5.2228e-05 0
1.56152 3 896.151 -3.27452e-05 0
1.56152 3 1389.5 -2.00217e-05 0
1.56152 3 2154.43 -1.207e-05 0
1.56152 3 3340.48 -7.27797e-06 0
1.56152 3 5179.47 -4.39089e-06 0
1.56152 3 8030.86 -2.6355e-06 0
1.56152 3 12452 -1.54328e-06 0
1.56152 3 19307 -8.80743e-07 0
1.56152 3 29935.8 -4.91127e-07 0
1.56152 3 46415.9 -2.66766e-07 0
1.56152 3 71968.6 -1.41187e-07 0
1.56152 3 111588 -7.27677e-08 0
1.56152 3 173020 -3.5615e-08 0
1.56152 3 268270 -1.69236e-08 0
1.56152 3 415956 -7.65851e-09 0
1.56152 3 644947 -3.14717e-09 0
1.56152 3 1e+06 -9.84082e-10 0

3.80755 3 1e-06 -0.292052 0
3.80755 3 1.55052e-06 -0.292051 0
3.80755 3 2.4041e-06 -0.292051 0
3.80755 3 3.72759e-06 -0.292051 0
3.80755 3 5.77969e-06 -0.29205 0
3.80755 3 8.96151e-06 -0.292049 0
3.80755 3 1.3895e-05 -0.292047 0
3.80755 3 2.15443e-05 -0.292045 0
3.80755 3 3.34048e-05 -0.292041 0
3.80755 3 5.17947e-05 -0.292034 0
3.80755 3 8.03086e-05 -0.292025 0
3.80755 3 0.00012452 -0.29201 0
3.80755 3 0.00019307 -0.291986 0
3.80755 3 0.000299358 -0.29195 0
3.80755 3 0.000464159 -0.291894 0
3.80755 3 0.000719686 -0.291807 0
3.80755 3 0.00111588 -0.291673 0
3.80755 3 0.0017302 -0.291464 0
3.80755 3 0.0026827 -0.291142 0
3.80755 3 0.00415956 -0.290642 0
3.80755 3 0.00644947 -0.289871 0
3.80755 3 0.01 -0.288682 0
3.80755 3 0.0155052 -0.286853 0
3.80755 3 0.024041 -0.284054 0
3.80755 3 0.0372759 -0.2798 0
3.80755 3 0.0577969 -0.273401 0
3.80755 3 0.0896151 -0.263919 0
3.80755 3 0.13895 -0.250168 0
3.80755 3 0.215443 -0.230807 0
3.80755 3 0.334048 -0.204558 0
3.80755 3 0.517947 -0.170728 0
3.80755 3 0.803086 -0.130596 0
3.80755 3 1.2452 -0.0896435 0
3.80755 3 1.9307 -0.0562212 0
3.80755 3 2.99358 -0.0346451 0
3.80755 3 4.64159 -0.0198803 0
3.80755 3 7.19686 -0.00918028 0
3.80755 3 11.1588 -0.00579414 0
3.80755 3 17.302 -0.00284117 0
3.80755 3 26.827 -0.00145053 0
3.80755 3 41.5956 -0.000915808 0
3.80755 3 64.4947 -0.000575863 0
3.80755 3 100 -0.000354189 0
3.80755 3 155.052 -0.000222923 0
3.80755 3 240.41 -0.000139413 0
3.80755 3 372.759 -8.46401e-05 0
3.80755 3 577.969 -5.20673e-05 0
3.80755 3 896.151 -3.2676e-05 0
3.80755 3 1389.5 -1.99923e-05 0
3.80755 3 2154.43 -1.20576e-05 0
3.80755 3 3340.48 -7.27278e-06 0
3.80755 3 5179.47 -4.38873e-06 0
3.80755 3 8030.86 -2.63462e-06 0
3.80755 3 12452 -1.54292e-06 0
3.80755 3 19307 -8.80604e-07 0
3.80755 3 29935.8 -4.91074e-07 0
3.80755 3 46415.9 -2.66747e-07 0
3.80755 3 71968.6 -1.4118e-07 0
3.80755 3 111588 -7.27655e-08 0
3.80755 3 173020 -3.56143e-08 0
3.80755 3 268270 -1.69233e-08 0
3.80755 3 415956 -7.65845e-09 0
3.80755 3 644947 -3.14715e-09 0
3.80755 3 1e+06 -9.84077e-10 0

9.28415 3 1e-06 -0.103435 0
9.28415 3 1.55052e-06 -0.103435 0
9.28415 3 2.4041e-06 -0.103435 0
9.28415 3 3.72759e-06 -0.103435 0
9.28415 3 5.77969e-06 -0.103435 0
9.28415 3 8.96151e-06 -0.103434 0
9.28415 3 1.3895e-05 -0.103434 0
9.28415 3 2.15443e-05 -0.103433 0
9.28415 3 3.34048e-05 -0.103433 0
9.28415 3 5.17947e-05 -0.103431 0
9.28415 3 8.03086e-05 -0.103429 0
9.28415 3 0.00012452 -0.103426 0
9.28415 3 0.00019307 -0.10342 0
9.28415 3 0.000299358 -0.103412 0
9.28415 3 0.000464159 -0.103399 0
9.28415 3 0.000719686 -0.10338 0
9.28415 3 0.00111588 -0.103349 0
9.28415 3 0.0017302 -0.103302 0
9.28415 3 0.0026827 -0.103229 0
9.28415 3 0.00415956 -0.103115 0
9.28415 3 0.00644947 -0.10294 0
9.28415 3 0.01 -0.102671 0
9.28415 3 0.0155052 -0.102256 0
9.28415 3 0.024041 -0.101623 0
9.28415 3 0.0372759 -0.10066 0
9.28415 3 0.0577969 -0.0992123 0
9.28415 3 0.0896151 -0.0970645 0
9.28415 3 0.13895 -0.0939317 0
9.28415 3 0.215443 -0.0894419 0
9.28415 3 0.334048 -0.0830828 0
9.28415 3 0.517947 -0.0741484 0
9.28415 3 0.803086 -0.062084 0
9.28415 3 1.2452 -0.0478057 0
9.28415 3 1.9307 -0.0342312 0
9.28415 3 2.99358 -0.0239554 0
9.28415 3 4.64159 -0.0151545 0
9.28415 3 7.19686 -0.00752233 0
9.28415 3 11.1588 -0.00498233 0
9.28415 3 17.302 -0.00256213 0
9.28415 3 26.827 -0.00134356 0
9.28415 3 41.5956 -0.000865715 0
9.28415 3 64.4947 -0.000552848 0
9.28415 3 100 -0.000343909 0
9.28415 3 155.052 -0.000218304 0
9.28415 3 240.41 -0.00013738 0
9.28415 3 372.759 -8.37641e-05 0
9.28415 3 577.969 -5.16887e-05 0
9.28415 3 896.151 -3.25122e-05 0
9.28415 3 1389.5 -1.99227e-05 0
9.28415 3 2154.43 -1.20282e-05 0
9.28415 3 3340.48 -7.2604e-06 0
9.28415 3 5179.47 -4.38356e-06 0
9.28415 3 8030.86 -2.63249e-06 0
9.28415 3 12452 -1.54207e-06 0
9.28415 3 19307 -8.8027e-07 0
9.28415 3 29935.8 -4.90948e-07 0
9.28415 3 46415.9 -2.66701e-07 0
9.28415 3 71968.6 -1.41164e-07 0
9.28415 3 111588 -7.27601e-08 0
9.28415 3 173020 -3.56126e-08 0
9.28415 3 268270 -1.69228e-08 0
9.28415 3 415956 -7.65829e-09 0
9.28415 3 644947 -3.14711e-09 0
9.28415 3 1e+06 -9.84065e-10 0

22.638 3 1e-06 -0.0283044 0
22.638 3 1.55052e-06 -0.0283044 0
22.638 3 2.4041e-06 -0.0283044 0
22.638 3 3.72759e-06 -0.0283043 0
22.638 3 5.77969e-06 -0.0283043 0
22.638 3 8.96151e-06 -0.0283043 0
22.638 3 1.3895e-05 -0.0283042 0
22.638 3 2.15443e-05 -0.0283042 0
22.638 3 3.34048e-05 -0.028304 0
22.638 3 5.17947e-05 -0.0283039 0
22.638 3 8.03086e-05 -0.0283036 0
22.638 3 0.00012452 -0.0283031 0
22.638 3 0.00019307 -0.0283024 0
22.638 3 0.000299358 -0.0283013 0
22.638 3 0.000464159 -0.0282997 0
22.638 3 0.000719686 -0.0282971 0
22.638 3 0.00111588 -0.0282931 0
22.638 3 0.0017302 -0.0282868 0
22.638 3 0.0026827 -0.0282772 0
22.638 3 0.00415956 -0.0282623 0
22.638 3 0.00644947 -0.0282394 0
22.638 3 0.01 -0.0282041 0
22.638 3 0.0155052 -0.0281501 0
22.638 3 0.024041 -0.0280679 0
22.638 3 0.0372759 -0.0279438 0
22.638 3 0.0577969 -0.0277589 0
22.638 3 0.0896151 -0.0274873 0
22.638 3 0.13895 -0.0270929 0
22.638 3 0.215443 -0.0265176 0
22.638 3 0.334048 -0.0256432 0
22.638 3 0.517947 -0.0242243 0
22.638 3 0.803086 -0.021926 0
22.638 3 1.2452 -0.0187302 0
22.638 3 1.9307 -0.015261 0
22.638 3 2.99358 -0.0123359 0
22.638 3 4.64159 -0.00892792 0
22.638 3 7.19686 -0.00502574 0
22.638 3 11.1588 -0.00362528 0
22.638 3 17.302 -0.00205374 0
22.638 3 26.827 -0.00114039 0
22.638 3 41.5956 -0.00076616 0
22.638 3 64.4947 -0.00050545 0
22.638 3 100 -0.000322164 0
22.638 3 155.052 -0.000208312 0
22.638 3 240.41 -0.000132905 0
22.638 3 372.759 -8.18119e-05 0
22.638 3 577.969 -5.0836e-05 0
22.638 3 896.151 -3.21397e-05 0
22.638 3 1389.5 -1.97632e-05 0
22.638 3 2154.43 -1.19605e-05 0
22.638 3 3340.48 -7.23176e-06 0
22.638 3 5179.47 -4.37155e-06 0
22.638 3 8030.86 -2.62754e-06 0
22.638 3 12452 -1.54007e-06 0
22.638 3 19307 -8.79486e-07 0
22.638 3 29935.8 -4.9065e-07 0
22.638 3 46415.9 -2.66593e-07 0
22.638 3 71968.6 -1.41126e-07 0
22.638 3 111588 -7.27474e-08 0
22.638 3 173020 -3.56085e-08 0
22.638 3 268270 -1.69216e-08 0
22.638 3 415956 -7.65792e-09 0
22.638 3 644947 -3.147e-09 0
22.638 3 1e+06 -9.84036e-10 0

55.1995 3 1e-06 -0.00706981 0
55.1995 3 1.55052e-06 -0.00706981 0
55.1995 3 2.4041e-06 -0.00706981 0
55.1995 3 3.72759e-06 -0.0070698 0
55.1995 3 5.77969e-06 -0.0070698 0
55.1995 3 8.96151e-06 -0.0070698 0
55.1995 3 1.3895e-05 -0.00706979 0
55.1995 3 2.15443e-05 -0.00706979 0
55.1995 3 3.34048e-05 -0.00706977 0
55.1995 3 5.17947e-05 -0.00706975 0
55.1995 3 8.03086e-05 -0.00706972 0
55.1995 3 0.00012452 -0.00706968 0
55.1995 3 0.00019307 -0.0070696 0
55.1995 3 0.000299358 -0.00706949 0
55.1995 3 0.000464159 -0.00706932 0
55.1995 3 0.000719686 -0.00706905 0
55.1995 3 0.00111588 -0.00706863 0
55.1995 3 0.0017302 -0.00706799 0
55.1995 3 0.0026827 -0.007067 0
55.1995 3 0.00415956 -0.00706547 0
55.1995 3 0.00644947 -0.00706312 0
55.1995 3 0.01 -0.00705952 0
55.1995 3 0.0155052 -0.00705408 0
55.1995 3 0.024041 -0.00704593 0
55.1995 3 0.0372759 -0.00703393 0
55.1995 3 0.0577969 -0.00701667 0
55.1995 3 0.0896151 -0.00699249 0
55.1995 3 0.13895 -0.00695907 0
55.1995 3 0.215443 -0.00691068 0
55.1995 3 0.334048 -0.00682814 0
55.1995 3 0.517947 -0.00665914 0
55.1995 3 0.803086 -0.00631829 0
55.1995 3 1.2452 -0.00577485 0
55.1995 3 1.9307 -0.00514894 0
55.1995 3 2.99358 -0.00466061 0
55.1995 3 4.64159 -0.00383723 0
55.1995 3 7.19686 -0.00254851 0
55.1995 3 11.1588 -0.00204806 0
55.1995 3 17.302 -0.00135522 0
55.1995 3 26.827 -0.000835128 0
55.1995 3 41.5956 -0.000602888 0
55.1995 3 64.4947 -0.000421987 0
55.1995 3 100 -0.000281735 0
55.1995 3 155.052 -0.000188865 0
55.1995 3 240.41 -0.000123884 0
55.1995 3 372.759 -7.77752e-05 0
55.1995 3 577.969 -4.90349e-05 0
55.1995 3 896.151 -3.13387e-05 0
55.1995 3 1389.5 -1.94156e-05 0
55.1995 3 2154.43 -1.18114e-05 0
55.1995 3 3340.48 -7.16804e-06 0
55.1995 3 5179.47 -4.34461e-06 0
55.1995 3 8030.86 -2.61634e-06 0
55.1995 3 12452 -1.53553e-06 0
55.1995 3 19307 -8.77696e-07 0
55.1995 3 29935.8 -4.89967e-07 0
55.1995 3 46415.9 -2.66342e-07 0
55.1995 3 71968.6 -1.41038e-07 0
55.1995 3 111588 -7.27179e-08 0
55.1995 3 173020 -3.55991e-08 0
55.1995 3 268270 -1.69186e-08 0
55.1995 3 415956 -7.65703e-09 0
55.1995 3 644947 -3.14674e-09 0
55.1995 3 1e+06 -9.83968e-10 0

134.596 3 1e-06 -0.00174026 0
134.596 3 1.55052e-06 -0.00174026 0
134.596 3 2.4041e-06 -0.00174026 0
134.596 3 3.72759e-06 -0.00174026 0
134.596 3 5.77969e-06 -0.00174026 0
134.596 3 8.96151e-06 -0.00174026 0
134.596 3 1.3895e-05 -0.00174026 0
134.596 3 2.15443e-05 -0.00174026 0
134.596 3 3.34048e-05 -0.00174026 0
134.596 3 5.17947e-05 -0.00174025 0
134.596 3 8.03086e-05 -0.00174025 0
134.596 3 0.00012452 -0.00174025 0
134.596 3 0.00019307 -0.00174024 0
134.596 3 0.000299358 -0.00174023 0
134.596 3 0.000464159 -0.00174021 0
134.596 3 0.000719686 -0.00174019 0
134.596 3 0.00111588 -0.00174015 0
134.596 3 0.0017302 -0.0017401 0
134.596 3 0.0026827 -0.00174001 0
134.596 3 0.00415956 -0.00173987 0
134.596 3 0.00644947 -0.00173966 0
134.596 3 0.01 -0.00173935 0
134.596 3 0.0155052 -0.0017389 0
134.596 3 0.024041 -0.00173824 0
134.596 3 0.0372759 -0.00173732 0
134.596 3 0.0577969 -0.00173615 0
134.596 3 0.0896151 -0.00173476 0
134.596 3 0.13895 -0.00173328 0
134.596 3 0.215443 -0.00173139 0
134.596 3 0.334048 -0.00172643 0
134.596 3 0.517947 -0.00170953 0
134.596 3 0.803086 -0.00166478 0
134.596 3 1.2452 -0.00158512 0
134.596 3 1.9307 -0.00149416 0
134.596 3 2.99358 -0.00144501 0
134.596 3 4.64159 -0.00130757 0
134.596 3 7.19686 -0.0010192 0
134.596 3 11.1588 -0.000900859 0
134.596 3 17.302 -0.000706791 0
134.596 3 26.827 -0.000502932 0
134.596 3 41.5956 -0.000399297 0
134.596 3 64.4947 -0.000304812 0
134.596 3 100 -0.000219319 0
134.596 3 155.052 -0.000156296 0
134.596 3 240.41 -0.00010776 0
134.596 3 372.759 -7.02141e-05 0
134.596 3 577.969 -4.55293e-05 0
134.596 3 896.151 -2.97283e-05 0
134.596 3 1389.5 -1.87003e-05 0
134.596 3 2154.43 -1.14987e-05 0
134.596 3 3340.48 -7.03231e-06 0
134.596 3 5179.47 -4.28644e-06 0
134.596 3 8030.86 -2.59188e-06 0
134.596 3 12452 -1.52553e-06 0
134.596 3 19307 -8.73718e-07 0
134.596 3 29935.8 -4.88436e-07 0
134.596 3 46415.9 -2.65776e-07 0
134.596 3 71968.6 -1.40838e-07 0
134.596 3 111588 -7.26503e-08 0
134.596 3 173020 -3.55772e-08 0
134.596 3 268270 -1.69118e-08 0
134.596 3 415956 -7.65498e-09 0
134.596 3 644947 -3.14615e-09 0
134.596 3 1e+06 -9.8381e-10 0

328.193 3 1e-06 -0.000475144 0
328.193 3 1.55052e-06 -0.000475144 0
328.193 3 2.4041e-06 -0.000475144 0
328.193 3 3.72759e-06 -0.000475144 0
328.193 3 5.77969e-06 -0.000475144 0
328.193 3 8.96151e-06 -0.000475144 0
328.193 3 1.3895e-05 -0.000475144 0
328.193 3 2.15443e-05 -0.000475144 0
328.193 3 3.34048e-05 -0.000475144 0
328.193 3 5.17947e-05 -0.000475144 0
328.193 3 8.03086e-05 -0.000475143 0
328.193 3 0.00012452 -0.000475143 0
328.193 3 0.00019307 -0.000475142 0
328.193 3 0.000299358 -0.000475141 0
328.193 3 0.000464159 -0.00047514 0
328.193 3 0.000719686 -0.000475138 0
328.193 3 0.00111588 -0.000475134 0
328.193 3 0.0017302 -0.000475129 0
328.193 3 0.0026827 -0.000475121 0
328.193 3 0.00415956 -0.000475108 0
328.193 3 0.00644947 -0.00047509 0
328.193 3 0.01 -0.000475063 0
328.193 3 0.0155052 -0.000475025 0
328.193 3 0.024041 -0.000474975 0
328.193 3 0.0372759 -0.000474917 0
328.193 3 0.0577969 -0.000474866 0
328.193 3 0.0896151 -0.000474863 0
328.193 3 0.13895 -0.00047497 0
328.193 3 0.215443 -0.000475193 0
328.193 3 0.334048 -0.000475158 0
328.193 3 0.517947 -0.000473412 0
328.193 3 0.803086 -0.000467243 0
328.193 3 1.2452 -0.000455398 0
328.193 3 1.9307 -0.000442357 0
328.193 3 2.99358 -0.000439076 0
328.193 3 4.64159 -0.000418833 0
328.193 3 7.19686 -0.000365788 0
328.193 3 11.1588 -0.000343806 0
328.193 3 17.302 -0.000304786 0
328.193 3 26.827 -0.000249151 0
328.193 3 41.5956 -0.000216889 0
328.193 3 64.4947 -0.000182273 0
328.193 3 100 -0.000144439 0
328.193 3 155.052 -0.0001121 0
328.193 3 240.41 -8.34145e-05 0
328.193 3 372.759 -5.78473e-05 0
328.193 3 577.969 -3.94104e-05 0
328.193 3 896.151 -2.67593e-05 0
328.193 3 1389.5 -1.73278e-05 0
328.193 3 2154.43 -1.08801e-05 0
328.193 3 3340.48 -6.75684e-06 0
328.193 3 5179.47 -4.16585e-06 0
328.193 3 8030.86 -2.54032e-06 0
328.193 3 12452 -1.50414e-06 0
328.193 3 19307 -8.65112e-07 0
328.193 3 29935.8 -4.85087e-07 0
328.193 3 46415.9 -2.64526e-07 0
328.193 3 71968.6 -1.40393e-07 0
328.193 3 111588 -7.24984e-08 0
328.193 3 173020 -3.55278e-08 0
328.193 3 268270 -1.68963e-08 0
328.193 3 415956 -7.65028e-09 0
328.193 3 644947 -3.14478e-09 0
328.193 3 1e+06 -9.83447e-10 0

800.25 3 1e-06 -0.000145996 0
800.25 3 1.55052e-06 -0.000145996 0
800.25 3 2.4041e-06 -0.000145996 0
800.25 3 3.72759e-06 -0.000145996 0
800.25 3 5.77969e-06 -0.000145996 0
800.25 3 8.96151e-06 -0.000145996 0
800.25 3 1.3895e-05 -0.000145996 0
800.25 3 2.15443e-05 -0.000145996 0
800.25 3 3.34048e-05 -0.000145996 0
800.25 3 5.17947e-05 -0.000145996 0
800.25 3 8.03086e-05 -0.000145996 0
800.25 3 0.00012452 -0.000145996 0
800.25 3 0.00019307 -0.000145996 0
800.25 3 0.000299358 -0.000145996 0
800.25 3 0.000464159 -0.000145995 0
800.25 3 0.000719686 -0.000145995 0
800.25 3 0.00111588 -0.000145995 0
800.25 3 0.0017302 -0.000145994 0
800.25 3 0.0026827 -0.000145993 0
800.25 3 0.00415956 -0.000145992 0
800.25 3 0.00644947 -0.00014599 0
800.25 3 0.01 -0.000145988 0
800.25 3 0.0155052 -0.000145984 0
800.25 3 0.024041 -0.00014598 0
800.25 3 0.0372759 -0.000145978 0
800.25 3 0.0577969 -0.00014598 0
800.25 3 0.0896151 -0.000145997 0
800.25 3 0.13895 -0.000146042 0
800.25 3 0.215443 -0.000146121 0
800.25 3 0.334048 -0.000146177 0
800.25 3 0.517947 -0.00014597 0
800.25 3 0.803086 -0.000145042 0
800.25 3 1.2452 -0.000143181 0
800.25 3 1.9307 -0.000141197 0
800.25 3 2.99358 -0.000141125 0
800.25 3 4.64159 -0.000138097 0
800.25 3 7.19686 -0.00012898 0
800.25 3 11.1588 -0.000125292 0
800.25 3 17.302 -0.000118591 0
800.25 3 26.827 -0.000106839 0
800.25 3 41.5956 -9.94202e-05 0
800.25 3 64.4947 -9.03813e-05 0
800.25 3 100 -7.86252e-05 0
800.25 3 155.052 -6.68515e-05 0
800.25 3 240.41 -5.45439e-05 0
800.25 3 372.759 -4.12985e-05 0
800.25 3 577.969 -3.03433e-05 0
800.25 3 896.151 -2.19503e-05 0
800.25 3 1389.5 -1.49503e-05 0
800.25 3 2154.43 -9.75207e-06 0
800.25 3 3340.48 -6.2334e-06 0
800.25 3 5179.47 -3.92894e-06 0
800.25 3 8030.86 -2.43625e-06 0
800.25 3 12452 -1.46006e-06 0
800.25 3 19307 -8.47061e-07 0
800.25 3 29935.8 -4.77953e-07 0
800.25 3 46415.9 -2.61825e-07 0
800.25 3 71968.6 -1.39417e-07 0
800.25 3 111588 -7.21618e-08 0
800.25 3 173020 -3.54171e-08 0
800.25 3 268270 -1.68613e-08 0
800.25 3 415956 -7.63959e-09 0
800.25 3 644947 -3.14166e-09 0
800.25 3 1e+06 -9.82618e-10 0

1951.29 3 1e-06 -4.86044e-05 0
1951.29 3 1.55052e-06 -4.86044e-05 0
1951.29 3 2.4041e-06 -4.86044e-05 0
1951.29 3 3.72759e-06 -4.86044e-05 0
1951.29 3 5.77969e-06 -4.86044e-05 0
1951.29 3 8.96151e-06 -4.86044e-05 0
1951.29 3 1.3895e-05 -4.86044e-05 0
1951.29 3 2.15443e-05 -4.86044e-05 0
1951.29 3 3.34048e-05 -4.86044e-05 0
1951.29 3 5.17947e-05 -4.86044e-05 0
1951.29 3 8.03086e-05 -4.86044e-05 0
1951.29 3 0.00012452 -4.86043e-05 0
1951.29 3 0.00019307 -4.86043e-05 0
1951.29 3 0.000299358 -4.86043e-05 0
1951.29 3 0.000464159 -4.86043e-05 0
1951.29 3 0.000719686 -4.86043e-05 0
1951.29 3 0.00111588 -4.86042e-05 0
1951.29 3 0.0017302 -4.86042e-05 0
1951.29 3 0.0026827 -4.86041e-05 0
1951.29 3 0.00415956 -4.86039e-05 0
1951.29 3 0.00644947 -4.86037e-05 0
1951.29 3 0.01 -4.86034e-05 0
1951.29 3 0.0155052 -4.86031e-05 0
1951.29 3 0.024041 -4.86028e-05 0
1951.29 3 0.0372759 -4.86029e-05 0
1951.29 3 0.0577969 -4.86042e-05 0
1951.29 3 0.0896151 -4.86085e-05 0
1951.29 3 0.13895 -4.86182e-05 0
1951.29 3 0.215443 -4.86349e-05 0
1951.29 3 0.334048 -4.86493e-05 0
1951.29 3 0.517947 -4.86214e-05 0
1951.29 3 0.803086 -4.84742e-05 0
1951.29 3 1.2452 -4.81725e-05 0
1951.29 3 1.9307 -4.78572e-05 0
1951.29 3 2.99358 -4.78872e-05 0
1951.29 3 4.64159 -4.74169e-05 0
1951.29 3 7.19686 -4.58833e-05 0
1951.29 3 11.1588 -4.5286e-05 0
1951.29 3 17.302 -4.41934e-05 0
1951.29 3 26.827 -4.20379e-05 0
1951.29 3 41.5956 -4.06365e-05 0
1951.29 3 64.4947 -3.87925e-05 0
1951.29 3 100 -3.60819e-05 0
1951.29 3 155.052 -3.30132e-05 0
1951.29 3 240.41 -2.93038e-05 0
1951.29 3 372.759 -2.44651e-05 0
1951.29 3 577.969 -1.97432e-05 0
1951.29 3 896.151 -1.55503e-05 0
1951.29 3 1389.5 -1.14323e-05 0
1951.29 3 2154.43 -7.93899e-06 0
1951.29 3 3340.48 -5.33429e-06 0
1951.29 3 5179.47 -3.49945e-06 0
1951.29 3 8030.86 -2.23927e-06 0
1951.29 3 12452 -1.3738e-06 0
1951.29 3 19307 -8.10763e-07 0
1951.29 3 29935.8 -4.63268e-07 0
1951.29 3 46415.9 -2.5615e-07 0
1951.29 3 71968.6 -1.37331e-07 0
1951.29 3 111588 -7.14304e-08 0
1951.29 3 173020 -3.51735e-08 0
1951.29 3 268270 -1.67833e-08 0
1951.29 3 415956 -7.61558e-09 0
1951.29 3 644947 -3.13461e-09 0
1951.29 3 1e+06 -9.80744e-10 0

4757.94 3 1e-06 -1.69404e-05 0
4757.94 3 1.55052e-06 -1.69404e-05 0
4757.94 3 2.4041e-06 -1.69404e-05 0
4757.94 3 3.72759e-06 -1.69404e-05 0
4757.94 3 5.77969e-06 -1.69404e-05 0
4757.94 3 8.96151e-06 -1.69404e-05 0
4757.94 3 1.3895e-05 -1.69404e-05 0
4757.94 3 2.15443e-05 -1.69404e-05 0
4757.94 3 3.34048e-05 -1.69404e-05 0
4757.94 3 5.17947e-05 -1.69404e-05 0
4757.94 3 8.03086e-05 -1.69404e-05 0
4757.94 3 0.00012452 -1.69404e-05 0
4757.94 3 0.00019307 -1.69404e-05 0
4757.94 3 0.000299358 -1.69404e-05 0
4757.94 3 0.000464159 -1.69404e-05 0
4757.94 3 0.000719686 -1.69404e-05 0
4757.94 3 0.00111588 -1.69404e-05 0
4757.94 3 0.0017302 -1.69404e-05 0
4757.94 3 0.0026827 -1.69404e-05 0
4757.94 3 0.00415956 -1.69404e-05 0
4757.94 3 0.00644947 -1.69403e-05 0
4757.94 3 0.01 -1.69403e-05 0
4757.94 3 0.0155052 -1.69402e-05 0
4757.94 3 0.024041 -1.69402e-05 0
4757.94 3 0.0372759 -1.69403e-05 0
4757.94 3 0.0577969 -1.69406e-05 0
4757.94 3 0.0896151 -1.69414e-05 0
4757.94 3 0.13895 -1.69433e-05 0
4757.94 3 0.215443 -1.69464e-05 0
4757.94 3 0.334048 -1.69492e-05 0
4757.94 3 0.517947 -1.69451e-05 0
4757.94 3 0.803086 -1.69211e-05 0
4757.94 3 1.2452 -1.68714e-05 0
4757.94 3 1.9307 -1.68201e-05 0
4757.94 3 2.99358 -1.68288e-05 0
4757.94 3 4.64159 -1.67536e-05 0
4757.94 3 7.19686 -1.64971e-05 0
4757.94 3 11.1588 -1.64009e-05 0
4757.94 3 17.302 -1.62241e-05 0
4757.94 3 26.827 -1.58531e-05 0
4757.94 3 41.5956 -1.5613e-05 0
4757.94 3 64.4947 -1.5285e-05 0
4757.94 3 100 -1.47676e-05 0
4757.94 3 155.052 -1.41394e-05 0
4757.94 3 240.41 -1.33009e-05 0
4757.94 3 372.759 -1.20295e-05 0
4757.94 3 577.969 -1.05865e-05 0
4757.94 3 896.151 -9.09407e-06 0
4757.94 3 1389.5 -7.33373e-06 0
4757.94 3 2154.43 -5.55415e-06 0
4757.94 3 3340.48 -4.0253e-06 0
4757.94 3 5179.47 -2.8181e-06 0
4757.94 3 8030.86 -1.90368e-06 0
4757.94 3 12452 -1.21844e-06 0
4757.94 3 19307 -7.42454e-07 0
4757.94 3 29935.8 -4.34605e-07 0
4757.94 3 46415.9 -2.44726e-07 0
4757.94 3 71968.6 -1.33018e-07 0
4757.94 3 111588 -6.98837e-08 0
4757.94 3 173020 -3.46486e-08 0
4757.94 3 268270 -1.66127e-08 0
4757.94 3 415956 -7.5624e-09 0
4757.94 3 644947 -3.11886e-09 0
4757.94 3 1e+06 -9.76564e-10 0

11601.6 3 1e-06 -5.94422e-06 0
11601.6 3 1.55052e-06 -5.94422e-06 0
11601.6 3 2.4041e-06 -5.94422e-06 0
11601.6 3 3.72759e-06 -5.94422e-06 0
11601.6 3 5.77969e-06 -5.94422e-06 0
11601.6 3 8.96151e-06 -5.94422e-06 0
11601.6 3 1.3895e-05 -5.94422e-06 0
11601.6 3 2.15443e-05 -5.94422e-06 0
11601.6 3 3.34048e-05 -5.94422e-06 0
11601.6 3 5.17947e-05 -5.94422e-06 0
11601.6 3 8.03086e-05 -5.94422e-06 0
11601.6 3 0.00012452 -5.94422e-06 0
11601.6 3 0.00019307 -5.94422e-06 0
11601.6 3 0.000299358 -5.94422e-06 0
11601.6 3 0.000464159 -5.94422e-06 0
11601.6 3 0.000719686 -5.94422e-06 0
11601.6 3 0.00111588 -5.94422e-06 0
11601.6 3 0.0017302 -5.94422e-06 0
11601.6 3 0.0026827 -5.94422e-06 0
11601.6 3 0.00415956 -5.94422e-06 0
11601.6 3 0.00644947 -5.94421e-06 0
11601.6 3 0.01 -5.94421e-06 0
11601.6 3 0.0155052 -5.9442e-06 0
11601.6 3 0.024041 -5.9442e-06 0
11601.6 3 0.0372759 -5.94422e-06 0
11601.6 3 0.0577969 -5.94428e-06 0
11601.6 3 0.0896151 -5.94443e-06 0
11601.6 3 0.13895 -5.94475e-06 0
11601.6 3 0.215443 -5.9453e-06 0
11601.6 3 0.334048 -5.94583e-06 0
11601.6 3 0.517947 -5.9452e-06 0
11601.6 3 0.803086 -5.94125e-06 0
11601.6 3 1.2452 -5.933e-06 0
11601.6 3 1.9307 -5.92455e-06 0
11601.6 3 2.99358 -5.9264e-06 0
11601.6 3 4.64159 -5.91419e-06 0
11601.6 3 7.19686 -5.87141e-06 0
11601.6 3 11.1588 -5.85596e-06 0
11601.6 3 17.302 -5.82738e-06 0
11601.6 3 26.827 -5.76535e-06 0
11601.6 3 41.5956 -5.72614e-06 0
11601.6 3 64.4947 -5.67183e-06 0
11601.6 3 100 -5.58292e-06 0
11601.6 3 155.052 -5.47178e-06 0
11601.6 3 240.41 -5.31527e-06 0
11601.6 3 372.759 -5.054e-06 0
11601.6 3 577.969 -4.72586e-06 0
11601.6 3 896.151 -4.34515e-06 0
11601.6 3 1389.5 -3.81944e-06 0
11601.6 3 2154.43 -3.18236e-06 0
11601.6 3 3340.48 -2.5339e-06 0
11601.6 3 5179.47 -1.93874e-06 0
11601.6 3 8030.86 -1.41964e-06 0
11601.6 3 12452 -9.73117e-07 0
11601.6 3 19307 -6.26537e-07 0
11601.6 3 29935.8 -3.8303e-07 0
11601.6 3 46415.9 -2.23149e-07 0
11601.6 3 71968.6 -1.24537e-07 0
11601.6 3 111588 -6.6736e-08 0
11601.6 3 173020 -3.35511e-08 0
11601.6 3 268270 -1.62482e-08 0
11601.6 3 415956 -7.44679e-09 0
11601.6 3 644947 -3.08425e-09 0
11601.6 3 1e+06 -9.67373e-10 0

28288.7 3 1e-06 -2.05802e-06 0
28288.7 3 1.55052e-06 -2.05802e-06 0
28288.7 3 2.4041e-06 -2.05802e-06 0
28288.7 3 3.72759e-06 -2.05802e-06 0
28288.7 3 5.77969e-06 -2.05802e-06 0
28288.7 3 8.96151e-06 -2.05802e-06 0
28288.7 3 1.3895e-05 -2.05802e-06 0
28288.7 3 2.15443e-05 -2.05802e-06 0
28288.7 3 3.34048e-05 -2.05802e-06 0
28288.7 3 5.17947e-05 -2.05802e-06 0
28288.7 3 8.03086e-05 -2.05802e-06 0
28288.7 3 0.00012452 -2.05802e-06 0
28288.7 3 0.00019307 -2.05802e-06 0
28288.7 3 0.000299358 -2.05802e-06 0
28288.7 3 0.000464159 -2.05802e-06 0
28288.7 3 0.000719686 -2.05802e-06 0
28288.7 3 0.00111588 -2.05802e-06 0
28288.7 3 0.0017302 -2.05802e-06 0
28288.7 3 0.0026827 -2.05802e-06 0
28288.7 3 0.00415956 -2.05802e-06 0
28288.7 3 0.00644947 -2.05801e-06 0
28288.7 3 0.01 -2.05801e-06 0
28288.7 3 0.0155052 -2.05801e-06 0
28288.7 3 0.024041 -2.05801e-06 0
28288.7 3 0.0372759 -2.05802e-06 0
28288.7 3 0.0577969 -2.05803e-06 0
28288.7 3 0.0896151 -2.05805e-06 0
28288.7 3 0.13895 -2.05811e-06 0
28288.7 3 0.215443 -2.05821e-06 0
28288.7 3 0.334048 -2.0583e-06 0
28288.7 3 0.517947 -2.0582e-06 0
28288.7 3 0.803086 -2.05755e-06 0
28288.7 3 1.2452 -2.05617e-06 0
28288.7 3 1.9307 -2.05478e-06 0
28288.7 3 2.99358 -2.05513e-06 0
28288.7 3 4.64159 -2.05314e-06 0
28288.7 3 7.19686 -2.04601e-06 0
28288.7 3 11.1588 -2.04353e-06 0
28288.7 3 17.302 -2.0389e-06 0
28288.7 3 26.827 -2.02865e-06 0
28288.7 3 41.5956 -2.02238e-06 0
28288.7 3 64.4947 -2.01367e-06 0
28288.7 3 100 -1.99912e-06 0
28288.7 3 155.052 -1.98083e-06 0
28288.7 3 240.41 -1.95446e-06 0
28288.7 3 372.759 -1.90792e-06 0
28288.7 3 577.969 -1.84634e-06 0
28288.7 3 896.151 -1.77019e-06 0
28288.7 3 1389.5 -1.65309e-06 0
28288.7 3 2154.43 -1.48947e-06 0
28288.7 3 3340.48 -1.29529e-06 0
28288.7 3 5179.47 -1.08778e-06 0
28288.7 3 8030.86 -8.7564e-07 0
28288.7 3 12452 -6.58162e-07 0
28288.7 3 19307 -4.60207e-07 0
28288.7 3 29935.8 -3.01874e-07 0
28288.7 3 46415.9 -1.86492e-07 0
28288.7 3 71968.6 -1.09174e-07 0
28288.7 3 111588 -6.07213e-08 0
28288.7 3 173020 -3.13647e-08 0
28288.7 3 268270 -1.54972e-08 0
28288.7 3 415956 -7.20252e-09 0
28288.7 3 644947 -3.00986e-09 0
28288.7 3 1e+06 -9.47583e-10 0

68977.9 3 1e-06 -6.82579e-07 0
68977.9 3 1.55052e-06 -6.82579e-07 0
68977.9 3 2.4041e-06 -6.82579e-07 0
68977.9 3 3.72759e-06 -6.82579e-07 0
68977.9 3 5.77969e-06 -6.82579e-07 0
68977.9 3 8.96151e-06 -6.82579e-07 0
68977.9 3 1.3895e-05 -6.82579e-07 0
68977.9 3 2.15443e-05 -6.82579e-07 0
68977.9 3 3.34048e-05 -6.82579e-07 0
68977.9 3 5.17947e-05 -6.82579e-07 0
68977.9 3 8.03086e-05 -6.82579e-07 0
68977.9 3 0.00012452 -6.82579e-07 0
68977.9 3 0.00019307 -6.82579e-07 0
68977.9 3 0.000299358 -6.82579e-07 0
68977.9 3 0.000464159 -6.82579e-07 0
68977.9 3 0.000719686 -6.82579e-07 0
68977.9 3 0.00111588 -6.82579e-07 0
68977.9 3 0.0017302 -6.82579e-07 0
68977.9 3 0.0026827 -6.82579e-07 0
68977.9 3 0.00415956 -6.82579e-07 0
68977.9 3 0.00644947 -6.82579e-07 0
68977.9 3 0.01 -6.82579e-07 0
68977.9 3 0.0155052 -6.82579e-07 0
68977.9 3 0.024041 -6.82579e-07 0
68977.9 3 0.0372759 -6.8258e-07 0
68977.9 3 0.0577969 -6.82582e-07 0
68977.9 3 0.0896151 -6.82586e-07 0
68977.9 3 0.13895 -6.82596e-07 0
68977.9 3 0.215443 -6.82613e-07 0
68977.9 3 0.334048 -6.82629e-07 0
68977.9 3 0.517947 -6.82613e-07 0
68977.9 3 0.803086 -6.82505e-07 0
68977.9 3 1.2452 -6.82277e-07 0
68977.9 3 1.9307 -6.82047e-07 0
68977.9 3 2.99358 -6.82113e-07 0
68977.9 3 4.64159 -6.81787e-07 0
68977.9 3 7.19686 -6.80604e-07 0
68977.9 3 11.1588 -6.80207e-07 0
68977.9 3 17.302 -6.79464e-07 0
68977.9 3 26.827 -6.77787e-07 0
68977.9 3 41.5956 -6.76804e-07 0
68977.9 3 64.4947 -6.75447e-07 0
68977.9 3 100 -6.7315e-07 0
68977.9 3 155.052 -6.70287e-07 0
68977.9 3 240.41 -6.66128e-07 0
68977.9 3 372.759 -6.58521e-07 0
68977.9 3 577.969 -6.48261e-07 0
68977.9 3 896.151 -6.35283e-07 0
68977.9 3 1389.5 -6.13982e-07 0
68977.9 3 2154.43 -5.81407e-07 0
68977.9 3 3340.48 -5.38492e-07 0
68977.9 3 5179.47 -4.87129e-07 0
68977.9 3 8030.86 -4.27112e-07 0
68977.9 3 12452 -3.54041e-07 0
68977.9 3 19307 -2.74146e-07 0
68977.9 3 29935.8 -1.98356e-07 0
68977.9 3 46415.9 -1.34042e-07 0
68977.9 3 71968.6 -8.48925e-08 0
68977.9 3 111588 -5.03777e-08 0
68977.9 3 173020 -2.73475e-08 0
68977.9 3 268270 -1.40424e-08 0
68977.9 3 415956 -6.70978e-09 0
68977.9 3 644947 -2.85568e-09 0
68977.9 3 1e+06 -9.06305e-10 0

168192 3 1e-06 -2.11279e-07 0
168192 3 1.55052e-06 -2.11279e-07 0
168192 3 2.4041e-06 -2.11279e-07 0
168192 3 3.72759e-06 -2.11279e-07 0
168192 3 5.77969e-06 -2.11279e-07 0
168192 3 8.96151e-06 -2.11279e-07 0
168192 3 1.3895e-05 -2.11279e-07 0
168192 3 2.15443e-05 -2.11279e-07 0
168192 3 3.34048e-05 -2.11279e-07 0
168192 3 5.17947e-05 -2.11279e-07 0
168192 3 8.03086e-05 -2.11279e-07 0
168192 3 0.00012452 -2.11279e-07 0
168192 3 0.00019307 -2.11279e-07 0
168192 3 0.000299358 -2.11279e-07 0
168192 3 0.000464159 -2.11279e-07 0
168192 3 0.000719686 -2.11279e-07 0
168192 3 0.00111588 -2.11279e-07 0
168192 3 0.0017302 -2.11279e-07 0
168192 3 0.0026827 -2.11279e-07 0
168192 3 0.00415956 -2.11279e-07 0
168192 3 0.00644947 -2.11279e-07 0
168192 3 0.01 -2.11279e-07 0
168192 3 0.0155052 -2.11279e-07 0
168192 3 0.024041 -2.11279e-07 0
168192 3 0.0372759 -2.11279e-07 0
168192 3 0.0577969 -2.11279e-07 0
168192 3 0.0896151 -2.1128e-07 0
168192 3 0.13895 -2.11282e-07 0
168192 3 0.215443 -2.11284e-07 0
168192 3 0.334048 -2.11287e-07 0
168192 3 0.517947 -2.11285e-07 0
168192 3 0.803086 -2.11267e-07 0
168192 3 1.2452 -2.11229e-07 0
168192 3 1.9307 -2.11191e-07 0
168192 3 2.99358 -2.11204e-07 0
168192 3 4.64159 -2.11151e-07 0
168192 3 7.19686 -2.10955e-07 0
168192 3 11.1588 -2.10892e-07 0
168192 3 17.302 -2.10774e-07 0
168192 3 26.827 -2.10502e-07 0
168192 3 41.5956 -2.10352e-07 0
168192 3 64.4947 -2.10147e-07 0
168192 3 100 -2.09796e-07 0
168192 3 155.052 -2.09367e-07 0
168192 3 240.41 -2.08745e-07 0
168192 3 372.759 -2.07571e-07 0
168192 3 577.969 -2.05989e-07 0
168192 3 896.151 -2.04e-07 0
168192 3 1389.5 -2.00596e-07 0
168192 3 2154.43 -1.95111e-07 0
168192 3 3340.48 -1.87481e-07 0
168192 3 5179.47 -1.7779e-07 0
168192 3 8030.86 -1.65516e-07 0
168192 3 12452 -1.48502e-07 0
168192 3 19307 -1.26652e-07 0
168192 3 29935.8 -1.02007e-07 0
168192 3 46415.9 -7.70511e-08 0
168192 3 71968.6 -5.44024e-08 0
168192 3 111588 -3.56047e-08 0
168192 3 173020 -2.09791e-08 0
168192 3 268270 -1.15279e-08 0
168192 3 415956 -5.79886e-09 0
168192 3 644947 -2.55698e-09 0
168192 3 1e+06 -8.25055e-10 0

410113 3 1e-06 -6.01213e-08 0
410113 3 1.55052e-06 -6.01213e-08 0
410113 3 2.4041e-06 -6.01213e-08 0
410113 3 3.72759e-06 -6.01213e-08 0
410113 3 5.77969e-06 -6.01213e-08 0
410113 3 8.96151e-06 -6.01213e-08 0
410113 3 1.3895e-05 -6.01213e-08 0
410113 3 2.15443e-05 -6.01213e-08 0
410113 3 3.34048e-05 -6.01213e-08 0
410113 3 5.17947e-05 -6.01213e-08 0
410113 3 8.03086e-05 -6.01213e-08 0
410113 3 0.00012452 -6.01213e-08 0
410113 3 0.00019307 -6.01213e-08 0
410113 3 0.000299358 -6.01213e-08 0
410113 3 0.000464159 -6.01213e-08 0
410113 3 0.000719686 -6.01213e-08 0
410113 3 0.00111588 -6.01213e-08 0
410113 3 0.0017302 -6.01213e-08 0
410113 3 0.0026827 -6.01213e-08 0
410113 3 0.00415956 -6.01213e-08 0
410113 3 0.00644947 -6.01213e-08 0
410113 3 0.01 -6.01213e-08 0
410113 3 0.0155052 -6.01213e-08 0
410113 3 0.024041 -6.01213e-08 0
410113 3 0.0372759 -6.01213e-08 0
410113 3 0.0577969 -6.01213e-08 0
410113 3 0.0896151 -6.01215e-08 0
410113 3 0.13895 -6.01218e-08 0
410113 3 0.215443 -6.01223e-08 0
410113 3 0.334048 -6.01228e-08 0
410113 3 0.517947 -6.01224e-08 0
410113 3 0.803086 -6.01195e-08 0
410113 3 1.2452 -6.01132e-08 0
410113 3 1.9307 -6.0107e-08 0
410113 3 2.99358 -6.01093e-08 0
410113 3 4.64159 -6.01007e-08 0
410113 3 7.19686 -6.00684e-08 0
410113 3 11.1588 -6.00587e-08 0
410113 3 17.302 -6.00401e-08 0
410113 3 26.827 -5.99963e-08 0
410113 3 41.5956 -5.99741e-08 0
410113 3 64.4947 -5.99442e-08 0
410113 3 100 -5.98921e-08 0
410113 3 155.052 -5.98308e-08 0
410113 3 240.41 -5.97426e-08 0
410113 3 372.759 -5.95697e-08 0
410113 3 577.969 -5.93403e-08 0
410113 3 896.151 -5.90603e-08 0
410113 3 1389.5 -5.85631e-08 0
410113 3 2154.43 -5.7734e-08 0
410113 3 3340.48 -5.65566e-08 0
410113 3 5179.47 -5.50399e-08 0
410113 3 8030.86 -5.30613e-08 0
410113 3 12452 -5.00829e-08 0
410113 3 19307 -4.5805e-08 0
410113 3 29935.8 -4.03015e-08 0
410113 3 46415.9 -3.38087e-08 0
410113 3 71968.6 -2.68186e-08 0
410113 3 111588 -1.97663e-08 0
410113 3 173020 -1.30533e-08 0
410113 3 268270 -7.95551e-09 0
410113 3 415956 -4.35655e-09 0
410113 3 644947 -2.04481e-09 0
410113 3 1e+06 -6.80855e-10 0

1e+06 3 1e-06 -1.55535e-08 0
1e+06 3 1.55052e-06 -1.55535e-08 0
1e+06 3 2.4041e-06 -1.55535e-08 0
1e+06 3 3.72759e-06 -1.55535e-08 0
1e+06 3 5.77969e-06 -1.55535e-08 0
1e+06 3 8.96151e-06 -1.55535e-08 0
1e+06 3 1.3895e-05 -1.55535e-08 0
1e+06 3 2.15443e-05 -1.55535e-08 0
1e+06 3 3.34048e-05 -1.55535e-08 0
1e+06 3 5.17947e-05 -1.55535e-08 0
1e+06 3 8.03086e-05 -1.55535e-08 0
1e+06 3 0.00012452 -1.55535e-08 0
1e+06 3 0.00019307 -1.55535e-08 0
1e+06 3 0.000299358 -1.55535e-08 0
1e+06 3 0.000464159 -1.55535e-08 0
1e+06 3 0.000719686 -1.55535e-08 0
1e+06 3 0.00111588 -1.55535e-08 0
1e+06 3 0.0017302 -1.55535e-08 0
1e+06 3 0.0026827 -1.55535e-08 0
1e+06 3 0.00415956 -1.55535e-08 0
1e+06 3 0.00644947 -1.55535e-08 0
1e+06 3 0.01 -1.55535e-08 0
1e+06 3 0.0155052 -1.55535e-08 0
1e+06 3 0.024041 -1.55536e-08 0
1e+06 3 0.0372759 -1.55536e-08 0
1e+06 3 0.0577969 -1.55536e-08 0
1e+06 3 0.0896151 -1.55536e-08 0
1e+06 3 0.13895 -1.55536e-08 0
1e+06 3 0.215443 -1.55537e-08 0
1e+06 3 0.334048 -1.55538e-08 0
1e+06 3 0.517947 -1.55538e-08 0
1e+06 3 0.803086 -1.55533e-08 0
1e+06 3 1.2452 -1.55522e-08 0
1e+06 3 1.9307 -1.55512e-08 0
1e+06 3 2.99358 -1.55516e-08 0
1e+06 3 4.64159 -1.55503e-08 0
1e+06 3 7.19686 -1.55449e-08 0
1e+06 3 11.1588 -1.55434e-08 0
1e+06 3 17.302 -1.55405e-08 0
1e+06 3 26.827 -1.55335e-08 0
1e+06 3 41.5956 -1.55303e-08 0
1e+06 3 64.4947 -1.5526e-08 0
1e+06 3 100 -1.55185e-08 0
1e+06 3 155.052 -1.55101e-08 0
1e+06 3 240.41 -1.54982e-08 0
1e+06 3 372.759 -1.54736e-08 0
1e+06 3 577.969 -1.54418e-08 0
1e+06 3 896.151 -1.54052e-08 0
1e+06 3 1389.5 -1.53371e-08 0
1e+06 3 2154.43 -1.52201e-08 0
1e+06 3 3340.48 -1.50539e-08 0
1e+06 3 5179.47 -1.4844e-08 0
1e+06 3 8030.86 -1.45733e-08 0
1e+06 3 12452 -1.41437e-08 0
1e+06 3 19307 -1.34818e-08 0
1e+06 3 29935.8 -1.25612e-08 0
1e+06 3 46415.9 -1.13638e-08 0
1e+06 3 71968.6 -9.90459e-09 0
1e+06 3 111588 -8.15139e-09 0
1e+06 3 173020 -6.09781e-09 0
1e+06 3 268270 -4.2185e-09 0
1e+06 3 415956 -2.59399e-09 0
1e+06 3 644947 -1.33675e-09 0
1e+06 3 1e+06 -4.68493e-10 0

