#q_sq i k_sq Re(fg) Im(fg)
1e-06 0 1e-06 3044.25 0
1e-06 0 1.55052e-06 3044.25 0
1e-06 0 2.4041e-06 3044.26 0
1e-06 0 3.72759e-06 3044.26 0
1e-06 0 5.77969e-06 3044.27 0
1e-06 0 8.96151e-06 3044.27 0
1e-06 0 1.3895e-05 3044.29 0
1e-06 0 2.15443e-05 3044.31 0
1e-06 0 3.34048e-05 3044.34 0
1e-06 0 5.17947e-05 3044.4 0
1e-06 0 8.03086e-05 3044.48 0
1e-06 0 0.00012452 3044.6 0
1e-06 0 0.00019307 3044.79 0
1e-06 0 0.000299358 3045.09 0
1e-06 0 0.000464159 3045.56 0
1e-06 0 0.000719686 3046.27 0
1e-06 0 0.00111588 3047.38 0
1e-06 0 0.0017302 3049.08 0
1e-06 0 0.0026827 3051.67 0
1e-06 0 0.00415956 3055.6 0
1e-06 0 0.00644947 3061.48 0
1e-06 0 0.01 3070.08 0
1e-06 0 0.0155052 3082.18 0
1e-06 0 0.024041 3098.06 0
1e-06 0 0.0372759 3116.16 0
1e-06 0 0.0577969 3129.52 0
1e-06 0 0.0896151 3119.24 0
1e-06 0 0.13895 3042.53 0
1e-06 0 0.215443 2809.68 0
1e-06 0 0.334048 2259.07 0
1e-06 0 0.517947 1138.52 0
1e-06 0 0.803086 -799.049 0
1e-06 0 1.2452 -3092.97 0
1e-06 0 1.9307 -4789.35 0
1e-06 0 2.99358 -7364.48 0
1e-06 0 4.64159 -9613.88 0
1e-06 0 7.19686 -6897.84 0
1e-06 0 11.1588 -10113.4 0
1e-06 0 17.302 -5461.5 0
1e-06 0 26.827 -167.682 0
1e-06 0 41.5956 268.166 0
1e-06 0 64.4947 201.029 0
1e-06 0 100 291.148 0
1e-06 0 155.052 175.805 0
1e-06 0 240.41 13.1066 0
1e-06 0 372.759 85.8711 0
1e-06 0 577.969 89.2864 0
1e-06 0 896.151 -86.1514 0
1e-06 0 1389.5 -131.267 0
1e-06 0 2154.43 -130.405 0
1e-06 0 3340.48 -147.434 0
1e-06 0 5179.47 -184.846 0
1e-06 0 8030.86 -261.429 0
1e-06 0 12452 -295.533 0
1e-06 0 19307 -304.302 0
1e-06 0 29935.8 -309.954 0
1e-06 0 46415.9 -306.968 0
1e-06 0 71968.6 -301.59 0
1e-06 0 111588 -304.096 0
1e-06 0 173020 -258.597 0
1e-06 0 268270 -229.792 0
1e-06 0 415956 -191.241 0
1e-06 0 644947 -145.192 0
1e-06 0 1e+06 -57.1199 0

2.43835e-06 0 1e-06 1248.77 0
2.43835e-06 0 1.55052e-06 1248.77 0
2.43835e-06 0 2.4041e-06 1248.77 0
2.43835e-06 0 3.72759e-06 1248.77 0
2.43835e-06 0 5.77969e-06 1248.77 0
2.43835e-06 0 8.96151e-06 1248.78 0
2.43835e-06 0 1.3895e-05 1248.78 0
2.43835e-06 0 2.15443e-05 1248.79 0
2.43835e-06 0 3.34048e-05 1248.8 0
2.43835e-06 0 5.17947e-05 1248.83 0
2.43835e-06 0 8.03086e-05 1248.86 0
2.43835e-06 0 0.00012452 1248.91 0
2.43835e-06 0 0.00019307 1248.99 0
2.43835e-06 0 0.000299358 1249.11 0
2.43835e-06 0 0.000464159 1249.3 0
2.43835e-06 0 0.000719686 1249.6 0
2.43835e-06 0 0.00111588 1250.05 0
2.43835e-06 0 0.0017302 1250.75 0
2.43835e-06 0 0.0026827 1251.81 0
2.43835e-06 0 0.00415956 1253.42 0
2.43835e-06 0 0.00644947 1255.83 0
2.43835e-06 0 0.01 1259.36 0
2.43835e-06 0 0.0155052 1264.31 0
2.43835e-06 0 0.024041 1270.82 0
2.43835e-06 0 0.0372759 1278.24 0
2.43835e-06 0 0.0577969 1283.71 0
2.43835e-06 0 0.0896151 1279.47 0
2.43835e-06 0 0.13895 1247.99 0
2.43835e-06 0 0.215443 1152.47 0
2.43835e-06 0 0.334048 926.62 0
2.43835e-06 0 0.517947 467.025 0
2.43835e-06 0 0.803086 -327.635 0
2.43835e-06 0 1.2452 -1268.43 0
2.43835e-06 0 1.9307 -1964.15 0
2.43835e-06 0 2.99358 -3020.25 0
2.43835e-06 0 4.64159 -3942.77 0
2.43835e-06 0 7.19686 -2828.89 0
2.43835e-06 0 11.1588 -4147.63 0
2.43835e-06 0 17.302 -2239.83 0
2.43835e-06 0 26.827 -68.7677 0
2.43835e-06 0 41.5956 109.979 0
2.43835e-06 0 64.4947 82.4449 0
2.43835e-06 0 100 119.404 0
2.43835e-06 0 155.052 72.1 0
2.43835e-06 0 240.41 5.37529 0
2.43835e-06 0 372.759 35.2169 0
2.43835e-06 0 577.969 36.6175 0
2.43835e-06 0 896.151 -35.3318 0
2.43835e-06 0 1389.5 -53.8342 0
2.43835e-06 0 2154.43 -53.4807 0
2.43835e-06 0 3340.48 -60.4644 0
2.43835e-06 0 5179.47 -75.8076 0
2.43835e-06 0 8030.86 -107.215 0
2.43835e-06 0 12452 -121.202 0
2.43835e-06 0 19307 -124.798 0
2.43835e-06 0 29935.8 -127.116 0
2.43835e-06 0 46415.9 -125.892 0
2.43835e-06 0 71968.6 -123.686 0
2.43835e-06 0 111588 -124.714 0
2.43835e-06 0 173020 -106.054 0
2.43835e-06 0 268270 -94.2408 0
2.43835e-06 0 415956 -78.4305 0
2.43835e-06 0 644947 -59.5452 0
2.43835e-06 0 1e+06 -23.4256 0

5.94557e-06 0 1e-06 512.416 0
5.94557e-06 0 1.55052e-06 512.417 0
5.94557e-06 0 2.4041e-06 512.417 0
5.94557e-06 0 3.72759e-06 512.418 0
5.94557e-06 0 5.77969e-06 512.419 0
5.94557e-06 0 8.96151e-06 512.42 0
5.94557e-06 0 1.3895e-05 512.423 0
5.94557e-06 0 2.15443e-05 512.426 0
5.94557e-06 0 3.34048e-05 512.432 0
5.94557e-06 0 5.17947e-05 512.441 0
5.94557e-06 0 8.03086e-05 512.454 0
5.94557e-06 0 0.00012452 512.475 0
5.94557e-06 0 0.00019307 512.508 0
5.94557e-06 0 0.000299358 512.558 0
5.94557e-06 0 0.000464159 512.636 0
5.94557e-06 0 0.000719686 512.756 0
5.94557e-06 0 0.00111588 512.942 0
5.94557e-06 0 0.0017302 513.227 0
5.94557e-06 0 0.0026827 513.662 0
5.94557e-06 0 0.00415956 514.322 0
5.94557e-06 0 0.00644947 515.31 0
5.94557e-06 0 0.01 516.753 0
5.94557e-06 0 0.0155052 518.784 0
5.94557e-06 0 0.024041 521.448 0
5.94557e-06 0 0.0372759 524.483 0
5.94557e-06 0 0.0577969 526.715 0
5.94557e-06 0 0.0896151 524.963 0
5.94557e-06 0 0.13895 512.031 0
5.94557e-06 0 0.215443 472.825 0
5.94557e-06 0 0.334048 380.164 0
5.94557e-06 0 0.517947 191.637 0
5.94557e-06 0 0.803086 -134.302 0
5.94557e-06 0 1.2452 -520.164 0
5.94557e-06 0 1.9307 -805.505 0
5.94557e-06 0 2.99358 -1238.63 0
5.94557e-06 0 4.64159 -1616.97 0
5.94557e-06 0 7.19686 -1160.16 0
5.94557e-06 0 11.1588 -1700.99 0
5.94557e-06 0 17.302 -918.581 0
5.94557e-06 0 26.827 -28.2017 0
5.94557e-06 0 41.5956 45.1043 0
5.94557e-06 0 64.4947 33.812 0
5.94557e-06 0 100 48.9692 0
5.94557e-06 0 155.052 29.5693 0
5.94557e-06 0 240.41 2.20457 0
5.94557e-06 0 372.759 14.443 0
5.94557e-06 0 577.969 15.0174 0
5.94557e-06 0 896.151 -14.49 0
5.94557e-06 0 1389.5 -22.0781 0
5.94557e-06 0 2154.43 -21.9331 0
5.94557e-06 0 3340.48 -24.7972 0
5.94557e-06 0 5179.47 -31.0896 0
5.94557e-06 0 8030.86 -43.9704 0
5.94557e-06 0 12452 -49.7064 0
5.94557e-06 0 19307 -51.1813 0
5.94557e-06 0 29935.8 -52.132 0
5.94557e-06 0 46415.9 -51.6297 0
5.94557e-06 0 71968.6 -50.7251 0
5.94557e-06 0 111588 -51.1466 0
5.94557e-06 0 173020 -43.494 0
5.94557e-06 0 268270 -38.6493 0
5.94557e-06 0 415956 -32.1653 0
5.94557e-06 0 644947 -24.4202 0
5.94557e-06 0 1e+06 -9.60713 0

1.44974e-05 0 1e-06 210.43 0
1.44974e-05 0 1.55052e-06 210.43 0
1.44974e-05 0 2.4041e-06 210.43 0
1.44974e-05 0 3.72759e-06 210.43 0
1.44974e-05 0 5.77969e-06 210.43 0
1.44974e-05 0 8.96151e-06 210.431 0
1.44974e-05 0 1.3895e-05 210.432 0
1.44974e-05 0 2.15443e-05 210.434 0
1.44974e-05 0 3.34048e-05 210.436 0
1.44974e-05 0 5.17947e-05 210.439 0
1.44974e-05 0 8.03086e-05 210.445 0
1.44974e-05 0 0.00012452 210.454 0
1.44974e-05 0 0.00019307 210.467 0
1.44974e-05 0 0.000299358 210.487 0
1.44974e-05 0 0.000464159 210.519 0
1.44974e-05 0 0.000719686 210.568 0
1.44974e-05 0 0.00111588 210.644 0
1.44974e-05 0 0.0017302 210.761 0
1.44974e-05 0 0.0026827 210.939 0
1.44974e-05 0 0.00415956 211.209 0
1.44974e-05 0 0.00644947 211.613 0
1.44974e-05 0 0.01 212.203 0
1.44974e-05 0 0.0155052 213.032 0
1.44974e-05 0 0.024041 214.12 0
1.44974e-05 0 0.0372759 215.358 0
1.44974e-05 0 0.0577969 216.263 0
1.44974e-05 0 0.0896151 215.529 0
1.44974e-05 0 0.13895 210.203 0
1.44974e-05 0 0.215443 194.095 0
1.44974e-05 0 0.334048 156.056 0
1.44974e-05 0 0.517947 78.6972 0
1.44974e-05 0 0.803086 -55.0139 0
1.44974e-05 0 1.2452 -213.29 0
1.44974e-05 0 1.9307 -330.328 0
1.44974e-05 0 2.99358 -507.967 0
1.44974e-05 0 4.64159 -663.134 0
1.44974e-05 0 7.19686 -475.793 0
1.44974e-05 0 11.1588 -697.596 0
1.44974e-05 0 17.302 -376.721 0
1.44974e-05 0 26.827 -11.5651 0
1.44974e-05 0 41.5956 18.4983 0
1.44974e-05 0 64.4947 13.8671 0
1.44974e-05 0 100 20.0831 0
1.44974e-05 0 155.052 12.1269 0
1.44974e-05 0 240.41 0.904219 0
1.44974e-05 0 372.759 5.92331 0
1.44974e-05 0 577.969 6.15885 0
1.44974e-05 0 896.151 -5.9425 0
1.44974e-05 0 1389.5 -9.05449 0
1.44974e-05 0 2154.43 -8.99504 0
1.44974e-05 0 3340.48 -10.1696 0
1.44974e-05 0 5179.47 -12.7503 0
1.44974e-05 0 8030.86 -18.0328 0
1.44974e-05 0 12452 -20.3852 0
1.44974e-05 0 19307 -20.9901 0
1.44974e-05 0 29935.8 -21.38 0
1.44974e-05 0 46415.9 -21.174 0
1.44974e-05 0 71968.6 -20.803 0
1.44974e-05 0 111588 -20.9759 0
1.44974e-05 0 173020 -17.8374 0
1.44974e-05 0 268270 -15.8506 0
1.44974e-05 0 415956 -13.1914 0
1.44974e-05 0 644947 -10.0151 0
1.44974e-05 0 1e+06 -3.94001 0

3.53498e-05 0 1e-06 86.5809 0
3.53498e-05 0 1.55052e-06 86.5809 0
3.53498e-05 0 2.4041e-06 86.581 0
3.53498e-05 0 3.72759e-06 86.5811 0
3.53498e-05 0 5.77969e-06 86.5813 0
3.53498e-05 0 8.96151e-06 86.5815 0
3.53498e-05 0 1.3895e-05 86.5819 0
3.53498e-05 0 2.15443e-05 86.5825 0
3.53498e-05 0 3.34048e-05 86.5835 0
3.53498e-05 0 5.17947e-05 86.5849 0
3.53498e-05 0 8.03086e-05 86.5872 0
3.53498e-05 0 0.00012452 86.5907 0
3.53498e-05 0 0.00019307 86.5961 0
3.53498e-05 0 0.000299358 86.6045 0
3.53498e-05 0 0.000464159 86.6174 0
3.53498e-05 0 0.000719686 86.6375 0
3.53498e-05 0 0.00111588 86.6684 0
3.53498e-05 0 0.0017302 86.7158 0
3.53498e-05 0 0.0026827 86.7883 0
3.53498e-05 0 0.00415956 86.8982 0
3.53498e-05 0 0.00644947 87.0624 0
3.53498e-05 0 0.01 87.3025 0
3.53498e-05 0 0.0155052 87.6397 0
3.53498e-05 0 0.024041 88.0813 0
3.53498e-05 0 0.0372759 88.5818 0
3.53498e-05 0 0.0577969 88.9425 0
3.53498e-05 0 0.0896151 88.6262 0
3.53498e-05 0 0.13895 86.42 0
3.53498e-05 0 0.215443 79.784 0
3.53498e-05 0 0.334048 64.1466 0
3.53498e-05 0 0.517947 32.3791 0
3.53498e-05 0 0.803086 -22.4968 0
3.53498e-05 0 1.2452 -87.4367 0
3.53498e-05 0 1.9307 -135.452 0
3.53498e-05 0 2.99358 -208.312 0
3.53498e-05 0 4.64159 -271.953 0
3.53498e-05 0 7.19686 -195.125 0
3.53498e-05 0 11.1588 -286.091 0
3.53498e-05 0 17.302 -154.497 0
3.53498e-05 0 26.827 -4.74223 0
3.53498e-05 0 41.5956 7.58692 0
3.53498e-05 0 64.4947 5.68741 0
3.53498e-05 0 100 8.23656 0
3.53498e-05 0 155.052 4.97354 0
3.53498e-05 0 240.41 0.370928 0
3.53498e-05 0 372.759 2.42928 0
3.53498e-05 0 577.969 2.52586 0
3.53498e-05 0 896.151 -2.43707 0
3.53498e-05 0 1389.5 -3.71334 0
3.53498e-05 0 2154.43 -3.68897 0
3.53498e-05 0 3340.48 -4.17069 0
3.53498e-05 0 5179.47 -5.22904 0
3.53498e-05 0 8030.86 -7.39548 0
3.53498e-05 0 12452 -8.36023 0
3.53498e-05 0 19307 -8.60831 0
3.53498e-05 0 29935.8 -8.7682 0
3.53498e-05 0 46415.9 -8.68373 0
3.53498e-05 0 71968.6 -8.53158 0
3.53498e-05 0 111588 -8.60248 0
3.53498e-05 0 173020 -7.31536 0
3.53498e-05 0 268270 -6.50053 0
3.53498e-05 0 415956 -5.40997 0
3.53498e-05 0 644947 -4.1073 0
3.53498e-05 0 1e+06 -1.61585 0

8.61954e-05 0 1e-06 35.789 0
8.61954e-05 0 1.55052e-06 35.789 0
8.61954e-05 0 2.4041e-06 35.789 0
8.61954e-05 0 3.72759e-06 35.7891 0
8.61954e-05 0 5.77969e-06 35.7891 0
8.61954e-05 0 8.96151e-06 35.7892 0
8.61954e-05 0 1.3895e-05 35.7894 0
8.61954e-05 0 2.15443e-05 35.7896 0
8.61954e-05 0 3.34048e-05 35.79 0
8.61954e-05 0 5.17947e-05 35.7906 0
8.61954e-05 0 8.03086e-05 35.7915 0
8.61954e-05 0 0.00012452 35.7929 0
8.61954e-05 0 0.00019307 35.7951 0
8.61954e-05 0 0.000299358 35.7985 0
8.61954e-05 0 0.000464159 35.8037 0
8.61954e-05 0 0.000719686 35.8118 0
8.61954e-05 0 0.00111588 35.8242 0
8.61954e-05 0 0.0017302 35.8433 0
8.61954e-05 0 0.0026827 35.8725 0
8.61954e-05 0 0.00415956 35.9168 0
8.61954e-05 0 0.00644947 35.9829 0
8.61954e-05 0 0.01 36.0793 0
8.61954e-05 0 0.0155052 36.2146 0
8.61954e-05 0 0.024041 36.3911 0
8.61954e-05 0 0.0372759 36.5894 0
8.61954e-05 0 0.0577969 36.7268 0
8.61954e-05 0 0.0896151 36.5816 0
8.61954e-05 0 0.13895 35.6549 0
8.61954e-05 0 0.215443 32.9037 0
8.61954e-05 0 0.334048 26.4533 0
8.61954e-05 0 0.517947 13.3834 0
8.61954e-05 0 0.803086 -9.16107 0
8.61954e-05 0 1.2452 -35.8228 0
8.61954e-05 0 1.9307 -55.5307 0
8.61954e-05 0 2.99358 -85.4194 0
8.61954e-05 0 4.64159 -111.524 0
8.61954e-05 0 7.19686 -80.0195 0
8.61954e-05 0 11.1588 -117.327 0
8.61954e-05 0 17.302 -63.3597 0
8.61954e-05 0 26.827 -1.94407 0
8.61954e-05 0 41.5956 3.11201 0
8.61954e-05 0 64.4947 2.33282 0
8.61954e-05 0 100 3.37814 0
8.61954e-05 0 155.052 2.03986 0
8.61954e-05 0 240.41 0.152218 0
8.61954e-05 0 372.759 0.996342 0
8.61954e-05 0 577.969 1.03593 0
8.61954e-05 0 896.151 -0.999447 0
8.61954e-05 0 1389.5 -1.52287 0
8.61954e-05 0 2154.43 -1.51288 0
8.61954e-05 0 3340.48 -1.71045 0
8.61954e-05 0 5179.47 -2.14449 0
8.61954e-05 0 8030.86 -3.03298 0
8.61954e-05 0 12452 -3.42864 0
8.61954e-05 0 19307 -3.53038 0
8.61954e-05 0 29935.8 -3.59595 0
8.61954e-05 0 46415.9 -3.56131 0
8.61954e-05 0 71968.6 -3.49891 0
8.61954e-05 0 111588 -3.52799 0
8.61954e-05 0 173020 -3.00012 0
8.61954e-05 0 268270 -2.66595 0
8.61954e-05 0 415956 -2.2187 0
8.61954e-05 0 644947 -1.68446 0
8.61954e-05 0 1e+06 -0.662679 0

0.000210175 0 1e-06 14.9586 0
0.000210175 0 1.55052e-06 14.9586 0
0.000210175 0 2.4041e-06 14.9586 0
0.000210175 0 3.72759e-06 14.9586 0
0.000210175 0 5.77969e-06 14.9586 0
0.000210175 0 8.96151e-06 14.9587 0
0.000210175 0 1.3895e-05 14.9587 0
0.000210175 0 2.15443e-05 14.9588 0
0.000210175 0 3.34048e-05 14.959 0
0.000210175 0 5.17947e-05 14.9592 0
0.000210175 0 8.03086e-05 14.9596 0
0.000210175 0 0.00012452 14.9601 0
0.000210175 0 0.00019307 14.961 0
0.000210175 0 0.000299358 14.9623 0
0.000210175 0 0.000464159 14.9643 0
0.000210175 0 0.000719686 14.9675 0
0.000210175 0 0.00111588 14.9724 0
0.000210175 0 0.0017302 14.9799 0
0.000210175 0 0.0026827 14.9913 0
0.000210175 0 0.00415956 15.0086 0
0.000210175 0 0.00644947 15.0345 0
0.000210175 0 0.01 15.0721 0
0.000210175 0 0.0155052 15.1245 0
0.000210175 0 0.024041 15.1923 0
0.000210175 0 0.0372759 15.2666 0
0.000210175 0 0.0577969 15.3125 0
0.000210175 0 0.0896151 15.2375 0
0.000210175 0 0.13895 14.8355 0
0.000210175 0 0.215443 13.6775 0
0.000210175 0 0.334048 10.9948 0
0.000210175 0 0.517947 5.593 0
0.000210175 0 0.803086 -3.69194 0
0.000210175 0 1.2452 -14.6553 0
0.000210175 0 1.9307 -22.754 0
0.000210175 0 2.99358 -35.0196 0
0.000210175 0 4.64159 -45.7304 0
0.000210175 0 7.19686 -32.8134 0
0.000210175 0 11.1588 -48.1148 0
0.000210175 0 17.302 -25.9833 0
0.000210175 0 26.827 -0.796514 0
0.000210175 0 41.5956 1.27679 0
0.000210175 0 64.4947 0.957059 0
0.000210175 0 100 1.38564 0
0.000210175 0 155.052 0.836718 0
0.000210175 0 240.41 0.0625224 0
0.000210175 0 372.759 0.408675 0
0.000210175 0 577.969 0.424888 0
0.000210175 0 896.151 -0.40986 0
0.000210175 0 1389.5 -0.624533 0
0.000210175 0 2154.43 -0.620442 0
0.000210175 0 3340.48 -0.701469 0
0.000210175 0 5179.47 -0.879479 0
0.000210175 0 8030.86 -1.24386 0
0.000210175 0 12452 -1.40613 0
0.000210175 0 19307 -1.44785 0
0.000210175 0 29935.8 -1.47474 0
0.000210175 0 46415.9 -1.46054 0
0.000210175 0 71968.6 -1.43495 0
0.000210175 0 111588 -1.44687 0
0.000210175 0 173020 -1.23039 0
0.000210175 0 268270 -1.09334 0
0.000210175 0 415956 -0.909916 0
0.000210175 0 644947 -0.690817 0
0.000210175 0 1e+06 -0.271773 0

0.000512481 0 1e-06 6.4157 0
0.000512481 0 1.55052e-06 6.41571 0
0.000512481 0 2.4041e-06 6.41571 0
0.000512481 0 3.72759e-06 6.41572 0
0.000512481 0 5.77969e-06 6.41573 0
0.000512481 0 8.96151e-06 6.41574 0
0.000512481 0 1.3895e-05 6.41576 0
0.000512481 0 2.15443e-05 6.4158 0
0.000512481 0 3.34048e-05 6.41585 0
0.000512481 0 5.17947e-05 6.41594 0
0.000512481 0 8.03086e-05 6.41607 0
0.000512481 0 0.00012452 6.41627 0
0.000512481 0 0.00019307 6.41658 0
0.000512481 0 0.000299358 6.41706 0
0.000512481 0 0.000464159 6.41781 0
0.000512481 0 0.000719686 6.41897 0
0.000512481 0 0.00111588 6.42075 0
0.000512481 0 0.0017302 6.42348 0
0.000512481 0 0.0026827 6.42763 0
0.000512481 0 0.00415956 6.43391 0
0.000512481 0 0.00644947 6.44323 0
0.000512481 0 0.01 6.45668 0
0.000512481 0 0.0155052 6.47517 0
0.000512481 0 0.024041 6.49834 0
0.000512481 0 0.0372759 6.52181 0
0.000512481 0 0.0577969 6.53013 0
0.000512481 0 0.0896151 6.48399 0
0.000512481 0 0.13895 6.2972 0
0.000512481 0 0.215443 5.79255 0
0.000512481 0 0.334048 4.65505 0
0.000512481 0 0.517947 2.39807 0
0.000512481 0 0.803086 -1.44898 0
0.000512481 0 1.2452 -5.97426 0
0.000512481 0 1.9307 -9.31189 0
0.000512481 0 2.99358 -14.35 0
0.000512481 0 4.64159 -18.7475 0
0.000512481 0 7.19686 -13.4535 0
0.000512481 0 11.1588 -19.73 0
0.000512481 0 17.302 -10.6547 0
0.000512481 0 26.827 -0.325885 0
0.000512481 0 41.5956 0.524141 0
0.000512481 0 64.4947 0.392842 0
0.000512481 0 100 0.568491 0
0.000512481 0 155.052 0.343295 0
0.000512481 0 240.41 0.0257371 0
0.000512481 0 372.759 0.167665 0
0.000512481 0 577.969 0.174292 0
0.000512481 0 896.151 -0.168063 0
0.000512481 0 1389.5 -0.256112 0
0.000512481 0 2154.43 -0.25444 0
0.000512481 0 3340.48 -0.287675 0
0.000512481 0 5179.47 -0.360681 0
0.000512481 0 8030.86 -0.51012 0
0.000512481 0 12452 -0.576668 0
0.000512481 0 19307 -0.593782 0
0.000512481 0 29935.8 -0.604811 0
0.000512481 0 46415.9 -0.598985 0
0.000512481 0 71968.6 -0.58849 0
0.000512481 0 111588 -0.59338 0
0.000512481 0 173020 -0.504598 0
0.000512481 0 268270 -0.448392 0
0.000512481 0 415956 -0.373168 0
0.000512481 0 644947 -0.283313 0
0.000512481 0 1e+06 -0.111458 0

0.00124961 0 1e-06 2.91208 0
0.00124961 0 1.55052e-06 2.91208 0
0.00124961 0 2.4041e-06 2.91209 0
0.00124961 0 3.72759e-06 2.91209 0
0.00124961 0 5.77969e-06 2.91209 0
0.00124961 0 8.96151e-06 2.91209 0
0.00124961 0 1.3895e-05 2.9121 0
0.00124961 0 2.15443e-05 2.91211 0
0.00124961 0 3.34048e-05 2.91213 0
0.00124961 0 5.17947e-05 2.91215 0
0.00124961 0 8.03086e-05 2.91219 0
0.00124961 0 0.00012452 2.91225 0
0.00124961 0 0.00019307 2.91234 0
0.00124961 0 0.000299358 2.91247 0
0.00124961 0 0.000464159 2.91269 0
0.00124961 0 0.000719686 2.91302 0
0.00124961 0 0.00111588 2.91353 0
0.00124961 0 0.0017302 2.9143 0
0.00124961 0 0.0026827 2.91547 0
0.00124961 0 0.00415956 2.91722 0
0.00124961 0 0.00644947 2.91977 0
0.00124961 0 0.01 2.92332 0
0.00124961 0 0.0155052 2.92788 0
0.00124961 0 0.024041 2.93277 0
0.00124961 0 0.0372759 2.93539 0
0.00124961 0 0.0577969 2.92832 0
0.00124961 0 0.0896151 2.89399 0
0.00124961 0 0.13895 2.79546 0
0.00124961 0 0.215443 2.5588 0
0.00124961 0 0.334048 2.05501 0
0.00124961 0 0.517947 1.08776 0
0.00124961 0 0.803086 -0.52912 0
0.00124961 0 1.2452 -2.41405 0
0.00124961 0 1.9307 -3.7991 0
0.00124961 0 2.99358 -5.87316 0
0.00124961 0 4.64159 -7.68153 0
0.00124961 0 7.19686 -5.51379 0
0.00124961 0 11.1588 -8.08905 0
0.00124961 0 17.302 -4.36831 0
0.00124961 0 26.827 -0.132875 0
0.00124961 0 41.5956 0.215471 0
0.00124961 0 64.4947 0.161449 0
0.00124961 0 100 0.233368 0
0.00124961 0 155.052 0.140936 0
0.00124961 0 240.41 0.010651 0
0.00124961 0 372.759 0.0688232 0
0.00124961 0 577.969 0.0715195 0
0.00124961 0 896.151 -0.0688985 0
0.00124961 0 1389.5 -0.105018 0
0.00124961 0 2154.43 -0.104339 0
0.00124961 0 3340.48 -0.117972 0
0.00124961 0 5179.47 -0.147916 0
0.00124961 0 8030.86 -0.209204 0
0.00124961 0 12452 -0.236498 0
0.00124961 0 19307 -0.243516 0
0.00124961 0 29935.8 -0.24804 0
0.00124961 0 46415.9 -0.245651 0
0.00124961 0 71968.6 -0.241347 0
0.00124961 0 111588 -0.243353 0
0.00124961 0 173020 -0.206942 0
0.00124961 0 268270 -0.183891 0
0.00124961 0 415956 -0.153041 0
0.00124961 0 644947 -0.11619 0
0.00124961 0 1e+06 -0.0457102 0

0.00304699 0 1e-06 1.475 0
0.00304699 0 1.55052e-06 1.475 0
0.00304699 0 2.4041e-06 1.475 0
0.00304699 0 3.72759e-06 1.475 0
0.00304699 0 5.77969e-06 1.475 0
0.00304699 0 8.96151e-06 1.475 0
0.00304699 0 1.3895e-05 1.475 0
0.00304699 0 2.15443e-05 1.475 0
0.00304699 0 3.34048e-05 1.475 0
0.00304699 0 5.17947e-05 1.475 0
0.00304699 0 8.03086e-05 1.47499 0
0.00304699 0 0.00012452 1.47499 0
0.00304699 0 0.00019307 1.47499 0
0.00304699 0 0.000299358 1.47499 0
0.00304699 0 0.000464159 1.47498 0
0.00304699 0 0.000719686 1.47498 0
0.00304699 0 0.00111588 1.47496 0
0.00304699 0 0.0017302 1.47494 0
0.00304699 0 0.0026827 1.47488 0
0.00304699 0 0.00415956 1.47478 0
0.00304699 0 0.00644947 1.47455 0
0.00304699 0 0.01 1.47404 0
0.00304699 0 0.0155052 1.47289 0
0.00304699 0 0.024041 1.47029 0
0.00304699 0 0.0372759 1.46437 0
0.00304699 0 0.0577969 1.45099 0
0.00304699 0 0.0896151 1.42153 0
0.00304699 0 0.13895 1.35922 0
0.00304699 0 0.215443 1.23249 0
0.00304699 0 0.334048 0.988628 0
0.00304699 0 0.517947 0.550354 0
0.00304699 0 0.803086 -0.15189 0
0.00304699 0 1.2452 -0.953967 0
0.00304699 0 1.9307 -1.53824 0
0.00304699 0 2.99358 -2.3967 0
0.00304699 0 4.64159 -3.14322 0
0.00304699 0 7.19686 -2.25761 0
0.00304699 0 11.1588 -3.31495 0
0.00304699 0 17.302 -1.79016 0
0.00304699 0 26.827 -0.0537186 0
0.00304699 0 41.5956 0.088882 0
0.00304699 0 64.4947 0.0665523 0
0.00304699 0 100 0.0959292 0
0.00304699 0 155.052 0.0579463 0
0.00304699 0 240.41 0.00446397 0
0.00304699 0 372.759 0.0282872 0
0.00304699 0 577.969 0.0293712 0
0.00304699 0 896.151 -0.0282301 0
0.00304699 0 1389.5 -0.0430525 0
0.00304699 0 2154.43 -0.04278 0
0.00304699 0 3340.48 -0.0483753 0
0.00304699 0 5179.47 -0.0606579 0
0.00304699 0 8030.86 -0.0857947 0
0.00304699 0 12452 -0.0969891 0
0.00304699 0 19307 -0.0998683 0
0.00304699 0 29935.8 -0.101724 0
0.00304699 0 46415.9 -0.100744 0
0.00304699 0 71968.6 -0.0989794 0
0.00304699 0 111588 -0.099802 0
0.00304699 0 173020 -0.0848695 0
0.00304699 0 268270 -0.0754162 0
0.00304699 0 415956 -0.062764 0
0.00304699 0 644947 -0.0476511 0
0.00304699 0 1e+06 -0.0187463 0

0.00742964 0 1e-06 0.88512 0
0.00742964 0 1.55052e-06 0.88512 0
0.00742964 0 2.4041e-06 0.88512 0
0.00742964 0 3.72759e-06 0.885119 0
0.00742964 0 5.77969e-06 0.885118 0
0.00742964 0 8.96151e-06 0.885116 0
0.00742964 0 1.3895e-05 0.885113 0
0.00742964 0 2.15443e-05 0.885109 0
0.00742964 0 3.34048e-05 0.885102 0
0.00742964 0 5.17947e-05 0.885091 0
0.00742964 0 8.03086e-05 0.885075 0
0.00742964 0 0.00012452 0.88505 0
0.00742964 0 0.00019307 0.885011 0
0.00742964 0 0.000299358 0.88495 0
0.00742964 0 0.000464159 0.884856 0
0.00742964 0 0.000719686 0.884709 0
0.00742964 0 0.00111588 0.884482 0
0.00742964 0 0.0017302 0.884127 0
0.00742964 0 0.0026827 0.883574 0
0.00742964 0 0.00415956 0.882708 0
0.00742964 0 0.00644947 0.881343 0
0.00742964 0 0.01 0.879178 0
0.00742964 0 0.0155052 0.8757 0
0.00742964 0 0.024041 0.870031 0
0.00742964 0 0.0372759 0.860629 0
0.00742964 0 0.0577969 0.844695 0
0.00742964 0 0.0896151 0.817269 0
0.00742964 0 0.13895 0.76987 0
0.00742964 0 0.215443 0.688288 0
0.00742964 0 0.334048 0.551113 0
0.00742964 0 0.517947 0.329857 0
0.00742964 0 0.803086 0.00277758 0
0.00742964 0 1.2452 -0.35518 0
0.00742964 0 1.9307 -0.611041 0
0.00742964 0 2.99358 -0.970961 0
0.00742964 0 4.64159 -1.28201 0
0.00742964 0 7.19686 -0.922206 0
0.00742964 0 11.1588 -1.35702 0
0.00742964 0 17.302 -0.732833 0
0.00742964 0 26.827 -0.0212558 0
0.00742964 0 41.5956 0.0369659 0
0.00742964 0 64.4947 0.0276338 0
0.00742964 0 100 0.0395639 0
0.00742964 0 155.052 0.0239111 0
0.00742964 0 240.41 0.00192659 0
0.00742964 0 372.759 0.0116628 0
0.00742964 0 577.969 0.0120856 0
0.00742964 0 896.151 -0.0115514 0
0.00742964 0 1389.5 -0.0176397 0
0.00742964 0 2154.43 -0.017534 0
0.00742964 0 3340.48 -0.0198326 0
0.00742964 0 5179.47 -0.0248724 0
0.00742964 0 8030.86 -0.0351829 0
0.00742964 0 12452 -0.0397749 0
0.00742964 0 19307 -0.0409564 0
0.00742964 0 29935.8 -0.0417178 0
0.00742964 0 46415.9 -0.0413163 0
0.00742964 0 71968.6 -0.0405926 0
0.00742964 0 111588 -0.04093 0
0.00742964 0 173020 -0.034806 0
0.00742964 0 268270 -0.0309291 0
0.00742964 0 415956 -0.0257403 0
0.00742964 0 644947 -0.0195423 0
0.00742964 0 1e+06 -0.00768811 0

0.0181161 0 1e-06 0.641962 0
0.0181161 0 1.55052e-06 0.641962 0
0.0181161 0 2.4041e-06 0.641961 0
0.0181161 0 3.72759e-06 0.64196 0
0.0181161 0 5.77969e-06 0.641959 0
0.0181161 0 8.96151e-06 0.641956 0
0.0181161 0 1.3895e-05 0.641952 0
0.0181161 0 2.15443e-05 0.641946 0
0.0181161 0 3.34048e-05 0.641937 0
0.0181161 0 5.17947e-05 0.641922 0
0.0181161 0 8.03086e-05 0.6419 0
0.0181161 0 0.00012452 0.641865 0
0.0181161 0 0.00019307 0.64181 0
0.0181161 0 0.000299358 0.641726 0
0.0181161 0 0.000464159 0.641596 0
0.0181161 0 0.000719686 0.641394 0
0.0181161 0 0.00111588 0.64108 0
0.0181161 0 0.0017302 0.640594 0
0.0181161 0 0.0026827 0.639839 0
0.0181161 0 0.00415956 0.638667 0
0.0181161 0 0.00644947 0.636845 0
0.0181161 0 0.01 0.634012 0
0.0181161 0 0.0155052 0.629597 0
0.0181161 0 0.024041 0.622703 0
0.0181161 0 0.0372759 0.611917 0
0.0181161 0 0.0577969 0.595002 0
0.0181161 0 0.0896151 0.568507 0
0.0181161 0 0.13895 0.527357 0
0.0181161 0 0.215443 0.464467 0
0.0181161 0 0.334048 0.371245 0
0.0181161 0 0.517947 0.239187 0
0.0181161 0 0.803086 0.0661123 0
0.0181161 0 1.2452 -0.109639 0
0.0181161 0 1.9307 -0.230799 0
0.0181161 0 2.99358 -0.386258 0
0.0181161 0 4.64159 -0.518705 0
0.0181161 0 7.19686 -0.374544 0
0.0181161 0 11.1588 -0.554058 0
0.0181161 0 17.302 -0.299209 0
0.0181161 0 26.827 -0.00794273 0
0.0181161 0 41.5956 0.0156743 0
0.0181161 0 64.4947 0.0116727 0
0.0181161 0 100 0.0164477 0
0.0181161 0 155.052 0.00995274 0
0.0181161 0 240.41 0.000885955 0
0.0181161 0 372.759 0.00484494 0
0.0181161 0 577.969 0.00499658 0
0.0181161 0 896.151 -0.00471131 0
0.0181161 0 1389.5 -0.00721754 0
0.0181161 0 2154.43 -0.00718029 0
0.0181161 0 3340.48 -0.00812689 0
0.0181161 0 5179.47 -0.0101963 0
0.0181161 0 8030.86 -0.0144264 0
0.0181161 0 12452 -0.0163107 0
0.0181161 0 19307 -0.0167958 0
0.0181161 0 29935.8 -0.0171085 0
0.0181161 0 46415.9 -0.0169441 0
0.0181161 0 71968.6 -0.0166474 0
0.0181161 0 111588 -0.0167858 0
0.0181161 0 173020 -0.0142744 0
0.0181161 0 268270 -0.0126844 0
0.0181161 0 415956 -0.0105564 0
0.0181161 0 644947 -0.00801454 0
0.0181161 0 1e+06 -0.00315299 0

0.0441734 0 1e-06 0.539143 0
0.0441734 0 1.55052e-06 0.539143 0
0.0441734 0 2.4041e-06 0.539142 0
0.0441734 0 3.72759e-06 0.539141 0
0.0441734 0 5.77969e-06 0.539139 0
0.0441734 0 8.96151e-06 0.539136 0
0.0441734 0 1.3895e-05 0.539132 0
0.0441734 0 2.15443e-05 0.539125 0
0.0441734 0 3.34048e-05 0.539115 0
0.0441734 0 5.17947e-05 0.539099 0
0.0441734 0 8.03086e-05 0.539074 0
0.0441734 0 0.00012452 0.539035 0
0.0441734 0 0.00019307 0.538976 0
0.0441734 0 0.000299358 0.538883 0
0.0441734 0 0.000464159 0.538739 0
0.0441734 0 0.000719686 0.538517 0
0.0441734 0 0.00111588 0.538171 0
0.0441734 0 0.0017302 0.537636 0
0.0441734 0 0.0026827 0.536807 0
0.0441734 0 0.00415956 0.535523 0
0.0441734 0 0.00644947 0.533535 0
0.0441734 0 0.01 0.53046 0
0.0441734 0 0.0155052 0.525709 0
0.0441734 0 0.024041 0.518387 0
0.0441734 0 0.0372759 0.507145 0
0.0441734 0 0.0577969 0.489993 0
0.0441734 0 0.0896151 0.464119 0
0.0441734 0 0.13895 0.425862 0
0.0441734 0 0.215443 0.371066 0
0.0441734 0 0.334048 0.29637 0
0.0441734 0 0.517947 0.201384 0
0.0441734 0 0.803086 0.0918335 0
0.0441734 0 1.2452 -0.0090208 0
0.0441734 0 1.9307 -0.0748959 0
0.0441734 0 2.99358 -0.14649 0
0.0441734 0 4.64159 -0.205678 0
0.0441734 0 7.19686 -0.149946 0
0.0441734 0 11.1588 -0.224754 0
0.0441734 0 17.302 -0.121376 0
0.0441734 0 26.827 -0.00248361 0
0.0441734 0 41.5956 0.00694193 0
0.0441734 0 64.4947 0.00512662 0
0.0441734 0 100 0.00696737 0
0.0441734 0 155.052 0.00422816 0
0.0441734 0 240.41 0.000459125 0
0.0441734 0 372.759 0.00204881 0
0.0441734 0 577.969 0.00208925 0
0.0441734 0 896.151 -0.0019061 0
0.0441734 0 1389.5 -0.00294329 0
0.0441734 0 2154.43 -0.00293411 0
0.0441734 0 3340.48 -0.00332623 0
0.0441734 0 5179.47 -0.00417744 0
0.0441734 0 8030.86 -0.00591388 0
0.0441734 0 12452 -0.00668768 0
0.0441734 0 19307 -0.0068873 0
0.0441734 0 29935.8 -0.00701591 0
0.0441734 0 46415.9 -0.00694871 0
0.0441734 0 71968.6 -0.00682717 0
0.0441734 0 111588 -0.00688402 0
0.0441734 0 173020 -0.00585407 0
0.0441734 0 268270 -0.00520202 0
0.0441734 0 415956 -0.00432932 0
0.0441734 0 644947 -0.00328686 0
0.0441734 0 1e+06 -0.00129308 0

0.107711 0 1e-06 0.489595 0
0.107711 0 1.55052e-06 0.489594 0
0.107711 0 2.4041e-06 0.489593 0
0.107711 0 3.72759e-06 0.489592 0
0.107711 0 5.77969e-06 0.48959 0
0.107711 0 8.96151e-06 0.489588 0
0.107711 0 1.3895e-05 0.489583 0
0.107711 0 2.15443e-05 0.489576 0
0.107711 0 3.34048e-05 0.489566 0
0.107711 0 5.17947e-05 0.48955 0
0.107711 0 8.03086e-05 0.489525 0
0.107711 0 0.00012452 0.489485 0
0.107711 0 0.00019307 0.489425 0
0.107711 0 0.000299358 0.489331 0
0.107711 0 0.000464159 0.489185 0
0.107711 0 0.000719686 0.48896 0
0.107711 0 0.00111588 0.48861 0
0.107711 0 0.0017302 0.488068 0
0.107711 0 0.0026827 0.487229 0
0.107711 0 0.00415956 0.485931 0
0.107711 0 0.00644947 0.483923 0
0.107711 0 0.01 0.480823 0
0.107711 0 0.0155052 0.47605 0
0.107711 0 0.024041 0.468727 0
0.107711 0 0.0372759 0.457561 0
0.107711 0 0.0577969 0.440701 0
0.107711 0 0.0896151 0.415645 0
0.107711 0 0.13895 0.379357 0
0.107711 0 0.215443 0.328899 0
0.107711 0 0.334048 0.262993 0
0.107711 0 0.517947 0.18439 0
0.107711 0 0.803086 0.101773 0
0.107711 0 1.2452 0.0320559 0
0.107711 0 1.9307 -0.0110478 0
0.107711 0 2.99358 -0.0482193 0
0.107711 0 4.64159 -0.0773319 0
0.107711 0 7.19686 -0.0578485 0
0.107711 0 11.1588 -0.0897094 0
0.107711 0 17.302 -0.0484478 0
0.107711 0 26.827 -0.000246541 0
0.107711 0 41.5956 0.00335963 0
0.107711 0 64.4947 0.00244137 0
0.107711 0 100 0.00307898 0
0.107711 0 155.052 0.00188023 0
0.107711 0 240.41 0.00028395 0
0.107711 0 372.759 0.000902006 0
0.107711 0 577.969 0.000896878 0
0.107711 0 896.151 -0.000755676 0
0.107711 0 1389.5 -0.00119039 0
0.107711 0 2154.43 -0.00119271 0
0.107711 0 3340.48 -0.00135743 0
0.107711 0 5179.47 -0.00170904 0
0.107711 0 8030.86 -0.00242279 0
0.107711 0 12452 -0.00274117 0
0.107711 0 19307 -0.00282368 0
0.107711 0 29935.8 -0.00287682 0
0.107711 0 46415.9 -0.00284949 0
0.107711 0 71968.6 -0.00279977 0
0.107711 0 111588 -0.00282316 0
0.107711 0 173020 -0.00240079 0
0.107711 0 268270 -0.0021334 0
0.107711 0 415956 -0.0017755 0
0.107711 0 644947 -0.00134798 0
0.107711 0 1e+06 -0.000530307 0

0.262636 0 1e-06 0.450905 0
0.262636 0 1.55052e-06 0.450905 0
0.262636 0 2.4041e-06 0.450904 0
0.262636 0 3.72759e-06 0.450903 0
0.262636 0 5.77969e-06 0.450901 0
0.262636 0 8.96151e-06 0.450898 0
0.262636 0 1.3895e-05 0.450894 0
0.262636 0 2.15443e-05 0.450888 0
0.262636 0 3.34048e-05 0.450878 0
0.262636 0 5.17947e-05 0.450862 0
0.262636 0 8.03086e-05 0.450839 0
0.262636 0 0.00012452 0.450802 0
0.262636 0 0.00019307 0.450744 0
0.262636 0 0.000299358 0.450655 0
0.262636 0 0.000464159 0.450517 0
0.262636 0 0.000719686 0.450303 0
0.262636 0 0.00111588 0.449972 0
0.262636 0 0.0017302 0.449459 0
0.262636 0 0.0026827 0.448664 0
0.262636 0 0.00415956 0.447434 0
0.262636 0 0.00644947 0.445533 0
0.262636 0 0.01 0.442601 0
0.262636 0 0.0155052 0.43809 0
0.262636 0 0.024041 0.431181 0
0.262636 0 0.0372759 0.420672 0
0.262636 0 0.0577969 0.404863 0
0.262636 0 0.0896151 0.381492 0
0.262636 0 0.13895 0.347897 0
0.262636 0 0.215443 0.301692 0
0.262636 0 0.334048 0.242328 0
0.262636 0 0.517947 0.173406 0
0.262636 0 0.803086 0.10413 0
0.262636 0 1.2452 0.0483497 0
0.262636 0 1.9307 0.0149004 0
0.262636 0 2.99358 -0.00806813 0
0.262636 0 4.64159 -0.0247718 0
0.262636 0 7.19686 -0.0201116 0
0.262636 0 11.1588 -0.0343444 0
0.262636 0 17.302 -0.0185475 0
0.262636 0 26.827 0.000666304 0
0.262636 0 41.5956 0.00188781 0
0.262636 0 64.4947 0.00133856 0
0.262636 0 100 0.00148339 0
0.262636 0 155.052 0.000916765 0
0.262636 0 240.41 0.000211779 0
0.262636 0 372.759 0.000431489 0
0.262636 0 577.969 0.00040775 0
0.262636 0 896.151 -0.000283945 0
0.262636 0 1389.5 -0.000471547 0
0.262636 0 2154.43 -0.000478561 0
0.262636 0 3340.48 -0.000550015 0
0.262636 0 5179.47 -0.000696724 0
0.262636 0 8030.86 -0.000991055 0
0.262636 0 12452 -0.00112266 0
0.262636 0 19307 -0.00115714 0
0.262636 0 29935.8 -0.00117932 0
0.262636 0 46415.9 -0.00116834 0
0.262636 0 71968.6 -0.00114808 0
0.262636 0 111588 -0.00115774 0
0.262636 0 173020 -0.000984563 0
0.262636 0 268270 -0.000874919 0
0.262636 0 415956 -0.000728149 0
0.262636 0 644947 -0.000552821 0
0.262636 0 1e+06 -0.000217485 0

0.6404 0 1e-06 0.391345 0
0.6404 0 1.55052e-06 0.391345 0
0.6404 0 2.4041e-06 0.391344 0
0.6404 0 3.72759e-06 0.391343 0
0.6404 0 5.77969e-06 0.391342 0
0.6404 0 8.96151e-06 0.39134 0
0.6404 0 1.3895e-05 0.391336 0
0.6404 0 2.15443e-05 0.391331 0
0.6404 0 3.34048e-05 0.391322 0
0.6404 0 5.17947e-05 0.391309 0
0.6404 0 8.03086e-05 0.391289 0
0.6404 0 0.00012452 0.391258 0
0.6404 0 0.00019307 0.391209 0
0.6404 0 0.000299358 0.391134 0
0.6404 0 0.000464159 0.391018 0
0.6404 0 0.000719686 0.390837 0
0.6404 0 0.00111588 0.390557 0
0.6404 0 0.0017302 0.390123 0
0.6404 0 0.0026827 0.389452 0
0.6404 0 0.00415956 0.388412 0
0.6404 0 0.00644947 0.386807 0
0.6404 0 0.01 0.38433 0
0.6404 0 0.0155052 0.380521 0
0.6404 0 0.024041 0.374688 0
0.6404 0 0.0372759 0.365822 0
0.6404 0 0.0577969 0.352494 0
0.6404 0 0.0896151 0.332811 0
0.6404 0 0.13895 0.304549 0
0.6404 0 0.215443 0.265723 0
0.6404 0 0.334048 0.215886 0
0.6404 0 0.517947 0.158077 0
0.6404 0 0.803086 0.100125 0
0.6404 0 1.2452 0.0533347 0
0.6404 0 1.9307 0.0249001 0
0.6404 0 2.99358 0.00802932 0
0.6404 0 4.64159 -0.00340421 0
0.6404 0 7.19686 -0.00471869 0
0.6404 0 11.1588 -0.0116851 0
0.6404 0 17.302 -0.00630699 0
0.6404 0 26.827 0.00102883 0
0.6404 0 41.5956 0.0012773 0
0.6404 0 64.4947 0.000882236 0
0.6404 0 100 0.000826625 0
0.6404 0 155.052 0.000520212 0
0.6404 0 240.41 0.000181329 0
0.6404 0 372.759 0.00023801 0
0.6404 0 577.969 0.000206841 0
0.6404 0 896.151 -9.06711e-05 0
0.6404 0 1389.5 -0.000176854 0
0.6404 0 2154.43 -0.000185751 0
0.6404 0 3340.48 -0.000218926 0
0.6404 0 5179.47 -0.000281585 0
0.6404 0 8030.86 -0.000403897 0
0.6404 0 12452 -0.000458894 0
0.6404 0 19307 -0.000473677 0
0.6404 0 29935.8 -0.000483163 0
0.6404 0 46415.9 -0.000478887 0
0.6404 0 71968.6 -0.000470707 0
0.6404 0 111588 -0.000474737 0
0.6404 0 173020 -0.000403749 0
0.6404 0 268270 -0.0003588 0
0.6404 0 415956 -0.000298616 0
0.6404 0 644947 -0.000226716 0
0.6404 0 1e+06 -8.9192e-05 0

1.56152 0 1e-06 0.281205 0
1.56152 0 1.55052e-06 0.281204 0
1.56152 0 2.4041e-06 0.281204 0
1.56152 0 3.72759e-06 0.281203 0
1.56152 0 5.77969e-06 0.281203 0
1.56152 0 8.96151e-06 0.281201 0
1.56152 0 1.3895e-05 0.281199 0
1.56152 0 2.15443e-05 0.281195 0
1.56152 0 3.34048e-05 0.28119 0
1.56152 0 5.17947e-05 0.281181 0
1.56152 0 8.03086e-05 0.281168 0
1.56152 0 0.00012452 0.281147 0
1.56152 0 0.00019307 0.281116 0
1.56152 0 0.000299358 0.281066 0
1.56152 0 0.000464159 0.28099 0
1.56152 0 0.000719686 0.280871 0
1.56152 0 0.00111588 0.280688 0
1.56152 0 0.0017302 0.280404 0
1.56152 0 0.0026827 0.279963 0
1.56152 0 0.00415956 0.279282 0
1.56152 0 0.00644947 0.27823 0
1.56152 0 0.01 0.276606 0
1.56152 0 0.0155052 0.27411 0
1.56152 0 0.024041 0.270287 0
1.56152 0 0.0372759 0.264477 0
1.56152 0 0.0577969 0.255743 0
1.56152 0 0.0896151 0.242837 0
1.56152 0 0.13895 0.224278 0
1.56152 0 0.215443 0.19868 0
1.56152 0 0.334048 0.165509 0
1.56152 0 0.517947 0.126237 0
1.56152 0 0.803086 0.08535 0
1.56152 0 1.2452 0.0502497 0
1.56152 0 1.9307 0.0271475 0
1.56152 0 2.99358 0.0137322 0
1.56152 0 4.64159 0.00490923 0
1.56152 0 7.19686 0.00139209 0
1.56152 0 11.1588 -0.002505 0
1.56152 0 17.302 -0.00134047 0
1.56152 0 26.827 0.00114856 0
1.56152 0 41.5956 0.00101006 0
1.56152 0 64.4947 0.000685207 0
1.56152 0 100 0.000551439 0
1.56152 0 155.052 0.000354099 0
1.56152 0 240.41 0.000166754 0
1.56152 0 372.759 0.000157404 0
1.56152 0 577.969 0.000123684 0
1.56152 0 896.151 -1.18691e-05 0
1.56152 0 1389.5 -5.62767e-05 0
1.56152 0 2154.43 -6.58349e-05 0
1.56152 0 3340.48 -8.32432e-05 0
1.56152 0 5179.47 -0.000111392 0
1.56152 0 8030.86 -0.000163131 0
1.56152 0 12452 -0.000186696 0
1.56152 0 19307 -0.00019339 0
1.56152 0 29935.8 -0.000197664 0
1.56152 0 46415.9 -0.000196135 0
1.56152 0 71968.6 -0.000192907 0
1.56152 0 111588 -0.000194628 0
1.56152 0 173020 -0.00016555 0
1.56152 0 268270 -0.000147134 0
1.56152 0 415956 -0.000122459 0
1.56152 0 644947 -9.29762e-05 0
1.56152 0 1e+06 -3.65776e-05 0

3.80755 0 1e-06 0.140272 0
3.80755 0 1.55052e-06 0.140272 0
3.80755 0 2.4041e-06 0.140272 0
3.80755 0 3.72759e-06 0.140272 0
3.80755 0 5.77969e-06 0.140272 0
3.80755 0 8.96151e-06 0.140271 0
3.80755 0 1.3895e-05 0.14027 0
3.80755 0 2.15443e-05 0.140269 0
3.80755 0 3.34048e-05 0.140266 0
3.80755 0 5.17947e-05 0.140263 0
3.80755 0 8.03086e-05 0.140258 0
3.80755 0 0.00012452 0.140249 0
3.80755 0 0.00019307 0.140237 0
3.80755 0 0.000299358 0.140217 0
3.80755 0 0.000464159 0.140186 0
3.80755 0 0.000719686 0.140138 0
3.80755 0 0.00111588 0.140064 0
3.80755 0 0.0017302 0.13995 0
3.80755 0 0.0026827 0.139773 0
3.80755 0 0.00415956 0.139499 0
3.80755 0 0.00644947 0.139075 0
3.80755 0 0.01 0.138422 0
3.80755 0 0.0155052 0.137417 0
3.80755 0 0.024041 0.135879 0
3.80755 0 0.0372759 0.133542 0
3.80755 0 0.0577969 0.130027 0
3.80755 0 0.0896151 0.124831 0
3.80755 0 0.13895 0.117337 0
3.80755 0 0.215443 0.106923 0
3.80755 0 0.334048 0.0931642 0
3.80755 0 0.517947 0.0761367 0
3.80755 0 0.803086 0.0568376 0
3.80755 0 1.2452 0.0379868 0
3.80755 0 1.9307 0.0234617 0
3.80755 0 2.99358 0.0140136 0
3.80755 0 4.64159 0.00734916 0
3.80755 0 7.19686 0.00347184 0
3.80755 0 11.1588 0.00102153 0
3.80755 0 17.302 0.00058557 0
3.80755 0 26.827 0.00113855 0
3.80755 0 41.5956 0.000866162 0
3.80755 0 64.4947 0.000584387 0
3.80755 0 100 0.000426812 0
3.80755 0 155.052 0.000278981 0
3.80755 0 240.41 0.000156599 0
3.80755 0 372.759 0.000121834 0
3.80755 0 577.969 8.80617e-05 0
3.80755 0 896.151 1.95293e-05 0
3.80755 0 1389.5 -7.3833e-06 0
3.80755 0 2154.43 -1.69922e-05 0
3.80755 0 3340.48 -2.77999e-05 0
3.80755 0 5179.47 -4.17132e-05 0
3.80755 0 8030.86 -6.44595e-05 0
3.80755 0 12452 -7.51039e-05 0
3.80755 0 19307 -7.84628e-05 0
3.80755 0 29935.8 -8.05884e-05 0
3.80755 0 46415.9 -8.01811e-05 0
3.80755 0 71968.6 -7.89808e-05 0
3.80755 0 111588 -7.97532e-05 0
3.80755 0 173020 -6.78625e-05 0
3.80755 0 268270 -6.03265e-05 0
3.80755 0 415956 -5.02155e-05 0
3.80755 0 644947 -3.81278e-05 0
3.80755 0 1e+06 -1.49998e-05 0

9.28415 0 1e-06 0.0465641 0
9.28415 0 1.55052e-06 0.0465641 0
9.28415 0 2.4041e-06 0.0465641 0
9.28415 0 3.72759e-06 0.046564 0
9.28415 0 5.77969e-06 0.046564 0
9.28415 0 8.96151e-06 0.0465638 0
9.28415 0 1.3895e-05 0.0465636 0
9.28415 0 2.15443e-05 0.0465633 0
9.28415 0 3.34048e-05 0.0465629 0
9.28415 0 5.17947e-05 0.0465622 0
9.28415 0 8.03086e-05 0.0465611 0
9.28415 0 0.00012452 0.0465594 0
9.28415 0 0.00019307 0.0465567 0
9.28415 0 0.000299358 0.0465526 0
9.28415 0 0.000464159 0.0465462 0
9.28415 0 0.000719686 0.0465363 0
9.28415 0 0.00111588 0.046521 0
9.28415 0 0.0017302 0.0464973 0
9.28415 0 0.0026827 0.0464606 0
9.28415 0 0.00415956 0.0464038 0
9.28415 0 0.00644947 0.0463161 0
9.28415 0 0.01 0.0461808 0
9.28415 0 0.0155052 0.0459727 0
9.28415 0 0.024041 0.0456542 0
9.28415 0 0.0372759 0.0451701 0
9.28415 0 0.0577969 0.0444418 0
9.28415 0 0.0896151 0.0433635 0
9.28415 0 0.13895 0.041802 0
9.28415 0 0.215443 0.0396043 0
9.28415 0 0.334048 0.0365981 0
9.28415 0 0.517947 0.0325617 0
9.28415 0 0.803086 0.0272666 0
9.28415 0 1.2452 0.0210327 0
9.28415 0 1.9307 0.0151938 0
9.28415 0 2.99358 0.0106011 0
9.28415 0 4.64159 0.00662308 0
9.28415 0 7.19686 0.00357317 0
9.28415 0 11.1588 0.00203909 0
9.28415 0 17.302 0.00118167 0
9.28415 0 26.827 0.00103349 0
9.28415 0 41.5956 0.000748791 0
9.28415 0 64.4947 0.000509208 0
9.28415 0 100 0.000355976 0
9.28415 0 155.052 0.000236539 0
9.28415 0 240.41 0.000145535 0
9.28415 0 372.759 0.000103124 0
9.28415 0 577.969 7.09724e-05 0
9.28415 0 896.151 3.09093e-05 0
9.28415 0 1389.5 1.17645e-05 0
9.28415 0 2154.43 2.49379e-06 0
9.28415 0 3340.48 -5.38856e-06 0
9.28415 0 5179.47 -1.33306e-05 0
9.28415 0 8030.86 -2.41057e-05 0
9.28415 0 12452 -2.94026e-05 0
9.28415 0 19307 -3.13648e-05 0
9.28415 0 29935.8 -3.2593e-05 0
9.28415 0 46415.9 -3.26361e-05 0
9.28415 0 71968.6 -3.22627e-05 0
9.28415 0 111588 -3.26436e-05 0
9.28415 0 173020 -2.78004e-05 0
9.28415 0 268270 -2.47263e-05 0
9.28415 0 415956 -2.05875e-05 0
9.28415 0 644947 -1.56339e-05 0
9.28415 0 1e+06 -6.15052e-06 0

22.638 0 1e-06 0.0129157 0
22.638 0 1.55052e-06 0.0129157 0
22.638 0 2.4041e-06 0.0129157 0
22.638 0 3.72759e-06 0.0129157 0
22.638 0 5.77969e-06 0.0129157 0
22.638 0 8.96151e-06 0.0129156 0
22.638 0 1.3895e-05 0.0129156 0
22.638 0 2.15443e-05 0.0129156 0
22.638 0 3.34048e-05 0.0129155 0
22.638 0 5.17947e-05 0.0129154 0
22.638 0 8.03086e-05 0.0129153 0
22.638 0 0.00012452 0.012915 0
22.638 0 0.00019307 0.0129147 0
22.638 0 0.000299358 0.0129141 0
22.638 0 0.000464159 0.0129133 0
22.638 0 0.000719686 0.0129119 0
22.638 0 0.00111588 0.0129098 0
22.638 0 0.0017302 0.0129066 0
22.638 0 0.0026827 0.0129017 0
22.638 0 0.00415956 0.012894 0
22.638 0 0.00644947 0.0128821 0
22.638 0 0.01 0.0128638 0
22.638 0 0.0155052 0.0128358 0
22.638 0 0.024041 0.0127929 0
22.638 0 0.0372759 0.0127282 0
22.638 0 0.0577969 0.0126314 0
22.638 0 0.0896151 0.0124895 0
22.638 0 0.13895 0.0122862 0
22.638 0 0.215443 0.012001 0
22.638 0 0.334048 0.0115984 0
22.638 0 0.517947 0.0109937 0
22.638 0 0.803086 0.0100329 0
22.638 0 1.2452 0.00866628 0
22.638 0 1.9307 0.00717569 0
22.638 0 2.99358 0.0058172 0
22.638 0 4.64159 0.00424921 0
22.638 0 7.19686 0.00261034 0
22.638 0 11.1588 0.00183091 0
22.638 0 17.302 0.00113747 0
22.638 0 26.827 0.00084114 0
22.638 0 41.5956 0.000613211 0
22.638 0 64.4947 0.000427547 0
22.638 0 100 0.000297447 0
22.638 0 155.052 0.000201856 0
22.638 0 240.41 0.000130845 0
22.638 0 372.759 8.94426e-05 0
22.638 0 577.969 6.03749e-05 0
22.638 0 896.151 3.3423e-05 0
22.638 0 1389.5 1.8323e-05 0
22.638 0 2154.43 9.70769e-06 0
22.638 0 3340.48 3.33781e-06 0
22.638 0 5179.47 -1.96551e-06 0
22.638 0 8030.86 -7.71607e-06 0
22.638 0 12452 -1.07506e-05 0
22.638 0 19307 -1.20992e-05 0
22.638 0 29935.8 -1.29357e-05 0
22.638 0 46415.9 -1.31506e-05 0
22.638 0 71968.6 -1.31094e-05 0
22.638 0 111588 -1.33263e-05 0
22.638 0 173020 -1.13718e-05 0
22.638 0 268270 -1.01267e-05 0
22.638 0 415956 -8.43693e-06 0
22.638 0 644947 -6.40895e-06 0
22.638 0 1e+06 -2.52134e-06 0

55.1995 0 1e-06 0.0034842 0
55.1995 0 1.55052e-06 0.0034842 0
55.1995 0 2.4041e-06 0.0034842 0
55.1995 0 3.72759e-06 0.0034842 0
55.1995 0 5.77969e-06 0.0034842 0
55.1995 0 8.96151e-06 0.00348419 0
55.1995 0 1.3895e-05 0.00348419 0
55.1995 0 2.15443e-05 0.00348418 0
55.1995 0 3.34048e-05 0.00348418 0
55.1995 0 5.17947e-05 0.00348416 0
55.1995 0 8.03086e-05 0.00348414 0
55.1995 0 0.00012452 0.00348411 0
55.1995 0 0.00019307 0.00348407 0
55.1995 0 0.000299358 0.00348399 0
55.1995 0 0.000464159 0.00348388 0
55.1995 0 0.000719686 0.00348371 0
55.1995 0 0.00111588 0.00348343 0
55.1995 0 0.0017302 0.00348301 0
55.1995 0 0.0026827 0.00348236 0
55.1995 0 0.00415956 0.00348136 0
55.1995 0 0.00644947 0.00347981 0
55.1995 0 0.01 0.00347744 0
55.1995 0 0.0155052 0.00347382 0
55.1995 0 0.024041 0.00346834 0
55.1995 0 0.0372759 0.00346016 0
55.1995 0 0.0577969 0.0034482 0
55.1995 0 0.0896151 0.00343119 0
55.1995 0 0.13895 0.00340792 0
55.1995 0 0.215443 0.00337688 0
55.1995 0 0.334048 0.00333332 0
55.1995 0 0.517947 0.0032593 0
55.1995 0 0.803086 0.00311511 0
55.1995 0 1.2452 0.00287809 0
55.1995 0 1.9307 0.00260258 0
55.1995 0 2.99358 0.00235222 0
55.1995 0 4.64159 0.0019597 0
55.1995 0 7.19686 0.00139936 0
55.1995 0 11.1588 0.00113108 0
55.1995 0 17.302 0.000794656 0
55.1995 0 26.827 0.00058654 0
55.1995 0 41.5956 0.000448551 0
55.1995 0 64.4947 0.000328465 0
55.1995 0 100 0.00023487 0
55.1995 0 155.052 0.000164907 0
55.1995 0 240.41 0.000111538 0
55.1995 0 372.759 7.60517e-05 0
55.1995 0 577.969 5.14259e-05 0
55.1995 0 896.151 3.17156e-05 0
55.1995 0 1389.5 1.93803e-05 0
55.1995 0 2154.43 1.16918e-05 0
55.1995 0 3340.48 6.3368e-06 0
55.1995 0 5179.47 2.35367e-06 0
55.1995 0 8030.86 -1.19271e-06 0
55.1995 0 12452 -3.21351e-06 0
55.1995 0 19307 -4.25972e-06 0
55.1995 0 29935.8 -4.90651e-06 0
55.1995 0 46415.9 -5.17569e-06 0
55.1995 0 71968.6 -5.26228e-06 0
55.1995 0 111588 -5.40765e-06 0
55.1995 0 173020 -4.63579e-06 0
55.1995 0 268270 -4.13998e-06 0
55.1995 0 415956 -3.45412e-06 0
55.1995 0 644947 -2.6258e-06 0
55.1995 0 1e+06 -1.03303e-06 0

134.596 0 1e-06 0.000940188 0
134.596 0 1.55052e-06 0.000940188 0
134.596 0 2.4041e-06 0.000940188 0
134.596 0 3.72759e-06 0.000940188 0
134.596 0 5.77969e-06 0.000940188 0
134.596 0 8.96151e-06 0.000940188 0
134.596 0 1.3895e-05 0.000940187 0
134.596 0 2.15443e-05 0.000940186 0
134.596 0 3.34048e-05 0.000940185 0
134.596 0 5.17947e-05 0.000940184 0
134.596 0 8.03086e-05 0.000940181 0
134.596 0 0.00012452 0.000940177 0
134.596 0 0.00019307 0.000940171 0
134.596 0 0.000299358 0.000940161 0
134.596 0 0.000464159 0.000940146 0
134.596 0 0.000719686 0.000940123 0
134.596 0 0.00111588 0.000940087 0
134.596 0 0.0017302 0.000940031 0
134.596 0 0.0026827 0.000939945 0
134.596 0 0.00415956 0.000939812 0
134.596 0 0.00644947 0.000939608 0
134.596 0 0.01 0.000939296 0
134.596 0 0.0155052 0.000938823 0
134.596 0 0.024041 0.000938115 0
134.596 0 0.0372759 0.000937076 0
134.596 0 0.0577969 0.000935597 0
134.596 0 0.0896151 0.000933591 0
134.596 0 0.13895 0.000931045 0
134.596 0 0.215443 0.000927991 0
134.596 0 0.334048 0.000923925 0
134.596 0 0.517947 0.000915796 0
134.596 0 0.803086 0.000896075 0
134.596 0 1.2452 0.000860019 0
134.596 0 1.9307 0.000818153 0
134.596 0 2.99358 0.000786173 0
134.596 0 4.64159 0.000716758 0
134.596 0 7.19686 0.000587784 0
134.596 0 11.1588 0.00052574 0
134.596 0 17.302 0.000425352 0
134.596 0 26.827 0.00033852 0
134.596 0 41.5956 0.000279295 0
134.596 0 64.4947 0.000220352 0
134.596 0 100 0.000167014 0
134.596 0 155.052 0.000123866 0
134.596 0 240.41 8.82424e-05 0
134.596 0 372.759 6.15676e-05 0
134.596 0 577.969 4.24697e-05 0
134.596 0 896.151 2.78998e-05 0
134.596 0 1389.5 1.7979e-05 0
134.596 0 2154.43 1.14217e-05 0
134.596 0 3340.48 6.92723e-06 0
134.596 0 5179.47 3.75052e-06 0
134.596 0 8030.86 1.2665e-06 0
134.596 0 12452 -2.44375e-07 0
134.596 0 19307 -1.11134e-06 0
134.596 0 29935.8 -1.64871e-06 0
134.596 0 46415.9 -1.92274e-06 0
134.596 0 71968.6 -2.05256e-06 0
134.596 0 111588 -2.16404e-06 0
134.596 0 173020 -1.87502e-06 0
134.596 0 268270 -1.68549e-06 0
134.596 0 415956 -1.41093e-06 0
134.596 0 644947 -1.07442e-06 0
134.596 0 1e+06 -4.22704e-07 0

328.193 0 1e-06 0.000277243 0
328.193 0 1.55052e-06 0.000277243 0
328.193 0 2.4041e-06 0.000277243 0
328.193 0 3.72759e-06 0.000277243 0
328.193 0 5.77969e-06 0.000277243 0
328.193 0 8.96151e-06 0.000277243 0
328.193 0 1.3895e-05 0.000277243 0
328.193 0 2.15443e-05 0.000277243 0
328.193 0 3.34048e-05 0.000277243 0
328.193 0 5.17947e-05 0.000277243 0
328.193 0 8.03086e-05 0.000277242 0
328.193 0 0.00012452 0.000277242 0
328.193 0 0.00019307 0.000277241 0
328.193 0 0.000299358 0.000277239 0
328.193 0 0.000464159 0.000277237 0
328.193 0 0.000719686 0.000277234 0
328.193 0 0.00111588 0.000277229 0
328.193 0 0.0017302 0.000277221 0
328.193 0 0.0026827 0.000277208 0
328.193 0 0.00415956 0.000277189 0
328.193 0 0.00644947 0.00027716 0
328.193 0 0.01 0.000277115 0
328.193 0 0.0155052 0.000277048 0
328.193 0 0.024041 0.000276949 0
328.193 0 0.0372759 0.000276804 0
328.193 0 0.0577969 0.000276604 0
328.193 0 0.0896151 0.000276344 0
328.193 0 0.13895 0.00027604 0
328.193 0 0.215443 0.000275724 0
328.193 0 0.334048 0.000275344 0
328.193 0 0.517947 0.0002744 0
328.193 0 0.803086 0.00027159 0
328.193 0 1.2452 0.000266077 0
328.193 0 1.9307 0.000259832 0
328.193 0 2.99358 0.000256203 0
328.193 0 4.64159 0.000245324 0
328.193 0 7.19686 0.000221109 0
328.193 0 11.1588 0.000209682 0
328.193 0 17.302 0.000188333 0
328.193 0 26.827 0.000164052 0
328.193 0 41.5956 0.000146039 0
328.193 0 64.4947 0.000125226 0
328.193 0 100 0.000102761 0
328.193 0 155.052 8.21559e-05 0
328.193 0 240.41 6.28126e-05 0
328.193 0 372.759 4.60162e-05 0
328.193 0 577.969 3.30509e-05 0
328.193 0 896.151 2.29345e-05 0
328.193 0 1389.5 1.54194e-05 0
328.193 0 2154.43 1.01529e-05 0
328.193 0 3340.48 6.49356e-06 0
328.193 0 5179.47 3.93162e-06 0
328.193 0 8030.86 2.05101e-06 0
328.193 0 12452 8.47838e-07 0
328.193 0 19307 1.11598e-07 0
328.193 0 29935.8 -3.48397e-07 0
328.193 0 46415.9 -6.06599e-07 0
328.193 0 71968.6 -7.44821e-07 0
328.193 0 111588 -8.37749e-07 0
328.193 0 173020 -7.44552e-07 0
328.193 0 268270 -6.79632e-07 0
328.193 0 415956 -5.73312e-07 0
328.193 0 644947 -4.38311e-07 0
328.193 0 1e+06 -1.72459e-07 0

800.25 0 1e-06 8.91679e-05 0
800.25 0 1.55052e-06 8.91678e-05 0
800.25 0 2.4041e-06 8.91678e-05 0
800.25 0 3.72759e-06 8.91678e-05 0
800.25 0 5.77969e-06 8.91678e-05 0
800.25 0 8.96151e-06 8.91678e-05 0
800.25 0 1.3895e-05 8.91678e-05 0
800.25 0 2.15443e-05 8.91678e-05 0
800.25 0 3.34048e-05 8.91678e-05 0
800.25 0 5.17947e-05 8.91677e-05 0
800.25 0 8.03086e-05 8.91677e-05 0
800.25 0 0.00012452 8.91676e-05 0
800.25 0 0.00019307 8.91675e-05 0
800.25 0 0.000299358 8.91672e-05 0
800.25 0 0.000464159 8.91669e-05 0
800.25 0 0.000719686 8.91664e-05 0
800.25 0 0.00111588 8.91656e-05 0
800.25 0 0.0017302 8.91643e-05 0
800.25 0 0.0026827 8.91624e-05 0
800.25 0 0.00415956 8.91594e-05 0
800.25 0 0.00644947 8.91549e-05 0
800.25 0 0.01 8.9148e-05 0
800.25 0 0.0155052 8.91376e-05 0
800.25 0 0.024041 8.91223e-05 0
800.25 0 0.0372759 8.91004e-05 0
800.25 0 0.0577969 8.90704e-05 0
800.25 0 0.0896151 8.90327e-05 0
800.25 0 0.13895 8.89913e-05 0
800.25 0 0.215443 8.8954e-05 0
800.25 0 0.334048 8.89145e-05 0
800.25 0 0.517947 8.87906e-05 0
800.25 0 0.803086 8.836e-05 0
800.25 0 1.2452 8.74811e-05 0
800.25 0 1.9307 8.65084e-05 0
800.25 0 2.99358 8.60784e-05 0
800.25 0 4.64159 8.43771e-05 0
800.25 0 7.19686 8.01696e-05 0
800.25 0 11.1588 7.82669e-05 0
800.25 0 17.302 7.44539e-05 0
800.25 0 26.827 6.93066e-05 0
800.25 0 41.5956 6.52518e-05 0
800.25 0 64.4947 5.99757e-05 0
800.25 0 100 5.32805e-05 0
800.25 0 155.052 4.6198e-05 0
800.25 0 240.41 3.84166e-05 0
800.25 0 372.759 3.02794e-05 0
800.25 0 577.969 2.31857e-05 0
800.25 0 896.151 1.71771e-05 0
800.25 0 1389.5 1.21587e-05 0
800.25 0 2154.43 8.33871e-06 0
800.25 0 3340.48 5.56344e-06 0
800.25 0 5179.47 3.57312e-06 0
800.25 0 8030.86 2.12765e-06 0
800.25 0 12452 1.15985e-06 0
800.25 0 19307 5.39805e-07 0
800.25 0 29935.8 1.46696e-07 0
800.25 0 46415.9 -8.58889e-08 0
800.25 0 71968.6 -2.17599e-07 0
800.25 0 111588 -2.97991e-07 0
800.25 0 173020 -2.82779e-07 0
800.25 0 268270 -2.67912e-07 0
800.25 0 415956 -2.3013e-07 0
800.25 0 644947 -1.77575e-07 0
800.25 0 1e+06 -6.98875e-08 0

1951.29 0 1e-06 3.05132e-05 0
1951.29 0 1.55052e-06 3.05132e-05 0
1951.29 0 2.4041e-06 3.05132e-05 0
1951.29 0 3.72759e-06 3.05132e-05 0
1951.29 0 5.77969e-06 3.05132e-05 0
1951.29 0 8.96151e-06 3.05132e-05 0
1951.29 0 1.3895e-05 3.05132e-05 0
1951.29 0 2.15443e-05 3.05132e-05 0
1951.29 0 3.34048e-05 3.05131e-05 0
1951.29 0 5.17947e-05 3.05131e-05 0
1951.29 0 8.03086e-05 3.05131e-05 0
1951.29 0 0.00012452 3.05131e-05 0
1951.29 0 0.00019307 3.05131e-05 0
1951.29 0 0.000299358 3.05131e-05 0
1951.29 0 0.000464159 3.0513e-05 0
1951.29 0 0.000719686 3.05129e-05 0
1951.29 0 0.00111588 3.05128e-05 0
1951.29 0 0.0017302 3.05126e-05 0
1951.29 0 0.0026827 3.05123e-05 0
1951.29 0 0.00415956 3.05118e-05 0
1951.29 0 0.00644947 3.05111e-05 0
1951.29 0 0.01 3.05099e-05 0
1951.29 0 0.0155052 3.05083e-05 0
1951.29 0 0.024041 3.05058e-05 0
1951.29 0 0.0372759 3.05023e-05 0
1951.29 0 0.0577969 3.04975e-05 0
1951.29 0 0.0896151 3.04916e-05 0
1951.29 0 0.13895 3.04854e-05 0
1951.29 0 0.215443 3.04804e-05 0
1951.29 0 0.334048 3.04758e-05 0
1951.29 0 0.517947 3.04578e-05 0
1951.29 0 0.803086 3.03887e-05 0
1951.29 0 1.2452 3.02447e-05 0
1951.29 0 1.9307 3.00878e-05 0
1951.29 0 2.99358 3.00317e-05 0
1951.29 0 4.64159 2.97592e-05 0
1951.29 0 7.19686 2.90459e-05 0
1951.29 0 11.1588 2.87373e-05 0
1951.29 0 17.302 2.80964e-05 0
1951.29 0 26.827 2.71503e-05 0
1951.29 0 41.5956 2.63874e-05 0
1951.29 0 64.4947 2.53199e-05 0
1951.29 0 100 2.38041e-05 0
1951.29 0 155.052 2.2008e-05 0
1951.29 0 240.41 1.97424e-05 0
1951.29 0 372.759 1.68989e-05 0
1951.29 0 577.969 1.40251e-05 0
1951.29 0 896.151 1.1261e-05 0
1951.29 0 1389.5 8.54993e-06 0
1951.29 0 2154.43 6.20956e-06 0
1951.29 0 3340.48 4.35882e-06 0
1951.29 0 5179.47 2.94895e-06 0
1951.29 0 8030.86 1.88956e-06 0
1951.29 0 12452 1.13958e-06 0
1951.29 0 19307 6.36165e-07 0
1951.29 0 29935.8 3.0881e-07 0
1951.29 0 46415.9 1.07382e-07 0
1951.29 0 71968.6 -1.09955e-08 0
1951.29 0 111588 -8.10079e-08 0
1951.29 0 173020 -9.53249e-08 0
1951.29 0 268270 -9.98844e-08 0
1951.29 0 415956 -8.97329e-08 0
1951.29 0 644947 -7.07877e-08 0
1951.29 0 1e+06 -2.78808e-08 0

4757.94 0 1e-06 1.07944e-05 0
4757.94 0 1.55052e-06 1.07944e-05 0
4757.94 0 2.4041e-06 1.07944e-05 0
4757.94 0 3.72759e-06 1.07944e-05 0
4757.94 0 5.77969e-06 1.07944e-05 0
4757.94 0 8.96151e-06 1.07944e-05 0
4757.94 0 1.3895e-05 1.07944e-05 0
4757.94 0 2.15443e-05 1.07944e-05 0
4757.94 0 3.34048e-05 1.07944e-05 0
4757.94 0 5.17947e-05 1.07944e-05 0
4757.94 0 8.03086e-05 1.07944e-05 0
4757.94 0 0.00012452 1.07944e-05 0
4757.94 0 0.00019307 1.07944e-05 0
4757.94 0 0.000299358 1.07944e-05 0
4757.94 0 0.000464159 1.07944e-05 0
4757.94 0 0.000719686 1.07944e-05 0
4757.94 0 0.00111588 1.07944e-05 0
4757.94 0 0.0017302 1.07943e-05 0
4757.94 0 0.0026827 1.07943e-05 0
4757.94 0 0.00415956 1.07942e-05 0
4757.94 0 0.00644947 1.07941e-05 0
4757.94 0 0.01 1.07939e-05 0
4757.94 0 0.0155052 1.07936e-05 0
4757.94 0 0.024041 1.07932e-05 0
4757.94 0 0.0372759 1.07926e-05 0
4757.94 0 0.0577969 1.07919e-05 0
4757.94 0 0.0896151 1.07909e-05 0
4757.94 0 0.13895 1.07899e-05 0
4757.94 0 0.215443 1.07892e-05 0
4757.94 0 0.334048 1.07886e-05 0
4757.94 0 0.517947 1.07858e-05 0
4757.94 0 0.803086 1.07745e-05 0
4757.94 0 1.2452 1.07506e-05 0
4757.94 0 1.9307 1.07248e-05 0
4757.94 0 2.99358 1.07169e-05 0
4757.94 0 4.64159 1.06724e-05 0
4757.94 0 7.19686 1.05525e-05 0
4757.94 0 11.1588 1.05026e-05 0
4757.94 0 17.302 1.03968e-05 0
4757.94 0 26.827 1.0234e-05 0
4757.94 0 41.5956 1.01032e-05 0
4757.94 0 64.4947 9.91336e-06 0
4757.94 0 100 9.62633e-06 0
4757.94 0 155.052 9.26299e-06 0
4757.94 0 240.41 8.75982e-06 0
4757.94 0 372.759 8.03254e-06 0
4757.94 0 577.969 7.18782e-06 0
4757.94 0 896.151 6.25255e-06 0
4757.94 0 1389.5 5.15422e-06 0
4757.94 0 2154.43 4.03676e-06 0
4757.94 0 3340.48 3.03295e-06 0
4757.94 0 5179.47 2.18693e-06 0
4757.94 0 8030.86 1.49852e-06 0
4757.94 0 12452 9.68535e-07 0
4757.94 0 19307 5.88681e-07 0
4757.94 0 29935.8 3.30522e-07 0
4757.94 0 46415.9 1.6459e-07 0
4757.94 0 71968.6 6.33565e-08 0
4757.94 0 111588 3.2973e-09 0
4757.94 0 173020 -2.04857e-08 0
4757.94 0 268270 -3.18381e-08 0
4757.94 0 415956 -3.25136e-08 0
4757.94 0 644947 -2.71404e-08 0
4757.94 0 1e+06 -1.07134e-08 0

11601.6 0 1e-06 3.79973e-06 0
11601.6 0 1.55052e-06 3.79973e-06 0
11601.6 0 2.4041e-06 3.79973e-06 0
11601.6 0 3.72759e-06 3.79973e-06 0
11601.6 0 5.77969e-06 3.79973e-06 0
11601.6 0 8.96151e-06 3.79973e-06 0
11601.6 0 1.3895e-05 3.79973e-06 0
11601.6 0 2.15443e-05 3.79973e-06 0
11601.6 0 3.34048e-05 3.79973e-06 0
11601.6 0 5.17947e-05 3.79973e-06 0
11601.6 0 8.03086e-05 3.79973e-06 0
11601.6 0 0.00012452 3.79973e-06 0
11601.6 0 0.00019307 3.79973e-06 0
11601.6 0 0.000299358 3.79973e-06 0
11601.6 0 0.000464159 3.79973e-06 0
11601.6 0 0.000719686 3.79973e-06 0
11601.6 0 0.00111588 3.79972e-06 0
11601.6 0 0.0017302 3.79972e-06 0
11601.6 0 0.0026827 3.79971e-06 0
11601.6 0 0.00415956 3.7997e-06 0
11601.6 0 0.00644947 3.79968e-06 0
11601.6 0 0.01 3.79964e-06 0
11601.6 0 0.0155052 3.7996e-06 0
11601.6 0 0.024041 3.79953e-06 0
11601.6 0 0.0372759 3.79943e-06 0
11601.6 0 0.0577969 3.79931e-06 0
11601.6 0 0.0896151 3.79915e-06 0
11601.6 0 0.13895 3.79899e-06 0
11601.6 0 0.215443 3.79888e-06 0
11601.6 0 0.334048 3.79879e-06 0
11601.6 0 0.517947 3.79835e-06 0
11601.6 0 0.803086 3.79647e-06 0
11601.6 0 1.2452 3.79248e-06 0
11601.6 0 1.9307 3.78821e-06 0
11601.6 0 2.99358 3.78704e-06 0
11601.6 0 4.64159 3.77972e-06 0
11601.6 0 7.19686 3.75963e-06 0
11601.6 0 11.1588 3.75158e-06 0
11601.6 0 17.302 3.73423e-06 0
11601.6 0 26.827 3.70702e-06 0
11601.6 0 41.5956 3.68557e-06 0
11601.6 0 64.4947 3.65396e-06 0
11601.6 0 100 3.60463e-06 0
11601.6 0 155.052 3.54034e-06 0
11601.6 0 240.41 3.44665e-06 0
11601.6 0 372.759 3.29882e-06 0
11601.6 0 577.969 3.11013e-06 0
11601.6 0 896.151 2.87736e-06 0
11601.6 0 1389.5 2.55918e-06 0
11601.6 0 2154.43 2.1766e-06 0
11601.6 0 3340.48 1.77619e-06 0
11601.6 0 5179.47 1.38942e-06 0
11601.6 0 8030.86 1.03236e-06 0
11601.6 0 12452 7.19476e-07 0
11601.6 0 19307 4.70476e-07 0
11601.6 0 29935.8 2.87681e-07 0
11601.6 0 46415.9 1.62339e-07 0
11601.6 0 71968.6 8.17361e-08 0
11601.6 0 111588 3.24324e-08 0
11601.6 0 173020 7.8622e-09 0
11601.6 0 268270 -4.91257e-09 0
11601.6 0 415956 -9.44965e-09 0
11601.6 0 644947 -9.40297e-09 0
11601.6 0 1e+06 -3.73803e-09 0

28288.7 0 1e-06 1.30391e-06 0
28288.7 0 1.55052e-06 1.30391e-06 0
28288.7 0 2.4041e-06 1.30391e-06 0
28288.7 0 3.72759e-06 1.30391e-06 0
28288.7 0 5.77969e-06 1.30391e-06 0
28288.7 0 8.96151e-06 1.30391e-06 0
28288.7 0 1.3895e-05 1.30391e-06 0
28288.7 0 2.15443e-05 1.30391e-06 0
28288.7 0 3.34048e-05 1.30391e-06 0
28288.7 0 5.17947e-05 1.30391e-06 0
28288.7 0 8.03086e-05 1.30391e-06 0
28288.7 0 0.00012452 1.30391e-06 0
28288.7 0 0.00019307 1.30391e-06 0
28288.7 0 0.000299358 1.30391e-06 0
28288.7 0 0.000464159 1.30391e-06 0
28288.7 0 0.000719686 1.30391e-06 0
28288.7 0 0.00111588 1.30391e-06 0
28288.7 0 0.0017302 1.30391e-06 0
28288.7 0 0.0026827 1.30391e-06 0
28288.7 0 0.00415956 1.3039e-06 0
28288.7 0 0.00644947 1.3039e-06 0
28288.7 0 0.01 1.30389e-06 0
28288.7 0 0.0155052 1.30389e-06 0
28288.7 0 0.024041 1.30388e-06 0
28288.7 0 0.0372759 1.30386e-06 0
28288.7 0 0.0577969 1.30384e-06 0
28288.7 0 0.0896151 1.30381e-06 0
28288.7 0 0.13895 1.30379e-06 0
28288.7 0 0.215443 1.30377e-06 0
28288.7 0 0.334048 1.30376e-06 0
28288.7 0 0.517947 1.30369e-06 0
28288.7 0 0.803086 1.30337e-06 0
28288.7 0 1.2452 1.30271e-06 0
28288.7 0 1.9307 1.30199e-06 0
28288.7 0 2.99358 1.30182e-06 0
28288.7 0 4.64159 1.30061e-06 0
28288.7 0 7.19686 1.29725e-06 0
28288.7 0 11.1588 1.29595e-06 0
28288.7 0 17.302 1.29311e-06 0
28288.7 0 26.827 1.28862e-06 0
28288.7 0 41.5956 1.28517e-06 0
28288.7 0 64.4947 1.28006e-06 0
28288.7 0 100 1.27197e-06 0
28288.7 0 155.052 1.26135e-06 0
28288.7 0 240.41 1.24551e-06 0
28288.7 0 372.759 1.21929e-06 0
28288.7 0 577.969 1.18419e-06 0
28288.7 0 896.151 1.13819e-06 0
28288.7 0 1389.5 1.06863e-06 0
28288.7 0 2154.43 9.73455e-07 0
28288.7 0 3340.48 8.59027e-07 0
28288.7 0 5179.47 7.31788e-07 0
28288.7 0 8030.86 5.95414e-07 0
28288.7 0 12452 4.54052e-07 0
28288.7 0 19307 3.23284e-07 0
28288.7 0 29935.8 2.1493e-07 0
28288.7 0 46415.9 1.32777e-07 0
28288.7 0 71968.6 7.54215e-08 0
28288.7 0 111588 3.80832e-08 0
28288.7 0 173020 1.67772e-08 0
28288.7 0 268270 5.00802e-09 0
28288.7 0 415956 -4.42537e-10 0
28288.7 0 644947 -2.3071e-09 0
28288.7 0 1e+06 -9.46679e-10 0

68977.9 0 1e-06 4.30606e-07 0
68977.9 0 1.55052e-06 4.30606e-07 0
68977.9 0 2.4041e-06 4.30606e-07 0
68977.9 0 3.72759e-06 4.30606e-07 0
68977.9 0 5.77969e-06 4.30606e-07 0
68977.9 0 8.96151e-06 4.30606e-07 0
68977.9 0 1.3895e-05 4.30606e-07 0
68977.9 0 2.15443e-05 4.30606e-07 0
68977.9 0 3.34048e-05 4.30606e-07 0
68977.9 0 5.17947e-05 4.30606e-07 0
68977.9 0 8.03086e-05 4.30606e-07 0
68977.9 0 0.00012452 4.30606e-07 0
68977.9 0 0.00019307 4.30606e-07 0
68977.9 0 0.000299358 4.30606e-07 0
68977.9 0 0.000464159 4.30606e-07 0
68977.9 0 0.000719686 4.30606e-07 0
68977.9 0 0.00111588 4.30606e-07 0
68977.9 0 0.0017302 4.30606e-07 0
68977.9 0 0.0026827 4.30606e-07 0
68977.9 0 0.00415956 4.30605e-07 0
68977.9 0 0.00644947 4.30605e-07 0
68977.9 0 0.01 4.30604e-07 0
68977.9 0 0.0155052 4.30602e-07 0
68977.9 0 0.024041 4.30601e-07 0
68977.9 0 0.0372759 4.30598e-07 0
68977.9 0 0.0577969 4.30594e-07 0
68977.9 0 0.0896151 4.3059e-07 0
68977.9 0 0.13895 4.30586e-07 0
68977.9 0 0.215443 4.30583e-07 0
68977.9 0 0.334048 4.30581e-07 0
68977.9 0 0.517947 4.3057e-07 0
68977.9 0 0.803086 4.30518e-07 0
68977.9 0 1.2452 4.30406e-07 0
68977.9 0 1.9307 4.30288e-07 0
68977.9 0 2.99358 4.30261e-07 0
68977.9 0 4.64159 4.30062e-07 0
68977.9 0 7.19686 4.29501e-07 0
68977.9 0 11.1588 4.29292e-07 0
68977.9 0 17.302 4.28828e-07 0
68977.9 0 26.827 4.28093e-07 0
68977.9 0 41.5956 4.27548e-07 0
68977.9 0 64.4947 4.2674e-07 0
68977.9 0 100 4.25449e-07 0
68977.9 0 155.052 4.23763e-07 0
68977.9 0 240.41 4.21224e-07 0
68977.9 0 372.759 4.16906e-07 0
68977.9 0 577.969 4.1102e-07 0
68977.9 0 896.151 4.03108e-07 0
68977.9 0 1389.5 3.90423e-07 0
68977.9 0 2154.43 3.71621e-07 0
68977.9 0 3340.48 3.46761e-07 0
68977.9 0 5179.47 3.15984e-07 0
68977.9 0 8030.86 2.78475e-07 0
68977.9 0 12452 2.32671e-07 0
68977.9 0 19307 1.82392e-07 0
68977.9 0 29935.8 1.33622e-07 0
68977.9 0 46415.9 9.10037e-08 0
68977.9 0 71968.6 5.73225e-08 0
68977.9 0 111588 3.29495e-08 0
68977.9 0 173020 1.71277e-08 0
68977.9 0 268270 7.69414e-09 0
68977.9 0 415956 2.69872e-09 0
68977.9 0 644947 3.89658e-10 0
68977.9 0 1e+06 1.1877e-10 0

168192 0 1e-06 1.31093e-07 0
168192 0 1.55052e-06 1.31093e-07 0
168192 0 2.4041e-06 1.31093e-07 0
168192 0 3.72759e-06 1.31093e-07 0
168192 0 5.77969e-06 1.31093e-07 0
168192 0 8.96151e-06 1.31093e-07 0
168192 0 1.3895e-05 1.31093e-07 0
168192 0 2.15443e-05 1.31093e-07 0
168192 0 3.34048e-05 1.31093e-07 0
168192 0 5.17947e-05 1.31093e-07 0
168192 0 8.03086e-05 1.31093e-07 0
168192 0 0.00012452 1.31093e-07 0
168192 0 0.00019307 1.31093e-07 0
168192 0 0.000299358 1.31093e-07 0
168192 0 0.000464159 1.31093e-07 0
168192 0 0.000719686 1.31093e-07 0
168192 0 0.00111588 1.31093e-07 0
168192 0 0.0017302 1.31093e-07 0
168192 0 0.0026827 1.31093e-07 0
168192 0 0.00415956 1.31093e-07 0
168192 0 0.00644947 1.31093e-07 0
168192 0 0.01 1.31093e-07 0
168192 0 0.0155052 1.31092e-07 0
168192 0 0.024041 1.31092e-07 0
168192 0 0.0372759 1.31092e-07 0
168192 0 0.0577969 1.31091e-07 0
168192 0 0.0896151 1.3109e-07 0
168192 0 0.13895 1.3109e-07 0
168192 0 0.215443 1.31089e-07 0
168192 0 0.334048 1.31089e-07 0
168192 0 0.517947 1.31087e-07 0
168192 0 0.803086 1.31078e-07 0
168192 0 1.2452 1.3106e-07 0
168192 0 1.9307 1.3104e-07 0
168192 0 2.99358 1.31036e-07 0
168192 0 4.64159 1.31004e-07 0
168192 0 7.19686 1.30911e-07 0
168192 0 11.1588 1.30878e-07 0
168192 0 17.302 1.30803e-07 0
168192 0 26.827 1.30685e-07 0
168192 0 41.5956 1.30601e-07 0
168192 0 64.4947 1.30478e-07 0
168192 0 100 1.3028e-07 0
168192 0 155.052 1.30026e-07 0
168192 0 240.41 1.29643e-07 0
168192 0 372.759 1.28976e-07 0
168192 0 577.969 1.28069e-07 0
168192 0 896.151 1.26849e-07 0
168192 0 1389.5 1.24821e-07 0
168192 0 2154.43 1.21681e-07 0
168192 0 3340.48 1.17324e-07 0
168192 0 5179.47 1.1161e-07 0
168192 0 8030.86 1.04064e-07 0
168192 0 12452 9.36394e-08 0
168192 0 19307 8.03461e-08 0
168192 0 29935.8 6.52028e-08 0
168192 0 46415.9 4.95848e-08 0
168192 0 71968.6 3.50607e-08 0
168192 0 111588 2.27592e-08 0
168192 0 173020 1.33487e-08 0
168192 0 268270 7.05279e-09 0
168192 0 415956 3.26787e-09 0
168192 0 644947 1.21765e-09 0
168192 0 1e+06 4.5636e-10 0

410113 0 1e-06 3.64372e-08 0
410113 0 1.55052e-06 3.64372e-08 0
410113 0 2.4041e-06 3.64372e-08 0
410113 0 3.72759e-06 3.64372e-08 0
410113 0 5.77969e-06 3.64372e-08 0
410113 0 8.96151e-06 3.64372e-08 0
410113 0 1.3895e-05 3.64372e-08 0
410113 0 2.15443e-05 3.64372e-08 0
410113 0 3.34048e-05 3.64372e-08 0
410113 0 5.17947e-05 3.64372e-08 0
410113 0 8.03086e-05 3.64372e-08 0
410113 0 0.00012452 3.64372e-08 0
410113 0 0.00019307 3.64372e-08 0
410113 0 0.000299358 3.64372e-08 0
410113 0 0.000464159 3.64372e-08 0
410113 0 0.000719686 3.64372e-08 0
410113 0 0.00111588 3.64372e-08 0
410113 0 0.0017302 3.64372e-08 0
410113 0 0.0026827 3.64372e-08 0
410113 0 0.00415956 3.64371e-08 0
410113 0 0.00644947 3.64371e-08 0
410113 0 0.01 3.64371e-08 0
410113 0 0.0155052 3.64371e-08 0
410113 0 0.024041 3.6437e-08 0
410113 0 0.0372759 3.64369e-08 0
410113 0 0.0577969 3.64368e-08 0
410113 0 0.0896151 3.64367e-08 0
410113 0 0.13895 3.64366e-08 0
410113 0 0.215443 3.64366e-08 0
410113 0 0.334048 3.64365e-08 0
410113 0 0.517947 3.64362e-08 0
410113 0 0.803086 3.64348e-08 0
410113 0 1.2452 3.64317e-08 0
410113 0 1.9307 3.64285e-08 0
410113 0 2.99358 3.6428e-08 0
410113 0 4.64159 3.64227e-08 0
410113 0 7.19686 3.64072e-08 0
410113 0 11.1588 3.64022e-08 0
410113 0 17.302 3.63903e-08 0
410113 0 26.827 3.63715e-08 0
410113 0 41.5956 3.63592e-08 0
410113 0 64.4947 3.63412e-08 0
410113 0 100 3.6312e-08 0
410113 0 155.052 3.62756e-08 0
410113 0 240.41 3.62208e-08 0
410113 0 372.759 3.61232e-08 0
410113 0 577.969 3.59923e-08 0
410113 0 896.151 3.58198e-08 0
410113 0 1389.5 3.55242e-08 0
410113 0 2154.43 3.50547e-08 0
410113 0 3340.48 3.43928e-08 0
410113 0 5179.47 3.35113e-08 0
410113 0 8030.86 3.23069e-08 0
410113 0 12452 3.05092e-08 0
410113 0 19307 2.79694e-08 0
410113 0 29935.8 2.47006e-08 0
410113 0 46415.9 2.08053e-08 0
410113 0 71968.6 1.65378e-08 0
410113 0 111588 1.21845e-08 0
410113 0 173020 8.10842e-09 0
410113 0 268270 4.90925e-09 0
410113 0 415956 2.64673e-09 0
410113 0 644947 1.20959e-09 0
410113 0 1e+06 4.72618e-10 0

1e+06 0 1e-06 9.20176e-09 0
1e+06 0 1.55052e-06 9.20176e-09 0
1e+06 0 2.4041e-06 9.20176e-09 0
1e+06 0 3.72759e-06 9.20176e-09 0
1e+06 0 5.77969e-06 9.20176e-09 0
1e+06 0 8.96151e-06 9.20176e-09 0
1e+06 0 1.3895e-05 9.20176e-09 0
1e+06 0 2.15443e-05 9.20176e-09 0
1e+06 0 3.34048e-05 9.20176e-09 0
1e+06 0 5.17947e-05 9.20176e-09 0
1e+06 0 8.03086e-05 9.20176e-09 0
1e+06 0 0.00012452 9.20176e-09 0
1e+06 0 0.00019307 9.20176e-09 0
1e+06 0 0.000299358 9.20176e-09 0
1e+06 0 0.000464159 9.20176e-09 0
1e+06 0 0.000719686 9.20176e-09 0
1e+06 0 0.00111588 9.20176e-09 0
1e+06 0 0.0017302 9.20176e-09 0
1e+06 0 0.0026827 9.20176e-09 0
1e+06 0 0.00415956 9.20176e-09 0
1e+06 0 0.00644947 9.20175e-09 0
1e+06 0 0.01 9.20175e-09 0
1e+06 0 0.0155052 9.20174e-09 0
1e+06 0 0.024041 9.20174e-09 0
1e+06 0 0.0372759 9.20172e-09 0
1e+06 0 0.0577969 9.20171e-09 0
1e+06 0 0.0896151 9.20169e-09 0
1e+06 0 0.13895 9.20167e-09 0
1e+06 0 0.215443 9.20166e-09 0
1e+06 0 0.334048 9.20166e-09 0
1e+06 0 0.517947 9.20162e-09 0
1e+06 0 0.803086 9.20138e-09 0
1e+06 0 1.2452 9.20087e-09 0
1e+06 0 1.9307 9.20034e-09 0
1e+06 0 2.99358 9.20027e-09 0
1e+06 0 4.64159 9.19941e-09 0
1e+06 0 7.19686 9.19686e-09 0
1e+06 0 11.1588 9.19609e-09 0
1e+06 0 17.302 9.19422e-09 0
1e+06 0 26.827 9.19124e-09 0
1e+06 0 41.5956 9.18947e-09 0
1e+06 0 64.4947 9.18691e-09 0
1e+06 0 100 9.18273e-09 0
1e+06 0 155.052 9.17773e-09 0
1e+06 0 240.41 9.17024e-09 0
1e+06 0 372.759 9.15646e-09 0
1e+06 0 577.969 9.13852e-09 0
1e+06 0 896.151 9.11573e-09 0
1e+06 0 1389.5 9.07531e-09 0
1e+06 0 2154.43 9.00994e-09 0
1e+06 0 3340.48 8.91817e-09 0
1e+06 0 5179.47 8.79781e-09 0
1e+06 0 8030.86 8.63343e-09 0
1e+06 0 12452 8.37604e-09 0
1e+06 0 19307 7.98948e-09 0
1e+06 0 29935.8 7.45538e-09 0
1e+06 0 46415.9 6.75726e-09 0
1e+06 0 71968.6 5.8949e-09 0
1e+06 0 111588 4.85695e-09 0
1e+06 0 173020 3.66778e-09 0
1e+06 0 268270 2.54884e-09 0
1e+06 0 415956 1.58001e-09 0
1e+06 0 644947 8.29744e-10 0
1e+06 0 1e+06 3.41374e-10 0

