#q_sq i k_sq Re(fg) Im(fg)
1e-06 4 1e-06 18570.5 -0
1e-06 4 1.55052e-06 18570.5 -0
1e-06 4 2.4041e-06 18570.5 -0
1e-06 4 3.72759e-06 18570.5 -0
1e-06 4 5.77969e-06 18570.5 -0
1e-06 4 8.96151e-06 18570.5 -0
1e-06 4 1.3895e-05 18570.4 -0
1e-06 4 2.15443e-05 18570.4 -0
1e-06 4 3.34048e-05 18570.3 -0
1e-06 4 5.17947e-05 18570.2 -0
1e-06 4 8.03086e-05 18570 -0
1e-06 4 0.00012452 18569.8 -0
1e-06 4 0.00019307 18569.4 -0
1e-06 4 0.000299358 18568.7 -0
1e-06 4 0.000464159 18567.7 -0
1e-06 4 0.000719686 18566.2 -0
1e-06 4 0.00111588 18563.8 -0
1e-06 4 0.0017302 18560 -0
1e-06 4 0.0026827 18554 -0
1e-06 4 0.00415956 18544.5 -0
1e-06 4 0.00644947 18529 -0
1e-06 4 0.01 18503.4 -0
1e-06 4 0.0155052 18460 -0
1e-06 4 0.024041 18384.2 -0
1e-06 4 0.0372759 18247.8 -0
1e-06 4 0.0577969 17996.4 -0
1e-06 4 0.0896151 17527.5 -0
1e-06 4 0.13895 16663.5 -0
1e-06 4 0.215443 15140.5 -0
1e-06 4 0.334048 12680.3 -0
1e-06 4 0.517947 9238.8 -0
1e-06 4 0.803086 5383.18 -0
1e-06 4 1.2452 2272.31 -0
1e-06 4 1.9307 653.475 -0
1e-06 4 2.99358 144.383 -0
1e-06 4 4.64159 37.1495 -0
1e-06 4 7.19686 11.0121 -0
1e-06 4 11.1588 5.05613 -0
1e-06 4 17.302 1.72071 -0
1e-06 4 26.827 0.619772 -0
1e-06 4 41.5956 0.307336 -0
1e-06 4 64.4947 0.1647 -0
1e-06 4 100 0.0904454 -0
1e-06 4 155.052 0.0525287 -0
1e-06 4 240.41 0.0309198 -0
1e-06 4 372.759 0.01788 -0
1e-06 4 577.969 0.0105834 -0
1e-06 4 896.151 0.00643945 -0
1e-06 4 1389.5 0.00383571 -0
1e-06 4 2154.43 0.00226271 -0
1e-06 4 3340.48 0.00134188 -0
1e-06 4 5179.47 0.000799817 -0
1e-06 4 8030.86 0.000476177 -0
1e-06 4 12452 0.000277802 -0
1e-06 4 19307 0.000158625 -0
1e-06 4 29935.8 8.8786e-05 -0
1e-06 4 46415.9 4.85017e-05 -0
1e-06 4 71968.6 2.58337e-05 -0
1e-06 4 111588 1.33917e-05 -0
1e-06 4 173020 6.60059e-06 -0
1e-06 4 268270 3.15251e-06 -0
1e-06 4 415956 1.43326e-06 -0
1e-06 4 644947 5.90412e-07 -0
1e-06 4 1e+06 1.85222e-07 -0

2.43835e-06 4 1e-06 7616.22 -0
2.43835e-06 4 1.55052e-06 7616.22 -0
2.43835e-06 4 2.4041e-06 7616.22 -0
2.43835e-06 4 3.72759e-06 7616.22 -0
2.43835e-06 4 5.77969e-06 7616.21 -0
2.43835e-06 4 8.96151e-06 7616.21 -0
2.43835e-06 4 1.3895e-05 7616.19 -0
2.43835e-06 4 2.15443e-05 7616.17 -0
2.43835e-06 4 3.34048e-05 7616.15 -0
2.43835e-06 4 5.17947e-05 7616.1 -0
2.43835e-06 4 8.03086e-05 7616.03 -0
2.43835e-06 4 0.00012452 7615.92 -0
2.43835e-06 4 0.00019307 7615.76 -0
2.43835e-06 4 0.000299358 7615.5 -0
2.43835e-06 4 0.000464159 7615.09 -0
2.43835e-06 4 0.000719686 7614.46 -0
2.43835e-06 4 0.00111588 7613.48 -0
2.43835e-06 4 0.0017302 7611.93 -0
2.43835e-06 4 0.0026827 7609.47 -0
2.43835e-06 4 0.00415956 7605.55 -0
2.43835e-06 4 0.00644947 7599.2 -0
2.43835e-06 4 0.01 7588.7 -0
2.43835e-06 4 0.0155052 7570.89 -0
2.43835e-06 4 0.024041 7539.8 -0
2.43835e-06 4 0.0372759 7483.87 -0
2.43835e-06 4 0.0577969 7380.74 -0
2.43835e-06 4 0.0896151 7188.44 -0
2.43835e-06 4 0.13895 6834.1 -0
2.43835e-06 4 0.215443 6209.49 -0
2.43835e-06 4 0.334048 5200.5 -0
2.43835e-06 4 0.517947 3789.05 -0
2.43835e-06 4 0.803086 2207.77 -0
2.43835e-06 4 1.2452 931.926 -0
2.43835e-06 4 1.9307 268.005 -0
2.43835e-06 4 2.99358 59.2147 -0
2.43835e-06 4 4.64159 15.2358 -0
2.43835e-06 4 7.19686 4.5163 -0
2.43835e-06 4 11.1588 2.07362 -0
2.43835e-06 4 17.302 0.705697 -0
2.43835e-06 4 26.827 0.254181 -0
2.43835e-06 4 41.5956 0.126044 -0
2.43835e-06 4 64.4947 0.0675464 -0
2.43835e-06 4 100 0.0370931 -0
2.43835e-06 4 155.052 0.0215428 -0
2.43835e-06 4 240.41 0.0126806 -0
2.43835e-06 4 372.759 0.00733282 -0
2.43835e-06 4 577.969 0.0043404 -0
2.43835e-06 4 896.151 0.0026409 -0
2.43835e-06 4 1389.5 0.00157307 -0
2.43835e-06 4 2154.43 0.000927965 -0
2.43835e-06 4 3340.48 0.000550324 -0
2.43835e-06 4 5179.47 0.000328015 -0
2.43835e-06 4 8030.86 0.000195286 -0
2.43835e-06 4 12452 0.00011393 -0
2.43835e-06 4 19307 6.50543e-05 -0
2.43835e-06 4 29935.8 3.64123e-05 -0
2.43835e-06 4 46415.9 1.98912e-05 -0
2.43835e-06 4 71968.6 1.05947e-05 -0
2.43835e-06 4 111588 5.49211e-06 -0
2.43835e-06 4 173020 2.70699e-06 -0
2.43835e-06 4 268270 1.29288e-06 -0
2.43835e-06 4 415956 5.878e-07 -0
2.43835e-06 4 644947 2.42135e-07 -0
2.43835e-06 4 1e+06 7.59621e-08 -0

5.94557e-06 4 1e-06 3123.74 -0
5.94557e-06 4 1.55052e-06 3123.74 -0
5.94557e-06 4 2.4041e-06 3123.74 -0
5.94557e-06 4 3.72759e-06 3123.73 -0
5.94557e-06 4 5.77969e-06 3123.73 -0
5.94557e-06 4 8.96151e-06 3123.73 -0
5.94557e-06 4 1.3895e-05 3123.72 -0
5.94557e-06 4 2.15443e-05 3123.72 -0
5.94557e-06 4 3.34048e-05 3123.7 -0
5.94557e-06 4 5.17947e-05 3123.69 -0
5.94557e-06 4 8.03086e-05 3123.66 -0
5.94557e-06 4 0.00012452 3123.61 -0
5.94557e-06 4 0.00019307 3123.54 -0
5.94557e-06 4 0.000299358 3123.44 -0
5.94557e-06 4 0.000464159 3123.27 -0
5.94557e-06 4 0.000719686 3123.01 -0
5.94557e-06 4 0.00111588 3122.61 -0
5.94557e-06 4 0.0017302 3121.97 -0
5.94557e-06 4 0.0026827 3120.97 -0
5.94557e-06 4 0.00415956 3119.36 -0
5.94557e-06 4 0.00644947 3116.75 -0
5.94557e-06 4 0.01 3112.44 -0
5.94557e-06 4 0.0155052 3105.14 -0
5.94557e-06 4 0.024041 3092.39 -0
5.94557e-06 4 0.0372759 3069.45 -0
5.94557e-06 4 0.0577969 3027.14 -0
5.94557e-06 4 0.0896151 2948.27 -0
5.94557e-06 4 0.13895 2802.93 -0
5.94557e-06 4 0.215443 2546.75 -0
5.94557e-06 4 0.334048 2132.93 -0
5.94557e-06 4 0.517947 1554.03 -0
5.94557e-06 4 0.803086 905.49 -0
5.94557e-06 4 1.2452 382.219 -0
5.94557e-06 4 1.9307 109.92 -0
5.94557e-06 4 2.99358 24.2862 -0
5.94557e-06 4 4.64159 6.2487 -0
5.94557e-06 4 7.19686 1.85228 -0
5.94557e-06 4 11.1588 0.85045 -0
5.94557e-06 4 17.302 0.289429 -0
5.94557e-06 4 26.827 0.104248 -0
5.94557e-06 4 41.5956 0.0516944 -0
5.94557e-06 4 64.4947 0.0277024 -0
5.94557e-06 4 100 0.0152127 -0
5.94557e-06 4 155.052 0.0088351 -0
5.94557e-06 4 240.41 0.00520054 -0
5.94557e-06 4 372.759 0.0030073 -0
5.94557e-06 4 577.969 0.00178006 -0
5.94557e-06 4 896.151 0.00108307 -0
5.94557e-06 4 1389.5 0.000645139 -0
5.94557e-06 4 2154.43 0.000380571 -0
5.94557e-06 4 3340.48 0.000225695 -0
5.94557e-06 4 5179.47 0.000134523 -0
5.94557e-06 4 8030.86 8.00895e-05 -0
5.94557e-06 4 12452 4.67242e-05 -0
5.94557e-06 4 19307 2.66796e-05 -0
5.94557e-06 4 29935.8 1.49331e-05 -0
5.94557e-06 4 46415.9 8.15762e-06 -0
5.94557e-06 4 71968.6 4.34504e-06 -0
5.94557e-06 4 111588 2.25238e-06 -0
5.94557e-06 4 173020 1.11017e-06 -0
5.94557e-06 4 268270 5.30228e-07 -0
5.94557e-06 4 415956 2.41064e-07 -0
5.94557e-06 4 644947 9.93028e-08 -0
5.94557e-06 4 1e+06 3.1153e-08 -0

1.44974e-05 4 1e-06 1281.31 -0
1.44974e-05 4 1.55052e-06 1281.31 -0
1.44974e-05 4 2.4041e-06 1281.31 -0
1.44974e-05 4 3.72759e-06 1281.31 -0
1.44974e-05 4 5.77969e-06 1281.31 -0
1.44974e-05 4 8.96151e-06 1281.31 -0
1.44974e-05 4 1.3895e-05 1281.3 -0
1.44974e-05 4 2.15443e-05 1281.3 -0
1.44974e-05 4 3.34048e-05 1281.3 -0
1.44974e-05 4 5.17947e-05 1281.29 -0
1.44974e-05 4 8.03086e-05 1281.28 -0
1.44974e-05 4 0.00012452 1281.26 -0
1.44974e-05 4 0.00019307 1281.23 -0
1.44974e-05 4 0.000299358 1281.19 -0
1.44974e-05 4 0.000464159 1281.12 -0
1.44974e-05 4 0.000719686 1281.01 -0
1.44974e-05 4 0.00111588 1280.85 -0
1.44974e-05 4 0.0017302 1280.59 -0
1.44974e-05 4 0.0026827 1280.17 -0
1.44974e-05 4 0.00415956 1279.51 -0
1.44974e-05 4 0.00644947 1278.44 -0
1.44974e-05 4 0.01 1276.68 -0
1.44974e-05 4 0.0155052 1273.68 -0
1.44974e-05 4 0.024041 1268.45 -0
1.44974e-05 4 0.0372759 1259.03 -0
1.44974e-05 4 0.0577969 1241.68 -0
1.44974e-05 4 0.0896151 1209.32 -0
1.44974e-05 4 0.13895 1149.7 -0
1.44974e-05 4 0.215443 1044.62 -0
1.44974e-05 4 0.334048 874.875 -0
1.44974e-05 4 0.517947 637.426 -0
1.44974e-05 4 0.803086 371.41 -0
1.44974e-05 4 1.2452 156.777 -0
1.44974e-05 4 1.9307 45.0865 -0
1.44974e-05 4 2.99358 9.96158 -0
1.44974e-05 4 4.64159 2.56298 -0
1.44974e-05 4 7.19686 0.759733 -0
1.44974e-05 4 11.1588 0.348814 -0
1.44974e-05 4 17.302 0.118712 -0
1.44974e-05 4 26.827 0.0427587 -0
1.44974e-05 4 41.5956 0.0212026 -0
1.44974e-05 4 64.4947 0.0113619 -0
1.44974e-05 4 100 0.00623922 -0
1.44974e-05 4 155.052 0.00362351 -0
1.44974e-05 4 240.41 0.00213286 -0
1.44974e-05 4 372.759 0.00123335 -0
1.44974e-05 4 577.969 0.000730033 -0
1.44974e-05 4 896.151 0.000444184 -0
1.44974e-05 4 1389.5 0.000264581 -0
1.44974e-05 4 2154.43 0.000156077 -0
1.44974e-05 4 3340.48 9.25606e-05 -0
1.44974e-05 4 5179.47 5.51698e-05 -0
1.44974e-05 4 8030.86 3.28457e-05 -0
1.44974e-05 4 12452 1.91622e-05 -0
1.44974e-05 4 19307 1.09416e-05 -0
1.44974e-05 4 29935.8 6.12427e-06 -0
1.44974e-05 4 46415.9 3.34555e-06 -0
1.44974e-05 4 71968.6 1.78196e-06 -0
1.44974e-05 4 111588 9.23731e-07 -0
1.44974e-05 4 173020 4.55295e-07 -0
1.44974e-05 4 268270 2.17453e-07 -0
1.44974e-05 4 415956 9.88634e-08 -0
1.44974e-05 4 644947 4.07253e-08 -0
1.44974e-05 4 1e+06 1.27762e-08 -0

3.53498e-05 4 1e-06 525.708 -0
3.53498e-05 4 1.55052e-06 525.707 -0
3.53498e-05 4 2.4041e-06 525.707 -0
3.53498e-05 4 3.72759e-06 525.707 -0
3.53498e-05 4 5.77969e-06 525.707 -0
3.53498e-05 4 8.96151e-06 525.706 -0
3.53498e-05 4 1.3895e-05 525.705 -0
3.53498e-05 4 2.15443e-05 525.704 -0
3.53498e-05 4 3.34048e-05 525.702 -0
3.53498e-05 4 5.17947e-05 525.699 -0
3.53498e-05 4 8.03086e-05 525.694 -0
3.53498e-05 4 0.00012452 525.687 -0
3.53498e-05 4 0.00019307 525.675 -0
3.53498e-05 4 0.000299358 525.657 -0
3.53498e-05 4 0.000464159 525.629 -0
3.53498e-05 4 0.000719686 525.586 -0
3.53498e-05 4 0.00111588 525.517 -0
3.53498e-05 4 0.0017302 525.41 -0
3.53498e-05 4 0.0026827 525.241 -0
3.53498e-05 4 0.00415956 524.969 -0
3.53498e-05 4 0.00644947 524.53 -0
3.53498e-05 4 0.01 523.804 -0
3.53498e-05 4 0.0155052 522.573 -0
3.53498e-05 4 0.024041 520.424 -0
3.53498e-05 4 0.0372759 516.56 -0
3.53498e-05 4 0.0577969 509.436 -0
3.53498e-05 4 0.0896151 496.157 -0
3.53498e-05 4 0.13895 471.692 -0
3.53498e-05 4 0.215443 428.575 -0
3.53498e-05 4 0.334048 358.932 -0
3.53498e-05 4 0.517947 261.513 -0
3.53498e-05 4 0.803086 152.376 -0
3.53498e-05 4 1.2452 64.3207 -0
3.53498e-05 4 1.9307 18.4977 -0
3.53498e-05 4 2.99358 4.08686 -0
3.53498e-05 4 4.64159 1.05142 -0
3.53498e-05 4 7.19686 0.311664 -0
3.53498e-05 4 11.1588 0.143087 -0
3.53498e-05 4 17.302 0.0486984 -0
3.53498e-05 4 26.827 0.017541 -0
3.53498e-05 4 41.5956 0.00869746 -0
3.53498e-05 4 64.4947 0.00466045 -0
3.53498e-05 4 100 0.00255909 -0
3.53498e-05 4 155.052 0.00148617 -0
3.53498e-05 4 240.41 0.000874759 -0
3.53498e-05 4 372.759 0.000505832 -0
3.53498e-05 4 577.969 0.000299403 -0
3.53498e-05 4 896.151 0.000182169 -0
3.53498e-05 4 1389.5 0.000108509 -0
3.53498e-05 4 2154.43 6.40097e-05 -0
3.53498e-05 4 3340.48 3.79605e-05 -0
3.53498e-05 4 5179.47 2.26259e-05 -0
3.53498e-05 4 8030.86 1.34705e-05 -0
3.53498e-05 4 12452 7.85867e-06 -0
3.53498e-05 4 19307 4.48731e-06 -0
3.53498e-05 4 29935.8 2.51164e-06 -0
3.53498e-05 4 46415.9 1.37205e-06 -0
3.53498e-05 4 71968.6 7.30803e-07 -0
3.53498e-05 4 111588 3.78834e-07 -0
3.53498e-05 4 173020 1.86722e-07 -0
3.53498e-05 4 268270 8.91803e-08 -0
3.53498e-05 4 415956 4.05452e-08 -0
3.53498e-05 4 644947 1.6702e-08 -0
3.53498e-05 4 1e+06 5.2397e-09 -0

8.61954e-05 4 1e-06 215.825 -0
8.61954e-05 4 1.55052e-06 215.825 -0
8.61954e-05 4 2.4041e-06 215.825 -0
8.61954e-05 4 3.72759e-06 215.825 -0
8.61954e-05 4 5.77969e-06 215.825 -0
8.61954e-05 4 8.96151e-06 215.825 -0
8.61954e-05 4 1.3895e-05 215.824 -0
8.61954e-05 4 2.15443e-05 215.824 -0
8.61954e-05 4 3.34048e-05 215.823 -0
8.61954e-05 4 5.17947e-05 215.822 -0
8.61954e-05 4 8.03086e-05 215.82 -0
8.61954e-05 4 0.00012452 215.817 -0
8.61954e-05 4 0.00019307 215.812 -0
8.61954e-05 4 0.000299358 215.805 -0
8.61954e-05 4 0.000464159 215.793 -0
8.61954e-05 4 0.000719686 215.775 -0
8.61954e-05 4 0.00111588 215.747 -0
8.61954e-05 4 0.0017302 215.703 -0
8.61954e-05 4 0.0026827 215.633 -0
8.61954e-05 4 0.00415956 215.521 -0
8.61954e-05 4 0.00644947 215.34 -0
8.61954e-05 4 0.01 215.041 -0
8.61954e-05 4 0.0155052 214.535 -0
8.61954e-05 4 0.024041 213.651 -0
8.61954e-05 4 0.0372759 212.062 -0
8.61954e-05 4 0.0577969 209.134 -0
8.61954e-05 4 0.0896151 203.679 -0
8.61954e-05 4 0.13895 193.631 -0
8.61954e-05 4 0.215443 175.928 -0
8.61954e-05 4 0.334048 147.337 -0
8.61954e-05 4 0.517947 107.347 -0
8.61954e-05 4 0.803086 62.5482 -0
8.61954e-05 4 1.2452 26.403 -0
8.61954e-05 4 1.9307 7.59327 -0
8.61954e-05 4 2.99358 1.67757 -0
8.61954e-05 4 4.64159 0.431511 -0
8.61954e-05 4 7.19686 0.127906 -0
8.61954e-05 4 11.1588 0.0587159 -0
8.61954e-05 4 17.302 0.0199851 -0
8.61954e-05 4 26.827 0.00719898 -0
8.61954e-05 4 41.5956 0.00356896 -0
8.61954e-05 4 64.4947 0.0019121 -0
8.61954e-05 4 100 0.00104983 -0
8.61954e-05 4 155.052 0.000609619 -0
8.61954e-05 4 240.41 0.000358798 -0
8.61954e-05 4 372.759 0.000207467 -0
8.61954e-05 4 577.969 0.000122797 -0
8.61954e-05 4 896.151 7.47127e-05 -0
8.61954e-05 4 1389.5 4.45022e-05 -0
8.61954e-05 4 2154.43 2.62517e-05 -0
8.61954e-05 4 3340.48 1.55683e-05 -0
8.61954e-05 4 5179.47 9.27924e-06 -0
8.61954e-05 4 8030.86 5.52445e-06 -0
8.61954e-05 4 12452 3.22295e-06 -0
8.61954e-05 4 19307 1.84031e-06 -0
8.61954e-05 4 29935.8 1.03006e-06 -0
8.61954e-05 4 46415.9 5.62696e-07 -0
8.61954e-05 4 71968.6 2.99712e-07 -0
8.61954e-05 4 111588 1.55365e-07 -0
8.61954e-05 4 173020 7.65772e-08 -0
8.61954e-05 4 268270 3.6574e-08 -0
8.61954e-05 4 415956 1.66281e-08 -0
8.61954e-05 4 644947 6.8497e-09 -0
8.61954e-05 4 1e+06 2.14887e-09 -0

0.000210175 4 1e-06 88.7387 -0
0.000210175 4 1.55052e-06 88.7387 -0
0.000210175 4 2.4041e-06 88.7387 -0
0.000210175 4 3.72759e-06 88.7386 -0
0.000210175 4 5.77969e-06 88.7386 -0
0.000210175 4 8.96151e-06 88.7385 -0
0.000210175 4 1.3895e-05 88.7384 -0
0.000210175 4 2.15443e-05 88.7381 -0
0.000210175 4 3.34048e-05 88.7378 -0
0.000210175 4 5.17947e-05 88.7373 -0
0.000210175 4 8.03086e-05 88.7364 -0
0.000210175 4 0.00012452 88.7352 -0
0.000210175 4 0.00019307 88.7332 -0
0.000210175 4 0.000299358 88.7301 -0
0.000210175 4 0.000464159 88.7253 -0
0.000210175 4 0.000719686 88.7179 -0
0.000210175 4 0.00111588 88.7062 -0
0.000210175 4 0.0017302 88.6879 -0
0.000210175 4 0.0026827 88.659 -0
0.000210175 4 0.00415956 88.6127 -0
0.000210175 4 0.00644947 88.5378 -0
0.000210175 4 0.01 88.4141 -0
0.000210175 4 0.0155052 88.2046 -0
0.000210175 4 0.024041 87.8395 -0
0.000210175 4 0.0372759 87.1838 -0
0.000210175 4 0.0577969 85.9768 -0
0.000210175 4 0.0896151 83.7299 -0
0.000210175 4 0.13895 79.5951 -0
0.000210175 4 0.215443 72.3136 -0
0.000210175 4 0.334048 60.5589 -0
0.000210175 4 0.517947 44.1212 -0
0.000210175 4 0.803086 25.7085 -0
0.000210175 4 1.2452 10.8525 -0
0.000210175 4 1.9307 3.12122 -0
0.000210175 4 2.99358 0.689487 -0
0.000210175 4 4.64159 0.177278 -0
0.000210175 4 7.19686 0.052544 -0
0.000210175 4 11.1588 0.0241141 -0
0.000210175 4 17.302 0.00820938 -0
0.000210175 4 26.827 0.00295756 -0
0.000210175 4 41.5956 0.00146569 -0
0.000210175 4 64.4947 0.000784966 -0
0.000210175 4 100 0.000430857 -0
0.000210175 4 155.052 0.000250134 -0
0.000210175 4 240.41 0.000147196 -0
0.000210175 4 372.759 8.51039e-05 -0
0.000210175 4 577.969 5.0368e-05 -0
0.000210175 4 896.151 3.06436e-05 -0
0.000210175 4 1389.5 1.82521e-05 -0
0.000210175 4 2154.43 1.07666e-05 -0
0.000210175 4 3340.48 6.38493e-06 -0
0.000210175 4 5179.47 3.80561e-06 -0
0.000210175 4 8030.86 2.26568e-06 -0
0.000210175 4 12452 1.32179e-06 -0
0.000210175 4 19307 7.54738e-07 -0
0.000210175 4 29935.8 4.22441e-07 -0
0.000210175 4 46415.9 2.30769e-07 -0
0.000210175 4 71968.6 1.22916e-07 -0
0.000210175 4 111588 6.37171e-08 -0
0.000210175 4 173020 3.14053e-08 -0
0.000210175 4 268270 1.49995e-08 -0
0.000210175 4 415956 6.81939e-09 -0
0.000210175 4 644947 2.80915e-09 -0
0.000210175 4 1e+06 8.81278e-10 -0

0.000512481 4 1e-06 36.6188 -0
0.000512481 4 1.55052e-06 36.6188 -0
0.000512481 4 2.4041e-06 36.6188 -0
0.000512481 4 3.72759e-06 36.6188 -0
0.000512481 4 5.77969e-06 36.6188 -0
0.000512481 4 8.96151e-06 36.6187 -0
0.000512481 4 1.3895e-05 36.6187 -0
0.000512481 4 2.15443e-05 36.6186 -0
0.000512481 4 3.34048e-05 36.6185 -0
0.000512481 4 5.17947e-05 36.6182 -0
0.000512481 4 8.03086e-05 36.6179 -0
0.000512481 4 0.00012452 36.6174 -0
0.000512481 4 0.00019307 36.6165 -0
0.000512481 4 0.000299358 36.6152 -0
0.000512481 4 0.000464159 36.6132 -0
0.000512481 4 0.000719686 36.6101 -0
0.000512481 4 0.00111588 36.6052 -0
0.000512481 4 0.0017302 36.5975 -0
0.000512481 4 0.0026827 36.5853 -0
0.000512481 4 0.00415956 36.5659 -0
0.000512481 4 0.00644947 36.5344 -0
0.000512481 4 0.01 36.4826 -0
0.000512481 4 0.0155052 36.3949 -0
0.000512481 4 0.024041 36.2425 -0
0.000512481 4 0.0372759 35.9696 -0
0.000512481 4 0.0577969 35.4683 -0
0.000512481 4 0.0896151 34.5373 -0
0.000512481 4 0.13895 32.8273 -0
0.000512481 4 0.215443 29.8202 -0
0.000512481 4 0.334048 24.9702 -0
0.000512481 4 0.517947 18.1915 -0
0.000512481 4 0.803086 10.6 -0
0.000512481 4 1.2452 4.47508 -0
0.000512481 4 1.9307 1.28718 -0
0.000512481 4 2.99358 0.284262 -0
0.000512481 4 4.64159 0.0730137 -0
0.000512481 4 7.19686 0.0216372 -0
0.000512481 4 11.1588 0.00992346 -0
0.000512481 4 17.302 0.00338001 -0
0.000512481 4 26.827 0.0012181 -0
0.000512481 4 41.5956 0.000603117 -0
0.000512481 4 64.4947 0.000322714 -0
0.000512481 4 100 0.00017701 -0
0.000512481 4 155.052 0.000102705 -0
0.000512481 4 240.41 6.04148e-05 -0
0.000512481 4 372.759 3.49212e-05 -0
0.000512481 4 577.969 2.06641e-05 -0
0.000512481 4 896.151 1.25703e-05 -0
0.000512481 4 1389.5 7.4866e-06 -0
0.000512481 4 2154.43 4.416e-06 -0
0.000512481 4 3340.48 2.61873e-06 -0
0.000512481 4 5179.47 1.5608e-06 -0
0.000512481 4 8030.86 9.29211e-07 -0
0.000512481 4 12452 5.42092e-07 -0
0.000512481 4 19307 3.09532e-07 -0
0.000512481 4 29935.8 1.7325e-07 -0
0.000512481 4 46415.9 9.4642e-08 -0
0.000512481 4 71968.6 5.04095e-08 -0
0.000512481 4 111588 2.61313e-08 -0
0.000512481 4 173020 1.28797e-08 -0
0.000512481 4 268270 6.15147e-09 -0
0.000512481 4 415956 2.79672e-09 -0
0.000512481 4 644947 1.15207e-09 -0
0.000512481 4 1e+06 3.61424e-10 -0

0.00124961 4 1e-06 15.2437 -0
0.00124961 4 1.55052e-06 15.2437 -0
0.00124961 4 2.4041e-06 15.2437 -0
0.00124961 4 3.72759e-06 15.2437 -0
0.00124961 4 5.77969e-06 15.2437 -0
0.00124961 4 8.96151e-06 15.2437 -0
0.00124961 4 1.3895e-05 15.2437 -0
0.00124961 4 2.15443e-05 15.2436 -0
0.00124961 4 3.34048e-05 15.2436 -0
0.00124961 4 5.17947e-05 15.2435 -0
0.00124961 4 8.03086e-05 15.2433 -0
0.00124961 4 0.00012452 15.2431 -0
0.00124961 4 0.00019307 15.2427 -0
0.00124961 4 0.000299358 15.2422 -0
0.00124961 4 0.000464159 15.2413 -0
0.00124961 4 0.000719686 15.2399 -0
0.00124961 4 0.00111588 15.2378 -0
0.00124961 4 0.0017302 15.2344 -0
0.00124961 4 0.0026827 15.2291 -0
0.00124961 4 0.00415956 15.2207 -0
0.00124961 4 0.00644947 15.2071 -0
0.00124961 4 0.01 15.1847 -0
0.00124961 4 0.0155052 15.147 -0
0.00124961 4 0.024041 15.0819 -0
0.00124961 4 0.0372759 14.9659 -0
0.00124961 4 0.0577969 14.754 -0
0.00124961 4 0.0896151 14.3627 -0
0.00124961 4 0.13895 13.6472 -0
0.00124961 4 0.215443 12.393 -0
0.00124961 4 0.334048 10.3748 -0
0.00124961 4 0.517947 7.55741 -0
0.00124961 4 0.803086 4.40385 -0
0.00124961 4 1.2452 1.8596 -0
0.00124961 4 1.9307 0.535013 -0
0.00124961 4 2.99358 0.118073 -0
0.00124961 4 4.64159 0.0302536 -0
0.00124961 4 7.19686 0.00896189 -0
0.00124961 4 11.1588 0.0041037 -0
0.00124961 4 17.302 0.00139943 -0
0.00124961 4 26.827 0.000504729 -0
0.00124961 4 41.5956 0.000249364 -0
0.00124961 4 64.4947 0.000133139 -0
0.00124961 4 100 7.29036e-05 -0
0.00124961 4 155.052 4.22424e-05 -0
0.00124961 4 240.41 2.48249e-05 -0
0.00124961 4 372.759 1.43406e-05 -0
0.00124961 4 577.969 8.48212e-06 -0
0.00124961 4 896.151 5.15823e-06 -0
0.00124961 4 1389.5 3.07154e-06 -0
0.00124961 4 2154.43 1.81153e-06 -0
0.00124961 4 3340.48 1.07416e-06 -0
0.00124961 4 5179.47 6.4018e-07 -0
0.00124961 4 8030.86 3.81111e-07 -0
0.00124961 4 12452 2.2233e-07 -0
0.00124961 4 19307 1.26947e-07 -0
0.00124961 4 29935.8 7.10537e-08 -0
0.00124961 4 46415.9 3.88144e-08 -0
0.00124961 4 71968.6 2.06738e-08 -0
0.00124961 4 111588 1.07168e-08 -0
0.00124961 4 173020 5.28216e-09 -0
0.00124961 4 268270 2.5228e-09 -0
0.00124961 4 415956 1.14697e-09 -0
0.00124961 4 644947 4.72478e-10 -0
0.00124961 4 1e+06 1.48225e-10 -0

0.00304699 4 1e-06 6.47733 -0
0.00304699 4 1.55052e-06 6.47732 -0
0.00304699 4 2.4041e-06 6.47732 -0
0.00304699 4 3.72759e-06 6.47732 -0
0.00304699 4 5.77969e-06 6.47731 -0
0.00304699 4 8.96151e-06 6.47731 -0
0.00304699 4 1.3895e-05 6.47729 -0
0.00304699 4 2.15443e-05 6.47727 -0
0.00304699 4 3.34048e-05 6.47725 -0
0.00304699 4 5.17947e-05 6.4772 -0
0.00304699 4 8.03086e-05 6.47713 -0
0.00304699 4 0.00012452 6.47702 -0
0.00304699 4 0.00019307 6.47685 -0
0.00304699 4 0.000299358 6.47658 -0
0.00304699 4 0.000464159 6.47617 -0
0.00304699 4 0.000719686 6.47553 -0
0.00304699 4 0.00111588 6.47453 -0
0.00304699 4 0.0017302 6.47296 -0
0.00304699 4 0.0026827 6.47049 -0
0.00304699 4 0.00415956 6.46657 -0
0.00304699 4 0.00644947 6.46027 -0
0.00304699 4 0.01 6.44998 -0
0.00304699 4 0.0155052 6.43282 -0
0.00304699 4 0.024041 6.40345 -0
0.00304699 4 0.0372759 6.35178 -0
0.00304699 4 0.0577969 6.25867 -0
0.00304699 4 0.0896151 6.08869 -0
0.00304699 4 0.13895 5.78099 -0
0.00304699 4 0.215443 5.24579 -0
0.00304699 4 0.334048 4.38888 -0
0.00304699 4 0.517947 3.19614 -0
0.00304699 4 0.803086 1.86266 -0
0.00304699 4 1.2452 0.786933 -0
0.00304699 4 1.9307 0.226535 -0
0.00304699 4 2.99358 0.0499164 -0
0.00304699 4 4.64159 0.0127169 -0
0.00304699 4 7.19686 0.00376355 -0
0.00304699 4 11.1588 0.00171693 -0
0.00304699 4 17.302 0.000587161 -0
0.00304699 4 26.827 0.000212163 -0
0.00304699 4 41.5956 0.000104285 -0
0.00304699 4 64.4947 5.53912e-05 -0
0.00304699 4 100 3.02083e-05 -0
0.00304699 4 155.052 1.74459e-05 -0
0.00304699 4 240.41 1.0229e-05 -0
0.00304699 4 372.759 5.90024e-06 -0
0.00304699 4 577.969 3.48614e-06 -0
0.00304699 4 896.151 2.11844e-06 -0
0.00304699 4 1389.5 1.26086e-06 -0
0.00304699 4 2154.43 7.43403e-07 -0
0.00304699 4 3340.48 4.40715e-07 -0
0.00304699 4 5179.47 2.6262e-07 -0
0.00304699 4 8030.86 1.56328e-07 -0
0.00304699 4 12452 9.11918e-08 -0
0.00304699 4 19307 5.2067e-08 -0
0.00304699 4 29935.8 2.91416e-08 -0
0.00304699 4 46415.9 1.59188e-08 -0
0.00304699 4 71968.6 8.47875e-09 -0
0.00304699 4 111588 4.39516e-09 -0
0.00304699 4 173020 2.1663e-09 -0
0.00304699 4 268270 1.03464e-09 -0
0.00304699 4 415956 4.70389e-10 -0
0.00304699 4 644947 1.9377e-10 -0
0.00304699 4 1e+06 6.07889e-11 -0

0.00742964 4 1e-06 2.88161 -0
0.00742964 4 1.55052e-06 2.88161 -0
0.00742964 4 2.4041e-06 2.88161 -0
0.00742964 4 3.72759e-06 2.8816 -0
0.00742964 4 5.77969e-06 2.8816 -0
0.00742964 4 8.96151e-06 2.8816 -0
0.00742964 4 1.3895e-05 2.88159 -0
0.00742964 4 2.15443e-05 2.88158 -0
0.00742964 4 3.34048e-05 2.88156 -0
0.00742964 4 5.17947e-05 2.88154 -0
0.00742964 4 8.03086e-05 2.8815 -0
0.00742964 4 0.00012452 2.88144 -0
0.00742964 4 0.00019307 2.88135 -0
0.00742964 4 0.000299358 2.88121 -0
0.00742964 4 0.000464159 2.88099 -0
0.00742964 4 0.000719686 2.88065 -0
0.00742964 4 0.00111588 2.88011 -0
0.00742964 4 0.0017302 2.87928 -0
0.00742964 4 0.0026827 2.87796 -0
0.00742964 4 0.00415956 2.87589 -0
0.00742964 4 0.00644947 2.87259 -0
0.00742964 4 0.01 2.86726 -0
0.00742964 4 0.0155052 2.85851 -0
0.00742964 4 0.024041 2.84382 -0
0.00742964 4 0.0372759 2.81857 -0
0.00742964 4 0.0577969 2.77415 -0
0.00742964 4 0.0896151 2.69497 -0
0.00742964 4 0.13895 2.55457 -0
0.00742964 4 0.215443 2.31426 -0
0.00742964 4 0.334048 1.9337 -0
0.00742964 4 0.517947 1.40731 -0
0.00742964 4 0.803086 0.82037 -0
0.00742964 4 1.2452 0.346971 -0
0.00742964 4 1.9307 0.100011 -0
0.00742964 4 2.99358 0.0219619 -0
0.00742964 4 4.64159 0.00552451 -0
0.00742964 4 7.19686 0.00163156 -0
0.00742964 4 11.1588 0.000738054 -0
0.00742964 4 17.302 0.000254029 -0
0.00742964 4 26.827 9.21742e-05 -0
0.00742964 4 41.5956 4.47843e-05 -0
0.00742964 4 64.4947 2.35053e-05 -0
0.00742964 4 100 1.26982e-05 -0
0.00742964 4 155.052 7.27646e-06 -0
0.00742964 4 240.41 4.24303e-06 -0
0.00742964 4 372.759 2.43873e-06 -0
0.00742964 4 577.969 1.43722e-06 -0
0.00742964 4 896.151 8.7178e-07 -0
0.00742964 4 1389.5 5.1828e-07 -0
0.00742964 4 2154.43 3.0535e-07 -0
0.00742964 4 3340.48 1.8093e-07 -0
0.00742964 4 5179.47 1.07778e-07 -0
0.00742964 4 8030.86 6.41411e-08 -0
0.00742964 4 12452 3.74103e-08 -0
0.00742964 4 19307 2.13576e-08 -0
0.00742964 4 29935.8 1.19529e-08 -0
0.00742964 4 46415.9 6.52907e-09 -0
0.00742964 4 71968.6 3.47743e-09 -0
0.00742964 4 111588 1.80257e-09 -0
0.00742964 4 173020 8.88443e-10 -0
0.00742964 4 268270 4.24323e-10 -0
0.00742964 4 415956 1.92914e-10 -0
0.00742964 4 644947 7.94678e-11 -0
0.00742964 4 1e+06 2.49304e-11 -0

0.0181161 4 1e-06 1.40574 -0
0.0181161 4 1.55052e-06 1.40574 -0
0.0181161 4 2.4041e-06 1.40574 -0
0.0181161 4 3.72759e-06 1.40574 -0
0.0181161 4 5.77969e-06 1.40574 -0
0.0181161 4 8.96151e-06 1.40573 -0
0.0181161 4 1.3895e-05 1.40573 -0
0.0181161 4 2.15443e-05 1.40572 -0
0.0181161 4 3.34048e-05 1.40571 -0
0.0181161 4 5.17947e-05 1.4057 -0
0.0181161 4 8.03086e-05 1.40567 -0
0.0181161 4 0.00012452 1.40563 -0
0.0181161 4 0.00019307 1.40558 -0
0.0181161 4 0.000299358 1.40548 -0
0.0181161 4 0.000464159 1.40534 -0
0.0181161 4 0.000719686 1.40512 -0
0.0181161 4 0.00111588 1.40478 -0
0.0181161 4 0.0017302 1.40424 -0
0.0181161 4 0.0026827 1.40341 -0
0.0181161 4 0.00415956 1.4021 -0
0.0181161 4 0.00644947 1.40003 -0
0.0181161 4 0.01 1.39675 -0
0.0181161 4 0.0155052 1.39145 -0
0.0181161 4 0.024041 1.3828 -0
0.0181161 4 0.0372759 1.3684 -0
0.0181161 4 0.0577969 1.34399 -0
0.0181161 4 0.0896151 1.3021 -0
0.0181161 4 0.13895 1.23039 -0
0.0181161 4 0.215443 1.11113 -0
0.0181161 4 0.334048 0.926078 -0
0.0181161 4 0.517947 0.673177 -0
0.0181161 4 0.803086 0.392619 -0
0.0181161 4 1.2452 0.166419 -0
0.0181161 4 1.9307 0.0480911 -0
0.0181161 4 2.99358 0.0104916 -0
0.0181161 4 4.64159 0.00257378 -0
0.0181161 4 7.19686 0.000756993 -0
0.0181161 4 11.1588 0.000336529 -0
0.0181161 4 17.302 0.00011738 -0
0.0181161 4 26.827 4.29553e-05 -0
0.0181161 4 41.5956 2.03787e-05 -0
0.0181161 4 64.4947 1.04271e-05 -0
0.0181161 4 100 5.5165e-06 -0
0.0181161 4 155.052 3.10561e-06 -0
0.0181161 4 240.41 1.788e-06 -0
0.0181161 4 372.759 1.01908e-06 -0
0.0181161 4 577.969 5.96922e-07 -0
0.0181161 4 896.151 3.60504e-07 -0
0.0181161 4 1389.5 2.13736e-07 -0
0.0181161 4 2154.43 1.25698e-07 -0
0.0181161 4 3340.48 7.43886e-08 -0
0.0181161 4 5179.47 4.42753e-08 -0
0.0181161 4 8030.86 2.63343e-08 -0
0.0181161 4 12452 1.53537e-08 -0
0.0181161 4 19307 8.76333e-09 -0
0.0181161 4 29935.8 4.90361e-09 -0
0.0181161 4 46415.9 2.67821e-09 -0
0.0181161 4 71968.6 1.42632e-09 -0
0.0181161 4 111588 7.39314e-10 -0
0.0181161 4 173020 3.64379e-10 -0
0.0181161 4 268270 1.74025e-10 -0
0.0181161 4 415956 7.91179e-11 -0
0.0181161 4 644947 3.25911e-11 -0
0.0181161 4 1e+06 1.02244e-11 -0

0.0441734 4 1e-06 0.797299 -0
0.0441734 4 1.55052e-06 0.797299 -0
0.0441734 4 2.4041e-06 0.797298 -0
0.0441734 4 3.72759e-06 0.797297 -0
0.0441734 4 5.77969e-06 0.797296 -0
0.0441734 4 8.96151e-06 0.797294 -0
0.0441734 4 1.3895e-05 0.79729 -0
0.0441734 4 2.15443e-05 0.797285 -0
0.0441734 4 3.34048e-05 0.797278 -0
0.0441734 4 5.17947e-05 0.797265 -0
0.0441734 4 8.03086e-05 0.797247 -0
0.0441734 4 0.00012452 0.797218 -0
0.0441734 4 0.00019307 0.797172 -0
0.0441734 4 0.000299358 0.797102 -0
0.0441734 4 0.000464159 0.796993 -0
0.0441734 4 0.000719686 0.796824 -0
0.0441734 4 0.00111588 0.796562 -0
0.0441734 4 0.0017302 0.796155 -0
0.0441734 4 0.0026827 0.79552 -0
0.0441734 4 0.00415956 0.79453 -0
0.0441734 4 0.00644947 0.792982 -0
0.0441734 4 0.01 0.790549 -0
0.0441734 4 0.0155052 0.786701 -0
0.0441734 4 0.024041 0.780565 -0
0.0441734 4 0.0372759 0.770675 -0
0.0441734 4 0.0577969 0.754562 -0
0.0441734 4 0.0896151 0.728102 -0
0.0441734 4 0.13895 0.68476 -0
0.0441734 4 0.215443 0.615428 -0
0.0441734 4 0.334048 0.510961 -0
0.0441734 4 0.517947 0.370735 -0
0.0441734 4 0.803086 0.216397 -0
0.0441734 4 1.2452 0.0920383 -0
0.0441734 4 1.9307 0.0267011 -0
0.0441734 4 2.99358 0.00576627 -0
0.0441734 4 4.64159 0.00135948 -0
0.0441734 4 7.19686 0.000397441 -0
0.0441734 4 11.1588 0.000171561 -0
0.0441734 4 17.302 6.12337e-05 -0
0.0441734 4 26.827 2.27305e-05 -0
0.0441734 4 41.5956 1.03543e-05 -0
0.0441734 4 64.4947 5.05746e-06 -0
0.0441734 4 100 2.56881e-06 -0
0.0441734 4 155.052 1.39414e-06 -0
0.0441734 4 240.41 7.80787e-07 -0
0.0441734 4 372.759 4.36716e-07 -0
0.0441734 4 577.969 2.52242e-07 -0
0.0441734 4 896.151 1.50798e-07 -0
0.0441734 4 1389.5 8.88287e-08 -0
0.0441734 4 2154.43 5.2017e-08 -0
0.0441734 4 3340.48 3.06931e-08 -0
0.0441734 4 5179.47 1.82313e-08 -0
0.0441734 4 8030.86 1.08289e-08 -0
0.0441734 4 12452 6.30799e-09 -0
0.0441734 4 19307 3.59821e-09 -0
0.0441734 4 29935.8 2.01259e-09 -0
0.0441734 4 46415.9 1.09891e-09 -0
0.0441734 4 71968.6 5.85133e-10 -0
0.0441734 4 111588 3.03259e-10 -0
0.0441734 4 173020 1.49454e-10 -0
0.0441734 4 268270 7.1375e-11 -0
0.0441734 4 415956 3.24486e-11 -0
0.0441734 4 644947 1.33664e-11 -0
0.0441734 4 1e+06 4.19325e-12 -0

0.107711 4 1e-06 0.541051 -0
0.107711 4 1.55052e-06 0.541051 -0
0.107711 4 2.4041e-06 0.54105 -0
0.107711 4 3.72759e-06 0.541049 -0
0.107711 4 5.77969e-06 0.541048 -0
0.107711 4 8.96151e-06 0.541046 -0
0.107711 4 1.3895e-05 0.541044 -0
0.107711 4 2.15443e-05 0.541039 -0
0.107711 4 3.34048e-05 0.541033 -0
0.107711 4 5.17947e-05 0.541022 -0
0.107711 4 8.03086e-05 0.541006 -0
0.107711 4 0.00012452 0.540981 -0
0.107711 4 0.00019307 0.540942 -0
0.107711 4 0.000299358 0.540882 -0
0.107711 4 0.000464159 0.540788 -0
0.107711 4 0.000719686 0.540643 -0
0.107711 4 0.00111588 0.540418 -0
0.107711 4 0.0017302 0.540068 -0
0.107711 4 0.0026827 0.539526 -0
0.107711 4 0.00415956 0.538682 -0
0.107711 4 0.00644947 0.537369 -0
0.107711 4 0.01 0.535322 -0
0.107711 4 0.0155052 0.532122 -0
0.107711 4 0.024041 0.527102 -0
0.107711 4 0.0372759 0.519191 -0
0.107711 4 0.0577969 0.506674 -0
0.107711 4 0.0896151 0.486832 -0
0.107711 4 0.13895 0.455552 -0
0.107711 4 0.215443 0.407317 -0
0.107711 4 0.334048 0.336765 -0
0.107711 4 0.517947 0.243875 -0
0.107711 4 0.803086 0.142534 -0
0.107711 4 1.2452 0.0609145 -0
0.107711 4 1.9307 0.0177784 -0
0.107711 4 2.99358 0.00380409 -0
0.107711 4 4.64159 0.000857957 -0
0.107711 4 7.19686 0.00024925 -0
0.107711 4 11.1588 0.000103635 -0
0.107711 4 17.302 3.8109e-05 -0
0.107711 4 26.827 1.44007e-05 -0
0.107711 4 41.5956 6.23005e-06 -0
0.107711 4 64.4947 2.8504e-06 -0
0.107711 4 100 1.35805e-06 -0
0.107711 4 155.052 6.91516e-07 -0
0.107711 4 240.41 3.67432e-07 -0
0.107711 4 372.759 1.97768e-07 -0
0.107711 4 577.969 1.10841e-07 -0
0.107711 4 896.151 6.47781e-08 -0
0.107711 4 1389.5 3.75958e-08 -0
0.107711 4 2154.43 2.17966e-08 -0
0.107711 4 3340.48 1.27719e-08 -0
0.107711 4 5179.47 7.54992e-09 -0
0.107711 4 8030.86 4.46982e-09 -0
0.107711 4 12452 2.59814e-09 -0
0.107711 4 19307 1.4799e-09 -0
0.107711 4 29935.8 8.26939e-10 -0
0.107711 4 46415.9 4.5122e-10 -0
0.107711 4 71968.6 2.4015e-10 -0
0.107711 4 111588 1.24427e-10 -0
0.107711 4 173020 6.13098e-11 -0
0.107711 4 268270 2.92767e-11 -0
0.107711 4 415956 1.3309e-11 -0
0.107711 4 644947 5.48212e-12 -0
0.107711 4 1e+06 1.71981e-12 -0

0.262636 4 1e-06 0.419497 -0
0.262636 4 1.55052e-06 0.419497 -0
0.262636 4 2.4041e-06 0.419496 -0
0.262636 4 3.72759e-06 0.419495 -0
0.262636 4 5.77969e-06 0.419494 -0
0.262636 4 8.96151e-06 0.419493 -0
0.262636 4 1.3895e-05 0.41949 -0
0.262636 4 2.15443e-05 0.419486 -0
0.262636 4 3.34048e-05 0.41948 -0
0.262636 4 5.17947e-05 0.419471 -0
0.262636 4 8.03086e-05 0.419457 -0
0.262636 4 0.00012452 0.419434 -0
0.262636 4 0.00019307 0.4194 -0
0.262636 4 0.000299358 0.419346 -0
0.262636 4 0.000464159 0.419262 -0
0.262636 4 0.000719686 0.419133 -0
0.262636 4 0.00111588 0.418932 -0
0.262636 4 0.0017302 0.418621 -0
0.262636 4 0.0026827 0.418138 -0
0.262636 4 0.00415956 0.417389 -0
0.262636 4 0.00644947 0.416226 -0
0.262636 4 0.01 0.41442 -0
0.262636 4 0.0155052 0.411612 -0
0.262636 4 0.024041 0.407245 -0
0.262636 4 0.0372759 0.400445 -0
0.262636 4 0.0577969 0.389856 -0
0.262636 4 0.0896151 0.373411 -0
0.262636 4 0.13895 0.348097 -0
0.262636 4 0.215443 0.310005 -0
0.262636 4 0.334048 0.255473 -0
0.262636 4 0.517947 0.184756 -0
0.262636 4 0.803086 0.10818 -0
0.262636 4 1.2452 0.0465085 -0
0.262636 4 1.9307 0.013684 -0
0.262636 4 2.99358 0.00291732 -0
0.262636 4 4.64159 0.00063792 -0
0.262636 4 7.19686 0.000185413 -0
0.262636 4 11.1588 7.47072e-05 -0
0.262636 4 17.302 2.82421e-05 -0
0.262636 4 26.827 1.08428e-05 -0
0.262636 4 41.5956 4.48465e-06 -0
0.262636 4 64.4947 1.92436e-06 -0
0.262636 4 100 8.53334e-07 -0
0.262636 4 155.052 4.00145e-07 -0
0.262636 4 240.41 1.96636e-07 -0
0.262636 4 372.759 9.92671e-08 -0
0.262636 4 577.969 5.26491e-08 -0
0.262636 4 896.151 2.94195e-08 -0
0.262636 4 1389.5 1.65523e-08 -0
0.262636 4 2154.43 9.38986e-09 -0
0.262636 4 3340.48 5.41707e-09 -0
0.262636 4 5179.47 3.16729e-09 -0
0.262636 4 8030.86 1.86105e-09 -0
0.262636 4 12452 1.07637e-09 -0
0.262636 4 19307 6.11037e-10 -0
0.262636 4 29935.8 3.40644e-10 -0
0.262636 4 46415.9 1.85578e-10 -0
0.262636 4 71968.6 9.86636e-11 -0
0.262636 4 111588 5.10842e-11 -0
0.262636 4 173020 2.51605e-11 -0
0.262636 4 268270 1.20115e-11 -0
0.262636 4 415956 5.45952e-12 -0
0.262636 4 644947 2.24865e-12 -0
0.262636 4 1e+06 7.05414e-13 -0

0.6404 4 1e-06 0.333305 -0
0.6404 4 1.55052e-06 0.333305 -0
0.6404 4 2.4041e-06 0.333305 -0
0.6404 4 3.72759e-06 0.333304 -0
0.6404 4 5.77969e-06 0.333303 -0
0.6404 4 8.96151e-06 0.333302 -0
0.6404 4 1.3895e-05 0.3333 -0
0.6404 4 2.15443e-05 0.333296 -0
0.6404 4 3.34048e-05 0.333291 -0
0.6404 4 5.17947e-05 0.333283 -0
0.6404 4 8.03086e-05 0.333271 -0
0.6404 4 0.00012452 0.333251 -0
0.6404 4 0.00019307 0.333222 -0
0.6404 4 0.000299358 0.333175 -0
0.6404 4 0.000464159 0.333103 -0
0.6404 4 0.000719686 0.332992 -0
0.6404 4 0.00111588 0.332819 -0
0.6404 4 0.0017302 0.332551 -0
0.6404 4 0.0026827 0.332135 -0
0.6404 4 0.00415956 0.331491 -0
0.6404 4 0.00644947 0.330492 -0
0.6404 4 0.01 0.328943 -0
0.6404 4 0.0155052 0.326542 -0
0.6404 4 0.024041 0.322823 -0
0.6404 4 0.0372759 0.317068 -0
0.6404 4 0.0577969 0.308182 -0
0.6404 4 0.0896151 0.294536 -0
0.6404 4 0.13895 0.273823 -0
0.6404 4 0.215443 0.243138 -0
0.6404 4 0.334048 0.199883 -0
0.6404 4 0.517947 0.144485 -0
0.6404 4 0.803086 0.0849162 -0
0.6404 4 1.2452 0.036885 -0
0.6404 4 1.9307 0.0110229 -0
0.6404 4 2.99358 0.00237237 -0
0.6404 4 4.64159 0.000516215 -0
0.6404 4 7.19686 0.000152307 -0
0.6404 4 11.1588 6.04092e-05 -0
0.6404 4 17.302 2.33198e-05 -0
0.6404 4 26.827 9.05992e-06 -0
0.6404 4 41.5956 3.64586e-06 -0
0.6404 4 64.4947 1.49717e-06 -0
0.6404 4 100 6.2788e-07 -0
0.6404 4 155.052 2.73395e-07 -0
0.6404 4 240.41 1.23724e-07 -0
0.6404 4 372.759 5.77342e-08 -0
0.6404 4 577.969 2.83316e-08 -0
0.6404 4 896.151 1.4738e-08 -0
0.6404 4 1389.5 7.84995e-09 -0
0.6404 4 2154.43 4.27292e-09 -0
0.6404 4 3340.48 2.38925e-09 -0
0.6404 4 5179.47 1.36535e-09 -0
0.6404 4 8030.86 7.89361e-10 -0
0.6404 4 12452 4.5157e-10 -0
0.6404 4 19307 2.54438e-10 -0
0.6404 4 29935.8 1.4111e-10 -0
0.6404 4 46415.9 7.66001e-11 -0
0.6404 4 71968.6 4.06267e-11 -0
0.6404 4 111588 2.10018e-11 -0
0.6404 4 173020 1.03341e-11 -0
0.6404 4 268270 4.93055e-12 -0
0.6404 4 415956 2.24028e-12 -0
0.6404 4 644947 9.22547e-13 -0
0.6404 4 1e+06 2.89393e-13 -0

1.56152 4 1e-06 0.225606 -0
1.56152 4 1.55052e-06 0.225606 -0
1.56152 4 2.4041e-06 0.225605 -0
1.56152 4 3.72759e-06 0.225605 -0
1.56152 4 5.77969e-06 0.225604 -0
1.56152 4 8.96151e-06 0.225603 -0
1.56152 4 1.3895e-05 0.225602 -0
1.56152 4 2.15443e-05 0.225599 -0
1.56152 4 3.34048e-05 0.225595 -0
1.56152 4 5.17947e-05 0.225589 -0
1.56152 4 8.03086e-05 0.22558 -0
1.56152 4 0.00012452 0.225565 -0
1.56152 4 0.00019307 0.225543 -0
1.56152 4 0.000299358 0.225508 -0
1.56152 4 0.000464159 0.225455 -0
1.56152 4 0.000719686 0.225371 -0
1.56152 4 0.00111588 0.225242 -0
1.56152 4 0.0017302 0.225042 -0
1.56152 4 0.0026827 0.224731 -0
1.56152 4 0.00415956 0.22425 -0
1.56152 4 0.00644947 0.223505 -0
1.56152 4 0.01 0.222353 -0
1.56152 4 0.0155052 0.220573 -0
1.56152 4 0.024041 0.217827 -0
1.56152 4 0.0372759 0.213607 -0
1.56152 4 0.0577969 0.207154 -0
1.56152 4 0.0896151 0.197378 -0
1.56152 4 0.13895 0.182798 -0
1.56152 4 0.215443 0.161655 -0
1.56152 4 0.334048 0.132519 -0
1.56152 4 0.517947 0.0959298 -0
1.56152 4 0.803086 0.0569873 -0
1.56152 4 1.2452 0.0254012 -0
1.56152 4 1.9307 0.00791141 -0
1.56152 4 2.99358 0.00177987 -0
1.56152 4 4.64159 0.000401991 -0
1.56152 4 7.19686 0.000123643 -0
1.56152 4 11.1588 4.92074e-05 -0
1.56152 4 17.302 1.93565e-05 -0
1.56152 4 26.827 7.60884e-06 -0
1.56152 4 41.5956 3.02985e-06 -0
1.56152 4 64.4947 1.21772e-06 -0
1.56152 4 100 4.9505e-07 -0
1.56152 4 155.052 2.05644e-07 -0
1.56152 4 240.41 8.76255e-08 -0
1.56152 4 372.759 3.82565e-08 -0
1.56152 4 577.969 1.73904e-08 -0
1.56152 4 896.151 8.33217e-09 -0
1.56152 4 1389.5 4.12797e-09 -0
1.56152 4 2154.43 2.11346e-09 -0
1.56152 4 3340.48 1.12325e-09 -0
1.56152 4 5179.47 6.16725e-10 -0
1.56152 4 8030.86 3.46058e-10 -0
1.56152 4 12452 1.93861e-10 -0
1.56152 4 19307 1.07635e-10 -0
1.56152 4 29935.8 5.90746e-11 -0
1.56152 4 46415.9 3.18359e-11 -0
1.56152 4 71968.6 1.68014e-11 -0
1.56152 4 111588 8.65719e-12 -0
1.56152 4 173020 4.25141e-12 -0
1.56152 4 268270 2.02592e-12 -0
1.56152 4 415956 9.19844e-13 -0
1.56152 4 644947 3.78645e-13 -0
1.56152 4 1e+06 1.18764e-13 -0

3.80755 4 1e-06 0.0868547 -0
3.80755 4 1.55052e-06 0.0868547 -0
3.80755 4 2.4041e-06 0.0868546 -0
3.80755 4 3.72759e-06 0.0868544 -0
3.80755 4 5.77969e-06 0.0868541 -0
3.80755 4 8.96151e-06 0.0868536 -0
3.80755 4 1.3895e-05 0.0868529 -0
3.80755 4 2.15443e-05 0.0868519 -0
3.80755 4 3.34048e-05 0.0868502 -0
3.80755 4 5.17947e-05 0.0868476 -0
3.80755 4 8.03086e-05 0.0868437 -0
3.80755 4 0.00012452 0.0868375 -0
3.80755 4 0.00019307 0.0868279 -0
3.80755 4 0.000299358 0.0868131 -0
3.80755 4 0.000464159 0.08679 -0
3.80755 4 0.000719686 0.0867544 -0
3.80755 4 0.00111588 0.0866991 -0
3.80755 4 0.0017302 0.0866134 -0
3.80755 4 0.0026827 0.0864808 -0
3.80755 4 0.00415956 0.0862755 -0
3.80755 4 0.00644947 0.0859581 -0
3.80755 4 0.01 0.0854682 -0
3.80755 4 0.0155052 0.0847139 -0
3.80755 4 0.024041 0.0835569 -0
3.80755 4 0.0372759 0.0817926 -0
3.80755 4 0.0577969 0.0791266 -0
3.80755 4 0.0896151 0.0751539 -0
3.80755 4 0.13895 0.0693597 -0
3.80755 4 0.215443 0.0611854 -0
3.80755 4 0.334048 0.0502443 -0
3.80755 4 0.517947 0.0368157 -0
3.80755 4 0.803086 0.0225901 -0
3.80755 4 1.2452 0.010744 -0
3.80755 4 1.9307 0.0037212 -0
3.80755 4 2.99358 0.000964836 -0
3.80755 4 4.64159 0.00025113 -0
3.80755 4 7.19686 8.5141e-05 -0
3.80755 4 11.1588 3.49968e-05 -0
3.80755 4 17.302 1.41577e-05 -0
3.80755 4 26.827 5.68558e-06 -0
3.80755 4 41.5956 2.27926e-06 -0
3.80755 4 64.4947 9.14102e-07 -0
3.80755 4 100 3.68063e-07 -0
3.80755 4 155.052 1.49816e-07 -0
3.80755 4 240.41 6.19034e-08 -0
3.80755 4 372.759 2.59953e-08 -0
3.80755 4 577.969 1.12241e-08 -0
3.80755 4 896.151 5.04321e-09 -0
3.80755 4 1389.5 2.34002e-09 -0
3.80755 4 2154.43 1.12438e-09 -0
3.80755 4 3340.48 5.63131e-10 -0
3.80755 4 5179.47 2.93565e-10 -0
3.80755 4 8030.86 1.57931e-10 -0
3.80755 4 12452 8.57272e-11 -0
3.80755 4 19307 4.65059e-11 -0
3.80755 4 29935.8 2.50944e-11 -0
3.80755 4 46415.9 1.33603e-11 -0
3.80755 4 71968.6 6.99168e-12 -0
3.80755 4 111588 3.5824e-12 -0
3.80755 4 173020 1.7532e-12 -0
3.80755 4 268270 8.33653e-13 -0
3.80755 4 415956 3.78028e-13 -0
3.80755 4 644947 1.55504e-13 -0
3.80755 4 1e+06 4.87655e-14 -0

9.28415 4 1e-06 0.00955666 -0
9.28415 4 1.55052e-06 0.00955665 -0
9.28415 4 2.4041e-06 0.00955664 -0
9.28415 4 3.72759e-06 0.00955662 -0
9.28415 4 5.77969e-06 0.00955659 -0
9.28415 4 8.96151e-06 0.00955655 -0
9.28415 4 1.3895e-05 0.00955648 -0
9.28415 4 2.15443e-05 0.00955637 -0
9.28415 4 3.34048e-05 0.0095562 -0
9.28415 4 5.17947e-05 0.00955593 -0
9.28415 4 8.03086e-05 0.00955553 -0
9.28415 4 0.00012452 0.0095549 -0
9.28415 4 0.00019307 0.00955392 -0
9.28415 4 0.000299358 0.0095524 -0
9.28415 4 0.000464159 0.00955004 -0
9.28415 4 0.000719686 0.00954639 -0
9.28415 4 0.00111588 0.00954074 -0
9.28415 4 0.0017302 0.00953198 -0
9.28415 4 0.0026827 0.00951842 -0
9.28415 4 0.00415956 0.00949744 -0
9.28415 4 0.00644947 0.00946501 -0
9.28415 4 0.01 0.009415 -0
9.28415 4 0.0155052 0.00933809 -0
9.28415 4 0.024041 0.0092203 -0
9.28415 4 0.0372759 0.00904112 -0
9.28415 4 0.0577969 0.00877127 -0
9.28415 4 0.0896151 0.00837089 -0
9.28415 4 0.13895 0.00778973 -0
9.28415 4 0.215443 0.0069725 -0
9.28415 4 0.334048 0.00587546 -0
9.28415 4 0.517947 0.00450503 -0
9.28415 4 0.803086 0.00298968 -0
9.28415 4 1.2452 0.00162587 -0
9.28415 4 1.9307 0.000706934 -0
9.28415 4 2.99358 0.000261587 -0
9.28415 4 4.64159 9.92281e-05 -0
9.28415 4 7.19686 4.17992e-05 -0
9.28415 4 11.1588 1.88597e-05 -0
9.28415 4 17.302 8.12137e-06 -0
9.28415 4 26.827 3.434e-06 -0
9.28415 4 41.5956 1.42566e-06 -0
9.28415 4 64.4947 5.84254e-07 -0
9.28415 4 100 2.37953e-07 -0
9.28415 4 155.052 9.70315e-08 -0
9.28415 4 240.41 3.98166e-08 -0
9.28415 4 372.759 1.64835e-08 -0
9.28415 4 577.969 6.94553e-09 -0
9.28415 4 896.151 3.00915e-09 -0
9.28415 4 1389.5 1.33753e-09 -0
9.28415 4 2154.43 6.12771e-10 -0
9.28415 4 3340.48 2.91703e-10 -0
9.28415 4 5179.47 1.44651e-10 -0
9.28415 4 8030.86 7.43845e-11 -0
9.28415 4 12452 3.89177e-11 -0
9.28415 4 19307 2.05091e-11 -0
9.28415 4 29935.8 1.08215e-11 -0
9.28415 4 46415.9 5.66614e-12 -0
9.28415 4 71968.6 2.92996e-12 -0
9.28415 4 111588 1.48908e-12 -0
9.28415 4 173020 7.25045e-13 -0
9.28415 4 268270 3.43654e-13 -0
9.28415 4 415956 1.55534e-13 -0
9.28415 4 644947 6.39128e-14 -0
9.28415 4 1e+06 2.0037e-14 -0

22.638 4 1e-06 0.000216051 -0
22.638 4 1.55052e-06 0.000216051 -0
22.638 4 2.4041e-06 0.000216051 -0
22.638 4 3.72759e-06 0.000216051 -0
22.638 4 5.77969e-06 0.00021605 -0
22.638 4 8.96151e-06 0.00021605 -0
22.638 4 1.3895e-05 0.000216049 -0
22.638 4 2.15443e-05 0.000216047 -0
22.638 4 3.34048e-05 0.000216045 -0
22.638 4 5.17947e-05 0.000216042 -0
22.638 4 8.03086e-05 0.000216036 -0
22.638 4 0.00012452 0.000216028 -0
22.638 4 0.00019307 0.000216015 -0
22.638 4 0.000299358 0.000215996 -0
22.638 4 0.000464159 0.000215965 -0
22.638 4 0.000719686 0.000215917 -0
22.638 4 0.00111588 0.000215844 -0
22.638 4 0.0017302 0.00021573 -0
22.638 4 0.0026827 0.000215553 -0
22.638 4 0.00415956 0.00021528 -0
22.638 4 0.00644947 0.000214857 -0
22.638 4 0.01 0.000214205 -0
22.638 4 0.0155052 0.0002132 -0
22.638 4 0.024041 0.000211659 -0
22.638 4 0.0372759 0.000209306 -0
22.638 4 0.0577969 0.000205742 -0
22.638 4 0.0896151 0.0002004 -0
22.638 4 0.13895 0.000192507 -0
22.638 4 0.215443 0.000181046 -0
22.638 4 0.334048 0.00016477 -0
22.638 4 0.517947 0.000142495 -0
22.638 4 0.803086 0.000114414 -0
22.638 4 1.2452 8.4288e-05 -0
22.638 4 1.9307 5.76561e-05 -0
22.638 4 2.99358 3.71739e-05 -0
22.638 4 4.64159 2.23572e-05 -0
22.638 4 7.19686 1.22157e-05 -0
22.638 4 11.1588 6.55772e-06 -0
22.638 4 17.302 3.2005e-06 -0
22.638 4 26.827 1.50209e-06 -0
22.638 4 41.5956 6.77111e-07 -0
22.638 4 64.4947 2.94416e-07 -0
22.638 4 100 1.2496e-07 -0
22.638 4 155.052 5.23903e-08 -0
22.638 4 240.41 2.18625e-08 -0
22.638 4 372.759 9.12519e-09 -0
22.638 4 577.969 3.84296e-09 -0
22.638 4 896.151 1.64805e-09 -0
22.638 4 1389.5 7.19752e-10 -0
22.638 4 2154.43 3.2176e-10 -0
22.638 4 3340.48 1.4849e-10 -0
22.638 4 5179.47 7.1078e-11 -0
22.638 4 8030.86 3.5251e-11 -0
22.638 4 12452 1.78472e-11 -0
22.638 4 19307 9.14305e-12 -0
22.638 4 29935.8 4.71222e-12 -0
22.638 4 46415.9 2.42187e-12 -0
22.638 4 71968.6 1.23495e-12 -0
22.638 4 111588 6.21446e-13 -0
22.638 4 173020 3.0066e-13 -0
22.638 4 268270 1.41917e-13 -0
22.638 4 415956 6.40678e-14 -0
22.638 4 644947 2.62903e-14 -0
22.638 4 1e+06 8.23905e-15 -0

55.1995 4 1e-06 8.19857e-06 -0
55.1995 4 1.55052e-06 8.19857e-06 -0
55.1995 4 2.4041e-06 8.19856e-06 -0
55.1995 4 3.72759e-06 8.19856e-06 -0
55.1995 4 5.77969e-06 8.19856e-06 -0
55.1995 4 8.96151e-06 8.19855e-06 -0
55.1995 4 1.3895e-05 8.19854e-06 -0
55.1995 4 2.15443e-05 8.19853e-06 -0
55.1995 4 3.34048e-05 8.19851e-06 -0
55.1995 4 5.17947e-05 8.19848e-06 -0
55.1995 4 8.03086e-05 8.19843e-06 -0
55.1995 4 0.00012452 8.19835e-06 -0
55.1995 4 0.00019307 8.19823e-06 -0
55.1995 4 0.000299358 8.19805e-06 -0
55.1995 4 0.000464159 8.19776e-06 -0
55.1995 4 0.000719686 8.19732e-06 -0
55.1995 4 0.00111588 8.19663e-06 -0
55.1995 4 0.0017302 8.19557e-06 -0
55.1995 4 0.0026827 8.19392e-06 -0
55.1995 4 0.00415956 8.19137e-06 -0
55.1995 4 0.00644947 8.18743e-06 -0
55.1995 4 0.01 8.18136e-06 -0
55.1995 4 0.0155052 8.17203e-06 -0
55.1995 4 0.024041 8.15772e-06 -0
55.1995 4 0.0372759 8.13593e-06 -0
55.1995 4 0.0577969 8.10293e-06 -0
55.1995 4 0.0896151 8.05321e-06 -0
55.1995 4 0.13895 7.97815e-06 -0
55.1995 4 0.215443 7.86271e-06 -0
55.1995 4 0.334048 7.67766e-06 -0
55.1995 4 0.517947 7.37028e-06 -0
55.1995 4 0.803086 6.88139e-06 -0
55.1995 4 1.2452 6.21508e-06 -0
55.1995 4 1.9307 5.42048e-06 -0
55.1995 4 2.99358 4.53206e-06 -0
55.1995 4 4.64159 3.49538e-06 -0
55.1995 4 7.19686 2.4264e-06 -0
55.1995 4 11.1588 1.63535e-06 -0
55.1995 4 17.302 9.82286e-07 -0
55.1995 4 26.827 5.49796e-07 -0
55.1995 4 41.5956 2.88051e-07 -0
55.1995 4 64.4947 1.40802e-07 -0
55.1995 4 100 6.51738e-08 -0
55.1995 4 155.052 2.90708e-08 -0
55.1995 4 240.41 1.26488e-08 -0
55.1995 4 372.759 5.42021e-09 -0
55.1995 4 577.969 2.3127e-09 -0
55.1995 4 896.151 9.92014e-10 -0
55.1995 4 1389.5 4.28856e-10 -0
55.1995 4 2154.43 1.87898e-10 -0
55.1995 4 3340.48 8.41193e-11 -0
55.1995 4 5179.47 3.87129e-11 -0
55.1995 4 8030.86 1.83528e-11 -0
55.1995 4 12452 8.88068e-12 -0
55.1995 4 19307 4.35973e-12 -0
55.1995 4 29935.8 2.16249e-12 -0
55.1995 4 46415.9 1.07603e-12 -0
55.1995 4 71968.6 5.34769e-13 -0
55.1995 4 111588 2.64044e-13 -0
55.1995 4 173020 1.26145e-13 -0
55.1995 4 268270 5.90472e-14 -0
55.1995 4 415956 2.65188e-14 -0
55.1995 4 644947 1.08506e-14 -0
55.1995 4 1e+06 3.39777e-15 -0

134.596 4 1e-06 4.17039e-07 -0
134.596 4 1.55052e-06 4.17039e-07 -0
134.596 4 2.4041e-06 4.17039e-07 -0
134.596 4 3.72759e-06 4.17039e-07 -0
134.596 4 5.77969e-06 4.17039e-07 -0
134.596 4 8.96151e-06 4.17039e-07 -0
134.596 4 1.3895e-05 4.17038e-07 -0
134.596 4 2.15443e-05 4.17038e-07 -0
134.596 4 3.34048e-05 4.17038e-07 -0
134.596 4 5.17947e-05 4.17037e-07 -0
134.596 4 8.03086e-05 4.17036e-07 -0
134.596 4 0.00012452 4.17035e-07 -0
134.596 4 0.00019307 4.17033e-07 -0
134.596 4 0.000299358 4.1703e-07 -0
134.596 4 0.000464159 4.17025e-07 -0
134.596 4 0.000719686 4.17018e-07 -0
134.596 4 0.00111588 4.17006e-07 -0
134.596 4 0.0017302 4.16988e-07 -0
134.596 4 0.0026827 4.1696e-07 -0
134.596 4 0.00415956 4.16917e-07 -0
134.596 4 0.00644947 4.16851e-07 -0
134.596 4 0.01 4.1675e-07 -0
134.596 4 0.0155052 4.16595e-07 -0
134.596 4 0.024041 4.1636e-07 -0
134.596 4 0.0372759 4.16006e-07 -0
134.596 4 0.0577969 4.1548e-07 -0
134.596 4 0.0896151 4.14701e-07 -0
134.596 4 0.13895 4.13531e-07 -0
134.596 4 0.215443 4.11667e-07 -0
134.596 4 0.334048 4.08351e-07 -0
134.596 4 0.517947 4.01955e-07 -0
134.596 4 0.803086 3.90391e-07 -0
134.596 4 1.2452 3.73437e-07 -0
134.596 4 1.9307 3.52357e-07 -0
134.596 4 2.99358 3.27776e-07 -0
134.596 4 4.64159 2.89606e-07 -0
134.596 4 7.19686 2.38548e-07 -0
134.596 4 11.1588 1.93146e-07 -0
134.596 4 17.302 1.43057e-07 -0
134.596 4 26.827 9.81382e-08 -0
134.596 4 41.5956 6.30042e-08 -0
134.596 4 64.4947 3.69809e-08 -0
134.596 4 100 1.99771e-08 -0
134.596 4 155.052 1.01163e-08 -0
134.596 4 240.41 4.86527e-09 -0
134.596 4 372.759 2.25191e-09 -0
134.596 4 577.969 1.01982e-09 -0
134.596 4 896.151 4.57565e-10 -0
134.596 4 1389.5 2.04234e-10 -0
134.596 4 2154.43 9.13366e-11 -0
134.596 4 3340.48 4.129e-11 -0
134.596 4 5179.47 1.89866e-11 -0
134.596 4 8030.86 8.9064e-12 -0
134.596 4 12452 4.23507e-12 -0
134.596 4 19307 2.03388e-12 -0
134.596 4 29935.8 9.84561e-13 -0
134.596 4 46415.9 4.78196e-13 -0
134.596 4 71968.6 2.32502e-13 -0
134.596 4 111588 1.12746e-13 -0
134.596 4 173020 5.31662e-14 -0
134.596 4 268270 2.46569e-14 -0
134.596 4 415956 1.10067e-14 -0
134.596 4 644947 4.4877e-15 -0
134.596 4 1e+06 1.404e-15 -0

328.193 4 1e-06 2.41252e-08 -0
328.193 4 1.55052e-06 2.41252e-08 -0
328.193 4 2.4041e-06 2.41252e-08 -0
328.193 4 3.72759e-06 2.41252e-08 -0
328.193 4 5.77969e-06 2.41252e-08 -0
328.193 4 8.96151e-06 2.41252e-08 -0
328.193 4 1.3895e-05 2.41252e-08 -0
328.193 4 2.15443e-05 2.41252e-08 -0
328.193 4 3.34048e-05 2.41252e-08 -0
328.193 4 5.17947e-05 2.41252e-08 -0
328.193 4 8.03086e-05 2.41252e-08 -0
328.193 4 0.00012452 2.41252e-08 -0
328.193 4 0.00019307 2.41251e-08 -0
328.193 4 0.000299358 2.41251e-08 -0
328.193 4 0.000464159 2.4125e-08 -0
328.193 4 0.000719686 2.41249e-08 -0
328.193 4 0.00111588 2.41247e-08 -0
328.193 4 0.0017302 2.41243e-08 -0
328.193 4 0.0026827 2.41238e-08 -0
328.193 4 0.00415956 2.41231e-08 -0
328.193 4 0.00644947 2.41219e-08 -0
328.193 4 0.01 2.41201e-08 -0
328.193 4 0.0155052 2.41175e-08 -0
328.193 4 0.024041 2.41135e-08 -0
328.193 4 0.0372759 2.41078e-08 -0
328.193 4 0.0577969 2.40996e-08 -0
328.193 4 0.0896151 2.40881e-08 -0
328.193 4 0.13895 2.40717e-08 -0
328.193 4 0.215443 2.40439e-08 -0
328.193 4 0.334048 2.39848e-08 -0
328.193 4 0.517947 2.38448e-08 -0
328.193 4 0.803086 2.3558e-08 -0
328.193 4 1.2452 2.31235e-08 -0
328.193 4 1.9307 2.26035e-08 -0
328.193 4 2.99358 2.20448e-08 -0
328.193 4 4.64159 2.09226e-08 -0
328.193 4 7.19686 1.91315e-08 -0
328.193 4 11.1588 1.74036e-08 -0
328.193 4 17.302 1.50885e-08 -0
328.193 4 26.827 1.23541e-08 -0
328.193 4 41.5956 9.66068e-09 -0
328.193 4 64.4947 6.99092e-09 -0
328.193 4 100 4.6444e-09 -0
328.193 4 155.052 2.85412e-09 -0
328.193 4 240.41 1.62521e-09 -0
328.193 4 372.759 8.63799e-10 -0
328.193 4 577.969 4.36955e-10 -0
328.193 4 896.151 2.13588e-10 -0
328.193 4 1389.5 1.01505e-10 -0
328.193 4 2154.43 4.73991e-11 -0
328.193 4 3340.48 2.19938e-11 -0
328.193 4 5179.47 1.02151e-11 -0
328.193 4 8030.86 4.76724e-12 -0
328.193 4 12452 2.22829e-12 -0
328.193 4 19307 1.042e-12 -0
328.193 4 29935.8 4.8773e-13 -0
328.193 4 46415.9 2.28266e-13 -0
328.193 4 71968.6 1.0698e-13 -0
328.193 4 111588 5.02106e-14 -0
328.193 4 173020 2.3092e-14 -0
328.193 4 268270 1.05115e-14 -0
328.193 4 415956 4.63346e-15 -0
328.193 4 644947 1.87505e-15 -0
328.193 4 1e+06 5.85478e-16 -0

800.25 4 1e-06 2.20987e-09 -0
800.25 4 1.55052e-06 2.20987e-09 -0
800.25 4 2.4041e-06 2.20987e-09 -0
800.25 4 3.72759e-06 2.20987e-09 -0
800.25 4 5.77969e-06 2.20987e-09 -0
800.25 4 8.96151e-06 2.20987e-09 -0
800.25 4 1.3895e-05 2.20987e-09 -0
800.25 4 2.15443e-05 2.20987e-09 -0
800.25 4 3.34048e-05 2.20987e-09 -0
800.25 4 5.17947e-05 2.20987e-09 -0
800.25 4 8.03086e-05 2.20987e-09 -0
800.25 4 0.00012452 2.20987e-09 -0
800.25 4 0.00019307 2.20987e-09 -0
800.25 4 0.000299358 2.20987e-09 -0
800.25 4 0.000464159 2.20986e-09 -0
800.25 4 0.000719686 2.20986e-09 -0
800.25 4 0.00111588 2.20985e-09 -0
800.25 4 0.0017302 2.20984e-09 -0
800.25 4 0.0026827 2.20983e-09 -0
800.25 4 0.00415956 2.2098e-09 -0
800.25 4 0.00644947 2.20976e-09 -0
800.25 4 0.01 2.20971e-09 -0
800.25 4 0.0155052 2.20962e-09 -0
800.25 4 0.024041 2.2095e-09 -0
800.25 4 0.0372759 2.20932e-09 -0
800.25 4 0.0577969 2.20908e-09 -0
800.25 4 0.0896151 2.20876e-09 -0
800.25 4 0.13895 2.20831e-09 -0
800.25 4 0.215443 2.20755e-09 -0
800.25 4 0.334048 2.20569e-09 -0
800.25 4 0.517947 2.20077e-09 -0
800.25 4 0.803086 2.19012e-09 -0
800.25 4 1.2452 2.17377e-09 -0
800.25 4 1.9307 2.15464e-09 -0
800.25 4 2.99358 2.13518e-09 -0
800.25 4 4.64159 2.09036e-09 -0
800.25 4 7.19686 2.01293e-09 -0
800.25 4 11.1588 1.93416e-09 -0
800.25 4 17.302 1.81947e-09 -0
800.25 4 26.827 1.65879e-09 -0
800.25 4 41.5956 1.47405e-09 -0
800.25 4 64.4947 1.24841e-09 -0
800.25 4 100 9.9364e-10 -0
800.25 4 155.052 7.38617e-10 -0
800.25 4 240.41 5.06759e-10 -0
800.25 4 372.759 3.18854e-10 -0
800.25 4 577.969 1.86507e-10 -0
800.25 4 896.151 1.02672e-10 -0
800.25 4 1389.5 5.34476e-11 -0
800.25 4 2154.43 2.66607e-11 -0
800.25 4 3340.48 1.29277e-11 -0
800.25 4 5179.47 6.15025e-12 -0
800.25 4 8030.86 2.88539e-12 -0
800.25 4 12452 1.33432e-12 -0
800.25 4 19307 6.08647e-13 -0
800.25 4 29935.8 2.74378e-13 -0
800.25 4 46415.9 1.22458e-13 -0
800.25 4 71968.6 5.4418e-14 -0
800.25 4 111588 2.42275e-14 -0
800.25 4 173020 1.06582e-14 -0
800.25 4 268270 4.68177e-15 -0
800.25 4 415956 2.01175e-15 -0
800.25 4 644947 8.01403e-16 -0
800.25 4 1e+06 2.49206e-16 -0

1951.29 4 1e-06 2.4763e-10 -0
1951.29 4 1.55052e-06 2.4763e-10 -0
1951.29 4 2.4041e-06 2.4763e-10 -0
1951.29 4 3.72759e-06 2.4763e-10 -0
1951.29 4 5.77969e-06 2.4763e-10 -0
1951.29 4 8.96151e-06 2.4763e-10 -0
1951.29 4 1.3895e-05 2.4763e-10 -0
1951.29 4 2.15443e-05 2.4763e-10 -0
1951.29 4 3.34048e-05 2.4763e-10 -0
1951.29 4 5.17947e-05 2.4763e-10 -0
1951.29 4 8.03086e-05 2.4763e-10 -0
1951.29 4 0.00012452 2.4763e-10 -0
1951.29 4 0.00019307 2.4763e-10 -0
1951.29 4 0.000299358 2.47629e-10 -0
1951.29 4 0.000464159 2.47629e-10 -0
1951.29 4 0.000719686 2.47629e-10 -0
1951.29 4 0.00111588 2.47629e-10 -0
1951.29 4 0.0017302 2.47628e-10 -0
1951.29 4 0.0026827 2.47628e-10 -0
1951.29 4 0.00415956 2.47627e-10 -0
1951.29 4 0.00644947 2.47625e-10 -0
1951.29 4 0.01 2.47623e-10 -0
1951.29 4 0.0155052 2.47619e-10 -0
1951.29 4 0.024041 2.47614e-10 -0
1951.29 4 0.0372759 2.47607e-10 -0
1951.29 4 0.0577969 2.47597e-10 -0
1951.29 4 0.0896151 2.47584e-10 -0
1951.29 4 0.13895 2.47568e-10 -0
1951.29 4 0.215443 2.47539e-10 -0
1951.29 4 0.334048 2.47464e-10 -0
1951.29 4 0.517947 2.47251e-10 -0
1951.29 4 0.803086 2.46776e-10 -0
1951.29 4 1.2452 2.46045e-10 -0
1951.29 4 1.9307 2.45199e-10 -0
1951.29 4 2.99358 2.44367e-10 -0
1951.29 4 4.64159 2.42302e-10 -0
1951.29 4 7.19686 2.38608e-10 -0
1951.29 4 11.1588 2.34769e-10 -0
1951.29 4 17.302 2.28956e-10 -0
1951.29 4 26.827 2.2005e-10 -0
1951.29 4 41.5956 2.08891e-10 -0
1951.29 4 64.4947 1.93478e-10 -0
1951.29 4 100 1.72977e-10 -0
1951.29 4 155.052 1.47921e-10 -0
1951.29 4 240.41 1.19243e-10 -0
1951.29 4 372.759 8.93381e-11 -0
1951.29 4 577.969 6.22288e-11 -0
1951.29 4 896.151 4.02845e-11 -0
1951.29 4 1389.5 2.40981e-11 -0
1951.29 4 2154.43 1.34449e-11 -0
1951.29 4 3340.48 7.1025e-12 -0
1951.29 4 5179.47 3.59268e-12 -0
1951.29 4 8030.86 1.75219e-12 -0
1951.29 4 12452 8.2575e-13 -0
1951.29 4 19307 3.77013e-13 -0
1951.29 4 29935.8 1.6721e-13 -0
1951.29 4 46415.9 7.22287e-14 -0
1951.29 4 71968.6 3.06111e-14 -0
1951.29 4 111588 1.28692e-14 -0
1951.29 4 173020 5.34998e-15 -0
1951.29 4 268270 2.23103e-15 -0
1951.29 4 415956 9.1988e-16 -0
1951.29 4 644947 3.56535e-16 -0
1951.29 4 1e+06 1.10071e-16 -0

4757.94 4 1e-06 3.38596e-11 -0
4757.94 4 1.55052e-06 3.38596e-11 -0
4757.94 4 2.4041e-06 3.38596e-11 -0
4757.94 4 3.72759e-06 3.38596e-11 -0
4757.94 4 5.77969e-06 3.38596e-11 -0
4757.94 4 8.96151e-06 3.38596e-11 -0
4757.94 4 1.3895e-05 3.38596e-11 -0
4757.94 4 2.15443e-05 3.38596e-11 -0
4757.94 4 3.34048e-05 3.38596e-11 -0
4757.94 4 5.17947e-05 3.38596e-11 -0
4757.94 4 8.03086e-05 3.38596e-11 -0
4757.94 4 0.00012452 3.38596e-11 -0
4757.94 4 0.00019307 3.38596e-11 -0
4757.94 4 0.000299358 3.38596e-11 -0
4757.94 4 0.000464159 3.38596e-11 -0
4757.94 4 0.000719686 3.38596e-11 -0
4757.94 4 0.00111588 3.38596e-11 -0
4757.94 4 0.0017302 3.38595e-11 -0
4757.94 4 0.0026827 3.38595e-11 -0
4757.94 4 0.00415956 3.38594e-11 -0
4757.94 4 0.00644947 3.38594e-11 -0
4757.94 4 0.01 3.38592e-11 -0
4757.94 4 0.0155052 3.3859e-11 -0
4757.94 4 0.024041 3.38588e-11 -0
4757.94 4 0.0372759 3.38584e-11 -0
4757.94 4 0.0577969 3.38578e-11 -0
4757.94 4 0.0896151 3.38572e-11 -0
4757.94 4 0.13895 3.38563e-11 -0
4757.94 4 0.215443 3.38548e-11 -0
4757.94 4 0.334048 3.38509e-11 -0
4757.94 4 0.517947 3.38396e-11 -0
4757.94 4 0.803086 3.38145e-11 -0
4757.94 4 1.2452 3.37756e-11 -0
4757.94 4 1.9307 3.37307e-11 -0
4757.94 4 2.99358 3.36865e-11 -0
4757.94 4 4.64159 3.35746e-11 -0
4757.94 4 7.19686 3.33722e-11 -0
4757.94 4 11.1588 3.31586e-11 -0
4757.94 4 17.302 3.28294e-11 -0
4757.94 4 26.827 3.23053e-11 -0
4757.94 4 41.5956 3.16196e-11 -0
4757.94 4 64.4947 3.06137e-11 -0
4757.94 4 100 2.91529e-11 -0
4757.94 4 155.052 2.71392e-11 -0
4757.94 4 240.41 2.44451e-11 -0
4757.94 4 372.759 2.10245e-11 -0
4757.94 4 577.969 1.71091e-11 -0
4757.94 4 896.151 1.30231e-11 -0
4757.94 4 1389.5 9.13299e-12 -0
4757.94 4 2154.43 5.8887e-12 -0
4757.94 4 3340.48 3.5181e-12 -0
4757.94 4 5179.47 1.9645e-12 -0
4757.94 4 8030.86 1.03206e-12 -0
4757.94 4 12452 5.11953e-13 -0
4757.94 4 19307 2.4094e-13 -0
4757.94 4 29935.8 1.08028e-13 -0
4757.94 4 46415.9 4.62841e-14 -0
4757.94 4 71968.6 1.90787e-14 -0
4757.94 4 111588 7.65808e-15 -0
4757.94 4 173020 3.00857e-15 -0
4757.94 4 268270 1.17895e-15 -0
4757.94 4 415956 4.59039e-16 -0
4757.94 4 644947 1.70538e-16 -0
4757.94 4 1e+06 5.20568e-17 -0

11601.6 4 1e-06 4.4369e-12 -0
11601.6 4 1.55052e-06 4.4369e-12 -0
11601.6 4 2.4041e-06 4.4369e-12 -0
11601.6 4 3.72759e-06 4.4369e-12 -0
11601.6 4 5.77969e-06 4.4369e-12 -0
11601.6 4 8.96151e-06 4.4369e-12 -0
11601.6 4 1.3895e-05 4.4369e-12 -0
11601.6 4 2.15443e-05 4.4369e-12 -0
11601.6 4 3.34048e-05 4.4369e-12 -0
11601.6 4 5.17947e-05 4.4369e-12 -0
11601.6 4 8.03086e-05 4.4369e-12 -0
11601.6 4 0.00012452 4.4369e-12 -0
11601.6 4 0.00019307 4.4369e-12 -0
11601.6 4 0.000299358 4.4369e-12 -0
11601.6 4 0.000464159 4.4369e-12 -0
11601.6 4 0.000719686 4.4369e-12 -0
11601.6 4 0.00111588 4.4369e-12 -0
11601.6 4 0.0017302 4.4369e-12 -0
11601.6 4 0.0026827 4.4369e-12 -0
11601.6 4 0.00415956 4.43689e-12 -0
11601.6 4 0.00644947 4.43689e-12 -0
11601.6 4 0.01 4.43688e-12 -0
11601.6 4 0.0155052 4.43687e-12 -0
11601.6 4 0.024041 4.43686e-12 -0
11601.6 4 0.0372759 4.43684e-12 -0
11601.6 4 0.0577969 4.43681e-12 -0
11601.6 4 0.0896151 4.43678e-12 -0
11601.6 4 0.13895 4.43674e-12 -0
11601.6 4 0.215443 4.43666e-12 -0
11601.6 4 0.334048 4.43646e-12 -0
11601.6 4 0.517947 4.43586e-12 -0
11601.6 4 0.803086 4.4345e-12 -0
11601.6 4 1.2452 4.43238e-12 -0
11601.6 4 1.9307 4.42997e-12 -0
11601.6 4 2.99358 4.42764e-12 -0
11601.6 4 4.64159 4.42154e-12 -0
11601.6 4 7.19686 4.41039e-12 -0
11601.6 4 11.1588 4.39875e-12 -0
11601.6 4 17.302 4.38065e-12 -0
11601.6 4 26.827 4.35128e-12 -0
11601.6 4 41.5956 4.31245e-12 -0
11601.6 4 64.4947 4.25405e-12 -0
11601.6 4 100 4.16579e-12 -0
11601.6 4 155.052 4.03702e-12 -0
11601.6 4 240.41 3.8504e-12 -0
11601.6 4 372.759 3.58537e-12 -0
11601.6 4 577.969 3.23362e-12 -0
11601.6 4 896.151 2.79307e-12 -0
11601.6 4 1389.5 2.27354e-12 -0
11601.6 4 2154.43 1.72395e-12 -0
11601.6 4 3340.48 1.21168e-12 -0
11601.6 4 5179.47 7.87706e-13 -0
11601.6 4 8030.86 4.72733e-13 -0
11601.6 4 12452 2.61418e-13 -0
11601.6 4 19307 1.33735e-13 -0
11601.6 4 29935.8 6.36651e-14 -0
11601.6 4 46415.9 2.83351e-14 -0
11601.6 4 71968.6 1.18703e-14 -0
11601.6 4 111588 4.73338e-15 -0
11601.6 4 173020 1.81175e-15 -0
11601.6 4 268270 6.7947e-16 -0
11601.6 4 415956 2.51108e-16 -0
11601.6 4 644947 8.91011e-17 -0
11601.6 4 1e+06 2.68803e-17 -0

28288.7 4 1e-06 6.30504e-13 -0
28288.7 4 1.55052e-06 6.30504e-13 -0
28288.7 4 2.4041e-06 6.30504e-13 -0
28288.7 4 3.72759e-06 6.30504e-13 -0
28288.7 4 5.77969e-06 6.30504e-13 -0
28288.7 4 8.96151e-06 6.30504e-13 -0
28288.7 4 1.3895e-05 6.30504e-13 -0
28288.7 4 2.15443e-05 6.30504e-13 -0
28288.7 4 3.34048e-05 6.30504e-13 -0
28288.7 4 5.17947e-05 6.30504e-13 -0
28288.7 4 8.03086e-05 6.30504e-13 -0
28288.7 4 0.00012452 6.30504e-13 -0
28288.7 4 0.00019307 6.30504e-13 -0
28288.7 4 0.000299358 6.30504e-13 -0
28288.7 4 0.000464159 6.30504e-13 -0
28288.7 4 0.000719686 6.30504e-13 -0
28288.7 4 0.00111588 6.30504e-13 -0
28288.7 4 0.0017302 6.30504e-13 -0
28288.7 4 0.0026827 6.30504e-13 -0
28288.7 4 0.00415956 6.30504e-13 -0
28288.7 4 0.00644947 6.30504e-13 -0
28288.7 4 0.01 6.30503e-13 -0
28288.7 4 0.0155052 6.30503e-13 -0
28288.7 4 0.024041 6.30502e-13 -0
28288.7 4 0.0372759 6.30501e-13 -0
28288.7 4 0.0577969 6.30499e-13 -0
28288.7 4 0.0896151 6.30497e-13 -0
28288.7 4 0.13895 6.30495e-13 -0
28288.7 4 0.215443 6.30491e-13 -0
28288.7 4 0.334048 6.30479e-13 -0
28288.7 4 0.517947 6.30444e-13 -0
28288.7 4 0.803086 6.30362e-13 -0
28288.7 4 1.2452 6.30237e-13 -0
28288.7 4 1.9307 6.30094e-13 -0
28288.7 4 2.99358 6.29958e-13 -0
28288.7 4 4.64159 6.29594e-13 -0
28288.7 4 7.19686 6.28926e-13 -0
28288.7 4 11.1588 6.28233e-13 -0
28288.7 4 17.302 6.27151e-13 -0
28288.7 4 26.827 6.25378e-13 -0
28288.7 4 41.5956 6.23029e-13 -0
28288.7 4 64.4947 6.19458e-13 -0
28288.7 4 100 6.13968e-13 -0
28288.7 4 155.052 6.05756e-13 -0
28288.7 4 240.41 5.93413e-13 -0
28288.7 4 372.759 5.74897e-13 -0
28288.7 4 577.969 5.48304e-13 -0
28288.7 4 896.151 5.1124e-13 -0
28288.7 4 1389.5 4.60922e-13 -0
28288.7 4 2154.43 3.97103e-13 -0
28288.7 4 3340.48 3.2326e-13 -0
28288.7 4 5179.47 2.45801e-13 -0
28288.7 4 8030.86 1.72382e-13 -0
28288.7 4 12452 1.10115e-13 -0
28288.7 4 19307 6.38143e-14 -0
28288.7 4 29935.8 3.36388e-14 -0
28288.7 4 46415.9 1.62019e-14 -0
28288.7 4 71968.6 7.17974e-15 -0
28288.7 4 111588 2.95789e-15 -0
28288.7 4 173020 1.14332e-15 -0
28288.7 4 268270 4.22934e-16 -0
28288.7 4 415956 1.51392e-16 -0
28288.7 4 644947 5.17789e-17 -0
28288.7 4 1e+06 1.55078e-17 -0

68977.9 4 1e-06 8.45756e-14 -0
68977.9 4 1.55052e-06 8.45756e-14 -0
68977.9 4 2.4041e-06 8.45756e-14 -0
68977.9 4 3.72759e-06 8.45756e-14 -0
68977.9 4 5.77969e-06 8.45756e-14 -0
68977.9 4 8.96151e-06 8.45756e-14 -0
68977.9 4 1.3895e-05 8.45756e-14 -0
68977.9 4 2.15443e-05 8.45756e-14 -0
68977.9 4 3.34048e-05 8.45756e-14 -0
68977.9 4 5.17947e-05 8.45756e-14 -0
68977.9 4 8.03086e-05 8.45756e-14 -0
68977.9 4 0.00012452 8.45756e-14 -0
68977.9 4 0.00019307 8.45756e-14 -0
68977.9 4 0.000299358 8.45756e-14 -0
68977.9 4 0.000464159 8.45756e-14 -0
68977.9 4 0.000719686 8.45756e-14 -0
68977.9 4 0.00111588 8.45756e-14 -0
68977.9 4 0.0017302 8.45756e-14 -0
68977.9 4 0.0026827 8.45756e-14 -0
68977.9 4 0.00415956 8.45756e-14 -0
68977.9 4 0.00644947 8.45756e-14 -0
68977.9 4 0.01 8.45756e-14 -0
68977.9 4 0.0155052 8.45755e-14 -0
68977.9 4 0.024041 8.45755e-14 -0
68977.9 4 0.0372759 8.45754e-14 -0
68977.9 4 0.0577969 8.45754e-14 -0
68977.9 4 0.0896151 8.45753e-14 -0
68977.9 4 0.13895 8.45752e-14 -0
68977.9 4 0.215443 8.4575e-14 -0
68977.9 4 0.334048 8.45744e-14 -0
68977.9 4 0.517947 8.45724e-14 -0
68977.9 4 0.803086 8.45677e-14 -0
68977.9 4 1.2452 8.45604e-14 -0
68977.9 4 1.9307 8.45522e-14 -0
68977.9 4 2.99358 8.45449e-14 -0
68977.9 4 4.64159 8.4524e-14 -0
68977.9 4 7.19686 8.44852e-14 -0
68977.9 4 11.1588 8.44462e-14 -0
68977.9 4 17.302 8.43851e-14 -0
68977.9 4 26.827 8.4284e-14 -0
68977.9 4 41.5956 8.41518e-14 -0
68977.9 4 64.4947 8.39503e-14 -0
68977.9 4 100 8.3638e-14 -0
68977.9 4 155.052 8.31665e-14 -0
68977.9 4 240.41 8.24462e-14 -0
68977.9 4 372.759 8.13365e-14 -0
68977.9 4 577.969 7.96818e-14 -0
68977.9 4 896.151 7.72472e-14 -0
68977.9 4 1389.5 7.36709e-14 -0
68977.9 4 2154.43 6.86011e-14 -0
68977.9 4 3340.48 6.17982e-14 -0
68977.9 4 5179.47 5.32221e-14 -0
68977.9 4 8030.86 4.31413e-14 -0
68977.9 4 12452 3.22945e-14 -0
68977.9 4 19307 2.19841e-14 -0
68977.9 4 29935.8 1.34885e-14 -0
68977.9 4 46415.9 7.43348e-15 -0
68977.9 4 71968.6 3.68824e-15 -0
68977.9 4 111588 1.65939e-15 -0
68977.9 4 173020 6.82195e-16 -0
68977.9 4 268270 2.61154e-16 -0
68977.9 4 415956 9.4353e-17 -0
68977.9 4 644947 3.20468e-17 -0
68977.9 4 1e+06 9.66298e-18 -0

168192 4 1e-06 1.03456e-14 -0
168192 4 1.55052e-06 1.03456e-14 -0
168192 4 2.4041e-06 1.03456e-14 -0
168192 4 3.72759e-06 1.03456e-14 -0
168192 4 5.77969e-06 1.03456e-14 -0
168192 4 8.96151e-06 1.03456e-14 -0
168192 4 1.3895e-05 1.03456e-14 -0
168192 4 2.15443e-05 1.03456e-14 -0
168192 4 3.34048e-05 1.03456e-14 -0
168192 4 5.17947e-05 1.03456e-14 -0
168192 4 8.03086e-05 1.03456e-14 -0
168192 4 0.00012452 1.03456e-14 -0
168192 4 0.00019307 1.03456e-14 -0
168192 4 0.000299358 1.03456e-14 -0
168192 4 0.000464159 1.03456e-14 -0
168192 4 0.000719686 1.03456e-14 -0
168192 4 0.00111588 1.03456e-14 -0
168192 4 0.0017302 1.03456e-14 -0
168192 4 0.0026827 1.03456e-14 -0
168192 4 0.00415956 1.03456e-14 -0
168192 4 0.00644947 1.03456e-14 -0
168192 4 0.01 1.03456e-14 -0
168192 4 0.0155052 1.03456e-14 -0
168192 4 0.024041 1.03456e-14 -0
168192 4 0.0372759 1.03456e-14 -0
168192 4 0.0577969 1.03456e-14 -0
168192 4 0.0896151 1.03456e-14 -0
168192 4 0.13895 1.03456e-14 -0
168192 4 0.215443 1.03456e-14 -0
168192 4 0.334048 1.03455e-14 -0
168192 4 0.517947 1.03454e-14 -0
168192 4 0.803086 1.03451e-14 -0
168192 4 1.2452 1.03447e-14 -0
168192 4 1.9307 1.03443e-14 -0
168192 4 2.99358 1.03439e-14 -0
168192 4 4.64159 1.03427e-14 -0
168192 4 7.19686 1.03404e-14 -0
168192 4 11.1588 1.03382e-14 -0
168192 4 17.302 1.03348e-14 -0
168192 4 26.827 1.03291e-14 -0
168192 4 41.5956 1.03217e-14 -0
168192 4 64.4947 1.03106e-14 -0
168192 4 100 1.02932e-14 -0
168192 4 155.052 1.02669e-14 -0
168192 4 240.41 1.02266e-14 -0
168192 4 372.759 1.01637e-14 -0
168192 4 577.969 1.00686e-14 -0
168192 4 896.151 9.92564e-15 -0
168192 4 1389.5 9.70837e-15 -0
168192 4 2154.43 9.38417e-15 -0
168192 4 3340.48 8.9161e-15 -0
168192 4 5179.47 8.26397e-15 -0
168192 4 8030.86 7.38921e-15 -0
168192 4 12452 6.2742e-15 -0
168192 4 19307 4.97074e-15 -0
168192 4 29935.8 3.6122e-15 -0
168192 4 46415.9 2.37219e-15 -0
168192 4 71968.6 1.39401e-15 -0
168192 4 111588 7.29589e-16 -0
168192 4 173020 3.39814e-16 -0
168192 4 268270 1.43039e-16 -0
168192 4 415956 5.51082e-17 -0
168192 4 644947 1.94326e-17 -0
168192 4 1e+06 6.04094e-18 -0

410113 4 1e-06 1.12076e-15 -0
410113 4 1.55052e-06 1.12076e-15 -0
410113 4 2.4041e-06 1.12076e-15 -0
410113 4 3.72759e-06 1.12076e-15 -0
410113 4 5.77969e-06 1.12076e-15 -0
410113 4 8.96151e-06 1.12076e-15 -0
410113 4 1.3895e-05 1.12076e-15 -0
410113 4 2.15443e-05 1.12076e-15 -0
410113 4 3.34048e-05 1.12076e-15 -0
410113 4 5.17947e-05 1.12076e-15 -0
410113 4 8.03086e-05 1.12076e-15 -0
410113 4 0.00012452 1.12076e-15 -0
410113 4 0.00019307 1.12076e-15 -0
410113 4 0.000299358 1.12076e-15 -0
410113 4 0.000464159 1.12076e-15 -0
410113 4 0.000719686 1.12076e-15 -0
410113 4 0.00111588 1.12076e-15 -0
410113 4 0.0017302 1.12076e-15 -0
410113 4 0.0026827 1.12076e-15 -0
410113 4 0.00415956 1.12076e-15 -0
410113 4 0.00644947 1.12076e-15 -0
410113 4 0.01 1.12076e-15 -0
410113 4 0.0155052 1.12076e-15 -0
410113 4 0.024041 1.12076e-15 -0
410113 4 0.0372759 1.12076e-15 -0
410113 4 0.0577969 1.12076e-15 -0
410113 4 0.0896151 1.12076e-15 -0
410113 4 0.13895 1.12076e-15 -0
410113 4 0.215443 1.12076e-15 -0
410113 4 0.334048 1.12076e-15 -0
410113 4 0.517947 1.12076e-15 -0
410113 4 0.803086 1.12074e-15 -0
410113 4 1.2452 1.12072e-15 -0
410113 4 1.9307 1.12069e-15 -0
410113 4 2.99358 1.12067e-15 -0
410113 4 4.64159 1.12061e-15 -0
410113 4 7.19686 1.12048e-15 -0
410113 4 11.1588 1.12037e-15 -0
410113 4 17.302 1.12019e-15 -0
410113 4 26.827 1.11989e-15 -0
410113 4 41.5956 1.11952e-15 -0
410113 4 64.4947 1.11896e-15 -0
410113 4 100 1.11809e-15 -0
410113 4 155.052 1.11678e-15 -0
410113 4 240.41 1.11476e-15 -0
410113 4 372.759 1.11159e-15 -0
410113 4 577.969 1.10677e-15 -0
410113 4 896.151 1.0995e-15 -0
410113 4 1389.5 1.08825e-15 -0
410113 4 2154.43 1.07105e-15 -0
410113 4 3340.48 1.04538e-15 -0
410113 4 5179.47 1.00783e-15 -0
410113 4 8030.86 9.53798e-16 -0
410113 4 12452 8.77618e-16 -0
410113 4 19307 7.75356e-16 -0
410113 4 29935.8 6.47788e-16 -0
410113 4 46415.9 5.02756e-16 -0
410113 4 71968.6 3.55673e-16 -0
410113 4 111588 2.24993e-16 -0
410113 4 173020 1.2534e-16 -0
410113 4 268270 6.17574e-17 -0
410113 4 415956 2.69992e-17 -0
410113 4 644947 1.0433e-17 -0
410113 4 1e+06 3.46037e-18 -0

1e+06 4 1e-06 1.02824e-16 -0
1e+06 4 1.55052e-06 1.02824e-16 -0
1e+06 4 2.4041e-06 1.02824e-16 -0
1e+06 4 3.72759e-06 1.02824e-16 -0
1e+06 4 5.77969e-06 1.02824e-16 -0
1e+06 4 8.96151e-06 1.02824e-16 -0
1e+06 4 1.3895e-05 1.02824e-16 -0
1e+06 4 2.15443e-05 1.02824e-16 -0
1e+06 4 3.34048e-05 1.02824e-16 -0
1e+06 4 5.17947e-05 1.02824e-16 -0
1e+06 4 8.03086e-05 1.02824e-16 -0
1e+06 4 0.00012452 1.02824e-16 -0
1e+06 4 0.00019307 1.02824e-16 -0
1e+06 4 0.000299358 1.02824e-16 -0
1e+06 4 0.000464159 1.02824e-16 -0
1e+06 4 0.000719686 1.02824e-16 -0
1e+06 4 0.00111588 1.02824e-16 -0
1e+06 4 0.0017302 1.02824e-16 -0
1e+06 4 0.0026827 1.02824e-16 -0
1e+06 4 0.00415956 1.02824e-16 -0
1e+06 4 0.00644947 1.02824e-16 -0
1e+06 4 0.01 1.02824e-16 -0
1e+06 4 0.0155052 1.02824e-16 -0
1e+06 4 0.024041 1.02824e-16 -0
1e+06 4 0.0372759 1.02824e-16 -0
1e+06 4 0.0577969 1.02824e-16 -0
1e+06 4 0.0896151 1.02824e-16 -0
1e+06 4 0.13895 1.02824e-16 -0
1e+06 4 0.215443 1.02824e-16 -0
1e+06 4 0.334048 1.02824e-16 -0
1e+06 4 0.517947 1.02824e-16 -0
1e+06 4 0.803086 1.02823e-16 -0
1e+06 4 1.2452 1.02822e-16 -0
1e+06 4 1.9307 1.02821e-16 -0
1e+06 4 2.99358 1.0282e-16 -0
1e+06 4 4.64159 1.02817e-16 -0
1e+06 4 7.19686 1.0281e-16 -0
1e+06 4 11.1588 1.02805e-16 -0
1e+06 4 17.302 1.02796e-16 -0
1e+06 4 26.827 1.02782e-16 -0
1e+06 4 41.5956 1.02766e-16 -0
1e+06 4 64.4947 1.02741e-16 -0
1e+06 4 100 1.02703e-16 -0
1e+06 4 155.052 1.02646e-16 -0
1e+06 4 240.41 1.02558e-16 -0
1e+06 4 372.759 1.02419e-16 -0
1e+06 4 577.969 1.02209e-16 -0
1e+06 4 896.151 1.01894e-16 -0
1e+06 4 1389.5 1.014e-16 -0
1e+06 4 2154.43 1.00636e-16 -0
1e+06 4 3340.48 9.94799e-17 -0
1e+06 4 5179.47 9.77592e-17 -0
1e+06 4 8030.86 9.52057e-17 -0
1e+06 4 12452 9.14126e-17 -0
1e+06 4 19307 8.59187e-17 -0
1e+06 4 29935.8 7.8297e-17 -0
1e+06 4 46415.9 6.82865e-17 -0
1e+06 4 71968.6 5.60444e-17 -0
1e+06 4 111588 4.23419e-17 -0
1e+06 4 173020 2.87629e-17 -0
1e+06 4 268270 1.73488e-17 -0
1e+06 4 415956 9.12886e-18 -0
1e+06 4 644947 4.10376e-18 -0
1e+06 4 1e+06 1.51882e-18 -0

