#q_sq i k_sq Re(fg) Im(fg)
1e-06 10 1e-06 0.592209 0
1e-06 10 1.55052e-06 0.592209 0
1e-06 10 2.4041e-06 0.592209 0
1e-06 10 3.72759e-06 0.592208 0
1e-06 10 5.77969e-06 0.592208 0
1e-06 10 8.96151e-06 0.592207 0
1e-06 10 1.3895e-05 0.592205 0
1e-06 10 2.15443e-05 0.592203 0
1e-06 10 3.34048e-05 0.592199 0
1e-06 10 5.17947e-05 0.592194 0
1e-06 10 8.03086e-05 0.592185 0
1e-06 10 0.00012452 0.592172 0
1e-06 10 0.00019307 0.592151 0
1e-06 10 0.000299358 0.592119 0
1e-06 10 0.000464159 0.592069 0
1e-06 10 0.000719686 0.591991 0
1e-06 10 0.00111588 0.591871 0
1e-06 10 0.0017302 0.591682 0
1e-06 10 0.0026827 0.591388 0
1e-06 10 0.00415956 0.590927 0
1e-06 10 0.00644947 0.5902 0
1e-06 10 0.01 0.589042 0
1e-06 10 0.0155052 0.587178 0
1e-06 10 0.024041 0.584128 0
1e-06 10 0.0372759 0.579037 0
1e-06 10 0.0577969 0.570361 0
1e-06 10 0.0896151 0.555314 0
1e-06 10 0.13895 0.529079 0
1e-06 10 0.215443 0.484191 0
1e-06 10 0.334048 0.41175 0
1e-06 10 0.517947 0.307933 0
1e-06 10 0.803086 0.186872 0
1e-06 10 1.2452 0.0841941 0
1e-06 10 1.9307 0.026799 0
1e-06 10 2.99358 0.00653788 0
1e-06 10 4.64159 0.00170758 0
1e-06 10 7.19686 0.000509711 0
1e-06 10 11.1588 0.000224802 0
1e-06 10 17.302 8.73687e-05 0
1e-06 10 26.827 3.79011e-05 0
1e-06 10 41.5956 1.95429e-05 0
1e-06 10 64.4947 1.04493e-05 0
1e-06 10 100 5.66541e-06 0
1e-06 10 155.052 3.19674e-06 0
1e-06 10 240.41 1.83179e-06 0
1e-06 10 372.759 1.04335e-06 0
1e-06 10 577.969 6.0777e-07 0
1e-06 10 896.151 3.63313e-07 0
1e-06 10 1389.5 2.14766e-07 0
1e-06 10 2154.43 1.26238e-07 0
1e-06 10 3340.48 7.46212e-08 0
1e-06 10 5179.47 4.4338e-08 0
1e-06 10 8030.86 2.63e-08 0
1e-06 10 12452 1.53126e-08 0
1e-06 10 19307 8.72203e-09 0
1e-06 10 29935.8 4.85929e-09 0
1e-06 10 46415.9 2.63645e-09 0
1e-06 10 71968.6 1.39074e-09 0
1e-06 10 111588 7.11386e-10 0
1e-06 10 173020 3.46416e-10 0
1e-06 10 268270 1.62786e-10 0
1e-06 10 415956 7.27234e-11 0
1e-06 10 644947 2.94729e-11 0
1e-06 10 1e+06 9.36885e-12 0

2.43835e-06 10 1e-06 0.592209 0
2.43835e-06 10 1.55052e-06 0.592209 0
2.43835e-06 10 2.4041e-06 0.592209 0
2.43835e-06 10 3.72759e-06 0.592209 0
2.43835e-06 10 5.77969e-06 0.592208 0
2.43835e-06 10 8.96151e-06 0.592207 0
2.43835e-06 10 1.3895e-05 0.592206 0
2.43835e-06 10 2.15443e-05 0.592203 0
2.43835e-06 10 3.34048e-05 0.5922 0
2.43835e-06 10 5.17947e-05 0.592194 0
2.43835e-06 10 8.03086e-05 0.592185 0
2.43835e-06 10 0.00012452 0.592172 0
2.43835e-06 10 0.00019307 0.592151 0
2.43835e-06 10 0.000299358 0.592119 0
2.43835e-06 10 0.000464159 0.592069 0
2.43835e-06 10 0.000719686 0.591992 0
2.43835e-06 10 0.00111588 0.591871 0
2.43835e-06 10 0.0017302 0.591683 0
2.43835e-06 10 0.0026827 0.591389 0
2.43835e-06 10 0.00415956 0.590928 0
2.43835e-06 10 0.00644947 0.5902 0
2.43835e-06 10 0.01 0.589043 0
2.43835e-06 10 0.0155052 0.587178 0
2.43835e-06 10 0.024041 0.584128 0
2.43835e-06 10 0.0372759 0.579037 0
2.43835e-06 10 0.0577969 0.570361 0
2.43835e-06 10 0.0896151 0.555314 0
2.43835e-06 10 0.13895 0.52908 0
2.43835e-06 10 0.215443 0.484191 0
2.43835e-06 10 0.334048 0.41175 0
2.43835e-06 10 0.517947 0.307933 0
2.43835e-06 10 0.803086 0.186872 0
2.43835e-06 10 1.2452 0.0841942 0
2.43835e-06 10 1.9307 0.026799 0
2.43835e-06 10 2.99358 0.00653788 0
2.43835e-06 10 4.64159 0.00170758 0
2.43835e-06 10 7.19686 0.000509711 0
2.43835e-06 10 11.1588 0.000224802 0
2.43835e-06 10 17.302 8.73687e-05 0
2.43835e-06 10 26.827 3.79011e-05 0
2.43835e-06 10 41.5956 1.95429e-05 0
2.43835e-06 10 64.4947 1.04493e-05 0
2.43835e-06 10 100 5.66541e-06 0
2.43835e-06 10 155.052 3.19674e-06 0
2.43835e-06 10 240.41 1.83179e-06 0
2.43835e-06 10 372.759 1.04335e-06 0
2.43835e-06 10 577.969 6.0777e-07 0
2.43835e-06 10 896.151 3.63313e-07 0
2.43835e-06 10 1389.5 2.14766e-07 0
2.43835e-06 10 2154.43 1.26238e-07 0
2.43835e-06 10 3340.48 7.46212e-08 0
2.43835e-06 10 5179.47 4.4338e-08 0
2.43835e-06 10 8030.86 2.63e-08 0
2.43835e-06 10 12452 1.53126e-08 0
2.43835e-06 10 19307 8.72203e-09 0
2.43835e-06 10 29935.8 4.85929e-09 0
2.43835e-06 10 46415.9 2.63645e-09 0
2.43835e-06 10 71968.6 1.39074e-09 0
2.43835e-06 10 111588 7.11386e-10 0
2.43835e-06 10 173020 3.46416e-10 0
2.43835e-06 10 268270 1.62786e-10 0
2.43835e-06 10 415956 7.27234e-11 0
2.43835e-06 10 644947 2.94729e-11 0
2.43835e-06 10 1e+06 9.36885e-12 0

5.94557e-06 10 1e-06 0.59221 0
5.94557e-06 10 1.55052e-06 0.59221 0
5.94557e-06 10 2.4041e-06 0.59221 0
5.94557e-06 10 3.72759e-06 0.592209 0
5.94557e-06 10 5.77969e-06 0.592209 0
5.94557e-06 10 8.96151e-06 0.592208 0
5.94557e-06 10 1.3895e-05 0.592206 0
5.94557e-06 10 2.15443e-05 0.592204 0
5.94557e-06 10 3.34048e-05 0.5922 0
5.94557e-06 10 5.17947e-05 0.592195 0
5.94557e-06 10 8.03086e-05 0.592186 0
5.94557e-06 10 0.00012452 0.592173 0
5.94557e-06 10 0.00019307 0.592152 0
5.94557e-06 10 0.000299358 0.59212 0
5.94557e-06 10 0.000464159 0.59207 0
5.94557e-06 10 0.000719686 0.591992 0
5.94557e-06 10 0.00111588 0.591871 0
5.94557e-06 10 0.0017302 0.591683 0
5.94557e-06 10 0.0026827 0.591389 0
5.94557e-06 10 0.00415956 0.590928 0
5.94557e-06 10 0.00644947 0.590201 0
5.94557e-06 10 0.01 0.589043 0
5.94557e-06 10 0.0155052 0.587179 0
5.94557e-06 10 0.024041 0.584128 0
5.94557e-06 10 0.0372759 0.579038 0
5.94557e-06 10 0.0577969 0.570361 0
5.94557e-06 10 0.0896151 0.555315 0
5.94557e-06 10 0.13895 0.52908 0
5.94557e-06 10 0.215443 0.484192 0
5.94557e-06 10 0.334048 0.411751 0
5.94557e-06 10 0.517947 0.307934 0
5.94557e-06 10 0.803086 0.186872 0
5.94557e-06 10 1.2452 0.0841942 0
5.94557e-06 10 1.9307 0.026799 0
5.94557e-06 10 2.99358 0.00653788 0
5.94557e-06 10 4.64159 0.00170758 0
5.94557e-06 10 7.19686 0.000509711 0
5.94557e-06 10 11.1588 0.000224802 0
5.94557e-06 10 17.302 8.73687e-05 0
5.94557e-06 10 26.827 3.79011e-05 0
5.94557e-06 10 41.5956 1.95429e-05 0
5.94557e-06 10 64.4947 1.04493e-05 0
5.94557e-06 10 100 5.66541e-06 0
5.94557e-06 10 155.052 3.19674e-06 0
5.94557e-06 10 240.41 1.83179e-06 0
5.94557e-06 10 372.759 1.04335e-06 0
5.94557e-06 10 577.969 6.0777e-07 0
5.94557e-06 10 896.151 3.63313e-07 0
5.94557e-06 10 1389.5 2.14766e-07 0
5.94557e-06 10 2154.43 1.26238e-07 0
5.94557e-06 10 3340.48 7.46212e-08 0
5.94557e-06 10 5179.47 4.4338e-08 0
5.94557e-06 10 8030.86 2.63e-08 0
5.94557e-06 10 12452 1.53126e-08 0
5.94557e-06 10 19307 8.72203e-09 0
5.94557e-06 10 29935.8 4.85929e-09 0
5.94557e-06 10 46415.9 2.63645e-09 0
5.94557e-06 10 71968.6 1.39074e-09 0
5.94557e-06 10 111588 7.11386e-10 0
5.94557e-06 10 173020 3.46416e-10 0
5.94557e-06 10 268270 1.62786e-10 0
5.94557e-06 10 415956 7.27234e-11 0
5.94557e-06 10 644947 2.94729e-11 0
5.94557e-06 10 1e+06 9.36885e-12 0

1.44974e-05 10 1e-06 0.592212 0
1.44974e-05 10 1.55052e-06 0.592212 0
1.44974e-05 10 2.4041e-06 0.592211 0
1.44974e-05 10 3.72759e-06 0.592211 0
1.44974e-05 10 5.77969e-06 0.59221 0
1.44974e-05 10 8.96151e-06 0.592209 0
1.44974e-05 10 1.3895e-05 0.592208 0
1.44974e-05 10 2.15443e-05 0.592205 0
1.44974e-05 10 3.34048e-05 0.592202 0
1.44974e-05 10 5.17947e-05 0.592196 0
1.44974e-05 10 8.03086e-05 0.592188 0
1.44974e-05 10 0.00012452 0.592174 0
1.44974e-05 10 0.00019307 0.592154 0
1.44974e-05 10 0.000299358 0.592121 0
1.44974e-05 10 0.000464159 0.592071 0
1.44974e-05 10 0.000719686 0.591994 0
1.44974e-05 10 0.00111588 0.591873 0
1.44974e-05 10 0.0017302 0.591685 0
1.44974e-05 10 0.0026827 0.591391 0
1.44974e-05 10 0.00415956 0.59093 0
1.44974e-05 10 0.00644947 0.590202 0
1.44974e-05 10 0.01 0.589045 0
1.44974e-05 10 0.0155052 0.58718 0
1.44974e-05 10 0.024041 0.58413 0
1.44974e-05 10 0.0372759 0.579039 0
1.44974e-05 10 0.0577969 0.570363 0
1.44974e-05 10 0.0896151 0.555316 0
1.44974e-05 10 0.13895 0.529081 0
1.44974e-05 10 0.215443 0.484192 0
1.44974e-05 10 0.334048 0.411751 0
1.44974e-05 10 0.517947 0.307934 0
1.44974e-05 10 0.803086 0.186872 0
1.44974e-05 10 1.2452 0.0841943 0
1.44974e-05 10 1.9307 0.0267991 0
1.44974e-05 10 2.99358 0.00653789 0
1.44974e-05 10 4.64159 0.00170759 0
1.44974e-05 10 7.19686 0.000509712 0
1.44974e-05 10 11.1588 0.000224802 0
1.44974e-05 10 17.302 8.73689e-05 0
1.44974e-05 10 26.827 3.79012e-05 0
1.44974e-05 10 41.5956 1.95429e-05 0
1.44974e-05 10 64.4947 1.04494e-05 0
1.44974e-05 10 100 5.66542e-06 0
1.44974e-05 10 155.052 3.19674e-06 0
1.44974e-05 10 240.41 1.83179e-06 0
1.44974e-05 10 372.759 1.04335e-06 0
1.44974e-05 10 577.969 6.0777e-07 0
1.44974e-05 10 896.151 3.63313e-07 0
1.44974e-05 10 1389.5 2.14766e-07 0
1.44974e-05 10 2154.43 1.26238e-07 0
1.44974e-05 10 3340.48 7.46212e-08 0
1.44974e-05 10 5179.47 4.4338e-08 0
1.44974e-05 10 8030.86 2.63e-08 0
1.44974e-05 10 12452 1.53126e-08 0
1.44974e-05 10 19307 8.72203e-09 0
1.44974e-05 10 29935.8 4.85929e-09 0
1.44974e-05 10 46415.9 2.63645e-09 0
1.44974e-05 10 71968.6 1.39074e-09 0
1.44974e-05 10 111588 7.11386e-10 0
1.44974e-05 10 173020 3.46416e-10 0
1.44974e-05 10 268270 1.62786e-10 0
1.44974e-05 10 415956 7.27234e-11 0
1.44974e-05 10 644947 2.94729e-11 0
1.44974e-05 10 1e+06 9.36885e-12 0

3.53498e-05 10 1e-06 0.592216 0
3.53498e-05 10 1.55052e-06 0.592215 0
3.53498e-05 10 2.4041e-06 0.592215 0
3.53498e-05 10 3.72759e-06 0.592215 0
3.53498e-05 10 5.77969e-06 0.592214 0
3.53498e-05 10 8.96151e-06 0.592213 0
3.53498e-05 10 1.3895e-05 0.592212 0
3.53498e-05 10 2.15443e-05 0.592209 0
3.53498e-05 10 3.34048e-05 0.592206 0
3.53498e-05 10 5.17947e-05 0.5922 0
3.53498e-05 10 8.03086e-05 0.592192 0
3.53498e-05 10 0.00012452 0.592178 0
3.53498e-05 10 0.00019307 0.592157 0
3.53498e-05 10 0.000299358 0.592125 0
3.53498e-05 10 0.000464159 0.592075 0
3.53498e-05 10 0.000719686 0.591998 0
3.53498e-05 10 0.00111588 0.591877 0
3.53498e-05 10 0.0017302 0.591689 0
3.53498e-05 10 0.0026827 0.591395 0
3.53498e-05 10 0.00415956 0.590934 0
3.53498e-05 10 0.00644947 0.590206 0
3.53498e-05 10 0.01 0.589048 0
3.53498e-05 10 0.0155052 0.587184 0
3.53498e-05 10 0.024041 0.584133 0
3.53498e-05 10 0.0372759 0.579042 0
3.53498e-05 10 0.0577969 0.570366 0
3.53498e-05 10 0.0896151 0.555318 0
3.53498e-05 10 0.13895 0.529083 0
3.53498e-05 10 0.215443 0.484194 0
3.53498e-05 10 0.334048 0.411752 0
3.53498e-05 10 0.517947 0.307935 0
3.53498e-05 10 0.803086 0.186872 0
3.53498e-05 10 1.2452 0.0841945 0
3.53498e-05 10 1.9307 0.0267991 0
3.53498e-05 10 2.99358 0.00653791 0
3.53498e-05 10 4.64159 0.00170759 0
3.53498e-05 10 7.19686 0.000509714 0
3.53498e-05 10 11.1588 0.000224803 0
3.53498e-05 10 17.302 8.73692e-05 0
3.53498e-05 10 26.827 3.79013e-05 0
3.53498e-05 10 41.5956 1.9543e-05 0
3.53498e-05 10 64.4947 1.04494e-05 0
3.53498e-05 10 100 5.66542e-06 0
3.53498e-05 10 155.052 3.19674e-06 0
3.53498e-05 10 240.41 1.83179e-06 0
3.53498e-05 10 372.759 1.04335e-06 0
3.53498e-05 10 577.969 6.0777e-07 0
3.53498e-05 10 896.151 3.63313e-07 0
3.53498e-05 10 1389.5 2.14766e-07 0
3.53498e-05 10 2154.43 1.26238e-07 0
3.53498e-05 10 3340.48 7.46212e-08 0
3.53498e-05 10 5179.47 4.4338e-08 0
3.53498e-05 10 8030.86 2.63e-08 0
3.53498e-05 10 12452 1.53126e-08 0
3.53498e-05 10 19307 8.72203e-09 0
3.53498e-05 10 29935.8 4.85929e-09 0
3.53498e-05 10 46415.9 2.63645e-09 0
3.53498e-05 10 71968.6 1.39074e-09 0
3.53498e-05 10 111588 7.11386e-10 0
3.53498e-05 10 173020 3.46416e-10 0
3.53498e-05 10 268270 1.62786e-10 0
3.53498e-05 10 415956 7.27234e-11 0
3.53498e-05 10 644947 2.94729e-11 0
3.53498e-05 10 1e+06 9.36885e-12 0

8.61954e-05 10 1e-06 0.592225 0
8.61954e-05 10 1.55052e-06 0.592225 0
8.61954e-05 10 2.4041e-06 0.592224 0
8.61954e-05 10 3.72759e-06 0.592224 0
8.61954e-05 10 5.77969e-06 0.592223 0
8.61954e-05 10 8.96151e-06 0.592223 0
8.61954e-05 10 1.3895e-05 0.592221 0
8.61954e-05 10 2.15443e-05 0.592219 0
8.61954e-05 10 3.34048e-05 0.592215 0
8.61954e-05 10 5.17947e-05 0.59221 0
8.61954e-05 10 8.03086e-05 0.592201 0
8.61954e-05 10 0.00012452 0.592188 0
8.61954e-05 10 0.00019307 0.592167 0
8.61954e-05 10 0.000299358 0.592135 0
8.61954e-05 10 0.000464159 0.592085 0
8.61954e-05 10 0.000719686 0.592007 0
8.61954e-05 10 0.00111588 0.591886 0
8.61954e-05 10 0.0017302 0.591698 0
8.61954e-05 10 0.0026827 0.591404 0
8.61954e-05 10 0.00415956 0.590943 0
8.61954e-05 10 0.00644947 0.590215 0
8.61954e-05 10 0.01 0.589057 0
8.61954e-05 10 0.0155052 0.587193 0
8.61954e-05 10 0.024041 0.584142 0
8.61954e-05 10 0.0372759 0.57905 0
8.61954e-05 10 0.0577969 0.570373 0
8.61954e-05 10 0.0896151 0.555325 0
8.61954e-05 10 0.13895 0.529089 0
8.61954e-05 10 0.215443 0.484199 0
8.61954e-05 10 0.334048 0.411756 0
8.61954e-05 10 0.517947 0.307937 0
8.61954e-05 10 0.803086 0.186874 0
8.61954e-05 10 1.2452 0.0841951 0
8.61954e-05 10 1.9307 0.0267993 0
8.61954e-05 10 2.99358 0.00653795 0
8.61954e-05 10 4.64159 0.0017076 0
8.61954e-05 10 7.19686 0.000509718 0
8.61954e-05 10 11.1588 0.000224805 0
8.61954e-05 10 17.302 8.73699e-05 0
8.61954e-05 10 26.827 3.79016e-05 0
8.61954e-05 10 41.5956 1.95431e-05 0
8.61954e-05 10 64.4947 1.04494e-05 0
8.61954e-05 10 100 5.66544e-06 0
8.61954e-05 10 155.052 3.19675e-06 0
8.61954e-05 10 240.41 1.8318e-06 0
8.61954e-05 10 372.759 1.04335e-06 0
8.61954e-05 10 577.969 6.07771e-07 0
8.61954e-05 10 896.151 3.63313e-07 0
8.61954e-05 10 1389.5 2.14766e-07 0
8.61954e-05 10 2154.43 1.26238e-07 0
8.61954e-05 10 3340.48 7.46212e-08 0
8.61954e-05 10 5179.47 4.4338e-08 0
8.61954e-05 10 8030.86 2.63e-08 0
8.61954e-05 10 12452 1.53126e-08 0
8.61954e-05 10 19307 8.72203e-09 0
8.61954e-05 10 29935.8 4.85929e-09 0
8.61954e-05 10 46415.9 2.63645e-09 0
8.61954e-05 10 71968.6 1.39074e-09 0
8.61954e-05 10 111588 7.11386e-10 0
8.61954e-05 10 173020 3.46416e-10 0
8.61954e-05 10 268270 1.62786e-10 0
8.61954e-05 10 415956 7.27234e-11 0
8.61954e-05 10 644947 2.94729e-11 0
8.61954e-05 10 1e+06 9.36885e-12 0

0.000210175 10 1e-06 0.592248 0
0.000210175 10 1.55052e-06 0.592248 0
0.000210175 10 2.4041e-06 0.592247 0
0.000210175 10 3.72759e-06 0.592247 0
0.000210175 10 5.77969e-06 0.592246 0
0.000210175 10 8.96151e-06 0.592245 0
0.000210175 10 1.3895e-05 0.592244 0
0.000210175 10 2.15443e-05 0.592242 0
0.000210175 10 3.34048e-05 0.592238 0
0.000210175 10 5.17947e-05 0.592232 0
0.000210175 10 8.03086e-05 0.592224 0
0.000210175 10 0.00012452 0.59221 0
0.000210175 10 0.00019307 0.59219 0
0.000210175 10 0.000299358 0.592158 0
0.000210175 10 0.000464159 0.592108 0
0.000210175 10 0.000719686 0.59203 0
0.000210175 10 0.00111588 0.591909 0
0.000210175 10 0.0017302 0.591721 0
0.000210175 10 0.0026827 0.591427 0
0.000210175 10 0.00415956 0.590965 0
0.000210175 10 0.00644947 0.590238 0
0.000210175 10 0.01 0.589079 0
0.000210175 10 0.0155052 0.587214 0
0.000210175 10 0.024041 0.584163 0
0.000210175 10 0.0372759 0.57907 0
0.000210175 10 0.0577969 0.570392 0
0.000210175 10 0.0896151 0.555342 0
0.000210175 10 0.13895 0.529103 0
0.000210175 10 0.215443 0.484209 0
0.000210175 10 0.334048 0.411763 0
0.000210175 10 0.517947 0.307942 0
0.000210175 10 0.803086 0.186876 0
0.000210175 10 1.2452 0.0841964 0
0.000210175 10 1.9307 0.0267998 0
0.000210175 10 2.99358 0.00653806 0
0.000210175 10 4.64159 0.00170763 0
0.000210175 10 7.19686 0.000509728 0
0.000210175 10 11.1588 0.000224809 0
0.000210175 10 17.302 8.73717e-05 0
0.000210175 10 26.827 3.79023e-05 0
0.000210175 10 41.5956 1.95434e-05 0
0.000210175 10 64.4947 1.04495e-05 0
0.000210175 10 100 5.66548e-06 0
0.000210175 10 155.052 3.19676e-06 0
0.000210175 10 240.41 1.8318e-06 0
0.000210175 10 372.759 1.04335e-06 0
0.000210175 10 577.969 6.07772e-07 0
0.000210175 10 896.151 3.63313e-07 0
0.000210175 10 1389.5 2.14766e-07 0
0.000210175 10 2154.43 1.26238e-07 0
0.000210175 10 3340.48 7.46212e-08 0
0.000210175 10 5179.47 4.4338e-08 0
0.000210175 10 8030.86 2.63e-08 0
0.000210175 10 12452 1.53126e-08 0
0.000210175 10 19307 8.72203e-09 0
0.000210175 10 29935.8 4.85929e-09 0
0.000210175 10 46415.9 2.63645e-09 0
0.000210175 10 71968.6 1.39074e-09 0
0.000210175 10 111588 7.11386e-10 0
0.000210175 10 173020 3.46416e-10 0
0.000210175 10 268270 1.62786e-10 0
0.000210175 10 415956 7.27234e-11 0
0.000210175 10 644947 2.94729e-11 0
0.000210175 10 1e+06 9.36885e-12 0

0.000512481 10 1e-06 0.592304 0
0.000512481 10 1.55052e-06 0.592303 0
0.000512481 10 2.4041e-06 0.592303 0
0.000512481 10 3.72759e-06 0.592303 0
0.000512481 10 5.77969e-06 0.592302 0
0.000512481 10 8.96151e-06 0.592301 0
0.000512481 10 1.3895e-05 0.5923 0
0.000512481 10 2.15443e-05 0.592297 0
0.000512481 10 3.34048e-05 0.592294 0
0.000512481 10 5.17947e-05 0.592288 0
0.000512481 10 8.03086e-05 0.59228 0
0.000512481 10 0.00012452 0.592266 0
0.000512481 10 0.00019307 0.592245 0
0.000512481 10 0.000299358 0.592213 0
0.000512481 10 0.000464159 0.592163 0
0.000512481 10 0.000719686 0.592085 0
0.000512481 10 0.00111588 0.591965 0
0.000512481 10 0.0017302 0.591776 0
0.000512481 10 0.0026827 0.591482 0
0.000512481 10 0.00415956 0.59102 0
0.000512481 10 0.00644947 0.590292 0
0.000512481 10 0.01 0.589133 0
0.000512481 10 0.0155052 0.587267 0
0.000512481 10 0.024041 0.584214 0
0.000512481 10 0.0372759 0.579119 0
0.000512481 10 0.0577969 0.570437 0
0.000512481 10 0.0896151 0.555382 0
0.000512481 10 0.13895 0.529137 0
0.000512481 10 0.215443 0.484236 0
0.000512481 10 0.334048 0.411782 0
0.000512481 10 0.517947 0.307954 0
0.000512481 10 0.803086 0.186883 0
0.000512481 10 1.2452 0.0841996 0
0.000512481 10 1.9307 0.0268009 0
0.000512481 10 2.99358 0.00653834 0
0.000512481 10 4.64159 0.00170769 0
0.000512481 10 7.19686 0.000509753 0
0.000512481 10 11.1588 0.000224819 0
0.000512481 10 17.302 8.73761e-05 0
0.000512481 10 26.827 3.79041e-05 0
0.000512481 10 41.5956 1.95441e-05 0
0.000512481 10 64.4947 1.04498e-05 0
0.000512481 10 100 5.66559e-06 0
0.000512481 10 155.052 3.1968e-06 0
0.000512481 10 240.41 1.83182e-06 0
0.000512481 10 372.759 1.04336e-06 0
0.000512481 10 577.969 6.07774e-07 0
0.000512481 10 896.151 3.63314e-07 0
0.000512481 10 1389.5 2.14767e-07 0
0.000512481 10 2154.43 1.26239e-07 0
0.000512481 10 3340.48 7.46213e-08 0
0.000512481 10 5179.47 4.4338e-08 0
0.000512481 10 8030.86 2.63e-08 0
0.000512481 10 12452 1.53126e-08 0
0.000512481 10 19307 8.72203e-09 0
0.000512481 10 29935.8 4.85929e-09 0
0.000512481 10 46415.9 2.63645e-09 0
0.000512481 10 71968.6 1.39074e-09 0
0.000512481 10 111588 7.11386e-10 0
0.000512481 10 173020 3.46416e-10 0
0.000512481 10 268270 1.62786e-10 0
0.000512481 10 415956 7.27234e-11 0
0.000512481 10 644947 2.94729e-11 0
0.000512481 10 1e+06 9.36885e-12 0

0.00124961 10 1e-06 0.59244 0
0.00124961 10 1.55052e-06 0.592439 0
0.00124961 10 2.4041e-06 0.592439 0
0.00124961 10 3.72759e-06 0.592439 0
0.00124961 10 5.77969e-06 0.592438 0
0.00124961 10 8.96151e-06 0.592437 0
0.00124961 10 1.3895e-05 0.592436 0
0.00124961 10 2.15443e-05 0.592433 0
0.00124961 10 3.34048e-05 0.59243 0
0.00124961 10 5.17947e-05 0.592424 0
0.00124961 10 8.03086e-05 0.592416 0
0.00124961 10 0.00012452 0.592402 0
0.00124961 10 0.00019307 0.592381 0
0.00124961 10 0.000299358 0.592349 0
0.00124961 10 0.000464159 0.592299 0
0.00124961 10 0.000719686 0.592221 0
0.00124961 10 0.00111588 0.5921 0
0.00124961 10 0.0017302 0.591911 0
0.00124961 10 0.0026827 0.591616 0
0.00124961 10 0.00415956 0.591154 0
0.00124961 10 0.00644947 0.590425 0
0.00124961 10 0.01 0.589264 0
0.00124961 10 0.0155052 0.587395 0
0.00124961 10 0.024041 0.584338 0
0.00124961 10 0.0372759 0.579237 0
0.00124961 10 0.0577969 0.570546 0
0.00124961 10 0.0896151 0.555479 0
0.00124961 10 0.13895 0.529219 0
0.00124961 10 0.215443 0.4843 0
0.00124961 10 0.334048 0.411828 0
0.00124961 10 0.517947 0.307983 0
0.00124961 10 0.803086 0.1869 0
0.00124961 10 1.2452 0.0842075 0
0.00124961 10 1.9307 0.0268036 0
0.00124961 10 2.99358 0.006539 0
0.00124961 10 4.64159 0.00170786 0
0.00124961 10 7.19686 0.000509814 0
0.00124961 10 11.1588 0.000224844 0
0.00124961 10 17.302 8.73869e-05 0
0.00124961 10 26.827 3.79084e-05 0
0.00124961 10 41.5956 1.95458e-05 0
0.00124961 10 64.4947 1.04504e-05 0
0.00124961 10 100 5.66584e-06 0
0.00124961 10 155.052 3.1969e-06 0
0.00124961 10 240.41 1.83186e-06 0
0.00124961 10 372.759 1.04337e-06 0
0.00124961 10 577.969 6.0778e-07 0
0.00124961 10 896.151 3.63317e-07 0
0.00124961 10 1389.5 2.14767e-07 0
0.00124961 10 2154.43 1.26239e-07 0
0.00124961 10 3340.48 7.46214e-08 0
0.00124961 10 5179.47 4.43381e-08 0
0.00124961 10 8030.86 2.63e-08 0
0.00124961 10 12452 1.53126e-08 0
0.00124961 10 19307 8.72204e-09 0
0.00124961 10 29935.8 4.85929e-09 0
0.00124961 10 46415.9 2.63645e-09 0
0.00124961 10 71968.6 1.39074e-09 0
0.00124961 10 111588 7.11386e-10 0
0.00124961 10 173020 3.46416e-10 0
0.00124961 10 268270 1.62786e-10 0
0.00124961 10 415956 7.27234e-11 0
0.00124961 10 644947 2.94729e-11 0
0.00124961 10 1e+06 9.36885e-12 0

0.00304699 10 1e-06 0.59277 0
0.00304699 10 1.55052e-06 0.59277 0
0.00304699 10 2.4041e-06 0.59277 0
0.00304699 10 3.72759e-06 0.59277 0
0.00304699 10 5.77969e-06 0.592769 0
0.00304699 10 8.96151e-06 0.592768 0
0.00304699 10 1.3895e-05 0.592767 0
0.00304699 10 2.15443e-05 0.592764 0
0.00304699 10 3.34048e-05 0.592761 0
0.00304699 10 5.17947e-05 0.592755 0
0.00304699 10 8.03086e-05 0.592746 0
0.00304699 10 0.00012452 0.592733 0
0.00304699 10 0.00019307 0.592712 0
0.00304699 10 0.000299358 0.59268 0
0.00304699 10 0.000464159 0.592629 0
0.00304699 10 0.000719686 0.592551 0
0.00304699 10 0.00111588 0.592429 0
0.00304699 10 0.0017302 0.59224 0
0.00304699 10 0.0026827 0.591944 0
0.00304699 10 0.00415956 0.59148 0
0.00304699 10 0.00644947 0.590747 0
0.00304699 10 0.01 0.589582 0
0.00304699 10 0.0155052 0.587707 0
0.00304699 10 0.024041 0.584639 0
0.00304699 10 0.0372759 0.579524 0
0.00304699 10 0.0577969 0.570812 0
0.00304699 10 0.0896151 0.555716 0
0.00304699 10 0.13895 0.529419 0
0.00304699 10 0.215443 0.484456 0
0.00304699 10 0.334048 0.411939 0
0.00304699 10 0.517947 0.308055 0
0.00304699 10 0.803086 0.186941 0
0.00304699 10 1.2452 0.0842268 0
0.00304699 10 1.9307 0.0268101 0
0.00304699 10 2.99358 0.00654061 0
0.00304699 10 4.64159 0.00170825 0
0.00304699 10 7.19686 0.000509963 0
0.00304699 10 11.1588 0.000224905 0
0.00304699 10 17.302 8.74133e-05 0
0.00304699 10 26.827 3.7919e-05 0
0.00304699 10 41.5956 1.95498e-05 0
0.00304699 10 64.4947 1.0452e-05 0
0.00304699 10 100 5.66645e-06 0
0.00304699 10 155.052 3.19714e-06 0
0.00304699 10 240.41 1.83195e-06 0
0.00304699 10 372.759 1.04341e-06 0
0.00304699 10 577.969 6.07794e-07 0
0.00304699 10 896.151 3.63322e-07 0
0.00304699 10 1389.5 2.1477e-07 0
0.00304699 10 2154.43 1.2624e-07 0
0.00304699 10 3340.48 7.46218e-08 0
0.00304699 10 5179.47 4.43382e-08 0
0.00304699 10 8030.86 2.63e-08 0
0.00304699 10 12452 1.53126e-08 0
0.00304699 10 19307 8.72204e-09 0
0.00304699 10 29935.8 4.85929e-09 0
0.00304699 10 46415.9 2.63645e-09 0
0.00304699 10 71968.6 1.39074e-09 0
0.00304699 10 111588 7.11386e-10 0
0.00304699 10 173020 3.46416e-10 0
0.00304699 10 268270 1.62786e-10 0
0.00304699 10 415956 7.27234e-11 0
0.00304699 10 644947 2.94729e-11 0
0.00304699 10 1e+06 9.36885e-12 0

0.00742964 10 1e-06 0.593574 0
0.00742964 10 1.55052e-06 0.593574 0
0.00742964 10 2.4041e-06 0.593573 0
0.00742964 10 3.72759e-06 0.593573 0
0.00742964 10 5.77969e-06 0.593572 0
0.00742964 10 8.96151e-06 0.593571 0
0.00742964 10 1.3895e-05 0.59357 0
0.00742964 10 2.15443e-05 0.593568 0
0.00742964 10 3.34048e-05 0.593564 0
0.00742964 10 5.17947e-05 0.593558 0
0.00742964 10 8.03086e-05 0.59355 0
0.00742964 10 0.00012452 0.593536 0
0.00742964 10 0.00019307 0.593515 0
0.00742964 10 0.000299358 0.593482 0
0.00742964 10 0.000464159 0.593431 0
0.00742964 10 0.000719686 0.593352 0
0.00742964 10 0.00111588 0.593229 0
0.00742964 10 0.0017302 0.593038 0
0.00742964 10 0.0026827 0.592739 0
0.00742964 10 0.00415956 0.59227 0
0.00742964 10 0.00644947 0.591531 0
0.00742964 10 0.01 0.590355 0
0.00742964 10 0.0155052 0.588463 0
0.00742964 10 0.024041 0.585372 0
0.00742964 10 0.0372759 0.58022 0
0.00742964 10 0.0577969 0.571457 0
0.00742964 10 0.0896151 0.556291 0
0.00742964 10 0.13895 0.529904 0
0.00742964 10 0.215443 0.484835 0
0.00742964 10 0.334048 0.412209 0
0.00742964 10 0.517947 0.308228 0
0.00742964 10 0.803086 0.18704 0
0.00742964 10 1.2452 0.0842734 0
0.00742964 10 1.9307 0.0268261 0
0.00742964 10 2.99358 0.00654454 0
0.00742964 10 4.64159 0.00170921 0
0.00742964 10 7.19686 0.000510325 0
0.00742964 10 11.1588 0.000225054 0
0.00742964 10 17.302 8.74774e-05 0
0.00742964 10 26.827 3.79447e-05 0
0.00742964 10 41.5956 1.95598e-05 0
0.00742964 10 64.4947 1.04559e-05 0
0.00742964 10 100 5.66795e-06 0
0.00742964 10 155.052 3.19772e-06 0
0.00742964 10 240.41 1.83217e-06 0
0.00742964 10 372.759 1.0435e-06 0
0.00742964 10 577.969 6.07828e-07 0
0.00742964 10 896.151 3.63336e-07 0
0.00742964 10 1389.5 2.14775e-07 0
0.00742964 10 2154.43 1.26242e-07 0
0.00742964 10 3340.48 7.46226e-08 0
0.00742964 10 5179.47 4.43385e-08 0
0.00742964 10 8030.86 2.63002e-08 0
0.00742964 10 12452 1.53127e-08 0
0.00742964 10 19307 8.72206e-09 0
0.00742964 10 29935.8 4.8593e-09 0
0.00742964 10 46415.9 2.63646e-09 0
0.00742964 10 71968.6 1.39074e-09 0
0.00742964 10 111588 7.11386e-10 0
0.00742964 10 173020 3.46416e-10 0
0.00742964 10 268270 1.62786e-10 0
0.00742964 10 415956 7.27234e-11 0
0.00742964 10 644947 2.94729e-11 0
0.00742964 10 1e+06 9.36885e-12 0

0.0181161 10 1e-06 0.595513 0
0.0181161 10 1.55052e-06 0.595512 0
0.0181161 10 2.4041e-06 0.595512 0
0.0181161 10 3.72759e-06 0.595512 0
0.0181161 10 5.77969e-06 0.595511 0
0.0181161 10 8.96151e-06 0.59551 0
0.0181161 10 1.3895e-05 0.595509 0
0.0181161 10 2.15443e-05 0.595506 0
0.0181161 10 3.34048e-05 0.595502 0
0.0181161 10 5.17947e-05 0.595497 0
0.0181161 10 8.03086e-05 0.595488 0
0.0181161 10 0.00012452 0.595474 0
0.0181161 10 0.00019307 0.595452 0
0.0181161 10 0.000299358 0.595418 0
0.0181161 10 0.000464159 0.595366 0
0.0181161 10 0.000719686 0.595285 0
0.0181161 10 0.00111588 0.59516 0
0.0181161 10 0.0017302 0.594964 0
0.0181161 10 0.0026827 0.594657 0
0.0181161 10 0.00415956 0.594178 0
0.0181161 10 0.00644947 0.593421 0
0.0181161 10 0.01 0.59222 0
0.0181161 10 0.0155052 0.590289 0
0.0181161 10 0.024041 0.587138 0
0.0181161 10 0.0372759 0.5819 0
0.0181161 10 0.0577969 0.573013 0
0.0181161 10 0.0896151 0.557677 0
0.0181161 10 0.13895 0.53107 0
0.0181161 10 0.215443 0.485746 0
0.0181161 10 0.334048 0.412855 0
0.0181161 10 0.517947 0.308642 0
0.0181161 10 0.803086 0.187276 0
0.0181161 10 1.2452 0.0843855 0
0.0181161 10 1.9307 0.0268646 0
0.0181161 10 2.99358 0.00655406 0
0.0181161 10 4.64159 0.00171153 0
0.0181161 10 7.19686 0.000511207 0
0.0181161 10 11.1588 0.000225416 0
0.0181161 10 17.302 8.76333e-05 0
0.0181161 10 26.827 3.80072e-05 0
0.0181161 10 41.5956 1.95841e-05 0
0.0181161 10 64.4947 1.04653e-05 0
0.0181161 10 100 5.67159e-06 0
0.0181161 10 155.052 3.19913e-06 0
0.0181161 10 240.41 1.83272e-06 0
0.0181161 10 372.759 1.04371e-06 0
0.0181161 10 577.969 6.07912e-07 0
0.0181161 10 896.151 3.63368e-07 0
0.0181161 10 1389.5 2.14788e-07 0
0.0181161 10 2154.43 1.26247e-07 0
0.0181161 10 3340.48 7.46246e-08 0
0.0181161 10 5179.47 4.43393e-08 0
0.0181161 10 8030.86 2.63005e-08 0
0.0181161 10 12452 1.53128e-08 0
0.0181161 10 19307 8.72211e-09 0
0.0181161 10 29935.8 4.85932e-09 0
0.0181161 10 46415.9 2.63646e-09 0
0.0181161 10 71968.6 1.39074e-09 0
0.0181161 10 111588 7.11387e-10 0
0.0181161 10 173020 3.46416e-10 0
0.0181161 10 268270 1.62786e-10 0
0.0181161 10 415956 7.27234e-11 0
0.0181161 10 644947 2.94729e-11 0
0.0181161 10 1e+06 9.36885e-12 0

0.0441734 10 1e-06 0.600102 0
0.0441734 10 1.55052e-06 0.600102 0
0.0441734 10 2.4041e-06 0.600101 0
0.0441734 10 3.72759e-06 0.600101 0
0.0441734 10 5.77969e-06 0.6001 0
0.0441734 10 8.96151e-06 0.600099 0
0.0441734 10 1.3895e-05 0.600097 0
0.0441734 10 2.15443e-05 0.600095 0
0.0441734 10 3.34048e-05 0.600091 0
0.0441734 10 5.17947e-05 0.600085 0
0.0441734 10 8.03086e-05 0.600075 0
0.0441734 10 0.00012452 0.600061 0
0.0441734 10 0.00019307 0.600038 0
0.0441734 10 0.000299358 0.600002 0
0.0441734 10 0.000464159 0.599947 0
0.0441734 10 0.000719686 0.599862 0
0.0441734 10 0.00111588 0.599728 0
0.0441734 10 0.0017302 0.599521 0
0.0441734 10 0.0026827 0.599198 0
0.0441734 10 0.00415956 0.598692 0
0.0441734 10 0.00644947 0.597895 0
0.0441734 10 0.01 0.596631 0
0.0441734 10 0.0155052 0.594606 0
0.0441734 10 0.024041 0.591313 0
0.0441734 10 0.0372759 0.585867 0
0.0441734 10 0.0577969 0.576683 0
0.0441734 10 0.0896151 0.560939 0
0.0441734 10 0.13895 0.533809 0
0.0441734 10 0.215443 0.487873 0
0.0441734 10 0.334048 0.414356 0
0.0441734 10 0.517947 0.309597 0
0.0441734 10 0.803086 0.187821 0
0.0441734 10 1.2452 0.0846454 0
0.0441734 10 1.9307 0.0269544 0
0.0441734 10 2.99358 0.00657634 0
0.0441734 10 4.64159 0.00171699 0
0.0441734 10 7.19686 0.000513311 0
0.0441734 10 11.1588 0.000226285 0
0.0441734 10 17.302 8.80084e-05 0
0.0441734 10 26.827 3.81578e-05 0
0.0441734 10 41.5956 1.96424e-05 0
0.0441734 10 64.4947 1.04878e-05 0
0.0441734 10 100 5.68034e-06 0
0.0441734 10 155.052 3.20252e-06 0
0.0441734 10 240.41 1.83404e-06 0
0.0441734 10 372.759 1.04422e-06 0
0.0441734 10 577.969 6.08113e-07 0
0.0441734 10 896.151 3.63447e-07 0
0.0441734 10 1389.5 2.14819e-07 0
0.0441734 10 2154.43 1.26259e-07 0
0.0441734 10 3340.48 7.46293e-08 0
0.0441734 10 5179.47 4.43412e-08 0
0.0441734 10 8030.86 2.63012e-08 0
0.0441734 10 12452 1.53131e-08 0
0.0441734 10 19307 8.72221e-09 0
0.0441734 10 29935.8 4.85935e-09 0
0.0441734 10 46415.9 2.63647e-09 0
0.0441734 10 71968.6 1.39075e-09 0
0.0441734 10 111588 7.11388e-10 0
0.0441734 10 173020 3.46417e-10 0
0.0441734 10 268270 1.62786e-10 0
0.0441734 10 415956 7.27235e-11 0
0.0441734 10 644947 2.94729e-11 0
0.0441734 10 1e+06 9.36885e-12 0

0.107711 10 1e-06 0.610652 0
0.107711 10 1.55052e-06 0.610652 0
0.107711 10 2.4041e-06 0.610652 0
0.107711 10 3.72759e-06 0.610651 0
0.107711 10 5.77969e-06 0.610651 0
0.107711 10 8.96151e-06 0.610649 0
0.107711 10 1.3895e-05 0.610648 0
0.107711 10 2.15443e-05 0.610645 0
0.107711 10 3.34048e-05 0.61064 0
0.107711 10 5.17947e-05 0.610633 0
0.107711 10 8.03086e-05 0.610623 0
0.107711 10 0.00012452 0.610606 0
0.107711 10 0.00019307 0.61058 0
0.107711 10 0.000299358 0.61054 0
0.107711 10 0.000464159 0.610478 0
0.107711 10 0.000719686 0.610381 0
0.107711 10 0.00111588 0.610231 0
0.107711 10 0.0017302 0.609998 0
0.107711 10 0.0026827 0.609634 0
0.107711 10 0.00415956 0.609065 0
0.107711 10 0.00644947 0.608172 0
0.107711 10 0.01 0.606761 0
0.107711 10 0.0155052 0.604513 0
0.107711 10 0.024041 0.600888 0
0.107711 10 0.0372759 0.594951 0
0.107711 10 0.0577969 0.585066 0
0.107711 10 0.0896151 0.568364 0
0.107711 10 0.13895 0.540007 0
0.107711 10 0.215443 0.492647 0
0.107711 10 0.334048 0.417689 0
0.107711 10 0.517947 0.311701 0
0.107711 10 0.803086 0.18903 0
0.107711 10 1.2452 0.0852373 0
0.107711 10 1.9307 0.0271666 0
0.107711 10 2.99358 0.00663049 0
0.107711 10 4.64159 0.00173042 0
0.107711 10 7.19686 0.000518454 0
0.107711 10 11.1588 0.000228404 0
0.107711 10 17.302 8.8922e-05 0
0.107711 10 26.827 3.85247e-05 0
0.107711 10 41.5956 1.97849e-05 0
0.107711 10 64.4947 1.0543e-05 0
0.107711 10 100 5.70174e-06 0
0.107711 10 155.052 3.21082e-06 0
0.107711 10 240.41 1.83727e-06 0
0.107711 10 372.759 1.04549e-06 0
0.107711 10 577.969 6.08606e-07 0
0.107711 10 896.151 3.6364e-07 0
0.107711 10 1389.5 2.14894e-07 0
0.107711 10 2154.43 1.26289e-07 0
0.107711 10 3340.48 7.4641e-08 0
0.107711 10 5179.47 4.43457e-08 0
0.107711 10 8030.86 2.6303e-08 0
0.107711 10 12452 1.53137e-08 0
0.107711 10 19307 8.72247e-09 0
0.107711 10 29935.8 4.85945e-09 0
0.107711 10 46415.9 2.63651e-09 0
0.107711 10 71968.6 1.39076e-09 0
0.107711 10 111588 7.11392e-10 0
0.107711 10 173020 3.46418e-10 0
0.107711 10 268270 1.62787e-10 0
0.107711 10 415956 7.27235e-11 0
0.107711 10 644947 2.94729e-11 0
0.107711 10 1e+06 9.36886e-12 0

0.262636 10 1e-06 0.632373 0
0.262636 10 1.55052e-06 0.632372 0
0.262636 10 2.4041e-06 0.632372 0
0.262636 10 3.72759e-06 0.632371 0
0.262636 10 5.77969e-06 0.63237 0
0.262636 10 8.96151e-06 0.632369 0
0.262636 10 1.3895e-05 0.632367 0
0.262636 10 2.15443e-05 0.632363 0
0.262636 10 3.34048e-05 0.632357 0
0.262636 10 5.17947e-05 0.632349 0
0.262636 10 8.03086e-05 0.632335 0
0.262636 10 0.00012452 0.632314 0
0.262636 10 0.00019307 0.632282 0
0.262636 10 0.000299358 0.632232 0
0.262636 10 0.000464159 0.632154 0
0.262636 10 0.000719686 0.632033 0
0.262636 10 0.00111588 0.631845 0
0.262636 10 0.0017302 0.631553 0
0.262636 10 0.0026827 0.631098 0
0.262636 10 0.00415956 0.63039 0
0.262636 10 0.00644947 0.629283 0
0.262636 10 0.01 0.627545 0
0.262636 10 0.0155052 0.624802 0
0.262636 10 0.024041 0.620434 0
0.262636 10 0.0372759 0.613409 0
0.262636 10 0.0577969 0.601973 0
0.262636 10 0.0896151 0.583161 0
0.262636 10 0.13895 0.552128 0
0.262636 10 0.215443 0.501711 0
0.262636 10 0.334048 0.423763 0
0.262636 10 0.517947 0.315397 0
0.262636 10 0.803086 0.19117 0
0.262636 10 1.2452 0.0863608 0
0.262636 10 1.9307 0.0276047 0
0.262636 10 2.99358 0.00674896 0
0.262636 10 4.64159 0.00176075 0
0.262636 10 7.19686 0.000530418 0
0.262636 10 11.1588 0.000233371 0
0.262636 10 17.302 9.10738e-05 0
0.262636 10 26.827 3.93914e-05 0
0.262636 10 41.5956 2.01218e-05 0
0.262636 10 64.4947 1.06736e-05 0
0.262636 10 100 5.75245e-06 0
0.262636 10 155.052 3.23049e-06 0
0.262636 10 240.41 1.84492e-06 0
0.262636 10 372.759 1.04847e-06 0
0.262636 10 577.969 6.09774e-07 0
0.262636 10 896.151 3.64097e-07 0
0.262636 10 1389.5 2.15074e-07 0
0.262636 10 2154.43 1.26359e-07 0
0.262636 10 3340.48 7.46686e-08 0
0.262636 10 5179.47 4.43566e-08 0
0.262636 10 8030.86 2.63072e-08 0
0.262636 10 12452 1.53154e-08 0
0.262636 10 19307 8.72307e-09 0
0.262636 10 29935.8 4.85967e-09 0
0.262636 10 46415.9 2.63658e-09 0
0.262636 10 71968.6 1.39078e-09 0
0.262636 10 111588 7.11399e-10 0
0.262636 10 173020 3.4642e-10 0
0.262636 10 268270 1.62787e-10 0
0.262636 10 415956 7.27237e-11 0
0.262636 10 644947 2.9473e-11 0
0.262636 10 1e+06 9.36887e-12 0

0.6404 10 1e-06 0.664589 0
0.6404 10 1.55052e-06 0.664589 0
0.6404 10 2.4041e-06 0.664589 0
0.6404 10 3.72759e-06 0.664588 0
0.6404 10 5.77969e-06 0.664586 0
0.6404 10 8.96151e-06 0.664584 0
0.6404 10 1.3895e-05 0.664581 0
0.6404 10 2.15443e-05 0.664576 0
0.6404 10 3.34048e-05 0.664568 0
0.6404 10 5.17947e-05 0.664556 0
0.6404 10 8.03086e-05 0.664537 0
0.6404 10 0.00012452 0.664509 0
0.6404 10 0.00019307 0.664464 0
0.6404 10 0.000299358 0.664394 0
0.6404 10 0.000464159 0.664286 0
0.6404 10 0.000719686 0.664118 0
0.6404 10 0.00111588 0.663858 0
0.6404 10 0.0017302 0.663455 0
0.6404 10 0.0026827 0.662828 0
0.6404 10 0.00415956 0.661855 0
0.6404 10 0.00644947 0.660341 0
0.6404 10 0.01 0.657982 0
0.6404 10 0.0155052 0.654299 0
0.6404 10 0.024041 0.648529 0
0.6404 10 0.0372759 0.639456 0
0.6404 10 0.0577969 0.625126 0
0.6404 10 0.0896151 0.602432 0
0.6404 10 0.13895 0.566598 0
0.6404 10 0.215443 0.510974 0
0.6404 10 0.334048 0.428474 0
0.6404 10 0.517947 0.317388 0
0.6404 10 0.803086 0.192416 0
0.6404 10 1.2452 0.0874849 0
0.6404 10 1.9307 0.0282577 0
0.6404 10 2.99358 0.00696719 0
0.6404 10 4.64159 0.00182286 0
0.6404 10 7.19686 0.00055664 0
0.6404 10 11.1588 0.00024444 0
0.6404 10 17.302 9.59236e-05 0
0.6404 10 26.827 4.13586e-05 0
0.6404 10 41.5956 2.08896e-05 0
0.6404 10 64.4947 1.09719e-05 0
0.6404 10 100 5.86853e-06 0
0.6404 10 155.052 3.27557e-06 0
0.6404 10 240.41 1.86247e-06 0
0.6404 10 372.759 1.05533e-06 0
0.6404 10 577.969 6.12456e-07 0
0.6404 10 896.151 3.65146e-07 0
0.6404 10 1389.5 2.15486e-07 0
0.6404 10 2154.43 1.26521e-07 0
0.6404 10 3340.48 7.47322e-08 0
0.6404 10 5179.47 4.43815e-08 0
0.6404 10 8030.86 2.63169e-08 0
0.6404 10 12452 1.53191e-08 0
0.6404 10 19307 8.72447e-09 0
0.6404 10 29935.8 4.86017e-09 0
0.6404 10 46415.9 2.63676e-09 0
0.6404 10 71968.6 1.39084e-09 0
0.6404 10 111588 7.11417e-10 0
0.6404 10 173020 3.46425e-10 0
0.6404 10 268270 1.62789e-10 0
0.6404 10 415956 7.27241e-11 0
0.6404 10 644947 2.94731e-11 0
0.6404 10 1e+06 9.3689e-12 0

1.56152 10 1e-06 0.655696 0
1.56152 10 1.55052e-06 0.655696 0
1.56152 10 2.4041e-06 0.655695 0
1.56152 10 3.72759e-06 0.655694 0
1.56152 10 5.77969e-06 0.655692 0
1.56152 10 8.96151e-06 0.655689 0
1.56152 10 1.3895e-05 0.655685 0
1.56152 10 2.15443e-05 0.655678 0
1.56152 10 3.34048e-05 0.655668 0
1.56152 10 5.17947e-05 0.655652 0
1.56152 10 8.03086e-05 0.655628 0
1.56152 10 0.00012452 0.65559 0
1.56152 10 0.00019307 0.655531 0
1.56152 10 0.000299358 0.65544 0
1.56152 10 0.000464159 0.655298 0
1.56152 10 0.000719686 0.655079 0
1.56152 10 0.00111588 0.654739 0
1.56152 10 0.0017302 0.654212 0
1.56152 10 0.0026827 0.653395 0
1.56152 10 0.00415956 0.652129 0
1.56152 10 0.00644947 0.650167 0
1.56152 10 0.01 0.647129 0
1.56152 10 0.0155052 0.642427 0
1.56152 10 0.024041 0.63516 0
1.56152 10 0.0372759 0.623952 0
1.56152 10 0.0577969 0.606729 0
1.56152 10 0.0896151 0.580439 0
1.56152 10 0.13895 0.540812 0
1.56152 10 0.215443 0.482502 0
1.56152 10 0.334048 0.400578 0
1.56152 10 0.517947 0.295201 0
1.56152 10 0.803086 0.179916 0
1.56152 10 1.2452 0.0834985 0
1.56152 10 1.9307 0.0279222 0
1.56152 10 2.99358 0.00714289 0
1.56152 10 4.64159 0.00191444 0
1.56152 10 7.19686 0.000605097 0
1.56152 10 11.1588 0.000265911 0
1.56152 10 17.302 0.000105637 0
1.56152 10 26.827 4.53767e-05 0
1.56152 10 41.5956 2.24757e-05 0
1.56152 10 64.4947 1.15928e-05 0
1.56152 10 100 6.11131e-06 0
1.56152 10 155.052 3.37015e-06 0
1.56152 10 240.41 1.89938e-06 0
1.56152 10 372.759 1.06979e-06 0
1.56152 10 577.969 6.18114e-07 0
1.56152 10 896.151 3.67361e-07 0
1.56152 10 1389.5 2.16356e-07 0
1.56152 10 2154.43 1.26863e-07 0
1.56152 10 3340.48 7.48666e-08 0
1.56152 10 5179.47 4.44341e-08 0
1.56152 10 8030.86 2.63373e-08 0
1.56152 10 12452 1.53269e-08 0
1.56152 10 19307 8.72743e-09 0
1.56152 10 29935.8 4.86124e-09 0
1.56152 10 46415.9 2.63713e-09 0
1.56152 10 71968.6 1.39096e-09 0
1.56152 10 111588 7.11455e-10 0
1.56152 10 173020 3.46436e-10 0
1.56152 10 268270 1.62792e-10 0
1.56152 10 415956 7.2725e-11 0
1.56152 10 644947 2.94733e-11 0
1.56152 10 1e+06 9.36897e-12 0

3.80755 10 1e-06 0.441766 0
3.80755 10 1.55052e-06 0.441765 0
3.80755 10 2.4041e-06 0.441765 0
3.80755 10 3.72759e-06 0.441764 0
3.80755 10 5.77969e-06 0.441762 0
3.80755 10 8.96151e-06 0.44176 0
3.80755 10 1.3895e-05 0.441757 0
3.80755 10 2.15443e-05 0.441752 0
3.80755 10 3.34048e-05 0.441744 0
3.80755 10 5.17947e-05 0.441731 0
3.80755 10 8.03086e-05 0.441711 0
3.80755 10 0.00012452 0.441681 0
3.80755 10 0.00019307 0.441634 0
3.80755 10 0.000299358 0.441561 0
3.80755 10 0.000464159 0.441448 0
3.80755 10 0.000719686 0.441273 0
3.80755 10 0.00111588 0.441001 0
3.80755 10 0.0017302 0.44058 0
3.80755 10 0.0026827 0.439929 0
3.80755 10 0.00415956 0.43892 0
3.80755 10 0.00644947 0.437361 0
3.80755 10 0.01 0.434953 0
3.80755 10 0.0155052 0.431247 0
3.80755 10 0.024041 0.425561 0
3.80755 10 0.0372759 0.416888 0
3.80755 10 0.0577969 0.403777 0
3.80755 10 0.0896151 0.384223 0
3.80755 10 0.13895 0.355657 0
3.80755 10 0.215443 0.315229 0
3.80755 10 0.334048 0.260803 0
3.80755 10 0.517947 0.193342 0
3.80755 10 0.803086 0.120832 0
3.80755 10 1.2452 0.0592974 0
3.80755 10 1.9307 0.0218024 0
3.80755 10 2.99358 0.00633169 0
3.80755 10 4.64159 0.00189999 0
3.80755 10 7.19686 0.0006555 0
3.80755 10 11.1588 0.000293446 0
3.80755 10 17.302 0.000119744 0
3.80755 10 26.827 5.16146e-05 0
3.80755 10 41.5956 2.50301e-05 0
3.80755 10 64.4947 1.26167e-05 0
3.80755 10 100 6.51807e-06 0
3.80755 10 155.052 3.53024e-06 0
3.80755 10 240.41 1.96231e-06 0
3.80755 10 372.759 1.09456e-06 0
3.80755 10 577.969 6.27846e-07 0
3.80755 10 896.151 3.7118e-07 0
3.80755 10 1389.5 2.17859e-07 0
3.80755 10 2154.43 1.27456e-07 0
3.80755 10 3340.48 7.50995e-08 0
3.80755 10 5179.47 4.45253e-08 0
3.80755 10 8030.86 2.63729e-08 0
3.80755 10 12452 1.53406e-08 0
3.80755 10 19307 8.73256e-09 0
3.80755 10 29935.8 4.8631e-09 0
3.80755 10 46415.9 2.63777e-09 0
3.80755 10 71968.6 1.39117e-09 0
3.80755 10 111588 7.1152e-10 0
3.80755 10 173020 3.46456e-10 0
3.80755 10 268270 1.62798e-10 0
3.80755 10 415956 7.27265e-11 0
3.80755 10 644947 2.94737e-11 0
3.80755 10 1e+06 9.36908e-12 0

9.28415 10 1e-06 0.103311 0
9.28415 10 1.55052e-06 0.103311 0
9.28415 10 2.4041e-06 0.103311 0
9.28415 10 3.72759e-06 0.103311 0
9.28415 10 5.77969e-06 0.103311 0
9.28415 10 8.96151e-06 0.10331 0
9.28415 10 1.3895e-05 0.103309 0
9.28415 10 2.15443e-05 0.103308 0
9.28415 10 3.34048e-05 0.103307 0
9.28415 10 5.17947e-05 0.103304 0
9.28415 10 8.03086e-05 0.1033 0
9.28415 10 0.00012452 0.103293 0
9.28415 10 0.00019307 0.103283 0
9.28415 10 0.000299358 0.103267 0
9.28415 10 0.000464159 0.103242 0
9.28415 10 0.000719686 0.103204 0
9.28415 10 0.00111588 0.103144 0
9.28415 10 0.0017302 0.103052 0
9.28415 10 0.0026827 0.10291 0
9.28415 10 0.00415956 0.10269 0
9.28415 10 0.00644947 0.102349 0
9.28415 10 0.01 0.101825 0
9.28415 10 0.0155052 0.101017 0
9.28415 10 0.024041 0.0997812 0
9.28415 10 0.0372759 0.0979009 0
9.28415 10 0.0577969 0.0950691 0
9.28415 10 0.0896151 0.0908671 0
9.28415 10 0.13895 0.0847646 0
9.28415 10 0.215443 0.0761708 0
9.28415 10 0.334048 0.0645936 0
9.28415 10 0.517947 0.050031 0
9.28415 10 0.803086 0.0337545 0
9.28415 10 1.2452 0.0189107 0
9.28415 10 1.9307 0.00870612 0
9.28415 10 2.99358 0.003541 0
9.28415 10 4.64159 0.00146507 0
9.28415 10 7.19686 0.000613431 0
9.28415 10 11.1588 0.000295505 0
9.28415 10 17.302 0.000128268 0
9.28415 10 26.827 5.70533e-05 0
9.28415 10 41.5956 2.764e-05 0
9.28415 10 64.4947 1.37647e-05 0
9.28415 10 100 7.00193e-06 0
9.28415 10 155.052 3.7278e-06 0
9.28415 10 240.41 2.04191e-06 0
9.28415 10 372.759 1.12647e-06 0
9.28415 10 577.969 6.40533e-07 0
9.28415 10 896.151 3.76196e-07 0
9.28415 10 1389.5 2.19847e-07 0
9.28415 10 2154.43 1.28243e-07 0
9.28415 10 3340.48 7.54101e-08 0
9.28415 10 5179.47 4.46473e-08 0
9.28415 10 8030.86 2.64205e-08 0
9.28415 10 12452 1.5359e-08 0
9.28415 10 19307 8.73946e-09 0
9.28415 10 29935.8 4.8656e-09 0
9.28415 10 46415.9 2.63863e-09 0
9.28415 10 71968.6 1.39146e-09 0
9.28415 10 111588 7.11607e-10 0
9.28415 10 173020 3.46481e-10 0
9.28415 10 268270 1.62805e-10 0
9.28415 10 415956 7.27285e-11 0
9.28415 10 644947 2.94743e-11 0
9.28415 10 1e+06 9.36923e-12 0

22.638 10 1e-06 0.00604991 0
22.638 10 1.55052e-06 0.0060499 0
22.638 10 2.4041e-06 0.0060499 0
22.638 10 3.72759e-06 0.00604989 0
22.638 10 5.77969e-06 0.00604988 0
22.638 10 8.96151e-06 0.00604987 0
22.638 10 1.3895e-05 0.00604985 0
22.638 10 2.15443e-05 0.00604981 0
22.638 10 3.34048e-05 0.00604975 0
22.638 10 5.17947e-05 0.00604966 0
22.638 10 8.03086e-05 0.00604953 0
22.638 10 0.00012452 0.00604932 0
22.638 10 0.00019307 0.00604899 0
22.638 10 0.000299358 0.00604849 0
22.638 10 0.000464159 0.0060477 0
22.638 10 0.000719686 0.00604649 0
22.638 10 0.00111588 0.0060446 0
22.638 10 0.0017302 0.00604169 0
22.638 10 0.0026827 0.00603717 0
22.638 10 0.00415956 0.00603018 0
22.638 10 0.00644947 0.00601938 0
22.638 10 0.01 0.00600271 0
22.638 10 0.0155052 0.00597706 0
22.638 10 0.024041 0.00593773 0
22.638 10 0.0372759 0.00587778 0
22.638 10 0.0577969 0.00578713 0
22.638 10 0.0896151 0.0056515 0
22.638 10 0.13895 0.00545126 0
22.638 10 0.215443 0.00515975 0
22.638 10 0.334048 0.00474138 0
22.638 10 0.517947 0.00415598 0
22.638 10 0.803086 0.00339625 0
22.638 10 1.2452 0.00256311 0
22.638 10 1.9307 0.00181157 0
22.638 10 2.99358 0.00121426 0
22.638 10 4.64159 0.000745212 0
22.638 10 7.19686 0.00039683 0
22.638 10 11.1588 0.000223122 0
22.638 10 17.302 0.000109716 0
22.638 10 26.827 5.31932e-05 0
22.638 10 41.5956 2.71301e-05 0
22.638 10 64.4947 1.38822e-05 0
22.638 10 100 7.14549e-06 0
22.638 10 155.052 3.81051e-06 0
22.638 10 240.41 2.08197e-06 0
22.638 10 372.759 1.14456e-06 0
22.638 10 577.969 6.48258e-07 0
22.638 10 896.151 3.79385e-07 0
22.638 10 1389.5 2.21159e-07 0
22.638 10 2154.43 1.28778e-07 0
22.638 10 3340.48 7.56252e-08 0
22.638 10 5179.47 4.47329e-08 0
22.638 10 8030.86 2.64542e-08 0
22.638 10 12452 1.53721e-08 0
22.638 10 19307 8.74442e-09 0
22.638 10 29935.8 4.8674e-09 0
22.638 10 46415.9 2.63925e-09 0
22.638 10 71968.6 1.39165e-09 0
22.638 10 111588 7.11666e-10 0
22.638 10 173020 3.46498e-10 0
22.638 10 268270 1.62809e-10 0
22.638 10 415956 7.27297e-11 0
22.638 10 644947 2.94746e-11 0
22.638 10 1e+06 9.36932e-12 0

55.1995 10 1e-06 0.00062591 0
55.1995 10 1.55052e-06 0.00062591 0
55.1995 10 2.4041e-06 0.00062591 0
55.1995 10 3.72759e-06 0.000625909 0
55.1995 10 5.77969e-06 0.000625909 0
55.1995 10 8.96151e-06 0.000625909 0
55.1995 10 1.3895e-05 0.000625908 0
55.1995 10 2.15443e-05 0.000625907 0
55.1995 10 3.34048e-05 0.000625906 0
55.1995 10 5.17947e-05 0.000625904 0
55.1995 10 8.03086e-05 0.0006259 0
55.1995 10 0.00012452 0.000625895 0
55.1995 10 0.00019307 0.000625886 0
55.1995 10 0.000299358 0.000625873 0
55.1995 10 0.000464159 0.000625853 0
55.1995 10 0.000719686 0.000625821 0
55.1995 10 0.00111588 0.000625773 0
55.1995 10 0.0017302 0.000625698 0
55.1995 10 0.0026827 0.000625581 0
55.1995 10 0.00415956 0.000625401 0
55.1995 10 0.00644947 0.000625124 0
55.1995 10 0.01 0.000624697 0
55.1995 10 0.0155052 0.000624045 0
55.1995 10 0.024041 0.000623052 0
55.1995 10 0.0372759 0.000621554 0
55.1995 10 0.0577969 0.000619316 0
55.1995 10 0.0896151 0.000615998 0
55.1995 10 0.13895 0.000611051 0
55.1995 10 0.215443 0.000603395 0
55.1995 10 0.334048 0.000590577 0
55.1995 10 0.517947 0.000567689 0
55.1995 10 0.803086 0.000529176 0
55.1995 10 1.2452 0.000476644 0
55.1995 10 1.9307 0.000416388 0
55.1995 10 2.99358 0.000352128 0
55.1995 10 4.64159 0.000271005 0
55.1995 10 7.19686 0.000182356 0
55.1995 10 11.1588 0.000125751 0
55.1995 10 17.302 7.58135e-05 0
55.1995 10 26.827 4.29781e-05 0
55.1995 10 41.5956 2.44897e-05 0
55.1995 10 64.4947 1.34636e-05 0
55.1995 10 100 7.21871e-06 0
55.1995 10 155.052 3.91448e-06 0
55.1995 10 240.41 2.1463e-06 0
55.1995 10 372.759 1.17728e-06 0
55.1995 10 577.969 6.63154e-07 0
55.1995 10 896.151 3.85765e-07 0
55.1995 10 1389.5 2.23851e-07 0
55.1995 10 2154.43 1.29894e-07 0
55.1995 10 3340.48 7.60787e-08 0
55.1995 10 5179.47 4.49146e-08 0
55.1995 10 8030.86 2.65262e-08 0
55.1995 10 12452 1.54002e-08 0
55.1995 10 19307 8.75508e-09 0
55.1995 10 29935.8 4.87125e-09 0
55.1995 10 46415.9 2.64056e-09 0
55.1995 10 71968.6 1.39207e-09 0
55.1995 10 111588 7.11791e-10 0
55.1995 10 173020 3.46533e-10 0
55.1995 10 268270 1.62819e-10 0
55.1995 10 415956 7.27321e-11 0
55.1995 10 644947 2.94752e-11 0
55.1995 10 1e+06 9.36951e-12 0

134.596 10 1e-06 8.74767e-05 0
134.596 10 1.55052e-06 8.74767e-05 0
134.596 10 2.4041e-06 8.74767e-05 0
134.596 10 3.72759e-06 8.74767e-05 0
134.596 10 5.77969e-06 8.74767e-05 0
134.596 10 8.96151e-06 8.74767e-05 0
134.596 10 1.3895e-05 8.74766e-05 0
134.596 10 2.15443e-05 8.74766e-05 0
134.596 10 3.34048e-05 8.74765e-05 0
134.596 10 5.17947e-05 8.74764e-05 0
134.596 10 8.03086e-05 8.74763e-05 0
134.596 10 0.00012452 8.7476e-05 0
134.596 10 0.00019307 8.74757e-05 0
134.596 10 0.000299358 8.74751e-05 0
134.596 10 0.000464159 8.74742e-05 0
134.596 10 0.000719686 8.74729e-05 0
134.596 10 0.00111588 8.74708e-05 0
134.596 10 0.0017302 8.74676e-05 0
134.596 10 0.0026827 8.74626e-05 0
134.596 10 0.00415956 8.7455e-05 0
134.596 10 0.00644947 8.74433e-05 0
134.596 10 0.01 8.74256e-05 0
134.596 10 0.0155052 8.73991e-05 0
134.596 10 0.024041 8.73599e-05 0
134.596 10 0.0372759 8.73033e-05 0
134.596 10 0.0577969 8.7224e-05 0
134.596 10 0.0896151 8.71152e-05 0
134.596 10 0.13895 8.69609e-05 0
134.596 10 0.215443 8.67016e-05 0
134.596 10 0.334048 8.61342e-05 0
134.596 10 0.517947 8.47645e-05 0
134.596 10 0.803086 8.19723e-05 0
134.596 10 1.2452 7.79046e-05 0
134.596 10 1.9307 7.33213e-05 0
134.596 10 2.99358 6.8762e-05 0
134.596 10 4.64159 6.02943e-05 0
134.596 10 7.19686 4.80529e-05 0
134.596 10 11.1588 3.9356e-05 0
134.596 10 17.302 2.92555e-05 0
134.596 10 26.827 2.0105e-05 0
134.596 10 41.5956 1.37623e-05 0
134.596 10 64.4947 8.86529e-06 0
134.596 10 100 5.39289e-06 0
134.596 10 155.052 3.2165e-06 0
134.596 10 240.41 1.88715e-06 0
134.596 10 372.759 1.0832e-06 0
134.596 10 577.969 6.28763e-07 0
134.596 10 896.151 3.72998e-07 0
134.596 10 1389.5 2.19146e-07 0
134.596 10 2154.43 1.28154e-07 0
134.596 10 3340.48 7.54255e-08 0
134.596 10 5179.47 4.46675e-08 0
134.596 10 8030.86 2.64329e-08 0
134.596 10 12452 1.53654e-08 0
134.596 10 19307 8.74224e-09 0
134.596 10 29935.8 4.86656e-09 0
134.596 10 46415.9 2.63889e-09 0
134.596 10 71968.6 1.39149e-09 0
134.596 10 111588 7.11595e-10 0
134.596 10 173020 3.4647e-10 0
134.596 10 268270 1.62799e-10 0
134.596 10 415956 7.2726e-11 0
134.596 10 644947 2.94735e-11 0
134.596 10 1e+06 9.36909e-12 0

328.193 10 1e-06 1.47867e-05 0
328.193 10 1.55052e-06 1.47867e-05 0
328.193 10 2.4041e-06 1.47867e-05 0
328.193 10 3.72759e-06 1.47867e-05 0
328.193 10 5.77969e-06 1.47867e-05 0
328.193 10 8.96151e-06 1.47867e-05 0
328.193 10 1.3895e-05 1.47867e-05 0
328.193 10 2.15443e-05 1.47867e-05 0
328.193 10 3.34048e-05 1.47867e-05 0
328.193 10 5.17947e-05 1.47867e-05 0
328.193 10 8.03086e-05 1.47867e-05 0
328.193 10 0.00012452 1.47867e-05 0
328.193 10 0.00019307 1.47866e-05 0
328.193 10 0.000299358 1.47866e-05 0
328.193 10 0.000464159 1.47866e-05 0
328.193 10 0.000719686 1.47865e-05 0
328.193 10 0.00111588 1.47865e-05 0
328.193 10 0.0017302 1.47863e-05 0
328.193 10 0.0026827 1.47861e-05 0
328.193 10 0.00415956 1.47858e-05 0
328.193 10 0.00644947 1.47854e-05 0
328.193 10 0.01 1.47848e-05 0
328.193 10 0.0155052 1.47839e-05 0
328.193 10 0.024041 1.47829e-05 0
328.193 10 0.0372759 1.47817e-05 0
328.193 10 0.0577969 1.47809e-05 0
328.193 10 0.0896151 1.47814e-05 0
328.193 10 0.13895 1.47837e-05 0
328.193 10 0.215443 1.47844e-05 0
328.193 10 0.334048 1.47635e-05 0
328.193 10 0.517947 1.46658e-05 0
328.193 10 0.803086 1.44205e-05 0
328.193 10 1.2452 1.4053e-05 0
328.193 10 1.9307 1.36818e-05 0
328.193 10 2.99358 1.34149e-05 0
328.193 10 4.64159 1.26074e-05 0
328.193 10 7.19686 1.11753e-05 0
328.193 10 11.1588 1.0182e-05 0
328.193 10 17.302 8.82391e-06 0
328.193 10 26.827 7.16963e-06 0
328.193 10 41.5956 5.8308e-06 0
328.193 10 64.4947 4.48185e-06 0
328.193 10 100 3.22152e-06 0
328.193 10 155.052 2.21992e-06 0
328.193 10 240.41 1.46176e-06 0
328.193 10 372.759 9.13172e-07 0
328.193 10 577.969 5.62493e-07 0
328.193 10 896.151 3.47337e-07 0
328.193 10 1389.5 2.09463e-07 0
328.193 10 2154.43 1.2453e-07 0
328.193 10 3340.48 7.40564e-08 0
328.193 10 5179.47 4.41479e-08 0
328.193 10 8030.86 2.62366e-08 0
328.193 10 12452 1.52923e-08 0
328.193 10 19307 8.71529e-09 0
328.193 10 29935.8 4.85671e-09 0
328.193 10 46415.9 2.63534e-09 0
328.193 10 71968.6 1.39025e-09 0
328.193 10 111588 7.11172e-10 0
328.193 10 173020 3.46331e-10 0
328.193 10 268270 1.62755e-10 0
328.193 10 415956 7.27126e-11 0
328.193 10 644947 2.94696e-11 0
328.193 10 1e+06 9.36818e-12 0

800.25 10 1e-06 3.57973e-06 0
800.25 10 1.55052e-06 3.57973e-06 0
800.25 10 2.4041e-06 3.57973e-06 0
800.25 10 3.72759e-06 3.57973e-06 0
800.25 10 5.77969e-06 3.57973e-06 0
800.25 10 8.96151e-06 3.57973e-06 0
800.25 10 1.3895e-05 3.57973e-06 0
800.25 10 2.15443e-05 3.57973e-06 0
800.25 10 3.34048e-05 3.57973e-06 0
800.25 10 5.17947e-05 3.57973e-06 0
800.25 10 8.03086e-05 3.57973e-06 0
800.25 10 0.00012452 3.57973e-06 0
800.25 10 0.00019307 3.57973e-06 0
800.25 10 0.000299358 3.57973e-06 0
800.25 10 0.000464159 3.57973e-06 0
800.25 10 0.000719686 3.57972e-06 0
800.25 10 0.00111588 3.57972e-06 0
800.25 10 0.0017302 3.57971e-06 0
800.25 10 0.0026827 3.5797e-06 0
800.25 10 0.00415956 3.57969e-06 0
800.25 10 0.00644947 3.57968e-06 0
800.25 10 0.01 3.57966e-06 0
800.25 10 0.0155052 3.57965e-06 0
800.25 10 0.024041 3.57966e-06 0
800.25 10 0.0372759 3.57976e-06 0
800.25 10 0.0577969 3.58004e-06 0
800.25 10 0.0896151 3.58073e-06 0
800.25 10 0.13895 3.582e-06 0
800.25 10 0.215443 3.58356e-06 0
800.25 10 0.334048 3.58286e-06 0
800.25 10 0.517947 3.57256e-06 0
800.25 10 0.803086 3.54309e-06 0
800.25 10 1.2452 3.49848e-06 0
800.25 10 1.9307 3.45688e-06 0
800.25 10 2.99358 3.43655e-06 0
800.25 10 4.64159 3.33961e-06 0
800.25 10 7.19686 3.14816e-06 0
800.25 10 11.1588 3.0193e-06 0
800.25 10 17.302 2.83372e-06 0
800.25 10 26.827 2.55982e-06 0
800.25 10 41.5956 2.31565e-06 0
800.25 10 64.4947 2.01972e-06 0
800.25 10 100 1.67285e-06 0
800.25 10 155.052 1.32566e-06 0
800.25 10 240.41 9.93365e-07 0
800.25 10 372.759 6.93386e-07 0
800.25 10 577.969 4.65731e-07 0
800.25 10 896.151 3.06303e-07 0
800.25 10 1389.5 1.93081e-07 0
800.25 10 2154.43 1.18202e-07 0
800.25 10 3340.48 7.16229e-08 0
800.25 10 5179.47 4.32153e-08 0
800.25 10 8030.86 2.5883e-08 0
800.25 10 12452 1.51609e-08 0
800.25 10 19307 8.6669e-09 0
800.25 10 29935.8 4.8389e-09 0
800.25 10 46415.9 2.62885e-09 0
800.25 10 71968.6 1.38793e-09 0
800.25 10 111588 7.10361e-10 0
800.25 10 173020 3.46059e-10 0
800.25 10 268270 1.62666e-10 0
800.25 10 415956 7.2685e-11 0
800.25 10 644947 2.94616e-11 0
800.25 10 1e+06 9.36633e-12 0

1951.29 10 1e-06 1.02713e-06 0
1951.29 10 1.55052e-06 1.02713e-06 0
1951.29 10 2.4041e-06 1.02713e-06 0
1951.29 10 3.72759e-06 1.02713e-06 0
1951.29 10 5.77969e-06 1.02713e-06 0
1951.29 10 8.96151e-06 1.02713e-06 0
1951.29 10 1.3895e-05 1.02713e-06 0
1951.29 10 2.15443e-05 1.02713e-06 0
1951.29 10 3.34048e-05 1.02713e-06 0
1951.29 10 5.17947e-05 1.02713e-06 0
1951.29 10 8.03086e-05 1.02713e-06 0
1951.29 10 0.00012452 1.02713e-06 0
1951.29 10 0.00019307 1.02713e-06 0
1951.29 10 0.000299358 1.02713e-06 0
1951.29 10 0.000464159 1.02712e-06 0
1951.29 10 0.000719686 1.02712e-06 0
1951.29 10 0.00111588 1.02712e-06 0
1951.29 10 0.0017302 1.02712e-06 0
1951.29 10 0.0026827 1.02712e-06 0
1951.29 10 0.00415956 1.02712e-06 0
1951.29 10 0.00644947 1.02713e-06 0
1951.29 10 0.01 1.02713e-06 0
1951.29 10 0.0155052 1.02713e-06 0
1951.29 10 0.024041 1.02715e-06 0
1951.29 10 0.0372759 1.02718e-06 0
1951.29 10 0.0577969 1.02725e-06 0
1951.29 10 0.0896151 1.02739e-06 0
1951.29 10 0.13895 1.02764e-06 0
1951.29 10 0.215443 1.02797e-06 0
1951.29 10 0.334048 1.02801e-06 0
1951.29 10 0.517947 1.02671e-06 0
1951.29 10 0.803086 1.02266e-06 0
1951.29 10 1.2452 1.01651e-06 0
1951.29 10 1.9307 1.01108e-06 0
1951.29 10 2.99358 1.00931e-06 0
1951.29 10 4.64159 9.96273e-07 0
1951.29 10 7.19686 9.69004e-07 0
1951.29 10 11.1588 9.51428e-07 0
1951.29 10 17.302 9.25751e-07 0
1951.29 10 26.827 8.83629e-07 0
1951.29 10 41.5956 8.44744e-07 0
1951.29 10 64.4947 7.92338e-07 0
1951.29 10 100 7.21054e-07 0
1951.29 10 155.052 6.36513e-07 0
1951.29 10 240.41 5.37755e-07 0
1951.29 10 372.759 4.26546e-07 0
1951.29 10 577.969 3.2271e-07 0
1951.29 10 896.151 2.34665e-07 0
1951.29 10 1389.5 1.60401e-07 0
1951.29 10 2154.43 1.04262e-07 0
1951.29 10 3340.48 6.58733e-08 0
1951.29 10 5179.47 4.09014e-08 0
1951.29 10 8030.86 2.49746e-08 0
1951.29 10 12452 1.4815e-08 0
1951.29 10 19307 8.53748e-09 0
1951.29 10 29935.8 4.79094e-09 0
1951.29 10 46415.9 2.61137e-09 0
1951.29 10 71968.6 1.38171e-09 0
1951.29 10 111588 7.08204e-10 0
1951.29 10 173020 3.45341e-10 0
1951.29 10 268270 1.62435e-10 0
1951.29 10 415956 7.26133e-11 0
1951.29 10 644947 2.94409e-11 0
1951.29 10 1e+06 9.36149e-12 0

4757.94 10 1e-06 3.38031e-07 0
4757.94 10 1.55052e-06 3.38031e-07 0
4757.94 10 2.4041e-06 3.38031e-07 0
4757.94 10 3.72759e-06 3.38031e-07 0
4757.94 10 5.77969e-06 3.38031e-07 0
4757.94 10 8.96151e-06 3.38031e-07 0
4757.94 10 1.3895e-05 3.38031e-07 0
4757.94 10 2.15443e-05 3.38031e-07 0
4757.94 10 3.34048e-05 3.38031e-07 0
4757.94 10 5.17947e-05 3.38031e-07 0
4757.94 10 8.03086e-05 3.38031e-07 0
4757.94 10 0.00012452 3.38031e-07 0
4757.94 10 0.00019307 3.38031e-07 0
4757.94 10 0.000299358 3.38031e-07 0
4757.94 10 0.000464159 3.38031e-07 0
4757.94 10 0.000719686 3.38031e-07 0
4757.94 10 0.00111588 3.38031e-07 0
4757.94 10 0.0017302 3.38031e-07 0
4757.94 10 0.0026827 3.38031e-07 0
4757.94 10 0.00415956 3.38031e-07 0
4757.94 10 0.00644947 3.38031e-07 0
4757.94 10 0.01 3.38032e-07 0
4757.94 10 0.0155052 3.38033e-07 0
4757.94 10 0.024041 3.38036e-07 0
4757.94 10 0.0372759 3.38042e-07 0
4757.94 10 0.0577969 3.38054e-07 0
4757.94 10 0.0896151 3.38079e-07 0
4757.94 10 0.13895 3.38122e-07 0
4757.94 10 0.215443 3.38179e-07 0
4757.94 10 0.334048 3.38195e-07 0
4757.94 10 0.517947 3.38009e-07 0
4757.94 10 0.803086 3.37407e-07 0
4757.94 10 1.2452 3.36491e-07 0
4757.94 10 1.9307 3.35703e-07 0
4757.94 10 2.99358 3.35514e-07 0
4757.94 10 4.64159 3.33602e-07 0
4757.94 10 7.19686 3.29492e-07 0
4757.94 10 11.1588 3.26916e-07 0
4757.94 10 17.302 3.23144e-07 0
4757.94 10 26.827 3.16636e-07 0
4757.94 10 41.5956 3.10573e-07 0
4757.94 10 64.4947 3.01971e-07 0
4757.94 10 100 2.89296e-07 0
4757.94 10 155.052 2.72672e-07 0
4757.94 10 240.41 2.50432e-07 0
4757.94 10 372.759 2.20667e-07 0
4757.94 10 577.969 1.86883e-07 0
4757.94 10 896.151 1.51611e-07 0
4757.94 10 1389.5 1.15127e-07 0
4757.94 10 2154.43 8.19612e-08 0
4757.94 10 3340.48 5.5621e-08 0
4757.94 10 5179.47 3.64311e-08 0
4757.94 10 8030.86 2.31152e-08 0
4757.94 10 12452 1.40788e-08 0
4757.94 10 19307 8.25502e-09 0
4757.94 10 29935.8 4.68443e-09 0
4757.94 10 46415.9 2.57204e-09 0
4757.94 10 71968.6 1.36757e-09 0
4757.94 10 111588 7.03247e-10 0
4757.94 10 173020 3.43677e-10 0
4757.94 10 268270 1.61895e-10 0
4757.94 10 415956 7.24453e-11 0
4757.94 10 644947 2.93924e-11 0
4757.94 10 1e+06 9.35018e-12 0

11601.6 10 1e-06 1.10852e-07 0
11601.6 10 1.55052e-06 1.10852e-07 0
11601.6 10 2.4041e-06 1.10852e-07 0
11601.6 10 3.72759e-06 1.10852e-07 0
11601.6 10 5.77969e-06 1.10852e-07 0
11601.6 10 8.96151e-06 1.10852e-07 0
11601.6 10 1.3895e-05 1.10852e-07 0
11601.6 10 2.15443e-05 1.10852e-07 0
11601.6 10 3.34048e-05 1.10852e-07 0
11601.6 10 5.17947e-05 1.10852e-07 0
11601.6 10 8.03086e-05 1.10852e-07 0
11601.6 10 0.00012452 1.10852e-07 0
11601.6 10 0.00019307 1.10852e-07 0
11601.6 10 0.000299358 1.10852e-07 0
11601.6 10 0.000464159 1.10852e-07 0
11601.6 10 0.000719686 1.10852e-07 0
11601.6 10 0.00111588 1.10852e-07 0
11601.6 10 0.0017302 1.10852e-07 0
11601.6 10 0.0026827 1.10852e-07 0
11601.6 10 0.00415956 1.10852e-07 0
11601.6 10 0.00644947 1.10853e-07 0
11601.6 10 0.01 1.10853e-07 0
11601.6 10 0.0155052 1.10853e-07 0
11601.6 10 0.024041 1.10853e-07 0
11601.6 10 0.0372759 1.10854e-07 0
11601.6 10 0.0577969 1.10857e-07 0
11601.6 10 0.0896151 1.10861e-07 0
11601.6 10 0.13895 1.10868e-07 0
11601.6 10 0.215443 1.10878e-07 0
11601.6 10 0.334048 1.10881e-07 0
11601.6 10 0.517947 1.10854e-07 0
11601.6 10 0.803086 1.10762e-07 0
11601.6 10 1.2452 1.10622e-07 0
11601.6 10 1.9307 1.10505e-07 0
11601.6 10 2.99358 1.10485e-07 0
11601.6 10 4.64159 1.10198e-07 0
11601.6 10 7.19686 1.0957e-07 0
11601.6 10 11.1588 1.09192e-07 0
11601.6 10 17.302 1.08639e-07 0
11601.6 10 26.827 1.07658e-07 0
11601.6 10 41.5956 1.06765e-07 0
11601.6 10 64.4947 1.05473e-07 0
11601.6 10 100 1.03496e-07 0
11601.6 10 155.052 1.00788e-07 0
11601.6 10 240.41 9.6897e-08 0
11601.6 10 372.759 9.11136e-08 0
11601.6 10 577.969 8.36577e-08 0
11601.6 10 896.151 7.45541e-08 0
11601.6 10 1389.5 6.32129e-08 0
11601.6 10 2154.43 5.05696e-08 0
11601.6 10 3340.48 3.83158e-08 0
11601.6 10 5179.47 2.76338e-08 0
11601.6 10 8030.86 1.89689e-08 0
11601.6 10 12452 1.2271e-08 0
11601.6 10 19307 7.5131e-09 0
11601.6 10 29935.8 4.39295e-09 0
11601.6 10 46415.9 2.46212e-09 0
11601.6 10 71968.6 1.32778e-09 0
11601.6 10 111588 6.89361e-10 0
11601.6 10 173020 3.39055e-10 0
11601.6 10 268270 1.60411e-10 0
11601.6 10 415956 7.19874e-11 0
11601.6 10 644947 2.92605e-11 0
11601.6 10 1e+06 9.3189e-12 0

28288.7 10 1e-06 3.78679e-08 0
28288.7 10 1.55052e-06 3.78679e-08 0
28288.7 10 2.4041e-06 3.78679e-08 0
28288.7 10 3.72759e-06 3.78679e-08 0
28288.7 10 5.77969e-06 3.78679e-08 0
28288.7 10 8.96151e-06 3.78679e-08 0
28288.7 10 1.3895e-05 3.78679e-08 0
28288.7 10 2.15443e-05 3.78679e-08 0
28288.7 10 3.34048e-05 3.78679e-08 0
28288.7 10 5.17947e-05 3.78679e-08 0
28288.7 10 8.03086e-05 3.78679e-08 0
28288.7 10 0.00012452 3.78679e-08 0
28288.7 10 0.00019307 3.78679e-08 0
28288.7 10 0.000299358 3.78679e-08 0
28288.7 10 0.000464159 3.78679e-08 0
28288.7 10 0.000719686 3.78679e-08 0
28288.7 10 0.00111588 3.78679e-08 0
28288.7 10 0.0017302 3.78679e-08 0
28288.7 10 0.0026827 3.78679e-08 0
28288.7 10 0.00415956 3.78679e-08 0
28288.7 10 0.00644947 3.78679e-08 0
28288.7 10 0.01 3.78679e-08 0
28288.7 10 0.0155052 3.7868e-08 0
28288.7 10 0.024041 3.78681e-08 0
28288.7 10 0.0372759 3.78683e-08 0
28288.7 10 0.0577969 3.78686e-08 0
28288.7 10 0.0896151 3.78693e-08 0
28288.7 10 0.13895 3.78705e-08 0
28288.7 10 0.215443 3.78721e-08 0
28288.7 10 0.334048 3.78728e-08 0
28288.7 10 0.517947 3.78685e-08 0
28288.7 10 0.803086 3.78541e-08 0
28288.7 10 1.2452 3.78322e-08 0
28288.7 10 1.9307 3.7814e-08 0
28288.7 10 2.99358 3.78117e-08 0
28288.7 10 4.64159 3.77672e-08 0
28288.7 10 7.19686 3.76688e-08 0
28288.7 10 11.1588 3.7611e-08 0
28288.7 10 17.302 3.75266e-08 0
28288.7 10 26.827 3.73747e-08 0
28288.7 10 41.5956 3.7239e-08 0
28288.7 10 64.4947 3.70413e-08 0
28288.7 10 100 3.67335e-08 0
28288.7 10 155.052 3.63043e-08 0
28288.7 10 240.41 3.56673e-08 0
28288.7 10 372.759 3.46689e-08 0
28288.7 10 577.969 3.32916e-08 0
28288.7 10 896.151 3.14475e-08 0
28288.7 10 1389.5 2.88448e-08 0
28288.7 10 2154.43 2.54405e-08 0
28288.7 10 3340.48 2.14746e-08 0
28288.7 10 5179.47 1.72813e-08 0
28288.7 10 8030.86 1.31555e-08 0
28288.7 10 12452 9.32951e-09 0
28288.7 10 19307 6.15721e-09 0
28288.7 10 29935.8 3.81266e-09 0
28288.7 10 46415.9 2.22942e-09 0
28288.7 10 71968.6 1.23979e-09 0
28288.7 10 111588 6.57703e-10 0
28288.7 10 173020 3.28301e-10 0
28288.7 10 268270 1.56911e-10 0
28288.7 10 415956 7.08976e-11 0
28288.7 10 644947 2.89447e-11 0
28288.7 10 1e+06 9.24387e-12 0

68977.9 10 1e-06 1.2396e-08 0
68977.9 10 1.55052e-06 1.2396e-08 0
68977.9 10 2.4041e-06 1.2396e-08 0
68977.9 10 3.72759e-06 1.2396e-08 0
68977.9 10 5.77969e-06 1.2396e-08 0
68977.9 10 8.96151e-06 1.2396e-08 0
68977.9 10 1.3895e-05 1.2396e-08 0
68977.9 10 2.15443e-05 1.2396e-08 0
68977.9 10 3.34048e-05 1.2396e-08 0
68977.9 10 5.17947e-05 1.2396e-08 0
68977.9 10 8.03086e-05 1.2396e-08 0
68977.9 10 0.00012452 1.2396e-08 0
68977.9 10 0.00019307 1.2396e-08 0
68977.9 10 0.000299358 1.2396e-08 0
68977.9 10 0.000464159 1.2396e-08 0
68977.9 10 0.000719686 1.2396e-08 0
68977.9 10 0.00111588 1.2396e-08 0
68977.9 10 0.0017302 1.2396e-08 0
68977.9 10 0.0026827 1.2396e-08 0
68977.9 10 0.00415956 1.2396e-08 0
68977.9 10 0.00644947 1.2396e-08 0
68977.9 10 0.01 1.2396e-08 0
68977.9 10 0.0155052 1.2396e-08 0
68977.9 10 0.024041 1.2396e-08 0
68977.9 10 0.0372759 1.23961e-08 0
68977.9 10 0.0577969 1.23961e-08 0
68977.9 10 0.0896151 1.23962e-08 0
68977.9 10 0.13895 1.23964e-08 0
68977.9 10 0.215443 1.23967e-08 0
68977.9 10 0.334048 1.23968e-08 0
68977.9 10 0.517947 1.23962e-08 0
68977.9 10 0.803086 1.23939e-08 0
68977.9 10 1.2452 1.23905e-08 0
68977.9 10 1.9307 1.23877e-08 0
68977.9 10 2.99358 1.23875e-08 0
68977.9 10 4.64159 1.23806e-08 0
68977.9 10 7.19686 1.23652e-08 0
68977.9 10 11.1588 1.23565e-08 0
68977.9 10 17.302 1.23438e-08 0
68977.9 10 26.827 1.23207e-08 0
68977.9 10 41.5956 1.23009e-08 0
68977.9 10 64.4947 1.2272e-08 0
68977.9 10 100 1.22267e-08 0
68977.9 10 155.052 1.21634e-08 0
68977.9 10 240.41 1.20683e-08 0
68977.9 10 372.759 1.19148e-08 0
68977.9 10 577.969 1.16969e-08 0
68977.9 10 896.151 1.13924e-08 0
68977.9 10 1389.5 1.09304e-08 0
68977.9 10 2154.43 1.02623e-08 0
68977.9 10 3340.48 9.37807e-09 0
68977.9 10 5179.47 8.28888e-09 0
68977.9 10 8030.86 7.00818e-09 0
68977.9 10 12452 5.56146e-09 0
68977.9 10 19307 4.09726e-09 0
68977.9 10 29935.8 2.79889e-09 0
68977.9 10 46415.9 1.77644e-09 0
68977.9 10 71968.6 1.05415e-09 0
68977.9 10 111588 5.86992e-10 0
68977.9 10 173020 3.03348e-10 0
68977.9 10 268270 1.48583e-10 0
68977.9 10 415956 6.82624e-11 0
68977.9 10 644947 2.81727e-11 0
68977.9 10 1e+06 9.05815e-12 0

168192 10 1e-06 3.76044e-09 0
168192 10 1.55052e-06 3.76044e-09 0
168192 10 2.4041e-06 3.76044e-09 0
168192 10 3.72759e-06 3.76044e-09 0
168192 10 5.77969e-06 3.76044e-09 0
168192 10 8.96151e-06 3.76044e-09 0
168192 10 1.3895e-05 3.76044e-09 0
168192 10 2.15443e-05 3.76044e-09 0
168192 10 3.34048e-05 3.76044e-09 0
168192 10 5.17947e-05 3.76044e-09 0
168192 10 8.03086e-05 3.76044e-09 0
168192 10 0.00012452 3.76044e-09 0
168192 10 0.00019307 3.76044e-09 0
168192 10 0.000299358 3.76044e-09 0
168192 10 0.000464159 3.76044e-09 0
168192 10 0.000719686 3.76044e-09 0
168192 10 0.00111588 3.76044e-09 0
168192 10 0.0017302 3.76044e-09 0
168192 10 0.0026827 3.76045e-09 0
168192 10 0.00415956 3.76045e-09 0
168192 10 0.00644947 3.76045e-09 0
168192 10 0.01 3.76045e-09 0
168192 10 0.0155052 3.76045e-09 0
168192 10 0.024041 3.76045e-09 0
168192 10 0.0372759 3.76046e-09 0
168192 10 0.0577969 3.76047e-09 0
168192 10 0.0896151 3.76048e-09 0
168192 10 0.13895 3.76052e-09 0
168192 10 0.215443 3.76056e-09 0
168192 10 0.334048 3.76059e-09 0
168192 10 0.517947 3.76049e-09 0
168192 10 0.803086 3.76013e-09 0
168192 10 1.2452 3.75959e-09 0
168192 10 1.9307 3.75915e-09 0
168192 10 2.99358 3.75914e-09 0
168192 10 4.64159 3.75807e-09 0
168192 10 7.19686 3.75566e-09 0
168192 10 11.1588 3.75435e-09 0
168192 10 17.302 3.75245e-09 0
168192 10 26.827 3.74895e-09 0
168192 10 41.5956 3.74608e-09 0
168192 10 64.4947 3.74193e-09 0
168192 10 100 3.73538e-09 0
168192 10 155.052 3.72631e-09 0
168192 10 240.41 3.71263e-09 0
168192 10 372.759 3.69018e-09 0
168192 10 577.969 3.6581e-09 0
168192 10 896.151 3.61272e-09 0
168192 10 1389.5 3.54136e-09 0
168192 10 2154.43 3.43289e-09 0
168192 10 3340.48 3.27989e-09 0
168192 10 5179.47 3.07518e-09 0
168192 10 8030.86 2.80601e-09 0
168192 10 12452 2.45317e-09 0
168192 10 19307 2.0259e-09 0
168192 10 29935.8 1.56446e-09 0
168192 10 46415.9 1.12085e-09 0
168192 10 71968.6 7.42811e-10 0
168192 10 111588 4.5361e-10 0
168192 10 173020 2.51998e-10 0
168192 10 268270 1.30338e-10 0
168192 10 415956 6.22328e-11 0
168192 10 644947 2.63525e-11 0
168192 10 1e+06 8.60933e-12 0

410113 10 1e-06 1.03211e-09 0
410113 10 1.55052e-06 1.03211e-09 0
410113 10 2.4041e-06 1.03211e-09 0
410113 10 3.72759e-06 1.03211e-09 0
410113 10 5.77969e-06 1.03211e-09 0
410113 10 8.96151e-06 1.03211e-09 0
410113 10 1.3895e-05 1.03211e-09 0
410113 10 2.15443e-05 1.03211e-09 0
410113 10 3.34048e-05 1.03211e-09 0
410113 10 5.17947e-05 1.03211e-09 0
410113 10 8.03086e-05 1.03211e-09 0
410113 10 0.00012452 1.03211e-09 0
410113 10 0.00019307 1.03211e-09 0
410113 10 0.000299358 1.03211e-09 0
410113 10 0.000464159 1.03211e-09 0
410113 10 0.000719686 1.03211e-09 0
410113 10 0.00111588 1.03211e-09 0
410113 10 0.0017302 1.03211e-09 0
410113 10 0.0026827 1.03211e-09 0
410113 10 0.00415956 1.03211e-09 0
410113 10 0.00644947 1.03211e-09 0
410113 10 0.01 1.03211e-09 0
410113 10 0.0155052 1.03211e-09 0
410113 10 0.024041 1.03211e-09 0
410113 10 0.0372759 1.03212e-09 0
410113 10 0.0577969 1.03212e-09 0
410113 10 0.0896151 1.03212e-09 0
410113 10 0.13895 1.03213e-09 0
410113 10 0.215443 1.03213e-09 0
410113 10 0.334048 1.03214e-09 0
410113 10 0.517947 1.03212e-09 0
410113 10 0.803086 1.03207e-09 0
410113 10 1.2452 1.03198e-09 0
410113 10 1.9307 1.03191e-09 0
410113 10 2.99358 1.03192e-09 0
410113 10 4.64159 1.03175e-09 0
410113 10 7.19686 1.03138e-09 0
410113 10 11.1588 1.03118e-09 0
410113 10 17.302 1.0309e-09 0
410113 10 26.827 1.03038e-09 0
410113 10 41.5956 1.02999e-09 0
410113 10 64.4947 1.02942e-09 0
410113 10 100 1.02853e-09 0
410113 10 155.052 1.02731e-09 0
410113 10 240.41 1.02548e-09 0
410113 10 372.759 1.02243e-09 0
410113 10 577.969 1.01809e-09 0
410113 10 896.151 1.01201e-09 0
410113 10 1389.5 1.00222e-09 0
410113 10 2154.43 9.86942e-10 0
410113 10 3340.48 9.64841e-10 0
410113 10 5179.47 9.34305e-10 0
410113 10 8030.86 8.91915e-10 0
410113 10 12452 8.31056e-10 0
410113 10 19307 7.47702e-10 0
410113 10 29935.8 6.4269e-10 0
410113 10 46415.9 5.21459e-10 0
410113 10 71968.6 3.94734e-10 0
410113 10 111588 2.74339e-10 0
410113 10 173020 1.71411e-10 0
410113 10 268270 9.78841e-11 0
410113 10 415956 5.04389e-11 0
410113 10 644947 2.25418e-11 0
410113 10 1e+06 7.62534e-12 0

1e+06 10 1e-06 2.49833e-10 0
1e+06 10 1.55052e-06 2.49833e-10 0
1e+06 10 2.4041e-06 2.49833e-10 0
1e+06 10 3.72759e-06 2.49833e-10 0
1e+06 10 5.77969e-06 2.49833e-10 0
1e+06 10 8.96151e-06 2.49833e-10 0
1e+06 10 1.3895e-05 2.49833e-10 0
1e+06 10 2.15443e-05 2.49833e-10 0
1e+06 10 3.34048e-05 2.49833e-10 0
1e+06 10 5.17947e-05 2.49833e-10 0
1e+06 10 8.03086e-05 2.49833e-10 0
1e+06 10 0.00012452 2.49833e-10 0
1e+06 10 0.00019307 2.49833e-10 0
1e+06 10 0.000299358 2.49833e-10 0
1e+06 10 0.000464159 2.49833e-10 0
1e+06 10 0.000719686 2.49833e-10 0
1e+06 10 0.00111588 2.49833e-10 0
1e+06 10 0.0017302 2.49833e-10 0
1e+06 10 0.0026827 2.49833e-10 0
1e+06 10 0.00415956 2.49833e-10 0
1e+06 10 0.00644947 2.49833e-10 0
1e+06 10 0.01 2.49833e-10 0
1e+06 10 0.0155052 2.49833e-10 0
1e+06 10 0.024041 2.49833e-10 0
1e+06 10 0.0372759 2.49833e-10 0
1e+06 10 0.0577969 2.49833e-10 0
1e+06 10 0.0896151 2.49834e-10 0
1e+06 10 0.13895 2.49835e-10 0
1e+06 10 0.215443 2.49836e-10 0
1e+06 10 0.334048 2.49837e-10 0
1e+06 10 0.517947 2.49835e-10 0
1e+06 10 0.803086 2.49826e-10 0
1e+06 10 1.2452 2.49812e-10 0
1e+06 10 1.9307 2.49802e-10 0
1e+06 10 2.99358 2.49803e-10 0
1e+06 10 4.64159 2.49778e-10 0
1e+06 10 7.19686 2.49719e-10 0
1e+06 10 11.1588 2.49691e-10 0
1e+06 10 17.302 2.49651e-10 0
1e+06 10 26.827 2.49575e-10 0
1e+06 10 41.5956 2.49523e-10 0
1e+06 10 64.4947 2.4945e-10 0
1e+06 10 100 2.49334e-10 0
1e+06 10 155.052 2.49182e-10 0
1e+06 10 240.41 2.48954e-10 0
1e+06 10 372.759 2.48564e-10 0
1e+06 10 577.969 2.48024e-10 0
1e+06 10 896.151 2.47284e-10 0
1e+06 10 1389.5 2.46066e-10 0
1e+06 10 2154.43 2.44133e-10 0
1e+06 10 3340.48 2.4133e-10 0
1e+06 10 5179.47 2.37471e-10 0
1e+06 10 8030.86 2.32045e-10 0
1e+06 10 12452 2.23858e-10 0
1e+06 10 19307 2.11829e-10 0
1e+06 10 29935.8 1.95244e-10 0
1e+06 10 46415.9 1.73663e-10 0
1e+06 10 71968.6 1.47322e-10 0
1e+06 10 111588 1.16796e-10 0
1e+06 10 173020 8.42407e-11 0
1e+06 10 268270 5.53575e-11 0
1e+06 10 415956 3.22542e-11 0
1e+06 10 644947 1.58646e-11 0
1e+06 10 1e+06 5.72855e-12 0

