#q_sq i k_sq Re(fg) Im(fg)
1e-06 2 1e-06 -0.0853966 0
1e-06 2 1.55052e-06 -0.0853962 0
1e-06 2 2.4041e-06 -0.0853955 0
1e-06 2 3.72759e-06 -0.0853944 0
1e-06 2 5.77969e-06 -0.0853928 0
1e-06 2 8.96151e-06 -0.0853902 0
1e-06 2 1.3895e-05 -0.0853862 0
1e-06 2 2.15443e-05 -0.08538 0
1e-06 2 3.34048e-05 -0.0853704 0
1e-06 2 5.17947e-05 -0.0853555 0
1e-06 2 8.03086e-05 -0.0853325 0
1e-06 2 0.00012452 -0.0852968 0
1e-06 2 0.00019307 -0.0852414 0
1e-06 2 0.000299358 -0.0851555 0
1e-06 2 0.000464159 -0.0850225 0
1e-06 2 0.000719686 -0.0848165 0
1e-06 2 0.00111588 -0.0844977 0
1e-06 2 0.0017302 -0.0840047 0
1e-06 2 0.0026827 -0.0832436 0
1e-06 2 0.00415956 -0.0820713 0
1e-06 2 0.00644947 -0.0802724 0
1e-06 2 0.01 -0.0775275 0
1e-06 2 0.0155052 -0.0733766 0
1e-06 2 0.024041 -0.0671857 0
1e-06 2 0.0372759 -0.058151 0
1e-06 2 0.0577969 -0.0454131 0
1e-06 2 0.0896151 -0.028408 0
1e-06 2 0.13895 -0.00764896 0
1e-06 2 0.215443 0.0140835 0
1e-06 2 0.334048 0.0310079 0
1e-06 2 0.517947 0.0362357 0
1e-06 2 0.803086 0.0281623 0
1e-06 2 1.2452 0.0150367 0
1e-06 2 1.9307 0.00602303 0
1e-06 2 2.99358 0.00225181 0
1e-06 2 4.64159 0.00122086 0
1e-06 2 7.19686 0.000740609 0
1e-06 2 11.1588 0.000462718 0
1e-06 2 17.302 0.000290063 0
1e-06 2 26.827 0.000180623 0
1e-06 2 41.5956 0.000112159 0
1e-06 2 64.4947 6.97401e-05 0
1e-06 2 100 4.33556e-05 0
1e-06 2 155.052 2.69338e-05 0
1e-06 2 240.41 1.67504e-05 0
1e-06 2 372.759 1.04224e-05 0
1e-06 2 577.969 6.47568e-06 0
1e-06 2 896.151 4.01646e-06 0
1e-06 2 1389.5 2.4858e-06 0
1e-06 2 2154.43 1.53018e-06 0
1e-06 2 3340.48 9.33707e-07 0
1e-06 2 5179.47 5.62434e-07 0
1e-06 2 8030.86 3.32539e-07 0
1e-06 2 12452 1.91615e-07 0
1e-06 2 19307 1.06715e-07 0
1e-06 2 29935.8 5.70197e-08 0
1e-06 2 46415.9 2.90926e-08 0
1e-06 2 71968.6 1.4162e-08 0
1e-06 2 111588 6.59925e-09 0
1e-06 2 173020 2.9637e-09 0
1e-06 2 268270 1.29229e-09 0
1e-06 2 415956 5.5141e-10 0
1e-06 2 644947 2.31738e-10 0
1e-06 2 1e+06 9.64445e-11 0

2.43835e-06 2 1e-06 -0.0853966 0
2.43835e-06 2 1.55052e-06 -0.0853961 0
2.43835e-06 2 2.4041e-06 -0.0853954 0
2.43835e-06 2 3.72759e-06 -0.0853944 0
2.43835e-06 2 5.77969e-06 -0.0853927 0
2.43835e-06 2 8.96151e-06 -0.0853901 0
2.43835e-06 2 1.3895e-05 -0.0853861 0
2.43835e-06 2 2.15443e-05 -0.08538 0
2.43835e-06 2 3.34048e-05 -0.0853704 0
2.43835e-06 2 5.17947e-05 -0.0853555 0
2.43835e-06 2 8.03086e-05 -0.0853324 0
2.43835e-06 2 0.00012452 -0.0852967 0
2.43835e-06 2 0.00019307 -0.0852413 0
2.43835e-06 2 0.000299358 -0.0851555 0
2.43835e-06 2 0.000464159 -0.0850225 0
2.43835e-06 2 0.000719686 -0.0848165 0
2.43835e-06 2 0.00111588 -0.0844976 0
2.43835e-06 2 0.0017302 -0.0840046 0
2.43835e-06 2 0.0026827 -0.0832435 0
2.43835e-06 2 0.00415956 -0.0820713 0
2.43835e-06 2 0.00644947 -0.0802723 0
2.43835e-06 2 0.01 -0.0775275 0
2.43835e-06 2 0.0155052 -0.0733766 0
2.43835e-06 2 0.024041 -0.0671856 0
2.43835e-06 2 0.0372759 -0.058151 0
2.43835e-06 2 0.0577969 -0.0454131 0
2.43835e-06 2 0.0896151 -0.0284079 0
2.43835e-06 2 0.13895 -0.00764897 0
2.43835e-06 2 0.215443 0.0140834 0
2.43835e-06 2 0.334048 0.0310079 0
2.43835e-06 2 0.517947 0.0362357 0
2.43835e-06 2 0.803086 0.0281622 0
2.43835e-06 2 1.2452 0.0150366 0
2.43835e-06 2 1.9307 0.00602303 0
2.43835e-06 2 2.99358 0.00225181 0
2.43835e-06 2 4.64159 0.00122086 0
2.43835e-06 2 7.19686 0.000740609 0
2.43835e-06 2 11.1588 0.000462718 0
2.43835e-06 2 17.302 0.000290063 0
2.43835e-06 2 26.827 0.000180623 0
2.43835e-06 2 41.5956 0.000112159 0
2.43835e-06 2 64.4947 6.974e-05 0
2.43835e-06 2 100 4.33556e-05 0
2.43835e-06 2 155.052 2.69338e-05 0
2.43835e-06 2 240.41 1.67503e-05 0
2.43835e-06 2 372.759 1.04224e-05 0
2.43835e-06 2 577.969 6.47568e-06 0
2.43835e-06 2 896.151 4.01646e-06 0
2.43835e-06 2 1389.5 2.4858e-06 0
2.43835e-06 2 2154.43 1.53018e-06 0
2.43835e-06 2 3340.48 9.33706e-07 0
2.43835e-06 2 5179.47 5.62434e-07 0
2.43835e-06 2 8030.86 3.32539e-07 0
2.43835e-06 2 12452 1.91615e-07 0
2.43835e-06 2 19307 1.06715e-07 0
2.43835e-06 2 29935.8 5.70197e-08 0
2.43835e-06 2 46415.9 2.90925e-08 0
2.43835e-06 2 71968.6 1.4162e-08 0
2.43835e-06 2 111588 6.59925e-09 0
2.43835e-06 2 173020 2.9637e-09 0
2.43835e-06 2 268270 1.29229e-09 0
2.43835e-06 2 415956 5.5141e-10 0
2.43835e-06 2 644947 2.31738e-10 0
2.43835e-06 2 1e+06 9.64444e-11 0

5.94557e-06 2 1e-06 -0.0853964 0
5.94557e-06 2 1.55052e-06 -0.085396 0
5.94557e-06 2 2.4041e-06 -0.0853953 0
5.94557e-06 2 3.72759e-06 -0.0853942 0
5.94557e-06 2 5.77969e-06 -0.0853926 0
5.94557e-06 2 8.96151e-06 -0.08539 0
5.94557e-06 2 1.3895e-05 -0.085386 0
5.94557e-06 2 2.15443e-05 -0.0853798 0
5.94557e-06 2 3.34048e-05 -0.0853702 0
5.94557e-06 2 5.17947e-05 -0.0853553 0
5.94557e-06 2 8.03086e-05 -0.0853323 0
5.94557e-06 2 0.00012452 -0.0852966 0
5.94557e-06 2 0.00019307 -0.0852412 0
5.94557e-06 2 0.000299358 -0.0851553 0
5.94557e-06 2 0.000464159 -0.0850223 0
5.94557e-06 2 0.000719686 -0.0848163 0
5.94557e-06 2 0.00111588 -0.0844975 0
5.94557e-06 2 0.0017302 -0.0840045 0
5.94557e-06 2 0.0026827 -0.0832434 0
5.94557e-06 2 0.00415956 -0.0820711 0
5.94557e-06 2 0.00644947 -0.0802722 0
5.94557e-06 2 0.01 -0.0775273 0
5.94557e-06 2 0.0155052 -0.0733765 0
5.94557e-06 2 0.024041 -0.0671855 0
5.94557e-06 2 0.0372759 -0.0581509 0
5.94557e-06 2 0.0577969 -0.0454131 0
5.94557e-06 2 0.0896151 -0.0284079 0
5.94557e-06 2 0.13895 -0.00764901 0
5.94557e-06 2 0.215443 0.0140834 0
5.94557e-06 2 0.334048 0.0310078 0
5.94557e-06 2 0.517947 0.0362356 0
5.94557e-06 2 0.803086 0.0281622 0
5.94557e-06 2 1.2452 0.0150366 0
5.94557e-06 2 1.9307 0.00602302 0
5.94557e-06 2 2.99358 0.00225181 0
5.94557e-06 2 4.64159 0.00122086 0
5.94557e-06 2 7.19686 0.000740608 0
5.94557e-06 2 11.1588 0.000462717 0
5.94557e-06 2 17.302 0.000290063 0
5.94557e-06 2 26.827 0.000180623 0
5.94557e-06 2 41.5956 0.000112158 0
5.94557e-06 2 64.4947 6.974e-05 0
5.94557e-06 2 100 4.33555e-05 0
5.94557e-06 2 155.052 2.69338e-05 0
5.94557e-06 2 240.41 1.67503e-05 0
5.94557e-06 2 372.759 1.04224e-05 0
5.94557e-06 2 577.969 6.47567e-06 0
5.94557e-06 2 896.151 4.01646e-06 0
5.94557e-06 2 1389.5 2.48579e-06 0
5.94557e-06 2 2154.43 1.53018e-06 0
5.94557e-06 2 3340.48 9.33706e-07 0
5.94557e-06 2 5179.47 5.62434e-07 0
5.94557e-06 2 8030.86 3.32538e-07 0
5.94557e-06 2 12452 1.91615e-07 0
5.94557e-06 2 19307 1.06715e-07 0
5.94557e-06 2 29935.8 5.70196e-08 0
5.94557e-06 2 46415.9 2.90925e-08 0
5.94557e-06 2 71968.6 1.41619e-08 0
5.94557e-06 2 111588 6.59924e-09 0
5.94557e-06 2 173020 2.9637e-09 0
5.94557e-06 2 268270 1.29229e-09 0
5.94557e-06 2 415956 5.51409e-10 0
5.94557e-06 2 644947 2.31738e-10 0
5.94557e-06 2 1e+06 9.64444e-11 0

1.44974e-05 2 1e-06 -0.0853961 0
1.44974e-05 2 1.55052e-06 -0.0853956 0
1.44974e-05 2 2.4041e-06 -0.0853949 0
1.44974e-05 2 3.72759e-06 -0.0853939 0
1.44974e-05 2 5.77969e-06 -0.0853922 0
1.44974e-05 2 8.96151e-06 -0.0853896 0
1.44974e-05 2 1.3895e-05 -0.0853856 0
1.44974e-05 2 2.15443e-05 -0.0853795 0
1.44974e-05 2 3.34048e-05 -0.0853699 0
1.44974e-05 2 5.17947e-05 -0.085355 0
1.44974e-05 2 8.03086e-05 -0.0853319 0
1.44974e-05 2 0.00012452 -0.0852962 0
1.44974e-05 2 0.00019307 -0.0852408 0
1.44974e-05 2 0.000299358 -0.085155 0
1.44974e-05 2 0.000464159 -0.085022 0
1.44974e-05 2 0.000719686 -0.084816 0
1.44974e-05 2 0.00111588 -0.0844971 0
1.44974e-05 2 0.0017302 -0.0840042 0
1.44974e-05 2 0.0026827 -0.0832431 0
1.44974e-05 2 0.00415956 -0.0820708 0
1.44974e-05 2 0.00644947 -0.0802719 0
1.44974e-05 2 0.01 -0.077527 0
1.44974e-05 2 0.0155052 -0.0733762 0
1.44974e-05 2 0.024041 -0.0671853 0
1.44974e-05 2 0.0372759 -0.0581507 0
1.44974e-05 2 0.0577969 -0.0454129 0
1.44974e-05 2 0.0896151 -0.0284079 0
1.44974e-05 2 0.13895 -0.00764908 0
1.44974e-05 2 0.215443 0.0140832 0
1.44974e-05 2 0.334048 0.0310076 0
1.44974e-05 2 0.517947 0.0362353 0
1.44974e-05 2 0.803086 0.028162 0
1.44974e-05 2 1.2452 0.0150365 0
1.44974e-05 2 1.9307 0.00602299 0
1.44974e-05 2 2.99358 0.0022518 0
1.44974e-05 2 4.64159 0.00122085 0
1.44974e-05 2 7.19686 0.000740605 0
1.44974e-05 2 11.1588 0.000462716 0
1.44974e-05 2 17.302 0.000290062 0
1.44974e-05 2 26.827 0.000180622 0
1.44974e-05 2 41.5956 0.000112158 0
1.44974e-05 2 64.4947 6.97398e-05 0
1.44974e-05 2 100 4.33554e-05 0
1.44974e-05 2 155.052 2.69337e-05 0
1.44974e-05 2 240.41 1.67503e-05 0
1.44974e-05 2 372.759 1.04224e-05 0
1.44974e-05 2 577.969 6.47565e-06 0
1.44974e-05 2 896.151 4.01645e-06 0
1.44974e-05 2 1389.5 2.48579e-06 0
1.44974e-05 2 2154.43 1.53018e-06 0
1.44974e-05 2 3340.48 9.33703e-07 0
1.44974e-05 2 5179.47 5.62432e-07 0
1.44974e-05 2 8030.86 3.32538e-07 0
1.44974e-05 2 12452 1.91614e-07 0
1.44974e-05 2 19307 1.06715e-07 0
1.44974e-05 2 29935.8 5.70195e-08 0
1.44974e-05 2 46415.9 2.90925e-08 0
1.44974e-05 2 71968.6 1.41619e-08 0
1.44974e-05 2 111588 6.59923e-09 0
1.44974e-05 2 173020 2.96369e-09 0
1.44974e-05 2 268270 1.29229e-09 0
1.44974e-05 2 415956 5.51408e-10 0
1.44974e-05 2 644947 2.31737e-10 0
1.44974e-05 2 1e+06 9.64441e-11 0

3.53498e-05 2 1e-06 -0.0853952 0
3.53498e-05 2 1.55052e-06 -0.0853948 0
3.53498e-05 2 2.4041e-06 -0.0853941 0
3.53498e-05 2 3.72759e-06 -0.085393 0
3.53498e-05 2 5.77969e-06 -0.0853914 0
3.53498e-05 2 8.96151e-06 -0.0853888 0
3.53498e-05 2 1.3895e-05 -0.0853848 0
3.53498e-05 2 2.15443e-05 -0.0853786 0
3.53498e-05 2 3.34048e-05 -0.085369 0
3.53498e-05 2 5.17947e-05 -0.0853541 0
3.53498e-05 2 8.03086e-05 -0.0853311 0
3.53498e-05 2 0.00012452 -0.0852954 0
3.53498e-05 2 0.00019307 -0.08524 0
3.53498e-05 2 0.000299358 -0.0851541 0
3.53498e-05 2 0.000464159 -0.0850211 0
3.53498e-05 2 0.000719686 -0.0848151 0
3.53498e-05 2 0.00111588 -0.0844963 0
3.53498e-05 2 0.0017302 -0.0840033 0
3.53498e-05 2 0.0026827 -0.0832422 0
3.53498e-05 2 0.00415956 -0.08207 0
3.53498e-05 2 0.00644947 -0.0802711 0
3.53498e-05 2 0.01 -0.0775263 0
3.53498e-05 2 0.0155052 -0.0733755 0
3.53498e-05 2 0.024041 -0.0671847 0
3.53498e-05 2 0.0372759 -0.0581503 0
3.53498e-05 2 0.0577969 -0.0454126 0
3.53498e-05 2 0.0896151 -0.0284078 0
3.53498e-05 2 0.13895 -0.00764926 0
3.53498e-05 2 0.215443 0.0140828 0
3.53498e-05 2 0.334048 0.031007 0
3.53498e-05 2 0.517947 0.0362348 0
3.53498e-05 2 0.803086 0.0281616 0
3.53498e-05 2 1.2452 0.0150364 0
3.53498e-05 2 1.9307 0.00602293 0
3.53498e-05 2 2.99358 0.00225178 0
3.53498e-05 2 4.64159 0.00122084 0
3.53498e-05 2 7.19686 0.0007406 0
3.53498e-05 2 11.1588 0.000462712 0
3.53498e-05 2 17.302 0.00029006 0
3.53498e-05 2 26.827 0.000180621 0
3.53498e-05 2 41.5956 0.000112157 0
3.53498e-05 2 64.4947 6.97393e-05 0
3.53498e-05 2 100 4.33551e-05 0
3.53498e-05 2 155.052 2.69335e-05 0
3.53498e-05 2 240.41 1.67502e-05 0
3.53498e-05 2 372.759 1.04223e-05 0
3.53498e-05 2 577.969 6.47561e-06 0
3.53498e-05 2 896.151 4.01642e-06 0
3.53498e-05 2 1389.5 2.48577e-06 0
3.53498e-05 2 2154.43 1.53017e-06 0
3.53498e-05 2 3340.48 9.33698e-07 0
3.53498e-05 2 5179.47 5.62429e-07 0
3.53498e-05 2 8030.86 3.32536e-07 0
3.53498e-05 2 12452 1.91613e-07 0
3.53498e-05 2 19307 1.06714e-07 0
3.53498e-05 2 29935.8 5.70192e-08 0
3.53498e-05 2 46415.9 2.90923e-08 0
3.53498e-05 2 71968.6 1.41618e-08 0
3.53498e-05 2 111588 6.59919e-09 0
3.53498e-05 2 173020 2.96367e-09 0
3.53498e-05 2 268270 1.29228e-09 0
3.53498e-05 2 415956 5.51405e-10 0
3.53498e-05 2 644947 2.31736e-10 0
3.53498e-05 2 1e+06 9.64436e-11 0

8.61954e-05 2 1e-06 -0.0853931 0
8.61954e-05 2 1.55052e-06 -0.0853927 0
8.61954e-05 2 2.4041e-06 -0.085392 0
8.61954e-05 2 3.72759e-06 -0.0853909 0
8.61954e-05 2 5.77969e-06 -0.0853893 0
8.61954e-05 2 8.96151e-06 -0.0853867 0
8.61954e-05 2 1.3895e-05 -0.0853827 0
8.61954e-05 2 2.15443e-05 -0.0853765 0
8.61954e-05 2 3.34048e-05 -0.0853669 0
8.61954e-05 2 5.17947e-05 -0.0853521 0
8.61954e-05 2 8.03086e-05 -0.085329 0
8.61954e-05 2 0.00012452 -0.0852933 0
8.61954e-05 2 0.00019307 -0.0852379 0
8.61954e-05 2 0.000299358 -0.085152 0
8.61954e-05 2 0.000464159 -0.085019 0
8.61954e-05 2 0.000719686 -0.0848131 0
8.61954e-05 2 0.00111588 -0.0844942 0
8.61954e-05 2 0.0017302 -0.0840013 0
8.61954e-05 2 0.0026827 -0.0832402 0
8.61954e-05 2 0.00415956 -0.082068 0
8.61954e-05 2 0.00644947 -0.0802692 0
8.61954e-05 2 0.01 -0.0775245 0
8.61954e-05 2 0.0155052 -0.0733738 0
8.61954e-05 2 0.024041 -0.0671832 0
8.61954e-05 2 0.0372759 -0.0581491 0
8.61954e-05 2 0.0577969 -0.0454119 0
8.61954e-05 2 0.0896151 -0.0284076 0
8.61954e-05 2 0.13895 -0.0076497 0
8.61954e-05 2 0.215443 0.0140817 0
8.61954e-05 2 0.334048 0.0310055 0
8.61954e-05 2 0.517947 0.0362334 0
8.61954e-05 2 0.803086 0.0281607 0
8.61954e-05 2 1.2452 0.015036 0
8.61954e-05 2 1.9307 0.00602279 0
8.61954e-05 2 2.99358 0.00225173 0
8.61954e-05 2 4.64159 0.00122082 0
8.61954e-05 2 7.19686 0.000740586 0
8.61954e-05 2 11.1588 0.000462704 0
8.61954e-05 2 17.302 0.000290055 0
8.61954e-05 2 26.827 0.000180618 0
8.61954e-05 2 41.5956 0.000112156 0
8.61954e-05 2 64.4947 6.97382e-05 0
8.61954e-05 2 100 4.33545e-05 0
8.61954e-05 2 155.052 2.69331e-05 0
8.61954e-05 2 240.41 1.67499e-05 0
8.61954e-05 2 372.759 1.04222e-05 0
8.61954e-05 2 577.969 6.47552e-06 0
8.61954e-05 2 896.151 4.01637e-06 0
8.61954e-05 2 1389.5 2.48574e-06 0
8.61954e-05 2 2154.43 1.53015e-06 0
8.61954e-05 2 3340.48 9.33684e-07 0
8.61954e-05 2 5179.47 5.62421e-07 0
8.61954e-05 2 8030.86 3.32531e-07 0
8.61954e-05 2 12452 1.9161e-07 0
8.61954e-05 2 19307 1.06713e-07 0
8.61954e-05 2 29935.8 5.70184e-08 0
8.61954e-05 2 46415.9 2.90919e-08 0
8.61954e-05 2 71968.6 1.41616e-08 0
8.61954e-05 2 111588 6.5991e-09 0
8.61954e-05 2 173020 2.96363e-09 0
8.61954e-05 2 268270 1.29227e-09 0
8.61954e-05 2 415956 5.51398e-10 0
8.61954e-05 2 644947 2.31733e-10 0
8.61954e-05 2 1e+06 9.64423e-11 0

0.000210175 2 1e-06 -0.0853881 0
0.000210175 2 1.55052e-06 -0.0853876 0
0.000210175 2 2.4041e-06 -0.0853869 0
0.000210175 2 3.72759e-06 -0.0853859 0
0.000210175 2 5.77969e-06 -0.0853842 0
0.000210175 2 8.96151e-06 -0.0853816 0
0.000210175 2 1.3895e-05 -0.0853776 0
0.000210175 2 2.15443e-05 -0.0853715 0
0.000210175 2 3.34048e-05 -0.0853619 0
0.000210175 2 5.17947e-05 -0.085347 0
0.000210175 2 8.03086e-05 -0.0853239 0
0.000210175 2 0.00012452 -0.0852882 0
0.000210175 2 0.00019307 -0.0852328 0
0.000210175 2 0.000299358 -0.085147 0
0.000210175 2 0.000464159 -0.085014 0
0.000210175 2 0.000719686 -0.084808 0
0.000210175 2 0.00111588 -0.0844893 0
0.000210175 2 0.0017302 -0.0839963 0
0.000210175 2 0.0026827 -0.0832353 0
0.000210175 2 0.00415956 -0.0820632 0
0.000210175 2 0.00644947 -0.0802645 0
0.000210175 2 0.01 -0.0775201 0
0.000210175 2 0.0155052 -0.0733697 0
0.000210175 2 0.024041 -0.0671796 0
0.000210175 2 0.0372759 -0.0581463 0
0.000210175 2 0.0577969 -0.0454101 0
0.000210175 2 0.0896151 -0.0284071 0
0.000210175 2 0.13895 -0.00765077 0
0.000210175 2 0.215443 0.0140791 0
0.000210175 2 0.334048 0.031002 0
0.000210175 2 0.517947 0.03623 0
0.000210175 2 0.803086 0.0281585 0
0.000210175 2 1.2452 0.0150349 0
0.000210175 2 1.9307 0.00602244 0
0.000210175 2 2.99358 0.00225161 0
0.000210175 2 4.64159 0.00122076 0
0.000210175 2 7.19686 0.000740553 0
0.000210175 2 11.1588 0.000462684 0
0.000210175 2 17.302 0.000290043 0
0.000210175 2 26.827 0.000180611 0
0.000210175 2 41.5956 0.000112151 0
0.000210175 2 64.4947 6.97356e-05 0
0.000210175 2 100 4.33528e-05 0
0.000210175 2 155.052 2.69321e-05 0
0.000210175 2 240.41 1.67493e-05 0
0.000210175 2 372.759 1.04218e-05 0
0.000210175 2 577.969 6.47529e-06 0
0.000210175 2 896.151 4.01622e-06 0
0.000210175 2 1389.5 2.48565e-06 0
0.000210175 2 2154.43 1.53009e-06 0
0.000210175 2 3340.48 9.33652e-07 0
0.000210175 2 5179.47 5.62401e-07 0
0.000210175 2 8030.86 3.32519e-07 0
0.000210175 2 12452 1.91604e-07 0
0.000210175 2 19307 1.06709e-07 0
0.000210175 2 29935.8 5.70164e-08 0
0.000210175 2 46415.9 2.90909e-08 0
0.000210175 2 71968.6 1.41612e-08 0
0.000210175 2 111588 6.59888e-09 0
0.000210175 2 173020 2.96353e-09 0
0.000210175 2 268270 1.29222e-09 0
0.000210175 2 415956 5.51379e-10 0
0.000210175 2 644947 2.31725e-10 0
0.000210175 2 1e+06 9.64392e-11 0

0.000512481 2 1e-06 -0.0853757 0
0.000512481 2 1.55052e-06 -0.0853753 0
0.000512481 2 2.4041e-06 -0.0853746 0
0.000512481 2 3.72759e-06 -0.0853735 0
0.000512481 2 5.77969e-06 -0.0853718 0
0.000512481 2 8.96151e-06 -0.0853693 0
0.000512481 2 1.3895e-05 -0.0853653 0
0.000512481 2 2.15443e-05 -0.0853591 0
0.000512481 2 3.34048e-05 -0.0853495 0
0.000512481 2 5.17947e-05 -0.0853346 0
0.000512481 2 8.03086e-05 -0.0853116 0
0.000512481 2 0.00012452 -0.0852759 0
0.000512481 2 0.00019307 -0.0852205 0
0.000512481 2 0.000299358 -0.0851347 0
0.000512481 2 0.000464159 -0.0850017 0
0.000512481 2 0.000719686 -0.0847958 0
0.000512481 2 0.00111588 -0.0844771 0
0.000512481 2 0.0017302 -0.0839842 0
0.000512481 2 0.0026827 -0.0832234 0
0.000512481 2 0.00415956 -0.0820515 0
0.000512481 2 0.00644947 -0.0802532 0
0.000512481 2 0.01 -0.0775093 0
0.000512481 2 0.0155052 -0.0733598 0
0.000512481 2 0.024041 -0.0671709 0
0.000512481 2 0.0372759 -0.0581393 0
0.000512481 2 0.0577969 -0.0454057 0
0.000512481 2 0.0896151 -0.028406 0
0.000512481 2 0.13895 -0.00765339 0
0.000512481 2 0.215443 0.0140728 0
0.000512481 2 0.334048 0.0309935 0
0.000512481 2 0.517947 0.0362218 0
0.000512481 2 0.803086 0.028153 0
0.000512481 2 1.2452 0.0150325 0
0.000512481 2 1.9307 0.00602159 0
0.000512481 2 2.99358 0.00225132 0
0.000512481 2 4.64159 0.00122062 0
0.000512481 2 7.19686 0.000740471 0
0.000512481 2 11.1588 0.000462636 0
0.000512481 2 17.302 0.000290014 0
0.000512481 2 26.827 0.000180593 0
0.000512481 2 41.5956 0.000112141 0
0.000512481 2 64.4947 6.97291e-05 0
0.000512481 2 100 4.33489e-05 0
0.000512481 2 155.052 2.69297e-05 0
0.000512481 2 240.41 1.67478e-05 0
0.000512481 2 372.759 1.04209e-05 0
0.000512481 2 577.969 6.47472e-06 0
0.000512481 2 896.151 4.01587e-06 0
0.000512481 2 1389.5 2.48543e-06 0
0.000512481 2 2154.43 1.52996e-06 0
0.000512481 2 3340.48 9.33572e-07 0
0.000512481 2 5179.47 5.62354e-07 0
0.000512481 2 8030.86 3.32491e-07 0
0.000512481 2 12452 1.91588e-07 0
0.000512481 2 19307 1.067e-07 0
0.000512481 2 29935.8 5.70117e-08 0
0.000512481 2 46415.9 2.90885e-08 0
0.000512481 2 71968.6 1.416e-08 0
0.000512481 2 111588 6.59834e-09 0
0.000512481 2 173020 2.96329e-09 0
0.000512481 2 268270 1.29212e-09 0
0.000512481 2 415956 5.51335e-10 0
0.000512481 2 644947 2.31707e-10 0
0.000512481 2 1e+06 9.64315e-11 0

0.00124961 2 1e-06 -0.0853456 0
0.00124961 2 1.55052e-06 -0.0853451 0
0.00124961 2 2.4041e-06 -0.0853444 0
0.00124961 2 3.72759e-06 -0.0853434 0
0.00124961 2 5.77969e-06 -0.0853417 0
0.00124961 2 8.96151e-06 -0.0853391 0
0.00124961 2 1.3895e-05 -0.0853351 0
0.00124961 2 2.15443e-05 -0.085329 0
0.00124961 2 3.34048e-05 -0.0853194 0
0.00124961 2 5.17947e-05 -0.0853045 0
0.00124961 2 8.03086e-05 -0.0852815 0
0.00124961 2 0.00012452 -0.0852458 0
0.00124961 2 0.00019307 -0.0851904 0
0.00124961 2 0.000299358 -0.0851047 0
0.00124961 2 0.000464159 -0.0849718 0
0.00124961 2 0.000719686 -0.0847659 0
0.00124961 2 0.00111588 -0.0844474 0
0.00124961 2 0.0017302 -0.0839548 0
0.00124961 2 0.0026827 -0.0831943 0
0.00124961 2 0.00415956 -0.082023 0
0.00124961 2 0.00644947 -0.0802256 0
0.00124961 2 0.01 -0.077483 0
0.00124961 2 0.0155052 -0.0733356 0
0.00124961 2 0.024041 -0.0671497 0
0.00124961 2 0.0372759 -0.0581225 0
0.00124961 2 0.0577969 -0.0453949 0
0.00124961 2 0.0896151 -0.0284031 0
0.00124961 2 0.13895 -0.00765978 0
0.00124961 2 0.215443 0.0140575 0
0.00124961 2 0.334048 0.0309726 0
0.00124961 2 0.517947 0.0362017 0
0.00124961 2 0.803086 0.0281396 0
0.00124961 2 1.2452 0.0150264 0
0.00124961 2 1.9307 0.00601952 0
0.00124961 2 2.99358 0.00225061 0
0.00124961 2 4.64159 0.00122026 0
0.00124961 2 7.19686 0.000740272 0
0.00124961 2 11.1588 0.000462518 0
0.00124961 2 17.302 0.000289943 0
0.00124961 2 26.827 0.000180551 0
0.00124961 2 41.5956 0.000112115 0
0.00124961 2 64.4947 6.97133e-05 0
0.00124961 2 100 4.33392e-05 0
0.00124961 2 155.052 2.69238e-05 0
0.00124961 2 240.41 1.67442e-05 0
0.00124961 2 372.759 1.04186e-05 0
0.00124961 2 577.969 6.47333e-06 0
0.00124961 2 896.151 4.01502e-06 0
0.00124961 2 1389.5 2.48491e-06 0
0.00124961 2 2154.43 1.52964e-06 0
0.00124961 2 3340.48 9.33378e-07 0
0.00124961 2 5179.47 5.62237e-07 0
0.00124961 2 8030.86 3.32423e-07 0
0.00124961 2 12452 1.91548e-07 0
0.00124961 2 19307 1.06678e-07 0
0.00124961 2 29935.8 5.70002e-08 0
0.00124961 2 46415.9 2.90826e-08 0
0.00124961 2 71968.6 1.41572e-08 0
0.00124961 2 111588 6.59702e-09 0
0.00124961 2 173020 2.96271e-09 0
0.00124961 2 268270 1.29186e-09 0
0.00124961 2 415956 5.51227e-10 0
0.00124961 2 644947 2.31662e-10 0
0.00124961 2 1e+06 9.64128e-11 0

0.00304699 2 1e-06 -0.0852721 0
0.00304699 2 1.55052e-06 -0.0852717 0
0.00304699 2 2.4041e-06 -0.085271 0
0.00304699 2 3.72759e-06 -0.0852699 0
0.00304699 2 5.77969e-06 -0.0852683 0
0.00304699 2 8.96151e-06 -0.0852657 0
0.00304699 2 1.3895e-05 -0.0852617 0
0.00304699 2 2.15443e-05 -0.0852556 0
0.00304699 2 3.34048e-05 -0.085246 0
0.00304699 2 5.17947e-05 -0.0852311 0
0.00304699 2 8.03086e-05 -0.0852081 0
0.00304699 2 0.00012452 -0.0851725 0
0.00304699 2 0.00019307 -0.0851172 0
0.00304699 2 0.000299358 -0.0850315 0
0.00304699 2 0.000464159 -0.0848988 0
0.00304699 2 0.000719686 -0.0846932 0
0.00304699 2 0.00111588 -0.084375 0
0.00304699 2 0.0017302 -0.0838831 0
0.00304699 2 0.0026827 -0.0831235 0
0.00304699 2 0.00415956 -0.0819536 0
0.00304699 2 0.00644947 -0.0801583 0
0.00304699 2 0.01 -0.077419 0
0.00304699 2 0.0155052 -0.0732765 0
0.00304699 2 0.024041 -0.067098 0
0.00304699 2 0.0372759 -0.0580814 0
0.00304699 2 0.0577969 -0.0453686 0
0.00304699 2 0.0896151 -0.0283961 0
0.00304699 2 0.13895 -0.00767537 0
0.00304699 2 0.215443 0.0140202 0
0.00304699 2 0.334048 0.0309217 0
0.00304699 2 0.517947 0.0361529 0
0.00304699 2 0.803086 0.028107 0
0.00304699 2 1.2452 0.0150117 0
0.00304699 2 1.9307 0.00601448 0
0.00304699 2 2.99358 0.00224887 0
0.00304699 2 4.64159 0.0012194 0
0.00304699 2 7.19686 0.000739787 0
0.00304699 2 11.1588 0.00046223 0
0.00304699 2 17.302 0.000289771 0
0.00304699 2 26.827 0.000180446 0
0.00304699 2 41.5956 0.000112052 0
0.00304699 2 64.4947 6.96748e-05 0
0.00304699 2 100 4.33157e-05 0
0.00304699 2 155.052 2.69093e-05 0
0.00304699 2 240.41 1.67353e-05 0
0.00304699 2 372.759 1.04131e-05 0
0.00304699 2 577.969 6.46996e-06 0
0.00304699 2 896.151 4.01294e-06 0
0.00304699 2 1389.5 2.48363e-06 0
0.00304699 2 2154.43 1.52886e-06 0
0.00304699 2 3340.48 9.32904e-07 0
0.00304699 2 5179.47 5.61954e-07 0
0.00304699 2 8030.86 3.32256e-07 0
0.00304699 2 12452 1.91453e-07 0
0.00304699 2 19307 1.06625e-07 0
0.00304699 2 29935.8 5.6972e-08 0
0.00304699 2 46415.9 2.90684e-08 0
0.00304699 2 71968.6 1.41503e-08 0
0.00304699 2 111588 6.59382e-09 0
0.00304699 2 173020 2.96128e-09 0
0.00304699 2 268270 1.29124e-09 0
0.00304699 2 415956 5.50964e-10 0
0.00304699 2 644947 2.31551e-10 0
0.00304699 2 1e+06 9.63672e-11 0

0.00742964 2 1e-06 -0.0850935 0
0.00742964 2 1.55052e-06 -0.0850931 0
0.00742964 2 2.4041e-06 -0.0850924 0
0.00742964 2 3.72759e-06 -0.0850913 0
0.00742964 2 5.77969e-06 -0.0850897 0
0.00742964 2 8.96151e-06 -0.0850871 0
0.00742964 2 1.3895e-05 -0.0850832 0
0.00742964 2 2.15443e-05 -0.085077 0
0.00742964 2 3.34048e-05 -0.0850675 0
0.00742964 2 5.17947e-05 -0.0850527 0
0.00742964 2 8.03086e-05 -0.0850297 0
0.00742964 2 0.00012452 -0.0849942 0
0.00742964 2 0.00019307 -0.0849391 0
0.00742964 2 0.000299358 -0.0848536 0
0.00742964 2 0.000464159 -0.0847213 0
0.00742964 2 0.000719686 -0.0845163 0
0.00742964 2 0.00111588 -0.0841991 0
0.00742964 2 0.0017302 -0.0837085 0
0.00742964 2 0.0026827 -0.0829512 0
0.00742964 2 0.00415956 -0.0817847 0
0.00742964 2 0.00644947 -0.0799947 0
0.00742964 2 0.01 -0.0772634 0
0.00742964 2 0.0155052 -0.073133 0
0.00742964 2 0.024041 -0.0669723 0
0.00742964 2 0.0372759 -0.0579816 0
0.00742964 2 0.0577969 -0.0453048 0
0.00742964 2 0.0896151 -0.0283792 0
0.00742964 2 0.13895 -0.00771344 0
0.00742964 2 0.215443 0.0139291 0
0.00742964 2 0.334048 0.0307978 0
0.00742964 2 0.517947 0.0360338 0
0.00742964 2 0.803086 0.0280276 0
0.00742964 2 1.2452 0.0149759 0
0.00742964 2 1.9307 0.00600218 0
0.00742964 2 2.99358 0.00224463 0
0.00742964 2 4.64159 0.0012173 0
0.00742964 2 7.19686 0.000738606 0
0.00742964 2 11.1588 0.000461529 0
0.00742964 2 17.302 0.00028935 0
0.00742964 2 26.827 0.000180193 0
0.00742964 2 41.5956 0.000111898 0
0.00742964 2 64.4947 6.95811e-05 0
0.00742964 2 100 4.32583e-05 0
0.00742964 2 155.052 2.68741e-05 0
0.00742964 2 240.41 1.67136e-05 0
0.00742964 2 372.759 1.03998e-05 0
0.00742964 2 577.969 6.46173e-06 0
0.00742964 2 896.151 4.00788e-06 0
0.00742964 2 1389.5 2.48052e-06 0
0.00742964 2 2154.43 1.52696e-06 0
0.00742964 2 3340.48 9.3175e-07 0
0.00742964 2 5179.47 5.61263e-07 0
0.00742964 2 8030.86 3.3185e-07 0
0.00742964 2 12452 1.9122e-07 0
0.00742964 2 19307 1.06497e-07 0
0.00742964 2 29935.8 5.69035e-08 0
0.00742964 2 46415.9 2.90336e-08 0
0.00742964 2 71968.6 1.41334e-08 0
0.00742964 2 111588 6.58602e-09 0
0.00742964 2 173020 2.95779e-09 0
0.00742964 2 268270 1.28973e-09 0
0.00742964 2 415956 5.50322e-10 0
0.00742964 2 644947 2.31283e-10 0
0.00742964 2 1e+06 9.62561e-11 0

0.0181161 2 1e-06 -0.0846605 0
0.0181161 2 1.55052e-06 -0.0846601 0
0.0181161 2 2.4041e-06 -0.0846594 0
0.0181161 2 3.72759e-06 -0.0846583 0
0.0181161 2 5.77969e-06 -0.0846567 0
0.0181161 2 8.96151e-06 -0.0846542 0
0.0181161 2 1.3895e-05 -0.0846502 0
0.0181161 2 2.15443e-05 -0.0846441 0
0.0181161 2 3.34048e-05 -0.0846346 0
0.0181161 2 5.17947e-05 -0.0846199 0
0.0181161 2 8.03086e-05 -0.0845972 0
0.0181161 2 0.00012452 -0.0845619 0
0.0181161 2 0.00019307 -0.0845071 0
0.0181161 2 0.000299358 -0.0844223 0
0.0181161 2 0.000464159 -0.0842909 0
0.0181161 2 0.000719686 -0.0840874 0
0.0181161 2 0.00111588 -0.0837724 0
0.0181161 2 0.0017302 -0.0832854 0
0.0181161 2 0.0026827 -0.0825335 0
0.0181161 2 0.00415956 -0.0813754 0
0.0181161 2 0.00644947 -0.0795981 0
0.0181161 2 0.01 -0.0768862 0
0.0181161 2 0.0155052 -0.072785 0
0.0181161 2 0.024041 -0.0666678 0
0.0181161 2 0.0372759 -0.0577399 0
0.0181161 2 0.0577969 -0.0451504 0
0.0181161 2 0.0896151 -0.0283388 0
0.0181161 2 0.13895 -0.00780656 0
0.0181161 2 0.215443 0.0137074 0
0.0181161 2 0.334048 0.0304962 0
0.0181161 2 0.517947 0.0357441 0
0.0181161 2 0.803086 0.0278343 0
0.0181161 2 1.2452 0.0148886 0
0.0181161 2 1.9307 0.00597225 0
0.0181161 2 2.99358 0.00223432 0
0.0181161 2 4.64159 0.0012122 0
0.0181161 2 7.19686 0.000735729 0
0.0181161 2 11.1588 0.000459822 0
0.0181161 2 17.302 0.000288326 0
0.0181161 2 26.827 0.000179575 0
0.0181161 2 41.5956 0.000111523 0
0.0181161 2 64.4947 6.93527e-05 0
0.0181161 2 100 4.31185e-05 0
0.0181161 2 155.052 2.67884e-05 0
0.0181161 2 240.41 1.66609e-05 0
0.0181161 2 372.759 1.03673e-05 0
0.0181161 2 577.969 6.4417e-06 0
0.0181161 2 896.151 3.99555e-06 0
0.0181161 2 1389.5 2.47294e-06 0
0.0181161 2 2154.43 1.52232e-06 0
0.0181161 2 3340.48 9.28941e-07 0
0.0181161 2 5179.47 5.5958e-07 0
0.0181161 2 8030.86 3.30861e-07 0
0.0181161 2 12452 1.90653e-07 0
0.0181161 2 19307 1.06183e-07 0
0.0181161 2 29935.8 5.67367e-08 0
0.0181161 2 46415.9 2.89489e-08 0
0.0181161 2 71968.6 1.40924e-08 0
0.0181161 2 111588 6.56702e-09 0
0.0181161 2 173020 2.9493e-09 0
0.0181161 2 268270 1.28605e-09 0
0.0181161 2 415956 5.48759e-10 0
0.0181161 2 644947 2.3063e-10 0
0.0181161 2 1e+06 9.59857e-11 0

0.0441734 2 1e-06 -0.0836183 0
0.0441734 2 1.55052e-06 -0.0836179 0
0.0441734 2 2.4041e-06 -0.0836172 0
0.0441734 2 3.72759e-06 -0.0836162 0
0.0441734 2 5.77969e-06 -0.0836146 0
0.0441734 2 8.96151e-06 -0.0836121 0
0.0441734 2 1.3895e-05 -0.0836082 0
0.0441734 2 2.15443e-05 -0.0836022 0
0.0441734 2 3.34048e-05 -0.0835929 0
0.0441734 2 5.17947e-05 -0.0835785 0
0.0441734 2 8.03086e-05 -0.0835561 0
0.0441734 2 0.00012452 -0.0835214 0
0.0441734 2 0.00019307 -0.0834676 0
0.0441734 2 0.000299358 -0.0833843 0
0.0441734 2 0.000464159 -0.0832552 0
0.0441734 2 0.000719686 -0.0830552 0
0.0441734 2 0.00111588 -0.0827457 0
0.0441734 2 0.0017302 -0.0822671 0
0.0441734 2 0.0026827 -0.0815283 0
0.0441734 2 0.00415956 -0.0803902 0
0.0441734 2 0.00644947 -0.0786437 0
0.0441734 2 0.01 -0.0759787 0
0.0441734 2 0.0155052 -0.0719482 0
0.0441734 2 0.024041 -0.0659359 0
0.0441734 2 0.0372759 -0.0571597 0
0.0441734 2 0.0577969 -0.0447811 0
0.0441734 2 0.0896151 -0.0282447 0
0.0441734 2 0.13895 -0.00803486 0
0.0441734 2 0.215443 0.0131683 0
0.0441734 2 0.334048 0.029764 0
0.0441734 2 0.517947 0.0350408 0
0.0441734 2 0.803086 0.0273647 0
0.0441734 2 1.2452 0.0146763 0
0.0441734 2 1.9307 0.00589948 0
0.0441734 2 2.99358 0.00220928 0
0.0441734 2 4.64159 0.00119979 0
0.0441734 2 7.19686 0.000728736 0
0.0441734 2 11.1588 0.000455671 0
0.0441734 2 17.302 0.000285835 0
0.0441734 2 26.827 0.000178073 0
0.0441734 2 41.5956 0.000110613 0
0.0441734 2 64.4947 6.87976e-05 0
0.0441734 2 100 4.27788e-05 0
0.0441734 2 155.052 2.65799e-05 0
0.0441734 2 240.41 1.65327e-05 0
0.0441734 2 372.759 1.02883e-05 0
0.0441734 2 577.969 6.39302e-06 0
0.0441734 2 896.151 3.96557e-06 0
0.0441734 2 1389.5 2.45453e-06 0
0.0441734 2 2154.43 1.51106e-06 0
0.0441734 2 3340.48 9.22111e-07 0
0.0441734 2 5179.47 5.5549e-07 0
0.0441734 2 8030.86 3.28456e-07 0
0.0441734 2 12452 1.89276e-07 0
0.0441734 2 19307 1.0542e-07 0
0.0441734 2 29935.8 5.63312e-08 0
0.0441734 2 46415.9 2.87431e-08 0
0.0441734 2 71968.6 1.39928e-08 0
0.0441734 2 111588 6.52083e-09 0
0.0441734 2 173020 2.92867e-09 0
0.0441734 2 268270 1.2771e-09 0
0.0441734 2 415956 5.4496e-10 0
0.0441734 2 644947 2.29041e-10 0
0.0441734 2 1e+06 9.53284e-11 0

0.107711 2 1e-06 -0.0811588 0
0.107711 2 1.55052e-06 -0.0811584 0
0.107711 2 2.4041e-06 -0.0811578 0
0.107711 2 3.72759e-06 -0.0811568 0
0.107711 2 5.77969e-06 -0.0811552 0
0.107711 2 8.96151e-06 -0.0811528 0
0.107711 2 1.3895e-05 -0.0811491 0
0.107711 2 2.15443e-05 -0.0811434 0
0.107711 2 3.34048e-05 -0.0811345 0
0.107711 2 5.17947e-05 -0.0811206 0
0.107711 2 8.03086e-05 -0.0810992 0
0.107711 2 0.00012452 -0.081066 0
0.107711 2 0.00019307 -0.0810145 0
0.107711 2 0.000299358 -0.0809346 0
0.107711 2 0.000464159 -0.0808109 0
0.107711 2 0.000719686 -0.0806194 0
0.107711 2 0.00111588 -0.0803229 0
0.107711 2 0.0017302 -0.0798644 0
0.107711 2 0.0026827 -0.0791566 0
0.107711 2 0.00415956 -0.0780663 0
0.107711 2 0.00644947 -0.076393 0
0.107711 2 0.01 -0.0738395 0
0.107711 2 0.0155052 -0.0699769 0
0.107711 2 0.024041 -0.0642137 0
0.107711 2 0.0372759 -0.0557982 0
0.107711 2 0.0577969 -0.0439213 0
0.107711 2 0.0896151 -0.0280395 0
0.107711 2 0.13895 -0.00859673 0
0.107711 2 0.215443 0.0118665 0
0.107711 2 0.334048 0.0280023 0
0.107711 2 0.517947 0.0333486 0
0.107711 2 0.803086 0.0262327 0
0.107711 2 1.2452 0.0141636 0
0.107711 2 1.9307 0.00572392 0
0.107711 2 2.99358 0.00214898 0
0.107711 2 4.64159 0.0011699 0
0.107711 2 7.19686 0.000711872 0
0.107711 2 11.1588 0.000445664 0
0.107711 2 17.302 0.000279829 0
0.107711 2 26.827 0.000174452 0
0.107711 2 41.5956 0.000108418 0
0.107711 2 64.4947 6.74593e-05 0
0.107711 2 100 4.19597e-05 0
0.107711 2 155.052 2.60774e-05 0
0.107711 2 240.41 1.62235e-05 0
0.107711 2 372.759 1.00978e-05 0
0.107711 2 577.969 6.27562e-06 0
0.107711 2 896.151 3.8933e-06 0
0.107711 2 1389.5 2.41012e-06 0
0.107711 2 2154.43 1.48391e-06 0
0.107711 2 3340.48 9.05643e-07 0
0.107711 2 5179.47 5.45628e-07 0
0.107711 2 8030.86 3.22658e-07 0
0.107711 2 12452 1.85953e-07 0
0.107711 2 19307 1.03579e-07 0
0.107711 2 29935.8 5.53533e-08 0
0.107711 2 46415.9 2.82469e-08 0
0.107711 2 71968.6 1.37525e-08 0
0.107711 2 111588 6.40945e-09 0
0.107711 2 173020 2.87893e-09 0
0.107711 2 268270 1.25552e-09 0
0.107711 2 415956 5.35799e-10 0
0.107711 2 644947 2.25211e-10 0
0.107711 2 1e+06 9.37432e-11 0

0.262636 2 1e-06 -0.0755659 0
0.262636 2 1.55052e-06 -0.0755655 0
0.262636 2 2.4041e-06 -0.0755649 0
0.262636 2 3.72759e-06 -0.075564 0
0.262636 2 5.77969e-06 -0.0755626 0
0.262636 2 8.96151e-06 -0.0755605 0
0.262636 2 1.3895e-05 -0.0755571 0
0.262636 2 2.15443e-05 -0.075552 0
0.262636 2 3.34048e-05 -0.0755439 0
0.262636 2 5.17947e-05 -0.0755315 0
0.262636 2 8.03086e-05 -0.0755122 0
0.262636 2 0.00012452 -0.0754823 0
0.262636 2 0.00019307 -0.075436 0
0.262636 2 0.000299358 -0.0753642 0
0.262636 2 0.000464159 -0.0752529 0
0.262636 2 0.000719686 -0.0750806 0
0.262636 2 0.00111588 -0.074814 0
0.262636 2 0.0017302 -0.0744016 0
0.262636 2 0.0026827 -0.0737648 0
0.262636 2 0.00415956 -0.0727839 0
0.262636 2 0.00644947 -0.0712783 0
0.262636 2 0.01 -0.06898 0
0.262636 2 0.0155052 -0.0655023 0
0.262636 2 0.024041 -0.0603103 0
0.262636 2 0.0372759 -0.0527216 0
0.262636 2 0.0577969 -0.0419953 0
0.262636 2 0.0896151 -0.0276163 0
0.262636 2 0.13895 -0.00993773 0
0.262636 2 0.215443 0.00881903 0
0.262636 2 0.334048 0.023887 0
0.262636 2 0.517947 0.0293848 0
0.262636 2 0.803086 0.0235654 0
0.262636 2 1.2452 0.0129473 0
0.262636 2 1.9307 0.00530743 0
0.262636 2 2.99358 0.0020065 0
0.262636 2 4.64159 0.0010991 0
0.262636 2 7.19686 0.000671886 0
0.262636 2 11.1588 0.00042193 0
0.262636 2 17.302 0.000265588 0
0.262636 2 26.827 0.000165865 0
0.262636 2 41.5956 0.000103213 0
0.262636 2 64.4947 6.42863e-05 0
0.262636 2 100 4.00179e-05 0
0.262636 2 155.052 2.48861e-05 0
0.262636 2 240.41 1.54906e-05 0
0.262636 2 372.759 9.64618e-06 0
0.262636 2 577.969 5.99735e-06 0
0.262636 2 896.151 3.72198e-06 0
0.262636 2 1389.5 2.30485e-06 0
0.262636 2 2154.43 1.41954e-06 0
0.262636 2 3340.48 8.66608e-07 0
0.262636 2 5179.47 5.22252e-07 0
0.262636 2 8030.86 3.08915e-07 0
0.262636 2 12452 1.78079e-07 0
0.262636 2 19307 9.9218e-08 0
0.262636 2 29935.8 5.30354e-08 0
0.262636 2 46415.9 2.70706e-08 0
0.262636 2 71968.6 1.31829e-08 0
0.262636 2 111588 6.14545e-09 0
0.262636 2 173020 2.76101e-09 0
0.262636 2 268270 1.20437e-09 0
0.262636 2 415956 5.14085e-10 0
0.262636 2 644947 2.16132e-10 0
0.262636 2 1e+06 8.99858e-11 0

0.6404 2 1e-06 -0.0637029 0
0.6404 2 1.55052e-06 -0.0637026 0
0.6404 2 2.4041e-06 -0.0637021 0
0.6404 2 3.72759e-06 -0.0637014 0
0.6404 2 5.77969e-06 -0.0637004 0
0.6404 2 8.96151e-06 -0.0636987 0
0.6404 2 1.3895e-05 -0.0636961 0
0.6404 2 2.15443e-05 -0.0636922 0
0.6404 2 3.34048e-05 -0.063686 0
0.6404 2 5.17947e-05 -0.0636765 0
0.6404 2 8.03086e-05 -0.0636616 0
0.6404 2 0.00012452 -0.0636387 0
0.6404 2 0.00019307 -0.0636031 0
0.6404 2 0.000299358 -0.0635479 0
0.6404 2 0.000464159 -0.0634624 0
0.6404 2 0.000719686 -0.06333 0
0.6404 2 0.00111588 -0.063125 0
0.6404 2 0.0017302 -0.062808 0
0.6404 2 0.0026827 -0.0623185 0
0.6404 2 0.00415956 -0.0615642 0
0.6404 2 0.00644947 -0.060406 0
0.6404 2 0.01 -0.0586369 0
0.6404 2 0.0155052 -0.0559573 0
0.6404 2 0.024041 -0.0519506 0
0.6404 2 0.0372759 -0.0460803 0
0.6404 2 0.0577969 -0.0377502 0
0.6404 2 0.0896151 -0.0265117 0
0.6404 2 0.13895 -0.0125425 0
0.6404 2 0.215443 0.00258243 0
0.6404 2 0.334048 0.0152985 0
0.6404 2 0.517947 0.0209714 0
0.6404 2 0.803086 0.0177904 0
0.6404 2 1.2452 0.0102563 0
0.6404 2 1.9307 0.00437793 0
0.6404 2 2.99358 0.00169035 0
0.6404 2 4.64159 0.000941529 0
0.6404 2 7.19686 0.000582665 0
0.6404 2 11.1588 0.000368957 0
0.6404 2 17.302 0.000233804 0
0.6404 2 26.827 0.000146706 0
0.6404 2 41.5956 9.16039e-05 0
0.6404 2 64.4947 5.721e-05 0
0.6404 2 100 3.5688e-05 0
0.6404 2 155.052 2.22299e-05 0
0.6404 2 240.41 1.38568e-05 0
0.6404 2 372.759 8.63943e-06 0
0.6404 2 577.969 5.37701e-06 0
0.6404 2 896.151 3.34007e-06 0
0.6404 2 1389.5 2.07019e-06 0
0.6404 2 2154.43 1.27606e-06 0
0.6404 2 3340.48 7.79594e-07 0
0.6404 2 5179.47 4.70142e-07 0
0.6404 2 8030.86 2.78279e-07 0
0.6404 2 12452 1.60525e-07 0
0.6404 2 19307 8.94955e-08 0
0.6404 2 29935.8 4.78684e-08 0
0.6404 2 46415.9 2.44484e-08 0
0.6404 2 71968.6 1.19133e-08 0
0.6404 2 111588 5.55696e-09 0
0.6404 2 173020 2.49816e-09 0
0.6404 2 268270 1.09035e-09 0
0.6404 2 415956 4.6568e-10 0
0.6404 2 644947 1.95893e-10 0
0.6404 2 1e+06 8.161e-11 0

1.56152 2 1e-06 -0.0417169 0
1.56152 2 1.55052e-06 -0.0417167 0
1.56152 2 2.4041e-06 -0.0417165 0
1.56152 2 3.72759e-06 -0.0417161 0
1.56152 2 5.77969e-06 -0.0417156 0
1.56152 2 8.96151e-06 -0.0417147 0
1.56152 2 1.3895e-05 -0.0417133 0
1.56152 2 2.15443e-05 -0.0417112 0
1.56152 2 3.34048e-05 -0.041708 0
1.56152 2 5.17947e-05 -0.041703 0
1.56152 2 8.03086e-05 -0.0416952 0
1.56152 2 0.00012452 -0.0416831 0
1.56152 2 0.00019307 -0.0416643 0
1.56152 2 0.000299358 -0.0416352 0
1.56152 2 0.000464159 -0.0415902 0
1.56152 2 0.000719686 -0.0415204 0
1.56152 2 0.00111588 -0.0414123 0
1.56152 2 0.0017302 -0.0412452 0
1.56152 2 0.0026827 -0.040987 0
1.56152 2 0.00415956 -0.0405889 0
1.56152 2 0.00644947 -0.039977 0
1.56152 2 0.01 -0.0390411 0
1.56152 2 0.0155052 -0.0376202 0
1.56152 2 0.024041 -0.035488 0
1.56152 2 0.0372759 -0.0323462 0
1.56152 2 0.0577969 -0.0278475 0
1.56152 2 0.0896151 -0.0216883 0
1.56152 2 0.13895 -0.0138418 0
1.56152 2 0.215443 -0.00496194 0
1.56152 2 0.334048 0.00322556 0
1.56152 2 0.517947 0.00818799 0
1.56152 2 0.803086 0.00842338 0
1.56152 2 1.2452 0.00558544 0
1.56152 2 1.9307 0.00268348 0
1.56152 2 2.99358 0.00111156 0
1.56152 2 4.64159 0.000651916 0
1.56152 2 7.19686 0.000418094 0
1.56152 2 11.1588 0.000271109 0
1.56152 2 17.302 0.000175095 0
1.56152 2 26.827 0.000111337 0
1.56152 2 41.5956 7.01865e-05 0
1.56152 2 64.4947 4.41626e-05 0
1.56152 2 100 2.77079e-05 0
1.56152 2 155.052 1.7336e-05 0
1.56152 2 240.41 1.08471e-05 0
1.56152 2 372.759 6.78516e-06 0
1.56152 2 577.969 4.23455e-06 0
1.56152 2 896.151 2.63676e-06 0
1.56152 2 1389.5 1.63807e-06 0
1.56152 2 2154.43 1.01184e-06 0
1.56152 2 3340.48 6.19365e-07 0
1.56152 2 5179.47 3.74189e-07 0
1.56152 2 8030.86 2.21867e-07 0
1.56152 2 12452 1.28202e-07 0
1.56152 2 19307 7.1593e-08 0
1.56152 2 29935.8 3.83542e-08 0
1.56152 2 46415.9 1.96201e-08 0
1.56152 2 71968.6 9.57549e-09 0
1.56152 2 111588 4.47334e-09 0
1.56152 2 173020 2.01415e-09 0
1.56152 2 268270 8.80395e-10 0
1.56152 2 415956 3.76552e-10 0
1.56152 2 644947 1.58627e-10 0
1.56152 2 1e+06 6.61874e-11 0

3.80755 2 1e-06 -0.0146811 0
3.80755 2 1.55052e-06 -0.014681 0
3.80755 2 2.4041e-06 -0.014681 0
3.80755 2 3.72759e-06 -0.0146809 0
3.80755 2 5.77969e-06 -0.0146807 0
3.80755 2 8.96151e-06 -0.0146805 0
3.80755 2 1.3895e-05 -0.0146802 0
3.80755 2 2.15443e-05 -0.0146797 0
3.80755 2 3.34048e-05 -0.0146789 0
3.80755 2 5.17947e-05 -0.0146777 0
3.80755 2 8.03086e-05 -0.0146757 0
3.80755 2 0.00012452 -0.0146728 0
3.80755 2 0.00019307 -0.0146682 0
3.80755 2 0.000299358 -0.0146611 0
3.80755 2 0.000464159 -0.01465 0
3.80755 2 0.000719686 -0.014633 0
3.80755 2 0.00111588 -0.0146065 0
3.80755 2 0.0017302 -0.0145655 0
3.80755 2 0.0026827 -0.0145022 0
3.80755 2 0.00415956 -0.0144045 0
3.80755 2 0.00644947 -0.0142541 0
3.80755 2 0.01 -0.0140234 0
3.80755 2 0.0155052 -0.0136719 0
3.80755 2 0.024041 -0.0131412 0
3.80755 2 0.0372759 -0.0123518 0
3.80755 2 0.0577969 -0.0112046 0
3.80755 2 0.0896151 -0.00959624 0
3.80755 2 0.13895 -0.00746647 0
3.80755 2 0.215443 -0.00489144 0
3.80755 2 0.334048 -0.00220432 0
3.80755 2 0.517947 -1.67053e-05 0
3.80755 2 0.803086 0.00111492 0
3.80755 2 1.2452 0.00124042 0
3.80755 2 1.9307 0.000838033 0
3.80755 2 2.99358 0.000434909 0
3.80755 2 4.64159 0.000303349 0
3.80755 2 7.19686 0.000217068 0
3.80755 2 11.1588 0.000150481 0
3.80755 2 17.302 0.000102457 0
3.80755 2 26.827 6.7562e-05 0
3.80755 2 41.5956 4.36994e-05 0
3.80755 2 64.4947 2.80419e-05 0
3.80755 2 100 1.78565e-05 0
3.80755 2 155.052 1.12985e-05 0
3.80755 2 240.41 7.13583e-06 0
3.80755 2 372.759 4.49945e-06 0
3.80755 2 577.969 2.82659e-06 0
3.80755 2 896.151 1.77014e-06 0
3.80755 2 1389.5 1.10566e-06 0
3.80755 2 2154.43 6.86325e-07 0
3.80755 2 3340.48 4.2197e-07 0
3.80755 2 5179.47 2.55981e-07 0
3.80755 2 8030.86 1.52374e-07 0
3.80755 2 12452 8.83843e-08 0
3.80755 2 19307 4.95394e-08 0
3.80755 2 29935.8 2.6634e-08 0
3.80755 2 46415.9 1.36722e-08 0
3.80755 2 71968.6 6.69563e-09 0
3.80755 2 111588 3.13848e-09 0
3.80755 2 173020 1.41793e-09 0
3.80755 2 268270 6.21762e-10 0
3.80755 2 415956 2.66758e-10 0
3.80755 2 644947 1.1272e-10 0
3.80755 2 1e+06 4.71889e-11 0

9.28415 2 1e-06 -0.00172308 0
9.28415 2 1.55052e-06 -0.00172307 0
9.28415 2 2.4041e-06 -0.00172307 0
9.28415 2 3.72759e-06 -0.00172306 0
9.28415 2 5.77969e-06 -0.00172305 0
9.28415 2 8.96151e-06 -0.00172304 0
9.28415 2 1.3895e-05 -0.00172302 0
9.28415 2 2.15443e-05 -0.00172298 0
9.28415 2 3.34048e-05 -0.00172293 0
9.28415 2 5.17947e-05 -0.00172284 0
9.28415 2 8.03086e-05 -0.00172272 0
9.28415 2 0.00012452 -0.00172251 0
9.28415 2 0.00019307 -0.0017222 0
9.28415 2 0.000299358 -0.00172172 0
9.28415 2 0.000464159 -0.00172097 0
9.28415 2 0.000719686 -0.00171982 0
9.28415 2 0.00111588 -0.00171802 0
9.28415 2 0.0017302 -0.00171524 0
9.28415 2 0.0026827 -0.00171095 0
9.28415 2 0.00415956 -0.0017043 0
9.28415 2 0.00644947 -0.00169406 0
9.28415 2 0.01 -0.00167829 0
9.28415 2 0.0155052 -0.00165415 0
9.28415 2 0.024041 -0.00161741 0
9.28415 2 0.0372759 -0.0015621 0
9.28415 2 0.0577969 -0.00148015 0
9.28415 2 0.0896151 -0.00136179 0
9.28415 2 0.13895 -0.00119742 0
9.28415 2 0.215443 -0.000982832 0
9.28415 2 0.334048 -0.000727939 0
9.28415 2 0.517947 -0.000464016 0
9.28415 2 0.803086 -0.000231751 0
9.28415 2 1.2452 -5.42623e-05 0
9.28415 2 1.9307 3.68587e-05 0
9.28415 2 2.99358 5.38015e-05 0
9.28415 2 4.64159 7.09172e-05 0
9.28415 2 7.19686 7.09227e-05 0
9.28415 2 11.1588 5.86818e-05 0
9.28415 2 17.302 4.57481e-05 0
9.28415 2 26.827 3.30218e-05 0
9.28415 2 41.5956 2.27281e-05 0
9.28415 2 64.4947 1.52714e-05 0
9.28415 2 100 1.00576e-05 0
9.28415 2 155.052 6.52335e-06 0
9.28415 2 240.41 4.20287e-06 0
9.28415 2 372.759 2.69419e-06 0
9.28415 2 577.969 1.71507e-06 0
9.28415 2 896.151 1.0862e-06 0
9.28415 2 1389.5 6.85574e-07 0
9.28415 2 2154.43 4.29518e-07 0
9.28415 2 3340.48 2.66255e-07 0
9.28415 2 5179.47 1.6274e-07 0
9.28415 2 8030.86 9.75598e-08 0
9.28415 2 12452 5.69782e-08 0
9.28415 2 19307 3.2145e-08 0
9.28415 2 29935.8 1.739e-08 0
9.28415 2 46415.9 8.9811e-09 0
9.28415 2 71968.6 4.42426e-09 0
9.28415 2 111588 2.08567e-09 0
9.28415 2 173020 9.47688e-10 0
9.28415 2 268270 4.1778e-10 0
9.28415 2 415956 1.80165e-10 0
9.28415 2 644947 7.65143e-11 0
9.28415 2 1e+06 3.2205e-11 0

22.638 2 1e-06 -0.000123368 0
22.638 2 1.55052e-06 -0.000123368 0
22.638 2 2.4041e-06 -0.000123368 0
22.638 2 3.72759e-06 -0.000123368 0
22.638 2 5.77969e-06 -0.000123367 0
22.638 2 8.96151e-06 -0.000123367 0
22.638 2 1.3895e-05 -0.000123367 0
22.638 2 2.15443e-05 -0.000123366 0
22.638 2 3.34048e-05 -0.000123365 0
22.638 2 5.17947e-05 -0.000123363 0
22.638 2 8.03086e-05 -0.00012336 0
22.638 2 0.00012452 -0.000123356 0
22.638 2 0.00019307 -0.00012335 0
22.638 2 0.000299358 -0.00012334 0
22.638 2 0.000464159 -0.000123325 0
22.638 2 0.000719686 -0.000123301 0
22.638 2 0.00111588 -0.000123264 0
22.638 2 0.0017302 -0.000123207 0
22.638 2 0.0026827 -0.000123119 0
22.638 2 0.00415956 -0.000122982 0
22.638 2 0.00644947 -0.00012277 0
22.638 2 0.01 -0.000122441 0
22.638 2 0.0155052 -0.000121933 0
22.638 2 0.024041 -0.000121146 0
22.638 2 0.0372759 -0.000119931 0
22.638 2 0.0577969 -0.000118064 0
22.638 2 0.0896151 -0.000115216 0
22.638 2 0.13895 -0.000110942 0
22.638 2 0.215443 -0.000104734 0
22.638 2 0.334048 -9.62389e-05 0
22.638 2 0.517947 -8.55063e-05 0
22.638 2 0.803086 -7.20682e-05 0
22.638 2 1.2452 -5.31416e-05 0
22.638 2 1.9307 -3.2227e-05 0
22.638 2 2.99358 -1.71958e-05 0
22.638 2 4.64159 -2.42285e-06 0
22.638 2 7.19686 8.56808e-06 0
22.638 2 11.1588 1.23397e-05 0
22.638 2 17.302 1.35327e-05 0
22.638 2 26.827 1.19753e-05 0
22.638 2 41.5956 9.42628e-06 0
22.638 2 64.4947 6.98311e-06 0
22.638 2 100 4.93264e-06 0
22.638 2 155.052 3.36447e-06 0
22.638 2 240.41 2.25537e-06 0
22.638 2 372.759 1.49298e-06 0
22.638 2 577.969 9.74637e-07 0
22.638 2 896.151 6.30293e-07 0
22.638 2 1389.5 4.05431e-07 0
22.638 2 2154.43 2.58222e-07 0
22.638 2 3340.48 1.62376e-07 0
22.638 2 5179.47 1.00531e-07 0
22.638 2 8030.86 6.09873e-08 0
22.638 2 12452 3.60229e-08 0
22.638 2 19307 2.05386e-08 0
22.638 2 29935.8 1.12219e-08 0
22.638 2 46415.9 5.85089e-09 0
22.638 2 71968.6 2.90866e-09 0
22.638 2 111588 1.38317e-09 0
22.638 2 173020 6.33916e-10 0
22.638 2 268270 2.81671e-10 0
22.638 2 415956 1.22385e-10 0
22.638 2 644947 5.23556e-11 0
22.638 2 1e+06 2.22069e-11 0

55.1995 2 1e-06 -2.16261e-05 0
55.1995 2 1.55052e-06 -2.16261e-05 0
55.1995 2 2.4041e-06 -2.16261e-05 0
55.1995 2 3.72759e-06 -2.16261e-05 0
55.1995 2 5.77969e-06 -2.16261e-05 0
55.1995 2 8.96151e-06 -2.16261e-05 0
55.1995 2 1.3895e-05 -2.1626e-05 0
55.1995 2 2.15443e-05 -2.1626e-05 0
55.1995 2 3.34048e-05 -2.16259e-05 0
55.1995 2 5.17947e-05 -2.16258e-05 0
55.1995 2 8.03086e-05 -2.16257e-05 0
55.1995 2 0.00012452 -2.16255e-05 0
55.1995 2 0.00019307 -2.16251e-05 0
55.1995 2 0.000299358 -2.16246e-05 0
55.1995 2 0.000464159 -2.16237e-05 0
55.1995 2 0.000719686 -2.16224e-05 0
55.1995 2 0.00111588 -2.16203e-05 0
55.1995 2 0.0017302 -2.16171e-05 0
55.1995 2 0.0026827 -2.16122e-05 0
55.1995 2 0.00415956 -2.16044e-05 0
55.1995 2 0.00644947 -2.15924e-05 0
55.1995 2 0.01 -2.15737e-05 0
55.1995 2 0.0155052 -2.15444e-05 0
55.1995 2 0.024041 -2.14983e-05 0
55.1995 2 0.0372759 -2.14256e-05 0
55.1995 2 0.0577969 -2.13104e-05 0
55.1995 2 0.0896151 -2.11275e-05 0
55.1995 2 0.13895 -2.08405e-05 0
55.1995 2 0.215443 -2.04078e-05 0
55.1995 2 0.334048 -1.98087e-05 0
55.1995 2 0.517947 -1.90699e-05 0
55.1995 2 0.803086 -1.80649e-05 0
55.1995 2 1.2452 -1.60708e-05 0
55.1995 2 1.9307 -1.32162e-05 0
55.1995 2 2.99358 -1.06998e-05 0
55.1995 2 4.64159 -7.45121e-06 0
55.1995 2 7.19686 -3.52528e-06 0
55.1995 2 11.1588 -8.17201e-07 0
55.1995 2 17.302 1.55125e-06 0
55.1995 2 26.827 2.75149e-06 0
55.1995 2 41.5956 3.00667e-06 0
55.1995 2 64.4947 2.75759e-06 0
55.1995 2 100 2.24961e-06 0
55.1995 2 155.052 1.6928e-06 0
55.1995 2 240.41 1.22068e-06 0
55.1995 2 372.759 8.5438e-07 0
55.1995 2 577.969 5.81276e-07 0
55.1995 2 896.151 3.88305e-07 0
55.1995 2 1389.5 2.56846e-07 0
55.1995 2 2154.43 1.67423e-07 0
55.1995 2 3340.48 1.07337e-07 0
55.1995 2 5179.47 6.75816e-08 0
55.1995 2 8030.86 4.16198e-08 0
55.1995 2 12452 2.49272e-08 0
55.1995 2 19307 1.43937e-08 0
55.1995 2 29935.8 7.95643e-09 0
55.1995 2 46415.9 4.1938e-09 0
55.1995 2 71968.6 2.10635e-09 0
55.1995 2 111588 1.0113e-09 0
55.1995 2 173020 4.67828e-10 0
55.1995 2 268270 2.09627e-10 0
55.1995 2 415956 9.18015e-11 0
55.1995 2 644947 3.95686e-11 0
55.1995 2 1e+06 1.69151e-11 0

134.596 2 1e-06 -3.16612e-06 0
134.596 2 1.55052e-06 -3.16612e-06 0
134.596 2 2.4041e-06 -3.16612e-06 0
134.596 2 3.72759e-06 -3.16612e-06 0
134.596 2 5.77969e-06 -3.16612e-06 0
134.596 2 8.96151e-06 -3.16612e-06 0
134.596 2 1.3895e-05 -3.16612e-06 0
134.596 2 2.15443e-05 -3.16612e-06 0
134.596 2 3.34048e-05 -3.16611e-06 0
134.596 2 5.17947e-05 -3.16611e-06 0
134.596 2 8.03086e-05 -3.1661e-06 0
134.596 2 0.00012452 -3.16609e-06 0
134.596 2 0.00019307 -3.16607e-06 0
134.596 2 0.000299358 -3.16604e-06 0
134.596 2 0.000464159 -3.16599e-06 0
134.596 2 0.000719686 -3.16591e-06 0
134.596 2 0.00111588 -3.1658e-06 0
134.596 2 0.0017302 -3.16562e-06 0
134.596 2 0.0026827 -3.16533e-06 0
134.596 2 0.00415956 -3.16489e-06 0
134.596 2 0.00644947 -3.1642e-06 0
134.596 2 0.01 -3.16311e-06 0
134.596 2 0.0155052 -3.16138e-06 0
134.596 2 0.024041 -3.15858e-06 0
134.596 2 0.0372759 -3.15403e-06 0
134.596 2 0.0577969 -3.14651e-06 0
134.596 2 0.0896151 -3.13403e-06 0
134.596 2 0.13895 -3.11376e-06 0
134.596 2 0.215443 -3.08322e-06 0
134.596 2 0.334048 -3.04471e-06 0
134.596 2 0.517947 -3.00972e-06 0
134.596 2 0.803086 -2.96794e-06 0
134.596 2 1.2452 -2.813e-06 0
134.596 2 1.9307 -2.55071e-06 0
134.596 2 2.99358 -2.36288e-06 0
134.596 2 4.64159 -2.07267e-06 0
134.596 2 7.19686 -1.53384e-06 0
134.596 2 11.1588 -1.1051e-06 0
134.596 2 17.302 -5.28056e-07 0
134.596 2 26.827 -2.81591e-08 0
134.596 2 41.5956 3.24948e-07 0
134.596 2 64.4947 5.44593e-07 0
134.596 2 100 6.11327e-07 0
134.596 2 155.052 5.62751e-07 0
134.596 2 240.41 4.71917e-07 0
134.596 2 372.759 3.71287e-07 0
134.596 2 577.969 2.7522e-07 0
134.596 2 896.151 1.96599e-07 0
134.596 2 1389.5 1.37754e-07 0
134.596 2 2154.43 9.41093e-08 0
134.596 2 3340.48 6.2689e-08 0
134.596 2 5179.47 4.07716e-08 0
134.596 2 8030.86 2.58305e-08 0
134.596 2 12452 1.587e-08 0
134.596 2 19307 9.37359e-09 0
134.596 2 29935.8 5.28732e-09 0
134.596 2 46415.9 2.83888e-09 0
134.596 2 71968.6 1.45021e-09 0
134.596 2 111588 7.07149e-10 0
134.596 2 173020 3.31972e-10 0
134.596 2 268270 1.50695e-10 0
134.596 2 415956 6.67842e-11 0
134.596 2 644947 2.91086e-11 0
134.596 2 1e+06 1.25863e-11 0

328.193 2 1e-06 -5.02403e-07 0
328.193 2 1.55052e-06 -5.02403e-07 0
328.193 2 2.4041e-06 -5.02403e-07 0
328.193 2 3.72759e-06 -5.02403e-07 0
328.193 2 5.77969e-06 -5.02402e-07 0
328.193 2 8.96151e-06 -5.02402e-07 0
328.193 2 1.3895e-05 -5.02402e-07 0
328.193 2 2.15443e-05 -5.02402e-07 0
328.193 2 3.34048e-05 -5.02402e-07 0
328.193 2 5.17947e-05 -5.02402e-07 0
328.193 2 8.03086e-05 -5.02401e-07 0
328.193 2 0.00012452 -5.024e-07 0
328.193 2 0.00019307 -5.02399e-07 0
328.193 2 0.000299358 -5.02397e-07 0
328.193 2 0.000464159 -5.02395e-07 0
328.193 2 0.000719686 -5.0239e-07 0
328.193 2 0.00111588 -5.02383e-07 0
328.193 2 0.0017302 -5.02373e-07 0
328.193 2 0.0026827 -5.02356e-07 0
328.193 2 0.00415956 -5.02329e-07 0
328.193 2 0.00644947 -5.02287e-07 0
328.193 2 0.01 -5.02218e-07 0
328.193 2 0.0155052 -5.02105e-07 0
328.193 2 0.024041 -5.01913e-07 0
328.193 2 0.0372759 -5.01582e-07 0
328.193 2 0.0577969 -5.01e-07 0
328.193 2 0.0896151 -4.99971e-07 0
328.193 2 0.13895 -4.9823e-07 0
328.193 2 0.215443 -4.95641e-07 0
328.193 2 0.334048 -4.9291e-07 0
328.193 2 0.517947 -4.92306e-07 0
328.193 2 0.803086 -4.93097e-07 0
328.193 2 1.2452 -4.80139e-07 0
328.193 2 1.9307 -4.54265e-07 0
328.193 2 2.99358 -4.44733e-07 0
328.193 2 4.64159 -4.27308e-07 0
328.193 2 7.19686 -3.69122e-07 0
328.193 2 11.1588 -3.29794e-07 0
328.193 2 17.302 -2.51752e-07 0
328.193 2 26.827 -1.63442e-07 0
328.193 2 41.5956 -7.50618e-08 0
328.193 2 64.4947 1.6201e-08 0
328.193 2 100 8.89663e-08 0
328.193 2 155.052 1.27516e-07 0
328.193 2 240.41 1.42678e-07 0
328.193 2 372.759 1.39015e-07 0
328.193 2 577.969 1.19518e-07 0
328.193 2 896.151 9.54388e-08 0
328.193 2 1389.5 7.33738e-08 0
328.193 2 2154.43 5.3875e-08 0
328.193 2 3340.48 3.79543e-08 0
328.193 2 5179.47 2.5828e-08 0
328.193 2 8030.86 1.69943e-08 0
328.193 2 12452 1.0788e-08 0
328.193 2 19307 6.55202e-09 0
328.193 2 29935.8 3.78551e-09 0
328.193 2 46415.9 2.07602e-09 0
328.193 2 71968.6 1.08065e-09 0
328.193 2 111588 5.35806e-10 0
328.193 2 173020 2.55435e-10 0
328.193 2 268270 1.17495e-10 0
328.193 2 415956 5.26913e-11 0
328.193 2 644947 2.32165e-11 0
328.193 2 1e+06 1.0148e-11 0

800.25 2 1e-06 -1.2204e-07 0
800.25 2 1.55052e-06 -1.2204e-07 0
800.25 2 2.4041e-06 -1.2204e-07 0
800.25 2 3.72759e-06 -1.2204e-07 0
800.25 2 5.77969e-06 -1.2204e-07 0
800.25 2 8.96151e-06 -1.2204e-07 0
800.25 2 1.3895e-05 -1.2204e-07 0
800.25 2 2.15443e-05 -1.2204e-07 0
800.25 2 3.34048e-05 -1.2204e-07 0
800.25 2 5.17947e-05 -1.2204e-07 0
800.25 2 8.03086e-05 -1.2204e-07 0
800.25 2 0.00012452 -1.2204e-07 0
800.25 2 0.00019307 -1.2204e-07 0
800.25 2 0.000299358 -1.22039e-07 0
800.25 2 0.000464159 -1.22039e-07 0
800.25 2 0.000719686 -1.22039e-07 0
800.25 2 0.00111588 -1.22038e-07 0
800.25 2 0.0017302 -1.22037e-07 0
800.25 2 0.0026827 -1.22035e-07 0
800.25 2 0.00415956 -1.22033e-07 0
800.25 2 0.00644947 -1.22029e-07 0
800.25 2 0.01 -1.22022e-07 0
800.25 2 0.0155052 -1.2201e-07 0
800.25 2 0.024041 -1.21989e-07 0
800.25 2 0.0372759 -1.21952e-07 0
800.25 2 0.0577969 -1.21883e-07 0
800.25 2 0.0896151 -1.21758e-07 0
800.25 2 0.13895 -1.21541e-07 0
800.25 2 0.215443 -1.21222e-07 0
800.25 2 0.334048 -1.20923e-07 0
800.25 2 0.517947 -1.21018e-07 0
800.25 2 0.803086 -1.21433e-07 0
800.25 2 1.2452 -1.19883e-07 0
800.25 2 1.9307 -1.16484e-07 0
800.25 2 2.99358 -1.15881e-07 0
800.25 2 4.64159 -1.14586e-07 0
800.25 2 7.19686 -1.06949e-07 0
800.25 2 11.1588 -1.02736e-07 0
800.25 2 17.302 -9.19025e-08 0
800.25 2 26.827 -7.79409e-08 0
800.25 2 41.5956 -6.13912e-08 0
800.25 2 64.4947 -3.92776e-08 0
800.25 2 100 -1.44281e-08 0
800.25 2 155.052 7.3031e-09 0
800.25 2 240.41 2.62033e-08 0
800.25 2 372.759 3.99586e-08 0
800.25 2 577.969 4.40978e-08 0
800.25 2 896.151 4.18805e-08 0
800.25 2 1389.5 3.70479e-08 0
800.25 2 2154.43 3.02124e-08 0
800.25 2 3340.48 2.30127e-08 0
800.25 2 5179.47 1.66383e-08 0
800.25 2 8030.86 1.14945e-08 0
800.25 2 12452 7.59939e-09 0
800.25 2 19307 4.77247e-09 0
800.25 2 29935.8 2.83515e-09 0
800.25 2 46415.9 1.59224e-09 0
800.25 2 71968.6 8.45992e-10 0
800.25 2 111588 4.26948e-10 0
800.25 2 173020 2.06801e-10 0
800.25 2 268270 9.63993e-11 0
800.25 2 415956 4.37376e-11 0
800.25 2 644947 1.94736e-11 0
800.25 2 1e+06 8.5993e-12 0

1951.29 2 1e-06 -3.46516e-08 0
1951.29 2 1.55052e-06 -3.46516e-08 0
1951.29 2 2.4041e-06 -3.46516e-08 0
1951.29 2 3.72759e-06 -3.46516e-08 0
1951.29 2 5.77969e-06 -3.46516e-08 0
1951.29 2 8.96151e-06 -3.46516e-08 0
1951.29 2 1.3895e-05 -3.46516e-08 0
1951.29 2 2.15443e-05 -3.46516e-08 0
1951.29 2 3.34048e-05 -3.46516e-08 0
1951.29 2 5.17947e-05 -3.46516e-08 0
1951.29 2 8.03086e-05 -3.46516e-08 0
1951.29 2 0.00012452 -3.46516e-08 0
1951.29 2 0.00019307 -3.46516e-08 0
1951.29 2 0.000299358 -3.46516e-08 0
1951.29 2 0.000464159 -3.46516e-08 0
1951.29 2 0.000719686 -3.46515e-08 0
1951.29 2 0.00111588 -3.46514e-08 0
1951.29 2 0.0017302 -3.46513e-08 0
1951.29 2 0.0026827 -3.46511e-08 0
1951.29 2 0.00415956 -3.46508e-08 0
1951.29 2 0.00644947 -3.46503e-08 0
1951.29 2 0.01 -3.46495e-08 0
1951.29 2 0.0155052 -3.4648e-08 0
1951.29 2 0.024041 -3.46454e-08 0
1951.29 2 0.0372759 -3.46405e-08 0
1951.29 2 0.0577969 -3.46312e-08 0
1951.29 2 0.0896151 -3.46139e-08 0
1951.29 2 0.13895 -3.45835e-08 0
1951.29 2 0.215443 -3.45391e-08 0
1951.29 2 0.334048 -3.45011e-08 0
1951.29 2 0.517947 -3.45297e-08 0
1951.29 2 0.803086 -3.46164e-08 0
1951.29 2 1.2452 -3.44064e-08 0
1951.29 2 1.9307 -3.39188e-08 0
1951.29 2 2.99358 -3.38943e-08 0
1951.29 2 4.64159 -3.3806e-08 0
1951.29 2 7.19686 -3.27383e-08 0
1951.29 2 11.1588 -3.22756e-08 0
1951.29 2 17.302 -3.07824e-08 0
1951.29 2 26.827 -2.87486e-08 0
1951.29 2 41.5956 -2.61614e-08 0
1951.29 2 64.4947 -2.21828e-08 0
1951.29 2 100 -1.67991e-08 0
1951.29 2 155.052 -1.08448e-08 0
1951.29 2 240.41 -3.89237e-09 0
1951.29 2 372.759 3.63056e-09 0
1951.29 2 577.969 9.11911e-09 0
1951.29 2 896.151 1.239e-08 0
1951.29 2 1389.5 1.4188e-08 0
1951.29 2 2154.43 1.38675e-08 0
1951.29 2 3340.48 1.2019e-08 0
1951.29 2 5179.47 9.57564e-09 0
1951.29 2 8030.86 7.13855e-09 0
1951.29 2 12452 5.02159e-09 0
1951.29 2 19307 3.31419e-09 0
1951.29 2 29935.8 2.04938e-09 0
1951.29 2 46415.9 1.1899e-09 0
1951.29 2 71968.6 6.50127e-10 0
1951.29 2 111588 3.35901e-10 0
1951.29 2 173020 1.66084e-10 0
1951.29 2 268270 7.87331e-11 0
1951.29 2 415956 3.62398e-11 0
1951.29 2 644947 1.63399e-11 0
1951.29 2 1e+06 7.30294e-12 0

4757.94 2 1e-06 -1.17756e-08 0
4757.94 2 1.55052e-06 -1.17756e-08 0
4757.94 2 2.4041e-06 -1.17756e-08 0
4757.94 2 3.72759e-06 -1.17756e-08 0
4757.94 2 5.77969e-06 -1.17756e-08 0
4757.94 2 8.96151e-06 -1.17756e-08 0
4757.94 2 1.3895e-05 -1.17756e-08 0
4757.94 2 2.15443e-05 -1.17756e-08 0
4757.94 2 3.34048e-05 -1.17756e-08 0
4757.94 2 5.17947e-05 -1.17756e-08 0
4757.94 2 8.03086e-05 -1.17756e-08 0
4757.94 2 0.00012452 -1.17756e-08 0
4757.94 2 0.00019307 -1.17756e-08 0
4757.94 2 0.000299358 -1.17755e-08 0
4757.94 2 0.000464159 -1.17755e-08 0
4757.94 2 0.000719686 -1.17755e-08 0
4757.94 2 0.00111588 -1.17755e-08 0
4757.94 2 0.0017302 -1.17755e-08 0
4757.94 2 0.0026827 -1.17755e-08 0
4757.94 2 0.00415956 -1.17754e-08 0
4757.94 2 0.00644947 -1.17754e-08 0
4757.94 2 0.01 -1.17753e-08 0
4757.94 2 0.0155052 -1.17751e-08 0
4757.94 2 0.024041 -1.17747e-08 0
4757.94 2 0.0372759 -1.17739e-08 0
4757.94 2 0.0577969 -1.17726e-08 0
4757.94 2 0.0896151 -1.177e-08 0
4757.94 2 0.13895 -1.17654e-08 0
4757.94 2 0.215443 -1.17587e-08 0
4757.94 2 0.334048 -1.17532e-08 0
4757.94 2 0.517947 -1.17587e-08 0
4757.94 2 0.803086 -1.17738e-08 0
4757.94 2 1.2452 -1.17427e-08 0
4757.94 2 1.9307 -1.16684e-08 0
4757.94 2 2.99358 -1.16693e-08 0
4757.94 2 4.64159 -1.16633e-08 0
4757.94 2 7.19686 -1.15034e-08 0
4757.94 2 11.1588 -1.14451e-08 0
4757.94 2 17.302 -1.12259e-08 0
4757.94 2 26.827 -1.09207e-08 0
4757.94 2 41.5956 -1.05221e-08 0
4757.94 2 64.4947 -9.86525e-09 0
4757.94 2 100 -8.88833e-09 0
4757.94 2 155.052 -7.66637e-09 0
4757.94 2 240.41 -5.97975e-09 0
4757.94 2 372.759 -3.68872e-09 0
4757.94 2 577.969 -1.34958e-09 0
4757.94 2 896.151 8.61441e-10 0
4757.94 2 1389.5 3.0093e-09 0
4757.94 2 2154.43 4.41498e-09 0
4757.94 2 3340.48 4.84901e-09 0
4757.94 2 5179.47 4.55053e-09 0
4757.94 2 8030.86 3.83807e-09 0
4757.94 2 12452 2.97935e-09 0
4757.94 2 19307 2.12341e-09 0
4757.94 2 29935.8 1.39452e-09 0
4757.94 2 46415.9 8.49932e-10 0
4757.94 2 71968.6 4.83133e-10 0
4757.94 2 111588 2.57861e-10 0
4757.94 2 173020 1.31088e-10 0
4757.94 2 268270 6.35326e-11 0
4757.94 2 415956 2.97875e-11 0
4757.94 2 644947 1.3644e-11 0
4757.94 2 1e+06 6.18808e-12 0

11601.6 2 1e-06 -3.63574e-09 0
11601.6 2 1.55052e-06 -3.63574e-09 0
11601.6 2 2.4041e-06 -3.63574e-09 0
11601.6 2 3.72759e-06 -3.63574e-09 0
11601.6 2 5.77969e-06 -3.63574e-09 0
11601.6 2 8.96151e-06 -3.63574e-09 0
11601.6 2 1.3895e-05 -3.63574e-09 0
11601.6 2 2.15443e-05 -3.63574e-09 0
11601.6 2 3.34048e-05 -3.63574e-09 0
11601.6 2 5.17947e-05 -3.63574e-09 0
11601.6 2 8.03086e-05 -3.63574e-09 0
11601.6 2 0.00012452 -3.63574e-09 0
11601.6 2 0.00019307 -3.63574e-09 0
11601.6 2 0.000299358 -3.63574e-09 0
11601.6 2 0.000464159 -3.63574e-09 0
11601.6 2 0.000719686 -3.63574e-09 0
11601.6 2 0.00111588 -3.63573e-09 0
11601.6 2 0.0017302 -3.63573e-09 0
11601.6 2 0.0026827 -3.63573e-09 0
11601.6 2 0.00415956 -3.63572e-09 0
11601.6 2 0.00644947 -3.63571e-09 0
11601.6 2 0.01 -3.6357e-09 0
11601.6 2 0.0155052 -3.63567e-09 0
11601.6 2 0.024041 -3.63561e-09 0
11601.6 2 0.0372759 -3.63551e-09 0
11601.6 2 0.0577969 -3.63531e-09 0
11601.6 2 0.0896151 -3.63491e-09 0
11601.6 2 0.13895 -3.63422e-09 0
11601.6 2 0.215443 -3.63321e-09 0
11601.6 2 0.334048 -3.63244e-09 0
11601.6 2 0.517947 -3.63348e-09 0
11601.6 2 0.803086 -3.63616e-09 0
11601.6 2 1.2452 -3.63157e-09 0
11601.6 2 1.9307 -3.62027e-09 0
11601.6 2 2.99358 -3.62134e-09 0
11601.6 2 4.64159 -3.62184e-09 0
11601.6 2 7.19686 -3.59835e-09 0
11601.6 2 11.1588 -3.5923e-09 0
11601.6 2 17.302 -3.56195e-09 0
11601.6 2 26.827 -3.51982e-09 0
11601.6 2 41.5956 -3.46538e-09 0
11601.6 2 64.4947 -3.37151e-09 0
11601.6 2 100 -3.22531e-09 0
11601.6 2 155.052 -3.03499e-09 0
11601.6 2 240.41 -2.74874e-09 0
11601.6 2 372.759 -2.30543e-09 0
11601.6 2 577.969 -1.77253e-09 0
11601.6 2 896.151 -1.14582e-09 0
11601.6 2 1389.5 -3.48296e-10 0
11601.6 2 2154.43 4.4247e-10 0
11601.6 2 3340.48 1.03794e-09 0
11601.6 2 5179.47 1.37049e-09 0
11601.6 2 8030.86 1.45516e-09 0
11601.6 2 12452 1.35185e-09 0
11601.6 2 19307 1.10547e-09 0
11601.6 2 29935.8 8.06558e-10 0
11601.6 2 46415.9 5.34013e-10 0
11601.6 2 71968.6 3.24246e-10 0
11601.6 2 111588 1.82467e-10 0
11601.6 2 173020 9.69626e-11 0
11601.6 2 268270 4.86364e-11 0
11601.6 2 415956 2.34495e-11 0
11601.6 2 644947 1.09935e-11 0
11601.6 2 1e+06 5.0919e-12 0

28288.7 2 1e-06 -1.17265e-09 0
28288.7 2 1.55052e-06 -1.17265e-09 0
28288.7 2 2.4041e-06 -1.17265e-09 0
28288.7 2 3.72759e-06 -1.17265e-09 0
28288.7 2 5.77969e-06 -1.17265e-09 0
28288.7 2 8.96151e-06 -1.17265e-09 0
28288.7 2 1.3895e-05 -1.17265e-09 0
28288.7 2 2.15443e-05 -1.17265e-09 0
28288.7 2 3.34048e-05 -1.17265e-09 0
28288.7 2 5.17947e-05 -1.17265e-09 0
28288.7 2 8.03086e-05 -1.17265e-09 0
28288.7 2 0.00012452 -1.17265e-09 0
28288.7 2 0.00019307 -1.17265e-09 0
28288.7 2 0.000299358 -1.17265e-09 0
28288.7 2 0.000464159 -1.17265e-09 0
28288.7 2 0.000719686 -1.17265e-09 0
28288.7 2 0.00111588 -1.17265e-09 0
28288.7 2 0.0017302 -1.17265e-09 0
28288.7 2 0.0026827 -1.17265e-09 0
28288.7 2 0.00415956 -1.17265e-09 0
28288.7 2 0.00644947 -1.17265e-09 0
28288.7 2 0.01 -1.17265e-09 0
28288.7 2 0.0155052 -1.17264e-09 0
28288.7 2 0.024041 -1.17264e-09 0
28288.7 2 0.0372759 -1.17262e-09 0
28288.7 2 0.0577969 -1.17259e-09 0
28288.7 2 0.0896151 -1.17253e-09 0
28288.7 2 0.13895 -1.17242e-09 0
28288.7 2 0.215443 -1.17227e-09 0
28288.7 2 0.334048 -1.17216e-09 0
28288.7 2 0.517947 -1.17234e-09 0
28288.7 2 0.803086 -1.1728e-09 0
28288.7 2 1.2452 -1.17211e-09 0
28288.7 2 1.9307 -1.17035e-09 0
28288.7 2 2.99358 -1.17063e-09 0
28288.7 2 4.64159 -1.17088e-09 0
28288.7 2 7.19686 -1.16734e-09 0
28288.7 2 11.1588 -1.16675e-09 0
28288.7 2 17.302 -1.16245e-09 0
28288.7 2 26.827 -1.15653e-09 0
28288.7 2 41.5956 -1.14904e-09 0
28288.7 2 64.4947 -1.13572e-09 0
28288.7 2 100 -1.11448e-09 0
28288.7 2 155.052 -1.08669e-09 0
28288.7 2 240.41 -1.04309e-09 0
28288.7 2 372.759 -9.70602e-10 0
28288.7 2 577.969 -8.76697e-10 0
28288.7 2 896.151 -7.5334e-10 0
28288.7 2 1389.5 -5.68898e-10 0
28288.7 2 2154.43 -3.38658e-10 0
28288.7 2 3340.48 -9.89721e-11 0
28288.7 2 5179.47 1.185e-10 0
28288.7 2 8030.86 2.90737e-10 0
28288.7 2 12452 4.02995e-10 0
28288.7 2 19307 4.26087e-10 0
28288.7 2 29935.8 3.72847e-10 0
28288.7 2 46415.9 2.83148e-10 0
28288.7 2 71968.6 1.91199e-10 0
28288.7 2 111588 1.16999e-10 0
28288.7 2 173020 6.66215e-11 0
28288.7 2 268270 3.52094e-11 0
28288.7 2 415956 1.76953e-11 0
28288.7 2 644947 8.57937e-12 0
28288.7 2 1e+06 4.09229e-12 0

68977.9 2 1e-06 -3.49744e-10 0
68977.9 2 1.55052e-06 -3.49744e-10 0
68977.9 2 2.4041e-06 -3.49744e-10 0
68977.9 2 3.72759e-06 -3.49744e-10 0
68977.9 2 5.77969e-06 -3.49744e-10 0
68977.9 2 8.96151e-06 -3.49744e-10 0
68977.9 2 1.3895e-05 -3.49744e-10 0
68977.9 2 2.15443e-05 -3.49744e-10 0
68977.9 2 3.34048e-05 -3.49744e-10 0
68977.9 2 5.17947e-05 -3.49744e-10 0
68977.9 2 8.03086e-05 -3.49744e-10 0
68977.9 2 0.00012452 -3.49744e-10 0
68977.9 2 0.00019307 -3.49744e-10 0
68977.9 2 0.000299358 -3.49744e-10 0
68977.9 2 0.000464159 -3.49744e-10 0
68977.9 2 0.000719686 -3.49744e-10 0
68977.9 2 0.00111588 -3.49744e-10 0
68977.9 2 0.0017302 -3.49744e-10 0
68977.9 2 0.0026827 -3.49744e-10 0
68977.9 2 0.00415956 -3.49744e-10 0
68977.9 2 0.00644947 -3.49744e-10 0
68977.9 2 0.01 -3.49743e-10 0
68977.9 2 0.0155052 -3.49743e-10 0
68977.9 2 0.024041 -3.49742e-10 0
68977.9 2 0.0372759 -3.49739e-10 0
68977.9 2 0.0577969 -3.49735e-10 0
68977.9 2 0.0896151 -3.49726e-10 0
68977.9 2 0.13895 -3.49709e-10 0
68977.9 2 0.215443 -3.49686e-10 0
68977.9 2 0.334048 -3.4967e-10 0
68977.9 2 0.517947 -3.49703e-10 0
68977.9 2 0.803086 -3.49783e-10 0
68977.9 2 1.2452 -3.4968e-10 0
68977.9 2 1.9307 -3.49411e-10 0
68977.9 2 2.99358 -3.49477e-10 0
68977.9 2 4.64159 -3.4955e-10 0
68977.9 2 7.19686 -3.49031e-10 0
68977.9 2 11.1588 -3.49015e-10 0
68977.9 2 17.302 -3.48442e-10 0
68977.9 2 26.827 -3.47672e-10 0
68977.9 2 41.5956 -3.4675e-10 0
68977.9 2 64.4947 -3.45029e-10 0
68977.9 2 100 -3.42236e-10 0
68977.9 2 155.052 -3.38686e-10 0
68977.9 2 240.41 -3.32959e-10 0
68977.9 2 372.759 -3.22893e-10 0
68977.9 2 577.969 -3.0965e-10 0
68977.9 2 896.151 -2.91505e-10 0
68977.9 2 1389.5 -2.61333e-10 0
68977.9 2 2154.43 -2.18411e-10 0
68977.9 2 3340.48 -1.65282e-10 0
68977.9 2 5179.47 -1.04473e-10 0
68977.9 2 8030.86 -3.79547e-11 0
68977.9 2 12452 3.12899e-11 0
68977.9 2 19307 8.49903e-11 0
68977.9 2 29935.8 1.09862e-10 0
68977.9 2 46415.9 1.07395e-10 0
68977.9 2 71968.6 8.72646e-11 0
68977.9 2 111588 6.16412e-11 0
68977.9 2 173020 3.94878e-11 0
68977.9 2 268270 2.27634e-11 0
68977.9 2 415956 1.22447e-11 0
68977.9 2 644947 6.26505e-12 0
68977.9 2 1e+06 3.12799e-12 0

168192 2 1e-06 -9.13947e-11 0
168192 2 1.55052e-06 -9.13947e-11 0
168192 2 2.4041e-06 -9.13947e-11 0
168192 2 3.72759e-06 -9.13947e-11 0
168192 2 5.77969e-06 -9.13947e-11 0
168192 2 8.96151e-06 -9.13947e-11 0
168192 2 1.3895e-05 -9.13947e-11 0
168192 2 2.15443e-05 -9.13947e-11 0
168192 2 3.34048e-05 -9.13947e-11 0
168192 2 5.17947e-05 -9.13947e-11 0
168192 2 8.03086e-05 -9.13947e-11 0
168192 2 0.00012452 -9.13947e-11 0
168192 2 0.00019307 -9.13947e-11 0
168192 2 0.000299358 -9.13947e-11 0
168192 2 0.000464159 -9.13947e-11 0
168192 2 0.000719686 -9.13947e-11 0
168192 2 0.00111588 -9.13947e-11 0
168192 2 0.0017302 -9.13947e-11 0
168192 2 0.0026827 -9.13947e-11 0
168192 2 0.00415956 -9.13947e-11 0
168192 2 0.00644947 -9.13947e-11 0
168192 2 0.01 -9.13946e-11 0
168192 2 0.0155052 -9.13946e-11 0
168192 2 0.024041 -9.13944e-11 0
168192 2 0.0372759 -9.13941e-11 0
168192 2 0.0577969 -9.13934e-11 0
168192 2 0.0896151 -9.1392e-11 0
168192 2 0.13895 -9.13895e-11 0
168192 2 0.215443 -9.1386e-11 0
168192 2 0.334048 -9.13838e-11 0
168192 2 0.517947 -9.13898e-11 0
168192 2 0.803086 -9.14037e-11 0
168192 2 1.2452 -9.13884e-11 0
168192 2 1.9307 -9.13472e-11 0
168192 2 2.99358 -9.13614e-11 0
168192 2 4.64159 -9.13786e-11 0
168192 2 7.19686 -9.1303e-11 0
168192 2 11.1588 -9.13135e-11 0
168192 2 17.302 -9.1241e-11 0
168192 2 26.827 -9.11477e-11 0
168192 2 41.5956 -9.10466e-11 0
168192 2 64.4947 -9.08422e-11 0
168192 2 100 -9.05034e-11 0
168192 2 155.052 -9.01017e-11 0
168192 2 240.41 -8.94346e-11 0
168192 2 372.759 -8.81833e-11 0
168192 2 577.969 -8.65868e-11 0
168192 2 896.151 -8.44152e-11 0
168192 2 1389.5 -8.04686e-11 0
168192 2 2154.43 -7.44575e-11 0
168192 2 3340.48 -6.6467e-11 0
168192 2 5179.47 -5.63519e-11 0
168192 2 8030.86 -4.33409e-11 0
168192 2 12452 -2.60057e-11 0
168192 2 19307 -6.87364e-12 0
168192 2 29935.8 9.75899e-12 0
168192 2 46415.9 2.07209e-11 0
168192 2 71968.6 2.45258e-11 0
168192 2 111588 2.25522e-11 0
168192 2 173020 1.78645e-11 0
168192 2 268270 1.1974e-11 0
168192 2 415956 7.24434e-12 0
168192 2 644947 4.06456e-12 0
168192 2 1e+06 2.19075e-12 0

410113 2 1e-06 -2.13004e-11 0
410113 2 1.55052e-06 -2.13004e-11 0
410113 2 2.4041e-06 -2.13004e-11 0
410113 2 3.72759e-06 -2.13004e-11 0
410113 2 5.77969e-06 -2.13004e-11 0
410113 2 8.96151e-06 -2.13004e-11 0
410113 2 1.3895e-05 -2.13004e-11 0
410113 2 2.15443e-05 -2.13004e-11 0
410113 2 3.34048e-05 -2.13004e-11 0
410113 2 5.17947e-05 -2.13004e-11 0
410113 2 8.03086e-05 -2.13004e-11 0
410113 2 0.00012452 -2.13004e-11 0
410113 2 0.00019307 -2.13004e-11 0
410113 2 0.000299358 -2.13004e-11 0
410113 2 0.000464159 -2.13004e-11 0
410113 2 0.000719686 -2.13004e-11 0
410113 2 0.00111588 -2.13004e-11 0
410113 2 0.0017302 -2.13004e-11 0
410113 2 0.0026827 -2.13004e-11 0
410113 2 0.00415956 -2.13004e-11 0
410113 2 0.00644947 -2.13004e-11 0
410113 2 0.01 -2.13004e-11 0
410113 2 0.0155052 -2.13004e-11 0
410113 2 0.024041 -2.13004e-11 0
410113 2 0.0372759 -2.13004e-11 0
410113 2 0.0577969 -2.13003e-11 0
410113 2 0.0896151 -2.13001e-11 0
410113 2 0.13895 -2.12997e-11 0
410113 2 0.215443 -2.12991e-11 0
410113 2 0.334048 -2.12988e-11 0
410113 2 0.517947 -2.12999e-11 0
410113 2 0.803086 -2.13023e-11 0
410113 2 1.2452 -2.13e-11 0
410113 2 1.9307 -2.12937e-11 0
410113 2 2.99358 -2.12965e-11 0
410113 2 4.64159 -2.13001e-11 0
410113 2 7.19686 -2.12891e-11 0
410113 2 11.1588 -2.12927e-11 0
410113 2 17.302 -2.12839e-11 0
410113 2 26.827 -2.12734e-11 0
410113 2 41.5956 -2.12642e-11 0
410113 2 64.4947 -2.12422e-11 0
410113 2 100 -2.12043e-11 0
410113 2 155.052 -2.11656e-11 0
410113 2 240.41 -2.10979e-11 0
410113 2 372.759 -2.09562e-11 0
410113 2 577.969 -2.07901e-11 0
410113 2 896.151 -2.05771e-11 0
410113 2 1389.5 -2.01368e-11 0
410113 2 2154.43 -1.94352e-11 0
410113 2 3340.48 -1.84953e-11 0
410113 2 5179.47 -1.72882e-11 0
410113 2 8030.86 -1.56171e-11 0
410113 2 12452 -1.29892e-11 0
410113 2 19307 -9.45266e-12 0
410113 2 29935.8 -5.42287e-12 0
410113 2 46415.9 -1.39282e-12 0
410113 2 71968.6 1.92729e-12 0
410113 2 111588 4.09726e-12 0
410113 2 173020 5.0744e-12 0
410113 2 268270 4.44121e-12 0
410113 2 415956 3.29871e-12 0
410113 2 644947 2.17267e-12 0
410113 2 1e+06 1.33594e-12 0

1e+06 2 1e-06 -4.27656e-12 0
1e+06 2 1.55052e-06 -4.27656e-12 0
1e+06 2 2.4041e-06 -4.27656e-12 0
1e+06 2 3.72759e-06 -4.27656e-12 0
1e+06 2 5.77969e-06 -4.27656e-12 0
1e+06 2 8.96151e-06 -4.27656e-12 0
1e+06 2 1.3895e-05 -4.27656e-12 0
1e+06 2 2.15443e-05 -4.27656e-12 0
1e+06 2 3.34048e-05 -4.27656e-12 0
1e+06 2 5.17947e-05 -4.27656e-12 0
1e+06 2 8.03086e-05 -4.27656e-12 0
1e+06 2 0.00012452 -4.27656e-12 0
1e+06 2 0.00019307 -4.27656e-12 0
1e+06 2 0.000299358 -4.27656e-12 0
1e+06 2 0.000464159 -4.27656e-12 0
1e+06 2 0.000719686 -4.27656e-12 0
1e+06 2 0.00111588 -4.27656e-12 0
1e+06 2 0.0017302 -4.27656e-12 0
1e+06 2 0.0026827 -4.27656e-12 0
1e+06 2 0.00415956 -4.27656e-12 0
1e+06 2 0.00644947 -4.27656e-12 0
1e+06 2 0.01 -4.27656e-12 0
1e+06 2 0.0155052 -4.27656e-12 0
1e+06 2 0.024041 -4.27655e-12 0
1e+06 2 0.0372759 -4.27655e-12 0
1e+06 2 0.0577969 -4.27653e-12 0
1e+06 2 0.0896151 -4.2765e-12 0
1e+06 2 0.13895 -4.27644e-12 0
1e+06 2 0.215443 -4.27636e-12 0
1e+06 2 0.334048 -4.27632e-12 0
1e+06 2 0.517947 -4.2765e-12 0
1e+06 2 0.803086 -4.27691e-12 0
1e+06 2 1.2452 -4.27657e-12 0
1e+06 2 1.9307 -4.27557e-12 0
1e+06 2 2.99358 -4.2761e-12 0
1e+06 2 4.64159 -4.27678e-12 0
1e+06 2 7.19686 -4.27514e-12 0
1e+06 2 11.1588 -4.27598e-12 0
1e+06 2 17.302 -4.27492e-12 0
1e+06 2 26.827 -4.27379e-12 0
1e+06 2 41.5956 -4.27318e-12 0
1e+06 2 64.4947 -4.27097e-12 0
1e+06 2 100 -4.26695e-12 0
1e+06 2 155.052 -4.26396e-12 0
1e+06 2 240.41 -4.25805e-12 0
1e+06 2 372.759 -4.24284e-12 0
1e+06 2 577.969 -4.22786e-12 0
1e+06 2 896.151 -4.21168e-12 0
1e+06 2 1389.5 -4.16782e-12 0
1e+06 2 2154.43 -4.09469e-12 0
1e+06 2 3340.48 -4.00142e-12 0
1e+06 2 5179.47 -3.89048e-12 0
1e+06 2 8030.86 -3.73561e-12 0
1e+06 2 12452 -3.44922e-12 0
1e+06 2 19307 -3.01424e-12 0
1e+06 2 29935.8 -2.45215e-12 0
1e+06 2 46415.9 -1.77335e-12 0
1e+06 2 71968.6 -1.03221e-12 0
1e+06 2 111588 -2.52698e-13 0
1e+06 2 173020 5.11487e-13 0
1e+06 2 268270 8.5631e-13 0
1e+06 2 415956 9.38935e-13 0
1e+06 2 644947 8.23164e-13 0
1e+06 2 1e+06 6.37571e-13 0

