#q_sq i k_sq Re(fg) Im(fg)
1e-06 5 1e-06 -1.68238e+10 -0
1e-06 5 1.55052e-06 -1.08505e+10 -0
1e-06 5 2.4041e-06 -6.99797e+09 -0
1e-06 5 3.72759e-06 -4.51331e+09 -0
1e-06 5 5.77969e-06 -2.91084e+09 -0
1e-06 5 8.96151e-06 -1.87733e+09 -0
1e-06 5 1.3895e-05 -1.21077e+09 -0
1e-06 5 2.15443e-05 -7.8088e+08 -0
1e-06 5 3.34048e-05 -5.03621e+08 -0
1e-06 5 5.17947e-05 -3.24804e+08 -0
1e-06 5 8.03086e-05 -2.09476e+08 -0
1e-06 5 0.00012452 -1.35096e+08 -0
1e-06 5 0.00019307 -8.71248e+07 -0
1e-06 5 0.000299358 -5.61859e+07 -0
1e-06 5 0.000464159 -3.6232e+07 -0
1e-06 5 0.000719686 -2.33628e+07 -0
1e-06 5 0.00111588 -1.50629e+07 -0
1e-06 5 0.0017302 -9.70987e+06 -0
1e-06 5 0.0026827 -6.2575e+06 -0
1e-06 5 0.00415956 -4.03097e+06 -0
1e-06 5 0.00644947 -2.59505e+06 -0
1e-06 5 0.01 -1.66909e+06 -0
1e-06 5 0.0155052 -1.07209e+06 -0
1e-06 5 0.024041 -687343 -0
1e-06 5 0.0372759 -439626 -0
1e-06 5 0.0577969 -280455 -0
1e-06 5 0.0896151 -178587 -0
1e-06 5 0.13895 -113812 -0
1e-06 5 0.215443 -72857.3 -0
1e-06 5 0.334048 -46718.4 -0
1e-06 5 0.517947 -29137.2 -0
1e-06 5 0.803086 -16567.4 -0
1e-06 5 1.2452 -8510.95 -0
1e-06 5 1.9307 -3928.93 -0
1e-06 5 2.99358 -774.98 -0
1e-06 5 4.64159 383.837 -0
1e-06 5 7.19686 198.733 -0
1e-06 5 11.1588 497.446 -0
1e-06 5 17.302 119.682 -0
1e-06 5 26.827 -89.4395 -0
1e-06 5 41.5956 -63.4836 -0
1e-06 5 64.4947 -38.4181 -0
1e-06 5 100 -24.0941 -0
1e-06 5 155.052 -13.7308 -0
1e-06 5 240.41 -7.67439 -0
1e-06 5 372.759 -4.75607 -0
1e-06 5 577.969 -2.77395 -0
1e-06 5 896.151 -1.44639 -0
1e-06 5 1389.5 -0.817513 -0
1e-06 5 2154.43 -0.466057 -0
1e-06 5 3340.48 -0.255654 -0
1e-06 5 5179.47 -0.13392 -0
1e-06 5 8030.86 -0.063858 -0
1e-06 5 12452 -0.0308366 -0
1e-06 5 19307 -0.014438 -0
1e-06 5 29935.8 -0.00601673 -0
1e-06 5 46415.9 -0.00209389 -0
1e-06 5 71968.6 -0.000342015 -0
1e-06 5 111588 0.0003822 -0
1e-06 5 173020 0.000332828 -0
1e-06 5 268270 0.000305423 -0
1e-06 5 415956 0.00020657 -0
1e-06 5 644947 0.000115224 -0
1e-06 5 1e+06 1.95142e-05 -0

2.43835e-06 5 1e-06 -6.89967e+09 -0
2.43835e-06 5 1.55052e-06 -4.44991e+09 -0
2.43835e-06 5 2.4041e-06 -2.86996e+09 -0
2.43835e-06 5 3.72759e-06 -1.85097e+09 -0
2.43835e-06 5 5.77969e-06 -1.19377e+09 -0
2.43835e-06 5 8.96151e-06 -7.69918e+08 -0
2.43835e-06 5 1.3895e-05 -4.96554e+08 -0
2.43835e-06 5 2.15443e-05 -3.20249e+08 -0
2.43835e-06 5 3.34048e-05 -2.06541e+08 -0
2.43835e-06 5 5.17947e-05 -1.33206e+08 -0
2.43835e-06 5 8.03086e-05 -8.59088e+07 -0
2.43835e-06 5 0.00012452 -5.54046e+07 -0
2.43835e-06 5 0.00019307 -3.5731e+07 -0
2.43835e-06 5 0.000299358 -2.30426e+07 -0
2.43835e-06 5 0.000464159 -1.48592e+07 -0
2.43835e-06 5 0.000719686 -9.58138e+06 -0
2.43835e-06 5 0.00111588 -6.17747e+06 -0
2.43835e-06 5 0.0017302 -3.98214e+06 -0
2.43835e-06 5 0.0026827 -2.56628e+06 -0
2.43835e-06 5 0.00415956 -1.65315e+06 -0
2.43835e-06 5 0.00644947 -1.06426e+06 -0
2.43835e-06 5 0.01 -684516 -0
2.43835e-06 5 0.0155052 -439677 -0
2.43835e-06 5 0.024041 -281888 -0
2.43835e-06 5 0.0372759 -180296 -0
2.43835e-06 5 0.0577969 -115018 -0
2.43835e-06 5 0.0896151 -73240.7 -0
2.43835e-06 5 0.13895 -46675.7 -0
2.43835e-06 5 0.215443 -29879.6 -0
2.43835e-06 5 0.334048 -19159.7 -0
2.43835e-06 5 0.517947 -11949.5 -0
2.43835e-06 5 0.803086 -6794.46 -0
2.43835e-06 5 1.2452 -3490.43 -0
2.43835e-06 5 1.9307 -1611.3 -0
2.43835e-06 5 2.99358 -317.827 -0
2.43835e-06 5 4.64159 157.417 -0
2.43835e-06 5 7.19686 81.503 -0
2.43835e-06 5 11.1588 204.009 -0
2.43835e-06 5 17.302 49.0831 -0
2.43835e-06 5 26.827 -36.6803 -0
2.43835e-06 5 41.5956 -26.0354 -0
2.43835e-06 5 64.4947 -15.7557 -0
2.43835e-06 5 100 -9.8813 -0
2.43835e-06 5 155.052 -5.63116 -0
2.43835e-06 5 240.41 -3.14736 -0
2.43835e-06 5 372.759 -1.95053 -0
2.43835e-06 5 577.969 -1.13763 -0
2.43835e-06 5 896.151 -0.593184 -0
2.43835e-06 5 1389.5 -0.335273 -0
2.43835e-06 5 2154.43 -0.191136 -0
2.43835e-06 5 3340.48 -0.104847 -0
2.43835e-06 5 5179.47 -0.0549223 -0
2.43835e-06 5 8030.86 -0.026189 -0
2.43835e-06 5 12452 -0.0126465 -0
2.43835e-06 5 19307 -0.0059212 -0
2.43835e-06 5 29935.8 -0.00246754 -0
2.43835e-06 5 46415.9 -0.00085873 -0
2.43835e-06 5 71968.6 -0.000140265 -0
2.43835e-06 5 111588 0.000156745 -0
2.43835e-06 5 173020 0.000136497 -0
2.43835e-06 5 268270 0.000125258 -0
2.43835e-06 5 415956 8.4717e-05 -0
2.43835e-06 5 644947 4.72546e-05 -0
2.43835e-06 5 1e+06 8.00303e-06 -0

5.94557e-06 5 1e-06 -2.82964e+09 -0
5.94557e-06 5 1.55052e-06 -1.82497e+09 -0
5.94557e-06 5 2.4041e-06 -1.17701e+09 -0
5.94557e-06 5 3.72759e-06 -7.59105e+08 -0
5.94557e-06 5 5.77969e-06 -4.89581e+08 -0
5.94557e-06 5 8.96151e-06 -3.15753e+08 -0
5.94557e-06 5 1.3895e-05 -2.03643e+08 -0
5.94557e-06 5 2.15443e-05 -1.31338e+08 -0
5.94557e-06 5 3.34048e-05 -8.47052e+07 -0
5.94557e-06 5 5.17947e-05 -5.46295e+07 -0
5.94557e-06 5 8.03086e-05 -3.52323e+07 -0
5.94557e-06 5 0.00012452 -2.27221e+07 -0
5.94557e-06 5 0.00019307 -1.46537e+07 -0
5.94557e-06 5 0.000299358 -9.45005e+06 -0
5.94557e-06 5 0.000464159 -6.09395e+06 -0
5.94557e-06 5 0.000719686 -3.92945e+06 -0
5.94557e-06 5 0.00111588 -2.53346e+06 -0
5.94557e-06 5 0.0017302 -1.63313e+06 -0
5.94557e-06 5 0.0026827 -1.05247e+06 -0
5.94557e-06 5 0.00415956 -677979 -0
5.94557e-06 5 0.00644947 -436469 -0
5.94557e-06 5 0.01 -280729 -0
5.94557e-06 5 0.0155052 -180317 -0
5.94557e-06 5 0.024041 -115606 -0
5.94557e-06 5 0.0372759 -73941.5 -0
5.94557e-06 5 0.0577969 -47170.2 -0
5.94557e-06 5 0.0896151 -30036.8 -0
5.94557e-06 5 0.13895 -19142.1 -0
5.94557e-06 5 0.215443 -12253.9 -0
5.94557e-06 5 0.334048 -7857.52 -0
5.94557e-06 5 0.517947 -4900.55 -0
5.94557e-06 5 0.803086 -2786.45 -0
5.94557e-06 5 1.2452 -1431.45 -0
5.94557e-06 5 1.9307 -660.805 -0
5.94557e-06 5 2.99358 -130.343 -0
5.94557e-06 5 4.64159 64.5594 -0
5.94557e-06 5 7.19686 33.4256 -0
5.94557e-06 5 11.1588 83.6668 -0
5.94557e-06 5 17.302 20.1296 -0
5.94557e-06 5 26.827 -15.043 -0
5.94557e-06 5 41.5956 -10.6774 -0
5.94557e-06 5 64.4947 -6.46163 -0
5.94557e-06 5 100 -4.05245 -0
5.94557e-06 5 155.052 -2.30941 -0
5.94557e-06 5 240.41 -1.29077 -0
5.94557e-06 5 372.759 -0.799935 -0
5.94557e-06 5 577.969 -0.466558 -0
5.94557e-06 5 896.151 -0.243272 -0
5.94557e-06 5 1389.5 -0.1375 -0
5.94557e-06 5 2154.43 -0.0783873 -0
5.94557e-06 5 3340.48 -0.0429991 -0
5.94557e-06 5 5179.47 -0.0225243 -0
5.94557e-06 5 8030.86 -0.0107404 -0
5.94557e-06 5 12452 -0.00518648 -0
5.94557e-06 5 19307 -0.00242836 -0
5.94557e-06 5 29935.8 -0.00101197 -0
5.94557e-06 5 46415.9 -0.000352176 -0
5.94557e-06 5 71968.6 -5.75243e-05 -0
5.94557e-06 5 111588 6.42832e-05 -0
5.94557e-06 5 173020 5.59792e-05 -0
5.94557e-06 5 268270 5.13698e-05 -0
5.94557e-06 5 415956 3.47435e-05 -0
5.94557e-06 5 644947 1.93797e-05 -0
5.94557e-06 5 1e+06 3.28215e-06 -0

1.44974e-05 5 1e-06 -1.16047e+09 -0
1.44974e-05 5 1.55052e-06 -7.48443e+08 -0
1.44974e-05 5 2.4041e-06 -4.82705e+08 -0
1.44974e-05 5 3.72759e-06 -3.11319e+08 -0
1.44974e-05 5 5.77969e-06 -2.00784e+08 -0
1.44974e-05 5 8.96151e-06 -1.29494e+08 -0
1.44974e-05 5 1.3895e-05 -8.35167e+07 -0
1.44974e-05 5 2.15443e-05 -5.38635e+07 -0
1.44974e-05 5 3.34048e-05 -3.47387e+07 -0
1.44974e-05 5 5.17947e-05 -2.24043e+07 -0
1.44974e-05 5 8.03086e-05 -1.44492e+07 -0
1.44974e-05 5 0.00012452 -9.31864e+06 -0
1.44974e-05 5 0.00019307 -6.00969e+06 -0
1.44974e-05 5 0.000299358 -3.87559e+06 -0
1.44974e-05 5 0.000464159 -2.49921e+06 -0
1.44974e-05 5 0.000719686 -1.61152e+06 -0
1.44974e-05 5 0.00111588 -1.039e+06 -0
1.44974e-05 5 0.0017302 -669766 -0
1.44974e-05 5 0.0026827 -431630 -0
1.44974e-05 5 0.00415956 -278048 -0
1.44974e-05 5 0.00644947 -179001 -0
1.44974e-05 5 0.01 -115130 -0
1.44974e-05 5 0.0155052 -73950.2 -0
1.44974e-05 5 0.024041 -47411.2 -0
1.44974e-05 5 0.0372759 -30324.2 -0
1.44974e-05 5 0.0577969 -19344.9 -0
1.44974e-05 5 0.0896151 -12318.3 -0
1.44974e-05 5 0.13895 -7850.28 -0
1.44974e-05 5 0.215443 -5025.32 -0
1.44974e-05 5 0.334048 -3222.36 -0
1.44974e-05 5 0.517947 -2009.7 -0
1.44974e-05 5 0.803086 -1142.72 -0
1.44974e-05 5 1.2452 -587.037 -0
1.44974e-05 5 1.9307 -270.997 -0
1.44974e-05 5 2.99358 -53.4532 -0
1.44974e-05 5 4.64159 26.4772 -0
1.44974e-05 5 7.19686 13.7085 -0
1.44974e-05 5 11.1588 34.3129 -0
1.44974e-05 5 17.302 8.25544 -0
1.44974e-05 5 26.827 -6.16932 -0
1.44974e-05 5 41.5956 -4.37895 -0
1.44974e-05 5 64.4947 -2.64999 -0
1.44974e-05 5 100 -1.66196 -0
1.44974e-05 5 155.052 -0.947117 -0
1.44974e-05 5 240.41 -0.529362 -0
1.44974e-05 5 372.759 -0.328064 -0
1.44974e-05 5 577.969 -0.191341 -0
1.44974e-05 5 896.151 -0.099769 -0
1.44974e-05 5 1389.5 -0.0563903 -0
1.44974e-05 5 2154.43 -0.0321476 -0
1.44974e-05 5 3340.48 -0.0176345 -0
1.44974e-05 5 5179.47 -0.00923751 -0
1.44974e-05 5 8030.86 -0.00440479 -0
1.44974e-05 5 12452 -0.00212704 -0
1.44974e-05 5 19307 -0.0009959 -0
1.44974e-05 5 29935.8 -0.000415021 -0
1.44974e-05 5 46415.9 -0.000144432 -0
1.44974e-05 5 71968.6 -2.35914e-05 -0
1.44974e-05 5 111588 2.63634e-05 -0
1.44974e-05 5 173020 2.29578e-05 -0
1.44974e-05 5 268270 2.10674e-05 -0
1.44974e-05 5 415956 1.42488e-05 -0
1.44974e-05 5 644947 7.94787e-06 -0
1.44974e-05 5 1e+06 1.34605e-06 -0

3.53498e-05 5 1e-06 -4.75926e+08 -0
3.53498e-05 5 1.55052e-06 -3.06947e+08 -0
3.53498e-05 5 2.4041e-06 -1.97964e+08 -0
3.53498e-05 5 3.72759e-06 -1.27676e+08 -0
3.53498e-05 5 5.77969e-06 -8.23442e+07 -0
3.53498e-05 5 8.96151e-06 -5.31075e+07 -0
3.53498e-05 5 1.3895e-05 -3.42513e+07 -0
3.53498e-05 5 2.15443e-05 -2.20901e+07 -0
3.53498e-05 5 3.34048e-05 -1.42468e+07 -0
3.53498e-05 5 5.17947e-05 -9.1883e+06 -0
3.53498e-05 5 8.03086e-05 -5.92583e+06 -0
3.53498e-05 5 0.00012452 -3.8217e+06 -0
3.53498e-05 5 0.00019307 -2.46465e+06 -0
3.53498e-05 5 0.000299358 -1.58943e+06 -0
3.53498e-05 5 0.000464159 -1.02496e+06 -0
3.53498e-05 5 0.000719686 -660905 -0
3.53498e-05 5 0.00111588 -426110 -0
3.53498e-05 5 0.0017302 -274680 -0
3.53498e-05 5 0.0026827 -177017 -0
3.53498e-05 5 0.00415956 -114031 -0
3.53498e-05 5 0.00644947 -73410.7 -0
3.53498e-05 5 0.01 -47216.3 -0
3.53498e-05 5 0.0155052 -30327.8 -0
3.53498e-05 5 0.024041 -19443.8 -0
3.53498e-05 5 0.0372759 -12436.2 -0
3.53498e-05 5 0.0577969 -7933.44 -0
3.53498e-05 5 0.0896151 -5051.73 -0
3.53498e-05 5 0.13895 -3219.34 -0
3.53498e-05 5 0.215443 -2060.81 -0
3.53498e-05 5 0.334048 -1321.42 -0
3.53498e-05 5 0.517947 -824.127 -0
3.53498e-05 5 0.803086 -468.6 -0
3.53498e-05 5 1.2452 -240.732 -0
3.53498e-05 5 1.9307 -111.132 -0
3.53498e-05 5 2.99358 -21.9197 -0
3.53498e-05 5 4.64159 10.8593 -0
3.53498e-05 5 7.19686 5.62222 -0
3.53498e-05 5 11.1588 14.0722 -0
3.53498e-05 5 17.302 3.38569 -0
3.53498e-05 5 26.827 -2.5301 -0
3.53498e-05 5 41.5956 -1.79586 -0
3.53498e-05 5 64.4947 -1.08679 -0
3.53498e-05 5 100 -0.681588 -0
3.53498e-05 5 155.052 -0.388424 -0
3.53498e-05 5 240.41 -0.217098 -0
3.53498e-05 5 372.759 -0.134543 -0
3.53498e-05 5 577.969 -0.0784714 -0
3.53498e-05 5 896.151 -0.0409165 -0
3.53498e-05 5 1389.5 -0.0231264 -0
3.53498e-05 5 2154.43 -0.0131841 -0
3.53498e-05 5 3340.48 -0.00723212 -0
3.53498e-05 5 5179.47 -0.00378842 -0
3.53498e-05 5 8030.86 -0.00180646 -0
3.53498e-05 5 12452 -0.000872327 -0
3.53498e-05 5 19307 -0.000408431 -0
3.53498e-05 5 29935.8 -0.000170205 -0
3.53498e-05 5 46415.9 -5.92334e-05 -0
3.53498e-05 5 71968.6 -9.67515e-06 -0
3.53498e-05 5 111588 1.0812e-05 -0
3.53498e-05 5 173020 9.41527e-06 -0
3.53498e-05 5 268270 8.64002e-06 -0
3.53498e-05 5 415956 5.84359e-06 -0
3.53498e-05 5 644947 3.25952e-06 -0
3.53498e-05 5 1e+06 5.52032e-07 -0

8.61954e-05 5 1e-06 -1.95184e+08 -0
8.61954e-05 5 1.55052e-06 -1.25883e+08 -0
8.61954e-05 5 2.4041e-06 -8.1188e+07 -0
8.61954e-05 5 3.72759e-06 -5.23619e+07 -0
8.61954e-05 5 5.77969e-06 -3.37706e+07 -0
8.61954e-05 5 8.96151e-06 -2.17802e+07 -0
8.61954e-05 5 1.3895e-05 -1.4047e+07 -0
8.61954e-05 5 2.15443e-05 -9.0595e+06 -0
8.61954e-05 5 3.34048e-05 -5.84284e+06 -0
8.61954e-05 5 5.17947e-05 -3.76826e+06 -0
8.61954e-05 5 8.03086e-05 -2.43027e+06 -0
8.61954e-05 5 0.00012452 -1.56734e+06 -0
8.61954e-05 5 0.00019307 -1.01079e+06 -0
8.61954e-05 5 0.000299358 -651849 -0
8.61954e-05 5 0.000464159 -420351 -0
8.61954e-05 5 0.000719686 -271047 -0
8.61954e-05 5 0.00111588 -174754 -0
8.61954e-05 5 0.0017302 -112650 -0
8.61954e-05 5 0.0026827 -72597.1 -0
8.61954e-05 5 0.00415956 -46765.6 -0
8.61954e-05 5 0.00644947 -30106.6 -0
8.61954e-05 5 0.01 -19363.9 -0
8.61954e-05 5 0.0155052 -12437.7 -0
8.61954e-05 5 0.024041 -7973.99 -0
8.61954e-05 5 0.0372759 -5100.07 -0
8.61954e-05 5 0.0577969 -3253.44 -0
8.61954e-05 5 0.0896151 -2071.61 -0
8.61954e-05 5 0.13895 -1320.14 -0
8.61954e-05 5 0.215443 -845.026 -0
8.61954e-05 5 0.334048 -541.819 -0
8.61954e-05 5 0.517947 -337.908 -0
8.61954e-05 5 0.803086 -192.136 -0
8.61954e-05 5 1.2452 -98.7086 -0
8.61954e-05 5 1.9307 -45.5688 -0
8.61954e-05 5 2.99358 -8.98745 -0
8.61954e-05 5 4.64159 4.45413 -0
8.61954e-05 5 7.19686 2.30594 -0
8.61954e-05 5 11.1588 5.77124 -0
8.61954e-05 5 17.302 1.38854 -0
8.61954e-05 5 26.827 -1.03761 -0
8.61954e-05 5 41.5956 -0.736495 -0
8.61954e-05 5 64.4947 -0.445703 -0
8.61954e-05 5 100 -0.279526 -0
8.61954e-05 5 155.052 -0.159297 -0
8.61954e-05 5 240.41 -0.0890342 -0
8.61954e-05 5 372.759 -0.0551776 -0
8.61954e-05 5 577.969 -0.0321821 -0
8.61954e-05 5 896.151 -0.0167804 -0
8.61954e-05 5 1389.5 -0.0094844 -0
8.61954e-05 5 2154.43 -0.00540698 -0
8.61954e-05 5 3340.48 -0.00296598 -0
8.61954e-05 5 5179.47 -0.00155368 -0
8.61954e-05 5 8030.86 -0.000740851 -0
8.61954e-05 5 12452 -0.000357752 -0
8.61954e-05 5 19307 -0.000167503 -0
8.61954e-05 5 29935.8 -6.98034e-05 -0
8.61954e-05 5 46415.9 -2.42923e-05 -0
8.61954e-05 5 71968.6 -3.9679e-06 -0
8.61954e-05 5 111588 4.43412e-06 -0
8.61954e-05 5 173020 3.86132e-06 -0
8.61954e-05 5 268270 3.54338e-06 -0
8.61954e-05 5 415956 2.39653e-06 -0
8.61954e-05 5 644947 1.33677e-06 -0
8.61954e-05 5 1e+06 2.26395e-07 -0

0.000210175 5 1e-06 -8.00487e+07 -0
0.000210175 5 1.55052e-06 -5.16271e+07 -0
0.000210175 5 2.4041e-06 -3.32967e+07 -0
0.000210175 5 3.72759e-06 -2.14746e+07 -0
0.000210175 5 5.77969e-06 -1.38499e+07 -0
0.000210175 5 8.96151e-06 -8.93244e+06 -0
0.000210175 5 1.3895e-05 -5.76093e+06 -0
0.000210175 5 2.15443e-05 -3.71547e+06 -0
0.000210175 5 3.34048e-05 -2.39625e+06 -0
0.000210175 5 5.17947e-05 -1.54543e+06 -0
0.000210175 5 8.03086e-05 -996698 -0
0.000210175 5 0.00012452 -642794 -0
0.000210175 5 0.00019307 -414544 -0
0.000210175 5 0.000299358 -267335 -0
0.000210175 5 0.000464159 -172393 -0
0.000210175 5 0.000719686 -111161 -0
0.000210175 5 0.00111588 -71669.5 -0
0.000210175 5 0.0017302 -46199.7 -0
0.000210175 5 0.0026827 -29773.2 -0
0.000210175 5 0.00415956 -19179.2 -0
0.000210175 5 0.00644947 -12347.1 -0
0.000210175 5 0.01 -7941.3 -0
0.000210175 5 0.0155052 -5100.72 -0
0.000210175 5 0.024041 -3270.08 -0
0.000210175 5 0.0372759 -2091.44 -0
0.000210175 5 0.0577969 -1334.11 -0
0.000210175 5 0.0896151 -849.428 -0
0.000210175 5 0.13895 -541.249 -0
0.000210175 5 0.215443 -346.418 -0
0.000210175 5 0.334048 -222.095 -0
0.000210175 5 0.517947 -138.503 -0
0.000210175 5 0.803086 -78.755 -0
0.000210175 5 1.2452 -40.4627 -0
0.000210175 5 1.9307 -18.6807 -0
0.000210175 5 2.99358 -3.68377 -0
0.000210175 5 4.64159 1.82731 -0
0.000210175 5 7.19686 0.945897 -0
0.000210175 5 11.1588 2.36691 -0
0.000210175 5 17.302 0.56949 -0
0.000210175 5 26.827 -0.42552 -0
0.000210175 5 41.5956 -0.302038 -0
0.000210175 5 64.4947 -0.182785 -0
0.000210175 5 100 -0.114636 -0
0.000210175 5 155.052 -0.0653289 -0
0.000210175 5 240.41 -0.0365137 -0
0.000210175 5 372.759 -0.0226289 -0
0.000210175 5 577.969 -0.0131982 -0
0.000210175 5 896.151 -0.00688181 -0
0.000210175 5 1389.5 -0.00388966 -0
0.000210175 5 2154.43 -0.00221746 -0
0.000210175 5 3340.48 -0.00121639 -0
0.000210175 5 5179.47 -0.000637182 -0
0.000210175 5 8030.86 -0.000303832 -0
0.000210175 5 12452 -0.000146719 -0
0.000210175 5 19307 -6.8695e-05 -0
0.000210175 5 29935.8 -2.86272e-05 -0
0.000210175 5 46415.9 -9.96259e-06 -0
0.000210175 5 71968.6 -1.62728e-06 -0
0.000210175 5 111588 1.81849e-06 -0
0.000210175 5 173020 1.58358e-06 -0
0.000210175 5 268270 1.45319e-06 -0
0.000210175 5 415956 9.82848e-07 -0
0.000210175 5 644947 5.48227e-07 -0
0.000210175 5 1e+06 9.28476e-08 -0

0.000512481 5 1e-06 -3.28301e+07 -0
0.000512481 5 1.55052e-06 -2.11736e+07 -0
0.000512481 5 2.4041e-06 -1.36559e+07 -0
0.000512481 5 3.72759e-06 -8.80729e+06 -0
0.000512481 5 5.77969e-06 -5.68022e+06 -0
0.000512481 5 8.96151e-06 -3.66343e+06 -0
0.000512481 5 1.3895e-05 -2.36271e+06 -0
0.000512481 5 2.15443e-05 -1.52381e+06 -0
0.000512481 5 3.34048e-05 -982767 -0
0.000512481 5 5.17947e-05 -633823 -0
0.000512481 5 8.03086e-05 -408772 -0
0.000512481 5 0.00012452 -263626 -0
0.000512481 5 0.00019307 -170015 -0
0.000512481 5 0.000299358 -109641 -0
0.000512481 5 0.000464159 -70702.9 -0
0.000512481 5 0.000719686 -45589.9 -0
0.000512481 5 0.00111588 -29393.4 -0
0.000512481 5 0.0017302 -18947.5 -0
0.000512481 5 0.0026827 -12210.6 -0
0.000512481 5 0.00415956 -7865.7 -0
0.000512481 5 0.00644947 -5063.66 -0
0.000512481 5 0.01 -3256.73 -0
0.000512481 5 0.0155052 -2091.74 -0
0.000512481 5 0.024041 -1340.95 -0
0.000512481 5 0.0372759 -857.561 -0
0.000512481 5 0.0577969 -546.965 -0
0.000512481 5 0.0896151 -348.196 -0
0.000512481 5 0.13895 -221.817 -0
0.000512481 5 0.215443 -141.932 -0
0.000512481 5 0.334048 -90.9725 -0
0.000512481 5 0.517947 -56.7245 -0
0.000512481 5 0.803086 -32.2559 -0
0.000512481 5 1.2452 -16.5754 -0
0.000512481 5 1.9307 -7.6535 -0
0.000512481 5 2.99358 -1.50866 -0
0.000512481 5 4.64159 0.750015 -0
0.000512481 5 7.19686 0.388125 -0
0.000512481 5 11.1588 0.970753 -0
0.000512481 5 17.302 0.233585 -0
0.000512481 5 26.827 -0.174495 -0
0.000512481 5 41.5956 -0.123862 -0
0.000512481 5 64.4947 -0.0749587 -0
0.000512481 5 100 -0.0470118 -0
0.000512481 5 155.052 -0.0267914 -0
0.000512481 5 240.41 -0.0149744 -0
0.000512481 5 372.759 -0.00928023 -0
0.000512481 5 577.969 -0.00541268 -0
0.000512481 5 896.151 -0.00282229 -0
0.000512481 5 1389.5 -0.00159519 -0
0.000512481 5 2154.43 -0.000909405 -0
0.000512481 5 3340.48 -0.000498853 -0
0.000512481 5 5179.47 -0.000261316 -0
0.000512481 5 8030.86 -0.000124605 -0
0.000512481 5 12452 -6.0171e-05 -0
0.000512481 5 19307 -2.81726e-05 -0
0.000512481 5 29935.8 -1.17404e-05 -0
0.000512481 5 46415.9 -4.08578e-06 -0
0.000512481 5 71968.6 -6.67367e-07 -0
0.000512481 5 111588 7.45786e-07 -0
0.000512481 5 173020 6.49446e-07 -0
0.000512481 5 268270 5.9597e-07 -0
0.000512481 5 415956 4.03079e-07 -0
0.000512481 5 644947 2.24835e-07 -0
0.000512481 5 1e+06 3.8078e-08 -0

0.00124961 5 1e-06 -1.34651e+07 -0
0.00124961 5 1.55052e-06 -8.68428e+06 -0
0.00124961 5 2.4041e-06 -5.60089e+06 -0
0.00124961 5 3.72759e-06 -3.61227e+06 -0
0.00124961 5 5.77969e-06 -2.32972e+06 -0
0.00124961 5 8.96151e-06 -1.50254e+06 -0
0.00124961 5 1.3895e-05 -969055 -0
0.00124961 5 2.15443e-05 -624985 -0
0.00124961 5 3.34048e-05 -403078 -0
0.00124961 5 5.17947e-05 -259960 -0
0.00124961 5 8.03086e-05 -167656 -0
0.00124961 5 0.00012452 -108125 -0
0.00124961 5 0.00019307 -69730.8 -0
0.00124961 5 0.000299358 -44968.6 -0
0.00124961 5 0.000464159 -28998.3 -0
0.00124961 5 0.000719686 -18698.3 -0
0.00124961 5 0.00111588 -12055.4 -0
0.00124961 5 0.0017302 -7771.04 -0
0.00124961 5 0.0026827 -5007.91 -0
0.00124961 5 0.00415956 -3225.88 -0
0.00124961 5 0.00644947 -2076.64 -0
0.00124961 5 0.01 -1335.53 -0
0.00124961 5 0.0155052 -857.719 -0
0.00124961 5 0.024041 -549.788 -0
0.00124961 5 0.0372759 -351.532 -0
0.00124961 5 0.0577969 -224.149 -0
0.00124961 5 0.0896151 -142.634 -0
0.00124961 5 0.13895 -90.814 -0
0.00124961 5 0.215443 -58.07 -0
0.00124961 5 0.334048 -37.1974 -0
0.00124961 5 0.517947 -23.1862 -0
0.00124961 5 0.803086 -13.186 -0
0.00124961 5 1.2452 -6.77889 -0
0.00124961 5 1.9307 -3.13112 -0
0.00124961 5 2.99358 -0.616617 -0
0.00124961 5 4.64159 0.308202 -0
0.00124961 5 7.19686 0.159375 -0
0.00124961 5 11.1588 0.398171 -0
0.00124961 5 17.302 0.0958258 -0
0.00124961 5 26.827 -0.0715461 -0
0.00124961 5 41.5956 -0.0507896 -0
0.00124961 5 64.4947 -0.0307378 -0
0.00124961 5 100 -0.0192784 -0
0.00124961 5 155.052 -0.0109867 -0
0.00124961 5 240.41 -0.00614083 -0
0.00124961 5 372.759 -0.00380578 -0
0.00124961 5 577.969 -0.00221974 -0
0.00124961 5 896.151 -0.00115742 -0
0.00124961 5 1389.5 -0.000654193 -0
0.00124961 5 2154.43 -0.000372953 -0
0.00124961 5 3340.48 -0.000204583 -0
0.00124961 5 5179.47 -0.000107168 -0
0.00124961 5 8030.86 -5.11017e-05 -0
0.00124961 5 12452 -2.46767e-05 -0
0.00124961 5 19307 -1.15539e-05 -0
0.00124961 5 29935.8 -4.81486e-06 -0
0.00124961 5 46415.9 -1.67562e-06 -0
0.00124961 5 71968.6 -2.73693e-07 -0
0.00124961 5 111588 3.05857e-07 -0
0.00124961 5 173020 2.66346e-07 -0
0.00124961 5 268270 2.44415e-07 -0
0.00124961 5 415956 1.65308e-07 -0
0.00124961 5 644947 9.22077e-08 -0
0.00124961 5 1e+06 1.56163e-08 -0

0.00304699 5 1e-06 -5.52331e+06 -0
0.00304699 5 1.55052e-06 -3.56224e+06 -0
0.00304699 5 2.4041e-06 -2.29745e+06 -0
0.00304699 5 3.72759e-06 -1.48173e+06 -0
0.00304699 5 5.77969e-06 -955636 -0
0.00304699 5 8.96151e-06 -616332 -0
0.00304699 5 1.3895e-05 -397500 -0
0.00304699 5 2.15443e-05 -256364 -0
0.00304699 5 3.34048e-05 -165340 -0
0.00304699 5 5.17947e-05 -106634 -0
0.00304699 5 8.03086e-05 -68771.2 -0
0.00304699 5 0.00012452 -44352 -0
0.00304699 5 0.00019307 -28602.9 -0
0.00304699 5 0.000299358 -18445.6 -0
0.00304699 5 0.000464159 -11894.7 -0
0.00304699 5 0.000719686 -7669.72 -0
0.00304699 5 0.00111588 -4944.83 -0
0.00304699 5 0.0017302 -3187.43 -0
0.00304699 5 0.0026827 -2054.01 -0
0.00304699 5 0.00415956 -1323.03 -0
0.00304699 5 0.00644947 -851.62 -0
0.00304699 5 0.01 -547.626 -0
0.00304699 5 0.0155052 -351.631 -0
0.00304699 5 0.024041 -225.322 -0
0.00304699 5 0.0372759 -144.003 -0
0.00304699 5 0.0577969 -91.7578 -0
0.00304699 5 0.0896151 -58.3301 -0
0.00304699 5 0.13895 -37.0881 -0
0.00304699 5 0.215443 -23.6771 -0
0.00304699 5 0.334048 -15.1437 -0
0.00304699 5 0.517947 -9.43174 -0
0.00304699 5 0.803086 -5.36528 -0
0.00304699 5 1.2452 -2.76124 -0
0.00304699 5 1.9307 -1.27644 -0
0.00304699 5 2.99358 -0.250781 -0
0.00304699 5 4.64159 0.127009 -0
0.00304699 5 7.19686 0.0655621 -0
0.00304699 5 11.1588 0.163348 -0
0.00304699 5 17.302 0.0393291 -0
0.00304699 5 26.827 -0.0293255 -0
0.00304699 5 41.5956 -0.0208217 -0
0.00304699 5 64.4947 -0.0126023 -0
0.00304699 5 100 -0.00790457 -0
0.00304699 5 155.052 -0.00450501 -0
0.00304699 5 240.41 -0.00251808 -0
0.00304699 5 372.759 -0.00156064 -0
0.00304699 5 577.969 -0.000910273 -0
0.00304699 5 896.151 -0.000474644 -0
0.00304699 5 1389.5 -0.00026828 -0
0.00304699 5 2154.43 -0.000152947 -0
0.00304699 5 3340.48 -8.38999e-05 -0
0.00304699 5 5179.47 -4.39499e-05 -0
0.00304699 5 8030.86 -2.09571e-05 -0
0.00304699 5 12452 -1.01201e-05 -0
0.00304699 5 19307 -4.73834e-06 -0
0.00304699 5 29935.8 -1.97461e-06 -0
0.00304699 5 46415.9 -6.87187e-07 -0
0.00304699 5 71968.6 -1.12243e-07 -0
0.00304699 5 111588 1.25437e-07 -0
0.00304699 5 173020 1.09232e-07 -0
0.00304699 5 268270 1.00238e-07 -0
0.00304699 5 415956 6.77948e-08 -0
0.00304699 5 644947 3.78155e-08 -0
0.00304699 5 1e+06 6.40443e-09 -0

0.00742964 5 1e-06 -2.26626e+06 -0
0.00742964 5 1.55052e-06 -1.46161e+06 -0
0.00742964 5 2.4041e-06 -942663 -0
0.00742964 5 3.72759e-06 -607966 -0
0.00742964 5 5.77969e-06 -392105 -0
0.00742964 5 8.96151e-06 -252886 -0
0.00742964 5 1.3895e-05 -163097 -0
0.00742964 5 2.15443e-05 -105188 -0
0.00742964 5 3.34048e-05 -67840 -0
0.00742964 5 5.17947e-05 -43752.4 -0
0.00742964 5 8.03086e-05 -28217.2 -0
0.00742964 5 0.00012452 -18197.8 -0
0.00742964 5 0.00019307 -11735.8 -0
0.00742964 5 0.000299358 -7568.19 -0
0.00742964 5 0.000464159 -4880.29 -0
0.00742964 5 0.000719686 -3146.74 -0
0.00742964 5 0.00111588 -2028.7 -0
0.00742964 5 0.0017302 -1307.62 -0
0.00742964 5 0.0026827 -842.574 -0
0.00742964 5 0.00415956 -542.648 -0
0.00742964 5 0.00644947 -349.224 -0
0.00742964 5 0.01 -224.494 -0
0.00742964 5 0.0155052 -144.078 -0
0.00742964 5 0.024041 -92.2548 -0
0.00742964 5 0.0372759 -58.8929 -0
0.00742964 5 0.0577969 -37.4625 -0
0.00742964 5 0.0896151 -23.7563 -0
0.00742964 5 0.13895 -15.0545 -0
0.00742964 5 0.215443 -9.57243 -0
0.00742964 5 0.334048 -6.09942 -0
0.00742964 5 0.517947 -3.79106 -0
0.00742964 5 0.803086 -2.15801 -0
0.00742964 5 1.2452 -1.1136 -0
0.00742964 5 1.9307 -0.515825 -0
0.00742964 5 2.99358 -0.10075 -0
0.00742964 5 4.64159 0.0526989 -0
0.00742964 5 7.19686 0.027088 -0
0.00742964 5 11.1588 0.067044 -0
0.00742964 5 17.302 0.0161591 -0
0.00742964 5 26.827 -0.0120103 -0
0.00742964 5 41.5956 -0.00853145 -0
0.00742964 5 64.4947 -0.00516465 -0
0.00742964 5 100 -0.00324003 -0
0.00742964 5 155.052 -0.00184678 -0
0.00742964 5 240.41 -0.00103234 -0
0.00742964 5 372.759 -0.000639879 -0
0.00742964 5 577.969 -0.000373244 -0
0.00742964 5 896.151 -0.000194627 -0
0.00742964 5 1389.5 -0.000110012 -0
0.00742964 5 2154.43 -6.27199e-05 -0
0.00742964 5 3340.48 -3.4406e-05 -0
0.00742964 5 5179.47 -1.80234e-05 -0
0.00742964 5 8030.86 -8.59437e-06 -0
0.00742964 5 12452 -4.15022e-06 -0
0.00742964 5 19307 -1.9432e-06 -0
0.00742964 5 29935.8 -8.09793e-07 -0
0.00742964 5 46415.9 -2.81817e-07 -0
0.00742964 5 71968.6 -4.60299e-08 -0
0.00742964 5 111588 5.14439e-08 -0
0.00742964 5 173020 4.47977e-08 -0
0.00742964 5 268270 4.11088e-08 -0
0.00742964 5 415956 2.78035e-08 -0
0.00742964 5 644947 1.55086e-08 -0
0.00742964 5 1e+06 2.62654e-09 -0

0.0181161 5 1e-06 -930482 -0
0.0181161 5 1.55052e-06 -600111 -0
0.0181161 5 2.4041e-06 -387039 -0
0.0181161 5 3.72759e-06 -249619 -0
0.0181161 5 5.77969e-06 -160991 -0
0.0181161 5 8.96151e-06 -103830 -0
0.0181161 5 1.3895e-05 -66964.4 -0
0.0181161 5 2.15443e-05 -43188.1 -0
0.0181161 5 3.34048e-05 -27853.6 -0
0.0181161 5 5.17947e-05 -17963.7 -0
0.0181161 5 8.03086e-05 -11585.2 -0
0.0181161 5 0.00012452 -7471.46 -0
0.0181161 5 0.00019307 -4818.3 -0
0.0181161 5 0.000299358 -3107.15 -0
0.0181161 5 0.000464159 -2003.55 -0
0.0181161 5 0.000719686 -1291.79 -0
0.0181161 5 0.00111588 -832.741 -0
0.0181161 5 0.0017302 -536.682 -0
0.0181161 5 0.0026827 -345.741 -0
0.0181161 5 0.00415956 -222.598 -0
0.0181161 5 0.00644947 -143.183 -0
0.0181161 5 0.01 -91.972 -0
0.0181161 5 0.0155052 -58.9563 -0
0.0181161 5 0.024041 -37.6815 -0
0.0181161 5 0.0372759 -23.988 -0
0.0181161 5 0.0577969 -15.1954 -0
0.0181161 5 0.0896151 -9.57739 -0
0.0181161 5 0.13895 -6.01874 -0
0.0181161 5 0.215443 -3.78844 -0
0.0181161 5 0.334048 -2.3908 -0
0.0181161 5 0.517947 -1.47821 -0
0.0181161 5 0.803086 -0.842939 -0
0.0181161 5 1.2452 -0.437991 -0
0.0181161 5 1.9307 -0.203922 -0
0.0181161 5 2.99358 -0.0392277 -0
0.0181161 5 4.64159 0.0222217 -0
0.0181161 5 7.19686 0.011309 -0
0.0181161 5 11.1588 0.0275484 -0
0.0181161 5 17.302 0.00665674 -0
0.0181161 5 26.827 -0.00490916 -0
0.0181161 5 41.5956 -0.00349108 -0
0.0181161 5 64.4947 -0.00211439 -0
0.0181161 5 100 -0.00132704 -0
0.0181161 5 155.052 -0.000756601 -0
0.0181161 5 240.41 -0.000423024 -0
0.0181161 5 372.759 -0.000262263 -0
0.0181161 5 577.969 -0.000153002 -0
0.0181161 5 896.151 -7.97888e-05 -0
0.0181161 5 1389.5 -4.51041e-05 -0
0.0181161 5 2154.43 -2.57166e-05 -0
0.0181161 5 3340.48 -1.4108e-05 -0
0.0181161 5 5179.47 -7.39067e-06 -0
0.0181161 5 8030.86 -3.52427e-06 -0
0.0181161 5 12452 -1.70191e-06 -0
0.0181161 5 19307 -7.96871e-07 -0
0.0181161 5 29935.8 -3.32086e-07 -0
0.0181161 5 46415.9 -1.1557e-07 -0
0.0181161 5 71968.6 -1.88751e-08 -0
0.0181161 5 111588 2.10985e-08 -0
0.0181161 5 173020 1.83723e-08 -0
0.0181161 5 268270 1.68593e-08 -0
0.0181161 5 415956 1.14026e-08 -0
0.0181161 5 644947 6.3603e-09 -0
0.0181161 5 1e+06 1.07718e-09 -0

0.0441734 5 1e-06 -382616 -0
0.0441734 5 1.55052e-06 -246767 -0
0.0441734 5 2.4041e-06 -159151 -0
0.0441734 5 3.72759e-06 -102644 -0
0.0441734 5 5.77969e-06 -66199.5 -0
0.0441734 5 8.96151e-06 -42694.9 -0
0.0441734 5 1.3895e-05 -27535.7 -0
0.0441734 5 2.15443e-05 -17758.8 -0
0.0441734 5 3.34048e-05 -11453.3 -0
0.0441734 5 5.17947e-05 -7386.51 -0
0.0441734 5 8.03086e-05 -4763.67 -0
0.0441734 5 0.00012452 -3072.08 -0
0.0441734 5 0.00019307 -1981.09 -0
0.0441734 5 0.000299358 -1277.46 -0
0.0441734 5 0.000464159 -823.661 -0
0.0441734 5 0.000719686 -530.983 -0
0.0441734 5 0.00111588 -342.222 -0
0.0441734 5 0.0017302 -220.482 -0
0.0441734 5 0.0026827 -141.967 -0
0.0441734 5 0.00415956 -91.3308 -0
0.0441734 5 0.00644947 -58.6757 -0
0.0441734 5 0.01 -37.619 -0
0.0441734 5 0.0155052 -24.0447 -0
0.0441734 5 0.024041 -15.2993 -0
0.0441734 5 0.0372759 -9.67268 -0
0.0441734 5 0.0577969 -6.06365 -0
0.0441734 5 0.0896151 -3.76321 -0
0.0441734 5 0.13895 -2.31418 -0
0.0441734 5 0.215443 -1.41773 -0
0.0441734 5 0.334048 -0.871253 -0
0.0441734 5 0.517947 -0.530823 -0
0.0441734 5 0.803086 -0.304291 -0
0.0441734 5 1.2452 -0.161195 -0
0.0441734 5 1.9307 -0.0760913 -0
0.0441734 5 2.99358 -0.014014 -0
0.0441734 5 4.64159 0.00971869 -0
0.0441734 5 7.19686 0.00483688 -0
0.0441734 5 11.1588 0.0113505 -0
0.0441734 5 17.302 0.00275961 -0
0.0441734 5 26.827 -0.00199692 -0
0.0441734 5 41.5956 -0.00142397 -0
0.0441734 5 64.4947 -0.000863445 -0
0.0441734 5 100 -0.000542505 -0
0.0441734 5 155.052 -0.000309508 -0
0.0441734 5 240.41 -0.000173135 -0
0.0441734 5 372.759 -0.000107399 -0
0.0441734 5 577.969 -6.26781e-05 -0
0.0441734 5 896.151 -3.26921e-05 -0
0.0441734 5 1389.5 -1.84846e-05 -0
0.0441734 5 2154.43 -1.05411e-05 -0
0.0441734 5 3340.48 -5.7835e-06 -0
0.0441734 5 5179.47 -3.03003e-06 -0
0.0441734 5 8030.86 -1.44495e-06 -0
0.0441734 5 12452 -6.97819e-07 -0
0.0441734 5 19307 -3.26749e-07 -0
0.0441734 5 29935.8 -1.36172e-07 -0
0.0441734 5 46415.9 -4.73894e-08 -0
0.0441734 5 71968.6 -7.73859e-09 -0
0.0441734 5 111588 8.65349e-09 -0
0.0441734 5 173020 7.53494e-09 -0
0.0441734 5 268270 6.91428e-09 -0
0.0441734 5 415956 4.67637e-09 -0
0.0441734 5 644947 2.60844e-09 -0
0.0441734 5 1e+06 4.41766e-10 -0

0.107711 5 1e-06 -157814 -0
0.107711 5 1.55052e-06 -101781 -0
0.107711 5 2.4041e-06 -65643.5 -0
0.107711 5 3.72759e-06 -42336.4 -0
0.107711 5 5.77969e-06 -27304.5 -0
0.107711 5 8.96151e-06 -17609.8 -0
0.107711 5 1.3895e-05 -11357.2 -0
0.107711 5 2.15443e-05 -7324.63 -0
0.107711 5 3.34048e-05 -4723.83 -0
0.107711 5 5.17947e-05 -3046.45 -0
0.107711 5 8.03086e-05 -1964.63 -0
0.107711 5 0.00012452 -1266.91 -0
0.107711 5 0.00019307 -816.923 -0
0.107711 5 0.000299358 -526.704 -0
0.107711 5 0.000464159 -339.528 -0
0.107711 5 0.000719686 -218.81 -0
0.107711 5 0.00111588 -140.953 -0
0.107711 5 0.0017302 -90.7402 -0
0.107711 5 0.0026827 -58.3562 -0
0.107711 5 0.00415956 -37.4713 -0
0.107711 5 0.00644947 -24.0032 -0
0.107711 5 0.01 -15.3193 -0
0.107711 5 0.0155052 -9.72237 -0
0.107711 5 0.024041 -6.11815 -0
0.107711 5 0.0372759 -3.80186 -0
0.107711 5 0.0577969 -2.32002 -0
0.107711 5 0.0896151 -1.38117 -0
0.107711 5 0.13895 -0.798076 -0
0.107711 5 0.215443 -0.449071 -0
0.107711 5 0.334048 -0.251575 -0
0.107711 5 0.517947 -0.145066 -0
0.107711 5 0.803086 -0.0850127 -0
0.107711 5 1.2452 -0.0483441 -0
0.107711 5 1.9307 -0.0238702 -0
0.107711 5 2.99358 -0.00371598 -0
0.107711 5 4.64159 0.00458143 -0
0.107711 5 7.19686 0.00218047 -0
0.107711 5 11.1588 0.00470697 -0
0.107711 5 17.302 0.00116113 -0
0.107711 5 26.827 -0.00080266 -0
0.107711 5 41.5956 -0.000576264 -0
0.107711 5 64.4947 -0.000350432 -0
0.107711 5 100 -0.000220762 -0
0.107711 5 155.052 -0.000126152 -0
0.107711 5 240.41 -7.06528e-05 -0
0.107711 5 372.759 -4.38871e-05 -0
0.107711 5 577.969 -2.56352e-05 -0
0.107711 5 896.151 -1.33771e-05 -0
0.107711 5 1389.5 -7.56765e-06 -0
0.107711 5 2154.43 -4.31741e-06 -0
0.107711 5 3340.48 -2.36953e-06 -0
0.107711 5 5179.47 -1.24168e-06 -0
0.107711 5 8030.86 -5.92202e-07 -0
0.107711 5 12452 -2.86031e-07 -0
0.107711 5 19307 -1.33946e-07 -0
0.107711 5 29935.8 -5.58249e-08 -0
0.107711 5 46415.9 -1.94279e-08 -0
0.107711 5 71968.6 -3.17137e-09 -0
0.107711 5 111588 3.54963e-09 -0
0.107711 5 173020 3.09039e-09 -0
0.107711 5 268270 2.8357e-09 -0
0.107711 5 415956 1.91786e-09 -0
0.107711 5 644947 1.06976e-09 -0
0.107711 5 1e+06 1.81175e-10 -0

0.262636 5 1e-06 -65356.2 -0
0.262636 5 1.55052e-06 -42151.1 -0
0.262636 5 2.4041e-06 -27185.1 -0
0.262636 5 3.72759e-06 -17532.8 -0
0.262636 5 5.77969e-06 -11307.6 -0
0.262636 5 8.96151e-06 -7292.65 -0
0.262636 5 1.3895e-05 -4703.23 -0
0.262636 5 2.15443e-05 -3033.2 -0
0.262636 5 3.34048e-05 -1956.11 -0
0.262636 5 5.17947e-05 -1261.45 -0
0.262636 5 8.03086e-05 -813.433 -0
0.262636 5 0.00012452 -524.484 -0
0.262636 5 0.00019307 -338.127 -0
0.262636 5 0.000299358 -217.937 -0
0.262636 5 0.000464159 -140.421 -0
0.262636 5 0.000719686 -90.4276 -0
0.262636 5 0.00111588 -58.1846 -0
0.262636 5 0.0017302 -37.3899 -0
0.262636 5 0.0026827 -23.9789 -0
0.262636 5 0.00415956 -15.3302 -0
0.262636 5 0.00644947 -9.75345 -0
0.262636 5 0.01 -6.15848 -0
0.262636 5 0.0155052 -3.84261 -0
0.262636 5 0.024041 -2.35305 -0
0.262636 5 0.0372759 -1.39845 -0
0.262636 5 0.0577969 -0.791739 -0
0.262636 5 0.0896151 -0.413129 -0
0.262636 5 0.13895 -0.186239 -0
0.262636 5 0.215443 -0.0619589 -0
0.262636 5 0.334048 -0.00663906 -0
0.262636 5 0.517947 0.00619601 -0
0.262636 5 0.803086 0.000959361 -0
0.262636 5 1.2452 -0.00367038 -0
0.262636 5 1.9307 -0.00294791 -0
0.262636 5 2.99358 0.000403358 -0
0.262636 5 4.64159 0.0024507 -0
0.262636 5 7.19686 0.00108561 -0
0.262636 5 11.1588 0.00198082 -0
0.262636 5 17.302 0.000504992 -0
0.262636 5 26.827 -0.000313114 -0
0.262636 5 41.5956 -0.000228702 -0
0.262636 5 64.4947 -0.000140077 -0
0.262636 5 100 -8.8827e-05 -0
0.262636 5 155.052 -5.09617e-05 -0
0.262636 5 240.41 -2.86262e-05 -0
0.262636 5 372.759 -1.78411e-05 -0
0.262636 5 577.969 -1.04439e-05 -0
0.262636 5 896.151 -5.45602e-06 -0
0.262636 5 1389.5 -3.09053e-06 -0
0.262636 5 2154.43 -1.76503e-06 -0
0.262636 5 3340.48 -9.69421e-07 -0
0.262636 5 5179.47 -5.0826e-07 -0
0.262636 5 8030.86 -2.42479e-07 -0
0.262636 5 12452 -1.17152e-07 -0
0.262636 5 19307 -5.48754e-08 -0
0.262636 5 29935.8 -2.28737e-08 -0
0.262636 5 46415.9 -7.9605e-09 -0
0.262636 5 71968.6 -1.2983e-09 -0
0.262636 5 111588 1.45647e-09 -0
0.262636 5 173020 1.26763e-09 -0
0.262636 5 268270 1.16302e-09 -0
0.262636 5 415956 7.86555e-10 -0
0.262636 5 644947 4.38727e-10 -0
0.262636 5 1e+06 7.43038e-11 -0

0.6404 5 1e-06 -26892.7 -0
0.6404 5 1.55052e-06 -17344.3 -0
0.6404 5 2.4041e-06 -11186 -0
0.6404 5 3.72759e-06 -7214.27 -0
0.6404 5 5.77969e-06 -4652.71 -0
0.6404 5 8.96151e-06 -3000.64 -0
0.6404 5 1.3895e-05 -1935.14 -0
0.6404 5 2.15443e-05 -1247.96 -0
0.6404 5 3.34048e-05 -804.756 -0
0.6404 5 5.17947e-05 -518.915 -0
0.6404 5 8.03086e-05 -334.564 -0
0.6404 5 0.00012452 -215.667 -0
0.6404 5 0.00019307 -138.984 -0
0.6404 5 0.000299358 -89.5284 -0
0.6404 5 0.000464159 -57.632 -0
0.6404 5 0.000719686 -37.0606 -0
0.6404 5 0.00111588 -23.7934 -0
0.6404 5 0.0017302 -15.2369 -0
0.6404 5 0.0026827 -9.71889 -0
0.6404 5 0.00415956 -6.16063 -0
0.6404 5 0.00644947 -3.86665 -0
0.6404 5 0.01 -2.38855 -0
0.6404 5 0.0155052 -1.4374 -0
0.6404 5 0.024041 -0.827171 -0
0.6404 5 0.0372759 -0.43842 -0
0.6404 5 0.0577969 -0.194785 -0
0.6404 5 0.0896151 -0.047669 -0
0.6404 5 0.13895 0.0335321 -0
0.6404 5 0.215443 0.0682519 -0
0.6404 5 0.334048 0.0702273 -0
0.6404 5 0.517947 0.0516897 -0
0.6404 5 0.803086 0.0272012 -0
0.6404 5 1.2452 0.0110205 -0
0.6404 5 1.9307 0.00449184 -0
0.6404 5 2.99358 0.00184475 -0
0.6404 5 4.64159 0.00151839 -0
0.6404 5 7.19686 0.000622696 -0
0.6404 5 11.1588 0.000858699 -0
0.6404 5 17.302 0.000234372 -0
0.6404 5 26.827 -0.000112963 -0
0.6404 5 41.5956 -8.64121e-05 -0
0.6404 5 64.4947 -5.39092e-05 -0
0.6404 5 100 -3.47593e-05 -0
0.6404 5 155.052 -2.01414e-05 -0
0.6404 5 240.41 -1.1397e-05 -0
0.6404 5 372.759 -7.16196e-06 -0
0.6404 5 577.969 -4.21471e-06 -0
0.6404 5 896.151 -2.20787e-06 -0
0.6404 5 1389.5 -1.25457e-06 -0
0.6404 5 2154.43 -7.18333e-07 -0
0.6404 5 3340.48 -3.95245e-07 -0
0.6404 5 5179.47 -2.07484e-07 -0
0.6404 5 8030.86 -9.90571e-08 -0
0.6404 5 12452 -4.7894e-08 -0
0.6404 5 19307 -2.24479e-08 -0
0.6404 5 29935.8 -9.36021e-09 -0
0.6404 5 46415.9 -3.25764e-09 -0
0.6404 5 71968.6 -5.30147e-10 -0
0.6404 5 111588 5.98032e-10 -0
0.6404 5 173020 5.20084e-10 -0
0.6404 5 268270 4.77031e-10 -0
0.6404 5 415956 3.22594e-10 -0
0.6404 5 644947 1.79933e-10 -0
0.6404 5 1e+06 3.04744e-11 -0

1.56152 5 1e-06 -10360.1 -0
1.56152 5 1.55052e-06 -6681.67 -0
1.56152 5 2.4041e-06 -4309.26 -0
1.56152 5 3.72759e-06 -2779.18 -0
1.56152 5 5.77969e-06 -1792.36 -0
1.56152 5 8.96151e-06 -1155.92 -0
1.56152 5 1.3895e-05 -745.444 -0
1.56152 5 2.15443e-05 -480.71 -0
1.56152 5 3.34048e-05 -309.971 -0
1.56152 5 5.17947e-05 -199.854 -0
1.56152 5 8.03086e-05 -128.834 -0
1.56152 5 0.00012452 -83.0298 -0
1.56152 5 0.00019307 -53.4886 -0
1.56152 5 0.000299358 -34.4361 -0
1.56152 5 0.000464159 -22.1483 -0
1.56152 5 0.000719686 -14.2234 -0
1.56152 5 0.00111588 -9.11236 -0
1.56152 5 0.0017302 -5.81613 -0
1.56152 5 0.0026827 -3.69045 -0
1.56152 5 0.00415956 -2.31982 -0
1.56152 5 0.00644947 -1.43632 -0
1.56152 5 0.01 -0.86727 -0
1.56152 5 0.0155052 -0.501414 -0
1.56152 5 0.024041 -0.267187 -0
1.56152 5 0.0372759 -0.118709 -0
1.56152 5 0.0577969 -0.0267556 -0
1.56152 5 0.0896151 0.0271724 -0
1.56152 5 0.13895 0.0545746 -0
1.56152 5 0.215443 0.0625794 -0
1.56152 5 0.334048 0.0561992 -0
1.56152 5 0.517947 0.04027 -0
1.56152 5 0.803086 0.0221477 -0
1.56152 5 1.2452 0.0105945 -0
1.56152 5 1.9307 0.005361 -0
1.56152 5 2.99358 0.0019201 -0
1.56152 5 4.64159 0.00100676 -0
1.56152 5 7.19686 0.000400338 -0
1.56152 5 11.1588 0.000388664 -0
1.56152 5 17.302 0.000119648 -0
1.56152 5 26.827 -3.23943e-05 -0
1.56152 5 41.5956 -2.86706e-05 -0
1.56152 5 64.4947 -1.88191e-05 -0
1.56152 5 100 -1.26855e-05 -0
1.56152 5 155.052 -7.54168e-06 -0
1.56152 5 240.41 -4.34713e-06 -0
1.56152 5 372.759 -2.78866e-06 -0
1.56152 5 577.969 -1.66258e-06 -0
1.56152 5 896.151 -8.76762e-07 -0
1.56152 5 1389.5 -5.02009e-07 -0
1.56152 5 2154.43 -2.89223e-07 -0
1.56152 5 3340.48 -1.59828e-07 -0
1.56152 5 5179.47 -8.41548e-08 -0
1.56152 5 8030.86 -4.02466e-08 -0
1.56152 5 12452 -1.94936e-08 -0
1.56152 5 19307 -9.15014e-09 -0
1.56152 5 29935.8 -3.81853e-09 -0
1.56152 5 46415.9 -1.32906e-09 -0
1.56152 5 71968.6 -2.15157e-10 -0
1.56152 5 111588 2.45964e-10 -0
1.56152 5 173020 2.13504e-10 -0
1.56152 5 268270 1.95698e-10 -0
1.56152 5 415956 1.32317e-10 -0
1.56152 5 644947 7.37976e-11 -0
1.56152 5 1e+06 1.24993e-11 -0

3.80755 5 1e-06 -3361.53 -0
3.80755 5 1.55052e-06 -2167.99 -0
3.80755 5 2.4041e-06 -1398.23 -0
3.80755 5 3.72759e-06 -901.766 -0
3.80755 5 5.77969e-06 -581.577 -0
3.80755 5 8.96151e-06 -375.072 -0
3.80755 5 1.3895e-05 -241.887 -0
3.80755 5 2.15443e-05 -155.99 -0
3.80755 5 3.34048e-05 -100.591 -0
3.80755 5 5.17947e-05 -64.8614 -0
3.80755 5 8.03086e-05 -41.8178 -0
3.80755 5 0.00012452 -26.9559 -0
3.80755 5 0.00019307 -17.3708 -0
3.80755 5 0.000299358 -11.1889 -0
3.80755 5 0.000464159 -7.20195 -0
3.80755 5 0.000719686 -4.63057 -0
3.80755 5 0.00111588 -2.97217 -0
3.80755 5 0.0017302 -1.90261 -0
3.80755 5 0.0026827 -1.21283 -0
3.80755 5 0.00415956 -0.767998 -0
3.80755 5 0.00644947 -0.481166 -0
3.80755 5 0.01 -0.29627 -0
3.80755 5 0.0155052 -0.17717 -0
3.80755 5 0.024041 -0.100579 -0
3.80755 5 0.0372759 -0.0515223 -0
3.80755 5 0.0577969 -0.0204073 -0
3.80755 5 0.0896151 -0.00112414 -0
3.80755 5 0.13895 0.0100988 -0
3.80755 5 0.215443 0.0154137 -0
3.80755 5 0.334048 0.0159411 -0
3.80755 5 0.517947 0.0125144 -0
3.80755 5 0.803086 0.00743846 -0
3.80755 5 1.2452 0.00457539 -0
3.80755 5 1.9307 0.003203 -0
3.80755 5 2.99358 0.00123276 -0
3.80755 5 4.64159 0.000590141 -0
3.80755 5 7.19686 0.000252821 -0
3.80755 5 11.1588 0.000178699 -0
3.80755 5 17.302 6.57651e-05 -0
3.80755 5 26.827 -2.20607e-06 -0
3.80755 5 41.5956 -6.16456e-06 -0
3.80755 5 64.4947 -4.91058e-06 -0
3.80755 5 100 -3.8288e-06 -0
3.80755 5 155.052 -2.45331e-06 -0
3.80755 5 240.41 -1.48755e-06 -0
3.80755 5 372.759 -1.00777e-06 -0
3.80755 5 577.969 -6.20963e-07 -0
3.80755 5 896.151 -3.32857e-07 -0
3.80755 5 1389.5 -1.94166e-07 -0
3.80755 5 2154.43 -1.13549e-07 -0
3.80755 5 3340.48 -6.34016e-08 -0
3.80755 5 5179.47 -3.36224e-08 -0
3.80755 5 8030.86 -1.61451e-08 -0
3.80755 5 12452 -7.85268e-09 -0
3.80755 5 19307 -3.69884e-09 -0
3.80755 5 29935.8 -1.5466e-09 -0
3.80755 5 46415.9 -5.38386e-10 -0
3.80755 5 71968.6 -8.60552e-11 -0
3.80755 5 111588 1.01553e-10 -0
3.80755 5 173020 8.77654e-11 -0
3.80755 5 268270 8.03176e-11 -0
3.80755 5 415956 5.42819e-11 -0
3.80755 5 644947 3.02701e-11 -0
3.80755 5 1e+06 5.12753e-12 -0

9.28415 5 1e-06 -959.508 -0
9.28415 5 1.55052e-06 -618.83 -0
9.28415 5 2.4041e-06 -399.111 -0
9.28415 5 3.72759e-06 -257.404 -0
9.28415 5 5.77969e-06 -166.01 -0
9.28415 5 8.96151e-06 -107.067 -0
9.28415 5 1.3895e-05 -69.0508 -0
9.28415 5 2.15443e-05 -44.5327 -0
9.28415 5 3.34048e-05 -28.7198 -0
9.28415 5 5.17947e-05 -18.5214 -0
9.28415 5 8.03086e-05 -11.9439 -0
9.28415 5 0.00012452 -7.70179 -0
9.28415 5 0.00019307 -4.96585 -0
9.28415 5 0.000299358 -3.20132 -0
9.28415 5 0.000464159 -2.06329 -0
9.28415 5 0.000719686 -1.32931 -0
9.28415 5 0.00111588 -0.855938 -0
9.28415 5 0.0017302 -0.550632 -0
9.28415 5 0.0026827 -0.353718 -0
9.28415 5 0.00415956 -0.226709 -0
9.28415 5 0.00644947 -0.144779 -0
9.28415 5 0.01 -0.0919135 -0
9.28415 5 0.0155052 -0.0577817 -0
9.28415 5 0.024041 -0.0357143 -0
9.28415 5 0.0372759 -0.0214061 -0
9.28415 5 0.0577969 -0.0120807 -0
9.28415 5 0.0896151 -0.0059567 -0
9.28415 5 0.13895 -0.00193841 -0
9.28415 5 0.215443 0.000551576 -0
9.28415 5 0.334048 0.00170062 -0
9.28415 5 0.517947 0.00157605 -0
9.28415 5 0.803086 0.000878718 -0
9.28415 5 1.2452 0.000959476 -0
9.28415 5 1.9307 0.00110286 -0
9.28415 5 2.99358 0.000461722 -0
9.28415 5 4.64159 0.000232219 -0
9.28415 5 7.19686 0.000129756 -0
9.28415 5 11.1588 7.34652e-05 -0
9.28415 5 17.302 3.49505e-05 -0
9.28415 5 26.827 6.21926e-06 -0
9.28415 5 41.5956 1.36311e-06 -0
9.28415 5 64.4947 6.98154e-08 -0
9.28415 5 100 -4.97854e-07 -0
9.28415 5 155.052 -4.8982e-07 -0
9.28415 5 240.41 -3.64871e-07 -0
9.28415 5 372.759 -2.97586e-07 -0
9.28415 5 577.969 -2.01858e-07 -0
9.28415 5 896.151 -1.13011e-07 -0
9.28415 5 1389.5 -6.91896e-08 -0
9.28415 5 2154.43 -4.2005e-08 -0
9.28415 5 3340.48 -2.40512e-08 -0
9.28415 5 5179.47 -1.29737e-08 -0
9.28415 5 8030.86 -6.28924e-09 -0
9.28415 5 12452 -3.08904e-09 -0
9.28415 5 19307 -1.46692e-09 -0
9.28415 5 29935.8 -6.16123e-10 -0
9.28415 5 46415.9 -2.14533e-10 -0
9.28415 5 71968.6 -3.32379e-11 -0
9.28415 5 111588 4.22896e-11 -0
9.28415 5 173020 3.61872e-11 -0
9.28415 5 268270 3.29957e-11 -0
9.28415 5 415956 2.22778e-11 -0
9.28415 5 644947 1.24187e-11 -0
9.28415 5 1e+06 2.10419e-12 -0

22.638 5 1e-06 -284.64 -0
22.638 5 1.55052e-06 -183.578 -0
22.638 5 2.4041e-06 -118.398 -0
22.638 5 3.72759e-06 -76.3601 -0
22.638 5 5.77969e-06 -49.2481 -0
22.638 5 8.96151e-06 -31.7623 -0
22.638 5 1.3895e-05 -20.4849 -0
22.638 5 2.15443e-05 -13.2115 -0
22.638 5 3.34048e-05 -8.52063 -0
22.638 5 5.17947e-05 -5.49524 -0
22.638 5 8.03086e-05 -3.54403 -0
22.638 5 0.00012452 -2.2856 -0
22.638 5 0.00019307 -1.47398 -0
22.638 5 0.000299358 -0.950532 -0
22.638 5 0.000464159 -0.612933 -0
22.638 5 0.000719686 -0.395199 -0
22.638 5 0.00111588 -0.254771 -0
22.638 5 0.0017302 -0.164201 -0
22.638 5 0.0026827 -0.105786 -0
22.638 5 0.00415956 -0.0681074 -0
22.638 5 0.00644947 -0.0438009 -0
22.638 5 0.01 -0.0281158 -0
22.638 5 0.0155052 -0.0179866 -0
22.638 5 0.024041 -0.0114344 -0
22.638 5 0.0372759 -0.00718112 -0
22.638 5 0.0577969 -0.00440171 -0
22.638 5 0.0896151 -0.0025664 -0
22.638 5 0.13895 -0.00134806 -0
22.638 5 0.215443 -0.000571826 -0
22.638 5 0.334048 -0.000176259 -0
22.638 5 0.517947 -0.000127175 -0
22.638 5 0.803086 -0.000194899 -0
22.638 5 1.2452 1.35304e-05 -0
22.638 5 1.9307 0.000195521 -0
22.638 5 2.99358 7.32074e-05 -0
22.638 5 4.64159 3.27558e-05 -0
22.638 5 7.19686 4.31113e-05 -0
22.638 5 11.1588 1.98322e-05 -0
22.638 5 17.302 1.48492e-05 -0
22.638 5 26.827 5.56842e-06 -0
22.638 5 41.5956 2.52246e-06 -0
22.638 5 64.4947 1.23544e-06 -0
22.638 5 100 4.85308e-07 -0
22.638 5 155.052 1.53704e-07 -0
22.638 5 240.41 2.83145e-08 -0
22.638 5 372.759 -3.38936e-08 -0
22.638 5 577.969 -4.11369e-08 -0
22.638 5 896.151 -2.73283e-08 -0
22.638 5 1389.5 -1.97204e-08 -0
22.638 5 2154.43 -1.33688e-08 -0
22.638 5 3340.48 -8.18877e-09 -0
22.638 5 5179.47 -4.6116e-09 -0
22.638 5 8030.86 -2.28738e-09 -0
22.638 5 12452 -1.1502e-09 -0
22.638 5 19307 -5.56842e-10 -0
22.638 5 29935.8 -2.36323e-10 -0
22.638 5 46415.9 -8.23047e-11 -0
22.638 5 71968.6 -1.17597e-11 -0
22.638 5 111588 1.79305e-11 -0
22.638 5 173020 1.50187e-11 -0
22.638 5 268270 1.3584e-11 -0
22.638 5 415956 9.15129e-12 -0
22.638 5 644947 5.0973e-12 -0
22.638 5 1e+06 8.64195e-13 -0

55.1995 5 1e-06 -89.3094 -0
55.1995 5 1.55052e-06 -57.5998 -0
55.1995 5 2.4041e-06 -37.1488 -0
55.1995 5 3.72759e-06 -23.959 -0
55.1995 5 5.77969e-06 -15.4523 -0
55.1995 5 8.96151e-06 -9.96591 -0
55.1995 5 1.3895e-05 -6.42748 -0
55.1995 5 2.15443e-05 -4.14539 -0
55.1995 5 3.34048e-05 -2.67356 -0
55.1995 5 5.17947e-05 -1.72431 -0
55.1995 5 8.03086e-05 -1.11209 -0
55.1995 5 0.00012452 -0.717246 -0
55.1995 5 0.00019307 -0.462591 -0
55.1995 5 0.000299358 -0.298352 -0
55.1995 5 0.000464159 -0.192426 -0
55.1995 5 0.000719686 -0.12411 -0
55.1995 5 0.00111588 -0.0800492 -0
55.1995 5 0.0017302 -0.051632 -0
55.1995 5 0.0026827 -0.0333039 -0
55.1995 5 0.00415956 -0.0214823 -0
55.1995 5 0.00644947 -0.0138567 -0
55.1995 5 0.01 -0.00893649 -0
55.1995 5 0.0155052 -0.00576016 -0
55.1995 5 0.024041 -0.00370704 -0
55.1995 5 0.0372759 -0.00237644 -0
55.1995 5 0.0577969 -0.00150977 -0
55.1995 5 0.0896151 -0.000940768 -0
55.1995 5 0.13895 -0.00056553 -0
55.1995 5 0.215443 -0.000325226 -0
55.1995 5 0.334048 -0.000193372 -0
55.1995 5 0.517947 -0.000152762 -0
55.1995 5 0.803086 -0.000141913 -0
55.1995 5 1.2452 -6.4946e-05 -0
55.1995 5 1.9307 2.44053e-06 -0
55.1995 5 2.99358 -1.16338e-05 -0
55.1995 5 4.64159 -1.34988e-05 -0
55.1995 5 7.19686 5.62414e-06 -0
55.1995 5 11.1588 1.48111e-07 -0
55.1995 5 17.302 3.59255e-06 -0
55.1995 5 26.827 2.50856e-06 -0
55.1995 5 41.5956 1.46435e-06 -0
55.1995 5 64.4947 9.21321e-07 -0
55.1995 5 100 5.09379e-07 -0
55.1995 5 155.052 2.47501e-07 -0
55.1995 5 240.41 1.15438e-07 -0
55.1995 5 372.759 4.27994e-08 -0
55.1995 5 577.969 1.1745e-08 -0
55.1995 5 896.151 2.49438e-09 -0
55.1995 5 1389.5 -1.57675e-09 -0
55.1995 5 2154.43 -2.47885e-09 -0
55.1995 5 3340.48 -2.01911e-09 -0
55.1995 5 5179.47 -1.31213e-09 -0
55.1995 5 8030.86 -6.95425e-10 -0
55.1995 5 12452 -3.73244e-10 -0
55.1995 5 19307 -1.90091e-10 -0
55.1995 5 29935.8 -8.27781e-11 -0
55.1995 5 46415.9 -2.87998e-11 -0
55.1995 5 71968.6 -3.17669e-12 -0
55.1995 5 111588 7.87329e-12 -0
55.1995 5 173020 6.31789e-12 -0
55.1995 5 268270 5.61759e-12 -0
55.1995 5 415956 3.76648e-12 -0
55.1995 5 644947 2.0943e-12 -0
55.1995 5 1e+06 3.55553e-13 -0

134.596 5 1e-06 -28.7329 -0
134.596 5 1.55052e-06 -18.5312 -0
134.596 5 2.4041e-06 -11.9516 -0
134.596 5 3.72759e-06 -7.70816 -0
134.596 5 5.77969e-06 -4.97136 -0
134.596 5 8.96151e-06 -3.20626 -0
134.596 5 1.3895e-05 -2.06787 -0
134.596 5 2.15443e-05 -1.33367 -0
134.596 5 3.34048e-05 -0.86015 -0
134.596 5 5.17947e-05 -0.554754 -0
134.596 5 8.03086e-05 -0.35779 -0
134.596 5 0.00012452 -0.230759 -0
134.596 5 0.00019307 -0.14883 -0
134.596 5 0.000299358 -0.0959909 -0
134.596 5 0.000464159 -0.0619122 -0
134.596 5 0.000719686 -0.0399332 -0
134.596 5 0.00111588 -0.0257579 -0
134.596 5 0.0017302 -0.0166156 -0
134.596 5 0.0026827 -0.0107191 -0
134.596 5 0.00415956 -0.00691604 -0
134.596 5 0.00644947 -0.004463 -0
134.596 5 0.01 -0.00288054 -0
134.596 5 0.0155052 -0.00185935 -0
134.596 5 0.024041 -0.00119987 -0
134.596 5 0.0372759 -0.00077332 -0
134.596 5 0.0577969 -0.000496608 -0
134.596 5 0.0896151 -0.000316253 -0
134.596 5 0.13895 -0.000198399 -0
134.596 5 0.215443 -0.000122779 -0
134.596 5 0.334048 -7.84999e-05 -0
134.596 5 0.517947 -5.84194e-05 -0
134.596 5 0.803086 -4.80438e-05 -0
134.596 5 1.2452 -2.70521e-05 -0
134.596 5 1.9307 -9.21377e-06 -0
134.596 5 2.99358 -9.39452e-06 -0
134.596 5 4.64159 -8.27845e-06 -0
134.596 5 7.19686 -1.33344e-06 -0
134.596 5 11.1588 -2.03177e-06 -0
134.596 5 17.302 1.91447e-09 -0
134.596 5 26.827 5.59195e-07 -0
134.596 5 41.5956 4.37699e-07 -0
134.596 5 64.4947 3.73799e-07 -0
134.596 5 100 2.70721e-07 -0
134.596 5 155.052 1.58588e-07 -0
134.596 5 240.41 8.95397e-08 -0
134.596 5 372.759 4.59862e-08 -0
134.596 5 577.969 2.10966e-08 -0
134.596 5 896.151 9.50475e-09 -0
134.596 5 1389.5 3.70018e-09 -0
134.596 5 2154.43 1.1088e-09 -0
134.596 5 3340.48 1.61319e-10 -0
134.596 5 5179.47 -9.56039e-11 -0
134.596 5 8030.86 -9.46885e-11 -0
134.596 5 12452 -7.39365e-11 -0
134.596 5 19307 -4.65963e-11 -0
134.596 5 29935.8 -2.21776e-11 -0
134.596 5 46415.9 -7.63197e-12 -0
134.596 5 71968.6 1.01555e-13 -0
134.596 5 111588 3.67656e-12 -0
134.596 5 173020 2.72885e-12 -0
134.596 5 268270 2.34469e-12 -0
134.596 5 415956 1.55652e-12 -0
134.596 5 644947 8.62306e-13 -0
134.596 5 1e+06 1.46838e-13 -0

328.193 5 1e-06 -9.41392 -0
328.193 5 1.55052e-06 -6.07148 -0
328.193 5 2.4041e-06 -3.91578 -0
328.193 5 3.72759e-06 -2.52547 -0
328.193 5 5.77969e-06 -1.62879 -0
328.193 5 8.96151e-06 -1.05049 -0
328.193 5 1.3895e-05 -0.677508 -0
328.193 5 2.15443e-05 -0.436957 -0
328.193 5 3.34048e-05 -0.281815 -0
328.193 5 5.17947e-05 -0.181756 -0
328.193 5 8.03086e-05 -0.117224 -0
328.193 5 0.00012452 -0.0756038 -0
328.193 5 0.00019307 -0.0487611 -0
328.193 5 0.000299358 -0.031449 -0
328.193 5 0.000464159 -0.0202836 -0
328.193 5 0.000719686 -0.0130825 -0
328.193 5 0.00111588 -0.00843822 -0
328.193 5 0.0017302 -0.00544287 -0
328.193 5 0.0026827 -0.00351101 -0
328.193 5 0.00415956 -0.00226503 -0
328.193 5 0.00644947 -0.00146139 -0
328.193 5 0.01 -0.000943022 -0
328.193 5 0.0155052 -0.000608598 -0
328.193 5 0.024041 -0.00039276 -0
328.193 5 0.0372759 -0.000253342 -0
328.193 5 0.0577969 -0.000163142 -0
328.193 5 0.0896151 -0.000104638 -0
328.193 5 0.13895 -6.66399e-05 -0
328.193 5 0.215443 -4.22115e-05 -0
328.193 5 0.334048 -2.72644e-05 -0
328.193 5 0.517947 -1.91368e-05 -0
328.193 5 0.803086 -1.43425e-05 -0
328.193 5 1.2452 -8.66268e-06 -0
328.193 5 1.9307 -4.16668e-06 -0
328.193 5 2.99358 -3.44531e-06 -0
328.193 5 4.64159 -2.7807e-06 -0
328.193 5 7.19686 -1.00383e-06 -0
328.193 5 11.1588 -9.52996e-07 -0
328.193 5 17.302 -3.36119e-07 -0
328.193 5 26.827 -8.48421e-09 -0
328.193 5 41.5956 4.19265e-08 -0
328.193 5 64.4947 8.20916e-08 -0
328.193 5 100 8.93199e-08 -0
328.193 5 155.052 6.39029e-08 -0
328.193 5 240.41 4.35145e-08 -0
328.193 5 372.759 2.80075e-08 -0
328.193 5 577.969 1.55315e-08 -0
328.193 5 896.151 8.0821e-09 -0
328.193 5 1389.5 3.97331e-09 -0
328.193 5 2154.43 1.78013e-09 -0
328.193 5 3340.48 7.2781e-10 -0
328.193 5 5179.47 2.72712e-10 -0
328.193 5 8030.86 1.0111e-10 -0
328.193 5 12452 2.98664e-11 -0
328.193 5 19307 5.42642e-12 -0
328.193 5 29935.8 3.23683e-13 -0
328.193 5 46415.9 2.77336e-13 -0
328.193 5 71968.6 1.20466e-12 -0
328.193 5 111588 1.88328e-12 -0
328.193 5 173020 1.23618e-12 -0
328.193 5 268270 9.96631e-13 -0
328.193 5 415956 6.48605e-13 -0
328.193 5 644947 3.56623e-13 -0
328.193 5 1e+06 6.11285e-14 -0

800.25 5 1e-06 -3.09149 -0
800.25 5 1.55052e-06 -1.99385 -0
800.25 5 2.4041e-06 -1.28593 -0
800.25 5 3.72759e-06 -0.829354 -0
800.25 5 5.77969e-06 -0.534889 -0
800.25 5 8.96151e-06 -0.344975 -0
800.25 5 1.3895e-05 -0.222491 -0
800.25 5 2.15443e-05 -0.143495 -0
800.25 5 3.34048e-05 -0.0925466 -0
800.25 5 5.17947e-05 -0.0596878 -0
800.25 5 8.03086e-05 -0.0384956 -0
800.25 5 0.00012452 -0.0248277 -0
800.25 5 0.00019307 -0.0160127 -0
800.25 5 0.000299358 -0.0103274 -0
800.25 5 0.000464159 -0.00666078 -0
800.25 5 0.000719686 -0.00429597 -0
800.25 5 0.00111588 -0.0027708 -0
800.25 5 0.0017302 -0.00178714 -0
800.25 5 0.0026827 -0.00115273 -0
800.25 5 0.00415956 -0.000743563 -0
800.25 5 0.00644947 -0.000479665 -0
800.25 5 0.01 -0.000309453 -0
800.25 5 0.0155052 -0.000199657 -0
800.25 5 0.024041 -0.000128819 -0
800.25 5 0.0372759 -8.30949e-05 -0
800.25 5 0.0577969 -5.35566e-05 -0
800.25 5 0.0896151 -3.44491e-05 -0
800.25 5 0.13895 -2.20803e-05 -0
800.25 5 0.215443 -1.41173e-05 -0
800.25 5 0.334048 -9.12249e-06 -0
800.25 5 0.517947 -6.16417e-06 -0
800.25 5 0.803086 -4.33391e-06 -0
800.25 5 1.2452 -2.70245e-06 -0
800.25 5 1.9307 -1.50108e-06 -0
800.25 5 2.99358 -1.11373e-06 -0
800.25 5 4.64159 -8.31931e-07 -0
800.25 5 7.19686 -3.97774e-07 -0
800.25 5 11.1588 -3.21721e-07 -0
800.25 5 17.302 -1.60918e-07 -0
800.25 5 26.827 -5.58845e-08 -0
800.25 5 41.5956 -2.38713e-08 -0
800.25 5 64.4947 5.73045e-10 -0
800.25 5 100 1.46122e-08 -0
800.25 5 155.052 1.43969e-08 -0
800.25 5 240.41 1.28154e-08 -0
800.25 5 372.759 1.11575e-08 -0
800.25 5 577.969 7.51845e-09 -0
800.25 5 896.151 4.476e-09 -0
800.25 5 1389.5 2.59348e-09 -0
800.25 5 2154.43 1.37202e-09 -0
800.25 5 3340.48 6.64472e-10 -0
800.25 5 5179.47 3.01237e-10 -0
800.25 5 8030.86 1.32587e-10 -0
800.25 5 12452 5.37611e-11 -0
800.25 5 19307 1.99339e-11 -0
800.25 5 29935.8 7.17531e-12 -0
800.25 5 46415.9 2.73528e-12 -0
800.25 5 71968.6 1.41008e-12 -0
800.25 5 111588 1.07372e-12 -0
800.25 5 173020 6.02625e-13 -0
800.25 5 268270 4.3779e-13 -0
800.25 5 415956 2.74619e-13 -0
800.25 5 644947 1.48796e-13 -0
800.25 5 1e+06 2.58602e-14 -0

1951.29 5 1e-06 -1.00086 -0
1951.29 5 1.55052e-06 -0.645503 -0
1951.29 5 2.4041e-06 -0.416315 -0
1951.29 5 3.72759e-06 -0.268501 -0
1951.29 5 5.77969e-06 -0.173169 -0
1951.29 5 8.96151e-06 -0.111685 -0
1951.29 5 1.3895e-05 -0.0720307 -0
1951.29 5 2.15443e-05 -0.046456 -0
1951.29 5 3.34048e-05 -0.0299617 -0
1951.29 5 5.17947e-05 -0.0193237 -0
1951.29 5 8.03086e-05 -0.0124628 -0
1951.29 5 0.00012452 -0.00803785 -0
1951.29 5 0.00019307 -0.005184 -0
1951.29 5 0.000299358 -0.00334343 -0
1951.29 5 0.000464159 -0.00215636 -0
1951.29 5 0.000719686 -0.00139076 -0
1951.29 5 0.00111588 -0.000896986 -0
1951.29 5 0.0017302 -0.00057853 -0
1951.29 5 0.0026827 -0.000373142 -0
1951.29 5 0.00415956 -0.000240677 -0
1951.29 5 0.00644947 -0.000155243 -0
1951.29 5 0.01 -0.00010014 -0
1951.29 5 0.0155052 -6.45991e-05 -0
1951.29 5 0.024041 -4.16724e-05 -0
1951.29 5 0.0372759 -2.68796e-05 -0
1951.29 5 0.0577969 -1.73307e-05 -0
1951.29 5 0.0896151 -1.11624e-05 -0
1951.29 5 0.13895 -7.17643e-06 -0
1951.29 5 0.215443 -4.60818e-06 -0
1951.29 5 0.334048 -2.976e-06 -0
1951.29 5 0.517947 -1.96847e-06 -0
1951.29 5 0.803086 -1.33204e-06 -0
1951.29 5 1.2452 -8.44193e-07 -0
1951.29 5 1.9307 -5.03677e-07 -0
1951.29 5 2.99358 -3.51207e-07 -0
1951.29 5 4.64159 -2.47658e-07 -0
1951.29 5 7.19686 -1.36325e-07 -0
1951.29 5 11.1588 -1.00489e-07 -0
1951.29 5 17.302 -5.76085e-08 -0
1951.29 5 26.827 -2.82811e-08 -0
1951.29 5 41.5956 -1.61052e-08 -0
1951.29 5 64.4947 -7.1882e-09 -0
1951.29 5 100 -1.19466e-09 -0
1951.29 5 155.052 7.70123e-10 -0
1951.29 5 240.41 1.90674e-09 -0
1951.29 5 372.759 2.84987e-09 -0
1951.29 5 577.969 2.42546e-09 -0
1951.29 5 896.151 1.67294e-09 -0
1951.29 5 1389.5 1.18091e-09 -0
1951.29 5 2154.43 7.44026e-10 -0
1951.29 5 3340.48 4.15051e-10 -0
1951.29 5 5179.47 2.12446e-10 -0
1951.29 5 8030.86 1.02976e-10 -0
1951.29 5 12452 4.6564e-11 -0
1951.29 5 19307 1.94745e-11 -0
1951.29 5 29935.8 7.70544e-12 -0
1951.29 5 46415.9 2.97762e-12 -0
1951.29 5 71968.6 1.25091e-12 -0
1951.29 5 111588 6.68065e-13 -0
1951.29 5 173020 3.21419e-13 -0
1951.29 5 268270 2.02594e-13 -0
1951.29 5 415956 1.19593e-13 -0
1951.29 5 644947 6.31173e-14 -0
1951.29 5 1e+06 1.12773e-14 -0

4757.94 5 1e-06 -0.31586 -0
4757.94 5 1.55052e-06 -0.203713 -0
4757.94 5 2.4041e-06 -0.131384 -0
4757.94 5 3.72759e-06 -0.0847356 -0
4757.94 5 5.77969e-06 -0.0546499 -0
4757.94 5 8.96151e-06 -0.0352463 -0
4757.94 5 1.3895e-05 -0.022732 -0
4757.94 5 2.15443e-05 -0.0146609 -0
4757.94 5 3.34048e-05 -0.00945552 -0
4757.94 5 5.17947e-05 -0.00609831 -0
4757.94 5 8.03086e-05 -0.00393309 -0
4757.94 5 0.00012452 -0.00253664 -0
4757.94 5 0.00019307 -0.001636 -0
4757.94 5 0.000299358 -0.00105514 -0
4757.94 5 0.000464159 -0.000680511 -0
4757.94 5 0.000719686 -0.000438897 -0
4757.94 5 0.00111588 -0.000283069 -0
4757.94 5 0.0017302 -0.000182568 -0
4757.94 5 0.0026827 -0.00011775 -0
4757.94 5 0.00415956 -7.59464e-05 -0
4757.94 5 0.00644947 -4.89847e-05 -0
4757.94 5 0.01 -3.15955e-05 -0
4757.94 5 0.0155052 -2.03799e-05 -0
4757.94 5 0.024041 -1.31457e-05 -0
4757.94 5 0.0372759 -8.47889e-06 -0
4757.94 5 0.0577969 -5.46765e-06 -0
4757.94 5 0.0896151 -3.5239e-06 -0
4757.94 5 0.13895 -2.26897e-06 -0
4757.94 5 0.215443 -1.46003e-06 -0
4757.94 5 0.334048 -9.4243e-07 -0
4757.94 5 0.517947 -6.16302e-07 -0
4757.94 5 0.803086 -4.08252e-07 -0
4757.94 5 1.2452 -2.60894e-07 -0
4757.94 5 1.9307 -1.61428e-07 -0
4757.94 5 2.99358 -1.08765e-07 -0
4757.94 5 4.64159 -7.39369e-08 -0
4757.94 5 7.19686 -4.38023e-08 -0
4757.94 5 11.1588 -3.0562e-08 -0
4757.94 5 17.302 -1.86223e-08 -0
4757.94 5 26.827 -1.05204e-08 -0
4757.94 5 41.5956 -6.48808e-09 -0
4757.94 5 64.4947 -3.66614e-09 -0
4757.94 5 100 -1.73623e-09 -0
4757.94 5 155.052 -8.28612e-10 -0
4757.94 5 240.41 -2.20889e-10 -0
4757.94 5 372.759 3.17852e-10 -0
4757.94 5 577.969 4.32851e-10 -0
4757.94 5 896.151 3.70329e-10 -0
4757.94 5 1389.5 3.53859e-10 -0
4757.94 5 2154.43 2.83694e-10 -0
4757.94 5 3340.48 1.88299e-10 -0
4757.94 5 5179.47 1.10333e-10 -0
4757.94 5 8030.86 5.95865e-11 -0
4757.94 5 12452 2.99847e-11 -0
4757.94 5 19307 1.38208e-11 -0
4757.94 5 29935.8 5.89233e-12 -0
4757.94 5 46415.9 2.37314e-12 -0
4757.94 5 71968.6 9.56586e-13 -0
4757.94 5 111588 4.31218e-13 -0
4757.94 5 173020 1.85372e-13 -0
4757.94 5 268270 1.0026e-13 -0
4757.94 5 415956 5.43907e-14 -0
4757.94 5 644947 2.7539e-14 -0
4757.94 5 1e+06 5.17847e-15 -0

11601.6 5 1e-06 -0.0956444 -0
11601.6 5 1.55052e-06 -0.0616856 -0
11601.6 5 2.4041e-06 -0.0397839 -0
11601.6 5 3.72759e-06 -0.0256585 -0
11601.6 5 5.77969e-06 -0.0165484 -0
11601.6 5 8.96151e-06 -0.0106728 -0
11601.6 5 1.3895e-05 -0.00688339 -0
11601.6 5 2.15443e-05 -0.00443942 -0
11601.6 5 3.34048e-05 -0.00286319 -0
11601.6 5 5.17947e-05 -0.00184661 -0
11601.6 5 8.03086e-05 -0.00119096 -0
11601.6 5 0.00012452 -0.000768109 -0
11601.6 5 0.00019307 -0.00049539 -0
11601.6 5 0.000299358 -0.000319501 -0
11601.6 5 0.000464159 -0.000206062 -0
11601.6 5 0.000719686 -0.000132899 -0
11601.6 5 0.00111588 -8.57137e-05 -0
11601.6 5 0.0017302 -5.52814e-05 -0
11601.6 5 0.0026827 -3.56542e-05 -0
11601.6 5 0.00415956 -2.29957e-05 -0
11601.6 5 0.00644947 -1.48316e-05 -0
11601.6 5 0.01 -9.56611e-06 -0
11601.6 5 0.0155052 -6.17006e-06 -0
11601.6 5 0.024041 -3.97967e-06 -0
11601.6 5 0.0372759 -2.5668e-06 -0
11601.6 5 0.0577969 -1.65533e-06 -0
11601.6 5 0.0896151 -1.0672e-06 -0
11601.6 5 0.13895 -6.87667e-07 -0
11601.6 5 0.215443 -4.42959e-07 -0
11601.6 5 0.334048 -2.85835e-07 -0
11601.6 5 0.517947 -1.85805e-07 -0
11601.6 5 0.803086 -1.21681e-07 -0
11601.6 5 1.2452 -7.80884e-08 -0
11601.6 5 1.9307 -4.92211e-08 -0
11601.6 5 2.99358 -3.25561e-08 -0
11601.6 5 4.64159 -2.16642e-08 -0
11601.6 5 7.19686 -1.33321e-08 -0
11601.6 5 11.1588 -9.01407e-09 -0
11601.6 5 17.302 -5.65057e-09 -0
11601.6 5 26.827 -3.405e-09 -0
11601.6 5 41.5956 -2.16245e-09 -0
11601.6 5 64.4947 -1.32071e-09 -0
11601.6 5 100 -7.53519e-10 -0
11601.6 5 155.052 -4.45887e-10 -0
11601.6 5 240.41 -2.38339e-10 -0
11601.6 5 372.759 -6.3235e-11 -0
11601.6 5 577.969 9.52601e-12 -0
11601.6 5 896.151 3.08705e-11 -0
11601.6 5 1389.5 6.09766e-11 -0
11601.6 5 2154.43 6.95181e-11 -0
11601.6 5 3340.48 5.71014e-11 -0
11601.6 5 5179.47 3.91469e-11 -0
11601.6 5 8030.86 2.41406e-11 -0
11601.6 5 12452 1.40255e-11 -0
11601.6 5 19307 7.35258e-12 -0
11601.6 5 29935.8 3.46949e-12 -0
11601.6 5 46415.9 1.50569e-12 -0
11601.6 5 71968.6 6.24718e-13 -0
11601.6 5 111588 2.6685e-13 -0
11601.6 5 173020 1.09298e-13 -0
11601.6 5 268270 5.24311e-14 -0
11601.6 5 415956 2.60085e-14 -0
11601.6 5 644947 1.24977e-14 -0
11601.6 5 1e+06 2.55553e-15 -0

28288.7 5 1e-06 -0.02753 -0
28288.7 5 1.55052e-06 -0.0177554 -0
28288.7 5 2.4041e-06 -0.0114513 -0
28288.7 5 3.72759e-06 -0.00738547 -0
28288.7 5 5.77969e-06 -0.00476324 -0
28288.7 5 8.96151e-06 -0.00307203 -0
28288.7 5 1.3895e-05 -0.0019813 -0
28288.7 5 2.15443e-05 -0.00127783 -0
28288.7 5 3.34048e-05 -0.000824134 -0
28288.7 5 5.17947e-05 -0.000531522 -0
28288.7 5 8.03086e-05 -0.000342804 -0
28288.7 5 0.00012452 -0.00022109 -0
28288.7 5 0.00019307 -0.000142592 -0
28288.7 5 0.000299358 -9.1964e-05 -0
28288.7 5 0.000464159 -5.9312e-05 -0
28288.7 5 0.000719686 -3.82532e-05 -0
28288.7 5 0.00111588 -2.46714e-05 -0
28288.7 5 0.0017302 -1.59119e-05 -0
28288.7 5 0.0026827 -1.02624e-05 -0
28288.7 5 0.00415956 -6.61882e-06 -0
28288.7 5 0.00644947 -4.26889e-06 -0
28288.7 5 0.01 -2.7533e-06 -0
28288.7 5 0.0155052 -1.77581e-06 -0
28288.7 5 0.024041 -1.14536e-06 -0
28288.7 5 0.0372759 -7.38718e-07 -0
28288.7 5 0.0577969 -4.76417e-07 -0
28288.7 5 0.0896151 -3.072e-07 -0
28288.7 5 0.13895 -1.98025e-07 -0
28288.7 5 0.215443 -1.27626e-07 -0
28288.7 5 0.334048 -8.23405e-08 -0
28288.7 5 0.517947 -5.33553e-08 -0
28288.7 5 0.803086 -3.47275e-08 -0
28288.7 5 1.2452 -2.23352e-08 -0
28288.7 5 1.9307 -1.42153e-08 -0
28288.7 5 2.99358 -9.30934e-09 -0
28288.7 5 4.64159 -6.12117e-09 -0
28288.7 5 7.19686 -3.84331e-09 -0
28288.7 5 11.1588 -2.55319e-09 -0
28288.7 5 17.302 -1.62313e-09 -0
28288.7 5 26.827 -1.00985e-09 -0
28288.7 5 41.5956 -6.4934e-10 -0
28288.7 5 64.4947 -4.09805e-10 -0
28288.7 5 100 -2.50787e-10 -0
28288.7 5 155.052 -1.58167e-10 -0
28288.7 5 240.41 -9.64422e-11 -0
28288.7 5 372.759 -4.8077e-11 -0
28288.7 5 577.969 -2.34486e-11 -0
28288.7 5 896.151 -1.1781e-11 -0
28288.7 5 1389.5 7.70014e-13 -0
28288.7 5 2154.43 8.37864e-12 -0
28288.7 5 3340.48 9.83531e-12 -0
28288.7 5 5179.47 8.14932e-12 -0
28288.7 5 8030.86 5.87899e-12 -0
28288.7 5 12452 4.23249e-12 -0
28288.7 5 19307 2.70794e-12 -0
28288.7 5 29935.8 1.49534e-12 -0
28288.7 5 46415.9 7.3449e-13 -0
28288.7 5 71968.6 3.31846e-13 -0
28288.7 5 111588 1.45666e-13 -0
28288.7 5 173020 6.09291e-14 -0
28288.7 5 268270 2.76416e-14 -0
28288.7 5 415956 1.28728e-14 -0
28288.7 5 644947 5.90903e-15 -0
28288.7 5 1e+06 1.36391e-15 -0

68977.9 5 1e-06 -0.00739579 -0
68977.9 5 1.55052e-06 -0.00476989 -0
68977.9 5 2.4041e-06 -0.00307632 -0
68977.9 5 3.72759e-06 -0.00198407 -0
68977.9 5 5.77969e-06 -0.00127962 -0
68977.9 5 8.96151e-06 -0.000825284 -0
68977.9 5 1.3895e-05 -0.000532264 -0
68977.9 5 2.15443e-05 -0.000343282 -0
68977.9 5 3.34048e-05 -0.000221399 -0
68977.9 5 5.17947e-05 -0.00014279 -0
68977.9 5 8.03086e-05 -9.20922e-05 -0
68977.9 5 0.00012452 -5.93946e-05 -0
68977.9 5 0.00019307 -3.83064e-05 -0
68977.9 5 0.000299358 -2.47056e-05 -0
68977.9 5 0.000464159 -1.59338e-05 -0
68977.9 5 0.000719686 -1.02765e-05 -0
68977.9 5 0.00111588 -6.6278e-06 -0
68977.9 5 0.0017302 -4.2746e-06 -0
68977.9 5 0.0026827 -2.75691e-06 -0
68977.9 5 0.00415956 -1.77808e-06 -0
68977.9 5 0.00644947 -1.14678e-06 -0
68977.9 5 0.01 -7.3963e-07 -0
68977.9 5 0.0155052 -4.77036e-07 -0
68977.9 5 0.024041 -3.07673e-07 -0
68977.9 5 0.0372759 -1.98437e-07 -0
68977.9 5 0.0577969 -1.27979e-07 -0
68977.9 5 0.0896151 -8.25297e-08 -0
68977.9 5 0.13895 -5.32106e-08 -0
68977.9 5 0.215443 -3.43034e-08 -0
68977.9 5 0.334048 -2.21294e-08 -0
68977.9 5 0.517947 -1.43152e-08 -0
68977.9 5 0.803086 -9.2867e-09 -0
68977.9 5 1.2452 -5.97963e-09 -0
68977.9 5 1.9307 -3.82518e-09 -0
68977.9 5 2.99358 -2.49164e-09 -0
68977.9 5 4.64159 -1.62755e-09 -0
68977.9 5 7.19686 -1.03276e-09 -0
68977.9 5 11.1588 -6.79421e-10 -0
68977.9 5 17.302 -4.34976e-10 -0
68977.9 5 26.827 -2.75021e-10 -0
68977.9 5 41.5956 -1.77788e-10 -0
68977.9 5 64.4947 -1.13878e-10 -0
68977.9 5 100 -7.18671e-11 -0
68977.9 5 155.052 -4.64642e-11 -0
68977.9 5 240.41 -2.97174e-11 -0
68977.9 5 372.759 -1.73533e-11 -0
68977.9 5 577.969 -1.04695e-11 -0
68977.9 5 896.151 -6.73111e-12 -0
68977.9 5 1389.5 -3.23117e-12 -0
68977.9 5 2154.43 -8.06061e-13 -0
68977.9 5 3340.48 2.81212e-13 -0
68977.9 5 5179.47 5.42243e-13 -0
68977.9 5 8030.86 5.37244e-13 -0
68977.9 5 12452 6.28345e-13 -0
68977.9 5 19307 5.78528e-13 -0
68977.9 5 29935.8 4.09696e-13 -0
68977.9 5 46415.9 2.43938e-13 -0
68977.9 5 71968.6 1.2761e-13 -0
68977.9 5 111588 6.18906e-14 -0
68977.9 5 173020 2.87439e-14 -0
68977.9 5 268270 1.33997e-14 -0
68977.9 5 415956 6.22432e-15 -0
68977.9 5 644947 2.83372e-15 -0
68977.9 5 1e+06 7.67415e-16 -0

168192 5 1e-06 -0.00183209 -0
168192 5 1.55052e-06 -0.0011816 -0
168192 5 2.4041e-06 -0.00076207 -0
168192 5 3.72759e-06 -0.000491495 -0
168192 5 5.77969e-06 -0.000316988 -0
168192 5 8.96151e-06 -0.00020444 -0
168192 5 1.3895e-05 -0.000131853 -0
168192 5 2.15443e-05 -8.50382e-05 -0
168192 5 3.34048e-05 -5.48451e-05 -0
168192 5 5.17947e-05 -3.53722e-05 -0
168192 5 8.03086e-05 -2.28132e-05 -0
168192 5 0.00012452 -1.47133e-05 -0
168192 5 0.00019307 -9.48929e-06 -0
168192 5 0.000299358 -6.12009e-06 -0
168192 5 0.000464159 -3.94713e-06 -0
168192 5 0.000719686 -2.54569e-06 -0
168192 5 0.00111588 -1.64184e-06 -0
168192 5 0.0017302 -1.0589e-06 -0
168192 5 0.0026827 -6.8294e-07 -0
168192 5 0.00415956 -4.40463e-07 -0
168192 5 0.00644947 -2.84078e-07 -0
168192 5 0.01 -1.83218e-07 -0
168192 5 0.0155052 -1.18168e-07 -0
168192 5 0.024041 -7.62141e-08 -0
168192 5 0.0372759 -4.91549e-08 -0
168192 5 0.0577969 -3.17021e-08 -0
168192 5 0.0896151 -2.04445e-08 -0
168192 5 0.13895 -1.31829e-08 -0
168192 5 0.215443 -8.49991e-09 -0
168192 5 0.334048 -5.48302e-09 -0
168192 5 0.517947 -3.54361e-09 -0
168192 5 0.803086 -2.29469e-09 -0
168192 5 1.2452 -1.47841e-09 -0
168192 5 1.9307 -9.48303e-10 -0
168192 5 2.99358 -6.1587e-10 -0
168192 5 4.64159 -4.00793e-10 -0
168192 5 7.19686 -2.55747e-10 -0
168192 5 11.1588 -1.67311e-10 -0
168192 5 17.302 -1.0748e-10 -0
168192 5 26.827 -6.85024e-11 -0
168192 5 41.5956 -4.43651e-11 -0
168192 5 64.4947 -2.85944e-11 -0
168192 5 100 -1.8288e-11 -0
168192 5 155.052 -1.19281e-11 -0
168192 5 240.41 -7.76379e-12 -0
168192 5 372.759 -4.80669e-12 -0
168192 5 577.969 -3.08377e-12 -0
168192 5 896.151 -2.09237e-12 -0
168192 5 1389.5 -1.25216e-12 -0
168192 5 2154.43 -6.59806e-13 -0
168192 5 3340.48 -3.43893e-13 -0
168192 5 5179.47 -2.08828e-13 -0
168192 5 8030.86 -1.39092e-13 -0
168192 5 12452 -4.19855e-14 -0
168192 5 19307 2.31267e-14 -0
168192 5 29935.8 4.11108e-14 -0
168192 5 46415.9 3.64392e-14 -0
168192 5 71968.6 2.462e-14 -0
168192 5 111588 1.47709e-14 -0
168192 5 173020 9.1641e-15 -0
168192 5 268270 4.98339e-15 -0
168192 5 415956 2.57573e-15 -0
168192 5 644947 1.26768e-15 -0
168192 5 1e+06 4.25628e-16 -0

410113 5 1e-06 -0.000416208 -0
410113 5 1.55052e-06 -0.000268432 -0
410113 5 2.4041e-06 -0.000173124 -0
410113 5 3.72759e-06 -0.000111656 -0
410113 5 5.77969e-06 -7.20121e-05 -0
410113 5 8.96151e-06 -4.64439e-05 -0
410113 5 1.3895e-05 -2.99539e-05 -0
410113 5 2.15443e-05 -1.93186e-05 -0
410113 5 3.34048e-05 -1.24595e-05 -0
410113 5 5.17947e-05 -8.03571e-06 -0
410113 5 8.03086e-05 -5.18261e-06 -0
410113 5 0.00012452 -3.34251e-06 -0
410113 5 0.00019307 -2.15574e-06 -0
410113 5 0.000299358 -1.39034e-06 -0
410113 5 0.000464159 -8.96694e-07 -0
410113 5 0.000719686 -5.7832e-07 -0
410113 5 0.00111588 -3.72986e-07 -0
410113 5 0.0017302 -2.40557e-07 -0
410113 5 0.0026827 -1.55147e-07 -0
410113 5 0.00415956 -1.00062e-07 -0
410113 5 0.00644947 -6.45353e-08 -0
410113 5 0.01 -4.16223e-08 -0
410113 5 0.0155052 -2.68446e-08 -0
410113 5 0.024041 -1.73136e-08 -0
410113 5 0.0372759 -1.11665e-08 -0
410113 5 0.0577969 -7.20179e-09 -0
410113 5 0.0896151 -4.64451e-09 -0
410113 5 0.13895 -2.99502e-09 -0
410113 5 0.215443 -1.93124e-09 -0
410113 5 0.334048 -1.24573e-09 -0
410113 5 0.517947 -8.04683e-10 -0
410113 5 0.803086 -5.20552e-10 -0
410113 5 1.2452 -3.3548e-10 -0
410113 5 1.9307 -2.15503e-10 -0
410113 5 2.99358 -1.39721e-10 -0
410113 5 4.64159 -9.07319e-11 -0
410113 5 7.19686 -5.80679e-11 -0
410113 5 11.1588 -3.78638e-11 -0
410113 5 17.302 -2.43618e-11 -0
410113 5 26.827 -1.55882e-11 -0
410113 5 41.5956 -1.00985e-11 -0
410113 5 64.4947 -6.5235e-12 -0
410113 5 100 -4.19495e-12 -0
410113 5 155.052 -2.74175e-12 -0
410113 5 240.41 -1.79397e-12 -0
410113 5 372.759 -1.13648e-12 -0
410113 5 577.969 -7.43676e-13 -0
410113 5 896.151 -5.10859e-13 -0
410113 5 1389.5 -3.25856e-13 -0
410113 5 2154.43 -1.96646e-13 -0
410113 5 3340.48 -1.23637e-13 -0
410113 5 5179.47 -8.81626e-14 -0
410113 5 8030.86 -6.77186e-14 -0
410113 5 12452 -4.20822e-14 -0
410113 5 19307 -2.14301e-14 -0
410113 5 29935.8 -1.01235e-14 -0
410113 5 46415.9 -4.44722e-15 -0
410113 5 71968.6 -2.02788e-15 -0
410113 5 111588 -5.21948e-16 -0
410113 5 173020 1.06062e-15 -0
410113 5 268270 9.87321e-16 -0
410113 5 415956 7.2767e-16 -0
410113 5 644947 4.61693e-16 -0
410113 5 1e+06 2.16637e-16 -0

1e+06 5 1e-06 -8.61227e-05 -0
1e+06 5 1.55052e-06 -5.55446e-05 -0
1e+06 5 2.4041e-06 -3.58233e-05 -0
1e+06 5 3.72759e-06 -2.31041e-05 -0
1e+06 5 5.77969e-06 -1.49009e-05 -0
1e+06 5 8.96151e-06 -9.6103e-06 -0
1e+06 5 1.3895e-05 -6.19813e-06 -0
1e+06 5 2.15443e-05 -3.99746e-06 -0
1e+06 5 3.34048e-05 -2.57815e-06 -0
1e+06 5 5.17947e-05 -1.66277e-06 -0
1e+06 5 8.03086e-05 -1.0724e-06 -0
1e+06 5 0.00012452 -6.9164e-07 -0
1e+06 5 0.00019307 -4.46071e-07 -0
1e+06 5 0.000299358 -2.87692e-07 -0
1e+06 5 0.000464159 -1.85546e-07 -0
1e+06 5 0.000719686 -1.19667e-07 -0
1e+06 5 0.00111588 -7.71792e-08 -0
1e+06 5 0.0017302 -4.97766e-08 -0
1e+06 5 0.0026827 -3.21033e-08 -0
1e+06 5 0.00415956 -2.0705e-08 -0
1e+06 5 0.00644947 -1.33537e-08 -0
1e+06 5 0.01 -8.61254e-09 -0
1e+06 5 0.0155052 -5.5547e-09 -0
1e+06 5 0.024041 -3.58254e-09 -0
1e+06 5 0.0372759 -2.31058e-09 -0
1e+06 5 0.0577969 -1.49019e-09 -0
1e+06 5 0.0896151 -9.61052e-10 -0
1e+06 5 0.13895 -6.19753e-10 -0
1e+06 5 0.215443 -3.99643e-10 -0
1e+06 5 0.334048 -2.5778e-10 -0
1e+06 5 0.517947 -1.66467e-10 -0
1e+06 5 0.803086 -1.07629e-10 -0
1e+06 5 1.2452 -6.93739e-11 -0
1e+06 5 1.9307 -4.45977e-11 -0
1e+06 5 2.99358 -2.88877e-11 -0
1e+06 5 4.64159 -1.87367e-11 -0
1e+06 5 7.19686 -1.20094e-11 -0
1e+06 5 11.1588 -7.81617e-12 -0
1e+06 5 17.302 -5.03227e-12 -0
1e+06 5 26.827 -3.22578e-12 -0
1e+06 5 41.5956 -2.08913e-12 -0
1e+06 5 64.4947 -1.35024e-12 -0
1e+06 5 100 -8.69838e-13 -0
1e+06 5 155.052 -5.68216e-13 -0
1e+06 5 240.41 -3.71909e-13 -0
1e+06 5 372.759 -2.37482e-13 -0
1e+06 5 577.969 -1.56077e-13 -0
1e+06 5 896.151 -1.07075e-13 -0
1e+06 5 1389.5 -6.9551e-14 -0
1e+06 5 2154.43 -4.3618e-14 -0
1e+06 5 3340.48 -2.86233e-14 -0
1e+06 5 5179.47 -2.09901e-14 -0
1e+06 5 8030.86 -1.65518e-14 -0
1e+06 5 12452 -1.14149e-14 -0
1e+06 5 19307 -7.17217e-15 -0
1e+06 5 29935.8 -4.61055e-15 -0
1e+06 5 46415.9 -3.08253e-15 -0
1e+06 5 71968.6 -2.19715e-15 -0
1e+06 5 111588 -1.37212e-15 -0
1e+06 5 173020 -3.82659e-16 -0
1e+06 5 268270 -9.57184e-17 -0
1e+06 5 415956 6.20562e-17 -0
1e+06 5 644947 1.10059e-16 -0
1e+06 5 1e+06 9.56617e-17 -0

