#q_sq i k_sq Re(w) Im(w)
1e-06 0 1e-06 1.59281 0
1e-06 0 1.55052e-06 1.59281 0
1e-06 0 2.4041e-06 1.59281 0
1e-06 0 3.72759e-06 1.59281 0
1e-06 0 5.77969e-06 1.59281 0
1e-06 0 8.96151e-06 1.59281 0
1e-06 0 1.3895e-05 1.59281 0
1e-06 0 2.15443e-05 1.59281 0
1e-06 0 3.34048e-05 1.59282 0
1e-06 0 5.17947e-05 1.59282 0
1e-06 0 8.03086e-05 1.59282 0
1e-06 0 0.00012452 1.59283 0
1e-06 0 0.00019307 1.59285 0
1e-06 0 0.000299358 1.59287 0
1e-06 0 0.000464159 1.5929 0
1e-06 0 0.000719686 1.59295 0
1e-06 0 0.00111588 1.59303 0
1e-06 0 0.0017302 1.59315 0
1e-06 0 0.0026827 1.59334 0
1e-06 0 0.00415956 1.59362 0
1e-06 0 0.00644947 1.59404 0
1e-06 0 0.01 1.59466 0
1e-06 0 0.0155052 1.59554 0
1e-06 0 0.024041 1.59673 0
1e-06 0 0.0372759 1.59815 0
1e-06 0 0.0577969 1.59945 0
1e-06 0 0.0896151 1.59959 0
1e-06 0 0.13895 1.59623 0
1e-06 0 0.215443 1.58523 0
1e-06 0 0.334048 1.56118 0
1e-06 0 0.517947 1.52044 0
1e-06 0 0.803086 1.46499 0
1e-06 0 1.2452 1.40133 0
1e-06 0 1.9307 1.33417 0
1e-06 0 2.99358 1.26482 0
1e-06 0 4.64159 1.19496 0
1e-06 0 7.19686 1.12972 0
1e-06 0 11.1588 1.07741 0
1e-06 0 17.302 1.04413 0
1e-06 0 26.827 1.02729 0
1e-06 0 41.5956 1.01842 0
1e-06 0 64.4947 1.01204 0
1e-06 0 100 1.00679 0
1e-06 0 155.052 1.00237 0
1e-06 0 240.41 0.998592 0
1e-06 0 372.759 0.995333 0
1e-06 0 577.969 0.99249 0
1e-06 0 896.151 0.989988 0
1e-06 0 1389.5 0.987768 0
1e-06 0 2154.43 0.985783 0
1e-06 0 3340.48 0.983999 0
1e-06 0 5179.47 0.982386 0
1e-06 0 8030.86 0.98092 0
1e-06 0 12452 0.979581 0
1e-06 0 19307 0.978354 0
1e-06 0 29935.8 0.977224 0
1e-06 0 46415.9 0.976182 0
1e-06 0 71968.6 0.975216 0
1e-06 0 111588 0.97432 0
1e-06 0 173020 0.973485 0
1e-06 0 268270 0.972705 0
1e-06 0 415956 0.971975 0
1e-06 0 644947 0.971291 0
1e-06 0 1e+06 0.970649 0

2.43835e-06 0 1e-06 1.59281 0
2.43835e-06 0 1.55052e-06 1.59281 0
2.43835e-06 0 2.4041e-06 1.59281 0
2.43835e-06 0 3.72759e-06 1.59281 0
2.43835e-06 0 5.77969e-06 1.59281 0
2.43835e-06 0 8.96151e-06 1.59281 0
2.43835e-06 0 1.3895e-05 1.59281 0
2.43835e-06 0 2.15443e-05 1.59281 0
2.43835e-06 0 3.34048e-05 1.59282 0
2.43835e-06 0 5.17947e-05 1.59282 0
2.43835e-06 0 8.03086e-05 1.59282 0
2.43835e-06 0 0.00012452 1.59283 0
2.43835e-06 0 0.00019307 1.59285 0
2.43835e-06 0 0.000299358 1.59287 0
2.43835e-06 0 0.000464159 1.5929 0
2.43835e-06 0 0.000719686 1.59295 0
2.43835e-06 0 0.00111588 1.59303 0
2.43835e-06 0 0.0017302 1.59315 0
2.43835e-06 0 0.0026827 1.59334 0
2.43835e-06 0 0.00415956 1.59362 0
2.43835e-06 0 0.00644947 1.59404 0
2.43835e-06 0 0.01 1.59466 0
2.43835e-06 0 0.0155052 1.59554 0
2.43835e-06 0 0.024041 1.59673 0
2.43835e-06 0 0.0372759 1.59815 0
2.43835e-06 0 0.0577969 1.59945 0
2.43835e-06 0 0.0896151 1.59959 0
2.43835e-06 0 0.13895 1.59623 0
2.43835e-06 0 0.215443 1.58523 0
2.43835e-06 0 0.334048 1.56118 0
2.43835e-06 0 0.517947 1.52044 0
2.43835e-06 0 0.803086 1.46499 0
2.43835e-06 0 1.2452 1.40133 0
2.43835e-06 0 1.9307 1.33417 0
2.43835e-06 0 2.99358 1.26482 0
2.43835e-06 0 4.64159 1.19496 0
2.43835e-06 0 7.19686 1.12972 0
2.43835e-06 0 11.1588 1.07741 0
2.43835e-06 0 17.302 1.04413 0
2.43835e-06 0 26.827 1.02729 0
2.43835e-06 0 41.5956 1.01842 0
2.43835e-06 0 64.4947 1.01204 0
2.43835e-06 0 100 1.00679 0
2.43835e-06 0 155.052 1.00237 0
2.43835e-06 0 240.41 0.998592 0
2.43835e-06 0 372.759 0.995333 0
2.43835e-06 0 577.969 0.99249 0
2.43835e-06 0 896.151 0.989988 0
2.43835e-06 0 1389.5 0.987768 0
2.43835e-06 0 2154.43 0.985783 0
2.43835e-06 0 3340.48 0.983999 0
2.43835e-06 0 5179.47 0.982386 0
2.43835e-06 0 8030.86 0.98092 0
2.43835e-06 0 12452 0.979581 0
2.43835e-06 0 19307 0.978354 0
2.43835e-06 0 29935.8 0.977224 0
2.43835e-06 0 46415.9 0.976182 0
2.43835e-06 0 71968.6 0.975216 0
2.43835e-06 0 111588 0.97432 0
2.43835e-06 0 173020 0.973485 0
2.43835e-06 0 268270 0.972705 0
2.43835e-06 0 415956 0.971975 0
2.43835e-06 0 644947 0.971291 0
2.43835e-06 0 1e+06 0.970649 0

5.94557e-06 0 1e-06 1.59281 0
5.94557e-06 0 1.55052e-06 1.59281 0
5.94557e-06 0 2.4041e-06 1.59281 0
5.94557e-06 0 3.72759e-06 1.59281 0
5.94557e-06 0 5.77969e-06 1.59281 0
5.94557e-06 0 8.96151e-06 1.59281 0
5.94557e-06 0 1.3895e-05 1.59281 0
5.94557e-06 0 2.15443e-05 1.59281 0
5.94557e-06 0 3.34048e-05 1.59282 0
5.94557e-06 0 5.17947e-05 1.59282 0
5.94557e-06 0 8.03086e-05 1.59282 0
5.94557e-06 0 0.00012452 1.59283 0
5.94557e-06 0 0.00019307 1.59285 0
5.94557e-06 0 0.000299358 1.59287 0
5.94557e-06 0 0.000464159 1.5929 0
5.94557e-06 0 0.000719686 1.59295 0
5.94557e-06 0 0.00111588 1.59303 0
5.94557e-06 0 0.0017302 1.59315 0
5.94557e-06 0 0.0026827 1.59334 0
5.94557e-06 0 0.00415956 1.59362 0
5.94557e-06 0 0.00644947 1.59404 0
5.94557e-06 0 0.01 1.59466 0
5.94557e-06 0 0.0155052 1.59554 0
5.94557e-06 0 0.024041 1.59673 0
5.94557e-06 0 0.0372759 1.59815 0
5.94557e-06 0 0.0577969 1.59945 0
5.94557e-06 0 0.0896151 1.59959 0
5.94557e-06 0 0.13895 1.59623 0
5.94557e-06 0 0.215443 1.58523 0
5.94557e-06 0 0.334048 1.56118 0
5.94557e-06 0 0.517947 1.52044 0
5.94557e-06 0 0.803086 1.46499 0
5.94557e-06 0 1.2452 1.40133 0
5.94557e-06 0 1.9307 1.33417 0
5.94557e-06 0 2.99358 1.26482 0
5.94557e-06 0 4.64159 1.19496 0
5.94557e-06 0 7.19686 1.12972 0
5.94557e-06 0 11.1588 1.07741 0
5.94557e-06 0 17.302 1.04413 0
5.94557e-06 0 26.827 1.02729 0
5.94557e-06 0 41.5956 1.01842 0
5.94557e-06 0 64.4947 1.01204 0
5.94557e-06 0 100 1.00679 0
5.94557e-06 0 155.052 1.00237 0
5.94557e-06 0 240.41 0.998592 0
5.94557e-06 0 372.759 0.995333 0
5.94557e-06 0 577.969 0.99249 0
5.94557e-06 0 896.151 0.989988 0
5.94557e-06 0 1389.5 0.987768 0
5.94557e-06 0 2154.43 0.985783 0
5.94557e-06 0 3340.48 0.983999 0
5.94557e-06 0 5179.47 0.982386 0
5.94557e-06 0 8030.86 0.98092 0
5.94557e-06 0 12452 0.979581 0
5.94557e-06 0 19307 0.978354 0
5.94557e-06 0 29935.8 0.977224 0
5.94557e-06 0 46415.9 0.976182 0
5.94557e-06 0 71968.6 0.975216 0
5.94557e-06 0 111588 0.97432 0
5.94557e-06 0 173020 0.973485 0
5.94557e-06 0 268270 0.972705 0
5.94557e-06 0 415956 0.971975 0
5.94557e-06 0 644947 0.971291 0
5.94557e-06 0 1e+06 0.970649 0

1.44974e-05 0 1e-06 1.59281 0
1.44974e-05 0 1.55052e-06 1.59281 0
1.44974e-05 0 2.4041e-06 1.59281 0
1.44974e-05 0 3.72759e-06 1.59281 0
1.44974e-05 0 5.77969e-06 1.59281 0
1.44974e-05 0 8.96151e-06 1.59281 0
1.44974e-05 0 1.3895e-05 1.59281 0
1.44974e-05 0 2.15443e-05 1.59281 0
1.44974e-05 0 3.34048e-05 1.59282 0
1.44974e-05 0 5.17947e-05 1.59282 0
1.44974e-05 0 8.03086e-05 1.59283 0
1.44974e-05 0 0.00012452 1.59283 0
1.44974e-05 0 0.00019307 1.59285 0
1.44974e-05 0 0.000299358 1.59287 0
1.44974e-05 0 0.000464159 1.5929 0
1.44974e-05 0 0.000719686 1.59295 0
1.44974e-05 0 0.00111588 1.59303 0
1.44974e-05 0 0.0017302 1.59315 0
1.44974e-05 0 0.0026827 1.59334 0
1.44974e-05 0 0.00415956 1.59362 0
1.44974e-05 0 0.00644947 1.59404 0
1.44974e-05 0 0.01 1.59466 0
1.44974e-05 0 0.0155052 1.59554 0
1.44974e-05 0 0.024041 1.59673 0
1.44974e-05 0 0.0372759 1.59815 0
1.44974e-05 0 0.0577969 1.59945 0
1.44974e-05 0 0.0896151 1.59959 0
1.44974e-05 0 0.13895 1.59623 0
1.44974e-05 0 0.215443 1.58523 0
1.44974e-05 0 0.334048 1.56118 0
1.44974e-05 0 0.517947 1.52044 0
1.44974e-05 0 0.803086 1.46499 0
1.44974e-05 0 1.2452 1.40133 0
1.44974e-05 0 1.9307 1.33417 0
1.44974e-05 0 2.99358 1.26482 0
1.44974e-05 0 4.64159 1.19496 0
1.44974e-05 0 7.19686 1.12972 0
1.44974e-05 0 11.1588 1.07741 0
1.44974e-05 0 17.302 1.04413 0
1.44974e-05 0 26.827 1.02729 0
1.44974e-05 0 41.5956 1.01842 0
1.44974e-05 0 64.4947 1.01204 0
1.44974e-05 0 100 1.00679 0
1.44974e-05 0 155.052 1.00237 0
1.44974e-05 0 240.41 0.998592 0
1.44974e-05 0 372.759 0.995333 0
1.44974e-05 0 577.969 0.99249 0
1.44974e-05 0 896.151 0.989988 0
1.44974e-05 0 1389.5 0.987768 0
1.44974e-05 0 2154.43 0.985783 0
1.44974e-05 0 3340.48 0.983999 0
1.44974e-05 0 5179.47 0.982386 0
1.44974e-05 0 8030.86 0.98092 0
1.44974e-05 0 12452 0.979581 0
1.44974e-05 0 19307 0.978354 0
1.44974e-05 0 29935.8 0.977224 0
1.44974e-05 0 46415.9 0.976182 0
1.44974e-05 0 71968.6 0.975216 0
1.44974e-05 0 111588 0.97432 0
1.44974e-05 0 173020 0.973485 0
1.44974e-05 0 268270 0.972705 0
1.44974e-05 0 415956 0.971975 0
1.44974e-05 0 644947 0.971291 0
1.44974e-05 0 1e+06 0.970649 0

3.53498e-05 0 1e-06 1.59281 0
3.53498e-05 0 1.55052e-06 1.59281 0
3.53498e-05 0 2.4041e-06 1.59281 0
3.53498e-05 0 3.72759e-06 1.59281 0
3.53498e-05 0 5.77969e-06 1.59281 0
3.53498e-05 0 8.96151e-06 1.59281 0
3.53498e-05 0 1.3895e-05 1.59281 0
3.53498e-05 0 2.15443e-05 1.59281 0
3.53498e-05 0 3.34048e-05 1.59282 0
3.53498e-05 0 5.17947e-05 1.59282 0
3.53498e-05 0 8.03086e-05 1.59283 0
3.53498e-05 0 0.00012452 1.59284 0
3.53498e-05 0 0.00019307 1.59285 0
3.53498e-05 0 0.000299358 1.59287 0
3.53498e-05 0 0.000464159 1.5929 0
3.53498e-05 0 0.000719686 1.59295 0
3.53498e-05 0 0.00111588 1.59303 0
3.53498e-05 0 0.0017302 1.59315 0
3.53498e-05 0 0.0026827 1.59334 0
3.53498e-05 0 0.00415956 1.59362 0
3.53498e-05 0 0.00644947 1.59404 0
3.53498e-05 0 0.01 1.59466 0
3.53498e-05 0 0.0155052 1.59554 0
3.53498e-05 0 0.024041 1.59673 0
3.53498e-05 0 0.0372759 1.59815 0
3.53498e-05 0 0.0577969 1.59945 0
3.53498e-05 0 0.0896151 1.59959 0
3.53498e-05 0 0.13895 1.59623 0
3.53498e-05 0 0.215443 1.58523 0
3.53498e-05 0 0.334048 1.56118 0
3.53498e-05 0 0.517947 1.52044 0
3.53498e-05 0 0.803086 1.46499 0
3.53498e-05 0 1.2452 1.40133 0
3.53498e-05 0 1.9307 1.33417 0
3.53498e-05 0 2.99358 1.26482 0
3.53498e-05 0 4.64159 1.19496 0
3.53498e-05 0 7.19686 1.12972 0
3.53498e-05 0 11.1588 1.07741 0
3.53498e-05 0 17.302 1.04413 0
3.53498e-05 0 26.827 1.02729 0
3.53498e-05 0 41.5956 1.01842 0
3.53498e-05 0 64.4947 1.01204 0
3.53498e-05 0 100 1.00679 0
3.53498e-05 0 155.052 1.00237 0
3.53498e-05 0 240.41 0.998592 0
3.53498e-05 0 372.759 0.995333 0
3.53498e-05 0 577.969 0.99249 0
3.53498e-05 0 896.151 0.989988 0
3.53498e-05 0 1389.5 0.987768 0
3.53498e-05 0 2154.43 0.985783 0
3.53498e-05 0 3340.48 0.983999 0
3.53498e-05 0 5179.47 0.982386 0
3.53498e-05 0 8030.86 0.98092 0
3.53498e-05 0 12452 0.979581 0
3.53498e-05 0 19307 0.978354 0
3.53498e-05 0 29935.8 0.977224 0
3.53498e-05 0 46415.9 0.976182 0
3.53498e-05 0 71968.6 0.975216 0
3.53498e-05 0 111588 0.97432 0
3.53498e-05 0 173020 0.973485 0
3.53498e-05 0 268270 0.972705 0
3.53498e-05 0 415956 0.971975 0
3.53498e-05 0 644947 0.971291 0
3.53498e-05 0 1e+06 0.970649 0

8.61954e-05 0 1e-06 1.59281 0
8.61954e-05 0 1.55052e-06 1.59281 0
8.61954e-05 0 2.4041e-06 1.59281 0
8.61954e-05 0 3.72759e-06 1.59281 0
8.61954e-05 0 5.77969e-06 1.59281 0
8.61954e-05 0 8.96151e-06 1.59281 0
8.61954e-05 0 1.3895e-05 1.59282 0
8.61954e-05 0 2.15443e-05 1.59282 0
8.61954e-05 0 3.34048e-05 1.59282 0
8.61954e-05 0 5.17947e-05 1.59282 0
8.61954e-05 0 8.03086e-05 1.59283 0
8.61954e-05 0 0.00012452 1.59284 0
8.61954e-05 0 0.00019307 1.59285 0
8.61954e-05 0 0.000299358 1.59287 0
8.61954e-05 0 0.000464159 1.59291 0
8.61954e-05 0 0.000719686 1.59296 0
8.61954e-05 0 0.00111588 1.59304 0
8.61954e-05 0 0.0017302 1.59316 0
8.61954e-05 0 0.0026827 1.59334 0
8.61954e-05 0 0.00415956 1.59362 0
8.61954e-05 0 0.00644947 1.59404 0
8.61954e-05 0 0.01 1.59466 0
8.61954e-05 0 0.0155052 1.59554 0
8.61954e-05 0 0.024041 1.59673 0
8.61954e-05 0 0.0372759 1.59815 0
8.61954e-05 0 0.0577969 1.59945 0
8.61954e-05 0 0.0896151 1.59959 0
8.61954e-05 0 0.13895 1.59623 0
8.61954e-05 0 0.215443 1.58522 0
8.61954e-05 0 0.334048 1.56118 0
8.61954e-05 0 0.517947 1.52044 0
8.61954e-05 0 0.803086 1.46499 0
8.61954e-05 0 1.2452 1.40133 0
8.61954e-05 0 1.9307 1.33417 0
8.61954e-05 0 2.99358 1.26482 0
8.61954e-05 0 4.64159 1.19496 0
8.61954e-05 0 7.19686 1.12972 0
8.61954e-05 0 11.1588 1.07741 0
8.61954e-05 0 17.302 1.04413 0
8.61954e-05 0 26.827 1.02729 0
8.61954e-05 0 41.5956 1.01842 0
8.61954e-05 0 64.4947 1.01204 0
8.61954e-05 0 100 1.00679 0
8.61954e-05 0 155.052 1.00237 0
8.61954e-05 0 240.41 0.998592 0
8.61954e-05 0 372.759 0.995333 0
8.61954e-05 0 577.969 0.99249 0
8.61954e-05 0 896.151 0.989988 0
8.61954e-05 0 1389.5 0.987768 0
8.61954e-05 0 2154.43 0.985783 0
8.61954e-05 0 3340.48 0.983999 0
8.61954e-05 0 5179.47 0.982386 0
8.61954e-05 0 8030.86 0.98092 0
8.61954e-05 0 12452 0.979581 0
8.61954e-05 0 19307 0.978354 0
8.61954e-05 0 29935.8 0.977224 0
8.61954e-05 0 46415.9 0.976182 0
8.61954e-05 0 71968.6 0.975216 0
8.61954e-05 0 111588 0.97432 0
8.61954e-05 0 173020 0.973485 0
8.61954e-05 0 268270 0.972705 0
8.61954e-05 0 415956 0.971975 0
8.61954e-05 0 644947 0.971291 0
8.61954e-05 0 1e+06 0.970649 0

0.000210175 0 1e-06 1.59282 0
0.000210175 0 1.55052e-06 1.59282 0
0.000210175 0 2.4041e-06 1.59282 0
0.000210175 0 3.72759e-06 1.59282 0
0.000210175 0 5.77969e-06 1.59282 0
0.000210175 0 8.96151e-06 1.59282 0
0.000210175 0 1.3895e-05 1.59282 0
0.000210175 0 2.15443e-05 1.59282 0
0.000210175 0 3.34048e-05 1.59283 0
0.000210175 0 5.17947e-05 1.59283 0
0.000210175 0 8.03086e-05 1.59284 0
0.000210175 0 0.00012452 1.59284 0
0.000210175 0 0.00019307 1.59286 0
0.000210175 0 0.000299358 1.59288 0
0.000210175 0 0.000464159 1.59291 0
0.000210175 0 0.000719686 1.59296 0
0.000210175 0 0.00111588 1.59304 0
0.000210175 0 0.0017302 1.59316 0
0.000210175 0 0.0026827 1.59335 0
0.000210175 0 0.00415956 1.59363 0
0.000210175 0 0.00644947 1.59405 0
0.000210175 0 0.01 1.59467 0
0.000210175 0 0.0155052 1.59555 0
0.000210175 0 0.024041 1.59673 0
0.000210175 0 0.0372759 1.59816 0
0.000210175 0 0.0577969 1.59946 0
0.000210175 0 0.0896151 1.59959 0
0.000210175 0 0.13895 1.59622 0
0.000210175 0 0.215443 1.58522 0
0.000210175 0 0.334048 1.56117 0
0.000210175 0 0.517947 1.52043 0
0.000210175 0 0.803086 1.46498 0
0.000210175 0 1.2452 1.40132 0
0.000210175 0 1.9307 1.33417 0
0.000210175 0 2.99358 1.26482 0
0.000210175 0 4.64159 1.19496 0
0.000210175 0 7.19686 1.12972 0
0.000210175 0 11.1588 1.07741 0
0.000210175 0 17.302 1.04413 0
0.000210175 0 26.827 1.02729 0
0.000210175 0 41.5956 1.01842 0
0.000210175 0 64.4947 1.01204 0
0.000210175 0 100 1.00679 0
0.000210175 0 155.052 1.00237 0
0.000210175 0 240.41 0.998592 0
0.000210175 0 372.759 0.995333 0
0.000210175 0 577.969 0.99249 0
0.000210175 0 896.151 0.989988 0
0.000210175 0 1389.5 0.987768 0
0.000210175 0 2154.43 0.985783 0
0.000210175 0 3340.48 0.983999 0
0.000210175 0 5179.47 0.982386 0
0.000210175 0 8030.86 0.98092 0
0.000210175 0 12452 0.979581 0
0.000210175 0 19307 0.978354 0
0.000210175 0 29935.8 0.977224 0
0.000210175 0 46415.9 0.976182 0
0.000210175 0 71968.6 0.975216 0
0.000210175 0 111588 0.97432 0
0.000210175 0 173020 0.973485 0
0.000210175 0 268270 0.972705 0
0.000210175 0 415956 0.971975 0
0.000210175 0 644947 0.971291 0
0.000210175 0 1e+06 0.970649 0

0.000512481 0 1e-06 1.59283 0
0.000512481 0 1.55052e-06 1.59283 0
0.000512481 0 2.4041e-06 1.59283 0
0.000512481 0 3.72759e-06 1.59284 0
0.000512481 0 5.77969e-06 1.59284 0
0.000512481 0 8.96151e-06 1.59284 0
0.000512481 0 1.3895e-05 1.59284 0
0.000512481 0 2.15443e-05 1.59284 0
0.000512481 0 3.34048e-05 1.59284 0
0.000512481 0 5.17947e-05 1.59284 0
0.000512481 0 8.03086e-05 1.59285 0
0.000512481 0 0.00012452 1.59286 0
0.000512481 0 0.00019307 1.59287 0
0.000512481 0 0.000299358 1.59289 0
0.000512481 0 0.000464159 1.59293 0
0.000512481 0 0.000719686 1.59298 0
0.000512481 0 0.00111588 1.59306 0
0.000512481 0 0.0017302 1.59318 0
0.000512481 0 0.0026827 1.59336 0
0.000512481 0 0.00415956 1.59364 0
0.000512481 0 0.00644947 1.59406 0
0.000512481 0 0.01 1.59468 0
0.000512481 0 0.0155052 1.59556 0
0.000512481 0 0.024041 1.59674 0
0.000512481 0 0.0372759 1.59816 0
0.000512481 0 0.0577969 1.59946 0
0.000512481 0 0.0896151 1.59959 0
0.000512481 0 0.13895 1.59622 0
0.000512481 0 0.215443 1.58521 0
0.000512481 0 0.334048 1.56116 0
0.000512481 0 0.517947 1.52041 0
0.000512481 0 0.803086 1.46497 0
0.000512481 0 1.2452 1.40131 0
0.000512481 0 1.9307 1.33416 0
0.000512481 0 2.99358 1.26482 0
0.000512481 0 4.64159 1.19496 0
0.000512481 0 7.19686 1.12972 0
0.000512481 0 11.1588 1.07741 0
0.000512481 0 17.302 1.04413 0
0.000512481 0 26.827 1.02729 0
0.000512481 0 41.5956 1.01842 0
0.000512481 0 64.4947 1.01204 0
0.000512481 0 100 1.00679 0
0.000512481 0 155.052 1.00237 0
0.000512481 0 240.41 0.998592 0
0.000512481 0 372.759 0.995333 0
0.000512481 0 577.969 0.99249 0
0.000512481 0 896.151 0.989988 0
0.000512481 0 1389.5 0.987768 0
0.000512481 0 2154.43 0.985783 0
0.000512481 0 3340.48 0.983999 0
0.000512481 0 5179.47 0.982386 0
0.000512481 0 8030.86 0.98092 0
0.000512481 0 12452 0.979581 0
0.000512481 0 19307 0.978354 0
0.000512481 0 29935.8 0.977224 0
0.000512481 0 46415.9 0.976182 0
0.000512481 0 71968.6 0.975216 0
0.000512481 0 111588 0.97432 0
0.000512481 0 173020 0.973485 0
0.000512481 0 268270 0.972705 0
0.000512481 0 415956 0.971975 0
0.000512481 0 644947 0.971291 0
0.000512481 0 1e+06 0.970649 0

0.00124961 0 1e-06 1.59287 0
0.00124961 0 1.55052e-06 1.59287 0
0.00124961 0 2.4041e-06 1.59287 0
0.00124961 0 3.72759e-06 1.59287 0
0.00124961 0 5.77969e-06 1.59287 0
0.00124961 0 8.96151e-06 1.59287 0
0.00124961 0 1.3895e-05 1.59287 0
0.00124961 0 2.15443e-05 1.59288 0
0.00124961 0 3.34048e-05 1.59288 0
0.00124961 0 5.17947e-05 1.59288 0
0.00124961 0 8.03086e-05 1.59289 0
0.00124961 0 0.00012452 1.5929 0
0.00124961 0 0.00019307 1.59291 0
0.00124961 0 0.000299358 1.59293 0
0.00124961 0 0.000464159 1.59296 0
0.00124961 0 0.000719686 1.59301 0
0.00124961 0 0.00111588 1.59309 0
0.00124961 0 0.0017302 1.59321 0
0.00124961 0 0.0026827 1.5934 0
0.00124961 0 0.00415956 1.59368 0
0.00124961 0 0.00644947 1.5941 0
0.00124961 0 0.01 1.59471 0
0.00124961 0 0.0155052 1.59559 0
0.00124961 0 0.024041 1.59677 0
0.00124961 0 0.0372759 1.59818 0
0.00124961 0 0.0577969 1.59946 0
0.00124961 0 0.0896151 1.59958 0
0.00124961 0 0.13895 1.5962 0
0.00124961 0 0.215443 1.58517 0
0.00124961 0 0.334048 1.56112 0
0.00124961 0 0.517947 1.52037 0
0.00124961 0 0.803086 1.46494 0
0.00124961 0 1.2452 1.40129 0
0.00124961 0 1.9307 1.33415 0
0.00124961 0 2.99358 1.26481 0
0.00124961 0 4.64159 1.19495 0
0.00124961 0 7.19686 1.12972 0
0.00124961 0 11.1588 1.07741 0
0.00124961 0 17.302 1.04413 0
0.00124961 0 26.827 1.02729 0
0.00124961 0 41.5956 1.01842 0
0.00124961 0 64.4947 1.01204 0
0.00124961 0 100 1.00679 0
0.00124961 0 155.052 1.00237 0
0.00124961 0 240.41 0.998592 0
0.00124961 0 372.759 0.995333 0
0.00124961 0 577.969 0.99249 0
0.00124961 0 896.151 0.989988 0
0.00124961 0 1389.5 0.987768 0
0.00124961 0 2154.43 0.985783 0
0.00124961 0 3340.48 0.983999 0
0.00124961 0 5179.47 0.982386 0
0.00124961 0 8030.86 0.98092 0
0.00124961 0 12452 0.979581 0
0.00124961 0 19307 0.978354 0
0.00124961 0 29935.8 0.977224 0
0.00124961 0 46415.9 0.976182 0
0.00124961 0 71968.6 0.975216 0
0.00124961 0 111588 0.97432 0
0.00124961 0 173020 0.973485 0
0.00124961 0 268270 0.972705 0
0.00124961 0 415956 0.971975 0
0.00124961 0 644947 0.971291 0
0.00124961 0 1e+06 0.970649 0

0.00304699 0 1e-06 1.59296 0
0.00304699 0 1.55052e-06 1.59296 0
0.00304699 0 2.4041e-06 1.59296 0
0.00304699 0 3.72759e-06 1.59296 0
0.00304699 0 5.77969e-06 1.59296 0
0.00304699 0 8.96151e-06 1.59296 0
0.00304699 0 1.3895e-05 1.59296 0
0.00304699 0 2.15443e-05 1.59297 0
0.00304699 0 3.34048e-05 1.59297 0
0.00304699 0 5.17947e-05 1.59297 0
0.00304699 0 8.03086e-05 1.59298 0
0.00304699 0 0.00012452 1.59299 0
0.00304699 0 0.00019307 1.593 0
0.00304699 0 0.000299358 1.59302 0
0.00304699 0 0.000464159 1.59305 0
0.00304699 0 0.000719686 1.5931 0
0.00304699 0 0.00111588 1.59318 0
0.00304699 0 0.0017302 1.5933 0
0.00304699 0 0.0026827 1.59348 0
0.00304699 0 0.00415956 1.59376 0
0.00304699 0 0.00644947 1.59418 0
0.00304699 0 0.01 1.59479 0
0.00304699 0 0.0155052 1.59566 0
0.00304699 0 0.024041 1.59682 0
0.00304699 0 0.0372759 1.59822 0
0.00304699 0 0.0577969 1.59948 0
0.00304699 0 0.0896151 1.59957 0
0.00304699 0 0.13895 1.59615 0
0.00304699 0 0.215443 1.58509 0
0.00304699 0 0.334048 1.56102 0
0.00304699 0 0.517947 1.52028 0
0.00304699 0 0.803086 1.46486 0
0.00304699 0 1.2452 1.40124 0
0.00304699 0 1.9307 1.33411 0
0.00304699 0 2.99358 1.26478 0
0.00304699 0 4.64159 1.19494 0
0.00304699 0 7.19686 1.12971 0
0.00304699 0 11.1588 1.07741 0
0.00304699 0 17.302 1.04413 0
0.00304699 0 26.827 1.02729 0
0.00304699 0 41.5956 1.01842 0
0.00304699 0 64.4947 1.01204 0
0.00304699 0 100 1.00679 0
0.00304699 0 155.052 1.00237 0
0.00304699 0 240.41 0.998592 0
0.00304699 0 372.759 0.995333 0
0.00304699 0 577.969 0.99249 0
0.00304699 0 896.151 0.989988 0
0.00304699 0 1389.5 0.987768 0
0.00304699 0 2154.43 0.985783 0
0.00304699 0 3340.48 0.983999 0
0.00304699 0 5179.47 0.982386 0
0.00304699 0 8030.86 0.98092 0
0.00304699 0 12452 0.979581 0
0.00304699 0 19307 0.978354 0
0.00304699 0 29935.8 0.977224 0
0.00304699 0 46415.9 0.976182 0
0.00304699 0 71968.6 0.975216 0
0.00304699 0 111588 0.97432 0
0.00304699 0 173020 0.973485 0
0.00304699 0 268270 0.972705 0
0.00304699 0 415956 0.971975 0
0.00304699 0 644947 0.971291 0
0.00304699 0 1e+06 0.970649 0

0.00742964 0 1e-06 1.59318 0
0.00742964 0 1.55052e-06 1.59318 0
0.00742964 0 2.4041e-06 1.59318 0
0.00742964 0 3.72759e-06 1.59318 0
0.00742964 0 5.77969e-06 1.59318 0
0.00742964 0 8.96151e-06 1.59318 0
0.00742964 0 1.3895e-05 1.59318 0
0.00742964 0 2.15443e-05 1.59318 0
0.00742964 0 3.34048e-05 1.59318 0
0.00742964 0 5.17947e-05 1.59319 0
0.00742964 0 8.03086e-05 1.59319 0
0.00742964 0 0.00012452 1.5932 0
0.00742964 0 0.00019307 1.59321 0
0.00742964 0 0.000299358 1.59324 0
0.00742964 0 0.000464159 1.59327 0
0.00742964 0 0.000719686 1.59332 0
0.00742964 0 0.00111588 1.59339 0
0.00742964 0 0.0017302 1.59351 0
0.00742964 0 0.0026827 1.59369 0
0.00742964 0 0.00415956 1.59396 0
0.00742964 0 0.00644947 1.59437 0
0.00742964 0 0.01 1.59497 0
0.00742964 0 0.0155052 1.59582 0
0.00742964 0 0.024041 1.59695 0
0.00742964 0 0.0372759 1.59831 0
0.00742964 0 0.0577969 1.59952 0
0.00742964 0 0.0896151 1.59953 0
0.00742964 0 0.13895 1.59603 0
0.00742964 0 0.215443 1.5849 0
0.00742964 0 0.334048 1.56077 0
0.00742964 0 0.517947 1.52004 0
0.00742964 0 0.803086 1.46467 0
0.00742964 0 1.2452 1.40111 0
0.00742964 0 1.9307 1.33403 0
0.00742964 0 2.99358 1.26473 0
0.00742964 0 4.64159 1.1949 0
0.00742964 0 7.19686 1.12969 0
0.00742964 0 11.1588 1.0774 0
0.00742964 0 17.302 1.04413 0
0.00742964 0 26.827 1.02729 0
0.00742964 0 41.5956 1.01842 0
0.00742964 0 64.4947 1.01204 0
0.00742964 0 100 1.00679 0
0.00742964 0 155.052 1.00237 0
0.00742964 0 240.41 0.998592 0
0.00742964 0 372.759 0.995333 0
0.00742964 0 577.969 0.99249 0
0.00742964 0 896.151 0.989988 0
0.00742964 0 1389.5 0.987768 0
0.00742964 0 2154.43 0.985783 0
0.00742964 0 3340.48 0.983999 0
0.00742964 0 5179.47 0.982386 0
0.00742964 0 8030.86 0.98092 0
0.00742964 0 12452 0.979581 0
0.00742964 0 19307 0.978354 0
0.00742964 0 29935.8 0.977224 0
0.00742964 0 46415.9 0.976182 0
0.00742964 0 71968.6 0.975216 0
0.00742964 0 111588 0.97432 0
0.00742964 0 173020 0.973485 0
0.00742964 0 268270 0.972705 0
0.00742964 0 415956 0.971975 0
0.00742964 0 644947 0.971291 0
0.00742964 0 1e+06 0.970649 0

0.0181161 0 1e-06 1.59369 0
0.0181161 0 1.55052e-06 1.59369 0
0.0181161 0 2.4041e-06 1.59369 0
0.0181161 0 3.72759e-06 1.59369 0
0.0181161 0 5.77969e-06 1.59369 0
0.0181161 0 8.96151e-06 1.59369 0
0.0181161 0 1.3895e-05 1.59369 0
0.0181161 0 2.15443e-05 1.59369 0
0.0181161 0 3.34048e-05 1.59369 0
0.0181161 0 5.17947e-05 1.5937 0
0.0181161 0 8.03086e-05 1.5937 0
0.0181161 0 0.00012452 1.59371 0
0.0181161 0 0.00019307 1.59372 0
0.0181161 0 0.000299358 1.59374 0
0.0181161 0 0.000464159 1.59377 0
0.0181161 0 0.000719686 1.59382 0
0.0181161 0 0.00111588 1.59389 0
0.0181161 0 0.0017302 1.594 0
0.0181161 0 0.0026827 1.59418 0
0.0181161 0 0.00415956 1.59443 0
0.0181161 0 0.00644947 1.59482 0
0.0181161 0 0.01 1.59539 0
0.0181161 0 0.0155052 1.59619 0
0.0181161 0 0.024041 1.59726 0
0.0181161 0 0.0372759 1.59852 0
0.0181161 0 0.0577969 1.59959 0
0.0181161 0 0.0896151 1.59943 0
0.0181161 0 0.13895 1.59573 0
0.0181161 0 0.215443 1.58441 0
0.0181161 0 0.334048 1.56018 0
0.0181161 0 0.517947 1.51947 0
0.0181161 0 0.803086 1.46422 0
0.0181161 0 1.2452 1.40079 0
0.0181161 0 1.9307 1.33381 0
0.0181161 0 2.99358 1.26459 0
0.0181161 0 4.64159 1.19481 0
0.0181161 0 7.19686 1.12964 0
0.0181161 0 11.1588 1.07738 0
0.0181161 0 17.302 1.04412 0
0.0181161 0 26.827 1.02729 0
0.0181161 0 41.5956 1.01842 0
0.0181161 0 64.4947 1.01204 0
0.0181161 0 100 1.00679 0
0.0181161 0 155.052 1.00237 0
0.0181161 0 240.41 0.998592 0
0.0181161 0 372.759 0.995333 0
0.0181161 0 577.969 0.99249 0
0.0181161 0 896.151 0.989988 0
0.0181161 0 1389.5 0.987768 0
0.0181161 0 2154.43 0.985783 0
0.0181161 0 3340.48 0.983999 0
0.0181161 0 5179.47 0.982386 0
0.0181161 0 8030.86 0.98092 0
0.0181161 0 12452 0.979581 0
0.0181161 0 19307 0.978354 0
0.0181161 0 29935.8 0.977224 0
0.0181161 0 46415.9 0.976182 0
0.0181161 0 71968.6 0.975216 0
0.0181161 0 111588 0.97432 0
0.0181161 0 173020 0.973485 0
0.0181161 0 268270 0.972705 0
0.0181161 0 415956 0.971975 0
0.0181161 0 644947 0.971291 0
0.0181161 0 1e+06 0.970649 0

0.0441734 0 1e-06 1.59483 0
0.0441734 0 1.55052e-06 1.59483 0
0.0441734 0 2.4041e-06 1.59483 0
0.0441734 0 3.72759e-06 1.59483 0
0.0441734 0 5.77969e-06 1.59483 0
0.0441734 0 8.96151e-06 1.59484 0
0.0441734 0 1.3895e-05 1.59484 0
0.0441734 0 2.15443e-05 1.59484 0
0.0441734 0 3.34048e-05 1.59484 0
0.0441734 0 5.17947e-05 1.59484 0
0.0441734 0 8.03086e-05 1.59485 0
0.0441734 0 0.00012452 1.59485 0
0.0441734 0 0.00019307 1.59487 0
0.0441734 0 0.000299358 1.59488 0
0.0441734 0 0.000464159 1.59491 0
0.0441734 0 0.000719686 1.59495 0
0.0441734 0 0.00111588 1.59502 0
0.0441734 0 0.0017302 1.59511 0
0.0441734 0 0.0026827 1.59527 0
0.0441734 0 0.00415956 1.59549 0
0.0441734 0 0.00644947 1.59583 0
0.0441734 0 0.01 1.59633 0
0.0441734 0 0.0155052 1.59703 0
0.0441734 0 0.024041 1.59794 0
0.0441734 0 0.0372759 1.59896 0
0.0441734 0 0.0577969 1.59972 0
0.0441734 0 0.0896151 1.59914 0
0.0441734 0 0.13895 1.59497 0
0.0441734 0 0.215443 1.58322 0
0.0441734 0 0.334048 1.55874 0
0.0441734 0 0.517947 1.51808 0
0.0441734 0 0.803086 1.46312 0
0.0441734 0 1.2452 1.40003 0
0.0441734 0 1.9307 1.3333 0
0.0441734 0 2.99358 1.26425 0
0.0441734 0 4.64159 1.1946 0
0.0441734 0 7.19686 1.12952 0
0.0441734 0 11.1588 1.07732 0
0.0441734 0 17.302 1.0441 0
0.0441734 0 26.827 1.02728 0
0.0441734 0 41.5956 1.01841 0
0.0441734 0 64.4947 1.01204 0
0.0441734 0 100 1.00679 0
0.0441734 0 155.052 1.00237 0
0.0441734 0 240.41 0.998592 0
0.0441734 0 372.759 0.995333 0
0.0441734 0 577.969 0.99249 0
0.0441734 0 896.151 0.989988 0
0.0441734 0 1389.5 0.987768 0
0.0441734 0 2154.43 0.985783 0
0.0441734 0 3340.48 0.983999 0
0.0441734 0 5179.47 0.982386 0
0.0441734 0 8030.86 0.98092 0
0.0441734 0 12452 0.979581 0
0.0441734 0 19307 0.978354 0
0.0441734 0 29935.8 0.977224 0
0.0441734 0 46415.9 0.976182 0
0.0441734 0 71968.6 0.975216 0
0.0441734 0 111588 0.97432 0
0.0441734 0 173020 0.973485 0
0.0441734 0 268270 0.972705 0
0.0441734 0 415956 0.971975 0
0.0441734 0 644947 0.971291 0
0.0441734 0 1e+06 0.970649 0

0.107711 0 1e-06 1.59708 0
0.107711 0 1.55052e-06 1.59708 0
0.107711 0 2.4041e-06 1.59708 0
0.107711 0 3.72759e-06 1.59708 0
0.107711 0 5.77969e-06 1.59708 0
0.107711 0 8.96151e-06 1.59708 0
0.107711 0 1.3895e-05 1.59708 0
0.107711 0 2.15443e-05 1.59708 0
0.107711 0 3.34048e-05 1.59708 0
0.107711 0 5.17947e-05 1.59709 0
0.107711 0 8.03086e-05 1.59709 0
0.107711 0 0.00012452 1.59709 0
0.107711 0 0.00019307 1.5971 0
0.107711 0 0.000299358 1.59711 0
0.107711 0 0.000464159 1.59713 0
0.107711 0 0.000719686 1.59716 0
0.107711 0 0.00111588 1.59721 0
0.107711 0 0.0017302 1.59728 0
0.107711 0 0.0026827 1.59738 0
0.107711 0 0.00415956 1.59754 0
0.107711 0 0.00644947 1.59777 0
0.107711 0 0.01 1.59811 0
0.107711 0 0.0155052 1.59856 0
0.107711 0 0.024041 1.59911 0
0.107711 0 0.0372759 1.59961 0
0.107711 0 0.0577969 1.59965 0
0.107711 0 0.0896151 1.59815 0
0.107711 0 0.13895 1.59293 0
0.107711 0 0.215443 1.58022 0
0.107711 0 0.334048 1.55522 0
0.107711 0 0.517947 1.51472 0
0.107711 0 0.803086 1.46046 0
0.107711 0 1.2452 1.39817 0
0.107711 0 1.9307 1.33205 0
0.107711 0 2.99358 1.26342 0
0.107711 0 4.64159 1.19408 0
0.107711 0 7.19686 1.12922 0
0.107711 0 11.1588 1.07719 0
0.107711 0 17.302 1.04405 0
0.107711 0 26.827 1.02727 0
0.107711 0 41.5956 1.01841 0
0.107711 0 64.4947 1.01204 0
0.107711 0 100 1.00679 0
0.107711 0 155.052 1.00237 0
0.107711 0 240.41 0.998591 0
0.107711 0 372.759 0.995333 0
0.107711 0 577.969 0.99249 0
0.107711 0 896.151 0.989988 0
0.107711 0 1389.5 0.987767 0
0.107711 0 2154.43 0.985783 0
0.107711 0 3340.48 0.983999 0
0.107711 0 5179.47 0.982386 0
0.107711 0 8030.86 0.98092 0
0.107711 0 12452 0.979581 0
0.107711 0 19307 0.978354 0
0.107711 0 29935.8 0.977224 0
0.107711 0 46415.9 0.976182 0
0.107711 0 71968.6 0.975216 0
0.107711 0 111588 0.97432 0
0.107711 0 173020 0.973485 0
0.107711 0 268270 0.972705 0
0.107711 0 415956 0.971975 0
0.107711 0 644947 0.971291 0
0.107711 0 1e+06 0.970649 0

0.262636 0 1e-06 1.59969 0
0.262636 0 1.55052e-06 1.59969 0
0.262636 0 2.4041e-06 1.59969 0
0.262636 0 3.72759e-06 1.59969 0
0.262636 0 5.77969e-06 1.59969 0
0.262636 0 8.96151e-06 1.59969 0
0.262636 0 1.3895e-05 1.59969 0
0.262636 0 2.15443e-05 1.59969 0
0.262636 0 3.34048e-05 1.59969 0
0.262636 0 5.17947e-05 1.59969 0
0.262636 0 8.03086e-05 1.59969 0
0.262636 0 0.00012452 1.59969 0
0.262636 0 0.00019307 1.59969 0
0.262636 0 0.000299358 1.59969 0
0.262636 0 0.000464159 1.59969 0
0.262636 0 0.000719686 1.5997 0
0.262636 0 0.00111588 1.59971 0
0.262636 0 0.0017302 1.59971 0
0.262636 0 0.0026827 1.59973 0
0.262636 0 0.00415956 1.59974 0
0.262636 0 0.00644947 1.59976 0
0.262636 0 0.01 1.59976 0
0.262636 0 0.0155052 1.59972 0
0.262636 0 0.024041 1.59953 0
0.262636 0 0.0372759 1.59899 0
0.262636 0 0.0577969 1.59758 0
0.262636 0 0.0896151 1.59425 0
0.262636 0 0.13895 1.58697 0
0.262636 0 0.215443 1.57244 0
0.262636 0 0.334048 1.54657 0
0.262636 0 0.517947 1.50666 0
0.262636 0 0.803086 1.45413 0
0.262636 0 1.2452 1.39371 0
0.262636 0 1.9307 1.32904 0
0.262636 0 2.99358 1.26141 0
0.262636 0 4.64159 1.19281 0
0.262636 0 7.19686 1.12851 0
0.262636 0 11.1588 1.07686 0
0.262636 0 17.302 1.04394 0
0.262636 0 26.827 1.02723 0
0.262636 0 41.5956 1.01839 0
0.262636 0 64.4947 1.01203 0
0.262636 0 100 1.00678 0
0.262636 0 155.052 1.00236 0
0.262636 0 240.41 0.99859 0
0.262636 0 372.759 0.995332 0
0.262636 0 577.969 0.992489 0
0.262636 0 896.151 0.989987 0
0.262636 0 1389.5 0.987767 0
0.262636 0 2154.43 0.985783 0
0.262636 0 3340.48 0.983999 0
0.262636 0 5179.47 0.982386 0
0.262636 0 8030.86 0.98092 0
0.262636 0 12452 0.979581 0
0.262636 0 19307 0.978354 0
0.262636 0 29935.8 0.977224 0
0.262636 0 46415.9 0.976182 0
0.262636 0 71968.6 0.975216 0
0.262636 0 111588 0.97432 0
0.262636 0 173020 0.973485 0
0.262636 0 268270 0.972705 0
0.262636 0 415956 0.971975 0
0.262636 0 644947 0.971291 0
0.262636 0 1e+06 0.970649 0

0.6404 0 1e-06 1.59376 0
0.6404 0 1.55052e-06 1.59376 0
0.6404 0 2.4041e-06 1.59376 0
0.6404 0 3.72759e-06 1.59376 0
0.6404 0 5.77969e-06 1.59376 0
0.6404 0 8.96151e-06 1.59376 0
0.6404 0 1.3895e-05 1.59376 0
0.6404 0 2.15443e-05 1.59376 0
0.6404 0 3.34048e-05 1.59376 0
0.6404 0 5.17947e-05 1.59376 0
0.6404 0 8.03086e-05 1.59375 0
0.6404 0 0.00012452 1.59375 0
0.6404 0 0.00019307 1.59374 0
0.6404 0 0.000299358 1.59372 0
0.6404 0 0.000464159 1.5937 0
0.6404 0 0.000719686 1.59367 0
0.6404 0 0.00111588 1.59362 0
0.6404 0 0.0017302 1.59353 0
0.6404 0 0.0026827 1.59341 0
0.6404 0 0.00415956 1.59321 0
0.6404 0 0.00644947 1.59289 0
0.6404 0 0.01 1.5924 0
0.6404 0 0.0155052 1.5916 0
0.6404 0 0.024041 1.59032 0
0.6404 0 0.0372759 1.58821 0
0.6404 0 0.0577969 1.58469 0
0.6404 0 0.0896151 1.57873 0
0.6404 0 0.13895 1.56865 0
0.6404 0 0.215443 1.55195 0
0.6404 0 0.334048 1.52571 0
0.6404 0 0.517947 1.48798 0
0.6404 0 0.803086 1.43952 0
0.6404 0 1.2452 1.38332 0
0.6404 0 1.9307 1.32191 0
0.6404 0 2.99358 1.25663 0
0.6404 0 4.64159 1.18977 0
0.6404 0 7.19686 1.1268 0
0.6404 0 11.1588 1.07607 0
0.6404 0 17.302 1.04366 0
0.6404 0 26.827 1.02714 0
0.6404 0 41.5956 1.01836 0
0.6404 0 64.4947 1.01201 0
0.6404 0 100 1.00677 0
0.6404 0 155.052 1.00236 0
0.6404 0 240.41 0.998587 0
0.6404 0 372.759 0.99533 0
0.6404 0 577.969 0.992489 0
0.6404 0 896.151 0.989987 0
0.6404 0 1389.5 0.987767 0
0.6404 0 2154.43 0.985783 0
0.6404 0 3340.48 0.983999 0
0.6404 0 5179.47 0.982386 0
0.6404 0 8030.86 0.980919 0
0.6404 0 12452 0.979581 0
0.6404 0 19307 0.978354 0
0.6404 0 29935.8 0.977224 0
0.6404 0 46415.9 0.976182 0
0.6404 0 71968.6 0.975216 0
0.6404 0 111588 0.97432 0
0.6404 0 173020 0.973485 0
0.6404 0 268270 0.972705 0
0.6404 0 415956 0.971975 0
0.6404 0 644947 0.971291 0
0.6404 0 1e+06 0.970649 0

1.56152 0 1e-06 1.54866 0
1.56152 0 1.55052e-06 1.54866 0
1.56152 0 2.4041e-06 1.54866 0
1.56152 0 3.72759e-06 1.54866 0
1.56152 0 5.77969e-06 1.54866 0
1.56152 0 8.96151e-06 1.54866 0
1.56152 0 1.3895e-05 1.54866 0
1.56152 0 2.15443e-05 1.54866 0
1.56152 0 3.34048e-05 1.54865 0
1.56152 0 5.17947e-05 1.54865 0
1.56152 0 8.03086e-05 1.54864 0
1.56152 0 0.00012452 1.54863 0
1.56152 0 0.00019307 1.54862 0
1.56152 0 0.000299358 1.5486 0
1.56152 0 0.000464159 1.54856 0
1.56152 0 0.000719686 1.5485 0
1.56152 0 0.00111588 1.54841 0
1.56152 0 0.0017302 1.54827 0
1.56152 0 0.0026827 1.54806 0
1.56152 0 0.00415956 1.54773 0
1.56152 0 0.00644947 1.54722 0
1.56152 0 0.01 1.54642 0
1.56152 0 0.0155052 1.54519 0
1.56152 0 0.024041 1.54328 0
1.56152 0 0.0372759 1.54033 0
1.56152 0 0.0577969 1.53577 0
1.56152 0 0.0896151 1.52877 0
1.56152 0 0.13895 1.51812 0
1.56152 0 0.215443 1.50225 0
1.56152 0 0.334048 1.47939 0
1.56152 0 0.517947 1.44815 0
1.56152 0 0.803086 1.40821 0
1.56152 0 1.2452 1.36033 0
1.56152 0 1.9307 1.30565 0
1.56152 0 2.99358 1.24551 0
1.56152 0 4.64159 1.18262 0
1.56152 0 7.19686 1.12275 0
1.56152 0 11.1588 1.0742 0
1.56152 0 17.302 1.043 0
1.56152 0 26.827 1.02693 0
1.56152 0 41.5956 1.01827 0
1.56152 0 64.4947 1.01196 0
1.56152 0 100 1.00675 0
1.56152 0 155.052 1.00234 0
1.56152 0 240.41 0.99858 0
1.56152 0 372.759 0.995326 0
1.56152 0 577.969 0.992486 0
1.56152 0 896.151 0.989986 0
1.56152 0 1389.5 0.987766 0
1.56152 0 2154.43 0.985783 0
1.56152 0 3340.48 0.983999 0
1.56152 0 5179.47 0.982386 0
1.56152 0 8030.86 0.980919 0
1.56152 0 12452 0.979581 0
1.56152 0 19307 0.978354 0
1.56152 0 29935.8 0.977224 0
1.56152 0 46415.9 0.976182 0
1.56152 0 71968.6 0.975216 0
1.56152 0 111588 0.97432 0
1.56152 0 173020 0.973485 0
1.56152 0 268270 0.972705 0
1.56152 0 415956 0.971975 0
1.56152 0 644947 0.971291 0
1.56152 0 1e+06 0.970649 0

3.80755 0 1e-06 1.44093 0
3.80755 0 1.55052e-06 1.44093 0
3.80755 0 2.4041e-06 1.44093 0
3.80755 0 3.72759e-06 1.44093 0
3.80755 0 5.77969e-06 1.44093 0
3.80755 0 8.96151e-06 1.44093 0
3.80755 0 1.3895e-05 1.44093 0
3.80755 0 2.15443e-05 1.44093 0
3.80755 0 3.34048e-05 1.44093 0
3.80755 0 5.17947e-05 1.44093 0
3.80755 0 8.03086e-05 1.44092 0
3.80755 0 0.00012452 1.44092 0
3.80755 0 0.00019307 1.44091 0
3.80755 0 0.000299358 1.44089 0
3.80755 0 0.000464159 1.44087 0
3.80755 0 0.000719686 1.44083 0
3.80755 0 0.00111588 1.44077 0
3.80755 0 0.0017302 1.44068 0
3.80755 0 0.0026827 1.44053 0
3.80755 0 0.00415956 1.44031 0
3.80755 0 0.00644947 1.43997 0
3.80755 0 0.01 1.43945 0
3.80755 0 0.0155052 1.43863 0
3.80755 0 0.024041 1.43738 0
3.80755 0 0.0372759 1.43545 0
3.80755 0 0.0577969 1.4325 0
3.80755 0 0.0896151 1.42802 0
3.80755 0 0.13895 1.42129 0
3.80755 0 0.215443 1.41134 0
3.80755 0 0.334048 1.39696 0
3.80755 0 0.517947 1.37681 0
3.80755 0 0.803086 1.34964 0
3.80755 0 1.2452 1.31459 0
3.80755 0 1.9307 1.27148 0
3.80755 0 2.99358 1.22123 0
3.80755 0 4.64159 1.16669 0
3.80755 0 7.19686 1.11361 0
3.80755 0 11.1588 1.06995 0
3.80755 0 17.302 1.04147 0
3.80755 0 26.827 1.02644 0
3.80755 0 41.5956 1.01806 0
3.80755 0 64.4947 1.01186 0
3.80755 0 100 1.00669 0
3.80755 0 155.052 1.00231 0
3.80755 0 240.41 0.998562 0
3.80755 0 372.759 0.995316 0
3.80755 0 577.969 0.99248 0
3.80755 0 896.151 0.989982 0
3.80755 0 1389.5 0.987764 0
3.80755 0 2154.43 0.985782 0
3.80755 0 3340.48 0.983998 0
3.80755 0 5179.47 0.982385 0
3.80755 0 8030.86 0.980919 0
3.80755 0 12452 0.979581 0
3.80755 0 19307 0.978353 0
3.80755 0 29935.8 0.977224 0
3.80755 0 46415.9 0.976182 0
3.80755 0 71968.6 0.975216 0
3.80755 0 111588 0.97432 0
3.80755 0 173020 0.973485 0
3.80755 0 268270 0.972705 0
3.80755 0 415956 0.971975 0
3.80755 0 644947 0.971291 0
3.80755 0 1e+06 0.970649 0

9.28415 0 1e-06 1.30528 0
9.28415 0 1.55052e-06 1.30528 0
9.28415 0 2.4041e-06 1.30528 0
9.28415 0 3.72759e-06 1.30528 0
9.28415 0 5.77969e-06 1.30528 0
9.28415 0 8.96151e-06 1.30528 0
9.28415 0 1.3895e-05 1.30528 0
9.28415 0 2.15443e-05 1.30528 0
9.28415 0 3.34048e-05 1.30528 0
9.28415 0 5.17947e-05 1.30528 0
9.28415 0 8.03086e-05 1.30528 0
9.28415 0 0.00012452 1.30527 0
9.28415 0 0.00019307 1.30527 0
9.28415 0 0.000299358 1.30526 0
9.28415 0 0.000464159 1.30525 0
9.28415 0 0.000719686 1.30523 0
9.28415 0 0.00111588 1.30521 0
9.28415 0 0.0017302 1.30517 0
9.28415 0 0.0026827 1.3051 0
9.28415 0 0.00415956 1.305 0
9.28415 0 0.00644947 1.30485 0
9.28415 0 0.01 1.30462 0
9.28415 0 0.0155052 1.30425 0
9.28415 0 0.024041 1.30368 0
9.28415 0 0.0372759 1.30281 0
9.28415 0 0.0577969 1.30146 0
9.28415 0 0.0896151 1.29939 0
9.28415 0 0.13895 1.29623 0
9.28415 0 0.215443 1.29144 0
9.28415 0 0.334048 1.28427 0
9.28415 0 0.517947 1.27371 0
9.28415 0 0.803086 1.25854 0
9.28415 0 1.2452 1.23749 0
9.28415 0 1.9307 1.20957 0
9.28415 0 2.99358 1.17482 0
9.28415 0 4.64159 1.13512 0
9.28415 0 7.19686 1.09506 0
9.28415 0 11.1588 1.06113 0
9.28415 0 17.302 1.03819 0
9.28415 0 26.827 1.02532 0
9.28415 0 41.5956 1.01757 0
9.28415 0 64.4947 1.01159 0
9.28415 0 100 1.00655 0
9.28415 0 155.052 1.00223 0
9.28415 0 240.41 0.998518 0
9.28415 0 372.759 0.995291 0
9.28415 0 577.969 0.992466 0
9.28415 0 896.151 0.989974 0
9.28415 0 1389.5 0.98776 0
9.28415 0 2154.43 0.985779 0
9.28415 0 3340.48 0.983997 0
9.28415 0 5179.47 0.982384 0
9.28415 0 8030.86 0.980919 0
9.28415 0 12452 0.97958 0
9.28415 0 19307 0.978353 0
9.28415 0 29935.8 0.977224 0
9.28415 0 46415.9 0.976182 0
9.28415 0 71968.6 0.975216 0
9.28415 0 111588 0.97432 0
9.28415 0 173020 0.973485 0
9.28415 0 268270 0.972705 0
9.28415 0 415956 0.971975 0
9.28415 0 644947 0.971291 0
9.28415 0 1e+06 0.970649 0

22.638 0 1e-06 1.16444 0
22.638 0 1.55052e-06 1.16444 0
22.638 0 2.4041e-06 1.16444 0
22.638 0 3.72759e-06 1.16444 0
22.638 0 5.77969e-06 1.16444 0
22.638 0 8.96151e-06 1.16444 0
22.638 0 1.3895e-05 1.16444 0
22.638 0 2.15443e-05 1.16444 0
22.638 0 3.34048e-05 1.16444 0
22.638 0 5.17947e-05 1.16444 0
22.638 0 8.03086e-05 1.16443 0
22.638 0 0.00012452 1.16443 0
22.638 0 0.00019307 1.16443 0
22.638 0 0.000299358 1.16443 0
22.638 0 0.000464159 1.16442 0
22.638 0 0.000719686 1.16442 0
22.638 0 0.00111588 1.16441 0
22.638 0 0.0017302 1.16439 0
22.638 0 0.0026827 1.16437 0
22.638 0 0.00415956 1.16433 0
22.638 0 0.00644947 1.16427 0
22.638 0 0.01 1.16418 0
22.638 0 0.0155052 1.16403 0
22.638 0 0.024041 1.16381 0
22.638 0 0.0372759 1.16347 0
22.638 0 0.0577969 1.16294 0
22.638 0 0.0896151 1.16213 0
22.638 0 0.13895 1.16088 0
22.638 0 0.215443 1.15897 0
22.638 0 0.334048 1.15606 0
22.638 0 0.517947 1.1517 0
22.638 0 0.803086 1.14527 0
22.638 0 1.2452 1.13601 0
22.638 0 1.9307 1.12322 0
22.638 0 2.99358 1.10654 0
22.638 0 4.64159 1.08655 0
22.638 0 7.19686 1.06535 0
22.638 0 11.1588 1.04631 0
22.638 0 17.302 1.03221 0
22.638 0 26.827 1.02301 0
22.638 0 41.5956 1.01646 0
22.638 0 64.4947 1.01098 0
22.638 0 100 1.00621 0
22.638 0 155.052 1.00204 0
22.638 0 240.41 0.998412 0
22.638 0 372.759 0.995231 0
22.638 0 577.969 0.992432 0
22.638 0 896.151 0.989955 0
22.638 0 1389.5 0.987749 0
22.638 0 2154.43 0.985772 0
22.638 0 3340.48 0.983993 0
22.638 0 5179.47 0.982382 0
22.638 0 8030.86 0.980917 0
22.638 0 12452 0.97958 0
22.638 0 19307 0.978353 0
22.638 0 29935.8 0.977224 0
22.638 0 46415.9 0.976182 0
22.638 0 71968.6 0.975216 0
22.638 0 111588 0.97432 0
22.638 0 173020 0.973484 0
22.638 0 268270 0.972705 0
22.638 0 415956 0.971975 0
22.638 0 644947 0.971291 0
22.638 0 1e+06 0.970649 0

55.1995 0 1e-06 1.05884 0
55.1995 0 1.55052e-06 1.05884 0
55.1995 0 2.4041e-06 1.05884 0
55.1995 0 3.72759e-06 1.05884 0
55.1995 0 5.77969e-06 1.05884 0
55.1995 0 8.96151e-06 1.05884 0
55.1995 0 1.3895e-05 1.05884 0
55.1995 0 2.15443e-05 1.05884 0
55.1995 0 3.34048e-05 1.05884 0
55.1995 0 5.17947e-05 1.05884 0
55.1995 0 8.03086e-05 1.05884 0
55.1995 0 0.00012452 1.05884 0
55.1995 0 0.00019307 1.05884 0
55.1995 0 0.000299358 1.05884 0
55.1995 0 0.000464159 1.05884 0
55.1995 0 0.000719686 1.05884 0
55.1995 0 0.00111588 1.05884 0
55.1995 0 0.0017302 1.05883 0
55.1995 0 0.0026827 1.05883 0
55.1995 0 0.00415956 1.05882 0
55.1995 0 0.00644947 1.05881 0
55.1995 0 0.01 1.05879 0
55.1995 0 0.0155052 1.05876 0
55.1995 0 0.024041 1.05872 0
55.1995 0 0.0372759 1.05865 0
55.1995 0 0.0577969 1.05854 0
55.1995 0 0.0896151 1.05837 0
55.1995 0 0.13895 1.05812 0
55.1995 0 0.215443 1.05772 0
55.1995 0 0.334048 1.05712 0
55.1995 0 0.517947 1.05621 0
55.1995 0 0.803086 1.05485 0
55.1995 0 1.2452 1.05286 0
55.1995 0 1.9307 1.05003 0
55.1995 0 2.99358 1.04619 0
55.1995 0 4.64159 1.04129 0
55.1995 0 7.19686 1.03559 0
55.1995 0 11.1588 1.02963 0
55.1995 0 17.302 1.02402 0
55.1995 0 26.827 1.01892 0
55.1995 0 41.5956 1.01417 0
55.1995 0 64.4947 1.00965 0
55.1995 0 100 1.00544 0
55.1995 0 155.052 1.0016 0
55.1995 0 240.41 0.998161 0
55.1995 0 372.759 0.995088 0
55.1995 0 577.969 0.992351 0
55.1995 0 896.151 0.989908 0
55.1995 0 1389.5 0.987721 0
55.1995 0 2154.43 0.985757 0
55.1995 0 3340.48 0.983984 0
55.1995 0 5179.47 0.982377 0
55.1995 0 8030.86 0.980914 0
55.1995 0 12452 0.979578 0
55.1995 0 19307 0.978352 0
55.1995 0 29935.8 0.977223 0
55.1995 0 46415.9 0.976181 0
55.1995 0 71968.6 0.975216 0
55.1995 0 111588 0.974319 0
55.1995 0 173020 0.973484 0
55.1995 0 268270 0.972705 0
55.1995 0 415956 0.971975 0
55.1995 0 644947 0.971291 0
55.1995 0 1e+06 0.970649 0

134.596 0 1e-06 1.02219 0
134.596 0 1.55052e-06 1.02219 0
134.596 0 2.4041e-06 1.02219 0
134.596 0 3.72759e-06 1.02219 0
134.596 0 5.77969e-06 1.02219 0
134.596 0 8.96151e-06 1.02219 0
134.596 0 1.3895e-05 1.02219 0
134.596 0 2.15443e-05 1.02219 0
134.596 0 3.34048e-05 1.02219 0
134.596 0 5.17947e-05 1.02219 0
134.596 0 8.03086e-05 1.02219 0
134.596 0 0.00012452 1.02219 0
134.596 0 0.00019307 1.02219 0
134.596 0 0.000299358 1.02219 0
134.596 0 0.000464159 1.02219 0
134.596 0 0.000719686 1.02219 0
134.596 0 0.00111588 1.02219 0
134.596 0 0.0017302 1.02219 0
134.596 0 0.0026827 1.02219 0
134.596 0 0.00415956 1.02219 0
134.596 0 0.00644947 1.02219 0
134.596 0 0.01 1.02219 0
134.596 0 0.0155052 1.02218 0
134.596 0 0.024041 1.02218 0
134.596 0 0.0372759 1.02217 0
134.596 0 0.0577969 1.02216 0
134.596 0 0.0896151 1.02214 0
134.596 0 0.13895 1.02211 0
134.596 0 0.215443 1.02207 0
134.596 0 0.334048 1.02201 0
134.596 0 0.517947 1.02191 0
134.596 0 0.803086 1.02175 0
134.596 0 1.2452 1.02152 0
134.596 0 1.9307 1.02116 0
134.596 0 2.99358 1.02064 0
134.596 0 4.64159 1.01987 0
134.596 0 7.19686 1.01879 0
134.596 0 11.1588 1.01731 0
134.596 0 17.302 1.01538 0
134.596 0 26.827 1.01298 0
134.596 0 41.5956 1.01017 0
134.596 0 64.4947 1.00706 0
134.596 0 100 1.00383 0
134.596 0 155.052 1.00064 0
134.596 0 240.41 0.99759 0
134.596 0 372.759 0.994755 0
134.596 0 577.969 0.992157 0
134.596 0 896.151 0.989795 0
134.596 0 1389.5 0.987656 0
134.596 0 2154.43 0.985719 0
134.596 0 3340.48 0.983961 0
134.596 0 5179.47 0.982364 0
134.596 0 8030.86 0.980906 0
134.596 0 12452 0.979573 0
134.596 0 19307 0.978349 0
134.596 0 29935.8 0.977222 0
134.596 0 46415.9 0.97618 0
134.596 0 71968.6 0.975215 0
134.596 0 111588 0.974319 0
134.596 0 173020 0.973484 0
134.596 0 268270 0.972705 0
134.596 0 415956 0.971975 0
134.596 0 644947 0.971291 0
134.596 0 1e+06 0.970649 0

328.193 0 1e-06 1.00904 0
328.193 0 1.55052e-06 1.00904 0
328.193 0 2.4041e-06 1.00904 0
328.193 0 3.72759e-06 1.00904 0
328.193 0 5.77969e-06 1.00904 0
328.193 0 8.96151e-06 1.00904 0
328.193 0 1.3895e-05 1.00904 0
328.193 0 2.15443e-05 1.00904 0
328.193 0 3.34048e-05 1.00904 0
328.193 0 5.17947e-05 1.00904 0
328.193 0 8.03086e-05 1.00904 0
328.193 0 0.00012452 1.00904 0
328.193 0 0.00019307 1.00904 0
328.193 0 0.000299358 1.00904 0
328.193 0 0.000464159 1.00904 0
328.193 0 0.000719686 1.00904 0
328.193 0 0.00111588 1.00904 0
328.193 0 0.0017302 1.00904 0
328.193 0 0.0026827 1.00904 0
328.193 0 0.00415956 1.00904 0
328.193 0 0.00644947 1.00904 0
328.193 0 0.01 1.00904 0
328.193 0 0.0155052 1.00904 0
328.193 0 0.024041 1.00904 0
328.193 0 0.0372759 1.00904 0
328.193 0 0.0577969 1.00904 0
328.193 0 0.0896151 1.00903 0
328.193 0 0.13895 1.00902 0
328.193 0 0.215443 1.00901 0
328.193 0 0.334048 1.009 0
328.193 0 0.517947 1.00897 0
328.193 0 0.803086 1.00893 0
328.193 0 1.2452 1.00887 0
328.193 0 1.9307 1.00878 0
328.193 0 2.99358 1.00863 0
328.193 0 4.64159 1.00841 0
328.193 0 7.19686 1.00809 0
328.193 0 11.1588 1.0076 0
328.193 0 17.302 1.0069 0
328.193 0 26.827 1.00592 0
328.193 0 41.5956 1.00462 0
328.193 0 64.4947 1.00296 0
328.193 0 100 1.00097 0
328.193 0 155.052 0.998747 0
328.193 0 240.41 0.996393 0
328.193 0 372.759 0.99402 0
328.193 0 577.969 0.991715 0
328.193 0 896.151 0.989533 0
328.193 0 1389.5 0.987501 0
328.193 0 2154.43 0.985627 0
328.193 0 3340.48 0.983908 0
328.193 0 5179.47 0.982332 0
328.193 0 8030.86 0.980888 0
328.193 0 12452 0.979562 0
328.193 0 19307 0.978342 0
328.193 0 29935.8 0.977218 0
328.193 0 46415.9 0.976178 0
328.193 0 71968.6 0.975214 0
328.193 0 111588 0.974318 0
328.193 0 173020 0.973484 0
328.193 0 268270 0.972704 0
328.193 0 415956 0.971975 0
328.193 0 644947 0.971291 0
328.193 0 1e+06 0.970648 0

800.25 0 1e-06 1.0001 0
800.25 0 1.55052e-06 1.0001 0
800.25 0 2.4041e-06 1.0001 0
800.25 0 3.72759e-06 1.0001 0
800.25 0 5.77969e-06 1.0001 0
800.25 0 8.96151e-06 1.0001 0
800.25 0 1.3895e-05 1.0001 0
800.25 0 2.15443e-05 1.0001 0
800.25 0 3.34048e-05 1.0001 0
800.25 0 5.17947e-05 1.0001 0
800.25 0 8.03086e-05 1.0001 0
800.25 0 0.00012452 1.0001 0
800.25 0 0.00019307 1.0001 0
800.25 0 0.000299358 1.0001 0
800.25 0 0.000464159 1.0001 0
800.25 0 0.000719686 1.0001 0
800.25 0 0.00111588 1.0001 0
800.25 0 0.0017302 1.0001 0
800.25 0 0.0026827 1.0001 0
800.25 0 0.00415956 1.0001 0
800.25 0 0.00644947 1.0001 0
800.25 0 0.01 1.0001 0
800.25 0 0.0155052 1.0001 0
800.25 0 0.024041 1.0001 0
800.25 0 0.0372759 1.0001 0
800.25 0 0.0577969 1.0001 0
800.25 0 0.0896151 1.0001 0
800.25 0 0.13895 1.0001 0
800.25 0 0.215443 1.0001 0
800.25 0 0.334048 1.00009 0
800.25 0 0.517947 1.00008 0
800.25 0 0.803086 1.00007 0
800.25 0 1.2452 1.00005 0
800.25 0 1.9307 1.00002 0
800.25 0 2.99358 0.999981 0
800.25 0 4.64159 0.999915 0
800.25 0 7.19686 0.999813 0
800.25 0 11.1588 0.999658 0
800.25 0 17.302 0.999425 0
800.25 0 26.827 0.999079 0
800.25 0 41.5956 0.998579 0
800.25 0 64.4947 0.997875 0
800.25 0 100 0.996927 0
800.25 0 155.052 0.995713 0
800.25 0 240.41 0.994245 0
800.25 0 372.759 0.992577 0
800.25 0 577.969 0.990786 0
800.25 0 896.151 0.988953 0
800.25 0 1389.5 0.987147 0
800.25 0 2154.43 0.985414 0
800.25 0 3340.48 0.983781 0
800.25 0 5179.47 0.982256 0
800.25 0 8030.86 0.980843 0
800.25 0 12452 0.979535 0
800.25 0 19307 0.978327 0
800.25 0 29935.8 0.977208 0
800.25 0 46415.9 0.976172 0
800.25 0 71968.6 0.975211 0
800.25 0 111588 0.974316 0
800.25 0 173020 0.973482 0
800.25 0 268270 0.972704 0
800.25 0 415956 0.971975 0
800.25 0 644947 0.971291 0
800.25 0 1e+06 0.970648 0

1951.29 0 1e-06 0.993545 0
1951.29 0 1.55052e-06 0.993545 0
1951.29 0 2.4041e-06 0.993545 0
1951.29 0 3.72759e-06 0.993545 0
1951.29 0 5.77969e-06 0.993545 0
1951.29 0 8.96151e-06 0.993545 0
1951.29 0 1.3895e-05 0.993545 0
1951.29 0 2.15443e-05 0.993545 0
1951.29 0 3.34048e-05 0.993545 0
1951.29 0 5.17947e-05 0.993545 0
1951.29 0 8.03086e-05 0.993545 0
1951.29 0 0.00012452 0.993545 0
1951.29 0 0.00019307 0.993545 0
1951.29 0 0.000299358 0.993545 0
1951.29 0 0.000464159 0.993545 0
1951.29 0 0.000719686 0.993545 0
1951.29 0 0.00111588 0.993545 0
1951.29 0 0.0017302 0.993545 0
1951.29 0 0.0026827 0.993545 0
1951.29 0 0.00415956 0.993545 0
1951.29 0 0.00644947 0.993545 0
1951.29 0 0.01 0.993545 0
1951.29 0 0.0155052 0.993545 0
1951.29 0 0.024041 0.993545 0
1951.29 0 0.0372759 0.993545 0
1951.29 0 0.0577969 0.993544 0
1951.29 0 0.0896151 0.993544 0
1951.29 0 0.13895 0.993543 0
1951.29 0 0.215443 0.993542 0
1951.29 0 0.334048 0.993541 0
1951.29 0 0.517947 0.993539 0
1951.29 0 0.803086 0.993535 0
1951.29 0 1.2452 0.993529 0
1951.29 0 1.9307 0.993521 0
1951.29 0 2.99358 0.993507 0
1951.29 0 4.64159 0.993486 0
1951.29 0 7.19686 0.993454 0
1951.29 0 11.1588 0.993405 0
1951.29 0 17.302 0.993329 0
1951.29 0 26.827 0.993214 0
1951.29 0 41.5956 0.99304 0
1951.29 0 64.4947 0.992782 0
1951.29 0 100 0.992408 0
1951.29 0 155.052 0.991879 0
1951.29 0 240.41 0.991162 0
1951.29 0 372.759 0.990237 0
1951.29 0 577.969 0.989108 0
1951.29 0 896.151 0.987811 0
1951.29 0 1389.5 0.986402 0
1951.29 0 2154.43 0.984944 0
1951.29 0 3340.48 0.98349 0
1951.29 0 5179.47 0.98208 0
1951.29 0 8030.86 0.980736 0
1951.29 0 12452 0.979471 0
1951.29 0 19307 0.978288 0
1951.29 0 29935.8 0.977185 0
1951.29 0 46415.9 0.976159 0
1951.29 0 71968.6 0.975202 0
1951.29 0 111588 0.974311 0
1951.29 0 173020 0.973479 0
1951.29 0 268270 0.972702 0
1951.29 0 415956 0.971974 0
1951.29 0 644947 0.97129 0
1951.29 0 1e+06 0.970648 0

4757.94 0 1e-06 0.988525 0
4757.94 0 1.55052e-06 0.988525 0
4757.94 0 2.4041e-06 0.988525 0
4757.94 0 3.72759e-06 0.988525 0
4757.94 0 5.77969e-06 0.988525 0
4757.94 0 8.96151e-06 0.988525 0
4757.94 0 1.3895e-05 0.988525 0
4757.94 0 2.15443e-05 0.988525 0
4757.94 0 3.34048e-05 0.988525 0
4757.94 0 5.17947e-05 0.988525 0
4757.94 0 8.03086e-05 0.988525 0
4757.94 0 0.00012452 0.988525 0
4757.94 0 0.00019307 0.988525 0
4757.94 0 0.000299358 0.988525 0
4757.94 0 0.000464159 0.988525 0
4757.94 0 0.000719686 0.988525 0
4757.94 0 0.00111588 0.988525 0
4757.94 0 0.0017302 0.988525 0
4757.94 0 0.0026827 0.988525 0
4757.94 0 0.00415956 0.988525 0
4757.94 0 0.00644947 0.988525 0
4757.94 0 0.01 0.988525 0
4757.94 0 0.0155052 0.988525 0
4757.94 0 0.024041 0.988525 0
4757.94 0 0.0372759 0.988525 0
4757.94 0 0.0577969 0.988525 0
4757.94 0 0.0896151 0.988525 0
4757.94 0 0.13895 0.988525 0
4757.94 0 0.215443 0.988524 0
4757.94 0 0.334048 0.988524 0
4757.94 0 0.517947 0.988523 0
4757.94 0 0.803086 0.988522 0
4757.94 0 1.2452 0.98852 0
4757.94 0 1.9307 0.988517 0
4757.94 0 2.99358 0.988513 0
4757.94 0 4.64159 0.988506 0
4757.94 0 7.19686 0.988496 0
4757.94 0 11.1588 0.98848 0
4757.94 0 17.302 0.988455 0
4757.94 0 26.827 0.988417 0
4757.94 0 41.5956 0.988359 0
4757.94 0 64.4947 0.98827 0
4757.94 0 100 0.988136 0
4757.94 0 155.052 0.987937 0
4757.94 0 240.41 0.987646 0
4757.94 0 372.759 0.987235 0
4757.94 0 577.969 0.986675 0
4757.94 0 896.151 0.985947 0
4757.94 0 1389.5 0.985052 0
4757.94 0 2154.43 0.984015 0
4757.94 0 3340.48 0.982878 0
4757.94 0 5179.47 0.981689 0
4757.94 0 8030.86 0.980493 0
4757.94 0 12452 0.979322 0
4757.94 0 19307 0.978197 0
4757.94 0 29935.8 0.97713 0
4757.94 0 46415.9 0.976125 0
4757.94 0 71968.6 0.975182 0
4757.94 0 111588 0.974299 0
4757.94 0 173020 0.973472 0
4757.94 0 268270 0.972697 0
4757.94 0 415956 0.971971 0
4757.94 0 644947 0.971289 0
4757.94 0 1e+06 0.970647 0

11601.6 0 1e-06 0.984554 0
11601.6 0 1.55052e-06 0.984554 0
11601.6 0 2.4041e-06 0.984554 0
11601.6 0 3.72759e-06 0.984554 0
11601.6 0 5.77969e-06 0.984554 0
11601.6 0 8.96151e-06 0.984554 0
11601.6 0 1.3895e-05 0.984554 0
11601.6 0 2.15443e-05 0.984554 0
11601.6 0 3.34048e-05 0.984554 0
11601.6 0 5.17947e-05 0.984554 0
11601.6 0 8.03086e-05 0.984554 0
11601.6 0 0.00012452 0.984554 0
11601.6 0 0.00019307 0.984554 0
11601.6 0 0.000299358 0.984554 0
11601.6 0 0.000464159 0.984554 0
11601.6 0 0.000719686 0.984554 0
11601.6 0 0.00111588 0.984554 0
11601.6 0 0.0017302 0.984554 0
11601.6 0 0.0026827 0.984554 0
11601.6 0 0.00415956 0.984554 0
11601.6 0 0.00644947 0.984554 0
11601.6 0 0.01 0.984554 0
11601.6 0 0.0155052 0.984554 0
11601.6 0 0.024041 0.984554 0
11601.6 0 0.0372759 0.984554 0
11601.6 0 0.0577969 0.984554 0
11601.6 0 0.0896151 0.984554 0
11601.6 0 0.13895 0.984554 0
11601.6 0 0.215443 0.984554 0
11601.6 0 0.334048 0.984554 0
11601.6 0 0.517947 0.984553 0
11601.6 0 0.803086 0.984553 0
11601.6 0 1.2452 0.984552 0
11601.6 0 1.9307 0.984551 0
11601.6 0 2.99358 0.98455 0
11601.6 0 4.64159 0.984548 0
11601.6 0 7.19686 0.984544 0
11601.6 0 11.1588 0.984539 0
11601.6 0 17.302 0.984531 0
11601.6 0 26.827 0.984518 0
11601.6 0 41.5956 0.984499 0
11601.6 0 64.4947 0.984468 0
11601.6 0 100 0.984422 0
11601.6 0 155.052 0.984352 0
11601.6 0 240.41 0.984245 0
11601.6 0 372.759 0.984087 0
11601.6 0 577.969 0.983856 0
11601.6 0 896.151 0.983527 0
11601.6 0 1389.5 0.983078 0
11601.6 0 2154.43 0.982491 0
11601.6 0 3340.48 0.981764 0
11601.6 0 5179.47 0.980916 0
11601.6 0 8030.86 0.979979 0
11601.6 0 12452 0.978991 0
11601.6 0 19307 0.97799 0
11601.6 0 29935.8 0.977002 0
11601.6 0 46415.9 0.976047 0
11601.6 0 71968.6 0.975135 0
11601.6 0 111588 0.97427 0
11601.6 0 173020 0.973455 0
11601.6 0 268270 0.972687 0
11601.6 0 415956 0.971964 0
11601.6 0 644947 0.971285 0
11601.6 0 1e+06 0.970645 0

28288.7 0 1e-06 0.981331 0
28288.7 0 1.55052e-06 0.981331 0
28288.7 0 2.4041e-06 0.981331 0
28288.7 0 3.72759e-06 0.981331 0
28288.7 0 5.77969e-06 0.981331 0
28288.7 0 8.96151e-06 0.981331 0
28288.7 0 1.3895e-05 0.981331 0
28288.7 0 2.15443e-05 0.981331 0
28288.7 0 3.34048e-05 0.981331 0
28288.7 0 5.17947e-05 0.981331 0
28288.7 0 8.03086e-05 0.981331 0
28288.7 0 0.00012452 0.981331 0
28288.7 0 0.00019307 0.981331 0
28288.7 0 0.000299358 0.981331 0
28288.7 0 0.000464159 0.981331 0
28288.7 0 0.000719686 0.981331 0
28288.7 0 0.00111588 0.981331 0
28288.7 0 0.0017302 0.981331 0
28288.7 0 0.0026827 0.981331 0
28288.7 0 0.00415956 0.981331 0
28288.7 0 0.00644947 0.981331 0
28288.7 0 0.01 0.981331 0
28288.7 0 0.0155052 0.981331 0
28288.7 0 0.024041 0.981331 0
28288.7 0 0.0372759 0.981331 0
28288.7 0 0.0577969 0.981331 0
28288.7 0 0.0896151 0.981331 0
28288.7 0 0.13895 0.981331 0
28288.7 0 0.215443 0.981331 0
28288.7 0 0.334048 0.98133 0
28288.7 0 0.517947 0.98133 0
28288.7 0 0.803086 0.98133 0
28288.7 0 1.2452 0.98133 0
28288.7 0 1.9307 0.98133 0
28288.7 0 2.99358 0.981329 0
28288.7 0 4.64159 0.981329 0
28288.7 0 7.19686 0.981327 0
28288.7 0 11.1588 0.981326 0
28288.7 0 17.302 0.981323 0
28288.7 0 26.827 0.981318 0
28288.7 0 41.5956 0.981312 0
28288.7 0 64.4947 0.981302 0
28288.7 0 100 0.981286 0
28288.7 0 155.052 0.981261 0
28288.7 0 240.41 0.981224 0
28288.7 0 372.759 0.981167 0
28288.7 0 577.969 0.98108 0
28288.7 0 896.151 0.980951 0
28288.7 0 1389.5 0.980763 0
28288.7 0 2154.43 0.980495 0
28288.7 0 3340.48 0.980127 0
28288.7 0 5179.47 0.979644 0
28288.7 0 8030.86 0.979043 0
28288.7 0 12452 0.978337 0
28288.7 0 19307 0.977551 0
28288.7 0 29935.8 0.976718 0
28288.7 0 46415.9 0.975867 0
28288.7 0 71968.6 0.975023 0
28288.7 0 111588 0.974201 0
28288.7 0 173020 0.973413 0
28288.7 0 268270 0.972661 0
28288.7 0 415956 0.971949 0
28288.7 0 644947 0.971275 0
28288.7 0 1e+06 0.970639 0

68977.9 0 1e-06 0.97866 0
68977.9 0 1.55052e-06 0.97866 0
68977.9 0 2.4041e-06 0.97866 0
68977.9 0 3.72759e-06 0.97866 0
68977.9 0 5.77969e-06 0.97866 0
68977.9 0 8.96151e-06 0.97866 0
68977.9 0 1.3895e-05 0.97866 0
68977.9 0 2.15443e-05 0.97866 0
68977.9 0 3.34048e-05 0.97866 0
68977.9 0 5.17947e-05 0.97866 0
68977.9 0 8.03086e-05 0.97866 0
68977.9 0 0.00012452 0.97866 0
68977.9 0 0.00019307 0.97866 0
68977.9 0 0.000299358 0.97866 0
68977.9 0 0.000464159 0.97866 0
68977.9 0 0.000719686 0.97866 0
68977.9 0 0.00111588 0.97866 0
68977.9 0 0.0017302 0.97866 0
68977.9 0 0.0026827 0.97866 0
68977.9 0 0.00415956 0.97866 0
68977.9 0 0.00644947 0.97866 0
68977.9 0 0.01 0.97866 0
68977.9 0 0.0155052 0.97866 0
68977.9 0 0.024041 0.97866 0
68977.9 0 0.0372759 0.97866 0
68977.9 0 0.0577969 0.97866 0
68977.9 0 0.0896151 0.97866 0
68977.9 0 0.13895 0.97866 0
68977.9 0 0.215443 0.97866 0
68977.9 0 0.334048 0.97866 0
68977.9 0 0.517947 0.97866 0
68977.9 0 0.803086 0.97866 0
68977.9 0 1.2452 0.97866 0
68977.9 0 1.9307 0.97866 0
68977.9 0 2.99358 0.978659 0
68977.9 0 4.64159 0.978659 0
68977.9 0 7.19686 0.978659 0
68977.9 0 11.1588 0.978658 0
68977.9 0 17.302 0.978657 0
68977.9 0 26.827 0.978656 0
68977.9 0 41.5956 0.978653 0
68977.9 0 64.4947 0.97865 0
68977.9 0 100 0.978644 0
68977.9 0 155.052 0.978636 0
68977.9 0 240.41 0.978623 0
68977.9 0 372.759 0.978603 0
68977.9 0 577.969 0.978572 0
68977.9 0 896.151 0.978524 0
68977.9 0 1389.5 0.978453 0
68977.9 0 2154.43 0.978347 0
68977.9 0 3340.48 0.97819 0
68977.9 0 5179.47 0.977968 0
68977.9 0 8030.86 0.977661 0
68977.9 0 12452 0.977257 0
68977.9 0 19307 0.976752 0
68977.9 0 29935.8 0.976156 0
68977.9 0 46415.9 0.975488 0
68977.9 0 71968.6 0.974776 0
68977.9 0 111588 0.974044 0
68977.9 0 173020 0.973314 0
68977.9 0 268270 0.9726 0
68977.9 0 415956 0.971911 0
68977.9 0 644947 0.971252 0
68977.9 0 1e+06 0.970625 0

168192 0 1e-06 0.97641 0
168192 0 1.55052e-06 0.97641 0
168192 0 2.4041e-06 0.97641 0
168192 0 3.72759e-06 0.97641 0
168192 0 5.77969e-06 0.97641 0
168192 0 8.96151e-06 0.97641 0
168192 0 1.3895e-05 0.97641 0
168192 0 2.15443e-05 0.97641 0
168192 0 3.34048e-05 0.97641 0
168192 0 5.17947e-05 0.97641 0
168192 0 8.03086e-05 0.97641 0
168192 0 0.00012452 0.97641 0
168192 0 0.00019307 0.97641 0
168192 0 0.000299358 0.97641 0
168192 0 0.000464159 0.97641 0
168192 0 0.000719686 0.97641 0
168192 0 0.00111588 0.97641 0
168192 0 0.0017302 0.97641 0
168192 0 0.0026827 0.97641 0
168192 0 0.00415956 0.97641 0
168192 0 0.00644947 0.97641 0
168192 0 0.01 0.97641 0
168192 0 0.0155052 0.97641 0
168192 0 0.024041 0.97641 0
168192 0 0.0372759 0.97641 0
168192 0 0.0577969 0.97641 0
168192 0 0.0896151 0.97641 0
168192 0 0.13895 0.97641 0
168192 0 0.215443 0.97641 0
168192 0 0.334048 0.97641 0
168192 0 0.517947 0.97641 0
168192 0 0.803086 0.97641 0
168192 0 1.2452 0.97641 0
168192 0 1.9307 0.97641 0
168192 0 2.99358 0.97641 0
168192 0 4.64159 0.976409 0
168192 0 7.19686 0.976409 0
168192 0 11.1588 0.976409 0
168192 0 17.302 0.976409 0
168192 0 26.827 0.976408 0
168192 0 41.5956 0.976407 0
168192 0 64.4947 0.976406 0
168192 0 100 0.976404 0
168192 0 155.052 0.976401 0
168192 0 240.41 0.976397 0
168192 0 372.759 0.97639 0
168192 0 577.969 0.976379 0
168192 0 896.151 0.976362 0
168192 0 1389.5 0.976336 0
168192 0 2154.43 0.976296 0
168192 0 3340.48 0.976236 0
168192 0 5179.47 0.976147 0
168192 0 8030.86 0.976016 0
168192 0 12452 0.975828 0
168192 0 19307 0.975569 0
168192 0 29935.8 0.975227 0
168192 0 46415.9 0.974797 0
168192 0 71968.6 0.974287 0
168192 0 111588 0.973713 0
168192 0 173020 0.973097 0
168192 0 268270 0.972462 0
168192 0 415956 0.971824 0
168192 0 644947 0.971198 0
168192 0 1e+06 0.970591 0

410113 0 1e-06 0.974488 0
410113 0 1.55052e-06 0.974488 0
410113 0 2.4041e-06 0.974488 0
410113 0 3.72759e-06 0.974488 0
410113 0 5.77969e-06 0.974488 0
410113 0 8.96151e-06 0.974488 0
410113 0 1.3895e-05 0.974488 0
410113 0 2.15443e-05 0.974488 0
410113 0 3.34048e-05 0.974488 0
410113 0 5.17947e-05 0.974488 0
410113 0 8.03086e-05 0.974488 0
410113 0 0.00012452 0.974488 0
410113 0 0.00019307 0.974488 0
410113 0 0.000299358 0.974488 0
410113 0 0.000464159 0.974488 0
410113 0 0.000719686 0.974488 0
410113 0 0.00111588 0.974488 0
410113 0 0.0017302 0.974488 0
410113 0 0.0026827 0.974488 0
410113 0 0.00415956 0.974488 0
410113 0 0.00644947 0.974488 0
410113 0 0.01 0.974488 0
410113 0 0.0155052 0.974488 0
410113 0 0.024041 0.974488 0
410113 0 0.0372759 0.974488 0
410113 0 0.0577969 0.974488 0
410113 0 0.0896151 0.974488 0
410113 0 0.13895 0.974488 0
410113 0 0.215443 0.974488 0
410113 0 0.334048 0.974488 0
410113 0 0.517947 0.974488 0
410113 0 0.803086 0.974488 0
410113 0 1.2452 0.974488 0
410113 0 1.9307 0.974488 0
410113 0 2.99358 0.974488 0
410113 0 4.64159 0.974488 0
410113 0 7.19686 0.974488 0
410113 0 11.1588 0.974488 0
410113 0 17.302 0.974487 0
410113 0 26.827 0.974487 0
410113 0 41.5956 0.974487 0
410113 0 64.4947 0.974487 0
410113 0 100 0.974486 0
410113 0 155.052 0.974485 0
410113 0 240.41 0.974483 0
410113 0 372.759 0.974481 0
410113 0 577.969 0.974477 0
410113 0 896.151 0.974471 0
410113 0 1389.5 0.974461 0
410113 0 2154.43 0.974447 0
410113 0 3340.48 0.974425 0
410113 0 5179.47 0.974392 0
410113 0 8030.86 0.974341 0
410113 0 12452 0.974265 0
410113 0 19307 0.974153 0
410113 0 29935.8 0.973993 0
410113 0 46415.9 0.973772 0
410113 0 71968.6 0.973478 0
410113 0 111588 0.973108 0
410113 0 173020 0.972667 0
410113 0 268270 0.972169 0
410113 0 415956 0.971631 0
410113 0 644947 0.971074 0
410113 0 1e+06 0.970513 0

1e+06 0 1e-06 0.972827 0
1e+06 0 1.55052e-06 0.972827 0
1e+06 0 2.4041e-06 0.972827 0
1e+06 0 3.72759e-06 0.972827 0
1e+06 0 5.77969e-06 0.972827 0
1e+06 0 8.96151e-06 0.972827 0
1e+06 0 1.3895e-05 0.972827 0
1e+06 0 2.15443e-05 0.972827 0
1e+06 0 3.34048e-05 0.972827 0
1e+06 0 5.17947e-05 0.972827 0
1e+06 0 8.03086e-05 0.972827 0
1e+06 0 0.00012452 0.972827 0
1e+06 0 0.00019307 0.972827 0
1e+06 0 0.000299358 0.972827 0
1e+06 0 0.000464159 0.972827 0
1e+06 0 0.000719686 0.972827 0
1e+06 0 0.00111588 0.972827 0
1e+06 0 0.0017302 0.972827 0
1e+06 0 0.0026827 0.972827 0
1e+06 0 0.00415956 0.972827 0
1e+06 0 0.00644947 0.972827 0
1e+06 0 0.01 0.972827 0
1e+06 0 0.0155052 0.972827 0
1e+06 0 0.024041 0.972827 0
1e+06 0 0.0372759 0.972827 0
1e+06 0 0.0577969 0.972827 0
1e+06 0 0.0896151 0.972827 0
1e+06 0 0.13895 0.972827 0
1e+06 0 0.215443 0.972827 0
1e+06 0 0.334048 0.972827 0
1e+06 0 0.517947 0.972827 0
1e+06 0 0.803086 0.972827 0
1e+06 0 1.2452 0.972827 0
1e+06 0 1.9307 0.972827 0
1e+06 0 2.99358 0.972827 0
1e+06 0 4.64159 0.972827 0
1e+06 0 7.19686 0.972827 0
1e+06 0 11.1588 0.972827 0
1e+06 0 17.302 0.972827 0
1e+06 0 26.827 0.972827 0
1e+06 0 41.5956 0.972826 0
1e+06 0 64.4947 0.972826 0
1e+06 0 100 0.972826 0
1e+06 0 155.052 0.972826 0
1e+06 0 240.41 0.972825 0
1e+06 0 372.759 0.972824 0
1e+06 0 577.969 0.972823 0
1e+06 0 896.151 0.972821 0
1e+06 0 1389.5 0.972817 0
1e+06 0 2154.43 0.972812 0
1e+06 0 3340.48 0.972804 0
1e+06 0 5179.47 0.972792 0
1e+06 0 8030.86 0.972773 0
1e+06 0 12452 0.972744 0
1e+06 0 19307 0.972701 0
1e+06 0 29935.8 0.972635 0
1e+06 0 46415.9 0.972539 0
1e+06 0 71968.6 0.972402 0
1e+06 0 111588 0.972211 0
1e+06 0 173020 0.971956 0
1e+06 0 268270 0.971635 0
1e+06 0 415956 0.97125 0
1e+06 0 644947 0.970814 0
1e+06 0 1e+06 0.970341 0

