#q_sq i k_sq Re(fg) Im(fg)
1e-06 6 1e-06 -1.89946e+10 -0
1e-06 6 1.55052e-06 -1.22505e+10 -0
1e-06 6 2.4041e-06 -7.90093e+09 -0
1e-06 6 3.72759e-06 -5.0957e+09 -0
1e-06 6 5.77969e-06 -3.28648e+09 -0
1e-06 6 8.96151e-06 -2.11962e+09 -0
1e-06 6 1.3895e-05 -1.36706e+09 -0
1e-06 6 2.15443e-05 -8.81702e+08 -0
1e-06 6 3.34048e-05 -5.68671e+08 -0
1e-06 6 5.17947e-05 -3.66782e+08 -0
1e-06 6 8.03086e-05 -2.36575e+08 -0
1e-06 6 0.00012452 -1.52598e+08 -0
1e-06 6 0.00019307 -9.84374e+07 -0
1e-06 6 0.000299358 -6.35066e+07 -0
1e-06 6 0.000464159 -4.09782e+07 -0
1e-06 6 0.000719686 -2.64485e+07 -0
1e-06 6 0.00111588 -1.70775e+07 -0
1e-06 6 0.0017302 -1.10337e+07 -0
1e-06 6 0.0026827 -7.13561e+06 -0
1e-06 6 0.00415956 -4.62134e+06 -0
1e-06 6 0.00644947 -2.99945e+06 -0
1e-06 6 0.01 -1.95293e+06 -0
1e-06 6 0.0155052 -1.27725e+06 -0
1e-06 6 0.024041 -840386 -0
1e-06 6 0.0372759 -557058 -0
1e-06 6 0.0577969 -372113 -0
1e-06 6 0.0896151 -249887 -0
1e-06 6 0.13895 -167447 -0
1e-06 6 0.215443 -110339 -0
1e-06 6 0.334048 -69911.1 -0
1e-06 6 0.517947 -41279.7 -0
1e-06 6 0.803086 -21640.3 -0
1e-06 6 1.2452 -9777.65 -0
1e-06 6 1.9307 -4348.07 -0
1e-06 6 2.99358 -1442.33 -0
1e-06 6 4.64159 227.706 -0
1e-06 6 7.19686 40.4804 -0
1e-06 6 11.1588 308.214 -0
1e-06 6 17.302 3.76186 -0
1e-06 6 26.827 -154.898 -0
1e-06 6 41.5956 -105.247 -0
1e-06 6 64.4947 -63.3956 -0
1e-06 6 100 -39.7855 -0
1e-06 6 155.052 -24.0358 -0
1e-06 6 240.41 -14.043 -0
1e-06 6 372.759 -8.66356 -0
1e-06 6 577.969 -5.34078 -0
1e-06 6 896.151 -3.09799 -0
1e-06 6 1389.5 -1.83286 -0
1e-06 6 2154.43 -1.10097 -0
1e-06 6 3340.48 -0.659501 -0
1e-06 6 5179.47 -0.39238 -0
1e-06 6 8030.86 -0.226817 -0
1e-06 6 12452 -0.131188 -0
1e-06 6 19307 -0.0759367 -0
1e-06 6 29935.8 -0.0434514 -0
1e-06 6 46415.9 -0.0245512 -0
1e-06 6 71968.6 -0.0135409 -0
1e-06 6 111588 -0.00701442 -0
1e-06 6 173020 -0.00360371 -0
1e-06 6 268270 -0.00164634 -0
1e-06 6 415956 -0.000621964 -0
1e-06 6 644947 -0.000142834 -0
1e-06 6 1e+06 -5.37443e-05 -0

2.43835e-06 6 1e-06 -7.78991e+09 -0
2.43835e-06 6 1.55052e-06 -5.02408e+09 -0
2.43835e-06 6 2.4041e-06 -3.24027e+09 -0
2.43835e-06 6 3.72759e-06 -2.08981e+09 -0
2.43835e-06 6 5.77969e-06 -1.34783e+09 -0
2.43835e-06 6 8.96151e-06 -8.69284e+08 -0
2.43835e-06 6 1.3895e-05 -5.6065e+08 -0
2.43835e-06 6 2.15443e-05 -3.61597e+08 -0
2.43835e-06 6 3.34048e-05 -2.33219e+08 -0
2.43835e-06 6 5.17947e-05 -1.50422e+08 -0
2.43835e-06 6 8.03086e-05 -9.70223e+07 -0
2.43835e-06 6 0.00012452 -6.25824e+07 -0
2.43835e-06 6 0.00019307 -4.03704e+07 -0
2.43835e-06 6 0.000299358 -2.60449e+07 -0
2.43835e-06 6 0.000464159 -1.68057e+07 -0
2.43835e-06 6 0.000719686 -1.08469e+07 -0
2.43835e-06 6 0.00111588 -7.00372e+06 -0
2.43835e-06 6 0.0017302 -4.52506e+06 -0
2.43835e-06 6 0.0026827 -2.9264e+06 -0
2.43835e-06 6 0.00415956 -1.89527e+06 -0
2.43835e-06 6 0.00644947 -1.23011e+06 -0
2.43835e-06 6 0.01 -800921 -0
2.43835e-06 6 0.0155052 -523816 -0
2.43835e-06 6 0.024041 -344653 -0
2.43835e-06 6 0.0372759 -228457 -0
2.43835e-06 6 0.0577969 -152608 -0
2.43835e-06 6 0.0896151 -102482 -0
2.43835e-06 6 0.13895 -68672.1 -0
2.43835e-06 6 0.215443 -45251.4 -0
2.43835e-06 6 0.334048 -28671.5 -0
2.43835e-06 6 0.517947 -16929.4 -0
2.43835e-06 6 0.803086 -8874.95 -0
2.43835e-06 6 1.2452 -4009.94 -0
2.43835e-06 6 1.9307 -1783.2 -0
2.43835e-06 6 2.99358 -591.517 -0
2.43835e-06 6 4.64159 93.3849 -0
2.43835e-06 6 7.19686 16.6014 -0
2.43835e-06 6 11.1588 126.403 -0
2.43835e-06 6 17.302 1.54276 -0
2.43835e-06 6 26.827 -63.5258 -0
2.43835e-06 6 41.5956 -43.1633 -0
2.43835e-06 6 64.4947 -25.9994 -0
2.43835e-06 6 100 -16.3165 -0
2.43835e-06 6 155.052 -9.85738 -0
2.43835e-06 6 240.41 -5.75922 -0
2.43835e-06 6 372.759 -3.55304 -0
2.43835e-06 6 577.969 -2.19032 -0
2.43835e-06 6 896.151 -1.27053 -0
2.43835e-06 6 1389.5 -0.751678 -0
2.43835e-06 6 2154.43 -0.451521 -0
2.43835e-06 6 3340.48 -0.27047 -0
2.43835e-06 6 5179.47 -0.16092 -0
2.43835e-06 6 8030.86 -0.0930207 -0
2.43835e-06 6 12452 -0.0538017 -0
2.43835e-06 6 19307 -0.0311426 -0
2.43835e-06 6 29935.8 -0.01782 -0
2.43835e-06 6 46415.9 -0.0100688 -0
2.43835e-06 6 71968.6 -0.00555329 -0
2.43835e-06 6 111588 -0.0028767 -0
2.43835e-06 6 173020 -0.00147793 -0
2.43835e-06 6 268270 -0.000675187 -0
2.43835e-06 6 415956 -0.000255075 -0
2.43835e-06 6 644947 -5.85779e-05 -0
2.43835e-06 6 1e+06 -2.20412e-05 -0

5.94557e-06 6 1e-06 -3.19474e+09 -0
5.94557e-06 6 1.55052e-06 -2.06044e+09 -0
5.94557e-06 6 2.4041e-06 -1.32888e+09 -0
5.94557e-06 6 3.72759e-06 -8.57059e+08 -0
5.94557e-06 6 5.77969e-06 -5.5276e+08 -0
5.94557e-06 6 8.96151e-06 -3.56504e+08 -0
5.94557e-06 6 1.3895e-05 -2.2993e+08 -0
5.94557e-06 6 2.15443e-05 -1.48296e+08 -0
5.94557e-06 6 3.34048e-05 -9.56462e+07 -0
5.94557e-06 6 5.17947e-05 -6.169e+07 -0
5.94557e-06 6 8.03086e-05 -3.97901e+07 -0
5.94557e-06 6 0.00012452 -2.56658e+07 -0
5.94557e-06 6 0.00019307 -1.65564e+07 -0
5.94557e-06 6 0.000299358 -1.06813e+07 -0
5.94557e-06 6 0.000464159 -6.89222e+06 -0
5.94557e-06 6 0.000719686 -4.44844e+06 -0
5.94557e-06 6 0.00111588 -2.87231e+06 -0
5.94557e-06 6 0.0017302 -1.85579e+06 -0
5.94557e-06 6 0.0026827 -1.20016e+06 -0
5.94557e-06 6 0.00415956 -777274 -0
5.94557e-06 6 0.00644947 -504484 -0
5.94557e-06 6 0.01 -328468 -0
5.94557e-06 6 0.0155052 -214824 -0
5.94557e-06 6 0.024041 -141347 -0
5.94557e-06 6 0.0372759 -93693.1 -0
5.94557e-06 6 0.0577969 -62586.6 -0
5.94557e-06 6 0.0896151 -42029.2 -0
5.94557e-06 6 0.13895 -28163.4 -0
5.94557e-06 6 0.215443 -18558.2 -0
5.94557e-06 6 0.334048 -11758.6 -0
5.94557e-06 6 0.517947 -6942.97 -0
5.94557e-06 6 0.803086 -3639.74 -0
5.94557e-06 6 1.2452 -1644.53 -0
5.94557e-06 6 1.9307 -731.311 -0
5.94557e-06 6 2.99358 -242.588 -0
5.94557e-06 6 4.64159 38.2983 -0
5.94557e-06 6 7.19686 6.80836 -0
5.94557e-06 6 11.1588 51.8392 -0
5.94557e-06 6 17.302 0.632677 -0
5.94557e-06 6 26.827 -26.0527 -0
5.94557e-06 6 41.5956 -17.7018 -0
5.94557e-06 6 64.4947 -10.6627 -0
5.94557e-06 6 100 -6.69162 -0
5.94557e-06 6 155.052 -4.04264 -0
5.94557e-06 6 240.41 -2.36193 -0
5.94557e-06 6 372.759 -1.45715 -0
5.94557e-06 6 577.969 -0.898279 -0
5.94557e-06 6 896.151 -0.521058 -0
5.94557e-06 6 1389.5 -0.308273 -0
5.94557e-06 6 2154.43 -0.185174 -0
5.94557e-06 6 3340.48 -0.110923 -0
5.94557e-06 6 5179.47 -0.0659953 -0
5.94557e-06 6 8030.86 -0.038149 -0
5.94557e-06 6 12452 -0.0220648 -0
5.94557e-06 6 19307 -0.012772 -0
5.94557e-06 6 29935.8 -0.00730819 -0
5.94557e-06 6 46415.9 -0.00412933 -0
5.94557e-06 6 71968.6 -0.00227748 -0
5.94557e-06 6 111588 -0.00117977 -0
5.94557e-06 6 173020 -0.000606118 -0
5.94557e-06 6 268270 -0.000276903 -0
5.94557e-06 6 415956 -0.00010461 -0
5.94557e-06 6 644947 -2.40236e-05 -0
5.94557e-06 6 1e+06 -9.03939e-06 -0

1.44974e-05 6 1e-06 -1.3102e+09 -0
1.44974e-05 6 1.55052e-06 -8.45014e+08 -0
1.44974e-05 6 2.4041e-06 -5.4499e+08 -0
1.44974e-05 6 3.72759e-06 -3.51491e+08 -0
1.44974e-05 6 5.77969e-06 -2.26694e+08 -0
1.44974e-05 6 8.96151e-06 -1.46207e+08 -0
1.44974e-05 6 1.3895e-05 -9.42971e+07 -0
1.44974e-05 6 2.15443e-05 -6.0818e+07 -0
1.44974e-05 6 3.34048e-05 -3.92257e+07 -0
1.44974e-05 6 5.17947e-05 -2.52999e+07 -0
1.44974e-05 6 8.03086e-05 -1.63184e+07 -0
1.44974e-05 6 0.00012452 -1.05259e+07 -0
1.44974e-05 6 0.00019307 -6.79001e+06 -0
1.44974e-05 6 0.000299358 -4.38056e+06 -0
1.44974e-05 6 0.000464159 -2.82659e+06 -0
1.44974e-05 6 0.000719686 -1.82436e+06 -0
1.44974e-05 6 0.00111588 -1.17797e+06 -0
1.44974e-05 6 0.0017302 -761082 -0
1.44974e-05 6 0.0026827 -492200 -0
1.44974e-05 6 0.00415956 -318771 -0
1.44974e-05 6 0.00644947 -206896 -0
1.44974e-05 6 0.01 -134709 -0
1.44974e-05 6 0.0155052 -88102.2 -0
1.44974e-05 6 0.024041 -57968.4 -0
1.44974e-05 6 0.0372759 -38425 -0
1.44974e-05 6 0.0577969 -25667.8 -0
1.44974e-05 6 0.0896151 -17237 -0
1.44974e-05 6 0.13895 -11550.4 -0
1.44974e-05 6 0.215443 -7611.13 -0
1.44974e-05 6 0.334048 -4822.45 -0
1.44974e-05 6 0.517947 -2847.46 -0
1.44974e-05 6 0.803086 -1492.73 -0
1.44974e-05 6 1.2452 -674.445 -0
1.44974e-05 6 1.9307 -299.919 -0
1.44974e-05 6 2.99358 -99.4882 -0
1.44974e-05 6 4.64159 15.7066 -0
1.44974e-05 6 7.19686 2.79209 -0
1.44974e-05 6 11.1588 21.2598 -0
1.44974e-05 6 17.302 0.259441 -0
1.44974e-05 6 26.827 -10.6846 -0
1.44974e-05 6 41.5956 -7.25975 -0
1.44974e-05 6 64.4947 -4.3729 -0
1.44974e-05 6 100 -2.74432 -0
1.44974e-05 6 155.052 -1.65794 -0
1.44974e-05 6 240.41 -0.968657 -0
1.44974e-05 6 372.759 -0.597594 -0
1.44974e-05 6 577.969 -0.368396 -0
1.44974e-05 6 896.151 -0.213693 -0
1.44974e-05 6 1389.5 -0.126427 -0
1.44974e-05 6 2154.43 -0.0759424 -0
1.44974e-05 6 3340.48 -0.045491 -0
1.44974e-05 6 5179.47 -0.0270655 -0
1.44974e-05 6 8030.86 -0.0156454 -0
1.44974e-05 6 12452 -0.00904904 -0
1.44974e-05 6 19307 -0.00523795 -0
1.44974e-05 6 29935.8 -0.00299718 -0
1.44974e-05 6 46415.9 -0.00169349 -0
1.44974e-05 6 71968.6 -0.000934022 -0
1.44974e-05 6 111588 -0.00048384 -0
1.44974e-05 6 173020 -0.000248577 -0
1.44974e-05 6 268270 -0.000113561 -0
1.44974e-05 6 415956 -4.29017e-05 -0
1.44974e-05 6 644947 -9.85237e-06 -0
1.44974e-05 6 1e+06 -3.70717e-06 -0

3.53498e-05 6 1e-06 -5.37333e+08 -0
3.53498e-05 6 1.55052e-06 -3.46552e+08 -0
3.53498e-05 6 2.4041e-06 -2.23508e+08 -0
3.53498e-05 6 3.72759e-06 -1.44151e+08 -0
3.53498e-05 6 5.77969e-06 -9.29704e+07 -0
3.53498e-05 6 8.96151e-06 -5.99615e+07 -0
3.53498e-05 6 1.3895e-05 -3.86725e+07 -0
3.53498e-05 6 2.15443e-05 -2.49423e+07 -0
3.53498e-05 6 3.34048e-05 -1.6087e+07 -0
3.53498e-05 6 5.17947e-05 -1.03758e+07 -0
3.53498e-05 6 8.03086e-05 -6.69241e+06 -0
3.53498e-05 6 0.00012452 -4.31681e+06 -0
3.53498e-05 6 0.00019307 -2.78467e+06 -0
3.53498e-05 6 0.000299358 -1.79653e+06 -0
3.53498e-05 6 0.000464159 -1.15922e+06 -0
3.53498e-05 6 0.000719686 -748196 -0
3.53498e-05 6 0.00111588 -483104 -0
3.53498e-05 6 0.0017302 -312130 -0
3.53498e-05 6 0.0026827 -201858 -0
3.53498e-05 6 0.00415956 -130732 -0
3.53498e-05 6 0.00644947 -84851.1 -0
3.53498e-05 6 0.01 -55246.4 -0
3.53498e-05 6 0.0155052 -36132.2 -0
3.53498e-05 6 0.024041 -23773.9 -0
3.53498e-05 6 0.0372759 -15758.9 -0
3.53498e-05 6 0.0577969 -10527 -0
3.53498e-05 6 0.0896151 -7069.35 -0
3.53498e-05 6 0.13895 -4737.18 -0
3.53498e-05 6 0.215443 -3121.61 -0
3.53498e-05 6 0.334048 -1977.89 -0
3.53498e-05 6 0.517947 -1167.87 -0
3.53498e-05 6 0.803086 -612.225 -0
3.53498e-05 6 1.2452 -276.607 -0
3.53498e-05 6 1.9307 -123 -0
3.53498e-05 6 2.99358 -40.8011 -0
3.53498e-05 6 4.64159 6.4414 -0
3.53498e-05 6 7.19686 1.14496 -0
3.53498e-05 6 11.1588 8.71886 -0
3.53498e-05 6 17.302 0.106372 -0
3.53498e-05 6 26.827 -4.38189 -0
3.53498e-05 6 41.5956 -2.97732 -0
3.53498e-05 6 64.4947 -1.79338 -0
3.53498e-05 6 100 -1.12548 -0
3.53498e-05 6 155.052 -0.679941 -0
3.53498e-05 6 240.41 -0.397259 -0
3.53498e-05 6 372.759 -0.245081 -0
3.53498e-05 6 577.969 -0.151084 -0
3.53498e-05 6 896.151 -0.0876381 -0
3.53498e-05 6 1389.5 -0.0518491 -0
3.53498e-05 6 2154.43 -0.0311449 -0
3.53498e-05 6 3340.48 -0.0186564 -0
3.53498e-05 6 5179.47 -0.0110999 -0
3.53498e-05 6 8030.86 -0.00641637 -0
3.53498e-05 6 12452 -0.00371113 -0
3.53498e-05 6 19307 -0.00214815 -0
3.53498e-05 6 29935.8 -0.00122918 -0
3.53498e-05 6 46415.9 -0.000694522 -0
3.53498e-05 6 71968.6 -0.000383054 -0
3.53498e-05 6 111588 -0.000198429 -0
3.53498e-05 6 173020 -0.000101944 -0
3.53498e-05 6 268270 -4.65729e-05 -0
3.53498e-05 6 415956 -1.75945e-05 -0
3.53498e-05 6 644947 -4.04058e-06 -0
3.53498e-05 6 1e+06 -1.52036e-06 -0

8.61954e-05 6 1e-06 -2.20368e+08 -0
8.61954e-05 6 1.55052e-06 -1.42126e+08 -0
8.61954e-05 6 2.4041e-06 -9.1664e+07 -0
8.61954e-05 6 3.72759e-06 -5.91186e+07 -0
8.61954e-05 6 5.77969e-06 -3.81286e+07 -0
8.61954e-05 6 8.96151e-06 -2.45911e+07 -0
8.61954e-05 6 1.3895e-05 -1.58602e+07 -0
8.61954e-05 6 2.15443e-05 -1.02292e+07 -0
8.61954e-05 6 3.34048e-05 -6.59753e+06 -0
8.61954e-05 6 5.17947e-05 -4.25528e+06 -0
8.61954e-05 6 8.03086e-05 -2.74466e+06 -0
8.61954e-05 6 0.00012452 -1.77039e+06 -0
8.61954e-05 6 0.00019307 -1.14204e+06 -0
8.61954e-05 6 0.000299358 -736783 -0
8.61954e-05 6 0.000464159 -475415 -0
8.61954e-05 6 0.000719686 -306847 -0
8.61954e-05 6 0.00111588 -198128 -0
8.61954e-05 6 0.0017302 -128010 -0
8.61954e-05 6 0.0026827 -82785.4 -0
8.61954e-05 6 0.00415956 -53615.7 -0
8.61954e-05 6 0.00644947 -34799.1 -0
8.61954e-05 6 0.01 -22657.7 -0
8.61954e-05 6 0.0155052 -14818.7 -0
8.61954e-05 6 0.024041 -9750.37 -0
8.61954e-05 6 0.0372759 -6463.28 -0
8.61954e-05 6 0.0577969 -4317.58 -0
8.61954e-05 6 0.0896151 -2899.53 -0
8.61954e-05 6 0.13895 -1943.04 -0
8.61954e-05 6 0.215443 -1280.42 -0
8.61954e-05 6 0.334048 -811.306 -0
8.61954e-05 6 0.517947 -479.045 -0
8.61954e-05 6 0.803086 -251.119 -0
8.61954e-05 6 1.2452 -113.449 -0
8.61954e-05 6 1.9307 -50.4442 -0
8.61954e-05 6 2.99358 -16.7328 -0
8.61954e-05 6 4.64159 2.64164 -0
8.61954e-05 6 7.19686 0.469457 -0
8.61954e-05 6 11.1588 3.57564 -0
8.61954e-05 6 17.302 0.0435963 -0
8.61954e-05 6 26.827 -1.79708 -0
8.61954e-05 6 41.5956 -1.22104 -0
8.61954e-05 6 64.4947 -0.735491 -0
8.61954e-05 6 100 -0.461574 -0
8.61954e-05 6 155.052 -0.278853 -0
8.61954e-05 6 240.41 -0.162921 -0
8.61954e-05 6 372.759 -0.100511 -0
8.61954e-05 6 577.969 -0.0619614 -0
8.61954e-05 6 896.151 -0.0359415 -0
8.61954e-05 6 1389.5 -0.021264 -0
8.61954e-05 6 2154.43 -0.0127729 -0
8.61954e-05 6 3340.48 -0.00765124 -0
8.61954e-05 6 5179.47 -0.00455222 -0
8.61954e-05 6 8030.86 -0.00263143 -0
8.61954e-05 6 12452 -0.00152198 -0
8.61954e-05 6 19307 -0.000880984 -0
8.61954e-05 6 29935.8 -0.000504103 -0
8.61954e-05 6 46415.9 -0.000284832 -0
8.61954e-05 6 71968.6 -0.000157095 -0
8.61954e-05 6 111588 -8.13782e-05 -0
8.61954e-05 6 173020 -4.18087e-05 -0
8.61954e-05 6 268270 -1.91001e-05 -0
8.61954e-05 6 415956 -7.21575e-06 -0
8.61954e-05 6 644947 -1.65709e-06 -0
8.61954e-05 6 1e+06 -6.23518e-07 -0

0.000210175 6 1e-06 -9.03774e+07 -0
0.000210175 6 1.55052e-06 -5.82887e+07 -0
0.000210175 6 2.4041e-06 -3.75932e+07 -0
0.000210175 6 3.72759e-06 -2.42457e+07 -0
0.000210175 6 5.77969e-06 -1.56373e+07 -0
0.000210175 6 8.96151e-06 -1.00853e+07 -0
0.000210175 6 1.3895e-05 -6.50458e+06 -0
0.000210175 6 2.15443e-05 -4.1952e+06 -0
0.000210175 6 3.34048e-05 -2.70578e+06 -0
0.000210175 6 5.17947e-05 -1.74518e+06 -0
0.000210175 6 8.03086e-05 -1.12564e+06 -0
0.000210175 6 0.00012452 -726072 -0
0.000210175 6 0.00019307 -468372 -0
0.000210175 6 0.000299358 -302170 -0
0.000210175 6 0.000464159 -194978 -0
0.000210175 6 0.000719686 -125844 -0
0.000210175 6 0.00111588 -81256.8 -0
0.000210175 6 0.0017302 -52499.8 -0
0.000210175 6 0.0026827 -33952.4 -0
0.000210175 6 0.00415956 -21989.3 -0
0.000210175 6 0.00644947 -14272.3 -0
0.000210175 6 0.01 -9292.85 -0
0.000210175 6 0.0155052 -6077.91 -0
0.000210175 6 0.024041 -3999.27 -0
0.000210175 6 0.0372759 -2651.15 -0
0.000210175 6 0.0577969 -1771.13 -0
0.000210175 6 0.0896151 -1189.52 -0
0.000210175 6 0.13895 -797.191 -0
0.000210175 6 0.215443 -525.372 -0
0.000210175 6 0.334048 -332.901 -0
0.000210175 6 0.517947 -196.559 -0
0.000210175 6 0.803086 -103.026 -0
0.000210175 6 1.2452 -46.5349 -0
0.000210175 6 1.9307 -20.6876 -0
0.000210175 6 2.99358 -6.86206 -0
0.000210175 6 4.64159 1.08332 -0
0.000210175 6 7.19686 0.192425 -0
0.000210175 6 11.1588 1.46634 -0
0.000210175 6 17.302 0.0178514 -0
0.000210175 6 26.827 -0.737014 -0
0.000210175 6 41.5956 -0.500769 -0
0.000210175 6 64.4947 -0.301636 -0
0.000210175 6 100 -0.189298 -0
0.000210175 6 155.052 -0.114361 -0
0.000210175 6 240.41 -0.066816 -0
0.000210175 6 372.759 -0.0412208 -0
0.000210175 6 577.969 -0.0254112 -0
0.000210175 6 896.151 -0.0147401 -0
0.000210175 6 1389.5 -0.00872063 -0
0.000210175 6 2154.43 -0.00523834 -0
0.000210175 6 3340.48 -0.00313787 -0
0.000210175 6 5179.47 -0.00186692 -0
0.000210175 6 8030.86 -0.00107918 -0
0.000210175 6 12452 -0.000624184 -0
0.000210175 6 19307 -0.000361303 -0
0.000210175 6 29935.8 -0.000206739 -0
0.000210175 6 46415.9 -0.000116813 -0
0.000210175 6 71968.6 -6.44268e-05 -0
0.000210175 6 111588 -3.33742e-05 -0
0.000210175 6 173020 -1.71463e-05 -0
0.000210175 6 268270 -7.83321e-06 -0
0.000210175 6 415956 -2.95927e-06 -0
0.000210175 6 644947 -6.79595e-07 -0
0.000210175 6 1e+06 -2.55712e-07 -0

0.000512481 6 1e-06 -3.70665e+07 -0
0.000512481 6 1.55052e-06 -2.3906e+07 -0
0.000512481 6 2.4041e-06 -1.54181e+07 -0
0.000512481 6 3.72759e-06 -9.9439e+06 -0
0.000512481 6 5.77969e-06 -6.41333e+06 -0
0.000512481 6 8.96151e-06 -4.13629e+06 -0
0.000512481 6 1.3895e-05 -2.66773e+06 -0
0.000512481 6 2.15443e-05 -1.72058e+06 -0
0.000512481 6 3.34048e-05 -1.10972e+06 -0
0.000512481 6 5.17947e-05 -715750 -0
0.000512481 6 8.03086e-05 -461660 -0
0.000512481 6 0.00012452 -297785 -0
0.000512481 6 0.00019307 -192094 -0
0.000512481 6 0.000299358 -123929 -0
0.000512481 6 0.000464159 -79966.7 -0
0.000512481 6 0.000719686 -51613 -0
0.000512481 6 0.00111588 -33326.3 -0
0.000512481 6 0.0017302 -21532.1 -0
0.000512481 6 0.0026827 -13925.3 -0
0.000512481 6 0.00415956 -9018.84 -0
0.000512481 6 0.00644947 -5853.83 -0
0.000512481 6 0.01 -3811.62 -0
0.000512481 6 0.0155052 -2493.07 -0
0.000512481 6 0.024041 -1640.55 -0
0.000512481 6 0.0372759 -1087.63 -0
0.000512481 6 0.0577969 -726.688 -0
0.000512481 6 0.0896151 -488.124 -0
0.000512481 6 0.13895 -327.18 -0
0.000512481 6 0.215443 -215.65 -0
0.000512481 6 0.334048 -136.657 -0
0.000512481 6 0.517947 -80.6838 -0
0.000512481 6 0.803086 -42.2804 -0
0.000512481 6 1.2452 -19.0897 -0
0.000512481 6 1.9307 -8.48365 -0
0.000512481 6 2.99358 -2.81391 -0
0.000512481 6 4.64159 0.444232 -0
0.000512481 6 7.19686 0.0788122 -0
0.000512481 6 11.1588 0.601295 -0
0.000512481 6 17.302 0.0072932 -0
0.000512481 6 26.827 -0.302269 -0
0.000512481 6 41.5956 -0.205376 -0
0.000512481 6 64.4947 -0.123706 -0
0.000512481 6 100 -0.0776343 -0
0.000512481 6 155.052 -0.0469013 -0
0.000512481 6 240.41 -0.0274022 -0
0.000512481 6 372.759 -0.0169052 -0
0.000512481 6 577.969 -0.0104215 -0
0.000512481 6 896.151 -0.0060451 -0
0.000512481 6 1389.5 -0.00357645 -0
0.000512481 6 2154.43 -0.00214831 -0
0.000512481 6 3340.48 -0.00128688 -0
0.000512481 6 5179.47 -0.000765648 -0
0.000512481 6 8030.86 -0.000442587 -0
0.000512481 6 12452 -0.000255986 -0
0.000512481 6 19307 -0.000148175 -0
0.000512481 6 29935.8 -8.47864e-05 -0
0.000512481 6 46415.9 -4.79067e-05 -0
0.000512481 6 71968.6 -2.64223e-05 -0
0.000512481 6 111588 -1.36872e-05 -0
0.000512481 6 173020 -7.0319e-06 -0
0.000512481 6 268270 -3.2125e-06 -0
0.000512481 6 415956 -1.21363e-06 -0
0.000512481 6 644947 -2.78711e-07 -0
0.000512481 6 1e+06 -1.04871e-07 -0

0.00124961 6 1e-06 -1.5203e+07 -0
0.00124961 6 1.55052e-06 -9.80511e+06 -0
0.00124961 6 2.4041e-06 -6.32379e+06 -0
0.00124961 6 3.72759e-06 -4.07852e+06 -0
0.00124961 6 5.77969e-06 -2.63045e+06 -0
0.00124961 6 8.96151e-06 -1.69651e+06 -0
0.00124961 6 1.3895e-05 -1.09418e+06 -0
0.00124961 6 2.15443e-05 -705702 -0
0.00124961 6 3.34048e-05 -455156 -0
0.00124961 6 5.17947e-05 -293568 -0
0.00124961 6 8.03086e-05 -189351 -0
0.00124961 6 0.00012452 -122138 -0
0.00124961 6 0.00019307 -78788.3 -0
0.00124961 6 0.000299358 -50830.3 -0
0.00124961 6 0.000464159 -32798.8 -0
0.00124961 6 0.000719686 -21169.5 -0
0.00124961 6 0.00111588 -13669.1 -0
0.00124961 6 0.0017302 -8831.71 -0
0.00124961 6 0.0026827 -5711.74 -0
0.00124961 6 0.00415956 -3699.35 -0
0.00124961 6 0.00644947 -2401.21 -0
0.00124961 6 0.01 -1563.58 -0
0.00124961 6 0.0155052 -1022.77 -0
0.00124961 6 0.024041 -673.102 -0
0.00124961 6 0.0372759 -446.312 -0
0.00124961 6 0.0577969 -298.258 -0
0.00124961 6 0.0896151 -200.391 -0
0.00124961 6 0.13895 -134.354 -0
0.00124961 6 0.215443 -88.5761 -0
0.00124961 6 0.334048 -56.1374 -0
0.00124961 6 0.517947 -33.141 -0
0.00124961 6 0.803086 -17.3593 -0
0.00124961 6 1.2452 -7.83172 -0
0.00124961 6 1.9307 -3.47821 -0
0.00124961 6 2.99358 -1.15365 -0
0.00124961 6 4.64159 0.182142 -0
0.00124961 6 7.19686 0.03222 -0
0.00124961 6 11.1588 0.246527 -0
0.00124961 6 17.302 0.00296328 -0
0.00124961 6 26.827 -0.123974 -0
0.00124961 6 41.5956 -0.0842315 -0
0.00124961 6 64.4947 -0.0507353 -0
0.00124961 6 100 -0.0318395 -0
0.00124961 6 155.052 -0.0192351 -0
0.00124961 6 240.41 -0.0112381 -0
0.00124961 6 372.759 -0.00693309 -0
0.00124961 6 577.969 -0.00427399 -0
0.00124961 6 896.151 -0.00247918 -0
0.00124961 6 1389.5 -0.00146675 -0
0.00124961 6 2154.43 -0.000881051 -0
0.00124961 6 3340.48 -0.000527767 -0
0.00124961 6 5179.47 -0.000314002 -0
0.00124961 6 8030.86 -0.000181511 -0
0.00124961 6 12452 -0.000104983 -0
0.00124961 6 19307 -6.07684e-05 -0
0.00124961 6 29935.8 -3.4772e-05 -0
0.00124961 6 46415.9 -1.96471e-05 -0
0.00124961 6 71968.6 -1.08361e-05 -0
0.00124961 6 111588 -5.61329e-06 -0
0.00124961 6 173020 -2.88387e-06 -0
0.00124961 6 268270 -1.31749e-06 -0
0.00124961 6 415956 -4.97727e-07 -0
0.00124961 6 644947 -1.14303e-07 -0
0.00124961 6 1e+06 -4.30089e-08 -0

0.00304699 6 1e-06 -6.23625e+06 -0
0.00304699 6 1.55052e-06 -4.02205e+06 -0
0.00304699 6 2.4041e-06 -2.59402e+06 -0
0.00304699 6 3.72759e-06 -1.67301e+06 -0
0.00304699 6 5.77969e-06 -1.07901e+06 -0
0.00304699 6 8.96151e-06 -695909 -0
0.00304699 6 1.3895e-05 -448831 -0
0.00304699 6 2.15443e-05 -289479 -0
0.00304699 6 3.34048e-05 -186705 -0
0.00304699 6 5.17947e-05 -120421 -0
0.00304699 6 8.03086e-05 -77672.1 -0
0.00304699 6 0.00012452 -50101 -0
0.00304699 6 0.00019307 -32319.1 -0
0.00304699 6 0.000299358 -20850.8 -0
0.00304699 6 0.000464159 -13454.3 -0
0.00304699 6 0.000719686 -8683.92 -0
0.00304699 6 0.00111588 -5607.27 -0
0.00304699 6 0.0017302 -3622.97 -0
0.00304699 6 0.0026827 -2343.16 -0
0.00304699 6 0.00415956 -1517.68 -0
0.00304699 6 0.00644947 -985.179 -0
0.00304699 6 0.01 -641.585 -0
0.00304699 6 0.0155052 -419.741 -0
0.00304699 6 0.024041 -276.301 -0
0.00304699 6 0.0372759 -183.264 -0
0.00304699 6 0.0577969 -122.521 -0
0.00304699 6 0.0896151 -82.36 -0
0.00304699 6 0.13895 -55.2488 -0
0.00304699 6 0.215443 -36.4415 -0
0.00304699 6 0.334048 -23.1012 -0
0.00304699 6 0.517947 -13.6344 -0
0.00304699 6 0.803086 -7.13491 -0
0.00304699 6 1.2452 -3.21337 -0
0.00304699 6 1.9307 -1.42506 -0
0.00304699 6 2.99358 -0.47268 -0
0.00304699 6 4.64159 0.0746623 -0
0.00304699 6 7.19686 0.0131137 -0
0.00304699 6 11.1588 0.101033 -0
0.00304699 6 17.302 0.00118771 -0
0.00304699 6 26.827 -0.0508536 -0
0.00304699 6 41.5956 -0.0345486 -0
0.00304699 6 64.4947 -0.0208089 -0
0.00304699 6 100 -0.0130585 -0
0.00304699 6 155.052 -0.00788885 -0
0.00304699 6 240.41 -0.00460901 -0
0.00304699 6 372.759 -0.0028434 -0
0.00304699 6 577.969 -0.00175284 -0
0.00304699 6 896.151 -0.00101675 -0
0.00304699 6 1389.5 -0.000601535 -0
0.00304699 6 2154.43 -0.000361332 -0
0.00304699 6 3340.48 -0.000216444 -0
0.00304699 6 5179.47 -0.000128777 -0
0.00304699 6 8030.86 -7.444e-05 -0
0.00304699 6 12452 -4.30549e-05 -0
0.00304699 6 19307 -2.49219e-05 -0
0.00304699 6 29935.8 -1.42604e-05 -0
0.00304699 6 46415.9 -8.05754e-06 -0
0.00304699 6 71968.6 -4.44402e-06 -0
0.00304699 6 111588 -2.30208e-06 -0
0.00304699 6 173020 -1.18271e-06 -0
0.00304699 6 268270 -5.40318e-07 -0
0.00304699 6 415956 -2.04124e-07 -0
0.00304699 6 644947 -4.6877e-08 -0
0.00304699 6 1e+06 -1.76385e-08 -0

0.00742964 6 1e-06 -2.55883e+06 -0
0.00742964 6 1.55052e-06 -1.65031e+06 -0
0.00742964 6 2.4041e-06 -1.06437e+06 -0
0.00742964 6 3.72759e-06 -686462 -0
0.00742964 6 5.77969e-06 -442734 -0
0.00742964 6 8.96151e-06 -285543 -0
0.00742964 6 1.3895e-05 -184163 -0
0.00742964 6 2.15443e-05 -118778 -0
0.00742964 6 3.34048e-05 -76608.2 -0
0.00742964 6 5.17947e-05 -49411 -0
0.00742964 6 8.03086e-05 -31870.3 -0
0.00742964 6 0.00012452 -20557.4 -0
0.00742964 6 0.00019307 -13261.3 -0
0.00742964 6 0.000299358 -8555.61 -0
0.00742964 6 0.000464159 -5520.72 -0
0.00742964 6 0.000719686 -3563.36 -0
0.00742964 6 0.00111588 -2300.97 -0
0.00742964 6 0.0017302 -1486.78 -0
0.00742964 6 0.0026827 -961.651 -0
0.00742964 6 0.00415956 -622.942 -0
0.00742964 6 0.00644947 -404.448 -0
0.00742964 6 0.01 -263.464 -0
0.00742964 6 0.0155052 -172.434 -0
0.00742964 6 0.024041 -113.573 -0
0.00742964 6 0.0372759 -75.3902 -0
0.00742964 6 0.0577969 -50.4541 -0
0.00742964 6 0.0896151 -33.9579 -0
0.00742964 6 0.13895 -22.8097 -0
0.00742964 6 0.215443 -15.0619 -0
0.00742964 6 0.334048 -9.55264 -0
0.00742964 6 0.517947 -5.63374 -0
0.00742964 6 0.803086 -2.94088 -0
0.00742964 6 1.2452 -1.31892 -0
0.00742964 6 1.9307 -0.582946 -0
0.00742964 6 2.99358 -0.193378 -0
0.00742964 6 4.64159 0.030589 -0
0.00742964 6 7.19686 0.00527955 -0
0.00742964 6 11.1588 0.0413648 -0
0.00742964 6 17.302 0.000459682 -0
0.00742964 6 26.827 -0.0208657 -0
0.00742964 6 41.5956 -0.014173 -0
0.00742964 6 64.4947 -0.00853572 -0
0.00742964 6 100 -0.00535615 -0
0.00742964 6 155.052 -0.0032356 -0
0.00742964 6 240.41 -0.00189033 -0
0.00742964 6 372.759 -0.00116616 -0
0.00742964 6 577.969 -0.000718879 -0
0.00742964 6 896.151 -0.00041699 -0
0.00742964 6 1389.5 -0.0002467 -0
0.00742964 6 2154.43 -0.000148188 -0
0.00742964 6 3340.48 -8.8767e-05 -0
0.00742964 6 5179.47 -5.28131e-05 -0
0.00742964 6 8030.86 -3.05289e-05 -0
0.00742964 6 12452 -1.76574e-05 -0
0.00742964 6 19307 -1.02208e-05 -0
0.00742964 6 29935.8 -5.84839e-06 -0
0.00742964 6 46415.9 -3.3045e-06 -0
0.00742964 6 71968.6 -1.82255e-06 -0
0.00742964 6 111588 -9.44114e-07 -0
0.00742964 6 173020 -4.85046e-07 -0
0.00742964 6 268270 -2.21591e-07 -0
0.00742964 6 415956 -8.37139e-08 -0
0.00742964 6 644947 -1.92249e-08 -0
0.00742964 6 1e+06 -7.23378e-09 -0

0.0181161 6 1e-06 -1.05064e+06 -0
0.0181161 6 1.55052e-06 -677606 -0
0.0181161 6 2.4041e-06 -437021 -0
0.0181161 6 3.72759e-06 -281856 -0
0.0181161 6 5.77969e-06 -181784 -0
0.0181161 6 8.96151e-06 -117242 -0
0.0181161 6 1.3895e-05 -75616 -0
0.0181161 6 2.15443e-05 -48769.6 -0
0.0181161 6 3.34048e-05 -31455 -0
0.0181161 6 5.17947e-05 -20288 -0
0.0181161 6 8.03086e-05 -13085.9 -0
0.0181161 6 0.00012452 -8440.96 -0
0.0181161 6 0.00019307 -5445.2 -0
0.0181161 6 0.000299358 -3513.1 -0
0.0181161 6 0.000464159 -2266.99 -0
0.0181161 6 0.000719686 -1463.32 -0
0.0181161 6 0.00111588 -944.988 -0
0.0181161 6 0.0017302 -610.687 -0
0.0181161 6 0.0026827 -395.073 -0
0.0181161 6 0.00415956 -256 -0
0.0181161 6 0.00644947 -166.287 -0
0.0181161 6 0.01 -108.397 -0
0.0181161 6 0.0155052 -71.0171 -0
0.0181161 6 0.024041 -46.8435 -0
0.0181161 6 0.0372759 -31.1574 -0
0.0181161 6 0.0577969 -20.9062 -0
0.0181161 6 0.0896151 -14.1148 -0
0.0181161 6 0.13895 -9.51238 -0
0.0181161 6 0.215443 -6.29906 -0
0.0181161 6 0.334048 -3.99994 -0
0.0181161 6 0.517947 -2.35474 -0
0.0181161 6 0.803086 -1.2218 -0
0.0181161 6 1.2452 -0.54226 -0
0.0181161 6 1.9307 -0.237668 -0
0.0181161 6 2.99358 -0.078847 -0
0.0181161 6 4.64159 0.0125191 -0
0.0181161 6 7.19686 0.00206703 -0
0.0181161 6 11.1588 0.0168942 -0
0.0181161 6 17.302 0.000161175 -0
0.0181161 6 26.827 -0.00856725 -0
0.0181161 6 41.5956 -0.00581673 -0
0.0181161 6 64.4947 -0.00350233 -0
0.0181161 6 100 -0.00219732 -0
0.0181161 6 155.052 -0.00132725 -0
0.0181161 6 240.41 -0.000775363 -0
0.0181161 6 372.759 -0.000478302 -0
0.0181161 6 577.969 -0.00029484 -0
0.0181161 6 896.151 -0.00017102 -0
0.0181161 6 1389.5 -0.000101178 -0
0.0181161 6 2154.43 -6.07749e-05 -0
0.0181161 6 3340.48 -3.64049e-05 -0
0.0181161 6 5179.47 -2.16595e-05 -0
0.0181161 6 8030.86 -1.25203e-05 -0
0.0181161 6 12452 -7.24155e-06 -0
0.0181161 6 19307 -4.19169e-06 -0
0.0181161 6 29935.8 -2.3985e-06 -0
0.0181161 6 46415.9 -1.35522e-06 -0
0.0181161 6 71968.6 -7.47452e-07 -0
0.0181161 6 111588 -3.87193e-07 -0
0.0181161 6 173020 -1.98924e-07 -0
0.0181161 6 268270 -9.08775e-08 -0
0.0181161 6 415956 -3.43322e-08 -0
0.0181161 6 644947 -7.88437e-09 -0
0.0181161 6 1e+06 -2.96667e-09 -0

0.0441734 6 1e-06 -432039 -0
0.0441734 6 1.55052e-06 -278643 -0
0.0441734 6 2.4041e-06 -179710 -0
0.0441734 6 3.72759e-06 -115904 -0
0.0441734 6 5.77969e-06 -74752.7 -0
0.0441734 6 8.96151e-06 -48212.1 -0
0.0441734 6 1.3895e-05 -31094.8 -0
0.0441734 6 2.15443e-05 -20055.1 -0
0.0441734 6 3.34048e-05 -12935 -0
0.0441734 6 5.17947e-05 -8343 -0
0.0441734 6 8.03086e-05 -5381.38 -0
0.0441734 6 0.00012452 -3471.29 -0
0.0441734 6 0.00019307 -2239.39 -0
0.0441734 6 0.000299358 -1444.87 -0
0.0441734 6 0.000464159 -932.452 -0
0.0441734 6 0.000719686 -601.968 -0
0.0441734 6 0.00111588 -388.821 -0
0.0441734 6 0.0017302 -251.351 -0
0.0441734 6 0.0026827 -162.686 -0
0.0441734 6 0.00415956 -105.496 -0
0.0441734 6 0.00644947 -68.6028 -0
0.0441734 6 0.01 -44.7951 -0
0.0441734 6 0.0155052 -29.4202 -0
0.0441734 6 0.024041 -19.4739 -0
0.0441734 6 0.0372759 -13.015 -0
0.0441734 6 0.0577969 -8.78692 -0
0.0441734 6 0.0896151 -5.97605 -0
0.0441734 6 0.13895 -4.05852 -0
0.0441734 6 0.215443 -2.70515 -0
0.0441734 6 0.334048 -1.72283 -0
0.0441734 6 0.517947 -1.0103 -0
0.0441734 6 0.803086 -0.517152 -0
0.0441734 6 1.2452 -0.224027 -0
0.0441734 6 1.9307 -0.0962167 -0
0.0441734 6 2.99358 -0.0319067 -0
0.0441734 6 4.64159 0.00511892 -0
0.0441734 6 7.19686 0.000751836 -0
0.0441734 6 11.1588 0.0068589 -0
0.0441734 6 17.302 3.89282e-05 -0
0.0441734 6 26.827 -0.00352345 -0
0.0441734 6 41.5956 -0.0023897 -0
0.0441734 6 64.4947 -0.00143806 -0
0.0441734 6 100 -0.000901841 -0
0.0441734 6 155.052 -0.000544606 -0
0.0441734 6 240.41 -0.000318101 -0
0.0441734 6 372.759 -0.000196203 -0
0.0441734 6 577.969 -0.000120936 -0
0.0441734 6 896.151 -7.0145e-05 -0
0.0441734 6 1389.5 -4.14973e-05 -0
0.0441734 6 2154.43 -2.49257e-05 -0
0.0441734 6 3340.48 -1.49306e-05 -0
0.0441734 6 5179.47 -8.88303e-06 -0
0.0441734 6 8030.86 -5.13483e-06 -0
0.0441734 6 12452 -2.96988e-06 -0
0.0441734 6 19307 -1.71908e-06 -0
0.0441734 6 29935.8 -9.83662e-07 -0
0.0441734 6 46415.9 -5.55795e-07 -0
0.0441734 6 71968.6 -3.0654e-07 -0
0.0441734 6 111588 -1.58793e-07 -0
0.0441734 6 173020 -8.15812e-08 -0
0.0441734 6 268270 -3.72701e-08 -0
0.0441734 6 415956 -1.40801e-08 -0
0.0441734 6 644947 -3.23349e-09 -0
0.0441734 6 1e+06 -1.21667e-09 -0

0.107711 6 1e-06 -178201 -0
0.107711 6 1.55052e-06 -114930 -0
0.107711 6 2.4041e-06 -74124.2 -0
0.107711 6 3.72759e-06 -47806.4 -0
0.107711 6 5.77969e-06 -30832.9 -0
0.107711 6 8.96151e-06 -19885.9 -0
0.107711 6 1.3895e-05 -12825.7 -0
0.107711 6 2.15443e-05 -8272.2 -0
0.107711 6 3.34048e-05 -5335.45 -0
0.107711 6 5.17947e-05 -3441.4 -0
0.107711 6 8.03086e-05 -2219.84 -0
0.107711 6 0.00012452 -1432 -0
0.107711 6 0.00019307 -923.886 -0
0.107711 6 0.000299358 -596.179 -0
0.107711 6 0.000464159 -384.824 -0
0.107711 6 0.000719686 -248.512 -0
0.107711 6 0.00111588 -160.596 -0
0.107711 6 0.0017302 -103.894 -0
0.107711 6 0.0026827 -67.3227 -0
0.107711 6 0.00415956 -43.7329 -0
0.107711 6 0.00644947 -28.5143 -0
0.107711 6 0.01 -18.6921 -0
0.107711 6 0.0155052 -12.3468 -0
0.107711 6 0.024041 -8.23873 -0
0.107711 6 0.0372759 -5.56624 -0
0.107711 6 0.0577969 -3.80988 -0
0.107711 6 0.0896151 -2.63265 -0
0.107711 6 0.13895 -1.81724 -0
0.107711 6 0.215443 -1.22764 -0
0.107711 6 0.334048 -0.786394 -0
0.107711 6 0.517947 -0.457402 -0
0.107711 6 0.803086 -0.227502 -0
0.107711 6 1.2452 -0.0933663 -0
0.107711 6 1.9307 -0.0382206 -0
0.107711 6 2.99358 -0.0126759 -0
0.107711 6 4.64159 0.00207859 -0
0.107711 6 7.19686 0.000213862 -0
0.107711 6 11.1588 0.00274443 -0
0.107711 6 17.302 -1.08017e-05 -0
0.107711 6 26.827 -0.00145477 -0
0.107711 6 41.5956 -0.000984165 -0
0.107711 6 64.4947 -0.00059146 -0
0.107711 6 100 -0.000370542 -0
0.107711 6 155.052 -0.000223633 -0
0.107711 6 240.41 -0.000130572 -0
0.107711 6 372.759 -8.05105e-05 -0
0.107711 6 577.969 -4.96156e-05 -0
0.107711 6 896.151 -2.87748e-05 -0
0.107711 6 1389.5 -1.70215e-05 -0
0.107711 6 2154.43 -1.02235e-05 -0
0.107711 6 3340.48 -6.1237e-06 -0
0.107711 6 5179.47 -3.64323e-06 -0
0.107711 6 8030.86 -2.10593e-06 -0
0.107711 6 12452 -1.21802e-06 -0
0.107711 6 19307 -7.05028e-07 -0
0.107711 6 29935.8 -4.03417e-07 -0
0.107711 6 46415.9 -2.2794e-07 -0
0.107711 6 71968.6 -1.25717e-07 -0
0.107711 6 111588 -6.51234e-08 -0
0.107711 6 173020 -3.34576e-08 -0
0.107711 6 268270 -1.5285e-08 -0
0.107711 6 415956 -5.77443e-09 -0
0.107711 6 644947 -1.3261e-09 -0
0.107711 6 1e+06 -4.98974e-10 -0

0.262636 6 1e-06 -73764.1 -0
0.262636 6 1.55052e-06 -47574.1 -0
0.262636 6 2.4041e-06 -30683 -0
0.262636 6 3.72759e-06 -19789.1 -0
0.262636 6 5.77969e-06 -12763.1 -0
0.262636 6 8.96151e-06 -8231.74 -0
0.262636 6 1.3895e-05 -5309.24 -0
0.262636 6 2.15443e-05 -3424.38 -0
0.262636 6 3.34048e-05 -2208.75 -0
0.262636 6 5.17947e-05 -1424.73 -0
0.262636 6 8.03086e-05 -919.083 -0
0.262636 6 0.00012452 -592.966 -0
0.262636 6 0.00019307 -382.637 -0
0.262636 6 0.000299358 -246.987 -0
0.262636 6 0.000464159 -159.499 -0
0.262636 6 0.000719686 -103.074 -0
0.262636 6 0.00111588 -66.6823 -0
0.262636 6 0.0017302 -43.2108 -0
0.262636 6 0.0026827 -28.0718 -0
0.262636 6 0.00415956 -18.3062 -0
0.262636 6 0.00644947 -12.0051 -0
0.262636 6 0.01 -7.93711 -0
0.262636 6 0.0155052 -5.30709 -0
0.262636 6 0.024041 -3.60134 -0
0.262636 6 0.0372759 -2.4872 -0
0.262636 6 0.0577969 -1.74853 -0
0.262636 6 0.0896151 -1.24455 -0
0.262636 6 0.13895 -0.884198 -0
0.262636 6 0.215443 -0.611015 -0
0.262636 6 0.334048 -0.395019 -0
0.262636 6 0.517947 -0.226528 -0
0.262636 6 0.803086 -0.107071 -0
0.262636 6 1.2452 -0.0394594 -0
0.262636 6 1.9307 -0.0144553 -0
0.262636 6 2.99358 -0.00480692 -0
0.262636 6 4.64159 0.000826605 -0
0.262636 6 7.19686 -5.76102e-06 -0
0.262636 6 11.1588 0.00105799 -0
0.262636 6 17.302 -3.08645e-05 -0
0.262636 6 26.827 -0.00060625 -0
0.262636 6 41.5956 -0.000407695 -0
0.262636 6 64.4947 -0.000244244 -0
0.262636 6 100 -0.000152647 -0
0.262636 6 155.052 -9.19969e-05 -0
0.262636 6 240.41 -5.36631e-05 -0
0.262636 6 372.759 -3.30636e-05 -0
0.262636 6 577.969 -2.03662e-05 -0
0.262636 6 896.151 -1.18084e-05 -0
0.262636 6 1389.5 -6.98369e-06 -0
0.262636 6 2154.43 -4.19397e-06 -0
0.262636 6 3340.48 -2.51187e-06 -0
0.262636 6 5179.47 -1.49432e-06 -0
0.262636 6 8030.86 -8.63746e-07 -0
0.262636 6 12452 -4.99554e-07 -0
0.262636 6 19307 -2.89153e-07 -0
0.262636 6 29935.8 -1.65451e-07 -0
0.262636 6 46415.9 -9.34832e-08 -0
0.262636 6 71968.6 -5.15589e-08 -0
0.262636 6 111588 -2.67083e-08 -0
0.262636 6 173020 -1.37215e-08 -0
0.262636 6 268270 -6.26862e-09 -0
0.262636 6 415956 -2.36819e-09 -0
0.262636 6 644947 -5.43857e-10 -0
0.262636 6 1e+06 -2.04637e-10 -0

0.6404 6 1e-06 -30266.8 -0
0.6404 6 1.55052e-06 -19520.6 -0
0.6404 6 2.4041e-06 -12589.9 -0
0.6404 6 3.72759e-06 -8119.95 -0
0.6404 6 5.77969e-06 -5237.07 -0
0.6404 6 8.96151e-06 -3377.77 -0
0.6404 6 1.3895e-05 -2178.62 -0
0.6404 6 2.15443e-05 -1405.24 -0
0.6404 6 3.34048e-05 -906.442 -0
0.6404 6 5.17947e-05 -584.746 -0
0.6404 6 8.03086e-05 -377.27 -0
0.6404 6 0.00012452 -243.459 -0
0.6404 6 0.00019307 -157.158 -0
0.6404 6 0.000299358 -101.498 -0
0.6404 6 0.000464159 -65.6002 -0
0.6404 6 0.000719686 -42.4479 -0
0.6404 6 0.00111588 -27.5156 -0
0.6404 6 0.0017302 -17.8845 -0
0.6404 6 0.0026827 -11.6723 -0
0.6404 6 0.00415956 -7.66456 -0
0.6404 6 0.00644947 -5.07803 -0
0.6404 6 0.01 -3.40714 -0
0.6404 6 0.0155052 -2.32539 -0
0.6404 6 0.024041 -1.62153 -0
0.6404 6 0.0372759 -1.15843 -0
0.6404 6 0.0577969 -0.846587 -0
0.6404 6 0.0896151 -0.627274 -0
0.6404 6 0.13895 -0.462293 -0
0.6404 6 0.215443 -0.32837 -0
0.6404 6 0.334048 -0.214733 -0
0.6404 6 0.517947 -0.121276 -0
0.6404 6 0.803086 -0.0538082 -0
0.6404 6 1.2452 -0.0167647 -0
0.6404 6 1.9307 -0.00485642 -0
0.6404 6 2.99358 -0.00164587 -0
0.6404 6 4.64159 0.000304663 -0
0.6404 6 7.19686 -9.34576e-05 -0
0.6404 6 11.1588 0.000367905 -0
0.6404 6 17.302 -3.86354e-05 -0
0.6404 6 26.827 -0.000258127 -0
0.6404 6 41.5956 -0.000171235 -0
0.6404 6 64.4947 -0.000101836 -0
0.6404 6 100 -6.3283e-05 -0
0.6404 6 155.052 -3.80109e-05 -0
0.6404 6 240.41 -2.21219e-05 -0
0.6404 6 372.759 -1.36049e-05 -0
0.6404 6 577.969 -8.37068e-06 -0
0.6404 6 896.151 -4.85018e-06 -0
0.6404 6 1389.5 -2.86705e-06 -0
0.6404 6 2154.43 -1.72117e-06 -0
0.6404 6 3340.48 -1.03062e-06 -0
0.6404 6 5179.47 -6.1303e-07 -0
0.6404 6 8030.86 -3.54309e-07 -0
0.6404 6 12452 -2.04904e-07 -0
0.6404 6 19307 -1.18597e-07 -0
0.6404 6 29935.8 -6.78585e-08 -0
0.6404 6 46415.9 -3.83406e-08 -0
0.6404 6 71968.6 -2.11457e-08 -0
0.6404 6 111588 -1.09537e-08 -0
0.6404 6 173020 -5.6275e-09 -0
0.6404 6 268270 -2.57089e-09 -0
0.6404 6 415956 -9.71243e-10 -0
0.6404 6 644947 -2.2305e-10 -0
0.6404 6 1e+06 -8.39265e-11 -0

1.56152 6 1e-06 -11594.9 -0
1.56152 6 1.55052e-06 -7478.15 -0
1.56152 6 2.4041e-06 -4823.08 -0
1.56152 6 3.72759e-06 -3110.7 -0
1.56152 6 5.77969e-06 -2006.31 -0
1.56152 6 8.96151e-06 -1294.03 -0
1.56152 6 1.3895e-05 -834.654 -0
1.56152 6 2.15443e-05 -538.379 -0
1.56152 6 3.34048e-05 -347.297 -0
1.56152 6 5.17947e-05 -224.059 -0
1.56152 6 8.03086e-05 -144.578 -0
1.56152 6 0.00012452 -93.3161 -0
1.56152 6 0.00019307 -60.2552 -0
1.56152 6 0.000299358 -38.9326 -0
1.56152 6 0.000464159 -25.1806 -0
1.56152 6 0.000719686 -16.3112 -0
1.56152 6 0.00111588 -10.5908 -0
1.56152 6 0.0017302 -6.90118 -0
1.56152 6 0.0026827 -4.52121 -0
1.56152 6 0.00415956 -2.98569 -0
1.56152 6 0.00644947 -1.99451 -0
1.56152 6 0.01 -1.35392 -0
1.56152 6 0.0155052 -0.938761 -0
1.56152 6 0.024041 -0.667973 -0
1.56152 6 0.0372759 -0.488836 -0
1.56152 6 0.0577969 -0.366812 -0
1.56152 6 0.0896151 -0.279098 -0
1.56152 6 0.13895 -0.21076 -0
1.56152 6 0.215443 -0.152747 -0
1.56152 6 0.334048 -0.101228 -0
1.56152 6 0.517947 -0.0571725 -0
1.56152 6 0.803086 -0.0244644 -0
1.56152 6 1.2452 -0.00642863 -0
1.56152 6 1.9307 -0.00125392 -0
1.56152 6 2.99358 -0.000496098 -0
1.56152 6 4.64159 6.3734e-05 -0
1.56152 6 7.19686 -0.000125797 -0
1.56152 6 11.1588 8.81057e-05 -0
1.56152 6 17.302 -4.06602e-05 -0
1.56152 6 26.827 -0.000115001 -0
1.56152 6 41.5956 -7.41478e-05 -0
1.56152 6 64.4947 -4.33991e-05 -0
1.56152 6 100 -2.66238e-05 -0
1.56152 6 155.052 -1.58677e-05 -0
1.56152 6 240.41 -9.18562e-06 -0
1.56152 6 372.759 -5.62444e-06 -0
1.56152 6 577.969 -3.45108e-06 -0
1.56152 6 896.151 -1.99652e-06 -0
1.56152 6 1389.5 -1.17875e-06 -0
1.56152 6 2154.43 -7.07039e-07 -0
1.56152 6 3340.48 -4.23137e-07 -0
1.56152 6 5179.47 -2.51599e-07 -0
1.56152 6 8030.86 -1.45382e-07 -0
1.56152 6 12452 -8.40638e-08 -0
1.56152 6 19307 -4.86503e-08 -0
1.56152 6 29935.8 -2.78344e-08 -0
1.56152 6 46415.9 -1.57259e-08 -0
1.56152 6 71968.6 -8.67292e-09 -0
1.56152 6 111588 -4.49257e-09 -0
1.56152 6 173020 -2.30803e-09 -0
1.56152 6 268270 -1.0544e-09 -0
1.56152 6 415956 -3.98338e-10 -0
1.56152 6 644947 -9.14821e-11 -0
1.56152 6 1e+06 -3.44214e-11 -0

3.80755 6 1e-06 -3795.69 -0
3.80755 6 1.55052e-06 -2448.03 -0
3.80755 6 2.4041e-06 -1578.87 -0
3.80755 6 3.72759e-06 -1018.3 -0
3.80755 6 5.77969e-06 -656.764 -0
3.80755 6 8.96151e-06 -423.592 -0
3.80755 6 1.3895e-05 -273.209 -0
3.80755 6 2.15443e-05 -176.22 -0
3.80755 6 3.34048e-05 -113.668 -0
3.80755 6 5.17947e-05 -73.3244 -0
3.80755 6 8.03086e-05 -47.3052 -0
3.80755 6 0.00012452 -30.5242 -0
3.80755 6 0.00019307 -19.7014 -0
3.80755 6 0.000299358 -12.7212 -0
3.80755 6 0.000464159 -8.21933 -0
3.80755 6 0.000719686 -5.31586 -0
3.80755 6 0.00111588 -3.44324 -0
3.80755 6 0.0017302 -2.23546 -0
3.80755 6 0.0026827 -1.45644 -0
3.80755 6 0.00415956 -0.953901 -0
3.80755 6 0.00644947 -0.629628 -0
3.80755 6 0.01 -0.420236 -0
3.80755 6 0.0155052 -0.284805 -0
3.80755 6 0.024041 -0.196878 -0
3.80755 6 0.0372759 -0.139304 -0
3.80755 6 0.0577969 -0.100916 -0
3.80755 6 0.0896151 -0.074393 -0
3.80755 6 0.13895 -0.0549439 -0
3.80755 6 0.215443 -0.0395356 -0
3.80755 6 0.334048 -0.026518 -0
3.80755 6 0.517947 -0.0154355 -0
3.80755 6 0.803086 -0.00678659 -0
3.80755 6 1.2452 -0.00167239 -0
3.80755 6 1.9307 -0.000314932 -0
3.80755 6 2.99358 -0.000236012 -0
3.80755 6 4.64159 -6.52747e-05 -0
3.80755 6 7.19686 -0.000128516 -0
3.80755 6 11.1588 -1.91026e-05 -0
3.80755 6 17.302 -3.89147e-05 -0
3.80755 6 26.827 -5.54943e-05 -0
3.80755 6 41.5956 -3.40706e-05 -0
3.80755 6 64.4947 -1.93533e-05 -0
3.80755 6 100 -1.15653e-05 -0
3.80755 6 155.052 -6.7793e-06 -0
3.80755 6 240.41 -3.87819e-06 -0
3.80755 6 372.759 -2.35093e-06 -0
3.80755 6 577.969 -1.43331e-06 -0
3.80755 6 896.151 -8.26153e-07 -0
3.80755 6 1389.5 -4.86348e-07 -0
3.80755 6 2154.43 -2.91128e-07 -0
3.80755 6 3340.48 -1.74e-07 -0
3.80755 6 5179.47 -1.03372e-07 -0
3.80755 6 8030.86 -5.96987e-08 -0
3.80755 6 12452 -3.45057e-08 -0
3.80755 6 19307 -1.99641e-08 -0
3.80755 6 29935.8 -1.14201e-08 -0
3.80755 6 46415.9 -6.45133e-09 -0
3.80755 6 71968.6 -3.55765e-09 -0
3.80755 6 111588 -1.84278e-09 -0
3.80755 6 173020 -9.4668e-10 -0
3.80755 6 268270 -4.32474e-10 -0
3.80755 6 415956 -1.63382e-10 -0
3.80755 6 644947 -3.75246e-11 -0
3.80755 6 1e+06 -1.41187e-11 -0

9.28415 6 1e-06 -1115.95 -0
9.28415 6 1.55052e-06 -719.726 -0
9.28415 6 2.4041e-06 -464.185 -0
9.28415 6 3.72759e-06 -299.375 -0
9.28415 6 5.77969e-06 -193.081 -0
9.28415 6 8.96151e-06 -124.528 -0
9.28415 6 1.3895e-05 -80.3141 -0
9.28415 6 2.15443e-05 -51.7987 -0
9.28415 6 3.34048e-05 -33.4078 -0
9.28415 6 5.17947e-05 -21.5467 -0
9.28415 6 8.03086e-05 -13.8969 -0
9.28415 6 0.00012452 -8.96315 -0
9.28415 6 0.00019307 -5.78116 -0
9.28415 6 0.000299358 -3.72895 -0
9.28415 6 0.000464159 -2.40538 -0
9.28415 6 0.000719686 -1.55175 -0
9.28415 6 0.00111588 -1.00121 -0
9.28415 6 0.0017302 -0.646135 -0
9.28415 6 0.0026827 -0.417131 -0
9.28415 6 0.00415956 -0.269435 -0
9.28415 6 0.00644947 -0.174177 -0
9.28415 6 0.01 -0.112739 -0
9.28415 6 0.0155052 -0.0731105 -0
9.28415 6 0.024041 -0.0475466 -0
9.28415 6 0.0372759 -0.0310496 -0
9.28415 6 0.0577969 -0.0203944 -0
9.28415 6 0.0896151 -0.0134962 -0
9.28415 6 0.13895 -0.00900265 -0
9.28415 6 0.215443 -0.00602764 -0
9.28415 6 0.334048 -0.00397717 -0
9.28415 6 0.517947 -0.00245263 -0
9.28415 6 0.803086 -0.00125376 -0
9.28415 6 1.2452 -0.000481308 -0
9.28415 6 1.9307 -0.000281036 -0
9.28415 6 2.99358 -0.000235912 -0
9.28415 6 4.64159 -0.000123006 -0
9.28415 6 7.19686 -0.00010882 -0
9.28415 6 11.1588 -4.8861e-05 -0
9.28415 6 17.302 -3.31962e-05 -0
9.28415 6 26.827 -2.94683e-05 -0
9.28415 6 41.5956 -1.7092e-05 -0
9.28415 6 64.4947 -9.32102e-06 -0
9.28415 6 100 -5.33758e-06 -0
9.28415 6 155.052 -3.03636e-06 -0
9.28415 6 240.41 -1.69699e-06 -0
9.28415 6 372.759 -1.00713e-06 -0
9.28415 6 577.969 -6.05439e-07 -0
9.28415 6 896.151 -3.46069e-07 -0
9.28415 6 1389.5 -2.02357e-07 -0
9.28415 6 2154.43 -1.20551e-07 -0
9.28415 6 3340.48 -7.18242e-08 -0
9.28415 6 5179.47 -4.25815e-08 -0
9.28415 6 8030.86 -2.45587e-08 -0
9.28415 6 12452 -1.41813e-08 -0
9.28415 6 19307 -8.19955e-09 -0
9.28415 6 29935.8 -4.68833e-09 -0
9.28415 6 46415.9 -2.64771e-09 -0
9.28415 6 71968.6 -1.45982e-09 -0
9.28415 6 111588 -7.56062e-10 -0
9.28415 6 173020 -3.88371e-10 -0
9.28415 6 268270 -1.77413e-10 -0
9.28415 6 415956 -6.70241e-11 -0
9.28415 6 644947 -1.5396e-11 -0
9.28415 6 1e+06 -5.7923e-12 -0

22.638 6 1e-06 -338.211 -0
22.638 6 1.55052e-06 -218.128 -0
22.638 6 2.4041e-06 -140.681 -0
22.638 6 3.72759e-06 -90.7318 -0
22.638 6 5.77969e-06 -58.5172 -0
22.638 6 8.96151e-06 -37.7405 -0
22.638 6 1.3895e-05 -24.3406 -0
22.638 6 2.15443e-05 -15.6984 -0
22.638 6 3.34048e-05 -10.1246 -0
22.638 6 5.17947e-05 -6.52984 -0
22.638 6 8.03086e-05 -4.21139 -0
22.638 6 0.00012452 -2.71612 -0
22.638 6 0.00019307 -1.75175 -0
22.638 6 0.000299358 -1.12979 -0
22.638 6 0.000464159 -0.728652 -0
22.638 6 0.000719686 -0.469941 -0
22.638 6 0.00111588 -0.303087 -0
22.638 6 0.0017302 -0.195475 -0
22.638 6 0.0026827 -0.126071 -0
22.638 6 0.00415956 -0.0813102 -0
22.638 6 0.00644947 -0.0524428 -0
22.638 6 0.01 -0.0338262 -0
22.638 6 0.0155052 -0.0218218 -0
22.638 6 0.024041 -0.0140828 -0
22.638 6 0.0372759 -0.00909632 -0
22.638 6 0.0577969 -0.0058869 -0
22.638 6 0.0896151 -0.00382552 -0
22.638 6 0.13895 -0.00250568 -0
22.638 6 0.215443 -0.00166227 -0
22.638 6 0.334048 -0.00111763 -0
22.638 6 0.517947 -0.00074876 -0
22.638 6 0.803086 -0.000478975 -0
22.638 6 1.2452 -0.000295038 -0
22.638 6 1.9307 -0.000212019 -0
22.638 6 2.99358 -0.000165816 -0
22.638 6 4.64159 -9.79453e-05 -0
22.638 6 7.19686 -6.95268e-05 -0
22.638 6 11.1588 -4.09107e-05 -0
22.638 6 17.302 -2.34096e-05 -0
22.638 6 26.827 -1.62032e-05 -0
22.638 6 41.5956 -9.1861e-06 -0
22.638 6 64.4947 -4.88971e-06 -0
22.638 6 100 -2.68197e-06 -0
22.638 6 155.052 -1.46959e-06 -0
22.638 6 240.41 -7.92972e-07 -0
22.638 6 372.759 -4.53275e-07 -0
22.638 6 577.969 -2.65128e-07 -0
22.638 6 896.151 -1.48959e-07 -0
22.638 6 1389.5 -8.58287e-08 -0
22.638 6 2154.43 -5.05793e-08 -0
22.638 6 3340.48 -2.99163e-08 -0
22.638 6 5179.47 -1.76496e-08 -0
22.638 6 8030.86 -1.01471e-08 -0
22.638 6 12452 -5.84602e-09 -0
22.638 6 19307 -3.37475e-09 -0
22.638 6 29935.8 -1.92756e-09 -0
22.638 6 46415.9 -1.0878e-09 -0
22.638 6 71968.6 -5.99475e-10 -0
22.638 6 111588 -3.10387e-10 -0
22.638 6 173020 -1.59402e-10 -0
22.638 6 268270 -7.28091e-11 -0
22.638 6 415956 -2.75064e-11 -0
22.638 6 644947 -6.32078e-12 -0
22.638 6 1e+06 -2.37755e-12 -0

55.1995 6 1e-06 -109.309 -0
55.1995 6 1.55052e-06 -70.4985 -0
55.1995 6 2.4041e-06 -45.4678 -0
55.1995 6 3.72759e-06 -29.3243 -0
55.1995 6 5.77969e-06 -18.9126 -0
55.1995 6 8.96151e-06 -12.1976 -0
55.1995 6 1.3895e-05 -7.86684 -0
55.1995 6 2.15443e-05 -5.07371 -0
55.1995 6 3.34048e-05 -3.27229 -0
55.1995 6 5.17947e-05 -2.11046 -0
55.1995 6 8.03086e-05 -1.36115 -0
55.1995 6 0.00012452 -0.877884 -0
55.1995 6 0.00019307 -0.566202 -0
55.1995 6 0.000299358 -0.365184 -0
55.1995 6 0.000464159 -0.235539 -0
55.1995 6 0.000719686 -0.151924 -0
55.1995 6 0.00111588 -0.0979971 -0
55.1995 6 0.0017302 -0.0632171 -0
55.1995 6 0.0026827 -0.0407859 -0
55.1995 6 0.00415956 -0.0263191 -0
55.1995 6 0.00644947 -0.0169889 -0
55.1995 6 0.01 -0.0109717 -0
55.1995 6 0.0155052 -0.00709118 -0
55.1995 6 0.024041 -0.00458894 -0
55.1995 6 0.0372759 -0.00297582 -0
55.1995 6 0.0577969 -0.00193638 -0
55.1995 6 0.0896151 -0.00126721 -0
55.1995 6 0.13895 -0.000836947 -0
55.1995 6 0.215443 -0.000560437 -0
55.1995 6 0.334048 -0.00038169 -0
55.1995 6 0.517947 -0.000263165 -0
55.1995 6 0.803086 -0.000180626 -0
55.1995 6 1.2452 -0.000123502 -0
55.1995 6 1.9307 -9.0138e-05 -0
55.1995 6 2.99358 -6.966e-05 -0
55.1995 6 4.64159 -4.5345e-05 -0
55.1995 6 7.19686 -3.0931e-05 -0
55.1995 6 11.1588 -2.12441e-05 -0
55.1995 6 17.302 -1.24903e-05 -0
55.1995 6 26.827 -8.03338e-06 -0
55.1995 6 41.5956 -4.76629e-06 -0
55.1995 6 64.4947 -2.61922e-06 -0
55.1995 6 100 -1.4316e-06 -0
55.1995 6 155.052 -7.72129e-07 -0
55.1995 6 240.41 -4.04719e-07 -0
55.1995 6 372.759 -2.20798e-07 -0
55.1995 6 577.969 -1.23966e-07 -0
55.1995 6 896.151 -6.7655e-08 -0
55.1995 6 1389.5 -3.79069e-08 -0
55.1995 6 2154.43 -2.18464e-08 -0
55.1995 6 3340.48 -1.27194e-08 -0
55.1995 6 5179.47 -7.42211e-09 -0
55.1995 6 8030.86 -4.23604e-09 -0
55.1995 6 12452 -2.42745e-09 -0
55.1995 6 19307 -1.39601e-09 -0
55.1995 6 29935.8 -7.95334e-10 -0
55.1995 6 46415.9 -4.48061e-10 -0
55.1995 6 71968.6 -2.46637e-10 -0
55.1995 6 111588 -1.27611e-10 -0
55.1995 6 173020 -6.54996e-11 -0
55.1995 6 268270 -2.991e-11 -0
55.1995 6 415956 -1.12998e-11 -0
55.1995 6 644947 -2.59895e-12 -0
55.1995 6 1e+06 -9.7713e-13 -0

134.596 6 1e-06 -36.9296 -0
134.596 6 1.55052e-06 -23.8176 -0
134.596 6 2.4041e-06 -15.3611 -0
134.596 6 3.72759e-06 -9.9071 -0
134.596 6 5.77969e-06 -6.38955 -0
134.596 6 8.96151e-06 -4.12093 -0
134.596 6 1.3895e-05 -2.65778 -0
134.596 6 2.15443e-05 -1.71413 -0
134.596 6 3.34048e-05 -1.10553 -0
134.596 6 5.17947e-05 -0.713009 -0
134.596 6 8.03086e-05 -0.459857 -0
134.596 6 0.00012452 -0.296587 -0
134.596 6 0.00019307 -0.191286 -0
134.596 6 0.000299358 -0.123373 -0
134.596 6 0.000464159 -0.0795728 -0
134.596 6 0.000719686 -0.0513239 -0
134.596 6 0.00111588 -0.0331049 -0
134.596 6 0.0017302 -0.0213546 -0
134.596 6 0.0026827 -0.0137763 -0
134.596 6 0.00415956 -0.00888872 -0
134.596 6 0.00644947 -0.0057365 -0
134.596 6 0.01 -0.00370353 -0
134.596 6 0.0155052 -0.00239241 -0
134.596 6 0.024041 -0.00154689 -0
134.596 6 0.0372759 -0.00100167 -0
134.596 6 0.0577969 -0.00065018 -0
134.596 6 0.0896151 -0.000423671 -0
134.596 6 0.13895 -0.00027779 -0
134.596 6 0.215443 -0.000183869 -0
134.596 6 0.334048 -0.000123266 -0
134.596 6 0.517947 -8.37366e-05 -0
134.596 6 0.803086 -5.73077e-05 -0
134.596 6 1.2452 -3.94765e-05 -0
134.596 6 1.9307 -2.82862e-05 -0
134.596 6 2.99358 -2.13343e-05 -0
134.596 6 4.64159 -1.47589e-05 -0
134.596 6 7.19686 -1.0147e-05 -0
134.596 6 11.1588 -7.62765e-06 -0
134.596 6 17.302 -4.91109e-06 -0
134.596 6 26.827 -3.20265e-06 -0
134.596 6 41.5956 -2.08346e-06 -0
134.596 6 64.4947 -1.25721e-06 -0
134.596 6 100 -7.3256e-07 -0
134.596 6 155.052 -4.11927e-07 -0
134.596 6 240.41 -2.18895e-07 -0
134.596 6 372.759 -1.16604e-07 -0
134.596 6 577.969 -6.3223e-08 -0
134.596 6 896.151 -3.34264e-08 -0
134.596 6 1389.5 -1.79912e-08 -0
134.596 6 2154.43 -9.98658e-09 -0
134.596 6 3340.48 -5.64511e-09 -0
134.596 6 5179.47 -3.22167e-09 -0
134.596 6 8030.86 -1.81024e-09 -0
134.596 6 12452 -1.02503e-09 -0
134.596 6 19307 -5.84404e-10 -0
134.596 6 29935.8 -3.30972e-10 -0
134.596 6 46415.9 -1.85693e-10 -0
134.596 6 71968.6 -1.01934e-10 -0
134.596 6 111588 -5.26522e-11 -0
134.596 6 173020 -2.69892e-11 -0
134.596 6 268270 -1.23166e-11 -0
134.596 6 415956 -4.65331e-12 -0
134.596 6 644947 -1.07261e-12 -0
134.596 6 1e+06 -4.02814e-13 -0

328.193 6 1e-06 -12.7682 -0
328.193 6 1.55052e-06 -8.23484 -0
328.193 6 2.4041e-06 -5.31103 -0
328.193 6 3.72759e-06 -3.42533 -0
328.193 6 5.77969e-06 -2.20916 -0
328.193 6 8.96151e-06 -1.42479 -0
328.193 6 1.3895e-05 -0.918914 -0
328.193 6 2.15443e-05 -0.592651 -0
328.193 6 3.34048e-05 -0.382229 -0
328.193 6 5.17947e-05 -0.246518 -0
328.193 6 8.03086e-05 -0.158992 -0
328.193 6 0.00012452 -0.102542 -0
328.193 6 0.00019307 -0.0661347 -0
328.193 6 0.000299358 -0.042654 -0
328.193 6 0.000464159 -0.0275102 -0
328.193 6 0.000719686 -0.0177433 -0
328.193 6 0.00111588 -0.0114442 -0
328.193 6 0.0017302 -0.00738155 -0
328.193 6 0.0026827 -0.00476138 -0
328.193 6 0.00415956 -0.00307152 -0
328.193 6 0.00644947 -0.00198165 -0
328.193 6 0.01 -0.00127874 -0
328.193 6 0.0155052 -0.000825415 -0
328.193 6 0.024041 -0.000533055 -0
328.193 6 0.0372759 -0.000344515 -0
328.193 6 0.0577969 -0.00022294 -0
328.193 6 0.0896151 -0.000144561 -0
328.193 6 0.13895 -9.40454e-05 -0
328.193 6 0.215443 -6.14962e-05 -0
328.193 6 0.334048 -4.0508e-05 -0
328.193 6 0.517947 -2.69155e-05 -0
328.193 6 0.803086 -1.8013e-05 -0
328.193 6 1.2452 -1.21387e-05 -0
328.193 6 1.9307 -8.38268e-06 -0
328.193 6 2.99358 -6.03186e-06 -0
328.193 6 4.64159 -4.18795e-06 -0
328.193 6 7.19686 -2.86099e-06 -0
328.193 6 11.1588 -2.16815e-06 -0
328.193 6 17.302 -1.48091e-06 -0
328.193 6 26.827 -9.86728e-07 -0
328.193 6 41.5956 -6.99488e-07 -0
328.193 6 64.4947 -4.75482e-07 -0
328.193 6 100 -3.1177e-07 -0
328.193 6 155.052 -1.94827e-07 -0
328.193 6 240.41 -1.12213e-07 -0
328.193 6 372.759 -6.20746e-08 -0
328.193 6 577.969 -3.40248e-08 -0
328.193 6 896.151 -1.79246e-08 -0
328.193 6 1389.5 -9.35667e-09 -0
328.193 6 2154.43 -4.97911e-09 -0
328.193 6 3340.48 -2.70067e-09 -0
328.193 6 5179.47 -1.48637e-09 -0
328.193 6 8030.86 -8.11804e-10 -0
328.193 6 12452 -4.48903e-10 -0
328.193 6 19307 -2.51292e-10 -0
328.193 6 29935.8 -1.40464e-10 -0
328.193 6 46415.9 -7.8077e-11 -0
328.193 6 71968.6 -4.25857e-11 -0
328.193 6 111588 -2.19104e-11 -0
328.193 6 173020 -1.11956e-11 -0
328.193 6 268270 -5.10146e-12 -0
328.193 6 415956 -1.92756e-12 -0
328.193 6 644947 -4.46672e-13 -0
328.193 6 1e+06 -1.67294e-13 -0

800.25 6 1e-06 -4.45474 -0
800.25 6 1.55052e-06 -2.87307 -0
800.25 6 2.4041e-06 -1.85298 -0
800.25 6 3.72759e-06 -1.19507 -0
800.25 6 5.77969e-06 -0.770757 -0
800.25 6 8.96151e-06 -0.497097 -0
800.25 6 1.3895e-05 -0.320601 -0
800.25 6 2.15443e-05 -0.206771 -0
800.25 6 3.34048e-05 -0.133356 -0
800.25 6 5.17947e-05 -0.0860079 -0
800.25 6 8.03086e-05 -0.0554706 -0
800.25 6 0.00012452 -0.0357757 -0
800.25 6 0.00019307 -0.0230735 -0
800.25 6 0.000299358 -0.0148813 -0
800.25 6 0.000464159 -0.00959776 -0
800.25 6 0.000719686 -0.00619016 -0
800.25 6 0.00111588 -0.00399244 -0
800.25 6 0.0017302 -0.00257502 -0
800.25 6 0.0026827 -0.00166087 -0
800.25 6 0.00415956 -0.00107129 -0
800.25 6 0.00644947 -0.000691039 -0
800.25 6 0.01 -0.0004458 -0
800.25 6 0.0155052 -0.000287636 -0
800.25 6 0.024041 -0.00018563 -0
800.25 6 0.0372759 -0.000119844 -0
800.25 6 0.0577969 -7.74197e-05 -0
800.25 6 0.0896151 -5.00633e-05 -0
800.25 6 0.13895 -3.24257e-05 -0
800.25 6 0.215443 -2.10559e-05 -0
800.25 6 0.334048 -1.37245e-05 -0
800.25 6 0.517947 -8.98848e-06 -0
800.25 6 0.803086 -5.91327e-06 -0
800.25 6 1.2452 -3.90805e-06 -0
800.25 6 1.9307 -2.61894e-06 -0
800.25 6 2.99358 -1.8026e-06 -0
800.25 6 4.64159 -1.22529e-06 -0
800.25 6 7.19686 -8.23374e-07 -0
800.25 6 11.1588 -6.00161e-07 -0
800.25 6 17.302 -4.14395e-07 -0
800.25 6 26.827 -2.77471e-07 -0
800.25 6 41.5956 -2.0261e-07 -0
800.25 6 64.4947 -1.4798e-07 -0
800.25 6 100 -1.06554e-07 -0
800.25 6 155.052 -7.42446e-08 -0
800.25 6 240.41 -4.79828e-08 -0
800.25 6 372.759 -2.93104e-08 -0
800.25 6 577.969 -1.73688e-08 -0
800.25 6 896.151 -9.6738e-09 -0
800.25 6 1389.5 -5.1319e-09 -0
800.25 6 2154.43 -2.69372e-09 -0
800.25 6 3340.48 -1.41777e-09 -0
800.25 6 5179.47 -7.51176e-10 -0
800.25 6 8030.86 -3.9527e-10 -0
800.25 6 12452 -2.10579e-10 -0
800.25 6 19307 -1.14102e-10 -0
800.25 6 29935.8 -6.21753e-11 -0
800.25 6 46415.9 -3.38998e-11 -0
800.25 6 71968.6 -1.82355e-11 -0
800.25 6 111588 -9.30026e-12 -0
800.25 6 173020 -4.71797e-12 -0
800.25 6 268270 -2.14238e-12 -0
800.25 6 415956 -8.09717e-13 -0
800.25 6 644947 -1.89985e-13 -0
800.25 6 1e+06 -7.0716e-14 -0

1951.29 6 1e-06 -1.55261 -0
1951.29 6 1.55052e-06 -1.00135 -0
1951.29 6 2.4041e-06 -0.645817 -0
1951.29 6 3.72759e-06 -0.416518 -0
1951.29 6 5.77969e-06 -0.268632 -0
1951.29 6 8.96151e-06 -0.173253 -0
1951.29 6 1.3895e-05 -0.111739 -0
1951.29 6 2.15443e-05 -0.0720658 -0
1951.29 6 3.34048e-05 -0.0464786 -0
1951.29 6 5.17947e-05 -0.0299762 -0
1951.29 6 8.03086e-05 -0.0193331 -0
1951.29 6 0.00012452 -0.0124688 -0
1951.29 6 0.00019307 -0.00804175 -0
1951.29 6 0.000299358 -0.00518652 -0
1951.29 6 0.000464159 -0.00334505 -0
1951.29 6 0.000719686 -0.0021574 -0
1951.29 6 0.00111588 -0.00139142 -0
1951.29 6 0.0017302 -0.000897413 -0
1951.29 6 0.0026827 -0.000578802 -0
1951.29 6 0.00415956 -0.000373316 -0
1951.29 6 0.00644947 -0.000240788 -0
1951.29 6 0.01 -0.000155314 -0
1951.29 6 0.0155052 -0.000100189 -0
1951.29 6 0.024041 -6.46361e-05 -0
1951.29 6 0.0372759 -4.1707e-05 -0
1951.29 6 0.0577969 -2.69196e-05 -0
1951.29 6 0.0896151 -1.73833e-05 -0
1951.29 6 0.13895 -1.12339e-05 -0
1951.29 6 0.215443 -7.26877e-06 -0
1951.29 6 0.334048 -4.71183e-06 -0
1951.29 6 0.517947 -3.0616e-06 -0
1951.29 6 0.803086 -1.99398e-06 -0
1951.29 6 1.2452 -1.30182e-06 -0
1951.29 6 1.9307 -8.56028e-07 -0
1951.29 6 2.99358 -5.71306e-07 -0
1951.29 6 4.64159 -3.79548e-07 -0
1951.29 6 7.19686 -2.50447e-07 -0
1951.29 6 11.1588 -1.73941e-07 -0
1951.29 6 17.302 -1.17716e-07 -0
1951.29 6 26.827 -7.77903e-08 -0
1951.29 6 41.5956 -5.54027e-08 -0
1951.29 6 64.4947 -4.04527e-08 -0
1951.29 6 100 -2.99074e-08 -0
1951.29 6 155.052 -2.21797e-08 -0
1951.29 6 240.41 -1.59175e-08 -0
1951.29 6 372.759 -1.10159e-08 -0
1951.29 6 577.969 -7.3849e-09 -0
1951.29 6 896.151 -4.59827e-09 -0
1951.29 6 1389.5 -2.64647e-09 -0
1951.29 6 2154.43 -1.45694e-09 -0
1951.29 6 3340.48 -7.81285e-10 -0
1951.29 6 5179.47 -4.11663e-10 -0
1951.29 6 8030.86 -2.12125e-10 -0
1951.29 6 12452 -1.0904e-10 -0
1951.29 6 19307 -5.67044e-11 -0
1951.29 6 29935.8 -2.97378e-11 -0
1951.29 6 46415.9 -1.56883e-11 -0
1951.29 6 71968.6 -8.22326e-12 -0
1951.29 6 111588 -4.12171e-12 -0
1951.29 6 173020 -2.05963e-12 -0
1951.29 6 268270 -9.28403e-13 -0
1951.29 6 415956 -3.51193e-13 -0
1951.29 6 644947 -8.47078e-14 -0
1951.29 6 1e+06 -3.11128e-14 -0

4757.94 6 1e-06 -0.537742 -0
4757.94 6 1.55052e-06 -0.346815 -0
4757.94 6 2.4041e-06 -0.223677 -0
4757.94 6 3.72759e-06 -0.14426 -0
4757.94 6 5.77969e-06 -0.0930399 -0
4757.94 6 8.96151e-06 -0.0600058 -0
4757.94 6 1.3895e-05 -0.0387005 -0
4757.94 6 2.15443e-05 -0.0249598 -0
4757.94 6 3.34048e-05 -0.0160977 -0
4757.94 6 5.17947e-05 -0.0103822 -0
4757.94 6 8.03086e-05 -0.00669596 -0
4757.94 6 0.00012452 -0.00431854 -0
4757.94 6 0.00019307 -0.00278523 -0
4757.94 6 0.000299358 -0.00179633 -0
4757.94 6 0.000464159 -0.00115854 -0
4757.94 6 0.000719686 -0.000747199 -0
4757.94 6 0.00111588 -0.000481907 -0
4757.94 6 0.0017302 -0.000310807 -0
4757.94 6 0.0026827 -0.000200457 -0
4757.94 6 0.00415956 -0.000129287 -0
4757.94 6 0.00644947 -8.33866e-05 -0
4757.94 6 0.01 -5.3783e-05 -0
4757.94 6 0.0155052 -3.46904e-05 -0
4757.94 6 0.024041 -2.23767e-05 -0
4757.94 6 0.0372759 -1.44351e-05 -0
4757.94 6 0.0577969 -9.31329e-06 -0
4757.94 6 0.0896151 -6.01014e-06 -0
4757.94 6 0.13895 -3.87995e-06 -0
4757.94 6 0.215443 -2.50625e-06 -0
4757.94 6 0.334048 -1.62034e-06 -0
4757.94 6 0.517947 -1.0488e-06 -0
4757.94 6 0.803086 -6.79654e-07 -0
4757.94 6 1.2452 -4.40972e-07 -0
4757.94 6 1.9307 -2.87136e-07 -0
4757.94 6 2.99358 -1.88408e-07 -0
4757.94 6 4.64159 -1.234e-07 -0
4757.94 6 7.19686 -8.05298e-08 -0
4757.94 6 11.1588 -5.40668e-08 -0
4757.94 6 17.302 -3.58608e-08 -0
4757.94 6 26.827 -2.34391e-08 -0
4757.94 6 41.5956 -1.60918e-08 -0
4757.94 6 64.4947 -1.13417e-08 -0
4757.94 6 100 -8.17621e-09 -0
4757.94 6 155.052 -6.04559e-09 -0
4757.94 6 240.41 -4.50313e-09 -0
4757.94 6 372.759 -3.33567e-09 -0
4757.94 6 577.969 -2.44601e-09 -0
4757.94 6 896.151 -1.70593e-09 -0
4757.94 6 1389.5 -1.10843e-09 -0
4757.94 6 2154.43 -6.80914e-10 -0
4757.94 6 3340.48 -3.98829e-10 -0
4757.94 6 5179.47 -2.23349e-10 -0
4757.94 6 8030.86 -1.18986e-10 -0
4757.94 6 12452 -6.12767e-11 -0
4757.94 6 19307 -3.11915e-11 -0
4757.94 6 29935.8 -1.58213e-11 -0
4757.94 6 46415.9 -8.03467e-12 -0
4757.94 6 71968.6 -4.06291e-12 -0
4757.94 6 111588 -1.98244e-12 -0
4757.94 6 173020 -9.65113e-13 -0
4757.94 6 268270 -4.29383e-13 -0
4757.94 6 415956 -1.62855e-13 -0
4757.94 6 644947 -4.1466e-14 -0
4757.94 6 1e+06 -1.48598e-14 -0

11601.6 6 1e-06 -0.183711 -0
11601.6 6 1.55052e-06 -0.118484 -0
11601.6 6 2.4041e-06 -0.0764157 -0
11601.6 6 3.72759e-06 -0.049284 -0
11601.6 6 5.77969e-06 -0.0317856 -0
11601.6 6 8.96151e-06 -0.0205 -0
11601.6 6 1.3895e-05 -0.0132214 -0
11601.6 6 2.15443e-05 -0.0085271 -0
11601.6 6 3.34048e-05 -0.00549953 -0
11601.6 6 5.17947e-05 -0.0035469 -0
11601.6 6 8.03086e-05 -0.00228756 -0
11601.6 6 0.00012452 -0.00147536 -0
11601.6 6 0.00019307 -0.000951527 -0
11601.6 6 0.000299358 -0.000613685 -0
11601.6 6 0.000464159 -0.000395794 -0
11601.6 6 0.000719686 -0.000255267 -0
11601.6 6 0.00111588 -0.000164634 -0
11601.6 6 0.0017302 -0.000106181 -0
11601.6 6 0.0026827 -6.84814e-05 -0
11601.6 6 0.00415956 -4.41673e-05 -0
11601.6 6 0.00644947 -2.84861e-05 -0
11601.6 6 0.01 -1.83725e-05 -0
11601.6 6 0.0155052 -1.18498e-05 -0
11601.6 6 0.024041 -7.64303e-06 -0
11601.6 6 0.0372759 -4.92989e-06 -0
11601.6 6 0.0577969 -3.18008e-06 -0
11601.6 6 0.0896151 -2.05157e-06 -0
11601.6 6 0.13895 -1.32376e-06 -0
11601.6 6 0.215443 -8.54393e-07 -0
11601.6 6 0.334048 -5.51687e-07 -0
11601.6 6 0.517947 -3.56429e-07 -0
11601.6 6 0.803086 -2.30409e-07 -0
11601.6 6 1.2452 -1.49033e-07 -0
11601.6 6 1.9307 -9.65664e-08 -0
11601.6 6 2.99358 -6.2812e-08 -0
11601.6 6 4.64159 -4.08203e-08 -0
11601.6 6 7.19686 -2.64761e-08 -0
11601.6 6 11.1588 -1.74277e-08 -0
11601.6 6 17.302 -1.14019e-08 -0
11601.6 6 26.827 -7.39643e-09 -0
11601.6 6 41.5956 -4.9324e-09 -0
11601.6 6 64.4947 -3.34796e-09 -0
11601.6 6 100 -2.31463e-09 -0
11601.6 6 155.052 -1.64298e-09 -0
11601.6 6 240.41 -1.19396e-09 -0
11601.6 6 372.759 -8.81965e-10 -0
11601.6 6 577.969 -6.62997e-10 -0
11601.6 6 896.151 -4.95356e-10 -0
11601.6 6 1389.5 -3.58031e-10 -0
11601.6 6 2154.43 -2.49578e-10 -0
11601.6 6 3340.48 -1.66606e-10 -0
11601.6 6 5179.47 -1.05279e-10 -0
11601.6 6 8030.86 -6.19445e-11 -0
11601.6 6 12452 -3.40858e-11 -0
11601.6 6 19307 -1.79308e-11 -0
11601.6 6 29935.8 -9.15003e-12 -0
11601.6 6 46415.9 -4.58045e-12 -0
11601.6 6 71968.6 -2.25768e-12 -0
11601.6 6 111588 -1.07499e-12 -0
11601.6 6 173020 -5.0735e-13 -0
11601.6 6 268270 -2.22175e-13 -0
11601.6 6 415956 -8.49055e-14 -0
11601.6 6 644947 -2.35455e-14 -0
11601.6 6 1e+06 -8.1498e-15 -0

28288.7 6 1e-06 -0.0616578 -0
28288.7 6 1.55052e-06 -0.039766 -0
28288.7 6 2.4041e-06 -0.0256469 -0
28288.7 6 3.72759e-06 -0.0165409 -0
28288.7 6 5.77969e-06 -0.010668 -0
28288.7 6 8.96151e-06 -0.0068803 -0
28288.7 6 1.3895e-05 -0.00443742 -0
28288.7 6 2.15443e-05 -0.0028619 -0
28288.7 6 3.34048e-05 -0.00184577 -0
28288.7 6 5.17947e-05 -0.00119043 -0
28288.7 6 8.03086e-05 -0.000767761 -0
28288.7 6 0.00012452 -0.000495165 -0
28288.7 6 0.00019307 -0.000319355 -0
28288.7 6 0.000299358 -0.000205967 -0
28288.7 6 0.000464159 -0.000132838 -0
28288.7 6 0.000719686 -8.56735e-05 -0
28288.7 6 0.00111588 -5.52549e-05 -0
28288.7 6 0.0017302 -3.56366e-05 -0
28288.7 6 0.0026827 -2.29838e-05 -0
28288.7 6 0.00415956 -1.48234e-05 -0
28288.7 6 0.00644947 -9.56038e-06 -0
28288.7 6 0.01 -6.16602e-06 -0
28288.7 6 0.0155052 -3.97684e-06 -0
28288.7 6 0.024041 -2.56494e-06 -0
28288.7 6 0.0372759 -1.65434e-06 -0
28288.7 6 0.0577969 -1.06705e-06 -0
28288.7 6 0.0896151 -6.88289e-07 -0
28288.7 6 0.13895 -4.44011e-07 -0
28288.7 6 0.215443 -2.86469e-07 -0
28288.7 6 0.334048 -1.84865e-07 -0
28288.7 6 0.517947 -1.19331e-07 -0
28288.7 6 0.803086 -7.70499e-08 -0
28288.7 6 1.2452 -4.97645e-08 -0
28288.7 6 1.9307 -3.21698e-08 -0
28288.7 6 2.99358 -2.08363e-08 -0
28288.7 6 4.64159 -1.34896e-08 -0
28288.7 6 7.19686 -8.7242e-09 -0
28288.7 6 11.1588 -5.68515e-09 -0
28288.7 6 17.302 -3.69323e-09 -0
28288.7 6 26.827 -2.38815e-09 -0
28288.7 6 41.5956 -1.56706e-09 -0
28288.7 6 64.4947 -1.03881e-09 -0
28288.7 6 100 -6.96653e-10 -0
28288.7 6 155.052 -4.75995e-10 -0
28288.7 6 240.41 -3.32356e-10 -0
28288.7 6 372.759 -2.37043e-10 -0
28288.7 6 577.969 -1.7402e-10 -0
28288.7 6 896.151 -1.30791e-10 -0
28288.7 6 1389.5 -9.87956e-11 -0
28288.7 6 2154.43 -7.44447e-11 -0
28288.7 6 3340.48 -5.52197e-11 -0
28288.7 6 5179.47 -3.94601e-11 -0
28288.7 6 8030.86 -2.64103e-11 -0
28288.7 6 12452 -1.63691e-11 -0
28288.7 6 19307 -9.48563e-12 -0
28288.7 6 29935.8 -5.18963e-12 -0
28288.7 6 46415.9 -2.70833e-12 -0
28288.7 6 71968.6 -1.35917e-12 -0
28288.7 6 111588 -6.50685e-13 -0
28288.7 6 173020 -3.03145e-13 -0
28288.7 6 268270 -1.32168e-13 -0
28288.7 6 415956 -5.14545e-14 -0
28288.7 6 644947 -1.57781e-14 -0
28288.7 6 1e+06 -5.28796e-15 -0

68977.9 6 1e-06 -0.0200929 -0
68977.9 6 1.55052e-06 -0.0129589 -0
68977.9 6 2.4041e-06 -0.00835778 -0
68977.9 6 3.72759e-06 -0.00539032 -0
68977.9 6 5.77969e-06 -0.00347647 -0
68977.9 6 8.96151e-06 -0.00224214 -0
68977.9 6 1.3895e-05 -0.00144606 -0
68977.9 6 2.15443e-05 -0.000932632 -0
68977.9 6 3.34048e-05 -0.000601498 -0
68977.9 6 5.17947e-05 -0.000387934 -0
68977.9 6 8.03086e-05 -0.000250197 -0
68977.9 6 0.00012452 -0.000161364 -0
68977.9 6 0.00019307 -0.000104071 -0
68977.9 6 0.000299358 -6.71202e-05 -0
68977.9 6 0.000464159 -4.3289e-05 -0
68977.9 6 0.000719686 -2.79191e-05 -0
68977.9 6 0.00111588 -1.80063e-05 -0
68977.9 6 0.0017302 -1.16131e-05 -0
68977.9 6 0.0026827 -7.48987e-06 -0
68977.9 6 0.00415956 -4.83058e-06 -0
68977.9 6 0.00644947 -3.11548e-06 -0
68977.9 6 0.01 -2.00933e-06 -0
68977.9 6 0.0155052 -1.29593e-06 -0
68977.9 6 0.024041 -8.35818e-07 -0
68977.9 6 0.0372759 -5.39073e-07 -0
68977.9 6 0.0577969 -3.47688e-07 -0
68977.9 6 0.0896151 -2.24256e-07 -0
68977.9 6 0.13895 -1.4465e-07 -0
68977.9 6 0.215443 -9.33089e-08 -0
68977.9 6 0.334048 -6.01969e-08 -0
68977.9 6 0.517947 -3.88407e-08 -0
68977.9 6 0.803086 -2.50646e-08 -0
68977.9 6 1.2452 -1.6177e-08 -0
68977.9 6 1.9307 -1.04455e-08 -0
68977.9 6 2.99358 -6.75132e-09 -0
68977.9 6 4.64159 -4.36255e-09 -0
68977.9 6 7.19686 -2.81735e-09 -0
68977.9 6 11.1588 -1.82657e-09 -0
68977.9 6 17.302 -1.18221e-09 -0
68977.9 6 26.827 -7.63171e-10 -0
68977.9 6 41.5956 -4.96425e-10 -0
68977.9 6 64.4947 -3.24645e-10 -0
68977.9 6 100 -2.13648e-10 -0
68977.9 6 155.052 -1.42134e-10 -0
68977.9 6 240.41 -9.59032e-11 -0
68977.9 6 372.759 -6.57475e-11 -0
68977.9 6 577.969 -4.62075e-11 -0
68977.9 6 896.151 -3.34467e-11 -0
68977.9 6 1389.5 -2.47861e-11 -0
68977.9 6 2154.43 -1.87848e-11 -0
68977.9 6 3340.48 -1.4464e-11 -0
68977.9 6 5179.47 -1.11237e-11 -0
68977.9 6 8030.86 -8.31197e-12 -0
68977.9 6 12452 -5.89635e-12 -0
68977.9 6 19307 -3.93727e-12 -0
68977.9 6 29935.8 -2.45961e-12 -0
68977.9 6 46415.9 -1.4355e-12 -0
68977.9 6 71968.6 -7.8471e-13 -0
68977.9 6 111588 -3.99673e-13 -0
68977.9 6 173020 -1.92607e-13 -0
68977.9 6 268270 -8.64134e-14 -0
68977.9 6 415956 -3.49547e-14 -0
68977.9 6 644947 -1.17637e-14 -0
68977.9 6 1e+06 -3.88413e-15 -0

168192 6 1e-06 -0.00626881 -0
168192 6 1.55052e-06 -0.00404305 -0
168192 6 2.4041e-06 -0.00260755 -0
168192 6 3.72759e-06 -0.00168173 -0
168192 6 5.77969e-06 -0.00108463 -0
168192 6 8.96151e-06 -0.000699527 -0
168192 6 1.3895e-05 -0.000451158 -0
168192 6 2.15443e-05 -0.000290973 -0
168192 6 3.34048e-05 -0.000187662 -0
168192 6 5.17947e-05 -0.000121032 -0
168192 6 8.03086e-05 -7.80591e-05 -0
168192 6 0.00012452 -5.0344e-05 -0
168192 6 0.00019307 -3.24692e-05 -0
168192 6 0.000299358 -2.09409e-05 -0
168192 6 0.000464159 -1.35058e-05 -0
168192 6 0.000719686 -8.7105e-06 -0
168192 6 0.00111588 -5.61781e-06 -0
168192 6 0.0017302 -3.62319e-06 -0
168192 6 0.0026827 -2.33677e-06 -0
168192 6 0.00415956 -1.50709e-06 -0
168192 6 0.00644947 -9.71996e-07 -0
168192 6 0.01 -6.26888e-07 -0
168192 6 0.0155052 -4.04312e-07 -0
168192 6 0.024041 -2.60762e-07 -0
168192 6 0.0372759 -1.6818e-07 -0
168192 6 0.0577969 -1.0847e-07 -0
168192 6 0.0896151 -6.99597e-08 -0
168192 6 0.13895 -4.5123e-08 -0
168192 6 0.215443 -2.91048e-08 -0
168192 6 0.334048 -1.8774e-08 -0
168192 6 0.517947 -1.2111e-08 -0
168192 6 0.803086 -7.81336e-09 -0
168192 6 1.2452 -5.04113e-09 -0
168192 6 1.9307 -3.25327e-09 -0
168192 6 2.99358 -2.1006e-09 -0
168192 6 4.64159 -1.35615e-09 -0
168192 6 7.19686 -8.75241e-10 -0
168192 6 11.1588 -5.66059e-10 -0
168192 6 17.302 -3.65751e-10 -0
168192 6 26.827 -2.35978e-10 -0
168192 6 41.5956 -1.52876e-10 -0
168192 6 64.4947 -9.93243e-11 -0
168192 6 100 -6.47538e-11 -0
168192 6 155.052 -4.24747e-11 -0
168192 6 240.41 -2.80954e-11 -0
168192 6 372.759 -1.87718e-11 -0
168192 6 577.969 -1.27556e-11 -0
168192 6 896.151 -8.87143e-12 -0
168192 6 1389.5 -6.31956e-12 -0
168192 6 2154.43 -4.63142e-12 -0
168192 6 3340.48 -3.49953e-12 -0
168192 6 5179.47 -2.71185e-12 -0
168192 6 8030.86 -2.12201e-12 -0
168192 6 12452 -1.64094e-12 -0
168192 6 19307 -1.23438e-12 -0
168192 6 29935.8 -8.8745e-13 -0
168192 6 46415.9 -5.99717e-13 -0
168192 6 71968.6 -3.7599e-13 -0
168192 6 111588 -2.15515e-13 -0
168192 6 173020 -1.13796e-13 -0
168192 6 268270 -5.50586e-14 -0
168192 6 415956 -2.38147e-14 -0
168192 6 644947 -8.71499e-15 -0
168192 6 1e+06 -2.89867e-15 -0

410113 6 1e-06 -0.00183138 -0
410113 6 1.55052e-06 -0.00118114 -0
410113 6 2.4041e-06 -0.000761774 -0
410113 6 3.72759e-06 -0.000491304 -0
410113 6 5.77969e-06 -0.000316865 -0
410113 6 8.96151e-06 -0.000204361 -0
410113 6 1.3895e-05 -0.000131802 -0
410113 6 2.15443e-05 -8.50051e-05 -0
410113 6 3.34048e-05 -5.48238e-05 -0
410113 6 5.17947e-05 -3.53584e-05 -0
410113 6 8.03086e-05 -2.28043e-05 -0
410113 6 0.00012452 -1.47076e-05 -0
410113 6 0.00019307 -9.48559e-06 -0
410113 6 0.000299358 -6.1177e-06 -0
410113 6 0.000464159 -3.94559e-06 -0
410113 6 0.000719686 -2.5447e-06 -0
410113 6 0.00111588 -1.64119e-06 -0
410113 6 0.0017302 -1.05848e-06 -0
410113 6 0.0026827 -6.82665e-07 -0
410113 6 0.00415956 -4.40283e-07 -0
410113 6 0.00644947 -2.83959e-07 -0
410113 6 0.01 -1.83139e-07 -0
410113 6 0.0155052 -1.18115e-07 -0
410113 6 0.024041 -7.61785e-08 -0
410113 6 0.0372759 -4.91315e-08 -0
410113 6 0.0577969 -3.16876e-08 -0
410113 6 0.0896151 -2.04372e-08 -0
410113 6 0.13895 -1.31814e-08 -0
410113 6 0.215443 -8.50177e-09 -0
410113 6 0.334048 -5.48368e-09 -0
410113 6 0.517947 -3.53714e-09 -0
410113 6 0.803086 -2.28167e-09 -0
410113 6 1.2452 -1.47187e-09 -0
410113 6 1.9307 -9.49614e-10 -0
410113 6 2.99358 -6.12853e-10 -0
410113 6 4.64159 -3.95484e-10 -0
410113 6 7.19686 -2.55163e-10 -0
410113 6 11.1588 -1.64827e-10 -0
410113 6 17.302 -1.06414e-10 -0
410113 6 26.827 -6.86423e-11 -0
410113 6 41.5956 -4.43815e-11 -0
410113 6 64.4947 -2.87424e-11 -0
410113 6 100 -1.86507e-11 -0
410113 6 155.052 -1.21452e-11 -0
410113 6 240.41 -7.94831e-12 -0
410113 6 372.759 -5.2337e-12 -0
410113 6 577.969 -3.4833e-12 -0
410113 6 896.151 -2.35541e-12 -0
410113 6 1389.5 -1.62218e-12 -0
410113 6 2154.43 -1.14464e-12 -0
410113 6 3340.48 -8.32834e-13 -0
410113 6 5179.47 -6.26911e-13 -0
410113 6 8030.86 -4.86648e-13 -0
410113 6 12452 -3.84804e-13 -0
410113 6 19307 -3.06202e-13 -0
410113 6 29935.8 -2.41008e-13 -0
410113 6 46415.9 -1.83501e-13 -0
410113 6 71968.6 -1.31934e-13 -0
410113 6 111588 -8.72857e-14 -0
410113 6 173020 -5.28368e-14 -0
410113 6 268270 -2.88827e-14 -0
410113 6 415956 -1.38249e-14 -0
410113 6 644947 -5.52027e-15 -0
410113 6 1e+06 -1.88537e-15 -0

1e+06 6 1e-06 -0.000481479 -0
1e+06 6 1.55052e-06 -0.000310528 -0
1e+06 6 2.4041e-06 -0.000200274 -0
1e+06 6 3.72759e-06 -0.000129166 -0
1e+06 6 5.77969e-06 -8.33052e-05 -0
1e+06 6 8.96151e-06 -5.37274e-05 -0
1e+06 6 1.3895e-05 -3.46513e-05 -0
1e+06 6 2.15443e-05 -2.23483e-05 -0
1e+06 6 3.34048e-05 -1.44134e-05 -0
1e+06 6 5.17947e-05 -9.29589e-06 -0
1e+06 6 8.03086e-05 -5.99536e-06 -0
1e+06 6 0.00012452 -3.86669e-06 -0
1e+06 6 0.00019307 -2.49381e-06 -0
1e+06 6 0.000299358 -1.60837e-06 -0
1e+06 6 0.000464159 -1.03731e-06 -0
1e+06 6 0.000719686 -6.69012e-07 -0
1e+06 6 0.00111588 -4.31477e-07 -0
1e+06 6 0.0017302 -2.7828e-07 -0
1e+06 6 0.0026827 -1.79476e-07 -0
1e+06 6 0.00415956 -1.15752e-07 -0
1e+06 6 0.00644947 -7.46542e-08 -0
1e+06 6 0.01 -4.8148e-08 -0
1e+06 6 0.0155052 -3.1053e-08 -0
1e+06 6 0.024041 -2.00276e-08 -0
1e+06 6 0.0372759 -1.29168e-08 -0
1e+06 6 0.0577969 -8.33071e-09 -0
1e+06 6 0.0896151 -5.37293e-09 -0
1e+06 6 0.13895 -3.46533e-09 -0
1e+06 6 0.215443 -2.23503e-09 -0
1e+06 6 0.334048 -1.44156e-09 -0
1e+06 6 0.517947 -9.29802e-10 -0
1e+06 6 0.803086 -5.99738e-10 -0
1e+06 6 1.2452 -3.86851e-10 -0
1e+06 6 1.9307 -2.49553e-10 -0
1e+06 6 2.99358 -1.61014e-10 -0
1e+06 6 4.64159 -1.03882e-10 -0
1e+06 6 7.19686 -6.70126e-11 -0
1e+06 6 11.1588 -4.32616e-11 -0
1e+06 6 17.302 -2.7918e-11 -0
1e+06 6 26.827 -1.80056e-11 -0
1e+06 6 41.5956 -1.16295e-11 -0
1e+06 6 64.4947 -7.51857e-12 -0
1e+06 6 100 -4.86635e-12 -0
1e+06 6 155.052 -3.15637e-12 -0
1e+06 6 240.41 -2.05335e-12 -0
1e+06 6 372.759 -1.34068e-12 -0
1e+06 6 577.969 -8.81176e-13 -0
1e+06 6 896.151 -5.85114e-13 -0
1e+06 6 1389.5 -3.9335e-13 -0
1e+06 6 2154.43 -2.69083e-13 -0
1e+06 6 3340.48 -1.8858e-13 -0
1e+06 6 5179.47 -1.36298e-13 -0
1e+06 6 8030.86 -1.02004e-13 -0
1e+06 6 12452 -7.87787e-14 -0
1e+06 6 19307 -6.25018e-14 -0
1e+06 6 29935.8 -5.04286e-14 -0
1e+06 6 46415.9 -4.06539e-14 -0
1e+06 6 71968.6 -3.19997e-14 -0
1e+06 6 111588 -2.38873e-14 -0
1e+06 6 173020 -1.65599e-14 -0
1e+06 6 268270 -1.03376e-14 -0
1e+06 6 415956 -5.54508e-15 -0
1e+06 6 644947 -2.40315e-15 -0
1e+06 6 1e+06 -8.37789e-16 -0

