#q_sq i k_sq Re(fg) Im(fg)
1e-06 2 1e-06 -0.0905094 0
1e-06 2 1.55052e-06 -0.0905088 0
1e-06 2 2.4041e-06 -0.090508 0
1e-06 2 3.72759e-06 -0.0905068 0
1e-06 2 5.77969e-06 -0.0905048 0
1e-06 2 8.96151e-06 -0.0905018 0
1e-06 2 1.3895e-05 -0.0904972 0
1e-06 2 2.15443e-05 -0.09049 0
1e-06 2 3.34048e-05 -0.0904788 0
1e-06 2 5.17947e-05 -0.0904614 0
1e-06 2 8.03086e-05 -0.0904345 0
1e-06 2 0.00012452 -0.0903927 0
1e-06 2 0.00019307 -0.090328 0
1e-06 2 0.000299358 -0.0902278 0
1e-06 2 0.000464159 -0.0900724 0
1e-06 2 0.000719686 -0.0898318 0
1e-06 2 0.00111588 -0.0894595 0
1e-06 2 0.0017302 -0.088884 0
1e-06 2 0.0026827 -0.0879956 0
1e-06 2 0.00415956 -0.0866279 0
1e-06 2 0.00644947 -0.0845303 0
1e-06 2 0.01 -0.0813329 0
1e-06 2 0.0155052 -0.076505 0
1e-06 2 0.024041 -0.0693216 0
1e-06 2 0.0372759 -0.058878 0
1e-06 2 0.0577969 -0.0442419 0
1e-06 2 0.0896151 -0.0248922 0
1e-06 2 0.13895 -0.00165683 0
1e-06 2 0.215443 0.0219434 0
1e-06 2 0.334048 0.0390798 0
1e-06 2 0.517947 0.042293 0
1e-06 2 0.803086 0.0310144 0
1e-06 2 1.2452 0.0156278 0
1e-06 2 1.9307 0.00600435 0
1e-06 2 2.99358 0.00225151 0
1e-06 2 4.64159 0.00123992 0
1e-06 2 7.19686 0.000754223 0
1e-06 2 11.1588 0.000470835 0
1e-06 2 17.302 0.000295101 0
1e-06 2 26.827 0.000183698 0
1e-06 2 41.5956 0.000114025 0
1e-06 2 64.4947 7.08804e-05 0
1e-06 2 100 4.40719e-05 0
1e-06 2 155.052 2.74012e-05 0
1e-06 2 240.41 1.707e-05 0
1e-06 2 372.759 1.06532e-05 0
1e-06 2 577.969 6.65176e-06 0
1e-06 2 896.151 4.15789e-06 0
1e-06 2 1389.5 2.60455e-06 0
1e-06 2 2154.43 1.6332e-06 0
1e-06 2 3340.48 1.02489e-06 0
1e-06 2 5179.47 6.43793e-07 0
1e-06 2 8030.86 4.04843e-07 0
1e-06 2 12452 2.54871e-07 0
1e-06 2 19307 1.60577e-07 0
1e-06 2 29935.8 1.01234e-07 0
1e-06 2 46415.9 6.38662e-08 0
1e-06 2 71968.6 4.03195e-08 0
1e-06 2 111588 2.54716e-08 0
1e-06 2 173020 1.61045e-08 0
1e-06 2 268270 1.01877e-08 0
1e-06 2 415956 6.44884e-09 0
1e-06 2 644947 4.0846e-09 0
1e-06 2 1e+06 2.58794e-09 0

2.43835e-06 2 1e-06 -0.0905093 0
2.43835e-06 2 1.55052e-06 -0.0905087 0
2.43835e-06 2 2.4041e-06 -0.0905079 0
2.43835e-06 2 3.72759e-06 -0.0905067 0
2.43835e-06 2 5.77969e-06 -0.0905047 0
2.43835e-06 2 8.96151e-06 -0.0905017 0
2.43835e-06 2 1.3895e-05 -0.0904971 0
2.43835e-06 2 2.15443e-05 -0.0904899 0
2.43835e-06 2 3.34048e-05 -0.0904786 0
2.43835e-06 2 5.17947e-05 -0.0904613 0
2.43835e-06 2 8.03086e-05 -0.0904344 0
2.43835e-06 2 0.00012452 -0.0903926 0
2.43835e-06 2 0.00019307 -0.0903279 0
2.43835e-06 2 0.000299358 -0.0902276 0
2.43835e-06 2 0.000464159 -0.0900723 0
2.43835e-06 2 0.000719686 -0.0898317 0
2.43835e-06 2 0.00111588 -0.0894594 0
2.43835e-06 2 0.0017302 -0.0888839 0
2.43835e-06 2 0.0026827 -0.0879955 0
2.43835e-06 2 0.00415956 -0.0866278 0
2.43835e-06 2 0.00644947 -0.0845302 0
2.43835e-06 2 0.01 -0.0813328 0
2.43835e-06 2 0.0155052 -0.076505 0
2.43835e-06 2 0.024041 -0.0693215 0
2.43835e-06 2 0.0372759 -0.058878 0
2.43835e-06 2 0.0577969 -0.0442419 0
2.43835e-06 2 0.0896151 -0.0248922 0
2.43835e-06 2 0.13895 -0.00165688 0
2.43835e-06 2 0.215443 0.0219434 0
2.43835e-06 2 0.334048 0.0390797 0
2.43835e-06 2 0.517947 0.042293 0
2.43835e-06 2 0.803086 0.0310144 0
2.43835e-06 2 1.2452 0.0156278 0
2.43835e-06 2 1.9307 0.00600434 0
2.43835e-06 2 2.99358 0.0022515 0
2.43835e-06 2 4.64159 0.00123992 0
2.43835e-06 2 7.19686 0.000754222 0
2.43835e-06 2 11.1588 0.000470835 0
2.43835e-06 2 17.302 0.000295101 0
2.43835e-06 2 26.827 0.000183698 0
2.43835e-06 2 41.5956 0.000114025 0
2.43835e-06 2 64.4947 7.08804e-05 0
2.43835e-06 2 100 4.40719e-05 0
2.43835e-06 2 155.052 2.74012e-05 0
2.43835e-06 2 240.41 1.707e-05 0
2.43835e-06 2 372.759 1.06532e-05 0
2.43835e-06 2 577.969 6.65176e-06 0
2.43835e-06 2 896.151 4.15789e-06 0
2.43835e-06 2 1389.5 2.60454e-06 0
2.43835e-06 2 2154.43 1.63319e-06 0
2.43835e-06 2 3340.48 1.02489e-06 0
2.43835e-06 2 5179.47 6.43792e-07 0
2.43835e-06 2 8030.86 4.04843e-07 0
2.43835e-06 2 12452 2.54871e-07 0
2.43835e-06 2 19307 1.60577e-07 0
2.43835e-06 2 29935.8 1.01234e-07 0
2.43835e-06 2 46415.9 6.38662e-08 0
2.43835e-06 2 71968.6 4.03195e-08 0
2.43835e-06 2 111588 2.54716e-08 0
2.43835e-06 2 173020 1.61044e-08 0
2.43835e-06 2 268270 1.01877e-08 0
2.43835e-06 2 415956 6.44884e-09 0
2.43835e-06 2 644947 4.08459e-09 0
2.43835e-06 2 1e+06 2.58794e-09 0

5.94557e-06 2 1e-06 -0.090508 0
5.94557e-06 2 1.55052e-06 -0.0905075 0
5.94557e-06 2 2.4041e-06 -0.0905067 0
5.94557e-06 2 3.72759e-06 -0.0905054 0
5.94557e-06 2 5.77969e-06 -0.0905035 0
5.94557e-06 2 8.96151e-06 -0.0905005 0
5.94557e-06 2 1.3895e-05 -0.0904958 0
5.94557e-06 2 2.15443e-05 -0.0904886 0
5.94557e-06 2 3.34048e-05 -0.0904774 0
5.94557e-06 2 5.17947e-05 -0.09046 0
5.94557e-06 2 8.03086e-05 -0.0904331 0
5.94557e-06 2 0.00012452 -0.0903913 0
5.94557e-06 2 0.00019307 -0.0903266 0
5.94557e-06 2 0.000299358 -0.0902264 0
5.94557e-06 2 0.000464159 -0.090071 0
5.94557e-06 2 0.000719686 -0.0898305 0
5.94557e-06 2 0.00111588 -0.0894582 0
5.94557e-06 2 0.0017302 -0.0888826 0
5.94557e-06 2 0.0026827 -0.0879943 0
5.94557e-06 2 0.00415956 -0.0866265 0
5.94557e-06 2 0.00644947 -0.084529 0
5.94557e-06 2 0.01 -0.0813316 0
5.94557e-06 2 0.0155052 -0.0765038 0
5.94557e-06 2 0.024041 -0.0693205 0
5.94557e-06 2 0.0372759 -0.058877 0
5.94557e-06 2 0.0577969 -0.0442411 0
5.94557e-06 2 0.0896151 -0.0248917 0
5.94557e-06 2 0.13895 -0.0016566 0
5.94557e-06 2 0.215443 0.0219434 0
5.94557e-06 2 0.334048 0.0390795 0
5.94557e-06 2 0.517947 0.0422928 0
5.94557e-06 2 0.803086 0.0310143 0
5.94557e-06 2 1.2452 0.0156278 0
5.94557e-06 2 1.9307 0.00600432 0
5.94557e-06 2 2.99358 0.00225149 0
5.94557e-06 2 4.64159 0.00123991 0
5.94557e-06 2 7.19686 0.000754216 0
5.94557e-06 2 11.1588 0.000470831 0
5.94557e-06 2 17.302 0.000295098 0
5.94557e-06 2 26.827 0.000183696 0
5.94557e-06 2 41.5956 0.000114024 0
5.94557e-06 2 64.4947 7.08798e-05 0
5.94557e-06 2 100 4.40715e-05 0
5.94557e-06 2 155.052 2.7401e-05 0
5.94557e-06 2 240.41 1.70698e-05 0
5.94557e-06 2 372.759 1.06532e-05 0
5.94557e-06 2 577.969 6.6517e-06 0
5.94557e-06 2 896.151 4.15786e-06 0
5.94557e-06 2 1389.5 2.60452e-06 0
5.94557e-06 2 2154.43 1.63318e-06 0
5.94557e-06 2 3340.48 1.02488e-06 0
5.94557e-06 2 5179.47 6.43787e-07 0
5.94557e-06 2 8030.86 4.0484e-07 0
5.94557e-06 2 12452 2.54869e-07 0
5.94557e-06 2 19307 1.60576e-07 0
5.94557e-06 2 29935.8 1.01233e-07 0
5.94557e-06 2 46415.9 6.38657e-08 0
5.94557e-06 2 71968.6 4.03192e-08 0
5.94557e-06 2 111588 2.54714e-08 0
5.94557e-06 2 173020 1.61043e-08 0
5.94557e-06 2 268270 1.01876e-08 0
5.94557e-06 2 415956 6.44879e-09 0
5.94557e-06 2 644947 4.08456e-09 0
5.94557e-06 2 1e+06 2.58792e-09 0

1.44974e-05 2 1e-06 -0.0904919 0
1.44974e-05 2 1.55052e-06 -0.0904913 0
1.44974e-05 2 2.4041e-06 -0.0904905 0
1.44974e-05 2 3.72759e-06 -0.0904893 0
1.44974e-05 2 5.77969e-06 -0.0904874 0
1.44974e-05 2 8.96151e-06 -0.0904843 0
1.44974e-05 2 1.3895e-05 -0.0904797 0
1.44974e-05 2 2.15443e-05 -0.0904725 0
1.44974e-05 2 3.34048e-05 -0.0904613 0
1.44974e-05 2 5.17947e-05 -0.0904439 0
1.44974e-05 2 8.03086e-05 -0.090417 0
1.44974e-05 2 0.00012452 -0.0903752 0
1.44974e-05 2 0.00019307 -0.0903105 0
1.44974e-05 2 0.000299358 -0.0902103 0
1.44974e-05 2 0.000464159 -0.0900549 0
1.44974e-05 2 0.000719686 -0.0898144 0
1.44974e-05 2 0.00111588 -0.0894421 0
1.44974e-05 2 0.0017302 -0.0888666 0
1.44974e-05 2 0.0026827 -0.0879783 0
1.44974e-05 2 0.00415956 -0.0866107 0
1.44974e-05 2 0.00644947 -0.0845133 0
1.44974e-05 2 0.01 -0.0813161 0
1.44974e-05 2 0.0155052 -0.0764887 0
1.44974e-05 2 0.024041 -0.0693058 0
1.44974e-05 2 0.0372759 -0.0588631 0
1.44974e-05 2 0.0577969 -0.0442283 0
1.44974e-05 2 0.0896151 -0.0248805 0
1.44974e-05 2 0.13895 -0.00164767 0
1.44974e-05 2 0.215443 0.0219494 0
1.44974e-05 2 0.334048 0.0390823 0
1.44974e-05 2 0.517947 0.0422927 0
1.44974e-05 2 0.803086 0.0310129 0
1.44974e-05 2 1.2452 0.0156269 0
1.44974e-05 2 1.9307 0.0060041 0
1.44974e-05 2 2.99358 0.00225148 0
1.44974e-05 2 4.64159 0.00123996 0
1.44974e-05 2 7.19686 0.000754273 0
1.44974e-05 2 11.1588 0.000470877 0
1.44974e-05 2 17.302 0.000295131 0
1.44974e-05 2 26.827 0.000183719 0
1.44974e-05 2 41.5956 0.000114039 0
1.44974e-05 2 64.4947 7.08891e-05 0
1.44974e-05 2 100 4.40774e-05 0
1.44974e-05 2 155.052 2.74046e-05 0
1.44974e-05 2 240.41 1.70721e-05 0
1.44974e-05 2 372.759 1.06546e-05 0
1.44974e-05 2 577.969 6.65259e-06 0
1.44974e-05 2 896.151 4.15841e-06 0
1.44974e-05 2 1389.5 2.60487e-06 0
1.44974e-05 2 2154.43 1.6334e-06 0
1.44974e-05 2 3340.48 1.02501e-06 0
1.44974e-05 2 5179.47 6.43871e-07 0
1.44974e-05 2 8030.86 4.04892e-07 0
1.44974e-05 2 12452 2.54902e-07 0
1.44974e-05 2 19307 1.60596e-07 0
1.44974e-05 2 29935.8 1.01246e-07 0
1.44974e-05 2 46415.9 6.38737e-08 0
1.44974e-05 2 71968.6 4.03242e-08 0
1.44974e-05 2 111588 2.54745e-08 0
1.44974e-05 2 173020 1.61063e-08 0
1.44974e-05 2 268270 1.01889e-08 0
1.44974e-05 2 415956 6.44959e-09 0
1.44974e-05 2 644947 4.08507e-09 0
1.44974e-05 2 1e+06 2.58824e-09 0

3.53498e-05 2 1e-06 -0.0904789 0
3.53498e-05 2 1.55052e-06 -0.0904784 0
3.53498e-05 2 2.4041e-06 -0.0904776 0
3.53498e-05 2 3.72759e-06 -0.0904763 0
3.53498e-05 2 5.77969e-06 -0.0904744 0
3.53498e-05 2 8.96151e-06 -0.0904714 0
3.53498e-05 2 1.3895e-05 -0.0904667 0
3.53498e-05 2 2.15443e-05 -0.0904595 0
3.53498e-05 2 3.34048e-05 -0.0904483 0
3.53498e-05 2 5.17947e-05 -0.0904309 0
3.53498e-05 2 8.03086e-05 -0.090404 0
3.53498e-05 2 0.00012452 -0.0903622 0
3.53498e-05 2 0.00019307 -0.0902976 0
3.53498e-05 2 0.000299358 -0.0901973 0
3.53498e-05 2 0.000464159 -0.090042 0
3.53498e-05 2 0.000719686 -0.0898014 0
3.53498e-05 2 0.00111588 -0.0894292 0
3.53498e-05 2 0.0017302 -0.0888537 0
3.53498e-05 2 0.0026827 -0.0879654 0
3.53498e-05 2 0.00415956 -0.0865978 0
3.53498e-05 2 0.00644947 -0.0845005 0
3.53498e-05 2 0.01 -0.0813035 0
3.53498e-05 2 0.0155052 -0.0764762 0
3.53498e-05 2 0.024041 -0.0692936 0
3.53498e-05 2 0.0372759 -0.0588514 0
3.53498e-05 2 0.0577969 -0.0442173 0
3.53498e-05 2 0.0896151 -0.0248708 0
3.53498e-05 2 0.13895 -0.00164013 0
3.53498e-05 2 0.215443 0.0219535 0
3.53498e-05 2 0.334048 0.0390813 0
3.53498e-05 2 0.517947 0.0422866 0
3.53498e-05 2 0.803086 0.0310052 0
3.53498e-05 2 1.2452 0.0156231 0
3.53498e-05 2 1.9307 0.00600415 0
3.53498e-05 2 2.99358 0.00225197 0
3.53498e-05 2 4.64159 0.00124041 0
3.53498e-05 2 7.19686 0.000754636 0
3.53498e-05 2 11.1588 0.000471128 0
3.53498e-05 2 17.302 0.000295296 0
3.53498e-05 2 26.827 0.000183824 0
3.53498e-05 2 41.5956 0.000114105 0
3.53498e-05 2 64.4947 7.09302e-05 0
3.53498e-05 2 100 4.41029e-05 0
3.53498e-05 2 155.052 2.74204e-05 0
3.53498e-05 2 240.41 1.70819e-05 0
3.53498e-05 2 372.759 1.06607e-05 0
3.53498e-05 2 577.969 6.65637e-06 0
3.53498e-05 2 896.151 4.16075e-06 0
3.53498e-05 2 1389.5 2.60633e-06 0
3.53498e-05 2 2154.43 1.63431e-06 0
3.53498e-05 2 3340.48 1.02558e-06 0
3.53498e-05 2 5179.47 6.44226e-07 0
3.53498e-05 2 8030.86 4.05114e-07 0
3.53498e-05 2 12452 2.55041e-07 0
3.53498e-05 2 19307 1.60684e-07 0
3.53498e-05 2 29935.8 1.013e-07 0
3.53498e-05 2 46415.9 6.3908e-08 0
3.53498e-05 2 71968.6 4.03458e-08 0
3.53498e-05 2 111588 2.54881e-08 0
3.53498e-05 2 173020 1.61149e-08 0
3.53498e-05 2 268270 1.01943e-08 0
3.53498e-05 2 415956 6.45297e-09 0
3.53498e-05 2 644947 4.0872e-09 0
3.53498e-05 2 1e+06 2.58958e-09 0

8.61954e-05 2 1e-06 -0.0905015 0
8.61954e-05 2 1.55052e-06 -0.090501 0
8.61954e-05 2 2.4041e-06 -0.0905002 0
8.61954e-05 2 3.72759e-06 -0.0904989 0
8.61954e-05 2 5.77969e-06 -0.090497 0
8.61954e-05 2 8.96151e-06 -0.090494 0
8.61954e-05 2 1.3895e-05 -0.0904893 0
8.61954e-05 2 2.15443e-05 -0.0904821 0
8.61954e-05 2 3.34048e-05 -0.0904709 0
8.61954e-05 2 5.17947e-05 -0.0904535 0
8.61954e-05 2 8.03086e-05 -0.0904266 0
8.61954e-05 2 0.00012452 -0.0903848 0
8.61954e-05 2 0.00019307 -0.0903201 0
8.61954e-05 2 0.000299358 -0.0902199 0
8.61954e-05 2 0.000464159 -0.0900645 0
8.61954e-05 2 0.000719686 -0.0898239 0
8.61954e-05 2 0.00111588 -0.0894516 0
8.61954e-05 2 0.0017302 -0.088876 0
8.61954e-05 2 0.0026827 -0.0879876 0
8.61954e-05 2 0.00415956 -0.0866198 0
8.61954e-05 2 0.00644947 -0.0845221 0
8.61954e-05 2 0.01 -0.0813245 0
8.61954e-05 2 0.0155052 -0.0764964 0
8.61954e-05 2 0.024041 -0.0693126 0
8.61954e-05 2 0.0372759 -0.0588687 0
8.61954e-05 2 0.0577969 -0.0442325 0
8.61954e-05 2 0.0896151 -0.0248834 0
8.61954e-05 2 0.13895 -0.00165026 0
8.61954e-05 2 0.215443 0.0219444 0
8.61954e-05 2 0.334048 0.0390705 0
8.61954e-05 2 0.517947 0.0422719 0
8.61954e-05 2 0.803086 0.0309905 0
8.61954e-05 2 1.2452 0.0156177 0
8.61954e-05 2 1.9307 0.00600669 0
8.61954e-05 2 2.99358 0.00225354 0
8.61954e-05 2 4.64159 0.0012411 0
8.61954e-05 2 7.19686 0.000755125 0
8.61954e-05 2 11.1588 0.000471448 0
8.61954e-05 2 17.302 0.000295498 0
8.61954e-05 2 26.827 0.00018395 0
8.61954e-05 2 41.5956 0.000114183 0
8.61954e-05 2 64.4947 7.09784e-05 0
8.61954e-05 2 100 4.41327e-05 0
8.61954e-05 2 155.052 2.74389e-05 0
8.61954e-05 2 240.41 1.70933e-05 0
8.61954e-05 2 372.759 1.06677e-05 0
8.61954e-05 2 577.969 6.66075e-06 0
8.61954e-05 2 896.151 4.16347e-06 0
8.61954e-05 2 1389.5 2.60802e-06 0
8.61954e-05 2 2154.43 1.63536e-06 0
8.61954e-05 2 3340.48 1.02624e-06 0
8.61954e-05 2 5179.47 6.44637e-07 0
8.61954e-05 2 8030.86 4.05371e-07 0
8.61954e-05 2 12452 2.55202e-07 0
8.61954e-05 2 19307 1.60784e-07 0
8.61954e-05 2 29935.8 1.01364e-07 0
8.61954e-05 2 46415.9 6.39477e-08 0
8.61954e-05 2 71968.6 4.03707e-08 0
8.61954e-05 2 111588 2.55038e-08 0
8.61954e-05 2 173020 1.61247e-08 0
8.61954e-05 2 268270 1.02005e-08 0
8.61954e-05 2 415956 6.45689e-09 0
8.61954e-05 2 644947 4.08967e-09 0
8.61954e-05 2 1e+06 2.59114e-09 0

0.000210175 2 1e-06 -0.0907031 0
0.000210175 2 1.55052e-06 -0.0907025 0
0.000210175 2 2.4041e-06 -0.0907017 0
0.000210175 2 3.72759e-06 -0.0907005 0
0.000210175 2 5.77969e-06 -0.0906985 0
0.000210175 2 8.96151e-06 -0.0906955 0
0.000210175 2 1.3895e-05 -0.0906909 0
0.000210175 2 2.15443e-05 -0.0906836 0
0.000210175 2 3.34048e-05 -0.0906724 0
0.000210175 2 5.17947e-05 -0.090655 0
0.000210175 2 8.03086e-05 -0.090628 0
0.000210175 2 0.00012452 -0.0905862 0
0.000210175 2 0.00019307 -0.0905214 0
0.000210175 2 0.000299358 -0.090421 0
0.000210175 2 0.000464159 -0.0902653 0
0.000210175 2 0.000719686 -0.0900243 0
0.000210175 2 0.00111588 -0.0896514 0
0.000210175 2 0.0017302 -0.0890748 0
0.000210175 2 0.0026827 -0.0881848 0
0.000210175 2 0.00415956 -0.0868146 0
0.000210175 2 0.00644947 -0.0847133 0
0.000210175 2 0.01 -0.0815102 0
0.000210175 2 0.0155052 -0.0766738 0
0.000210175 2 0.024041 -0.0694778 0
0.000210175 2 0.0372759 -0.0590163 0
0.000210175 2 0.0577969 -0.0443556 0
0.000210175 2 0.0896151 -0.024975 0
0.000210175 2 0.13895 -0.00170549 0
0.000210175 2 0.215443 0.0219238 0
0.000210175 2 0.334048 0.0390721 0
0.000210175 2 0.517947 0.0422759 0
0.000210175 2 0.803086 0.0309868 0
0.000210175 2 1.2452 0.0156166 0
0.000210175 2 1.9307 0.00601284 0
0.000210175 2 2.99358 0.00225686 0
0.000210175 2 4.64159 0.00124228 0
0.000210175 2 7.19686 0.000755887 0
0.000210175 2 11.1588 0.000471941 0
0.000210175 2 17.302 0.000295812 0
0.000210175 2 26.827 0.000184146 0
0.000210175 2 41.5956 0.000114304 0
0.000210175 2 64.4947 7.1054e-05 0
0.000210175 2 100 4.41795e-05 0
0.000210175 2 155.052 2.74678e-05 0
0.000210175 2 240.41 1.71112e-05 0
0.000210175 2 372.759 1.06788e-05 0
0.000210175 2 577.969 6.66763e-06 0
0.000210175 2 896.151 4.16775e-06 0
0.000210175 2 1389.5 2.61068e-06 0
0.000210175 2 2154.43 1.63702e-06 0
0.000210175 2 3340.48 1.02727e-06 0
0.000210175 2 5179.47 6.45283e-07 0
0.000210175 2 8030.86 4.05775e-07 0
0.000210175 2 12452 2.55455e-07 0
0.000210175 2 19307 1.60943e-07 0
0.000210175 2 29935.8 1.01463e-07 0
0.000210175 2 46415.9 6.40102e-08 0
0.000210175 2 71968.6 4.041e-08 0
0.000210175 2 111588 2.55285e-08 0
0.000210175 2 173020 1.61403e-08 0
0.000210175 2 268270 1.02103e-08 0
0.000210175 2 415956 6.46305e-09 0
0.000210175 2 644947 4.09356e-09 0
0.000210175 2 1e+06 2.59359e-09 0

0.000512481 2 1e-06 -0.0909412 0
0.000512481 2 1.55052e-06 -0.0909407 0
0.000512481 2 2.4041e-06 -0.0909399 0
0.000512481 2 3.72759e-06 -0.0909386 0
0.000512481 2 5.77969e-06 -0.0909367 0
0.000512481 2 8.96151e-06 -0.0909337 0
0.000512481 2 1.3895e-05 -0.090929 0
0.000512481 2 2.15443e-05 -0.0909217 0
0.000512481 2 3.34048e-05 -0.0909105 0
0.000512481 2 5.17947e-05 -0.0908931 0
0.000512481 2 8.03086e-05 -0.090866 0
0.000512481 2 0.00012452 -0.0908242 0
0.000512481 2 0.00019307 -0.0907592 0
0.000512481 2 0.000299358 -0.0906586 0
0.000512481 2 0.000464159 -0.0905027 0
0.000512481 2 0.000719686 -0.0902612 0
0.000512481 2 0.00111588 -0.0898876 0
0.000512481 2 0.0017302 -0.0893099 0
0.000512481 2 0.0026827 -0.0884183 0
0.000512481 2 0.00415956 -0.0870457 0
0.000512481 2 0.00644947 -0.0849405 0
0.000512481 2 0.01 -0.0817315 0
0.000512481 2 0.0155052 -0.0768862 0
0.000512481 2 0.024041 -0.069677 0
0.000512481 2 0.0372759 -0.0591961 0
0.000512481 2 0.0577969 -0.0445083 0
0.000512481 2 0.0896151 -0.0250916 0
0.000512481 2 0.13895 -0.00177826 0
0.000512481 2 0.215443 0.0218961 0
0.000512481 2 0.334048 0.0390786 0
0.000512481 2 0.517947 0.0422936 0
0.000512481 2 0.803086 0.0309963 0
0.000512481 2 1.2452 0.0156203 0
0.000512481 2 1.9307 0.00601795 0
0.000512481 2 2.99358 0.00225961 0
0.000512481 2 4.64159 0.00124352 0
0.000512481 2 7.19686 0.00075675 0
0.000512481 2 11.1588 0.000472519 0
0.000512481 2 17.302 0.000296183 0
0.000512481 2 26.827 0.000184381 0
0.000512481 2 41.5956 0.000114451 0
0.000512481 2 64.4947 7.11449e-05 0
0.000512481 2 100 4.42358e-05 0
0.000512481 2 155.052 2.75026e-05 0
0.000512481 2 240.41 1.71328e-05 0
0.000512481 2 372.759 1.06922e-05 0
0.000512481 2 577.969 6.67594e-06 0
0.000512481 2 896.151 4.17291e-06 0
0.000512481 2 1389.5 2.6139e-06 0
0.000512481 2 2154.43 1.63902e-06 0
0.000512481 2 3340.48 1.02852e-06 0
0.000512481 2 5179.47 6.46064e-07 0
0.000512481 2 8030.86 4.06263e-07 0
0.000512481 2 12452 2.5576e-07 0
0.000512481 2 19307 1.61135e-07 0
0.000512481 2 29935.8 1.01583e-07 0
0.000512481 2 46415.9 6.40856e-08 0
0.000512481 2 71968.6 4.04573e-08 0
0.000512481 2 111588 2.55583e-08 0
0.000512481 2 173020 1.6159e-08 0
0.000512481 2 268270 1.02221e-08 0
0.000512481 2 415956 6.47049e-09 0
0.000512481 2 644947 4.09825e-09 0
0.000512481 2 1e+06 2.59655e-09 0

0.00124961 2 1e-06 -0.0910718 0
0.00124961 2 1.55052e-06 -0.0910713 0
0.00124961 2 2.4041e-06 -0.0910705 0
0.00124961 2 3.72759e-06 -0.0910692 0
0.00124961 2 5.77969e-06 -0.0910673 0
0.00124961 2 8.96151e-06 -0.0910643 0
0.00124961 2 1.3895e-05 -0.0910596 0
0.00124961 2 2.15443e-05 -0.0910523 0
0.00124961 2 3.34048e-05 -0.0910411 0
0.00124961 2 5.17947e-05 -0.0910236 0
0.00124961 2 8.03086e-05 -0.0909966 0
0.00124961 2 0.00012452 -0.0909547 0
0.00124961 2 0.00019307 -0.0908897 0
0.00124961 2 0.000299358 -0.090789 0
0.00124961 2 0.000464159 -0.0906331 0
0.00124961 2 0.000719686 -0.0903915 0
0.00124961 2 0.00111588 -0.0900177 0
0.00124961 2 0.0017302 -0.0894398 0
0.00124961 2 0.0026827 -0.0885478 0
0.00124961 2 0.00415956 -0.0871745 0
0.00124961 2 0.00644947 -0.0850683 0
0.00124961 2 0.01 -0.0818578 0
0.00124961 2 0.0155052 -0.0770102 0
0.00124961 2 0.024041 -0.0697972 0
0.00124961 2 0.0372759 -0.0593107 0
0.00124961 2 0.0577969 -0.0446142 0
0.00124961 2 0.0896151 -0.0251845 0
0.00124961 2 0.13895 -0.0018529 0
0.00124961 2 0.215443 0.0218449 0
0.00124961 2 0.334048 0.0390516 0
0.00124961 2 0.517947 0.0422838 0
0.00124961 2 0.803086 0.0309923 0
0.00124961 2 1.2452 0.0156189 0
0.00124961 2 1.9307 0.00602024 0
0.00124961 2 2.99358 0.00226145 0
0.00124961 2 4.64159 0.00124447 0
0.00124961 2 7.19686 0.000757458 0
0.00124961 2 11.1588 0.000473023 0
0.00124961 2 17.302 0.000296519 0
0.00124961 2 26.827 0.000184596 0
0.00124961 2 41.5956 0.000114587 0
0.00124961 2 64.4947 7.123e-05 0
0.00124961 2 100 4.42887e-05 0
0.00124961 2 155.052 2.75355e-05 0
0.00124961 2 240.41 1.71532e-05 0
0.00124961 2 372.759 1.07049e-05 0
0.00124961 2 577.969 6.68381e-06 0
0.00124961 2 896.151 4.1778e-06 0
0.00124961 2 1389.5 2.61694e-06 0
0.00124961 2 2154.43 1.64092e-06 0
0.00124961 2 3340.48 1.02971e-06 0
0.00124961 2 5179.47 6.46803e-07 0
0.00124961 2 8030.86 4.06726e-07 0
0.00124961 2 12452 2.5605e-07 0
0.00124961 2 19307 1.61316e-07 0
0.00124961 2 29935.8 1.01697e-07 0
0.00124961 2 46415.9 6.41571e-08 0
0.00124961 2 71968.6 4.05022e-08 0
0.00124961 2 111588 2.55865e-08 0
0.00124961 2 173020 1.61768e-08 0
0.00124961 2 268270 1.02333e-08 0
0.00124961 2 415956 6.47754e-09 0
0.00124961 2 644947 4.10269e-09 0
0.00124961 2 1e+06 2.59936e-09 0

0.00304699 2 1e-06 -0.0910293 0
0.00304699 2 1.55052e-06 -0.0910288 0
0.00304699 2 2.4041e-06 -0.091028 0
0.00304699 2 3.72759e-06 -0.0910267 0
0.00304699 2 5.77969e-06 -0.0910248 0
0.00304699 2 8.96151e-06 -0.0910218 0
0.00304699 2 1.3895e-05 -0.0910171 0
0.00304699 2 2.15443e-05 -0.0910099 0
0.00304699 2 3.34048e-05 -0.0909986 0
0.00304699 2 5.17947e-05 -0.0909812 0
0.00304699 2 8.03086e-05 -0.0909542 0
0.00304699 2 0.00012452 -0.0909124 0
0.00304699 2 0.00019307 -0.0908475 0
0.00304699 2 0.000299358 -0.090747 0
0.00304699 2 0.000464159 -0.0905912 0
0.00304699 2 0.000719686 -0.09035 0
0.00304699 2 0.00111588 -0.0899767 0
0.00304699 2 0.0017302 -0.0893996 0
0.00304699 2 0.0026827 -0.0885089 0
0.00304699 2 0.00415956 -0.0871375 0
0.00304699 2 0.00644947 -0.0850343 0
0.00304699 2 0.01 -0.0818283 0
0.00304699 2 0.0155052 -0.0769874 0
0.00304699 2 0.024041 -0.0697843 0
0.00304699 2 0.0372759 -0.0593116 0
0.00304699 2 0.0577969 -0.0446338 0
0.00304699 2 0.0896151 -0.0252269 0
0.00304699 2 0.13895 -0.00191903 0
0.00304699 2 0.215443 0.0217611 0
0.00304699 2 0.334048 0.0389656 0
0.00304699 2 0.517947 0.0422149 0
0.00304699 2 0.803086 0.0309511 0
0.00304699 2 1.2452 0.015602 0
0.00304699 2 1.9307 0.00601691 0
0.00304699 2 2.99358 0.00226197 0
0.00304699 2 4.64159 0.00124503 0
0.00304699 2 7.19686 0.000757744 0
0.00304699 2 11.1588 0.000473284 0
0.00304699 2 17.302 0.000296711 0
0.00304699 2 26.827 0.000184727 0
0.00304699 2 41.5956 0.000114672 0
0.00304699 2 64.4947 7.12841e-05 0
0.00304699 2 100 4.43229e-05 0
0.00304699 2 155.052 2.75568e-05 0
0.00304699 2 240.41 1.71665e-05 0
0.00304699 2 372.759 1.07131e-05 0
0.00304699 2 577.969 6.68896e-06 0
0.00304699 2 896.151 4.18101e-06 0
0.00304699 2 1389.5 2.61894e-06 0
0.00304699 2 2154.43 1.64217e-06 0
0.00304699 2 3340.48 1.03049e-06 0
0.00304699 2 5179.47 6.47289e-07 0
0.00304699 2 8030.86 4.07029e-07 0
0.00304699 2 12452 2.5624e-07 0
0.00304699 2 19307 1.61435e-07 0
0.00304699 2 29935.8 1.01772e-07 0
0.00304699 2 46415.9 6.4204e-08 0
0.00304699 2 71968.6 4.05317e-08 0
0.00304699 2 111588 2.5605e-08 0
0.00304699 2 173020 1.61884e-08 0
0.00304699 2 268270 1.02406e-08 0
0.00304699 2 415956 6.48218e-09 0
0.00304699 2 644947 4.10561e-09 0
0.00304699 2 1e+06 2.6012e-09 0

0.00742964 2 1e-06 -0.090835 0
0.00742964 2 1.55052e-06 -0.0908345 0
0.00742964 2 2.4041e-06 -0.0908336 0
0.00742964 2 3.72759e-06 -0.0908324 0
0.00742964 2 5.77969e-06 -0.0908305 0
0.00742964 2 8.96151e-06 -0.0908275 0
0.00742964 2 1.3895e-05 -0.0908228 0
0.00742964 2 2.15443e-05 -0.0908156 0
0.00742964 2 3.34048e-05 -0.0908044 0
0.00742964 2 5.17947e-05 -0.090787 0
0.00742964 2 8.03086e-05 -0.0907601 0
0.00742964 2 0.00012452 -0.0907184 0
0.00742964 2 0.00019307 -0.0906538 0
0.00742964 2 0.000299358 -0.0905536 0
0.00742964 2 0.000464159 -0.0903983 0
0.00742964 2 0.000719686 -0.0901579 0
0.00742964 2 0.00111588 -0.0897859 0
0.00742964 2 0.0017302 -0.0892107 0
0.00742964 2 0.0026827 -0.0883229 0
0.00742964 2 0.00415956 -0.0869561 0
0.00742964 2 0.00644947 -0.0848599 0
0.00742964 2 0.01 -0.0816645 0
0.00742964 2 0.0155052 -0.0768395 0
0.00742964 2 0.024041 -0.06966 0
0.00742964 2 0.0372759 -0.0592214 0
0.00742964 2 0.0577969 -0.0445905 0
0.00742964 2 0.0896151 -0.0252441 0
0.00742964 2 0.13895 -0.00200567 0
0.00742964 2 0.215443 0.0216108 0
0.00742964 2 0.334048 0.0387819 0
0.00742964 2 0.517947 0.0420496 0
0.00742964 2 0.803086 0.0308471 0
0.00742964 2 1.2452 0.0155586 0
0.00742964 2 1.9307 0.00600408 0
0.00742964 2 2.99358 0.00225901 0
0.00742964 2 4.64159 0.00124394 0
0.00742964 2 7.19686 0.000757058 0
0.00742964 2 11.1588 0.000472968 0
0.00742964 2 17.302 0.000296559 0
0.00742964 2 26.827 0.00018465 0
0.00742964 2 41.5956 0.000114631 0
0.00742964 2 64.4947 7.12618e-05 0
0.00742964 2 100 4.43101e-05 0
0.00742964 2 155.052 2.75494e-05 0
0.00742964 2 240.41 1.7162e-05 0
0.00742964 2 372.759 1.07104e-05 0
0.00742964 2 577.969 6.6873e-06 0
0.00742964 2 896.151 4.17999e-06 0
0.00742964 2 1389.5 2.61831e-06 0
0.00742964 2 2154.43 1.64177e-06 0
0.00742964 2 3340.48 1.03024e-06 0
0.00742964 2 5179.47 6.47137e-07 0
0.00742964 2 8030.86 4.06934e-07 0
0.00742964 2 12452 2.56181e-07 0
0.00742964 2 19307 1.61398e-07 0
0.00742964 2 29935.8 1.01749e-07 0
0.00742964 2 46415.9 6.41894e-08 0
0.00742964 2 71968.6 4.05225e-08 0
0.00742964 2 111588 2.55992e-08 0
0.00742964 2 173020 1.61848e-08 0
0.00742964 2 268270 1.02383e-08 0
0.00742964 2 415956 6.48073e-09 0
0.00742964 2 644947 4.1047e-09 0
0.00742964 2 1e+06 2.60063e-09 0

0.0181161 2 1e-06 -0.090384 0
0.0181161 2 1.55052e-06 -0.0903835 0
0.0181161 2 2.4041e-06 -0.0903827 0
0.0181161 2 3.72759e-06 -0.0903814 0
0.0181161 2 5.77969e-06 -0.0903795 0
0.0181161 2 8.96151e-06 -0.0903765 0
0.0181161 2 1.3895e-05 -0.0903719 0
0.0181161 2 2.15443e-05 -0.0903648 0
0.0181161 2 3.34048e-05 -0.0903537 0
0.0181161 2 5.17947e-05 -0.0903364 0
0.0181161 2 8.03086e-05 -0.0903097 0
0.0181161 2 0.00012452 -0.0902684 0
0.0181161 2 0.00019307 -0.0902042 0
0.0181161 2 0.000299358 -0.0901048 0
0.0181161 2 0.000464159 -0.0899508 0
0.0181161 2 0.000719686 -0.0897123 0
0.0181161 2 0.00111588 -0.0893432 0
0.0181161 2 0.0017302 -0.0887726 0
0.0181161 2 0.0026827 -0.0878919 0
0.0181161 2 0.00415956 -0.0865358 0
0.0181161 2 0.00644947 -0.0844562 0
0.0181161 2 0.01 -0.081286 0
0.0181161 2 0.0155052 -0.0764989 0
0.0181161 2 0.024041 -0.0693753 0
0.0181161 2 0.0372759 -0.0590172 0
0.0181161 2 0.0577969 -0.0444971 0
0.0181161 2 0.0896151 -0.025293 0
0.0181161 2 0.13895 -0.00221635 0
0.0181161 2 0.215443 0.0212534 0
0.0181161 2 0.334048 0.0383505 0
0.0181161 2 0.517947 0.0416654 0
0.0181161 2 0.803086 0.0306076 0
0.0181161 2 1.2452 0.0154583 0
0.0181161 2 1.9307 0.00597205 0
0.0181161 2 2.99358 0.0022493 0
0.0181161 2 4.64159 0.00123955 0
0.0181161 2 7.19686 0.000754356 0
0.0181161 2 11.1588 0.000471428 0
0.0181161 2 17.302 0.000295661 0
0.0181161 2 26.827 0.000184117 0
0.0181161 2 41.5956 0.000114312 0
0.0181161 2 64.4947 7.10683e-05 0
0.0181161 2 100 4.41921e-05 0
0.0181161 2 155.052 2.7477e-05 0
0.0181161 2 240.41 1.71175e-05 0
0.0181161 2 372.759 1.06829e-05 0
0.0181161 2 577.969 6.67028e-06 0
0.0181161 2 896.151 4.16943e-06 0
0.0181161 2 1389.5 2.61174e-06 0
0.0181161 2 2154.43 1.63768e-06 0
0.0181161 2 3340.48 1.02769e-06 0
0.0181161 2 5179.47 6.45544e-07 0
0.0181161 2 8030.86 4.05939e-07 0
0.0181161 2 12452 2.55557e-07 0
0.0181161 2 19307 1.61007e-07 0
0.0181161 2 29935.8 1.01503e-07 0
0.0181161 2 46415.9 6.40355e-08 0
0.0181161 2 71968.6 4.04259e-08 0
0.0181161 2 111588 2.55385e-08 0
0.0181161 2 173020 1.61466e-08 0
0.0181161 2 268270 1.02142e-08 0
0.0181161 2 415956 6.46555e-09 0
0.0181161 2 644947 4.09513e-09 0
0.0181161 2 1e+06 2.59459e-09 0

0.0441734 2 1e-06 -0.0892872 0
0.0441734 2 1.55052e-06 -0.0892867 0
0.0441734 2 2.4041e-06 -0.0892859 0
0.0441734 2 3.72759e-06 -0.0892847 0
0.0441734 2 5.77969e-06 -0.0892828 0
0.0441734 2 8.96151e-06 -0.0892799 0
0.0441734 2 1.3895e-05 -0.0892754 0
0.0441734 2 2.15443e-05 -0.0892683 0
0.0441734 2 3.34048e-05 -0.0892574 0
0.0441734 2 5.17947e-05 -0.0892406 0
0.0441734 2 8.03086e-05 -0.0892144 0
0.0441734 2 0.00012452 -0.0891738 0
0.0441734 2 0.00019307 -0.0891109 0
0.0441734 2 0.000299358 -0.0890134 0
0.0441734 2 0.000464159 -0.0888623 0
0.0441734 2 0.000719686 -0.0886284 0
0.0441734 2 0.00111588 -0.0882664 0
0.0441734 2 0.0017302 -0.0877068 0
0.0441734 2 0.0026827 -0.086843 0
0.0441734 2 0.00415956 -0.085513 0
0.0441734 2 0.00644947 -0.0834732 0
0.0441734 2 0.01 -0.0803636 0
0.0441734 2 0.0155052 -0.0756675 0
0.0441734 2 0.024041 -0.0686786 0
0.0441734 2 0.0372759 -0.0585142 0
0.0441734 2 0.0577969 -0.0442609 0
0.0441734 2 0.0896151 -0.0253993 0
0.0441734 2 0.13895 -0.00271234 0
0.0441734 2 0.215443 0.020404 0
0.0441734 2 0.334048 0.0373223 0
0.0441734 2 0.517947 0.0407503 0
0.0441734 2 0.803086 0.0300394 0
0.0441734 2 1.2452 0.0152211 0
0.0441734 2 1.9307 0.00589546 0
0.0441734 2 2.99358 0.00222345 0
0.0441734 2 4.64159 0.00122678 0
0.0441734 2 7.19686 0.000746902 0
0.0441734 2 11.1588 0.000466993 0
0.0441734 2 17.302 0.000292998 0
0.0441734 2 26.827 0.000182511 0
0.0441734 2 41.5956 0.000113337 0
0.0441734 2 64.4947 7.04734e-05 0
0.0441734 2 100 4.38276e-05 0
0.0441734 2 155.052 2.7253e-05 0
0.0441734 2 240.41 1.69794e-05 0
0.0441734 2 372.759 1.05975e-05 0
0.0441734 2 577.969 6.61735e-06 0
0.0441734 2 896.151 4.13658e-06 0
0.0441734 2 1389.5 2.59131e-06 0
0.0441734 2 2154.43 1.62496e-06 0
0.0441734 2 3340.48 1.01975e-06 0
0.0441734 2 5179.47 6.40588e-07 0
0.0441734 2 8030.86 4.02839e-07 0
0.0441734 2 12452 2.53617e-07 0
0.0441734 2 19307 1.59791e-07 0
0.0441734 2 29935.8 1.00741e-07 0
0.0441734 2 46415.9 6.35568e-08 0
0.0441734 2 71968.6 4.01251e-08 0
0.0441734 2 111588 2.53493e-08 0
0.0441734 2 173020 1.60275e-08 0
0.0441734 2 268270 1.01393e-08 0
0.0441734 2 415956 6.41832e-09 0
0.0441734 2 644947 4.06535e-09 0
0.0441734 2 1e+06 2.5758e-09 0

0.107711 2 1e-06 -0.086694 0
0.107711 2 1.55052e-06 -0.0866935 0
0.107711 2 2.4041e-06 -0.0866928 0
0.107711 2 3.72759e-06 -0.0866916 0
0.107711 2 5.77969e-06 -0.0866898 0
0.107711 2 8.96151e-06 -0.086687 0
0.107711 2 1.3895e-05 -0.0866827 0
0.107711 2 2.15443e-05 -0.086676 0
0.107711 2 3.34048e-05 -0.0866656 0
0.107711 2 5.17947e-05 -0.0866495 0
0.107711 2 8.03086e-05 -0.0866246 0
0.107711 2 0.00012452 -0.0865859 0
0.107711 2 0.00019307 -0.0865259 0
0.107711 2 0.000299358 -0.0864329 0
0.107711 2 0.000464159 -0.0862889 0
0.107711 2 0.000719686 -0.0860659 0
0.107711 2 0.00111588 -0.0857207 0
0.107711 2 0.0017302 -0.085187 0
0.107711 2 0.0026827 -0.0843633 0
0.107711 2 0.00415956 -0.0830949 0
0.107711 2 0.00644947 -0.0811495 0
0.107711 2 0.01 -0.0781834 0
0.107711 2 0.0155052 -0.0737031 0
0.107711 2 0.024041 -0.0670332 0
0.107711 2 0.0372759 -0.0573278 0
0.107711 2 0.0577969 -0.043707 0
0.107711 2 0.0896151 -0.0256578 0
0.107711 2 0.13895 -0.00389656 0
0.107711 2 0.215443 0.0183783 0
0.107711 2 0.334048 0.0348686 0
0.107711 2 0.517947 0.0385629 0
0.107711 2 0.803086 0.0286789 0
0.107711 2 1.2452 0.0146528 0
0.107711 2 1.9307 0.0057114 0
0.107711 2 2.99358 0.00215987 0
0.107711 2 4.64159 0.00119496 0
0.107711 2 7.19686 0.000728664 0
0.107711 2 11.1588 0.000456148 0
0.107711 2 17.302 0.000286486 0
0.107711 2 26.827 0.000178581 0
0.107711 2 41.5956 0.000110953 0
0.107711 2 64.4947 6.90189e-05 0
0.107711 2 100 4.29364e-05 0
0.107711 2 155.052 2.67053e-05 0
0.107711 2 240.41 1.66417e-05 0
0.107711 2 372.759 1.03887e-05 0
0.107711 2 577.969 6.488e-06 0
0.107711 2 896.151 4.05631e-06 0
0.107711 2 1389.5 2.54138e-06 0
0.107711 2 2154.43 1.59386e-06 0
0.107711 2 3340.48 1.00036e-06 0
0.107711 2 5179.47 6.28474e-07 0
0.107711 2 8030.86 3.95265e-07 0
0.107711 2 12452 2.48875e-07 0
0.107711 2 19307 1.5682e-07 0
0.107711 2 29935.8 9.8877e-08 0
0.107711 2 46415.9 6.23868e-08 0
0.107711 2 71968.6 3.939e-08 0
0.107711 2 111588 2.48871e-08 0
0.107711 2 173020 1.57367e-08 0
0.107711 2 268270 9.95609e-09 0
0.107711 2 415956 6.30289e-09 0
0.107711 2 644947 3.99256e-09 0
0.107711 2 1e+06 2.52987e-09 0

0.262636 2 1e-06 -0.0808058 0
0.262636 2 1.55052e-06 -0.0808053 0
0.262636 2 2.4041e-06 -0.0808047 0
0.262636 2 3.72759e-06 -0.0808036 0
0.262636 2 5.77969e-06 -0.080802 0
0.262636 2 8.96151e-06 -0.0807995 0
0.262636 2 1.3895e-05 -0.0807957 0
0.262636 2 2.15443e-05 -0.0807897 0
0.262636 2 3.34048e-05 -0.0807805 0
0.262636 2 5.17947e-05 -0.0807662 0
0.262636 2 8.03086e-05 -0.080744 0
0.262636 2 0.00012452 -0.0807095 0
0.262636 2 0.00019307 -0.0806562 0
0.262636 2 0.000299358 -0.0805735 0
0.262636 2 0.000464159 -0.0804453 0
0.262636 2 0.000719686 -0.0802469 0
0.262636 2 0.00111588 -0.0799398 0
0.262636 2 0.0017302 -0.0794649 0
0.262636 2 0.0026827 -0.0787319 0
0.262636 2 0.00415956 -0.077603 0
0.262636 2 0.00644947 -0.0758712 0
0.262636 2 0.01 -0.0732299 0
0.262636 2 0.0155052 -0.0692383 0
0.262636 2 0.024041 -0.0632911 0
0.262636 2 0.0372759 -0.0546263 0
0.262636 2 0.0577969 -0.0424409 0
0.262636 2 0.0896151 -0.0262387 0
0.262636 2 0.13895 -0.00658861 0
0.262636 2 0.215443 0.0137545 0
0.262636 2 0.334048 0.02924 0
0.262636 2 0.517947 0.0335091 0
0.262636 2 0.803086 0.0255035 0
0.262636 2 1.2452 0.0133126 0
0.262636 2 1.9307 0.00527815 0
0.262636 2 2.99358 0.00201003 0
0.262636 2 4.64159 0.00111901 0
0.262636 2 7.19686 0.000685536 0
0.262636 2 11.1588 0.000430547 0
0.262636 2 17.302 0.000271117 0
0.262636 2 26.827 0.00016931 0
0.262636 2 41.5956 0.000105332 0
0.262636 2 64.4947 6.55893e-05 0
0.262636 2 100 4.08355e-05 0
0.262636 2 155.052 2.54145e-05 0
0.262636 2 240.41 1.58458e-05 0
0.262636 2 372.759 9.8966e-06 0
0.262636 2 577.969 6.1832e-06 0
0.262636 2 896.151 3.86716e-06 0
0.262636 2 1389.5 2.42374e-06 0
0.262636 2 2154.43 1.52058e-06 0
0.262636 2 3340.48 9.54653e-07 0
0.262636 2 5179.47 5.99933e-07 0
0.262636 2 8030.86 3.77419e-07 0
0.262636 2 12452 2.37702e-07 0
0.262636 2 19307 1.49818e-07 0
0.262636 2 29935.8 9.44856e-08 0
0.262636 2 46415.9 5.963e-08 0
0.262636 2 71968.6 3.7658e-08 0
0.262636 2 111588 2.37981e-08 0
0.262636 2 173020 1.50513e-08 0
0.262636 2 268270 9.52451e-09 0
0.262636 2 415956 6.03091e-09 0
0.262636 2 644947 3.82105e-09 0
0.262636 2 1e+06 2.42167e-09 0

0.6404 2 1e-06 -0.0682025 0
0.6404 2 1.55052e-06 -0.0682022 0
0.6404 2 2.4041e-06 -0.0682017 0
0.6404 2 3.72759e-06 -0.0682009 0
0.6404 2 5.77969e-06 -0.0681997 0
0.6404 2 8.96151e-06 -0.0681978 0
0.6404 2 1.3895e-05 -0.068195 0
0.6404 2 2.15443e-05 -0.0681905 0
0.6404 2 3.34048e-05 -0.0681836 0
0.6404 2 5.17947e-05 -0.0681728 0
0.6404 2 8.03086e-05 -0.0681562 0
0.6404 2 0.00012452 -0.0681303 0
0.6404 2 0.00019307 -0.0680903 0
0.6404 2 0.000299358 -0.0680282 0
0.6404 2 0.000464159 -0.0679321 0
0.6404 2 0.000719686 -0.0677832 0
0.6404 2 0.00111588 -0.0675527 0
0.6404 2 0.0017302 -0.0671963 0
0.6404 2 0.0026827 -0.066646 0
0.6404 2 0.00415956 -0.0657984 0
0.6404 2 0.00644947 -0.0644972 0
0.6404 2 0.01 -0.0625112 0
0.6404 2 0.0155052 -0.059506 0
0.6404 2 0.024041 -0.0550196 0
0.6404 2 0.0372759 -0.0484625 0
0.6404 2 0.0577969 -0.0391942 0
0.6404 2 0.0896151 -0.0267675 0
0.6404 2 0.13895 -0.011478 0
0.6404 2 0.215443 0.00478591 0
0.6404 2 0.334048 0.0179785 0
0.6404 2 0.517947 0.0231354 0
0.6404 2 0.803086 0.0187975 0
0.6404 2 1.2452 0.0103931 0
0.6404 2 1.9307 0.004321 0
0.6404 2 2.99358 0.00168196 0
0.6404 2 4.64159 0.000952586 0
0.6404 2 7.19686 0.000590777 0
0.6404 2 11.1588 0.000374305 0
0.6404 2 17.302 0.00023736 0
0.6404 2 26.827 0.000148954 0
0.6404 2 41.5956 9.2992e-05 0
0.6404 2 64.4947 5.80635e-05 0
0.6404 2 100 3.62264e-05 0
0.6404 2 155.052 2.2583e-05 0
0.6404 2 240.41 1.41003e-05 0
0.6404 2 372.759 8.81745e-06 0
0.6404 2 577.969 5.5148e-06 0
0.6404 2 896.151 3.45238e-06 0
0.6404 2 1389.5 2.16577e-06 0
0.6404 2 2154.43 1.35989e-06 0
0.6404 2 3340.48 8.54435e-07 0
0.6404 2 5179.47 5.37349e-07 0
0.6404 2 8030.86 3.38287e-07 0
0.6404 2 12452 2.13204e-07 0
0.6404 2 19307 1.34466e-07 0
0.6404 2 29935.8 8.48566e-08 0
0.6404 2 46415.9 5.35853e-08 0
0.6404 2 71968.6 3.38602e-08 0
0.6404 2 111588 2.14101e-08 0
0.6404 2 173020 1.35486e-08 0
0.6404 2 268270 8.57817e-09 0
0.6404 2 415956 5.43455e-09 0
0.6404 2 644947 3.44499e-09 0
0.6404 2 1e+06 2.18441e-09 0

1.56152 2 1e-06 -0.0443816 0
1.56152 2 1.55052e-06 -0.0443815 0
1.56152 2 2.4041e-06 -0.0443812 0
1.56152 2 3.72759e-06 -0.0443808 0
1.56152 2 5.77969e-06 -0.0443802 0
1.56152 2 8.96151e-06 -0.0443793 0
1.56152 2 1.3895e-05 -0.0443778 0
1.56152 2 2.15443e-05 -0.0443756 0
1.56152 2 3.34048e-05 -0.044372 0
1.56152 2 5.17947e-05 -0.0443666 0
1.56152 2 8.03086e-05 -0.0443581 0
1.56152 2 0.00012452 -0.044345 0
1.56152 2 0.00019307 -0.0443247 0
1.56152 2 0.000299358 -0.0442932 0
1.56152 2 0.000464159 -0.0442445 0
1.56152 2 0.000719686 -0.0441689 0
1.56152 2 0.00111588 -0.044052 0
1.56152 2 0.0017302 -0.0438711 0
1.56152 2 0.0026827 -0.0435917 0
1.56152 2 0.00415956 -0.0431609 0
1.56152 2 0.00644947 -0.0424989 0
1.56152 2 0.01 -0.0414868 0
1.56152 2 0.0155052 -0.0399511 0
1.56152 2 0.024041 -0.0376487 0
1.56152 2 0.0372759 -0.0342608 0
1.56152 2 0.0577969 -0.0294202 0
1.56152 2 0.0896151 -0.0228155 0
1.56152 2 0.13895 -0.0144462 0
1.56152 2 0.215443 -0.00505523 0
1.56152 2 0.334048 0.0034777 0
1.56152 2 0.517947 0.00848763 0
1.56152 2 0.803086 0.00853105 0
1.56152 2 1.2452 0.00552402 0
1.56152 2 1.9307 0.00262325 0
1.56152 2 2.99358 0.00109945 0
1.56152 2 4.64159 0.000656534 0
1.56152 2 7.19686 0.000421926 0
1.56152 2 11.1588 0.000273958 0
1.56152 2 17.302 0.00017713 0
1.56152 2 26.827 0.000112658 0
1.56152 2 41.5956 7.10057e-05 0
1.56152 2 64.4947 4.46627e-05 0
1.56152 2 100 2.80231e-05 0
1.56152 2 155.052 1.75453e-05 0
1.56152 2 240.41 1.09955e-05 0
1.56152 2 372.759 6.89815e-06 0
1.56152 2 577.969 4.32615e-06 0
1.56152 2 896.151 2.71481e-06 0
1.56152 2 1389.5 1.70705e-06 0
1.56152 2 2154.43 1.07417e-06 0
1.56152 2 3340.48 6.76241e-07 0
1.56152 2 5179.47 4.26071e-07 0
1.56152 2 8030.86 2.68708e-07 0
1.56152 2 12452 1.69645e-07 0
1.56152 2 19307 1.0717e-07 0
1.56152 2 29935.8 6.77359e-08 0
1.56152 2 46415.9 4.28377e-08 0
1.56152 2 71968.6 2.71077e-08 0
1.56152 2 111588 1.71643e-08 0
1.56152 2 173020 1.08766e-08 0
1.56152 2 268270 6.89556e-09 0
1.56152 2 415956 4.37421e-09 0
1.56152 2 644947 2.77635e-09 0
1.56152 2 1e+06 1.76256e-09 0

3.80755 2 1e-06 -0.015155 0
3.80755 2 1.55052e-06 -0.015155 0
3.80755 2 2.4041e-06 -0.0151549 0
3.80755 2 3.72759e-06 -0.0151548 0
3.80755 2 5.77969e-06 -0.0151547 0
3.80755 2 8.96151e-06 -0.0151545 0
3.80755 2 1.3895e-05 -0.0151541 0
3.80755 2 2.15443e-05 -0.0151536 0
3.80755 2 3.34048e-05 -0.0151527 0
3.80755 2 5.17947e-05 -0.0151515 0
3.80755 2 8.03086e-05 -0.0151495 0
3.80755 2 0.00012452 -0.0151464 0
3.80755 2 0.00019307 -0.0151416 0
3.80755 2 0.000299358 -0.0151342 0
3.80755 2 0.000464159 -0.0151227 0
3.80755 2 0.000719686 -0.0151049 0
3.80755 2 0.00111588 -0.0150773 0
3.80755 2 0.0017302 -0.0150347 0
3.80755 2 0.0026827 -0.0149687 0
3.80755 2 0.00415956 -0.0148669 0
3.80755 2 0.00644947 -0.0147102 0
3.80755 2 0.01 -0.01447 0
3.80755 2 0.0155052 -0.0141041 0
3.80755 2 0.024041 -0.0135519 0
3.80755 2 0.0372759 -0.0127312 0
3.80755 2 0.0577969 -0.0115397 0
3.80755 2 0.0896151 -0.00987209 0
3.80755 2 0.13895 -0.00766944 0
3.80755 2 0.215443 -0.00501642 0
3.80755 2 0.334048 -0.00226359 0
3.80755 2 0.517947 -4.17136e-05 0
3.80755 2 0.803086 0.0010918 0
3.80755 2 1.2452 0.00121567 0
3.80755 2 1.9307 0.000828254 0
3.80755 2 2.99358 0.00043654 0
3.80755 2 4.64159 0.000309561 0
3.80755 2 7.19686 0.000221121 0
3.80755 2 11.1588 0.000153396 0
3.80755 2 17.302 0.00010445 0
3.80755 2 26.827 6.88269e-05 0
3.80755 2 41.5956 4.44699e-05 0
3.80755 2 64.4947 2.85025e-05 0
3.80755 2 100 1.81384e-05 0
3.80755 2 155.052 1.14789e-05 0
3.80755 2 240.41 7.25826e-06 0
3.80755 2 372.759 4.58868e-06 0
3.80755 2 577.969 2.89616e-06 0
3.80755 2 896.151 1.82761e-06 0
3.80755 2 1389.5 1.15533e-06 0
3.80755 2 2154.43 7.30535e-07 0
3.80755 2 3340.48 4.61939e-07 0
3.80755 2 5179.47 2.92248e-07 0
3.80755 2 8030.86 1.85034e-07 0
3.80755 2 12452 1.17262e-07 0
3.80755 2 19307 7.43437e-08 0
3.80755 2 29935.8 4.71473e-08 0
3.80755 2 46415.9 2.99132e-08 0
3.80755 2 71968.6 1.89875e-08 0
3.80755 2 111588 1.20584e-08 0
3.80755 2 173020 7.66349e-09 0
3.80755 2 268270 4.87214e-09 0
3.80755 2 415956 3.09911e-09 0
3.80755 2 644947 1.97228e-09 0
3.80755 2 1e+06 1.25526e-09 0

9.28415 2 1e-06 -0.00170251 0
9.28415 2 1.55052e-06 -0.00170251 0
9.28415 2 2.4041e-06 -0.0017025 0
9.28415 2 3.72759e-06 -0.0017025 0
9.28415 2 5.77969e-06 -0.00170249 0
9.28415 2 8.96151e-06 -0.00170247 0
9.28415 2 1.3895e-05 -0.00170245 0
9.28415 2 2.15443e-05 -0.00170242 0
9.28415 2 3.34048e-05 -0.00170236 0
9.28415 2 5.17947e-05 -0.00170228 0
9.28415 2 8.03086e-05 -0.00170215 0
9.28415 2 0.00012452 -0.00170195 0
9.28415 2 0.00019307 -0.00170164 0
9.28415 2 0.000299358 -0.00170117 0
9.28415 2 0.000464159 -0.00170042 0
9.28415 2 0.000719686 -0.00169928 0
9.28415 2 0.00111588 -0.00169749 0
9.28415 2 0.0017302 -0.00169474 0
9.28415 2 0.0026827 -0.00169047 0
9.28415 2 0.00415956 -0.00168388 0
9.28415 2 0.00644947 -0.00167371 0
9.28415 2 0.01 -0.00165807 0
9.28415 2 0.0155052 -0.0016341 0
9.28415 2 0.024041 -0.00159764 0
9.28415 2 0.0372759 -0.00154274 0
9.28415 2 0.0577969 -0.0014614 0
9.28415 2 0.0896151 -0.00134389 0
9.28415 2 0.13895 -0.00118072 0
9.28415 2 0.215443 -0.000967776 0
9.28415 2 0.334048 -0.000715145 0
9.28415 2 0.517947 -0.000454363 0
9.28415 2 0.803086 -0.000225463 0
9.28415 2 1.2452 -4.87033e-05 0
9.28415 2 1.9307 4.25575e-05 0
9.28415 2 2.99358 5.67742e-05 0
9.28415 2 4.64159 7.3538e-05 0
9.28415 2 7.19686 7.21611e-05 0
9.28415 2 11.1588 5.95056e-05 0
9.28415 2 17.302 4.62347e-05 0
9.28415 2 26.827 3.32754e-05 0
9.28415 2 41.5956 2.28433e-05 0
9.28415 2 64.4947 1.53127e-05 0
9.28415 2 100 1.00708e-05 0
9.28415 2 155.052 6.52998e-06 0
9.28415 2 240.41 4.21099e-06 0
9.28415 2 372.759 2.70634e-06 0
9.28415 2 577.969 1.73101e-06 0
9.28415 2 896.151 1.10489e-06 0
9.28415 2 1389.5 7.05961e-07 0
9.28415 2 2154.43 4.50679e-07 0
9.28415 2 3340.48 2.87422e-07 0
9.28415 2 5179.47 1.83275e-07 0
9.28415 2 8030.86 1.169e-07 0
9.28415 2 12452 7.46085e-08 0
9.28415 2 19307 4.7615e-08 0
9.28415 2 29935.8 3.03831e-08 0
9.28415 2 46415.9 1.93894e-08 0
9.28415 2 71968.6 1.23757e-08 0
9.28415 2 111588 7.90108e-09 0
9.28415 2 173020 5.04724e-09 0
9.28415 2 268270 3.2246e-09 0
9.28415 2 415956 2.06087e-09 0
9.28415 2 644947 1.31758e-09 0
9.28415 2 1e+06 8.42207e-10 0

22.638 2 1e-06 -0.000125952 0
22.638 2 1.55052e-06 -0.000125952 0
22.638 2 2.4041e-06 -0.000125952 0
22.638 2 3.72759e-06 -0.000125952 0
22.638 2 5.77969e-06 -0.000125952 0
22.638 2 8.96151e-06 -0.000125952 0
22.638 2 1.3895e-05 -0.000125951 0
22.638 2 2.15443e-05 -0.00012595 0
22.638 2 3.34048e-05 -0.000125949 0
22.638 2 5.17947e-05 -0.000125948 0
22.638 2 8.03086e-05 -0.000125945 0
22.638 2 0.00012452 -0.00012594 0
22.638 2 0.00019307 -0.000125934 0
22.638 2 0.000299358 -0.000125923 0
22.638 2 0.000464159 -0.000125907 0
22.638 2 0.000719686 -0.000125882 0
22.638 2 0.00111588 -0.000125844 0
22.638 2 0.0017302 -0.000125784 0
22.638 2 0.0026827 -0.000125691 0
22.638 2 0.00415956 -0.000125548 0
22.638 2 0.00644947 -0.000125325 0
22.638 2 0.01 -0.00012498 0
22.638 2 0.0155052 -0.000124447 0
22.638 2 0.024041 -0.000123621 0
22.638 2 0.0372759 -0.000122348 0
22.638 2 0.0577969 -0.000120392 0
22.638 2 0.0896151 -0.00011741 0
22.638 2 0.13895 -0.000112941 0
22.638 2 0.215443 -0.000106466 0
22.638 2 0.334048 -9.76335e-05 0
22.638 2 0.517947 -8.65168e-05 0
22.638 2 0.803086 -7.2626e-05 0
22.638 2 1.2452 -5.312e-05 0
22.638 2 1.9307 -3.19043e-05 0
22.638 2 2.99358 -1.69831e-05 0
22.638 2 4.64159 -2.15916e-06 0
22.638 2 7.19686 8.63879e-06 0
22.638 2 11.1588 1.24091e-05 0
22.638 2 17.302 1.35292e-05 0
22.638 2 26.827 1.19317e-05 0
22.638 2 41.5956 9.36664e-06 0
22.638 2 64.4947 6.92095e-06 0
22.638 2 100 4.88161e-06 0
22.638 2 155.052 3.32879e-06 0
22.638 2 240.41 2.23381e-06 0
22.638 2 372.759 1.48298e-06 0
22.638 2 577.969 9.73107e-07 0
22.638 2 896.151 6.34536e-07 0
22.638 2 1389.5 4.13423e-07 0
22.638 2 2154.43 2.68465e-07 0
22.638 2 3340.48 1.73784e-07 0
22.638 2 5179.47 1.12312e-07 0
22.638 2 8030.86 7.25295e-08 0
22.638 2 12452 4.68309e-08 0
22.638 2 19307 3.0208e-08 0
22.638 2 29935.8 1.94654e-08 0
22.638 2 46415.9 1.25358e-08 0
22.638 2 71968.6 8.06974e-09 0
22.638 2 111588 5.19358e-09 0
22.638 2 173020 3.3434e-09 0
22.638 2 268270 2.15163e-09 0
22.638 2 415956 1.38472e-09 0
22.638 2 644947 8.91198e-10 0
22.638 2 1e+06 5.73203e-10 0

55.1995 2 1e-06 -2.15642e-05 0
55.1995 2 1.55052e-06 -2.15642e-05 0
55.1995 2 2.4041e-06 -2.15642e-05 0
55.1995 2 3.72759e-06 -2.15642e-05 0
55.1995 2 5.77969e-06 -2.15641e-05 0
55.1995 2 8.96151e-06 -2.15641e-05 0
55.1995 2 1.3895e-05 -2.15641e-05 0
55.1995 2 2.15443e-05 -2.15641e-05 0
55.1995 2 3.34048e-05 -2.1564e-05 0
55.1995 2 5.17947e-05 -2.15639e-05 0
55.1995 2 8.03086e-05 -2.15638e-05 0
55.1995 2 0.00012452 -2.15635e-05 0
55.1995 2 0.00019307 -2.15632e-05 0
55.1995 2 0.000299358 -2.15626e-05 0
55.1995 2 0.000464159 -2.15618e-05 0
55.1995 2 0.000719686 -2.15604e-05 0
55.1995 2 0.00111588 -2.15584e-05 0
55.1995 2 0.0017302 -2.15552e-05 0
55.1995 2 0.0026827 -2.15502e-05 0
55.1995 2 0.00415956 -2.15425e-05 0
55.1995 2 0.00644947 -2.15305e-05 0
55.1995 2 0.01 -2.15117e-05 0
55.1995 2 0.0155052 -2.14824e-05 0
55.1995 2 0.024041 -2.14364e-05 0
55.1995 2 0.0372759 -2.13639e-05 0
55.1995 2 0.0577969 -2.12492e-05 0
55.1995 2 0.0896151 -2.10675e-05 0
55.1995 2 0.13895 -2.07828e-05 0
55.1995 2 0.215443 -2.03532e-05 0
55.1995 2 0.334048 -1.9755e-05 0
55.1995 2 0.517947 -1.90065e-05 0
55.1995 2 0.803086 -1.79813e-05 0
55.1995 2 1.2452 -1.60001e-05 0
55.1995 2 1.9307 -1.31806e-05 0
55.1995 2 2.99358 -1.06373e-05 0
55.1995 2 4.64159 -7.38643e-06 0
55.1995 2 7.19686 -3.51106e-06 0
55.1995 2 11.1588 -7.98272e-07 0
55.1995 2 17.302 1.53381e-06 0
55.1995 2 26.827 2.71206e-06 0
55.1995 2 41.5956 2.9575e-06 0
55.1995 2 64.4947 2.70625e-06 0
55.1995 2 100 2.20546e-06 0
55.1995 2 155.052 1.65986e-06 0
55.1995 2 240.41 1.19881e-06 0
55.1995 2 372.759 8.42067e-07 0
55.1995 2 577.969 5.76266e-07 0
55.1995 2 896.151 3.88448e-07 0
55.1995 2 1389.5 2.60465e-07 0
55.1995 2 2154.43 1.73242e-07 0
55.1995 2 3340.48 1.14422e-07 0
55.1995 2 5179.47 7.52532e-08 0
55.1995 2 8030.86 4.93625e-08 0
55.1995 2 12452 3.23294e-08 0
55.1995 2 19307 2.11214e-08 0
55.1995 2 29935.8 1.37666e-08 0
55.1995 2 46415.9 8.95845e-09 0
55.1995 2 71968.6 5.82226e-09 0
55.1995 2 111588 3.78043e-09 0
55.1995 2 173020 2.45411e-09 0
55.1995 2 268270 1.59162e-09 0
55.1995 2 415956 1.03181e-09 0
55.1995 2 644947 6.68662e-10 0
55.1995 2 1e+06 4.32803e-10 0

134.596 2 1e-06 -3.08647e-06 0
134.596 2 1.55052e-06 -3.08647e-06 0
134.596 2 2.4041e-06 -3.08647e-06 0
134.596 2 3.72759e-06 -3.08647e-06 0
134.596 2 5.77969e-06 -3.08647e-06 0
134.596 2 8.96151e-06 -3.08647e-06 0
134.596 2 1.3895e-05 -3.08647e-06 0
134.596 2 2.15443e-05 -3.08646e-06 0
134.596 2 3.34048e-05 -3.08646e-06 0
134.596 2 5.17947e-05 -3.08645e-06 0
134.596 2 8.03086e-05 -3.08645e-06 0
134.596 2 0.00012452 -3.08643e-06 0
134.596 2 0.00019307 -3.08641e-06 0
134.596 2 0.000299358 -3.08638e-06 0
134.596 2 0.000464159 -3.08634e-06 0
134.596 2 0.000719686 -3.08627e-06 0
134.596 2 0.00111588 -3.08615e-06 0
134.596 2 0.0017302 -3.08598e-06 0
134.596 2 0.0026827 -3.08571e-06 0
134.596 2 0.00415956 -3.08528e-06 0
134.596 2 0.00644947 -3.08462e-06 0
134.596 2 0.01 -3.08356e-06 0
134.596 2 0.0155052 -3.08189e-06 0
134.596 2 0.024041 -3.0792e-06 0
134.596 2 0.0372759 -3.07481e-06 0
134.596 2 0.0577969 -3.06757e-06 0
134.596 2 0.0896151 -3.05557e-06 0
134.596 2 0.13895 -3.03608e-06 0
134.596 2 0.215443 -3.00666e-06 0
134.596 2 0.334048 -2.96927e-06 0
134.596 2 0.517947 -2.93444e-06 0
134.596 2 0.803086 -2.89218e-06 0
134.596 2 1.2452 -2.74227e-06 0
134.596 2 1.9307 -2.48917e-06 0
134.596 2 2.99358 -2.30278e-06 0
134.596 2 4.64159 -2.01767e-06 0
134.596 2 7.19686 -1.49452e-06 0
134.596 2 11.1588 -1.07296e-06 0
134.596 2 17.302 -5.11383e-07 0
134.596 2 26.827 -2.4865e-08 0
134.596 2 41.5956 3.18143e-07 0
134.596 2 64.4947 5.30618e-07 0
134.596 2 100 5.95227e-07 0
134.596 2 155.052 5.48368e-07 0
134.596 2 240.41 4.61023e-07 0
134.596 2 372.759 3.64492e-07 0
134.596 2 577.969 2.7212e-07 0
134.596 2 896.151 1.96402e-07 0
134.596 2 1389.5 1.39691e-07 0
134.596 2 2154.43 9.74976e-08 0
134.596 2 3340.48 6.69812e-08 0
134.596 2 5179.47 4.55472e-08 0
134.596 2 8030.86 3.07562e-08 0
134.596 2 12452 2.06683e-08 0
134.596 2 19307 1.38089e-08 0
134.596 2 29935.8 9.17815e-09 0
134.596 2 46415.9 6.07728e-09 0
134.596 2 71968.6 4.01177e-09 0
134.596 2 111588 2.64191e-09 0
134.596 2 173020 1.73758e-09 0
134.596 2 268270 1.14038e-09 0
134.596 2 415956 7.47446e-10 0
134.596 2 644947 4.89338e-10 0
134.596 2 1e+06 3.19665e-10 0

328.193 2 1e-06 -4.95965e-07 0
328.193 2 1.55052e-06 -4.95965e-07 0
328.193 2 2.4041e-06 -4.95965e-07 0
328.193 2 3.72759e-06 -4.95965e-07 0
328.193 2 5.77969e-06 -4.95965e-07 0
328.193 2 8.96151e-06 -4.95965e-07 0
328.193 2 1.3895e-05 -4.95965e-07 0
328.193 2 2.15443e-05 -4.95965e-07 0
328.193 2 3.34048e-05 -4.95964e-07 0
328.193 2 5.17947e-05 -4.95964e-07 0
328.193 2 8.03086e-05 -4.95964e-07 0
328.193 2 0.00012452 -4.95963e-07 0
328.193 2 0.00019307 -4.95962e-07 0
328.193 2 0.000299358 -4.9596e-07 0
328.193 2 0.000464159 -4.95957e-07 0
328.193 2 0.000719686 -4.95953e-07 0
328.193 2 0.00111588 -4.95947e-07 0
328.193 2 0.0017302 -4.95936e-07 0
328.193 2 0.0026827 -4.9592e-07 0
328.193 2 0.00415956 -4.95895e-07 0
328.193 2 0.00644947 -4.95854e-07 0
328.193 2 0.01 -4.95788e-07 0
328.193 2 0.0155052 -4.95679e-07 0
328.193 2 0.024041 -4.95495e-07 0
328.193 2 0.0372759 -4.95176e-07 0
328.193 2 0.0577969 -4.94612e-07 0
328.193 2 0.0896151 -4.93616e-07 0
328.193 2 0.13895 -4.91924e-07 0
328.193 2 0.215443 -4.89403e-07 0
328.193 2 0.334048 -4.86732e-07 0
328.193 2 0.517947 -4.86105e-07 0
328.193 2 0.803086 -4.86808e-07 0
328.193 2 1.2452 -4.74105e-07 0
328.193 2 1.9307 -4.48756e-07 0
328.193 2 2.99358 -4.39169e-07 0
328.193 2 4.64159 -4.21822e-07 0
328.193 2 7.19686 -3.64569e-07 0
328.193 2 11.1588 -3.25426e-07 0
328.193 2 17.302 -2.48333e-07 0
328.193 2 26.827 -1.60982e-07 0
328.193 2 41.5956 -7.3538e-08 0
328.193 2 64.4947 1.66305e-08 0
328.193 2 100 8.86271e-08 0
328.193 2 155.052 1.26899e-07 0
328.193 2 240.41 1.42199e-07 0
328.193 2 372.759 1.39125e-07 0
328.193 2 577.969 1.20408e-07 0
328.193 2 896.151 9.71069e-08 0
328.193 2 1389.5 7.5747e-08 0
328.193 2 2154.43 5.67988e-08 0
328.193 2 3340.48 4.12554e-08 0
328.193 2 5179.47 2.93433e-08 0
328.193 2 8030.86 2.05681e-08 0
328.193 2 12452 1.42677e-08 0
328.193 2 19307 9.78915e-09 0
328.193 2 29935.8 6.6535e-09 0
328.193 2 46415.9 4.49105e-09 0
328.193 2 71968.6 3.01463e-09 0
328.193 2 111588 2.01471e-09 0
328.193 2 173020 1.3428e-09 0
328.193 2 268270 8.91737e-10 0
328.193 2 415956 5.90743e-10 0
328.193 2 644947 3.90517e-10 0
328.193 2 1e+06 2.57316e-10 0

800.25 2 1e-06 -1.17843e-07 0
800.25 2 1.55052e-06 -1.17843e-07 0
800.25 2 2.4041e-06 -1.17843e-07 0
800.25 2 3.72759e-06 -1.17843e-07 0
800.25 2 5.77969e-06 -1.17843e-07 0
800.25 2 8.96151e-06 -1.17843e-07 0
800.25 2 1.3895e-05 -1.17843e-07 0
800.25 2 2.15443e-05 -1.17843e-07 0
800.25 2 3.34048e-05 -1.17843e-07 0
800.25 2 5.17947e-05 -1.17843e-07 0
800.25 2 8.03086e-05 -1.17843e-07 0
800.25 2 0.00012452 -1.17843e-07 0
800.25 2 0.00019307 -1.17842e-07 0
800.25 2 0.000299358 -1.17842e-07 0
800.25 2 0.000464159 -1.17842e-07 0
800.25 2 0.000719686 -1.17842e-07 0
800.25 2 0.00111588 -1.17841e-07 0
800.25 2 0.0017302 -1.1784e-07 0
800.25 2 0.0026827 -1.17839e-07 0
800.25 2 0.00415956 -1.17836e-07 0
800.25 2 0.00644947 -1.17832e-07 0
800.25 2 0.01 -1.17826e-07 0
800.25 2 0.0155052 -1.17815e-07 0
800.25 2 0.024041 -1.17795e-07 0
800.25 2 0.0372759 -1.1776e-07 0
800.25 2 0.0577969 -1.17694e-07 0
800.25 2 0.0896151 -1.17573e-07 0
800.25 2 0.13895 -1.17362e-07 0
800.25 2 0.215443 -1.17051e-07 0
800.25 2 0.334048 -1.16763e-07 0
800.25 2 0.517947 -1.1687e-07 0
800.25 2 0.803086 -1.17302e-07 0
800.25 2 1.2452 -1.15784e-07 0
800.25 2 1.9307 -1.12432e-07 0
800.25 2 2.99358 -1.11887e-07 0
800.25 2 4.64159 -1.10683e-07 0
800.25 2 7.19686 -1.03191e-07 0
800.25 2 11.1588 -9.91732e-08 0
800.25 2 17.302 -8.86268e-08 0
800.25 2 26.827 -7.50491e-08 0
800.25 2 41.5956 -5.89894e-08 0
800.25 2 64.4947 -3.74515e-08 0
800.25 2 100 -1.31781e-08 0
800.25 2 155.052 8.06067e-09 0
800.25 2 240.41 2.66606e-08 0
800.25 2 372.759 4.0406e-08 0
800.25 2 577.969 4.476e-08 0
800.25 2 896.151 4.28983e-08 0
800.25 2 1389.5 3.8497e-08 0
800.25 2 2154.43 3.20653e-08 0
800.25 2 3340.48 2.51889e-08 0
800.25 2 5179.47 1.90393e-08 0
800.25 2 8030.86 1.40119e-08 0
800.25 2 12452 1.01169e-08 0
800.25 2 19307 7.16971e-09 0
800.25 2 29935.8 5.00334e-09 0
800.25 2 46415.9 3.45226e-09 0
800.25 2 71968.6 2.36082e-09 0
800.25 2 111588 1.60314e-09 0
800.25 2 173020 1.0836e-09 0
800.25 2 268270 7.28439e-10 0
800.25 2 415956 4.87806e-10 0
800.25 2 644947 3.25594e-10 0
800.25 2 1e+06 2.16351e-10 0

1951.29 2 1e-06 -3.38111e-08 0
1951.29 2 1.55052e-06 -3.38111e-08 0
1951.29 2 2.4041e-06 -3.38111e-08 0
1951.29 2 3.72759e-06 -3.38111e-08 0
1951.29 2 5.77969e-06 -3.38111e-08 0
1951.29 2 8.96151e-06 -3.38111e-08 0
1951.29 2 1.3895e-05 -3.38111e-08 0
1951.29 2 2.15443e-05 -3.38111e-08 0
1951.29 2 3.34048e-05 -3.38111e-08 0
1951.29 2 5.17947e-05 -3.38111e-08 0
1951.29 2 8.03086e-05 -3.38111e-08 0
1951.29 2 0.00012452 -3.38111e-08 0
1951.29 2 0.00019307 -3.38111e-08 0
1951.29 2 0.000299358 -3.3811e-08 0
1951.29 2 0.000464159 -3.3811e-08 0
1951.29 2 0.000719686 -3.3811e-08 0
1951.29 2 0.00111588 -3.38109e-08 0
1951.29 2 0.0017302 -3.38108e-08 0
1951.29 2 0.0026827 -3.38106e-08 0
1951.29 2 0.00415956 -3.38104e-08 0
1951.29 2 0.00644947 -3.38099e-08 0
1951.29 2 0.01 -3.38091e-08 0
1951.29 2 0.0155052 -3.38078e-08 0
1951.29 2 0.024041 -3.38053e-08 0
1951.29 2 0.0372759 -3.38006e-08 0
1951.29 2 0.0577969 -3.37916e-08 0
1951.29 2 0.0896151 -3.37746e-08 0
1951.29 2 0.13895 -3.37447e-08 0
1951.29 2 0.215443 -3.37009e-08 0
1951.29 2 0.334048 -3.36639e-08 0
1951.29 2 0.517947 -3.3695e-08 0
1951.29 2 0.803086 -3.37857e-08 0
1951.29 2 1.2452 -3.35774e-08 0
1951.29 2 1.9307 -3.30897e-08 0
1951.29 2 2.99358 -3.30742e-08 0
1951.29 2 4.64159 -3.29993e-08 0
1951.29 2 7.19686 -3.19393e-08 0
1951.29 2 11.1588 -3.15028e-08 0
1951.29 2 17.302 -3.00379e-08 0
1951.29 2 26.827 -2.80463e-08 0
1951.29 2 41.5956 -2.55221e-08 0
1951.29 2 64.4947 -2.16205e-08 0
1951.29 2 100 -1.6325e-08 0
1951.29 2 155.052 -1.04683e-08 0
1951.29 2 240.41 -3.58664e-09 0
1951.29 2 372.759 3.93771e-09 0
1951.29 2 577.969 9.50116e-09 0
1951.29 2 896.151 1.29301e-08 0
1951.29 2 1389.5 1.49716e-08 0
1951.29 2 2154.43 1.4924e-08 0
1951.29 2 3340.48 1.33318e-08 0
1951.29 2 5179.47 1.11004e-08 0
1951.29 2 8030.86 8.81037e-09 0
1951.29 2 12452 6.75926e-09 0
1951.29 2 19307 5.02447e-09 0
1951.29 2 29935.8 3.64124e-09 0
1951.29 2 46415.9 2.59044e-09 0
1951.29 2 71968.6 1.81661e-09 0
1951.29 2 111588 1.25984e-09 0
1951.29 2 173020 8.67109e-10 0
1951.29 2 268270 5.91922e-10 0
1951.29 2 415956 4.01702e-10 0
1951.29 2 644947 2.71267e-10 0
1951.29 2 1e+06 1.82063e-10 0

4757.94 2 1e-06 -1.19942e-08 0
4757.94 2 1.55052e-06 -1.19942e-08 0
4757.94 2 2.4041e-06 -1.19942e-08 0
4757.94 2 3.72759e-06 -1.19942e-08 0
4757.94 2 5.77969e-06 -1.19942e-08 0
4757.94 2 8.96151e-06 -1.19942e-08 0
4757.94 2 1.3895e-05 -1.19942e-08 0
4757.94 2 2.15443e-05 -1.19942e-08 0
4757.94 2 3.34048e-05 -1.19942e-08 0
4757.94 2 5.17947e-05 -1.19942e-08 0
4757.94 2 8.03086e-05 -1.19942e-08 0
4757.94 2 0.00012452 -1.19942e-08 0
4757.94 2 0.00019307 -1.19942e-08 0
4757.94 2 0.000299358 -1.19942e-08 0
4757.94 2 0.000464159 -1.19942e-08 0
4757.94 2 0.000719686 -1.19942e-08 0
4757.94 2 0.00111588 -1.19942e-08 0
4757.94 2 0.0017302 -1.19942e-08 0
4757.94 2 0.0026827 -1.19942e-08 0
4757.94 2 0.00415956 -1.19941e-08 0
4757.94 2 0.00644947 -1.19941e-08 0
4757.94 2 0.01 -1.1994e-08 0
4757.94 2 0.0155052 -1.19938e-08 0
4757.94 2 0.024041 -1.19934e-08 0
4757.94 2 0.0372759 -1.19927e-08 0
4757.94 2 0.0577969 -1.19913e-08 0
4757.94 2 0.0896151 -1.19887e-08 0
4757.94 2 0.13895 -1.19841e-08 0
4757.94 2 0.215443 -1.19774e-08 0
4757.94 2 0.334048 -1.19719e-08 0
4757.94 2 0.517947 -1.19776e-08 0
4757.94 2 0.803086 -1.19933e-08 0
4757.94 2 1.2452 -1.19618e-08 0
4757.94 2 1.9307 -1.18862e-08 0
4757.94 2 2.99358 -1.18877e-08 0
4757.94 2 4.64159 -1.18823e-08 0
4757.94 2 7.19686 -1.172e-08 0
4757.94 2 11.1588 -1.1662e-08 0
4757.94 2 17.302 -1.14404e-08 0
4757.94 2 26.827 -1.1132e-08 0
4757.94 2 41.5956 -1.07294e-08 0
4757.94 2 64.4947 -1.00646e-08 0
4757.94 2 100 -9.07409e-09 0
4757.94 2 155.052 -7.83331e-09 0
4757.94 2 240.41 -6.11454e-09 0
4757.94 2 372.759 -3.76739e-09 0
4757.94 2 577.969 -1.34929e-09 0
4757.94 2 896.151 9.72797e-10 0
4757.94 2 1389.5 3.2777e-09 0
4757.94 2 2154.43 4.8711e-09 0
4757.94 2 3340.48 5.50228e-09 0
4757.94 2 5179.47 5.39078e-09 0
4757.94 2 8030.86 4.83505e-09 0
4757.94 2 12452 4.08329e-09 0
4757.94 2 19307 3.26726e-09 0
4757.94 2 29935.8 2.50557e-09 0
4757.94 2 46415.9 1.86352e-09 0
4757.94 2 71968.6 1.35408e-09 0
4757.94 2 111588 9.66618e-10 0
4757.94 2 173020 6.81598e-10 0
4757.94 2 268270 4.74697e-10 0
4757.94 2 415956 3.27665e-10 0
4757.94 2 644947 2.24512e-10 0
4757.94 2 1e+06 1.52538e-10 0

11601.6 2 1e-06 -3.97108e-09 0
11601.6 2 1.55052e-06 -3.97108e-09 0
11601.6 2 2.4041e-06 -3.97108e-09 0
11601.6 2 3.72759e-06 -3.97108e-09 0
11601.6 2 5.77969e-06 -3.97108e-09 0
11601.6 2 8.96151e-06 -3.97108e-09 0
11601.6 2 1.3895e-05 -3.97108e-09 0
11601.6 2 2.15443e-05 -3.97108e-09 0
11601.6 2 3.34048e-05 -3.97108e-09 0
11601.6 2 5.17947e-05 -3.97108e-09 0
11601.6 2 8.03086e-05 -3.97108e-09 0
11601.6 2 0.00012452 -3.97108e-09 0
11601.6 2 0.00019307 -3.97108e-09 0
11601.6 2 0.000299358 -3.97108e-09 0
11601.6 2 0.000464159 -3.97107e-09 0
11601.6 2 0.000719686 -3.97107e-09 0
11601.6 2 0.00111588 -3.97107e-09 0
11601.6 2 0.0017302 -3.97107e-09 0
11601.6 2 0.0026827 -3.97107e-09 0
11601.6 2 0.00415956 -3.97106e-09 0
11601.6 2 0.00644947 -3.97105e-09 0
11601.6 2 0.01 -3.97104e-09 0
11601.6 2 0.0155052 -3.97101e-09 0
11601.6 2 0.024041 -3.97095e-09 0
11601.6 2 0.0372759 -3.97085e-09 0
11601.6 2 0.0577969 -3.97064e-09 0
11601.6 2 0.0896151 -3.97024e-09 0
11601.6 2 0.13895 -3.96953e-09 0
11601.6 2 0.215443 -3.9685e-09 0
11601.6 2 0.334048 -3.9677e-09 0
11601.6 2 0.517947 -3.96875e-09 0
11601.6 2 0.803086 -3.97148e-09 0
11601.6 2 1.2452 -3.96672e-09 0
11601.6 2 1.9307 -3.95501e-09 0
11601.6 2 2.99358 -3.95597e-09 0
11601.6 2 4.64159 -3.95627e-09 0
11601.6 2 7.19686 -3.93178e-09 0
11601.6 2 11.1588 -3.92502e-09 0
11601.6 2 17.302 -3.89297e-09 0
11601.6 2 26.827 -3.84832e-09 0
11601.6 2 41.5956 -3.79026e-09 0
11601.6 2 64.4947 -3.69047e-09 0
11601.6 2 100 -3.53503e-09 0
11601.6 2 155.052 -3.33135e-09 0
11601.6 2 240.41 -3.02459e-09 0
11601.6 2 372.759 -2.54954e-09 0
11601.6 2 577.969 -1.97222e-09 0
11601.6 2 896.151 -1.28393e-09 0
11601.6 2 1389.5 -4.00328e-10 0
11601.6 2 2154.43 4.9969e-10 0
11601.6 2 3340.48 1.22175e-09 0
11601.6 2 5179.47 1.69009e-09 0
11601.6 2 8030.86 1.90801e-09 0
11601.6 2 12452 1.91974e-09 0
11601.6 2 19307 1.7518e-09 0
11601.6 2 29935.8 1.48267e-09 0
11601.6 2 46415.9 1.18942e-09 0
11601.6 2 71968.6 9.16756e-10 0
11601.6 2 111588 6.85801e-10 0
11601.6 2 173020 5.02426e-10 0
11601.6 2 268270 3.6085e-10 0
11601.6 2 415956 2.555e-10 0
11601.6 2 644947 1.78831e-10 0
11601.6 2 1e+06 1.23645e-10 0

28288.7 2 1e-06 -1.43597e-09 0
28288.7 2 1.55052e-06 -1.43597e-09 0
28288.7 2 2.4041e-06 -1.43597e-09 0
28288.7 2 3.72759e-06 -1.43597e-09 0
28288.7 2 5.77969e-06 -1.43597e-09 0
28288.7 2 8.96151e-06 -1.43597e-09 0
28288.7 2 1.3895e-05 -1.43597e-09 0
28288.7 2 2.15443e-05 -1.43597e-09 0
28288.7 2 3.34048e-05 -1.43597e-09 0
28288.7 2 5.17947e-05 -1.43597e-09 0
28288.7 2 8.03086e-05 -1.43597e-09 0
28288.7 2 0.00012452 -1.43597e-09 0
28288.7 2 0.00019307 -1.43597e-09 0
28288.7 2 0.000299358 -1.43597e-09 0
28288.7 2 0.000464159 -1.43597e-09 0
28288.7 2 0.000719686 -1.43597e-09 0
28288.7 2 0.00111588 -1.43597e-09 0
28288.7 2 0.0017302 -1.43597e-09 0
28288.7 2 0.0026827 -1.43597e-09 0
28288.7 2 0.00415956 -1.43597e-09 0
28288.7 2 0.00644947 -1.43597e-09 0
28288.7 2 0.01 -1.43596e-09 0
28288.7 2 0.0155052 -1.43596e-09 0
28288.7 2 0.024041 -1.43595e-09 0
28288.7 2 0.0372759 -1.43594e-09 0
28288.7 2 0.0577969 -1.4359e-09 0
28288.7 2 0.0896151 -1.43584e-09 0
28288.7 2 0.13895 -1.43573e-09 0
28288.7 2 0.215443 -1.43556e-09 0
28288.7 2 0.334048 -1.43544e-09 0
28288.7 2 0.517947 -1.43562e-09 0
28288.7 2 0.803086 -1.43608e-09 0
28288.7 2 1.2452 -1.43533e-09 0
28288.7 2 1.9307 -1.43348e-09 0
28288.7 2 2.99358 -1.43369e-09 0
28288.7 2 4.64159 -1.43384e-09 0
28288.7 2 7.19686 -1.43002e-09 0
28288.7 2 11.1588 -1.42914e-09 0
28288.7 2 17.302 -1.42428e-09 0
28288.7 2 26.827 -1.41751e-09 0
28288.7 2 41.5956 -1.40878e-09 0
28288.7 2 64.4947 -1.39346e-09 0
28288.7 2 100 -1.36911e-09 0
28288.7 2 155.052 -1.33668e-09 0
28288.7 2 240.41 -1.28593e-09 0
28288.7 2 372.759 -1.20231e-09 0
28288.7 2 577.969 -1.09211e-09 0
28288.7 2 896.151 -9.45011e-10 0
28288.7 2 1389.5 -7.2573e-10 0
28288.7 2 2154.43 -4.47289e-10 0
28288.7 2 3340.48 -1.4503e-10 0
28288.7 2 5179.47 1.48913e-10 0
28288.7 2 8030.86 4.08273e-10 0
28288.7 2 12452 6.10674e-10 0
28288.7 2 19307 7.13717e-10 0
28288.7 2 29935.8 7.1712e-10 0
28288.7 2 46415.9 6.52546e-10 0
28288.7 2 71968.6 5.53188e-10 0
28288.7 2 111588 4.4546e-10 0
28288.7 2 173020 3.46044e-10 0
28288.7 2 268270 2.60182e-10 0
28288.7 2 415956 1.91135e-10 0
28288.7 2 644947 1.37852e-10 0
28288.7 2 1e+06 9.76285e-11 0

68977.9 2 1e-06 -5.24798e-10 0
68977.9 2 1.55052e-06 -5.24798e-10 0
68977.9 2 2.4041e-06 -5.24798e-10 0
68977.9 2 3.72759e-06 -5.24798e-10 0
68977.9 2 5.77969e-06 -5.24798e-10 0
68977.9 2 8.96151e-06 -5.24798e-10 0
68977.9 2 1.3895e-05 -5.24798e-10 0
68977.9 2 2.15443e-05 -5.24798e-10 0
68977.9 2 3.34048e-05 -5.24798e-10 0
68977.9 2 5.17947e-05 -5.24798e-10 0
68977.9 2 8.03086e-05 -5.24798e-10 0
68977.9 2 0.00012452 -5.24798e-10 0
68977.9 2 0.00019307 -5.24798e-10 0
68977.9 2 0.000299358 -5.24798e-10 0
68977.9 2 0.000464159 -5.24798e-10 0
68977.9 2 0.000719686 -5.24798e-10 0
68977.9 2 0.00111588 -5.24798e-10 0
68977.9 2 0.0017302 -5.24798e-10 0
68977.9 2 0.0026827 -5.24798e-10 0
68977.9 2 0.00415956 -5.24798e-10 0
68977.9 2 0.00644947 -5.24797e-10 0
68977.9 2 0.01 -5.24797e-10 0
68977.9 2 0.0155052 -5.24796e-10 0
68977.9 2 0.024041 -5.24795e-10 0
68977.9 2 0.0372759 -5.24792e-10 0
68977.9 2 0.0577969 -5.24787e-10 0
68977.9 2 0.0896151 -5.24777e-10 0
68977.9 2 0.13895 -5.2476e-10 0
68977.9 2 0.215443 -5.24734e-10 0
68977.9 2 0.334048 -5.24715e-10 0
68977.9 2 0.517947 -5.24746e-10 0
68977.9 2 0.803086 -5.24823e-10 0
68977.9 2 1.2452 -5.24706e-10 0
68977.9 2 1.9307 -5.24412e-10 0
68977.9 2 2.99358 -5.24458e-10 0
68977.9 2 4.64159 -5.24497e-10 0
68977.9 2 7.19686 -5.23902e-10 0
68977.9 2 11.1588 -5.23799e-10 0
68977.9 2 17.302 -5.23069e-10 0
68977.9 2 26.827 -5.2206e-10 0
68977.9 2 41.5956 -5.20778e-10 0
68977.9 2 64.4947 -5.18487e-10 0
68977.9 2 100 -5.14808e-10 0
68977.9 2 155.052 -5.09916e-10 0
68977.9 2 240.41 -5.02109e-10 0
68977.9 2 372.759 -4.88796e-10 0
68977.9 2 577.969 -4.70672e-10 0
68977.9 2 896.151 -4.45192e-10 0
68977.9 2 1389.5 -4.039e-10 0
68977.9 2 2154.43 -3.44663e-10 0
68977.9 2 3340.48 -2.68504e-10 0
68977.9 2 5179.47 -1.76421e-10 0
68977.9 2 8030.86 -6.939e-11 0
68977.9 2 12452 4.88766e-11 0
68977.9 2 19307 1.55653e-10 0
68977.9 2 29935.8 2.30238e-10 0
68977.9 2 46415.9 2.66121e-10 0
68977.9 2 71968.6 2.67135e-10 0
68977.9 2 111588 2.44161e-10 0
68977.9 2 173020 2.09246e-10 0
68977.9 2 268270 1.69492e-10 0
68977.9 2 415956 1.31986e-10 0
68977.9 2 644947 9.96882e-11 0
68977.9 2 1e+06 7.31826e-11 0

168192 2 1e-06 -1.89934e-10 0
168192 2 1.55052e-06 -1.89934e-10 0
168192 2 2.4041e-06 -1.89934e-10 0
168192 2 3.72759e-06 -1.89934e-10 0
168192 2 5.77969e-06 -1.89934e-10 0
168192 2 8.96151e-06 -1.89934e-10 0
168192 2 1.3895e-05 -1.89934e-10 0
168192 2 2.15443e-05 -1.89934e-10 0
168192 2 3.34048e-05 -1.89934e-10 0
168192 2 5.17947e-05 -1.89934e-10 0
168192 2 8.03086e-05 -1.89934e-10 0
168192 2 0.00012452 -1.89934e-10 0
168192 2 0.00019307 -1.89934e-10 0
168192 2 0.000299358 -1.89934e-10 0
168192 2 0.000464159 -1.89934e-10 0
168192 2 0.000719686 -1.89934e-10 0
168192 2 0.00111588 -1.89934e-10 0
168192 2 0.0017302 -1.89934e-10 0
168192 2 0.0026827 -1.89934e-10 0
168192 2 0.00415956 -1.89934e-10 0
168192 2 0.00644947 -1.89934e-10 0
168192 2 0.01 -1.89934e-10 0
168192 2 0.0155052 -1.89934e-10 0
168192 2 0.024041 -1.89934e-10 0
168192 2 0.0372759 -1.89934e-10 0
168192 2 0.0577969 -1.89933e-10 0
168192 2 0.0896151 -1.89931e-10 0
168192 2 0.13895 -1.89928e-10 0
168192 2 0.215443 -1.89924e-10 0
168192 2 0.334048 -1.89921e-10 0
168192 2 0.517947 -1.89926e-10 0
168192 2 0.803086 -1.89939e-10 0
168192 2 1.2452 -1.89921e-10 0
168192 2 1.9307 -1.89874e-10 0
168192 2 2.99358 -1.89883e-10 0
168192 2 4.64159 -1.89891e-10 0
168192 2 7.19686 -1.89797e-10 0
168192 2 11.1588 -1.89786e-10 0
168192 2 17.302 -1.89674e-10 0
168192 2 26.827 -1.89522e-10 0
168192 2 41.5956 -1.89331e-10 0
168192 2 64.4947 -1.88985e-10 0
168192 2 100 -1.88426e-10 0
168192 2 155.052 -1.87689e-10 0
168192 2 240.41 -1.86501e-10 0
168192 2 372.759 -1.84436e-10 0
168192 2 577.969 -1.81601e-10 0
168192 2 896.151 -1.77541e-10 0
168192 2 1389.5 -1.70686e-10 0
168192 2 2154.43 -1.60281e-10 0
168192 2 3340.48 -1.45797e-10 0
168192 2 5179.47 -1.26285e-10 0
168192 2 8030.86 -1.00018e-10 0
168192 2 12452 -6.46968e-11 0
168192 2 19307 -2.28381e-11 0
168192 2 29935.8 1.9882e-11 0
168192 2 46415.9 5.73703e-11 0
168192 2 71968.6 8.4171e-11 0
168192 2 111588 9.81307e-11 0
168192 2 173020 1.00395e-10 0
168192 2 268270 9.24945e-11 0
168192 2 415956 7.94522e-11 0
168192 2 644947 6.47271e-11 0
168192 2 1e+06 5.0315e-11 0

410113 2 1e-06 -7.11275e-11 0
410113 2 1.55052e-06 -7.11275e-11 0
410113 2 2.4041e-06 -7.11275e-11 0
410113 2 3.72759e-06 -7.11275e-11 0
410113 2 5.77969e-06 -7.11275e-11 0
410113 2 8.96151e-06 -7.11275e-11 0
410113 2 1.3895e-05 -7.11275e-11 0
410113 2 2.15443e-05 -7.11275e-11 0
410113 2 3.34048e-05 -7.11275e-11 0
410113 2 5.17947e-05 -7.11275e-11 0
410113 2 8.03086e-05 -7.11275e-11 0
410113 2 0.00012452 -7.11275e-11 0
410113 2 0.00019307 -7.11275e-11 0
410113 2 0.000299358 -7.11275e-11 0
410113 2 0.000464159 -7.11275e-11 0
410113 2 0.000719686 -7.11275e-11 0
410113 2 0.00111588 -7.11275e-11 0
410113 2 0.0017302 -7.11275e-11 0
410113 2 0.0026827 -7.11275e-11 0
410113 2 0.00415956 -7.11275e-11 0
410113 2 0.00644947 -7.11275e-11 0
410113 2 0.01 -7.11275e-11 0
410113 2 0.0155052 -7.11275e-11 0
410113 2 0.024041 -7.11275e-11 0
410113 2 0.0372759 -7.11274e-11 0
410113 2 0.0577969 -7.11273e-11 0
410113 2 0.0896151 -7.1127e-11 0
410113 2 0.13895 -7.11265e-11 0
410113 2 0.215443 -7.11259e-11 0
410113 2 0.334048 -7.11254e-11 0
410113 2 0.517947 -7.11263e-11 0
410113 2 0.803086 -7.11284e-11 0
410113 2 1.2452 -7.11255e-11 0
410113 2 1.9307 -7.11179e-11 0
410113 2 2.99358 -7.11195e-11 0
410113 2 4.64159 -7.11211e-11 0
410113 2 7.19686 -7.11062e-11 0
410113 2 11.1588 -7.11047e-11 0
410113 2 17.302 -7.10874e-11 0
410113 2 26.827 -7.10639e-11 0
410113 2 41.5956 -7.10347e-11 0
410113 2 64.4947 -7.09813e-11 0
410113 2 100 -7.08948e-11 0
410113 2 155.052 -7.07815e-11 0
410113 2 240.41 -7.0598e-11 0
410113 2 372.759 -7.02755e-11 0
410113 2 577.969 -6.98324e-11 0
410113 2 896.151 -6.9194e-11 0
410113 2 1389.5 -6.80939e-11 0
410113 2 2154.43 -6.63811e-11 0
410113 2 3340.48 -6.3911e-11 0
410113 2 5179.47 -6.04129e-11 0
410113 2 8030.86 -5.53492e-11 0
410113 2 12452 -4.77877e-11 0
410113 2 19307 -3.73564e-11 0
410113 2 29935.8 -2.42188e-11 0
410113 2 46415.9 -9.00694e-12 0
410113 2 71968.6 6.7776e-12 0
410113 2 111588 2.12427e-11 0
410113 2 173020 3.2386e-11 0
410113 2 268270 3.7915e-11 0
410113 2 415956 3.86193e-11 0
410113 2 644947 3.5701e-11 0
410113 2 1e+06 3.04376e-11 0

1e+06 2 1e-06 -2.51727e-11 0
1e+06 2 1.55052e-06 -2.51727e-11 0
1e+06 2 2.4041e-06 -2.51727e-11 0
1e+06 2 3.72759e-06 -2.51727e-11 0
1e+06 2 5.77969e-06 -2.51727e-11 0
1e+06 2 8.96151e-06 -2.51727e-11 0
1e+06 2 1.3895e-05 -2.51727e-11 0
1e+06 2 2.15443e-05 -2.51727e-11 0
1e+06 2 3.34048e-05 -2.51727e-11 0
1e+06 2 5.17947e-05 -2.51727e-11 0
1e+06 2 8.03086e-05 -2.51727e-11 0
1e+06 2 0.00012452 -2.51727e-11 0
1e+06 2 0.00019307 -2.51727e-11 0
1e+06 2 0.000299358 -2.51727e-11 0
1e+06 2 0.000464159 -2.51727e-11 0
1e+06 2 0.000719686 -2.51727e-11 0
1e+06 2 0.00111588 -2.51727e-11 0
1e+06 2 0.0017302 -2.51727e-11 0
1e+06 2 0.0026827 -2.51727e-11 0
1e+06 2 0.00415956 -2.51727e-11 0
1e+06 2 0.00644947 -2.51727e-11 0
1e+06 2 0.01 -2.51727e-11 0
1e+06 2 0.0155052 -2.51727e-11 0
1e+06 2 0.024041 -2.51726e-11 0
1e+06 2 0.0372759 -2.51726e-11 0
1e+06 2 0.0577969 -2.51726e-11 0
1e+06 2 0.0896151 -2.51726e-11 0
1e+06 2 0.13895 -2.51725e-11 0
1e+06 2 0.215443 -2.51724e-11 0
1e+06 2 0.334048 -2.51723e-11 0
1e+06 2 0.517947 -2.51725e-11 0
1e+06 2 0.803086 -2.51728e-11 0
1e+06 2 1.2452 -2.51723e-11 0
1e+06 2 1.9307 -2.51711e-11 0
1e+06 2 2.99358 -2.51714e-11 0
1e+06 2 4.64159 -2.51717e-11 0
1e+06 2 7.19686 -2.51693e-11 0
1e+06 2 11.1588 -2.51692e-11 0
1e+06 2 17.302 -2.51665e-11 0
1e+06 2 26.827 -2.51629e-11 0
1e+06 2 41.5956 -2.51584e-11 0
1e+06 2 64.4947 -2.51502e-11 0
1e+06 2 100 -2.51369e-11 0
1e+06 2 155.052 -2.51196e-11 0
1e+06 2 240.41 -2.50915e-11 0
1e+06 2 372.759 -2.50416e-11 0
1e+06 2 577.969 -2.49733e-11 0
1e+06 2 896.151 -2.48751e-11 0
1e+06 2 1389.5 -2.47034e-11 0
1e+06 2 2154.43 -2.44332e-11 0
1e+06 2 3340.48 -2.40382e-11 0
1e+06 2 5179.47 -2.34681e-11 0
1e+06 2 8030.86 -2.26164e-11 0
1e+06 2 12452 -2.12795e-11 0
1e+06 2 19307 -1.92937e-11 0
1e+06 2 29935.8 -1.65109e-11 0
1e+06 2 46415.9 -1.27751e-11 0
1e+06 2 71968.6 -8.04457e-12 0
1e+06 2 111588 -2.40636e-12 0
1e+06 2 173020 3.66862e-12 0
1e+06 2 268270 8.93273e-12 0
1e+06 2 415956 1.28014e-11 0
1e+06 2 644947 1.47694e-11 0
1e+06 2 1e+06 1.46644e-11 0

