#q_sq i k_sq Re(fg) Im(fg)
1e-06 4 1e-06 18815.4 -0
1e-06 4 1.55052e-06 18815.4 -0
1e-06 4 2.4041e-06 18815.4 -0
1e-06 4 3.72759e-06 18815.4 -0
1e-06 4 5.77969e-06 18815.4 -0
1e-06 4 8.96151e-06 18815.4 -0
1e-06 4 1.3895e-05 18815.4 -0
1e-06 4 2.15443e-05 18815.5 -0
1e-06 4 3.34048e-05 18815.5 -0
1e-06 4 5.17947e-05 18815.5 -0
1e-06 4 8.03086e-05 18815.6 -0
1e-06 4 0.00012452 18815.7 -0
1e-06 4 0.00019307 18815.9 -0
1e-06 4 0.000299358 18816.1 -0
1e-06 4 0.000464159 18816.5 -0
1e-06 4 0.000719686 18817.1 -0
1e-06 4 0.00111588 18818 -0
1e-06 4 0.0017302 18819.4 -0
1e-06 4 0.0026827 18821.2 -0
1e-06 4 0.00415956 18823.7 -0
1e-06 4 0.00644947 18826.6 -0
1e-06 4 0.01 18828.7 -0
1e-06 4 0.0155052 18826.6 -0
1e-06 4 0.024041 18810.8 -0
1e-06 4 0.0372759 18758.5 -0
1e-06 4 0.0577969 18617.4 -0
1e-06 4 0.0896151 18278.4 -0
1e-06 4 0.13895 17536.9 -0
1e-06 4 0.215443 16072 -0
1e-06 4 0.334048 13530.9 -0
1e-06 4 0.517947 9839.04 -0
1e-06 4 0.803086 5663.31 -0
1e-06 4 1.2452 2344.61 -0
1e-06 4 1.9307 673.008 -0
1e-06 4 2.99358 157.381 -0
1e-06 4 4.64159 42.2017 -0
1e-06 4 7.19686 11.9989 -0
1e-06 4 11.1588 5.19627 -0
1e-06 4 17.302 1.74817 -0
1e-06 4 26.827 0.639201 -0
1e-06 4 41.5956 0.315896 -0
1e-06 4 64.4947 0.169118 -0
1e-06 4 100 0.0931057 -0
1e-06 4 155.052 0.0542737 -0
1e-06 4 240.41 0.032109 -0
1e-06 4 372.759 0.0186719 -0
1e-06 4 577.969 0.0111145 -0
1e-06 4 896.151 0.00680235 -0
1e-06 4 1389.5 0.00408109 -0
1e-06 4 2154.43 0.00243043 -0
1e-06 4 3340.48 0.00146038 -0
1e-06 4 5179.47 0.000886851 -0
1e-06 4 8030.86 0.000542377 -0
1e-06 4 12452 0.00032935 -0
1e-06 4 19307 0.000199339 -0
1e-06 4 29935.8 0.000120951 -0
1e-06 4 46415.9 7.35273e-05 -0
1e-06 4 71968.6 4.47702e-05 -0
1e-06 4 111588 2.72002e-05 -0
1e-06 4 173020 1.62355e-05 -0
1e-06 4 268270 9.54824e-06 -0
1e-06 4 415956 5.42497e-06 -0
1e-06 4 644947 2.87359e-06 -0
1e-06 4 1e+06 1.33661e-06 -0

2.43835e-06 4 1e-06 7716.68 -0
2.43835e-06 4 1.55052e-06 7716.68 -0
2.43835e-06 4 2.4041e-06 7716.69 -0
2.43835e-06 4 3.72759e-06 7716.69 -0
2.43835e-06 4 5.77969e-06 7716.69 -0
2.43835e-06 4 8.96151e-06 7716.69 -0
2.43835e-06 4 1.3895e-05 7716.7 -0
2.43835e-06 4 2.15443e-05 7716.7 -0
2.43835e-06 4 3.34048e-05 7716.72 -0
2.43835e-06 4 5.17947e-05 7716.74 -0
2.43835e-06 4 8.03086e-05 7716.76 -0
2.43835e-06 4 0.00012452 7716.81 -0
2.43835e-06 4 0.00019307 7716.88 -0
2.43835e-06 4 0.000299358 7716.98 -0
2.43835e-06 4 0.000464159 7717.15 -0
2.43835e-06 4 0.000719686 7717.39 -0
2.43835e-06 4 0.00111588 7717.76 -0
2.43835e-06 4 0.0017302 7718.3 -0
2.43835e-06 4 0.0026827 7719.07 -0
2.43835e-06 4 0.00415956 7720.09 -0
2.43835e-06 4 0.00644947 7721.26 -0
2.43835e-06 4 0.01 7722.13 -0
2.43835e-06 4 0.0155052 7721.25 -0
2.43835e-06 4 0.024041 7714.78 -0
2.43835e-06 4 0.0372759 7693.3 -0
2.43835e-06 4 0.0577969 7635.45 -0
2.43835e-06 4 0.0896151 7496.42 -0
2.43835e-06 4 0.13895 7192.27 -0
2.43835e-06 4 0.215443 6591.5 -0
2.43835e-06 4 0.334048 5549.33 -0
2.43835e-06 4 0.517947 4035.2 -0
2.43835e-06 4 0.803086 2322.64 -0
2.43835e-06 4 1.2452 961.576 -0
2.43835e-06 4 1.9307 276.015 -0
2.43835e-06 4 2.99358 64.5451 -0
2.43835e-06 4 4.64159 17.3077 -0
2.43835e-06 4 7.19686 4.92099 -0
2.43835e-06 4 11.1588 2.13108 -0
2.43835e-06 4 17.302 0.716958 -0
2.43835e-06 4 26.827 0.262149 -0
2.43835e-06 4 41.5956 0.129555 -0
2.43835e-06 4 64.4947 0.0693581 -0
2.43835e-06 4 100 0.0381841 -0
2.43835e-06 4 155.052 0.0222584 -0
2.43835e-06 4 240.41 0.0131683 -0
2.43835e-06 4 372.759 0.0076576 -0
2.43835e-06 4 577.969 0.0045582 -0
2.43835e-06 4 896.151 0.00278973 -0
2.43835e-06 4 1389.5 0.00167371 -0
2.43835e-06 4 2154.43 0.000996749 -0
2.43835e-06 4 3340.48 0.000598921 -0
2.43835e-06 4 5179.47 0.000363709 -0
2.43835e-06 4 8030.86 0.000222436 -0
2.43835e-06 4 12452 0.000135071 -0
2.43835e-06 4 19307 8.17514e-05 -0
2.43835e-06 4 29935.8 4.96036e-05 -0
2.43835e-06 4 46415.9 3.01545e-05 -0
2.43835e-06 4 71968.6 1.83608e-05 -0
2.43835e-06 4 111588 1.11552e-05 -0
2.43835e-06 4 173020 6.65838e-06 -0
2.43835e-06 4 268270 3.91586e-06 -0
2.43835e-06 4 415956 2.22485e-06 -0
2.43835e-06 4 644947 1.1785e-06 -0
2.43835e-06 4 1e+06 5.48162e-07 -0

5.94557e-06 4 1e-06 3164.96 -0
5.94557e-06 4 1.55052e-06 3164.96 -0
5.94557e-06 4 2.4041e-06 3164.96 -0
5.94557e-06 4 3.72759e-06 3164.96 -0
5.94557e-06 4 5.77969e-06 3164.96 -0
5.94557e-06 4 8.96151e-06 3164.97 -0
5.94557e-06 4 1.3895e-05 3164.97 -0
5.94557e-06 4 2.15443e-05 3164.97 -0
5.94557e-06 4 3.34048e-05 3164.98 -0
5.94557e-06 4 5.17947e-05 3164.98 -0
5.94557e-06 4 8.03086e-05 3165 -0
5.94557e-06 4 0.00012452 3165.01 -0
5.94557e-06 4 0.00019307 3165.04 -0
5.94557e-06 4 0.000299358 3165.09 -0
5.94557e-06 4 0.000464159 3165.15 -0
5.94557e-06 4 0.000719686 3165.25 -0
5.94557e-06 4 0.00111588 3165.4 -0
5.94557e-06 4 0.0017302 3165.62 -0
5.94557e-06 4 0.0026827 3165.94 -0
5.94557e-06 4 0.00415956 3166.36 -0
5.94557e-06 4 0.00644947 3166.84 -0
5.94557e-06 4 0.01 3167.19 -0
5.94557e-06 4 0.0155052 3166.83 -0
5.94557e-06 4 0.024041 3164.17 -0
5.94557e-06 4 0.0372759 3155.35 -0
5.94557e-06 4 0.0577969 3131.61 -0
5.94557e-06 4 0.0896151 3074.58 -0
5.94557e-06 4 0.13895 2949.82 -0
5.94557e-06 4 0.215443 2703.41 -0
5.94557e-06 4 0.334048 2275.97 -0
5.94557e-06 4 0.517947 1654.97 -0
5.94557e-06 4 0.803086 952.596 -0
5.94557e-06 4 1.2452 394.375 -0
5.94557e-06 4 1.9307 113.203 -0
5.94557e-06 4 2.99358 26.4719 -0
5.94557e-06 4 4.64159 7.09837 -0
5.94557e-06 4 7.19686 2.01823 -0
5.94557e-06 4 11.1588 0.874011 -0
5.94557e-06 4 17.302 0.294044 -0
5.94557e-06 4 26.827 0.107514 -0
5.94557e-06 4 41.5956 0.0531335 -0
5.94557e-06 4 64.4947 0.0284453 -0
5.94557e-06 4 100 0.01566 -0
5.94557e-06 4 155.052 0.00912855 -0
5.94557e-06 4 240.41 0.00540054 -0
5.94557e-06 4 372.759 0.00314049 -0
5.94557e-06 4 577.969 0.00186938 -0
5.94557e-06 4 896.151 0.00114411 -0
5.94557e-06 4 1389.5 0.00068641 -0
5.94557e-06 4 2154.43 0.00040878 -0
5.94557e-06 4 3340.48 0.000245625 -0
5.94557e-06 4 5179.47 0.000149162 -0
5.94557e-06 4 8030.86 9.12237e-05 -0
5.94557e-06 4 12452 5.53942e-05 -0
5.94557e-06 4 19307 3.35273e-05 -0
5.94557e-06 4 29935.8 2.03431e-05 -0
5.94557e-06 4 46415.9 1.23667e-05 -0
5.94557e-06 4 71968.6 7.53001e-06 -0
5.94557e-06 4 111588 4.57488e-06 -0
5.94557e-06 4 173020 2.73069e-06 -0
5.94557e-06 4 268270 1.60594e-06 -0
5.94557e-06 4 415956 9.12439e-07 -0
5.94557e-06 4 644947 4.83316e-07 -0
5.94557e-06 4 1e+06 2.24808e-07 -0

1.44974e-05 4 1e-06 1298.33 -0
1.44974e-05 4 1.55052e-06 1298.33 -0
1.44974e-05 4 2.4041e-06 1298.33 -0
1.44974e-05 4 3.72759e-06 1298.33 -0
1.44974e-05 4 5.77969e-06 1298.33 -0
1.44974e-05 4 8.96151e-06 1298.33 -0
1.44974e-05 4 1.3895e-05 1298.33 -0
1.44974e-05 4 2.15443e-05 1298.33 -0
1.44974e-05 4 3.34048e-05 1298.33 -0
1.44974e-05 4 5.17947e-05 1298.34 -0
1.44974e-05 4 8.03086e-05 1298.34 -0
1.44974e-05 4 0.00012452 1298.35 -0
1.44974e-05 4 0.00019307 1298.36 -0
1.44974e-05 4 0.000299358 1298.38 -0
1.44974e-05 4 0.000464159 1298.41 -0
1.44974e-05 4 0.000719686 1298.45 -0
1.44974e-05 4 0.00111588 1298.51 -0
1.44974e-05 4 0.0017302 1298.6 -0
1.44974e-05 4 0.0026827 1298.73 -0
1.44974e-05 4 0.00415956 1298.9 -0
1.44974e-05 4 0.00644947 1299.09 -0
1.44974e-05 4 0.01 1299.23 -0
1.44974e-05 4 0.0155052 1299.08 -0
1.44974e-05 4 0.024041 1297.98 -0
1.44974e-05 4 0.0372759 1294.36 -0
1.44974e-05 4 0.0577969 1284.61 -0
1.44974e-05 4 0.0896151 1261.2 -0
1.44974e-05 4 0.13895 1210.01 -0
1.44974e-05 4 0.215443 1108.92 -0
1.44974e-05 4 0.334048 933.575 -0
1.44974e-05 4 0.517947 678.843 -0
1.44974e-05 4 0.803086 390.736 -0
1.44974e-05 4 1.2452 161.762 -0
1.44974e-05 4 1.9307 46.4313 -0
1.44974e-05 4 2.99358 10.8576 -0
1.44974e-05 4 4.64159 2.91149 -0
1.44974e-05 4 7.19686 0.827824 -0
1.44974e-05 4 11.1588 0.35849 -0
1.44974e-05 4 17.302 0.12061 -0
1.44974e-05 4 26.827 0.0441003 -0
1.44974e-05 4 41.5956 0.0217936 -0
1.44974e-05 4 64.4947 0.0116669 -0
1.44974e-05 4 100 0.0064228 -0
1.44974e-05 4 155.052 0.0037439 -0
1.44974e-05 4 240.41 0.0022149 -0
1.44974e-05 4 372.759 0.00128798 -0
1.44974e-05 4 577.969 0.000766667 -0
1.44974e-05 4 896.151 0.000469217 -0
1.44974e-05 4 1389.5 0.000281507 -0
1.44974e-05 4 2154.43 0.000167646 -0
1.44974e-05 4 3340.48 0.000100734 -0
1.44974e-05 4 5179.47 6.11732e-05 -0
1.44974e-05 4 8030.86 3.7412e-05 -0
1.44974e-05 4 12452 2.27179e-05 -0
1.44974e-05 4 19307 1.375e-05 -0
1.44974e-05 4 29935.8 8.34296e-06 -0
1.44974e-05 4 46415.9 5.07176e-06 -0
1.44974e-05 4 71968.6 3.08815e-06 -0
1.44974e-05 4 111588 1.87621e-06 -0
1.44974e-05 4 173020 1.11989e-06 -0
1.44974e-05 4 268270 6.58617e-07 -0
1.44974e-05 4 415956 3.74203e-07 -0
1.44974e-05 4 644947 1.98214e-07 -0
1.44974e-05 4 1e+06 9.21967e-08 -0

3.53498e-05 4 1e-06 532.775 -0
3.53498e-05 4 1.55052e-06 532.776 -0
3.53498e-05 4 2.4041e-06 532.776 -0
3.53498e-05 4 3.72759e-06 532.776 -0
3.53498e-05 4 5.77969e-06 532.776 -0
3.53498e-05 4 8.96151e-06 532.776 -0
3.53498e-05 4 1.3895e-05 532.776 -0
3.53498e-05 4 2.15443e-05 532.777 -0
3.53498e-05 4 3.34048e-05 532.778 -0
3.53498e-05 4 5.17947e-05 532.779 -0
3.53498e-05 4 8.03086e-05 532.781 -0
3.53498e-05 4 0.00012452 532.784 -0
3.53498e-05 4 0.00019307 532.789 -0
3.53498e-05 4 0.000299358 532.796 -0
3.53498e-05 4 0.000464159 532.807 -0
3.53498e-05 4 0.000719686 532.823 -0
3.53498e-05 4 0.00111588 532.848 -0
3.53498e-05 4 0.0017302 532.885 -0
3.53498e-05 4 0.0026827 532.937 -0
3.53498e-05 4 0.00415956 533.006 -0
3.53498e-05 4 0.00644947 533.085 -0
3.53498e-05 4 0.01 533.141 -0
3.53498e-05 4 0.0155052 533.075 -0
3.53498e-05 4 0.024041 532.62 -0
3.53498e-05 4 0.0372759 531.127 -0
3.53498e-05 4 0.0577969 527.118 -0
3.53498e-05 4 0.0896151 517.503 -0
3.53498e-05 4 0.13895 496.488 -0
3.53498e-05 4 0.215443 455.001 -0
3.53498e-05 4 0.334048 383.054 -0
3.53498e-05 4 0.517947 278.539 -0
3.53498e-05 4 0.803086 160.33 -0
3.53498e-05 4 1.2452 66.3777 -0
3.53498e-05 4 1.9307 19.051 -0
3.53498e-05 4 2.99358 4.45395 -0
3.53498e-05 4 4.64159 1.19439 -0
3.53498e-05 4 7.19686 0.339649 -0
3.53498e-05 4 11.1588 0.147078 -0
3.53498e-05 4 17.302 0.0494857 -0
3.53498e-05 4 26.827 0.0180947 -0
3.53498e-05 4 41.5956 0.00894115 -0
3.53498e-05 4 64.4947 0.00478602 -0
3.53498e-05 4 100 0.00263458 -0
3.53498e-05 4 155.052 0.00153562 -0
3.53498e-05 4 240.41 0.000908433 -0
3.53498e-05 4 372.759 0.000528248 -0
3.53498e-05 4 577.969 0.000314432 -0
3.53498e-05 4 896.151 0.000192436 -0
3.53498e-05 4 1389.5 0.000115452 -0
3.53498e-05 4 2154.43 6.87546e-05 -0
3.53498e-05 4 3340.48 4.13127e-05 -0
3.53498e-05 4 5179.47 2.5088e-05 -0
3.53498e-05 4 8030.86 1.53432e-05 -0
3.53498e-05 4 12452 9.31692e-06 -0
3.53498e-05 4 19307 5.63905e-06 -0
3.53498e-05 4 29935.8 3.42156e-06 -0
3.53498e-05 4 46415.9 2.07999e-06 -0
3.53498e-05 4 71968.6 1.26649e-06 -0
3.53498e-05 4 111588 7.6946e-07 -0
3.53498e-05 4 173020 4.59281e-07 -0
3.53498e-05 4 268270 2.70107e-07 -0
3.53498e-05 4 415956 1.53465e-07 -0
3.53498e-05 4 644947 8.12901e-08 -0
3.53498e-05 4 1e+06 3.78111e-08 -0

8.61954e-05 4 1e-06 218.79 -0
8.61954e-05 4 1.55052e-06 218.79 -0
8.61954e-05 4 2.4041e-06 218.79 -0
8.61954e-05 4 3.72759e-06 218.79 -0
8.61954e-05 4 5.77969e-06 218.79 -0
8.61954e-05 4 8.96151e-06 218.79 -0
8.61954e-05 4 1.3895e-05 218.79 -0
8.61954e-05 4 2.15443e-05 218.791 -0
8.61954e-05 4 3.34048e-05 218.791 -0
8.61954e-05 4 5.17947e-05 218.791 -0
8.61954e-05 4 8.03086e-05 218.792 -0
8.61954e-05 4 0.00012452 218.793 -0
8.61954e-05 4 0.00019307 218.795 -0
8.61954e-05 4 0.000299358 218.798 -0
8.61954e-05 4 0.000464159 218.803 -0
8.61954e-05 4 0.000719686 218.809 -0
8.61954e-05 4 0.00111588 218.819 -0
8.61954e-05 4 0.0017302 218.834 -0
8.61954e-05 4 0.0026827 218.855 -0
8.61954e-05 4 0.00415956 218.882 -0
8.61954e-05 4 0.00644947 218.913 -0
8.61954e-05 4 0.01 218.935 -0
8.61954e-05 4 0.0155052 218.905 -0
8.61954e-05 4 0.024041 218.714 -0
8.61954e-05 4 0.0372759 218.095 -0
8.61954e-05 4 0.0577969 216.441 -0
8.61954e-05 4 0.0896151 212.484 -0
8.61954e-05 4 0.13895 203.847 -0
8.61954e-05 4 0.215443 186.807 -0
8.61954e-05 4 0.334048 157.267 -0
8.61954e-05 4 0.517947 114.362 -0
8.61954e-05 4 0.803086 65.8363 -0
8.61954e-05 4 1.2452 27.2625 -0
8.61954e-05 4 1.9307 7.8254 -0
8.61954e-05 4 2.99358 1.82837 -0
8.61954e-05 4 4.64159 0.490119 -0
8.61954e-05 4 7.19686 0.139418 -0
8.61954e-05 4 11.1588 0.0603653 -0
8.61954e-05 4 17.302 0.0203129 -0
8.61954e-05 4 26.827 0.00742793 -0
8.61954e-05 4 41.5956 0.00366961 -0
8.61954e-05 4 64.4947 0.00196387 -0
8.61954e-05 4 100 0.00108089 -0
8.61954e-05 4 155.052 0.000629938 -0
8.61954e-05 4 240.41 0.000372623 -0
8.61954e-05 4 372.759 0.000216666 -0
8.61954e-05 4 577.969 0.000128962 -0
8.61954e-05 4 896.151 7.89245e-05 -0
8.61954e-05 4 1389.5 4.73497e-05 -0
8.61954e-05 4 2154.43 2.81978e-05 -0
8.61954e-05 4 3340.48 1.69431e-05 -0
8.61954e-05 4 5179.47 1.0289e-05 -0
8.61954e-05 4 8030.86 6.29248e-06 -0
8.61954e-05 4 12452 3.821e-06 -0
8.61954e-05 4 19307 2.31265e-06 -0
8.61954e-05 4 29935.8 1.40323e-06 -0
8.61954e-05 4 46415.9 8.53033e-07 -0
8.61954e-05 4 71968.6 5.19404e-07 -0
8.61954e-05 4 111588 3.15565e-07 -0
8.61954e-05 4 173020 1.88357e-07 -0
8.61954e-05 4 268270 1.10775e-07 -0
8.61954e-05 4 415956 6.29381e-08 -0
8.61954e-05 4 644947 3.33381e-08 -0
8.61954e-05 4 1e+06 1.55068e-08 -0

0.000210175 4 1e-06 89.9901 -0
0.000210175 4 1.55052e-06 89.9901 -0
0.000210175 4 2.4041e-06 89.9901 -0
0.000210175 4 3.72759e-06 89.9901 -0
0.000210175 4 5.77969e-06 89.9901 -0
0.000210175 4 8.96151e-06 89.9901 -0
0.000210175 4 1.3895e-05 89.9902 -0
0.000210175 4 2.15443e-05 89.9903 -0
0.000210175 4 3.34048e-05 89.9904 -0
0.000210175 4 5.17947e-05 89.9906 -0
0.000210175 4 8.03086e-05 89.9909 -0
0.000210175 4 0.00012452 89.9914 -0
0.000210175 4 0.00019307 89.9922 -0
0.000210175 4 0.000299358 89.9934 -0
0.000210175 4 0.000464159 89.9951 -0
0.000210175 4 0.000719686 89.9978 -0
0.000210175 4 0.00111588 90.0019 -0
0.000210175 4 0.0017302 90.0078 -0
0.000210175 4 0.0026827 90.0161 -0
0.000210175 4 0.00415956 90.0271 -0
0.000210175 4 0.00644947 90.0394 -0
0.000210175 4 0.01 90.0475 -0
0.000210175 4 0.0155052 90.0341 -0
0.000210175 4 0.024041 89.954 -0
0.000210175 4 0.0372759 89.6972 -0
0.000210175 4 0.0577969 89.0142 -0
0.000210175 4 0.0896151 87.3832 -0
0.000210175 4 0.13895 83.8271 -0
0.000210175 4 0.215443 76.8164 -0
0.000210175 4 0.334048 64.6676 -0
0.000210175 4 0.517947 47.026 -0
0.000210175 4 0.803086 27.0748 -0
0.000210175 4 1.2452 11.2143 -0
0.000210175 4 1.9307 3.21968 -0
0.000210175 4 2.99358 0.751659 -0
0.000210175 4 4.64159 0.201304 -0
0.000210175 4 7.19686 0.0572896 -0
0.000210175 4 11.1588 0.0247996 -0
0.000210175 4 17.302 0.00834738 -0
0.000210175 4 26.827 0.00305284 -0
0.000210175 4 41.5956 0.0015075 -0
0.000210175 4 64.4947 0.000806399 -0
0.000210175 4 100 0.000443672 -0
0.000210175 4 155.052 0.000258497 -0
0.000210175 4 240.41 0.000152877 -0
0.000210175 4 372.759 8.8881e-05 -0
0.000210175 4 577.969 5.28984e-05 -0
0.000210175 4 896.151 3.23716e-05 -0
0.000210175 4 1389.5 1.94202e-05 -0
0.000210175 4 2154.43 1.15648e-05 -0
0.000210175 4 3340.48 6.94882e-06 -0
0.000210175 4 5179.47 4.21975e-06 -0
0.000210175 4 8030.86 2.58066e-06 -0
0.000210175 4 12452 1.56706e-06 -0
0.000210175 4 19307 9.48453e-07 -0
0.000210175 4 29935.8 5.75483e-07 -0
0.000210175 4 46415.9 3.49841e-07 -0
0.000210175 4 71968.6 2.13015e-07 -0
0.000210175 4 111588 1.29418e-07 -0
0.000210175 4 173020 7.72476e-08 -0
0.000210175 4 268270 4.54301e-08 -0
0.000210175 4 415956 2.58117e-08 -0
0.000210175 4 644947 1.36724e-08 -0
0.000210175 4 1e+06 6.35954e-09 -0

0.000512481 4 1e-06 37.1514 -0
0.000512481 4 1.55052e-06 37.1514 -0
0.000512481 4 2.4041e-06 37.1514 -0
0.000512481 4 3.72759e-06 37.1515 -0
0.000512481 4 5.77969e-06 37.1515 -0
0.000512481 4 8.96151e-06 37.1515 -0
0.000512481 4 1.3895e-05 37.1515 -0
0.000512481 4 2.15443e-05 37.1515 -0
0.000512481 4 3.34048e-05 37.1516 -0
0.000512481 4 5.17947e-05 37.1517 -0
0.000512481 4 8.03086e-05 37.1518 -0
0.000512481 4 0.00012452 37.152 -0
0.000512481 4 0.00019307 37.1523 -0
0.000512481 4 0.000299358 37.1527 -0
0.000512481 4 0.000464159 37.1534 -0
0.000512481 4 0.000719686 37.1545 -0
0.000512481 4 0.00111588 37.156 -0
0.000512481 4 0.0017302 37.1583 -0
0.000512481 4 0.0026827 37.1615 -0
0.000512481 4 0.00415956 37.1657 -0
0.000512481 4 0.00644947 37.1702 -0
0.000512481 4 0.01 37.1727 -0
0.000512481 4 0.0155052 37.1659 -0
0.000512481 4 0.024041 37.1311 -0
0.000512481 4 0.0372759 37.0225 -0
0.000512481 4 0.0577969 36.7373 -0
0.000512481 4 0.0896151 36.0601 -0
0.000512481 4 0.13895 34.5883 -0
0.000512481 4 0.215443 31.692 -0
0.000512481 4 0.334048 26.678 -0
0.000512481 4 0.517947 19.4006 -0
0.000512481 4 0.803086 11.1716 -0
0.000512481 4 1.2452 4.629 -0
0.000512481 4 1.9307 1.32943 -0
0.000512481 4 2.99358 0.3099 -0
0.000512481 4 4.64159 0.0828543 -0
0.000512481 4 7.19686 0.0236034 -0
0.000512481 4 11.1588 0.0102122 -0
0.000512481 4 17.302 0.00343957 -0
0.000512481 4 26.827 0.00125832 -0
0.000512481 4 41.5956 0.000620696 -0
0.000512481 4 64.4947 0.000331669 -0
0.000512481 4 100 0.000182329 -0
0.000512481 4 155.052 0.000106159 -0
0.000512481 4 240.41 6.27543e-05 -0
0.000512481 4 372.759 3.64739e-05 -0
0.000512481 4 577.969 2.17032e-05 -0
0.000512481 4 896.151 1.32796e-05 -0
0.000512481 4 1389.5 7.96587e-06 -0
0.000512481 4 2154.43 4.74345e-06 -0
0.000512481 4 3340.48 2.85002e-06 -0
0.000512481 4 5179.47 1.73066e-06 -0
0.000512481 4 8030.86 1.0584e-06 -0
0.000512481 4 12452 6.42684e-07 -0
0.000512481 4 19307 3.88979e-07 -0
0.000512481 4 29935.8 2.36015e-07 -0
0.000512481 4 46415.9 1.43475e-07 -0
0.000512481 4 71968.6 8.73604e-08 -0
0.000512481 4 111588 5.30759e-08 -0
0.000512481 4 173020 3.16803e-08 -0
0.000512481 4 268270 1.86315e-08 -0
0.000512481 4 415956 1.05857e-08 -0
0.000512481 4 644947 5.60723e-09 -0
0.000512481 4 1e+06 2.60813e-09 -0

0.00124961 4 1e-06 15.4748 -0
0.00124961 4 1.55052e-06 15.4748 -0
0.00124961 4 2.4041e-06 15.4748 -0
0.00124961 4 3.72759e-06 15.4748 -0
0.00124961 4 5.77969e-06 15.4748 -0
0.00124961 4 8.96151e-06 15.4748 -0
0.00124961 4 1.3895e-05 15.4748 -0
0.00124961 4 2.15443e-05 15.4748 -0
0.00124961 4 3.34048e-05 15.4748 -0
0.00124961 4 5.17947e-05 15.4748 -0
0.00124961 4 8.03086e-05 15.4749 -0
0.00124961 4 0.00012452 15.4749 -0
0.00124961 4 0.00019307 15.475 -0
0.00124961 4 0.000299358 15.4752 -0
0.00124961 4 0.000464159 15.4754 -0
0.00124961 4 0.000719686 15.4758 -0
0.00124961 4 0.00111588 15.4763 -0
0.00124961 4 0.0017302 15.4771 -0
0.00124961 4 0.0026827 15.4781 -0
0.00124961 4 0.00415956 15.4794 -0
0.00124961 4 0.00644947 15.4806 -0
0.00124961 4 0.01 15.4805 -0
0.00124961 4 0.0155052 15.4761 -0
0.00124961 4 0.024041 15.4593 -0
0.00124961 4 0.0372759 15.4109 -0
0.00124961 4 0.0577969 15.2879 -0
0.00124961 4 0.0896151 15.0008 -0
0.00124961 4 0.13895 14.3829 -0
0.00124961 4 0.215443 13.1737 -0
0.00124961 4 0.334048 11.0866 -0
0.00124961 4 0.517947 8.06186 -0
0.00124961 4 0.803086 4.64349 -0
0.00124961 4 1.2452 1.92535 -0
0.00124961 4 1.9307 0.553387 -0
0.00124961 4 2.99358 0.128742 -0
0.00124961 4 4.64159 0.0342856 -0
0.00124961 4 7.19686 0.0097807 -0
0.00124961 4 11.1588 0.00422727 -0
0.00124961 4 17.302 0.00142584 -0
0.00124961 4 26.827 0.000521989 -0
0.00124961 4 41.5956 0.000256865 -0
0.00124961 4 64.4947 0.000136922 -0
0.00124961 4 100 7.51275e-05 -0
0.00124961 4 155.052 4.36754e-05 -0
0.00124961 4 240.41 2.57907e-05 -0
0.00124961 4 372.759 1.49798e-05 -0
0.00124961 4 577.969 8.90926e-06 -0
0.00124961 4 896.151 5.44948e-06 -0
0.00124961 4 1389.5 3.26824e-06 -0
0.00124961 4 2154.43 1.94588e-06 -0
0.00124961 4 3340.48 1.16904e-06 -0
0.00124961 4 5179.47 7.09851e-07 -0
0.00124961 4 8030.86 4.34097e-07 -0
0.00124961 4 12452 2.63586e-07 -0
0.00124961 4 19307 1.59531e-07 -0
0.00124961 4 29935.8 9.67951e-08 -0
0.00124961 4 46415.9 5.88418e-08 -0
0.00124961 4 71968.6 3.5828e-08 -0
0.00124961 4 111588 2.17673e-08 -0
0.00124961 4 173020 1.29925e-08 -0
0.00124961 4 268270 7.64103e-09 -0
0.00124961 4 415956 4.34135e-09 -0
0.00124961 4 644947 2.2996e-09 -0
0.00124961 4 1e+06 1.06963e-09 -0

0.00304699 4 1e-06 6.581 -0
0.00304699 4 1.55052e-06 6.581 -0
0.00304699 4 2.4041e-06 6.581 -0
0.00304699 4 3.72759e-06 6.581 -0
0.00304699 4 5.77969e-06 6.581 -0
0.00304699 4 8.96151e-06 6.581 -0
0.00304699 4 1.3895e-05 6.58101 -0
0.00304699 4 2.15443e-05 6.58101 -0
0.00304699 4 3.34048e-05 6.58101 -0
0.00304699 4 5.17947e-05 6.58102 -0
0.00304699 4 8.03086e-05 6.58103 -0
0.00304699 4 0.00012452 6.58104 -0
0.00304699 4 0.00019307 6.58106 -0
0.00304699 4 0.000299358 6.58109 -0
0.00304699 4 0.000464159 6.58114 -0
0.00304699 4 0.000719686 6.58121 -0
0.00304699 4 0.00111588 6.5813 -0
0.00304699 4 0.0017302 6.58142 -0
0.00304699 4 0.0026827 6.58156 -0
0.00304699 4 0.00415956 6.58163 -0
0.00304699 4 0.00644947 6.58142 -0
0.00304699 4 0.01 6.58032 -0
0.00304699 4 0.0155052 6.57684 -0
0.00304699 4 0.024041 6.56735 -0
0.00304699 4 0.0372759 6.54347 -0
0.00304699 4 0.0577969 6.4868 -0
0.00304699 4 0.0896151 6.3595 -0
0.00304699 4 0.13895 6.09152 -0
0.00304699 4 0.215443 5.57387 -0
0.00304699 4 0.334048 4.68712 -0
0.00304699 4 0.517947 3.40702 -0
0.00304699 4 0.803086 1.96269 -0
0.00304699 4 1.2452 0.814464 -0
0.00304699 4 1.9307 0.234383 -0
0.00304699 4 2.99358 0.0544167 -0
0.00304699 4 4.64159 0.0143848 -0
0.00304699 4 7.19686 0.00410432 -0
0.00304699 4 11.1588 0.00176988 -0
0.00304699 4 17.302 0.000598845 -0
0.00304699 4 26.827 0.000219571 -0
0.00304699 4 41.5956 0.000107486 -0
0.00304699 4 64.4947 5.69905e-05 -0
0.00304699 4 100 3.11386e-05 -0
0.00304699 4 155.052 1.80406e-05 -0
0.00304699 4 240.41 1.06278e-05 -0
0.00304699 4 372.759 6.16346e-06 -0
0.00304699 4 577.969 3.66174e-06 -0
0.00304699 4 896.151 2.23805e-06 -0
0.00304699 4 1389.5 1.3416e-06 -0
0.00304699 4 2154.43 7.98531e-07 -0
0.00304699 4 3340.48 4.79639e-07 -0
0.00304699 4 5179.47 2.91199e-07 -0
0.00304699 4 8030.86 1.78061e-07 -0
0.00304699 4 12452 1.08113e-07 -0
0.00304699 4 19307 6.54307e-08 -0
0.00304699 4 29935.8 3.9699e-08 -0
0.00304699 4 46415.9 2.41326e-08 -0
0.00304699 4 71968.6 1.46939e-08 -0
0.00304699 4 111588 8.92717e-09 -0
0.00304699 4 173020 5.32847e-09 -0
0.00304699 4 268270 3.1337e-09 -0
0.00304699 4 415956 1.78045e-09 -0
0.00304699 4 644947 9.43098e-10 -0
0.00304699 4 1e+06 4.3867e-10 -0

0.00742964 4 1e-06 2.93177 -0
0.00742964 4 1.55052e-06 2.93177 -0
0.00742964 4 2.4041e-06 2.93177 -0
0.00742964 4 3.72759e-06 2.93177 -0
0.00742964 4 5.77969e-06 2.93177 -0
0.00742964 4 8.96151e-06 2.93177 -0
0.00742964 4 1.3895e-05 2.93177 -0
0.00742964 4 2.15443e-05 2.93177 -0
0.00742964 4 3.34048e-05 2.93177 -0
0.00742964 4 5.17947e-05 2.93176 -0
0.00742964 4 8.03086e-05 2.93176 -0
0.00742964 4 0.00012452 2.93175 -0
0.00742964 4 0.00019307 2.93174 -0
0.00742964 4 0.000299358 2.93172 -0
0.00742964 4 0.000464159 2.93169 -0
0.00742964 4 0.000719686 2.93164 -0
0.00742964 4 0.00111588 2.93155 -0
0.00742964 4 0.0017302 2.93142 -0
0.00742964 4 0.0026827 2.93118 -0
0.00742964 4 0.00415956 2.93076 -0
0.00742964 4 0.00644947 2.92998 -0
0.00742964 4 0.01 2.92845 -0
0.00742964 4 0.0155052 2.92535 -0
0.00742964 4 0.024041 2.91885 -0
0.00742964 4 0.0372759 2.90504 -0
0.00742964 4 0.0577969 2.87557 -0
0.00742964 4 0.0896151 2.81377 -0
0.00742964 4 0.13895 2.68926 -0
0.00742964 4 0.215443 2.45519 -0
0.00742964 4 0.334048 2.06063 -0
0.00742964 4 0.517947 1.49602 -0
0.00742964 4 0.803086 0.86153 -0
0.00742964 4 1.2452 0.357733 -0
0.00742964 4 1.9307 0.103073 -0
0.00742964 4 2.99358 0.0238481 -0
0.00742964 4 4.64159 0.00621337 -0
0.00742964 4 7.19686 0.00177067 -0
0.00742964 4 11.1588 0.000759786 -0
0.00742964 4 17.302 0.000258766 -0
0.00742964 4 26.827 9.51874e-05 -0
0.00742964 4 41.5956 4.6086e-05 -0
0.00742964 4 64.4947 2.41563e-05 -0
0.00742964 4 100 1.30777e-05 -0
0.00742964 4 155.052 7.51952e-06 -0
0.00742964 4 240.41 4.40626e-06 -0
0.00742964 4 372.759 2.54656e-06 -0
0.00742964 4 577.969 1.5092e-06 -0
0.00742964 4 896.151 9.20822e-07 -0
0.00742964 4 1389.5 5.5139e-07 -0
0.00742964 4 2154.43 3.27959e-07 -0
0.00742964 4 3340.48 1.96895e-07 -0
0.00742964 4 5179.47 1.195e-07 -0
0.00742964 4 8030.86 7.30552e-08 -0
0.00742964 4 12452 4.43507e-08 -0
0.00742964 4 19307 2.68388e-08 -0
0.00742964 4 29935.8 1.6283e-08 -0
0.00742964 4 46415.9 9.89789e-09 -0
0.00742964 4 71968.6 6.02646e-09 -0
0.00742964 4 111588 3.66127e-09 -0
0.00742964 4 173020 2.18532e-09 -0
0.00742964 4 268270 1.28519e-09 -0
0.00742964 4 415956 7.30194e-10 -0
0.00742964 4 644947 3.8678e-10 -0
0.00742964 4 1e+06 1.79905e-10 -0

0.0181161 4 1e-06 1.43798 -0
0.0181161 4 1.55052e-06 1.43797 -0
0.0181161 4 2.4041e-06 1.43797 -0
0.0181161 4 3.72759e-06 1.43797 -0
0.0181161 4 5.77969e-06 1.43797 -0
0.0181161 4 8.96151e-06 1.43797 -0
0.0181161 4 1.3895e-05 1.43797 -0
0.0181161 4 2.15443e-05 1.43797 -0
0.0181161 4 3.34048e-05 1.43796 -0
0.0181161 4 5.17947e-05 1.43796 -0
0.0181161 4 8.03086e-05 1.43794 -0
0.0181161 4 0.00012452 1.43793 -0
0.0181161 4 0.00019307 1.4379 -0
0.0181161 4 0.000299358 1.43786 -0
0.0181161 4 0.000464159 1.4378 -0
0.0181161 4 0.000719686 1.43769 -0
0.0181161 4 0.00111588 1.43754 -0
0.0181161 4 0.0017302 1.43729 -0
0.0181161 4 0.0026827 1.43689 -0
0.0181161 4 0.00415956 1.43626 -0
0.0181161 4 0.00644947 1.43522 -0
0.0181161 4 0.01 1.43348 -0
0.0181161 4 0.0155052 1.43048 -0
0.0181161 4 0.024041 1.42515 -0
0.0181161 4 0.0372759 1.41534 -0
0.0181161 4 0.0577969 1.39686 -0
0.0181161 4 0.0896151 1.36168 -0
0.0181161 4 0.13895 1.29564 -0
0.0181161 4 0.215443 1.17738 -0
0.0181161 4 0.334048 0.984075 -0
0.0181161 4 0.517947 0.712257 -0
0.0181161 4 0.803086 0.409397 -0
0.0181161 4 1.2452 0.16976 -0
0.0181161 4 1.9307 0.0488264 -0
0.0181161 4 2.99358 0.011221 -0
0.0181161 4 4.64159 0.00286043 -0
0.0181161 4 7.19686 0.00081166 -0
0.0181161 4 11.1588 0.000344478 -0
0.0181161 4 17.302 0.00011887 -0
0.0181161 4 26.827 4.40084e-05 -0
0.0181161 4 41.5956 2.08402e-05 -0
0.0181161 4 64.4947 1.06655e-05 -0
0.0181161 4 100 5.66096e-06 -0
0.0181161 4 155.052 3.20094e-06 -0
0.0181161 4 240.41 1.85326e-06 -0
0.0181161 4 372.759 1.06265e-06 -0
0.0181161 4 577.969 6.26189e-07 -0
0.0181161 4 896.151 3.80522e-07 -0
0.0181161 4 1389.5 2.2728e-07 -0
0.0181161 4 2154.43 1.34959e-07 -0
0.0181161 4 3340.48 8.09323e-08 -0
0.0181161 4 5179.47 4.90819e-08 -0
0.0181161 4 8030.86 2.99904e-08 -0
0.0181161 4 12452 1.82006e-08 -0
0.0181161 4 19307 1.10117e-08 -0
0.0181161 4 29935.8 6.6798e-09 -0
0.0181161 4 46415.9 4.06002e-09 -0
0.0181161 4 71968.6 2.47184e-09 -0
0.0181161 4 111588 1.50166e-09 -0
0.0181161 4 173020 8.9628e-10 -0
0.0181161 4 268270 5.27095e-10 -0
0.0181161 4 415956 2.9947e-10 -0
0.0181161 4 644947 1.58627e-10 -0
0.0181161 4 1e+06 7.37829e-11 -0

0.0441734 4 1e-06 0.821689 -0
0.0441734 4 1.55052e-06 0.821689 -0
0.0441734 4 2.4041e-06 0.821689 -0
0.0441734 4 3.72759e-06 0.821688 -0
0.0441734 4 5.77969e-06 0.821687 -0
0.0441734 4 8.96151e-06 0.821686 -0
0.0441734 4 1.3895e-05 0.821683 -0
0.0441734 4 2.15443e-05 0.82168 -0
0.0441734 4 3.34048e-05 0.821674 -0
0.0441734 4 5.17947e-05 0.821666 -0
0.0441734 4 8.03086e-05 0.821653 -0
0.0441734 4 0.00012452 0.821632 -0
0.0441734 4 0.00019307 0.821601 -0
0.0441734 4 0.000299358 0.821552 -0
0.0441734 4 0.000464159 0.821475 -0
0.0441734 4 0.000719686 0.821357 -0
0.0441734 4 0.00111588 0.821173 -0
0.0441734 4 0.0017302 0.820885 -0
0.0441734 4 0.0026827 0.820435 -0
0.0441734 4 0.00415956 0.819729 -0
0.0441734 4 0.00644947 0.81861 -0
0.0441734 4 0.01 0.816823 -0
0.0441734 4 0.0155052 0.813928 -0
0.0441734 4 0.024041 0.809158 -0
0.0441734 4 0.0372759 0.801133 -0
0.0441734 4 0.0577969 0.787358 -0
0.0441734 4 0.0896151 0.763378 -0
0.0441734 4 0.13895 0.721714 -0
0.0441734 4 0.215443 0.651465 -0
0.0441734 4 0.334048 0.541327 -0
0.0441734 4 0.517947 0.39026 -0
0.0441734 4 0.803086 0.223926 -0
0.0441734 4 1.2452 0.0927297 -0
0.0441734 4 1.9307 0.0264714 -0
0.0441734 4 2.99358 0.00595192 -0
0.0441734 4 4.64159 0.00147855 -0
0.0441734 4 7.19686 0.000421685 -0
0.0441734 4 11.1588 0.000174741 -0
0.0441734 4 17.302 6.17459e-05 -0
0.0441734 4 26.827 2.31241e-05 -0
0.0441734 4 41.5956 1.05285e-05 -0
0.0441734 4 64.4947 5.1493e-06 -0
0.0441734 4 100 2.62573e-06 -0
0.0441734 4 155.052 1.43235e-06 -0
0.0441734 4 240.41 8.07218e-07 -0
0.0441734 4 372.759 4.54465e-07 -0
0.0441734 4 577.969 2.64204e-07 -0
0.0441734 4 896.151 1.58996e-07 -0
0.0441734 4 1389.5 9.4381e-08 -0
0.0441734 4 2154.43 5.58154e-08 -0
0.0441734 4 3340.48 3.33782e-08 -0
0.0441734 4 5179.47 2.02039e-08 -0
0.0441734 4 8030.86 1.23294e-08 -0
0.0441734 4 12452 7.47637e-09 -0
0.0441734 4 19307 4.5209e-09 -0
0.0441734 4 29935.8 2.74142e-09 -0
0.0441734 4 46415.9 1.66586e-09 -0
0.0441734 4 71968.6 1.01405e-09 -0
0.0441734 4 111588 6.15979e-10 -0
0.0441734 4 173020 3.67628e-10 -0
0.0441734 4 268270 2.16189e-10 -0
0.0441734 4 415956 1.22825e-10 -0
0.0441734 4 644947 6.50584e-11 -0
0.0441734 4 1e+06 3.02607e-11 -0

0.107711 4 1e-06 0.562352 -0
0.107711 4 1.55052e-06 0.562352 -0
0.107711 4 2.4041e-06 0.562352 -0
0.107711 4 3.72759e-06 0.562351 -0
0.107711 4 5.77969e-06 0.56235 -0
0.107711 4 8.96151e-06 0.562348 -0
0.107711 4 1.3895e-05 0.562346 -0
0.107711 4 2.15443e-05 0.562342 -0
0.107711 4 3.34048e-05 0.562337 -0
0.107711 4 5.17947e-05 0.562328 -0
0.107711 4 8.03086e-05 0.562314 -0
0.107711 4 0.00012452 0.562293 -0
0.107711 4 0.00019307 0.56226 -0
0.107711 4 0.000299358 0.562208 -0
0.107711 4 0.000464159 0.562129 -0
0.107711 4 0.000719686 0.562005 -0
0.107711 4 0.00111588 0.561814 -0
0.107711 4 0.0017302 0.561516 -0
0.107711 4 0.0026827 0.561052 -0
0.107711 4 0.00415956 0.560329 -0
0.107711 4 0.00644947 0.559199 -0
0.107711 4 0.01 0.557424 -0
0.107711 4 0.0155052 0.554621 -0
0.107711 4 0.024041 0.550158 -0
0.107711 4 0.0372759 0.542979 -0
0.107711 4 0.0577969 0.53131 -0
0.107711 4 0.0896151 0.51219 -0
0.107711 4 0.13895 0.480925 -0
0.107711 4 0.215443 0.430965 -0
0.107711 4 0.334048 0.355801 -0
0.107711 4 0.517947 0.255412 -0
0.107711 4 0.803086 0.146364 -0
0.107711 4 1.2452 0.0606758 -0
0.107711 4 1.9307 0.0172765 -0
0.107711 4 2.99358 0.0037847 -0
0.107711 4 4.64159 0.000902757 -0
0.107711 4 7.19686 0.00026088 -0
0.107711 4 11.1588 0.000105022 -0
0.107711 4 17.302 3.82822e-05 -0
0.107711 4 26.827 1.45495e-05 -0
0.107711 4 41.5956 6.29668e-06 -0
0.107711 4 64.4947 2.88615e-06 -0
0.107711 4 100 1.38065e-06 -0
0.107711 4 155.052 7.06919e-07 -0
0.107711 4 240.41 3.78181e-07 -0
0.107711 4 372.759 2.05021e-07 -0
0.107711 4 577.969 1.15742e-07 -0
0.107711 4 896.151 6.81417e-08 -0
0.107711 4 1389.5 3.98758e-08 -0
0.107711 4 2154.43 2.33571e-08 -0
0.107711 4 3340.48 1.38753e-08 -0
0.107711 4 5179.47 8.36056e-09 -0
0.107711 4 8030.86 5.08641e-09 -0
0.107711 4 12452 3.07819e-09 -0
0.107711 4 19307 1.85892e-09 -0
0.107711 4 29935.8 1.12624e-09 -0
0.107711 4 46415.9 6.83975e-10 -0
0.107711 4 71968.6 4.16193e-10 -0
0.107711 4 111588 2.52749e-10 -0
0.107711 4 173020 1.50821e-10 -0
0.107711 4 268270 8.8683e-11 -0
0.107711 4 415956 5.03807e-11 -0
0.107711 4 644947 2.66847e-11 -0
0.107711 4 1e+06 1.24117e-11 -0

0.262636 4 1e-06 0.439455 -0
0.262636 4 1.55052e-06 0.439454 -0
0.262636 4 2.4041e-06 0.439454 -0
0.262636 4 3.72759e-06 0.439453 -0
0.262636 4 5.77969e-06 0.439452 -0
0.262636 4 8.96151e-06 0.439451 -0
0.262636 4 1.3895e-05 0.439449 -0
0.262636 4 2.15443e-05 0.439445 -0
0.262636 4 3.34048e-05 0.439439 -0
0.262636 4 5.17947e-05 0.439431 -0
0.262636 4 8.03086e-05 0.439417 -0
0.262636 4 0.00012452 0.439396 -0
0.262636 4 0.00019307 0.439364 -0
0.262636 4 0.000299358 0.439314 -0
0.262636 4 0.000464159 0.439237 -0
0.262636 4 0.000719686 0.439116 -0
0.262636 4 0.00111588 0.438929 -0
0.262636 4 0.0017302 0.438639 -0
0.262636 4 0.0026827 0.438189 -0
0.262636 4 0.00415956 0.437489 -0
0.262636 4 0.00644947 0.4364 -0
0.262636 4 0.01 0.434702 -0
0.262636 4 0.0155052 0.432046 -0
0.262636 4 0.024041 0.42788 -0
0.262636 4 0.0372759 0.421313 -0
0.262636 4 0.0577969 0.410915 -0
0.262636 4 0.0896151 0.394419 -0
0.262636 4 0.13895 0.368388 -0
0.262636 4 0.215443 0.328222 -0
0.262636 4 0.334048 0.269557 -0
0.262636 4 0.517947 0.192836 -0
0.262636 4 0.803086 0.110453 -0
0.262636 4 1.2452 0.0459098 -0
0.262636 4 1.9307 0.0130904 -0
0.262636 4 2.99358 0.00282806 -0
0.262636 4 4.64159 0.000655211 -0
0.262636 4 7.19686 0.000191624 -0
0.262636 4 11.1588 7.53441e-05 -0
0.262636 4 17.302 2.8269e-05 -0
0.262636 4 26.827 1.08879e-05 -0
0.262636 4 41.5956 4.50545e-06 -0
0.262636 4 64.4947 1.93628e-06 -0
0.262636 4 100 8.61469e-07 -0
0.262636 4 155.052 4.06004e-07 -0
0.262636 4 240.41 2.00866e-07 -0
0.262636 4 372.759 1.02176e-07 -0
0.262636 4 577.969 5.46371e-08 -0
0.262636 4 896.151 3.07933e-08 -0
0.262636 4 1389.5 1.74872e-08 -0
0.262636 4 2154.43 1.00312e-08 -0
0.262636 4 3340.48 5.87115e-09 -0
0.262636 4 5179.47 3.50112e-09 -0
0.262636 4 8030.86 2.11502e-09 -0
0.262636 4 12452 1.27406e-09 -0
0.262636 4 19307 7.67053e-10 -0
0.262636 4 29935.8 4.63774e-10 -0
0.262636 4 46415.9 2.81268e-10 -0
0.262636 4 71968.6 1.70993e-10 -0
0.262636 4 111588 1.0378e-10 -0
0.262636 4 173020 6.19037e-11 -0
0.262636 4 268270 3.63904e-11 -0
0.262636 4 415956 2.067e-11 -0
0.262636 4 644947 1.09471e-11 -0
0.262636 4 1e+06 5.09155e-12 -0

0.6404 4 1e-06 0.352272 -0
0.6404 4 1.55052e-06 0.352271 -0
0.6404 4 2.4041e-06 0.352271 -0
0.6404 4 3.72759e-06 0.352271 -0
0.6404 4 5.77969e-06 0.35227 -0
0.6404 4 8.96151e-06 0.352268 -0
0.6404 4 1.3895e-05 0.352266 -0
0.6404 4 2.15443e-05 0.352263 -0
0.6404 4 3.34048e-05 0.352258 -0
0.6404 4 5.17947e-05 0.35225 -0
0.6404 4 8.03086e-05 0.352237 -0
0.6404 4 0.00012452 0.352218 -0
0.6404 4 0.00019307 0.352189 -0
0.6404 4 0.000299358 0.352143 -0
0.6404 4 0.000464159 0.352071 -0
0.6404 4 0.000719686 0.351961 -0
0.6404 4 0.00111588 0.351789 -0
0.6404 4 0.0017302 0.351524 -0
0.6404 4 0.0026827 0.351111 -0
0.6404 4 0.00415956 0.350471 -0
0.6404 4 0.00644947 0.349476 -0
0.6404 4 0.01 0.347931 -0
0.6404 4 0.0155052 0.345528 -0
0.6404 4 0.024041 0.341785 -0
0.6404 4 0.0372759 0.335948 -0
0.6404 4 0.0577969 0.326842 -0
0.6404 4 0.0896151 0.312665 -0
0.6404 4 0.13895 0.290795 -0
0.6404 4 0.215443 0.257866 -0
0.6404 4 0.334048 0.210874 -0
0.6404 4 0.517947 0.150542 -0
0.6404 4 0.803086 0.0864505 -0
0.6404 4 1.2452 0.0362684 -0
0.6404 4 1.9307 0.0104686 -0
0.6404 4 2.99358 0.00226524 -0
0.6404 4 4.64159 0.000522982 -0
0.6404 4 7.19686 0.000156698 -0
0.6404 4 11.1588 6.08505e-05 -0
0.6404 4 17.302 2.3324e-05 -0
0.6404 4 26.827 9.07552e-06 -0
0.6404 4 41.5956 3.65245e-06 -0
0.6404 4 64.4947 1.50091e-06 -0
0.6404 4 100 6.30638e-07 -0
0.6404 4 155.052 2.75532e-07 -0
0.6404 4 240.41 1.25348e-07 -0
0.6404 4 372.759 5.88857e-08 -0
0.6404 4 577.969 2.91336e-08 -0
0.6404 4 896.151 1.52987e-08 -0
0.6404 4 1389.5 8.23418e-09 -0
0.6404 4 2154.43 4.5376e-09 -0
0.6404 4 3340.48 2.57707e-09 -0
0.6404 4 5179.47 1.50358e-09 -0
0.6404 4 8030.86 8.94543e-10 -0
0.6404 4 12452 5.33407e-10 -0
0.6404 4 19307 3.18961e-10 -0
0.6404 4 29935.8 1.91964e-10 -0
0.6404 4 46415.9 1.16063e-10 -0
0.6404 4 71968.6 7.04133e-11 -0
0.6404 4 111588 4.26773e-11 -0
0.6404 4 173020 2.54344e-11 -0
0.6404 4 268270 1.49431e-11 -0
0.6404 4 415956 8.48471e-12 -0
0.6404 4 644947 4.49265e-12 -0
0.6404 4 1e+06 2.08937e-12 -0

1.56152 4 1e-06 0.239159 -0
1.56152 4 1.55052e-06 0.239159 -0
1.56152 4 2.4041e-06 0.239159 -0
1.56152 4 3.72759e-06 0.239158 -0
1.56152 4 5.77969e-06 0.239158 -0
1.56152 4 8.96151e-06 0.239157 -0
1.56152 4 1.3895e-05 0.239155 -0
1.56152 4 2.15443e-05 0.239152 -0
1.56152 4 3.34048e-05 0.239148 -0
1.56152 4 5.17947e-05 0.239142 -0
1.56152 4 8.03086e-05 0.239132 -0
1.56152 4 0.00012452 0.239117 -0
1.56152 4 0.00019307 0.239093 -0
1.56152 4 0.000299358 0.239056 -0
1.56152 4 0.000464159 0.238999 -0
1.56152 4 0.000719686 0.238911 -0
1.56152 4 0.00111588 0.238774 -0
1.56152 4 0.0017302 0.238562 -0
1.56152 4 0.0026827 0.238233 -0
1.56152 4 0.00415956 0.237723 -0
1.56152 4 0.00644947 0.236934 -0
1.56152 4 0.01 0.235711 -0
1.56152 4 0.0155052 0.23382 -0
1.56152 4 0.024041 0.230898 -0
1.56152 4 0.0372759 0.226395 -0
1.56152 4 0.0577969 0.219485 -0
1.56152 4 0.0896151 0.208968 -0
1.56152 4 0.13895 0.1932 -0
1.56152 4 0.215443 0.170233 -0
1.56152 4 0.334048 0.138545 -0
1.56152 4 0.517947 0.0989796 -0
1.56152 4 0.803086 0.0575494 -0
1.56152 4 1.2452 0.0248945 -0
1.56152 4 1.9307 0.00753771 -0
1.56152 4 2.99358 0.00171002 -0
1.56152 4 4.64159 0.000408087 -0
1.56152 4 7.19686 0.000126959 -0
1.56152 4 11.1588 4.96439e-05 -0
1.56152 4 17.302 1.94034e-05 -0
1.56152 4 26.827 7.63145e-06 -0
1.56152 4 41.5956 3.03765e-06 -0
1.56152 4 64.4947 1.22072e-06 -0
1.56152 4 100 4.96575e-07 -0
1.56152 4 155.052 2.06618e-07 -0
1.56152 4 240.41 8.83164e-08 -0
1.56152 4 372.759 3.87376e-08 -0
1.56152 4 577.969 1.77245e-08 -0
1.56152 4 896.151 8.566e-09 -0
1.56152 4 1389.5 4.28854e-09 -0
1.56152 4 2154.43 2.22427e-09 -0
1.56152 4 3340.48 1.20196e-09 -0
1.56152 4 5179.47 6.74657e-10 -0
1.56152 4 8030.86 3.9011e-10 -0
1.56152 4 12452 2.28086e-10 -0
1.56152 4 19307 1.34559e-10 -0
1.56152 4 29935.8 8.02354e-11 -0
1.56152 4 46415.9 4.82065e-11 -0
1.56152 4 71968.6 2.91226e-11 -0
1.56152 4 111588 1.76015e-11 -0
1.56152 4 173020 1.0471e-11 -0
1.56152 4 268270 6.14456e-12 -0
1.56152 4 415956 3.48624e-12 -0
1.56152 4 644947 1.84515e-12 -0
1.56152 4 1e+06 8.57956e-13 -0

3.80755 4 1e-06 0.089725 -0
3.80755 4 1.55052e-06 0.0897249 -0
3.80755 4 2.4041e-06 0.0897248 -0
3.80755 4 3.72759e-06 0.0897246 -0
3.80755 4 5.77969e-06 0.0897243 -0
3.80755 4 8.96151e-06 0.0897238 -0
3.80755 4 1.3895e-05 0.0897231 -0
3.80755 4 2.15443e-05 0.0897219 -0
3.80755 4 3.34048e-05 0.0897202 -0
3.80755 4 5.17947e-05 0.0897174 -0
3.80755 4 8.03086e-05 0.0897132 -0
3.80755 4 0.00012452 0.0897066 -0
3.80755 4 0.00019307 0.0896964 -0
3.80755 4 0.000299358 0.0896806 -0
3.80755 4 0.000464159 0.0896562 -0
3.80755 4 0.000719686 0.0896182 -0
3.80755 4 0.00111588 0.0895594 -0
3.80755 4 0.0017302 0.0894682 -0
3.80755 4 0.0026827 0.0893271 -0
3.80755 4 0.00415956 0.0891086 -0
3.80755 4 0.00644947 0.0887709 -0
3.80755 4 0.01 0.0882497 -0
3.80755 4 0.0155052 0.0874471 -0
3.80755 4 0.024041 0.086216 -0
3.80755 4 0.0372759 0.084339 -0
3.80755 4 0.0577969 0.0815034 -0
3.80755 4 0.0896151 0.0772803 -0
3.80755 4 0.13895 0.071129 -0
3.80755 4 0.215443 0.0624752 -0
3.80755 4 0.334048 0.0509579 -0
3.80755 4 0.517947 0.0369648 -0
3.80755 4 0.803086 0.0223734 -0
3.80755 4 1.2452 0.0104785 -0
3.80755 4 1.9307 0.00360068 -0
3.80755 4 2.99358 0.000954136 -0
3.80755 4 4.64159 0.000259574 -0
3.80755 4 7.19686 8.76884e-05 -0
3.80755 4 11.1588 3.54022e-05 -0
3.80755 4 17.302 1.42274e-05 -0
3.80755 4 26.827 5.71243e-06 -0
3.80755 4 41.5956 2.28783e-06 -0
3.80755 4 64.4947 9.1684e-07 -0
3.80755 4 100 3.69085e-07 -0
3.80755 4 155.052 1.50308e-07 -0
3.80755 4 240.41 6.22076e-08 -0
3.80755 4 372.759 2.61986e-08 -0
3.80755 4 577.969 1.13642e-08 -0
3.80755 4 896.151 5.14145e-09 -0
3.80755 4 1389.5 2.40778e-09 -0
3.80755 4 2154.43 1.17132e-09 -0
3.80755 4 3340.48 5.96541e-10 -0
3.80755 4 5179.47 3.18177e-10 -0
3.80755 4 8030.86 1.76633e-10 -0
3.80755 4 12452 1.00229e-10 -0
3.80755 4 19307 5.78753e-11 -0
3.80755 4 29935.8 3.39895e-11 -0
3.80755 4 46415.9 2.02073e-11 -0
3.80755 4 71968.6 1.212e-11 -0
3.80755 4 111588 7.28994e-12 -0
3.80755 4 173020 4.32315e-12 -0
3.80755 4 268270 2.53165e-12 -0
3.80755 4 415956 1.43449e-12 -0
3.80755 4 644947 7.58642e-13 -0
3.80755 4 1e+06 3.52639e-13 -0

9.28415 4 1e-06 0.00944879 -0
9.28415 4 1.55052e-06 0.00944878 -0
9.28415 4 2.4041e-06 0.00944877 -0
9.28415 4 3.72759e-06 0.00944875 -0
9.28415 4 5.77969e-06 0.00944872 -0
9.28415 4 8.96151e-06 0.00944867 -0
9.28415 4 1.3895e-05 0.0094486 -0
9.28415 4 2.15443e-05 0.0094485 -0
9.28415 4 3.34048e-05 0.00944833 -0
9.28415 4 5.17947e-05 0.00944807 -0
9.28415 4 8.03086e-05 0.00944766 -0
9.28415 4 0.00012452 0.00944703 -0
9.28415 4 0.00019307 0.00944606 -0
9.28415 4 0.000299358 0.00944455 -0
9.28415 4 0.000464159 0.0094422 -0
9.28415 4 0.000719686 0.00943858 -0
9.28415 4 0.00111588 0.00943295 -0
9.28415 4 0.0017302 0.00942424 -0
9.28415 4 0.0026827 0.00941075 -0
9.28415 4 0.00415956 0.00938988 -0
9.28415 4 0.00644947 0.00935763 -0
9.28415 4 0.01 0.0093079 -0
9.28415 4 0.0155052 0.00923142 -0
9.28415 4 0.024041 0.00911431 -0
9.28415 4 0.0372759 0.00893623 -0
9.28415 4 0.0577969 0.00866814 -0
9.28415 4 0.0896151 0.00827066 -0
9.28415 4 0.13895 0.0076943 -0
9.28415 4 0.215443 0.00688509 -0
9.28415 4 0.334048 0.00580109 -0
9.28415 4 0.517947 0.0044504 -0
9.28415 4 0.803086 0.00296074 -0
9.28415 4 1.2452 0.00162295 -0
9.28415 4 1.9307 0.000719784 -0
9.28415 4 2.99358 0.000273952 -0
9.28415 4 4.64159 0.000104496 -0
9.28415 4 7.19686 4.26948e-05 -0
9.28415 4 11.1588 1.89319e-05 -0
9.28415 4 17.302 8.0954e-06 -0
9.28415 4 26.827 3.41925e-06 -0
9.28415 4 41.5956 1.41706e-06 -0
9.28415 4 64.4947 5.79917e-07 -0
9.28415 4 100 2.36001e-07 -0
9.28415 4 155.052 9.62295e-08 -0
9.28415 4 240.41 3.95267e-08 -0
9.28415 4 372.759 1.63991e-08 -0
9.28415 4 577.969 6.93625e-09 -0
9.28415 4 896.151 3.02344e-09 -0
9.28415 4 1389.5 1.35552e-09 -0
9.28415 4 2154.43 6.28534e-10 -0
9.28415 4 3340.48 3.04332e-10 -0
9.28415 4 5179.47 1.54555e-10 -0
9.28415 4 8030.86 8.21558e-11 -0
9.28415 4 12452 4.50328e-11 -0
9.28415 4 19307 2.53246e-11 -0
9.28415 4 29935.8 1.45831e-11 -0
9.28415 4 46415.9 8.54815e-12 -0
9.28415 4 71968.6 5.07644e-12 -0
9.28415 4 111588 3.03269e-12 -0
9.28415 4 173020 1.79045e-12 -0
9.28415 4 268270 1.04537e-12 -0
9.28415 4 415956 5.91196e-13 -0
9.28415 4 644947 3.12306e-13 -0
9.28415 4 1e+06 1.45101e-13 -0

22.638 4 1e-06 0.000232286 -0
22.638 4 1.55052e-06 0.000232286 -0
22.638 4 2.4041e-06 0.000232286 -0
22.638 4 3.72759e-06 0.000232286 -0
22.638 4 5.77969e-06 0.000232286 -0
22.638 4 8.96151e-06 0.000232285 -0
22.638 4 1.3895e-05 0.000232284 -0
22.638 4 2.15443e-05 0.000232282 -0
22.638 4 3.34048e-05 0.00023228 -0
22.638 4 5.17947e-05 0.000232277 -0
22.638 4 8.03086e-05 0.000232271 -0
22.638 4 0.00012452 0.000232262 -0
22.638 4 0.00019307 0.000232249 -0
22.638 4 0.000299358 0.000232228 -0
22.638 4 0.000464159 0.000232196 -0
22.638 4 0.000719686 0.000232147 -0
22.638 4 0.00111588 0.00023207 -0
22.638 4 0.0017302 0.000231951 -0
22.638 4 0.0026827 0.000231766 -0
22.638 4 0.00415956 0.000231481 -0
22.638 4 0.00644947 0.00023104 -0
22.638 4 0.01 0.000230359 -0
22.638 4 0.0155052 0.00022931 -0
22.638 4 0.024041 0.000227702 -0
22.638 4 0.0372759 0.000225248 -0
22.638 4 0.0577969 0.000221532 -0
22.638 4 0.0896151 0.000215966 -0
22.638 4 0.13895 0.000207738 -0
22.638 4 0.215443 0.000195767 -0
22.638 4 0.334048 0.000178668 -0
22.638 4 0.517947 0.000155006 -0
22.638 4 0.803086 0.000124741 -0
22.638 4 1.2452 9.18498e-05 -0
22.638 4 1.9307 6.24186e-05 -0
22.638 4 2.99358 3.95345e-05 -0
22.638 4 4.64159 2.31858e-05 -0
22.638 4 7.19686 1.23751e-05 -0
22.638 4 11.1588 6.5786e-06 -0
22.638 4 17.302 3.19795e-06 -0
22.638 4 26.827 1.49935e-06 -0
22.638 4 41.5956 6.74246e-07 -0
22.638 4 64.4947 2.92555e-07 -0
22.638 4 100 1.23988e-07 -0
22.638 4 155.052 5.19388e-08 -0
22.638 4 240.41 2.16773e-08 -0
22.638 4 372.759 9.05944e-09 -0
22.638 4 577.969 3.82556e-09 -0
22.638 4 896.151 1.64836e-09 -0
22.638 4 1389.5 7.25051e-10 -0
22.638 4 2154.43 3.27564e-10 -0
22.638 4 3340.48 1.53548e-10 -0
22.638 4 5179.47 7.52048e-11 -0
22.638 4 8030.86 3.85518e-11 -0
22.638 4 12452 2.04649e-11 -0
22.638 4 19307 1.12059e-11 -0
22.638 4 29935.8 6.31746e-12 -0
22.638 4 46415.9 3.644e-12 -0
22.638 4 71968.6 2.13873e-12 -0
22.638 4 111588 1.26709e-12 -0
22.638 4 173020 7.43884e-13 -0
22.638 4 268270 4.32664e-13 -0
22.638 4 415956 2.44078e-13 -0
22.638 4 644947 1.28746e-13 -0
22.638 4 1e+06 5.97806e-14 -0

55.1995 4 1e-06 8.32375e-06 -0
55.1995 4 1.55052e-06 8.32374e-06 -0
55.1995 4 2.4041e-06 8.32374e-06 -0
55.1995 4 3.72759e-06 8.32374e-06 -0
55.1995 4 5.77969e-06 8.32374e-06 -0
55.1995 4 8.96151e-06 8.32373e-06 -0
55.1995 4 1.3895e-05 8.32372e-06 -0
55.1995 4 2.15443e-05 8.32371e-06 -0
55.1995 4 3.34048e-05 8.32369e-06 -0
55.1995 4 5.17947e-05 8.32365e-06 -0
55.1995 4 8.03086e-05 8.3236e-06 -0
55.1995 4 0.00012452 8.32352e-06 -0
55.1995 4 0.00019307 8.32339e-06 -0
55.1995 4 0.000299358 8.3232e-06 -0
55.1995 4 0.000464159 8.3229e-06 -0
55.1995 4 0.000719686 8.32243e-06 -0
55.1995 4 0.00111588 8.32171e-06 -0
55.1995 4 0.0017302 8.32058e-06 -0
55.1995 4 0.0026827 8.31885e-06 -0
55.1995 4 0.00415956 8.31616e-06 -0
55.1995 4 0.00644947 8.31201e-06 -0
55.1995 4 0.01 8.30561e-06 -0
55.1995 4 0.0155052 8.29576e-06 -0
55.1995 4 0.024041 8.28068e-06 -0
55.1995 4 0.0372759 8.25768e-06 -0
55.1995 4 0.0577969 8.22283e-06 -0
55.1995 4 0.0896151 8.17029e-06 -0
55.1995 4 0.13895 8.09095e-06 -0
55.1995 4 0.215443 7.96898e-06 -0
55.1995 4 0.334048 7.77403e-06 -0
55.1995 4 0.517947 7.45191e-06 -0
55.1995 4 0.803086 6.94257e-06 -0
55.1995 4 1.2452 6.25166e-06 -0
55.1995 4 1.9307 5.43189e-06 -0
55.1995 4 2.99358 4.52085e-06 -0
55.1995 4 4.64159 3.47376e-06 -0
55.1995 4 7.19686 2.40738e-06 -0
55.1995 4 11.1588 1.6178e-06 -0
55.1995 4 17.302 9.71041e-07 -0
55.1995 4 26.827 5.43063e-07 -0
55.1995 4 41.5956 2.83707e-07 -0
55.1995 4 64.4947 1.38328e-07 -0
55.1995 4 100 6.39123e-08 -0
55.1995 4 155.052 2.84741e-08 -0
55.1995 4 240.41 1.23871e-08 -0
55.1995 4 372.759 5.31323e-09 -0
55.1995 4 577.969 2.27218e-09 -0
55.1995 4 896.151 9.78613e-10 -0
55.1995 4 1389.5 4.25739e-10 -0
55.1995 4 2154.43 1.88308e-10 -0
55.1995 4 3340.48 8.55276e-11 -0
55.1995 4 5179.47 4.02352e-11 -0
55.1995 4 8030.86 1.97121e-11 -0
55.1995 4 12452 1.00105e-11 -0
55.1995 4 19307 5.26531e-12 -0
55.1995 4 29935.8 2.8678e-12 -0
55.1995 4 46415.9 1.60892e-12 -0
55.1995 4 71968.6 9.24422e-13 -0
55.1995 4 111588 5.39193e-13 -0
55.1995 4 173020 3.1315e-13 -0
55.1995 4 268270 1.80775e-13 -0
55.1995 4 415956 1.01475e-13 -0
55.1995 4 644947 5.33672e-14 -0
55.1995 4 1e+06 2.47498e-14 -0

134.596 4 1e-06 3.98986e-07 -0
134.596 4 1.55052e-06 3.98986e-07 -0
134.596 4 2.4041e-06 3.98986e-07 -0
134.596 4 3.72759e-06 3.98986e-07 -0
134.596 4 5.77969e-06 3.98986e-07 -0
134.596 4 8.96151e-06 3.98986e-07 -0
134.596 4 1.3895e-05 3.98986e-07 -0
134.596 4 2.15443e-05 3.98985e-07 -0
134.596 4 3.34048e-05 3.98985e-07 -0
134.596 4 5.17947e-05 3.98985e-07 -0
134.596 4 8.03086e-05 3.98984e-07 -0
134.596 4 0.00012452 3.98982e-07 -0
134.596 4 0.00019307 3.98981e-07 -0
134.596 4 0.000299358 3.98978e-07 -0
134.596 4 0.000464159 3.98973e-07 -0
134.596 4 0.000719686 3.98966e-07 -0
134.596 4 0.00111588 3.98954e-07 -0
134.596 4 0.0017302 3.98937e-07 -0
134.596 4 0.0026827 3.9891e-07 -0
134.596 4 0.00415956 3.98869e-07 -0
134.596 4 0.00644947 3.98805e-07 -0
134.596 4 0.01 3.98706e-07 -0
134.596 4 0.0155052 3.98556e-07 -0
134.596 4 0.024041 3.98327e-07 -0
134.596 4 0.0372759 3.97983e-07 -0
134.596 4 0.0577969 3.97467e-07 -0
134.596 4 0.0896151 3.96701e-07 -0
134.596 4 0.13895 3.95546e-07 -0
134.596 4 0.215443 3.93712e-07 -0
134.596 4 0.334048 3.905e-07 -0
134.596 4 0.517947 3.84432e-07 -0
134.596 4 0.803086 3.73604e-07 -0
134.596 4 1.2452 3.5772e-07 -0
134.596 4 1.9307 3.37754e-07 -0
134.596 4 2.99358 3.14107e-07 -0
134.596 4 4.64159 2.77954e-07 -0
134.596 4 7.19686 2.29914e-07 -0
134.596 4 11.1588 1.86166e-07 -0
134.596 4 17.302 1.38126e-07 -0
134.596 4 26.827 9.48916e-08 -0
134.596 4 41.5956 6.08213e-08 -0
134.596 4 64.4947 3.56449e-08 -0
134.596 4 100 1.92378e-08 -0
134.596 4 155.052 9.7377e-09 -0
134.596 4 240.41 4.68637e-09 -0
134.596 4 372.759 2.17334e-09 -0
134.596 4 577.969 9.87445e-10 -0
134.596 4 896.151 4.45253e-10 -0
134.596 4 1389.5 2.00143e-10 -0
134.596 4 2154.43 9.03959e-11 -0
134.596 4 3340.48 4.14587e-11 -0
134.596 4 5179.47 1.94809e-11 -0
134.596 4 8030.86 9.43985e-12 -0
134.596 4 12452 4.71064e-12 -0
134.596 4 19307 2.42587e-12 -0
134.596 4 29935.8 1.29231e-12 -0
134.596 4 46415.9 7.1013e-13 -0
134.596 4 71968.6 4.00763e-13 -0
134.596 4 111588 2.30404e-13 -0
134.596 4 173020 1.32384e-13 -0
134.596 4 268270 7.58207e-14 -0
134.596 4 415956 4.23283e-14 -0
134.596 4 644947 2.21862e-14 -0
134.596 4 1e+06 1.02754e-14 -0

328.193 4 1e-06 2.31334e-08 -0
328.193 4 1.55052e-06 2.31334e-08 -0
328.193 4 2.4041e-06 2.31334e-08 -0
328.193 4 3.72759e-06 2.31334e-08 -0
328.193 4 5.77969e-06 2.31334e-08 -0
328.193 4 8.96151e-06 2.31334e-08 -0
328.193 4 1.3895e-05 2.31334e-08 -0
328.193 4 2.15443e-05 2.31334e-08 -0
328.193 4 3.34048e-05 2.31334e-08 -0
328.193 4 5.17947e-05 2.31334e-08 -0
328.193 4 8.03086e-05 2.31334e-08 -0
328.193 4 0.00012452 2.31334e-08 -0
328.193 4 0.00019307 2.31333e-08 -0
328.193 4 0.000299358 2.31333e-08 -0
328.193 4 0.000464159 2.31332e-08 -0
328.193 4 0.000719686 2.31331e-08 -0
328.193 4 0.00111588 2.31329e-08 -0
328.193 4 0.0017302 2.31326e-08 -0
328.193 4 0.0026827 2.31321e-08 -0
328.193 4 0.00415956 2.31313e-08 -0
328.193 4 0.00644947 2.31302e-08 -0
328.193 4 0.01 2.31284e-08 -0
328.193 4 0.0155052 2.31258e-08 -0
328.193 4 0.024041 2.31219e-08 -0
328.193 4 0.0372759 2.31161e-08 -0
328.193 4 0.0577969 2.31077e-08 -0
328.193 4 0.0896151 2.30957e-08 -0
328.193 4 0.13895 2.30782e-08 -0
328.193 4 0.215443 2.30493e-08 -0
328.193 4 0.334048 2.29912e-08 -0
328.193 4 0.517947 2.28619e-08 -0
328.193 4 0.803086 2.26041e-08 -0
328.193 4 1.2452 2.2213e-08 -0
328.193 4 1.9307 2.17336e-08 -0
328.193 4 2.99358 2.11967e-08 -0
328.193 4 4.64159 2.01586e-08 -0
328.193 4 7.19686 1.85198e-08 -0
328.193 4 11.1588 1.6869e-08 -0
328.193 4 17.302 1.46613e-08 -0
328.193 4 26.827 1.20437e-08 -0
328.193 4 41.5956 9.41859e-09 -0
328.193 4 64.4947 6.81523e-09 -0
328.193 4 100 4.52908e-09 -0
328.193 4 155.052 2.78365e-09 -0
328.193 4 240.41 1.58639e-09 -0
328.193 4 372.759 8.44783e-10 -0
328.193 4 577.969 4.28512e-10 -0
328.193 4 896.151 2.10291e-10 -0
328.193 4 1389.5 1.00503e-10 -0
328.193 4 2154.43 4.73044e-11 -0
328.193 4 3340.48 2.22091e-11 -0
328.193 4 5179.47 1.05045e-11 -0
328.193 4 8030.86 5.04453e-12 -0
328.193 4 12452 2.46549e-12 -0
328.193 4 19307 1.23324e-12 -0
328.193 4 29935.8 6.35122e-13 -0
328.193 4 46415.9 3.37168e-13 -0
328.193 4 71968.6 1.84285e-13 -0
328.193 4 111588 1.03086e-13 -0
328.193 4 173020 5.7981e-14 -0
328.193 4 268270 3.26706e-14 -0
328.193 4 415956 1.80289e-14 -0
328.193 4 644947 9.38148e-15 -0
328.193 4 1e+06 4.3324e-15 -0

800.25 4 1e-06 2.0792e-09 -0
800.25 4 1.55052e-06 2.0792e-09 -0
800.25 4 2.4041e-06 2.0792e-09 -0
800.25 4 3.72759e-06 2.0792e-09 -0
800.25 4 5.77969e-06 2.0792e-09 -0
800.25 4 8.96151e-06 2.0792e-09 -0
800.25 4 1.3895e-05 2.0792e-09 -0
800.25 4 2.15443e-05 2.0792e-09 -0
800.25 4 3.34048e-05 2.0792e-09 -0
800.25 4 5.17947e-05 2.0792e-09 -0
800.25 4 8.03086e-05 2.0792e-09 -0
800.25 4 0.00012452 2.0792e-09 -0
800.25 4 0.00019307 2.0792e-09 -0
800.25 4 0.000299358 2.0792e-09 -0
800.25 4 0.000464159 2.0792e-09 -0
800.25 4 0.000719686 2.07919e-09 -0
800.25 4 0.00111588 2.07919e-09 -0
800.25 4 0.0017302 2.07918e-09 -0
800.25 4 0.0026827 2.07916e-09 -0
800.25 4 0.00415956 2.07914e-09 -0
800.25 4 0.00644947 2.0791e-09 -0
800.25 4 0.01 2.07904e-09 -0
800.25 4 0.0155052 2.07896e-09 -0
800.25 4 0.024041 2.07884e-09 -0
800.25 4 0.0372759 2.07866e-09 -0
800.25 4 0.0577969 2.07841e-09 -0
800.25 4 0.0896151 2.07806e-09 -0
800.25 4 0.13895 2.07757e-09 -0
800.25 4 0.215443 2.07675e-09 -0
800.25 4 0.334048 2.07495e-09 -0
800.25 4 0.517947 2.07054e-09 -0
800.25 4 0.803086 2.06127e-09 -0
800.25 4 1.2452 2.04703e-09 -0
800.25 4 1.9307 2.0299e-09 -0
800.25 4 2.99358 2.01155e-09 -0
800.25 4 4.64159 1.9713e-09 -0
800.25 4 7.19686 1.9027e-09 -0
800.25 4 11.1588 1.83e-09 -0
800.25 4 17.302 1.72405e-09 -0
800.25 4 26.827 1.57554e-09 -0
800.25 4 41.5956 1.40171e-09 -0
800.25 4 64.4947 1.18888e-09 -0
800.25 4 100 9.48244e-10 -0
800.25 4 155.052 7.06505e-10 -0
800.25 4 240.41 4.86162e-10 -0
800.25 4 372.759 3.0712e-10 -0
800.25 4 577.969 1.80484e-10 -0
800.25 4 896.151 9.99059e-11 -0
800.25 4 1389.5 5.23615e-11 -0
800.25 4 2154.43 2.63428e-11 -0
800.25 4 3340.48 1.29232e-11 -0
800.25 4 5179.47 6.25511e-12 -0
800.25 4 8030.86 3.01449e-12 -0
800.25 4 12452 1.45449e-12 -0
800.25 4 19307 7.08482e-13 -0
800.25 4 29935.8 3.51533e-13 -0
800.25 4 46415.9 1.78658e-13 -0
800.25 4 71968.6 9.33094e-14 -0
800.25 4 111588 5.00024e-14 -0
800.25 4 173020 2.71229e-14 -0
800.25 4 268270 1.48374e-14 -0
800.25 4 415956 8.00895e-15 -0
800.25 4 644947 4.10835e-15 -0
800.25 4 1e+06 1.88637e-15 -0

1951.29 4 1e-06 2.34073e-10 -0
1951.29 4 1.55052e-06 2.34073e-10 -0
1951.29 4 2.4041e-06 2.34073e-10 -0
1951.29 4 3.72759e-06 2.34073e-10 -0
1951.29 4 5.77969e-06 2.34073e-10 -0
1951.29 4 8.96151e-06 2.34073e-10 -0
1951.29 4 1.3895e-05 2.34073e-10 -0
1951.29 4 2.15443e-05 2.34073e-10 -0
1951.29 4 3.34048e-05 2.34073e-10 -0
1951.29 4 5.17947e-05 2.34073e-10 -0
1951.29 4 8.03086e-05 2.34073e-10 -0
1951.29 4 0.00012452 2.34073e-10 -0
1951.29 4 0.00019307 2.34073e-10 -0
1951.29 4 0.000299358 2.34073e-10 -0
1951.29 4 0.000464159 2.34073e-10 -0
1951.29 4 0.000719686 2.34073e-10 -0
1951.29 4 0.00111588 2.34072e-10 -0
1951.29 4 0.0017302 2.34072e-10 -0
1951.29 4 0.0026827 2.34071e-10 -0
1951.29 4 0.00415956 2.3407e-10 -0
1951.29 4 0.00644947 2.34069e-10 -0
1951.29 4 0.01 2.34066e-10 -0
1951.29 4 0.0155052 2.34063e-10 -0
1951.29 4 0.024041 2.34058e-10 -0
1951.29 4 0.0372759 2.3405e-10 -0
1951.29 4 0.0577969 2.3404e-10 -0
1951.29 4 0.0896151 2.34027e-10 -0
1951.29 4 0.13895 2.34008e-10 -0
1951.29 4 0.215443 2.33977e-10 -0
1951.29 4 0.334048 2.33903e-10 -0
1951.29 4 0.517947 2.33713e-10 -0
1951.29 4 0.803086 2.333e-10 -0
1951.29 4 1.2452 2.32663e-10 -0
1951.29 4 1.9307 2.31908e-10 -0
1951.29 4 2.99358 2.31125e-10 -0
1951.29 4 4.64159 2.29276e-10 -0
1951.29 4 7.19686 2.26006e-10 -0
1951.29 4 11.1588 2.22486e-10 -0
1951.29 4 17.302 2.17135e-10 -0
1951.29 4 26.827 2.08953e-10 -0
1951.29 4 41.5956 1.98541e-10 -0
1951.29 4 64.4947 1.84123e-10 -0
1951.29 4 100 1.64917e-10 -0
1951.29 4 155.052 1.41353e-10 -0
1951.29 4 240.41 1.14293e-10 -0
1951.29 4 372.759 8.59852e-11 -0
1951.29 4 577.969 6.01907e-11 -0
1951.29 4 896.151 3.91888e-11 -0
1951.29 4 1389.5 2.36064e-11 -0
1951.29 4 2154.43 1.32844e-11 -0
1951.29 4 3340.48 7.09792e-12 -0
1951.29 4 5179.47 3.64973e-12 -0
1951.29 4 8030.86 1.82552e-12 -0
1951.29 4 12452 8.95515e-13 -0
1951.29 4 19307 4.35431e-13 -0
1951.29 4 29935.8 2.12173e-13 -0
1951.29 4 46415.9 1.04479e-13 -0
1951.29 4 71968.6 5.23516e-14 -0
1951.29 4 111588 2.67809e-14 -0
1951.29 4 173020 1.38894e-14 -0
1951.29 4 268270 7.29315e-15 -0
1951.29 4 415956 3.80748e-15 -0
1951.29 4 644947 1.90883e-15 -0
1951.29 4 1e+06 8.68358e-16 -0

4757.94 4 1e-06 3.28447e-11 -0
4757.94 4 1.55052e-06 3.28447e-11 -0
4757.94 4 2.4041e-06 3.28447e-11 -0
4757.94 4 3.72759e-06 3.28447e-11 -0
4757.94 4 5.77969e-06 3.28447e-11 -0
4757.94 4 8.96151e-06 3.28447e-11 -0
4757.94 4 1.3895e-05 3.28447e-11 -0
4757.94 4 2.15443e-05 3.28447e-11 -0
4757.94 4 3.34048e-05 3.28447e-11 -0
4757.94 4 5.17947e-05 3.28447e-11 -0
4757.94 4 8.03086e-05 3.28447e-11 -0
4757.94 4 0.00012452 3.28447e-11 -0
4757.94 4 0.00019307 3.28447e-11 -0
4757.94 4 0.000299358 3.28447e-11 -0
4757.94 4 0.000464159 3.28447e-11 -0
4757.94 4 0.000719686 3.28446e-11 -0
4757.94 4 0.00111588 3.28446e-11 -0
4757.94 4 0.0017302 3.28446e-11 -0
4757.94 4 0.0026827 3.28446e-11 -0
4757.94 4 0.00415956 3.28445e-11 -0
4757.94 4 0.00644947 3.28444e-11 -0
4757.94 4 0.01 3.28443e-11 -0
4757.94 4 0.0155052 3.28441e-11 -0
4757.94 4 0.024041 3.28438e-11 -0
4757.94 4 0.0372759 3.28434e-11 -0
4757.94 4 0.0577969 3.28428e-11 -0
4757.94 4 0.0896151 3.28421e-11 -0
4757.94 4 0.13895 3.28411e-11 -0
4757.94 4 0.215443 3.28394e-11 -0
4757.94 4 0.334048 3.28354e-11 -0
4757.94 4 0.517947 3.28251e-11 -0
4757.94 4 0.803086 3.28025e-11 -0
4757.94 4 1.2452 3.27676e-11 -0
4757.94 4 1.9307 3.27262e-11 -0
4757.94 4 2.99358 3.26834e-11 -0
4757.94 4 4.64159 3.258e-11 -0
4757.94 4 7.19686 3.23953e-11 -0
4757.94 4 11.1588 3.2194e-11 -0
4757.94 4 17.302 3.1883e-11 -0
4757.94 4 26.827 3.13891e-11 -0
4757.94 4 41.5956 3.07339e-11 -0
4757.94 4 64.4947 2.97713e-11 -0
4757.94 4 100 2.83728e-11 -0
4757.94 4 155.052 2.64399e-11 -0
4757.94 4 240.41 2.38497e-11 -0
4757.94 4 372.759 2.05575e-11 -0
4757.94 4 577.969 1.67775e-11 -0
4757.94 4 896.151 1.28182e-11 -0
4757.94 4 1389.5 9.03647e-12 -0
4757.94 4 2154.43 5.86925e-12 -0
4757.94 4 3340.48 3.54316e-12 -0
4757.94 4 5179.47 2.00939e-12 -0
4757.94 4 8030.86 1.08137e-12 -0
4757.94 4 12452 5.57436e-13 -0
4757.94 4 19307 2.78752e-13 -0
4757.94 4 29935.8 1.36985e-13 -0
4757.94 4 46415.9 6.68467e-14 -0
4757.94 4 71968.6 3.26834e-14 -0
4757.94 4 111588 1.61164e-14 -0
4757.94 4 173020 8.00858e-15 -0
4757.94 4 268270 4.01863e-15 -0
4757.94 4 415956 2.01242e-15 -0
4757.94 4 644947 9.77999e-16 -0
4757.94 4 1e+06 4.3929e-16 -0

11601.6 4 1e-06 4.42423e-12 -0
11601.6 4 1.55052e-06 4.42423e-12 -0
11601.6 4 2.4041e-06 4.42423e-12 -0
11601.6 4 3.72759e-06 4.42423e-12 -0
11601.6 4 5.77969e-06 4.42423e-12 -0
11601.6 4 8.96151e-06 4.42423e-12 -0
11601.6 4 1.3895e-05 4.42423e-12 -0
11601.6 4 2.15443e-05 4.42423e-12 -0
11601.6 4 3.34048e-05 4.42423e-12 -0
11601.6 4 5.17947e-05 4.42423e-12 -0
11601.6 4 8.03086e-05 4.42423e-12 -0
11601.6 4 0.00012452 4.42423e-12 -0
11601.6 4 0.00019307 4.42423e-12 -0
11601.6 4 0.000299358 4.42423e-12 -0
11601.6 4 0.000464159 4.42423e-12 -0
11601.6 4 0.000719686 4.42423e-12 -0
11601.6 4 0.00111588 4.42423e-12 -0
11601.6 4 0.0017302 4.42423e-12 -0
11601.6 4 0.0026827 4.42422e-12 -0
11601.6 4 0.00415956 4.42422e-12 -0
11601.6 4 0.00644947 4.42422e-12 -0
11601.6 4 0.01 4.42421e-12 -0
11601.6 4 0.0155052 4.4242e-12 -0
11601.6 4 0.024041 4.42418e-12 -0
11601.6 4 0.0372759 4.42416e-12 -0
11601.6 4 0.0577969 4.42413e-12 -0
11601.6 4 0.0896151 4.42409e-12 -0
11601.6 4 0.13895 4.42404e-12 -0
11601.6 4 0.215443 4.42396e-12 -0
11601.6 4 0.334048 4.42375e-12 -0
11601.6 4 0.517947 4.42318e-12 -0
11601.6 4 0.803086 4.42193e-12 -0
11601.6 4 1.2452 4.41999e-12 -0
11601.6 4 1.9307 4.41772e-12 -0
11601.6 4 2.99358 4.41541e-12 -0
11601.6 4 4.64159 4.40964e-12 -0
11601.6 4 7.19686 4.39924e-12 -0
11601.6 4 11.1588 4.38803e-12 -0
11601.6 4 17.302 4.37054e-12 -0
11601.6 4 26.827 4.34224e-12 -0
11601.6 4 41.5956 4.30431e-12 -0
11601.6 4 64.4947 4.24718e-12 -0
11601.6 4 100 4.16085e-12 -0
11601.6 4 155.052 4.0346e-12 -0
11601.6 4 240.41 3.85148e-12 -0
11601.6 4 372.759 3.59146e-12 -0
11601.6 4 577.969 3.24561e-12 -0
11601.6 4 896.151 2.81137e-12 -0
11601.6 4 1389.5 2.29855e-12 -0
11601.6 4 2154.43 1.75471e-12 -0
11601.6 4 3340.48 1.24581e-12 -0
11601.6 4 5179.47 8.22353e-13 -0
11601.6 4 8030.86 5.05352e-13 -0
11601.6 4 12452 2.90153e-13 -0
11601.6 4 19307 1.57433e-13 -0
11601.6 4 29935.8 8.19044e-14 -0
11601.6 4 46415.9 4.13829e-14 -0
11601.6 4 71968.6 2.05342e-14 -0
11601.6 4 111588 1.0096e-14 -0
11601.6 4 173020 4.9357e-15 -0
11601.6 4 268270 2.41089e-15 -0
11601.6 4 415956 1.17018e-15 -0
11601.6 4 644947 5.53697e-16 -0
11601.6 4 1e+06 2.46189e-16 -0

28288.7 4 1e-06 6.53877e-13 -0
28288.7 4 1.55052e-06 6.53877e-13 -0
28288.7 4 2.4041e-06 6.53877e-13 -0
28288.7 4 3.72759e-06 6.53877e-13 -0
28288.7 4 5.77969e-06 6.53877e-13 -0
28288.7 4 8.96151e-06 6.53877e-13 -0
28288.7 4 1.3895e-05 6.53877e-13 -0
28288.7 4 2.15443e-05 6.53877e-13 -0
28288.7 4 3.34048e-05 6.53877e-13 -0
28288.7 4 5.17947e-05 6.53877e-13 -0
28288.7 4 8.03086e-05 6.53877e-13 -0
28288.7 4 0.00012452 6.53877e-13 -0
28288.7 4 0.00019307 6.53877e-13 -0
28288.7 4 0.000299358 6.53877e-13 -0
28288.7 4 0.000464159 6.53877e-13 -0
28288.7 4 0.000719686 6.53877e-13 -0
28288.7 4 0.00111588 6.53877e-13 -0
28288.7 4 0.0017302 6.53877e-13 -0
28288.7 4 0.0026827 6.53877e-13 -0
28288.7 4 0.00415956 6.53877e-13 -0
28288.7 4 0.00644947 6.53876e-13 -0
28288.7 4 0.01 6.53876e-13 -0
28288.7 4 0.0155052 6.53875e-13 -0
28288.7 4 0.024041 6.53874e-13 -0
28288.7 4 0.0372759 6.53873e-13 -0
28288.7 4 0.0577969 6.53871e-13 -0
28288.7 4 0.0896151 6.53869e-13 -0
28288.7 4 0.13895 6.53866e-13 -0
28288.7 4 0.215443 6.53861e-13 -0
28288.7 4 0.334048 6.53848e-13 -0
28288.7 4 0.517947 6.53815e-13 -0
28288.7 4 0.803086 6.53739e-13 -0
28288.7 4 1.2452 6.53622e-13 -0
28288.7 4 1.9307 6.53486e-13 -0
28288.7 4 2.99358 6.53348e-13 -0
28288.7 4 4.64159 6.52999e-13 -0
28288.7 4 7.19686 6.52368e-13 -0
28288.7 4 11.1588 6.51688e-13 -0
28288.7 4 17.302 6.50624e-13 -0
28288.7 4 26.827 6.48888e-13 -0
28288.7 4 41.5956 6.4655e-13 -0
28288.7 4 64.4947 6.42991e-13 -0
28288.7 4 100 6.37522e-13 -0
28288.7 4 155.052 6.2932e-13 -0
28288.7 4 240.41 6.16984e-13 -0
28288.7 4 372.759 5.98493e-13 -0
28288.7 4 577.969 5.71883e-13 -0
28288.7 4 896.151 5.34711e-13 -0
28288.7 4 1389.5 4.8421e-13 -0
28288.7 4 2154.43 4.20038e-13 -0
28288.7 4 3340.48 3.45496e-13 -0
28288.7 4 5179.47 2.6684e-13 -0
28288.7 4 8030.86 1.91653e-13 -0
28288.7 4 12452 1.2707e-13 -0
28288.7 4 19307 7.79936e-14 -0
28288.7 4 29935.8 4.47898e-14 -0
28288.7 4 46415.9 2.43742e-14 -0
28288.7 4 71968.6 1.27303e-14 -0
28288.7 4 111588 6.45225e-15 -0
28288.7 4 173020 3.19543e-15 -0
28288.7 4 268270 1.55744e-15 -0
28288.7 4 415956 7.46702e-16 -0
28288.7 4 644947 3.48329e-16 -0
28288.7 4 1e+06 1.54373e-16 -0

68977.9 4 1e-06 9.59553e-14 -0
68977.9 4 1.55052e-06 9.59553e-14 -0
68977.9 4 2.4041e-06 9.59553e-14 -0
68977.9 4 3.72759e-06 9.59553e-14 -0
68977.9 4 5.77969e-06 9.59553e-14 -0
68977.9 4 8.96151e-06 9.59553e-14 -0
68977.9 4 1.3895e-05 9.59553e-14 -0
68977.9 4 2.15443e-05 9.59553e-14 -0
68977.9 4 3.34048e-05 9.59553e-14 -0
68977.9 4 5.17947e-05 9.59553e-14 -0
68977.9 4 8.03086e-05 9.59553e-14 -0
68977.9 4 0.00012452 9.59553e-14 -0
68977.9 4 0.00019307 9.59553e-14 -0
68977.9 4 0.000299358 9.59553e-14 -0
68977.9 4 0.000464159 9.59553e-14 -0
68977.9 4 0.000719686 9.59553e-14 -0
68977.9 4 0.00111588 9.59553e-14 -0
68977.9 4 0.0017302 9.59553e-14 -0
68977.9 4 0.0026827 9.59553e-14 -0
68977.9 4 0.00415956 9.59553e-14 -0
68977.9 4 0.00644947 9.59553e-14 -0
68977.9 4 0.01 9.59552e-14 -0
68977.9 4 0.0155052 9.59552e-14 -0
68977.9 4 0.024041 9.59551e-14 -0
68977.9 4 0.0372759 9.59551e-14 -0
68977.9 4 0.0577969 9.5955e-14 -0
68977.9 4 0.0896151 9.59548e-14 -0
68977.9 4 0.13895 9.59547e-14 -0
68977.9 4 0.215443 9.59544e-14 -0
68977.9 4 0.334048 9.59537e-14 -0
68977.9 4 0.517947 9.59518e-14 -0
68977.9 4 0.803086 9.59474e-14 -0
68977.9 4 1.2452 9.59405e-14 -0
68977.9 4 1.9307 9.59325e-14 -0
68977.9 4 2.99358 9.59247e-14 -0
68977.9 4 4.64159 9.59043e-14 -0
68977.9 4 7.19686 9.5867e-14 -0
68977.9 4 11.1588 9.58276e-14 -0
68977.9 4 17.302 9.57657e-14 -0
68977.9 4 26.827 9.5664e-14 -0
68977.9 4 41.5956 9.55279e-14 -0
68977.9 4 64.4947 9.532e-14 -0
68977.9 4 100 9.49979e-14 -0
68977.9 4 155.052 9.451e-14 -0
68977.9 4 240.41 9.3764e-14 -0
68977.9 4 372.759 9.26163e-14 -0
68977.9 4 577.969 9.09003e-14 -0
68977.9 4 896.151 8.83679e-14 -0
68977.9 4 1389.5 8.46456e-14 -0
68977.9 4 2154.43 7.93576e-14 -0
68977.9 4 3340.48 7.22262e-14 -0
68977.9 4 5179.47 6.3166e-14 -0
68977.9 4 8030.86 5.24037e-14 -0
68977.9 4 12452 4.0654e-14 -0
68977.9 4 19307 2.92168e-14 -0
68977.9 4 29935.8 1.94154e-14 -0
68977.9 4 46415.9 1.19811e-14 -0
68977.9 4 71968.6 6.9266e-15 -0
68977.9 4 111588 3.79086e-15 -0
68977.9 4 173020 1.98152e-15 -0
68977.9 4 268270 9.99049e-16 -0
68977.9 4 415956 4.8768e-16 -0
68977.9 4 644947 2.29465e-16 -0
68977.9 4 1e+06 1.02703e-16 -0

168192 4 1e-06 1.42408e-14 -0
168192 4 1.55052e-06 1.42408e-14 -0
168192 4 2.4041e-06 1.42408e-14 -0
168192 4 3.72759e-06 1.42408e-14 -0
168192 4 5.77969e-06 1.42408e-14 -0
168192 4 8.96151e-06 1.42408e-14 -0
168192 4 1.3895e-05 1.42408e-14 -0
168192 4 2.15443e-05 1.42408e-14 -0
168192 4 3.34048e-05 1.42408e-14 -0
168192 4 5.17947e-05 1.42408e-14 -0
168192 4 8.03086e-05 1.42408e-14 -0
168192 4 0.00012452 1.42408e-14 -0
168192 4 0.00019307 1.42408e-14 -0
168192 4 0.000299358 1.42408e-14 -0
168192 4 0.000464159 1.42408e-14 -0
168192 4 0.000719686 1.42408e-14 -0
168192 4 0.00111588 1.42408e-14 -0
168192 4 0.0017302 1.42408e-14 -0
168192 4 0.0026827 1.42408e-14 -0
168192 4 0.00415956 1.42408e-14 -0
168192 4 0.00644947 1.42408e-14 -0
168192 4 0.01 1.42408e-14 -0
168192 4 0.0155052 1.42408e-14 -0
168192 4 0.024041 1.42408e-14 -0
168192 4 0.0372759 1.42408e-14 -0
168192 4 0.0577969 1.42408e-14 -0
168192 4 0.0896151 1.42408e-14 -0
168192 4 0.13895 1.42408e-14 -0
168192 4 0.215443 1.42408e-14 -0
168192 4 0.334048 1.42407e-14 -0
168192 4 0.517947 1.42406e-14 -0
168192 4 0.803086 1.42403e-14 -0
168192 4 1.2452 1.42399e-14 -0
168192 4 1.9307 1.42394e-14 -0
168192 4 2.99358 1.4239e-14 -0
168192 4 4.64159 1.42377e-14 -0
168192 4 7.19686 1.42354e-14 -0
168192 4 11.1588 1.4233e-14 -0
168192 4 17.302 1.42293e-14 -0
168192 4 26.827 1.4223e-14 -0
168192 4 41.5956 1.42148e-14 -0
168192 4 64.4947 1.42021e-14 -0
168192 4 100 1.41824e-14 -0
168192 4 155.052 1.41525e-14 -0
168192 4 240.41 1.41064e-14 -0
168192 4 372.759 1.40348e-14 -0
168192 4 577.969 1.39261e-14 -0
168192 4 896.151 1.3762e-14 -0
168192 4 1389.5 1.35124e-14 -0
168192 4 2154.43 1.31393e-14 -0
168192 4 3340.48 1.25971e-14 -0
168192 4 5179.47 1.1834e-14 -0
168192 4 8030.86 1.07976e-14 -0
168192 4 12452 9.45572e-15 -0
168192 4 19307 7.84784e-15 -0
168192 4 29935.8 6.10431e-15 -0
168192 4 46415.9 4.41408e-15 -0
168192 4 71968.6 2.95755e-15 -0
168192 4 111588 1.83827e-15 -0
168192 4 173020 1.06476e-15 -0
168192 4 268270 5.80357e-16 -0
168192 4 415956 2.9951e-16 -0
168192 4 644947 1.46371e-16 -0
168192 4 1e+06 6.73712e-17 -0

410113 4 1e-06 2.18705e-15 -0
410113 4 1.55052e-06 2.18705e-15 -0
410113 4 2.4041e-06 2.18705e-15 -0
410113 4 3.72759e-06 2.18705e-15 -0
410113 4 5.77969e-06 2.18705e-15 -0
410113 4 8.96151e-06 2.18705e-15 -0
410113 4 1.3895e-05 2.18705e-15 -0
410113 4 2.15443e-05 2.18705e-15 -0
410113 4 3.34048e-05 2.18705e-15 -0
410113 4 5.17947e-05 2.18705e-15 -0
410113 4 8.03086e-05 2.18705e-15 -0
410113 4 0.00012452 2.18705e-15 -0
410113 4 0.00019307 2.18705e-15 -0
410113 4 0.000299358 2.18705e-15 -0
410113 4 0.000464159 2.18705e-15 -0
410113 4 0.000719686 2.18705e-15 -0
410113 4 0.00111588 2.18705e-15 -0
410113 4 0.0017302 2.18705e-15 -0
410113 4 0.0026827 2.18705e-15 -0
410113 4 0.00415956 2.18705e-15 -0
410113 4 0.00644947 2.18705e-15 -0
410113 4 0.01 2.18705e-15 -0
410113 4 0.0155052 2.18705e-15 -0
410113 4 0.024041 2.18705e-15 -0
410113 4 0.0372759 2.18705e-15 -0
410113 4 0.0577969 2.18705e-15 -0
410113 4 0.0896151 2.18705e-15 -0
410113 4 0.13895 2.18705e-15 -0
410113 4 0.215443 2.18705e-15 -0
410113 4 0.334048 2.18705e-15 -0
410113 4 0.517947 2.18704e-15 -0
410113 4 0.803086 2.18702e-15 -0
410113 4 1.2452 2.187e-15 -0
410113 4 1.9307 2.18697e-15 -0
410113 4 2.99358 2.18694e-15 -0
410113 4 4.64159 2.18686e-15 -0
410113 4 7.19686 2.18671e-15 -0
410113 4 11.1588 2.18656e-15 -0
410113 4 17.302 2.18633e-15 -0
410113 4 26.827 2.18594e-15 -0
410113 4 41.5956 2.18542e-15 -0
410113 4 64.4947 2.18462e-15 -0
410113 4 100 2.18339e-15 -0
410113 4 155.052 2.18151e-15 -0
410113 4 240.41 2.17861e-15 -0
410113 4 372.759 2.17408e-15 -0
410113 4 577.969 2.16716e-15 -0
410113 4 896.151 2.15661e-15 -0
410113 4 1389.5 2.14033e-15 -0
410113 4 2154.43 2.11543e-15 -0
410113 4 3340.48 2.07796e-15 -0
410113 4 5179.47 2.02249e-15 -0
410113 4 8030.86 1.94162e-15 -0
410113 4 12452 1.82608e-15 -0
410113 4 19307 1.66768e-15 -0
410113 4 29935.8 1.46312e-15 -0
410113 4 46415.9 1.21815e-15 -0
410113 4 71968.6 9.5058e-16 -0
410113 4 111588 6.87633e-16 -0
410113 4 173020 4.58092e-16 -0
410113 4 268270 2.81499e-16 -0
410113 4 415956 1.59846e-16 -0
410113 4 644947 8.38759e-17 -0
410113 4 1e+06 4.06254e-17 -0

1e+06 4 1e-06 3.22575e-16 -0
1e+06 4 1.55052e-06 3.22575e-16 -0
1e+06 4 2.4041e-06 3.22575e-16 -0
1e+06 4 3.72759e-06 3.22575e-16 -0
1e+06 4 5.77969e-06 3.22575e-16 -0
1e+06 4 8.96151e-06 3.22575e-16 -0
1e+06 4 1.3895e-05 3.22575e-16 -0
1e+06 4 2.15443e-05 3.22575e-16 -0
1e+06 4 3.34048e-05 3.22575e-16 -0
1e+06 4 5.17947e-05 3.22575e-16 -0
1e+06 4 8.03086e-05 3.22575e-16 -0
1e+06 4 0.00012452 3.22575e-16 -0
1e+06 4 0.00019307 3.22575e-16 -0
1e+06 4 0.000299358 3.22575e-16 -0
1e+06 4 0.000464159 3.22575e-16 -0
1e+06 4 0.000719686 3.22575e-16 -0
1e+06 4 0.00111588 3.22575e-16 -0
1e+06 4 0.0017302 3.22575e-16 -0
1e+06 4 0.0026827 3.22575e-16 -0
1e+06 4 0.00415956 3.22575e-16 -0
1e+06 4 0.00644947 3.22575e-16 -0
1e+06 4 0.01 3.22575e-16 -0
1e+06 4 0.0155052 3.22575e-16 -0
1e+06 4 0.024041 3.22575e-16 -0
1e+06 4 0.0372759 3.22575e-16 -0
1e+06 4 0.0577969 3.22575e-16 -0
1e+06 4 0.0896151 3.22575e-16 -0
1e+06 4 0.13895 3.22575e-16 -0
1e+06 4 0.215443 3.22575e-16 -0
1e+06 4 0.334048 3.22575e-16 -0
1e+06 4 0.517947 3.22574e-16 -0
1e+06 4 0.803086 3.22573e-16 -0
1e+06 4 1.2452 3.22572e-16 -0
1e+06 4 1.9307 3.2257e-16 -0
1e+06 4 2.99358 3.22568e-16 -0
1e+06 4 4.64159 3.22563e-16 -0
1e+06 4 7.19686 3.22554e-16 -0
1e+06 4 11.1588 3.22544e-16 -0
1e+06 4 17.302 3.22529e-16 -0
1e+06 4 26.827 3.22505e-16 -0
1e+06 4 41.5956 3.22472e-16 -0
1e+06 4 64.4947 3.22422e-16 -0
1e+06 4 100 3.22344e-16 -0
1e+06 4 155.052 3.22226e-16 -0
1e+06 4 240.41 3.22043e-16 -0
1e+06 4 372.759 3.21757e-16 -0
1e+06 4 577.969 3.21318e-16 -0
1e+06 4 896.151 3.20648e-16 -0
1e+06 4 1389.5 3.19607e-16 -0
1e+06 4 2154.43 3.17998e-16 -0
1e+06 4 3340.48 3.15543e-16 -0
1e+06 4 5179.47 3.11827e-16 -0
1e+06 4 8030.86 3.06234e-16 -0
1e+06 4 12452 2.97864e-16 -0
1e+06 4 19307 2.8558e-16 -0
1e+06 4 29935.8 2.68106e-16 -0
1e+06 4 46415.9 2.44259e-16 -0
1e+06 4 71968.6 2.13475e-16 -0
1e+06 4 111588 1.76483e-16 -0
1e+06 4 173020 1.36026e-16 -0
1e+06 4 268270 9.66309e-17 -0
1e+06 4 415956 6.25564e-17 -0
1e+06 4 644947 3.65645e-17 -0
1e+06 4 1e+06 1.92143e-17 -0

