#q_sq i k_sq Re(fg) Im(fg)
1e-06 9 1e-06 -0.598183 0
1e-06 9 1.55052e-06 -0.598181 0
1e-06 9 2.4041e-06 -0.598177 0
1e-06 9 3.72759e-06 -0.59817 0
1e-06 9 5.77969e-06 -0.598161 0
1e-06 9 8.96151e-06 -0.598146 0
1e-06 9 1.3895e-05 -0.598122 0
1e-06 9 2.15443e-05 -0.598086 0
1e-06 9 3.34048e-05 -0.59803 0
1e-06 9 5.17947e-05 -0.597943 0
1e-06 9 8.03086e-05 -0.597808 0
1e-06 9 0.00012452 -0.597598 0
1e-06 9 0.00019307 -0.597274 0
1e-06 9 0.000299358 -0.596771 0
1e-06 9 0.000464159 -0.595991 0
1e-06 9 0.000719686 -0.594782 0
1e-06 9 0.00111588 -0.592912 0
1e-06 9 0.0017302 -0.590018 0
1e-06 9 0.0026827 -0.585542 0
1e-06 9 0.00415956 -0.578637 0
1e-06 9 0.00644947 -0.568016 0
1e-06 9 0.01 -0.551739 0
1e-06 9 0.0155052 -0.526958 0
1e-06 9 0.024041 -0.489647 0
1e-06 9 0.0372759 -0.434356 0
1e-06 9 0.0577969 -0.354487 0
1e-06 9 0.0896151 -0.243858 0
1e-06 9 0.13895 -0.100615 0
1e-06 9 0.215443 0.0646992 0
1e-06 9 0.334048 0.219323 0
1e-06 9 0.517947 0.310093 0
1e-06 9 0.803086 0.301508 0
1e-06 9 1.2452 0.229448 0
1e-06 9 1.9307 0.149141 0
1e-06 9 2.99358 0.0796075 0
1e-06 9 4.64159 0.03471 0
1e-06 9 7.19686 0.0112594 0
1e-06 9 11.1588 0.00451605 0
1e-06 9 17.302 0.00126318 0
1e-06 9 26.827 0.000276008 0
1e-06 9 41.5956 0.00012171 0
1e-06 9 64.4947 5.71272e-05 0
1e-06 9 100 2.55294e-05 0
1e-06 9 155.052 1.36415e-05 0
1e-06 9 240.41 6.23736e-06 0
1e-06 9 372.759 1.85977e-06 0
1e-06 9 577.969 8.10127e-07 0
1e-06 9 896.151 4.6073e-07 0
1e-06 9 1389.5 1.20119e-09 0
1e-06 9 2154.43 -1.94193e-07 0
1e-06 9 3340.48 -1.76251e-07 0
1e-06 9 5179.47 -1.06428e-07 0
1e-06 9 8030.86 -6.56873e-08 0
1e-06 9 12452 -5.24816e-08 0
1e-06 9 19307 -4.24025e-08 0
1e-06 9 29935.8 -3.13513e-08 0
1e-06 9 46415.9 -2.191e-08 0
1e-06 9 71968.6 -1.51211e-08 0
1e-06 9 111588 -1.13513e-08 0
1e-06 9 173020 -8.97819e-09 0
1e-06 9 268270 -7.11055e-09 0
1e-06 9 415956 -5.76294e-09 0
1e-06 9 644947 -4.68856e-09 0
1e-06 9 1e+06 -3.4409e-09 0

2.43835e-06 9 1e-06 -0.598181 0
2.43835e-06 9 1.55052e-06 -0.598179 0
2.43835e-06 9 2.4041e-06 -0.598175 0
2.43835e-06 9 3.72759e-06 -0.598168 0
2.43835e-06 9 5.77969e-06 -0.598159 0
2.43835e-06 9 8.96151e-06 -0.598144 0
2.43835e-06 9 1.3895e-05 -0.59812 0
2.43835e-06 9 2.15443e-05 -0.598084 0
2.43835e-06 9 3.34048e-05 -0.598028 0
2.43835e-06 9 5.17947e-05 -0.597941 0
2.43835e-06 9 8.03086e-05 -0.597806 0
2.43835e-06 9 0.00012452 -0.597597 0
2.43835e-06 9 0.00019307 -0.597272 0
2.43835e-06 9 0.000299358 -0.596769 0
2.43835e-06 9 0.000464159 -0.595989 0
2.43835e-06 9 0.000719686 -0.59478 0
2.43835e-06 9 0.00111588 -0.59291 0
2.43835e-06 9 0.0017302 -0.590016 0
2.43835e-06 9 0.0026827 -0.58554 0
2.43835e-06 9 0.00415956 -0.578635 0
2.43835e-06 9 0.00644947 -0.568014 0
2.43835e-06 9 0.01 -0.551737 0
2.43835e-06 9 0.0155052 -0.526956 0
2.43835e-06 9 0.024041 -0.489645 0
2.43835e-06 9 0.0372759 -0.434355 0
2.43835e-06 9 0.0577969 -0.354485 0
2.43835e-06 9 0.0896151 -0.243857 0
2.43835e-06 9 0.13895 -0.100615 0
2.43835e-06 9 0.215443 0.0646997 0
2.43835e-06 9 0.334048 0.219323 0
2.43835e-06 9 0.517947 0.310093 0
2.43835e-06 9 0.803086 0.301508 0
2.43835e-06 9 1.2452 0.229448 0
2.43835e-06 9 1.9307 0.149141 0
2.43835e-06 9 2.99358 0.0796075 0
2.43835e-06 9 4.64159 0.03471 0
2.43835e-06 9 7.19686 0.0112594 0
2.43835e-06 9 11.1588 0.00451605 0
2.43835e-06 9 17.302 0.00126318 0
2.43835e-06 9 26.827 0.000276008 0
2.43835e-06 9 41.5956 0.00012171 0
2.43835e-06 9 64.4947 5.71272e-05 0
2.43835e-06 9 100 2.55294e-05 0
2.43835e-06 9 155.052 1.36415e-05 0
2.43835e-06 9 240.41 6.23736e-06 0
2.43835e-06 9 372.759 1.85977e-06 0
2.43835e-06 9 577.969 8.10127e-07 0
2.43835e-06 9 896.151 4.6073e-07 0
2.43835e-06 9 1389.5 1.20119e-09 0
2.43835e-06 9 2154.43 -1.94193e-07 0
2.43835e-06 9 3340.48 -1.76251e-07 0
2.43835e-06 9 5179.47 -1.06428e-07 0
2.43835e-06 9 8030.86 -6.56873e-08 0
2.43835e-06 9 12452 -5.24816e-08 0
2.43835e-06 9 19307 -4.24025e-08 0
2.43835e-06 9 29935.8 -3.13513e-08 0
2.43835e-06 9 46415.9 -2.191e-08 0
2.43835e-06 9 71968.6 -1.51211e-08 0
2.43835e-06 9 111588 -1.13513e-08 0
2.43835e-06 9 173020 -8.97819e-09 0
2.43835e-06 9 268270 -7.11055e-09 0
2.43835e-06 9 415956 -5.76294e-09 0
2.43835e-06 9 644947 -4.68856e-09 0
2.43835e-06 9 1e+06 -3.4409e-09 0

5.94557e-06 9 1e-06 -0.598177 0
5.94557e-06 9 1.55052e-06 -0.598174 0
5.94557e-06 9 2.4041e-06 -0.59817 0
5.94557e-06 9 3.72759e-06 -0.598164 0
5.94557e-06 9 5.77969e-06 -0.598154 0
5.94557e-06 9 8.96151e-06 -0.598139 0
5.94557e-06 9 1.3895e-05 -0.598116 0
5.94557e-06 9 2.15443e-05 -0.59808 0
5.94557e-06 9 3.34048e-05 -0.598024 0
5.94557e-06 9 5.17947e-05 -0.597937 0
5.94557e-06 9 8.03086e-05 -0.597802 0
5.94557e-06 9 0.00012452 -0.597592 0
5.94557e-06 9 0.00019307 -0.597268 0
5.94557e-06 9 0.000299358 -0.596765 0
5.94557e-06 9 0.000464159 -0.595985 0
5.94557e-06 9 0.000719686 -0.594776 0
5.94557e-06 9 0.00111588 -0.592906 0
5.94557e-06 9 0.0017302 -0.590012 0
5.94557e-06 9 0.0026827 -0.585536 0
5.94557e-06 9 0.00415956 -0.578631 0
5.94557e-06 9 0.00644947 -0.56801 0
5.94557e-06 9 0.01 -0.551733 0
5.94557e-06 9 0.0155052 -0.526952 0
5.94557e-06 9 0.024041 -0.489642 0
5.94557e-06 9 0.0372759 -0.434351 0
5.94557e-06 9 0.0577969 -0.354482 0
5.94557e-06 9 0.0896151 -0.243855 0
5.94557e-06 9 0.13895 -0.100613 0
5.94557e-06 9 0.215443 0.0647009 0
5.94557e-06 9 0.334048 0.219324 0
5.94557e-06 9 0.517947 0.310093 0
5.94557e-06 9 0.803086 0.301508 0
5.94557e-06 9 1.2452 0.229447 0
5.94557e-06 9 1.9307 0.149141 0
5.94557e-06 9 2.99358 0.0796074 0
5.94557e-06 9 4.64159 0.03471 0
5.94557e-06 9 7.19686 0.0112594 0
5.94557e-06 9 11.1588 0.00451605 0
5.94557e-06 9 17.302 0.00126318 0
5.94557e-06 9 26.827 0.000276008 0
5.94557e-06 9 41.5956 0.00012171 0
5.94557e-06 9 64.4947 5.71272e-05 0
5.94557e-06 9 100 2.55294e-05 0
5.94557e-06 9 155.052 1.36415e-05 0
5.94557e-06 9 240.41 6.23736e-06 0
5.94557e-06 9 372.759 1.85977e-06 0
5.94557e-06 9 577.969 8.10127e-07 0
5.94557e-06 9 896.151 4.6073e-07 0
5.94557e-06 9 1389.5 1.20118e-09 0
5.94557e-06 9 2154.43 -1.94193e-07 0
5.94557e-06 9 3340.48 -1.76251e-07 0
5.94557e-06 9 5179.47 -1.06428e-07 0
5.94557e-06 9 8030.86 -6.56873e-08 0
5.94557e-06 9 12452 -5.24816e-08 0
5.94557e-06 9 19307 -4.24025e-08 0
5.94557e-06 9 29935.8 -3.13513e-08 0
5.94557e-06 9 46415.9 -2.191e-08 0
5.94557e-06 9 71968.6 -1.51211e-08 0
5.94557e-06 9 111588 -1.13513e-08 0
5.94557e-06 9 173020 -8.97819e-09 0
5.94557e-06 9 268270 -7.11055e-09 0
5.94557e-06 9 415956 -5.76294e-09 0
5.94557e-06 9 644947 -4.68856e-09 0
5.94557e-06 9 1e+06 -3.4409e-09 0

1.44974e-05 9 1e-06 -0.598167 0
1.44974e-05 9 1.55052e-06 -0.598165 0
1.44974e-05 9 2.4041e-06 -0.598161 0
1.44974e-05 9 3.72759e-06 -0.598155 0
1.44974e-05 9 5.77969e-06 -0.598145 0
1.44974e-05 9 8.96151e-06 -0.59813 0
1.44974e-05 9 1.3895e-05 -0.598106 0
1.44974e-05 9 2.15443e-05 -0.59807 0
1.44974e-05 9 3.34048e-05 -0.598014 0
1.44974e-05 9 5.17947e-05 -0.597927 0
1.44974e-05 9 8.03086e-05 -0.597792 0
1.44974e-05 9 0.00012452 -0.597583 0
1.44974e-05 9 0.00019307 -0.597258 0
1.44974e-05 9 0.000299358 -0.596755 0
1.44974e-05 9 0.000464159 -0.595975 0
1.44974e-05 9 0.000719686 -0.594767 0
1.44974e-05 9 0.00111588 -0.592896 0
1.44974e-05 9 0.0017302 -0.590002 0
1.44974e-05 9 0.0026827 -0.585527 0
1.44974e-05 9 0.00415956 -0.578621 0
1.44974e-05 9 0.00644947 -0.568 0
1.44974e-05 9 0.01 -0.551724 0
1.44974e-05 9 0.0155052 -0.526943 0
1.44974e-05 9 0.024041 -0.489633 0
1.44974e-05 9 0.0372759 -0.434343 0
1.44974e-05 9 0.0577969 -0.354475 0
1.44974e-05 9 0.0896151 -0.243849 0
1.44974e-05 9 0.13895 -0.100608 0
1.44974e-05 9 0.215443 0.0647035 0
1.44974e-05 9 0.334048 0.219325 0
1.44974e-05 9 0.517947 0.310093 0
1.44974e-05 9 0.803086 0.301508 0
1.44974e-05 9 1.2452 0.229447 0
1.44974e-05 9 1.9307 0.14914 0
1.44974e-05 9 2.99358 0.0796074 0
1.44974e-05 9 4.64159 0.03471 0
1.44974e-05 9 7.19686 0.0112593 0
1.44974e-05 9 11.1588 0.00451605 0
1.44974e-05 9 17.302 0.00126318 0
1.44974e-05 9 26.827 0.000276008 0
1.44974e-05 9 41.5956 0.00012171 0
1.44974e-05 9 64.4947 5.71272e-05 0
1.44974e-05 9 100 2.55294e-05 0
1.44974e-05 9 155.052 1.36415e-05 0
1.44974e-05 9 240.41 6.23736e-06 0
1.44974e-05 9 372.759 1.85977e-06 0
1.44974e-05 9 577.969 8.10127e-07 0
1.44974e-05 9 896.151 4.6073e-07 0
1.44974e-05 9 1389.5 1.20117e-09 0
1.44974e-05 9 2154.43 -1.94193e-07 0
1.44974e-05 9 3340.48 -1.76251e-07 0
1.44974e-05 9 5179.47 -1.06428e-07 0
1.44974e-05 9 8030.86 -6.56873e-08 0
1.44974e-05 9 12452 -5.24816e-08 0
1.44974e-05 9 19307 -4.24025e-08 0
1.44974e-05 9 29935.8 -3.13513e-08 0
1.44974e-05 9 46415.9 -2.191e-08 0
1.44974e-05 9 71968.6 -1.51211e-08 0
1.44974e-05 9 111588 -1.13513e-08 0
1.44974e-05 9 173020 -8.97819e-09 0
1.44974e-05 9 268270 -7.11055e-09 0
1.44974e-05 9 415956 -5.76294e-09 0
1.44974e-05 9 644947 -4.68856e-09 0
1.44974e-05 9 1e+06 -3.4409e-09 0

3.53498e-05 9 1e-06 -0.598142 0
3.53498e-05 9 1.55052e-06 -0.59814 0
3.53498e-05 9 2.4041e-06 -0.598136 0
3.53498e-05 9 3.72759e-06 -0.59813 0
3.53498e-05 9 5.77969e-06 -0.59812 0
3.53498e-05 9 8.96151e-06 -0.598105 0
3.53498e-05 9 1.3895e-05 -0.598081 0
3.53498e-05 9 2.15443e-05 -0.598045 0
3.53498e-05 9 3.34048e-05 -0.597989 0
3.53498e-05 9 5.17947e-05 -0.597902 0
3.53498e-05 9 8.03086e-05 -0.597767 0
3.53498e-05 9 0.00012452 -0.597558 0
3.53498e-05 9 0.00019307 -0.597233 0
3.53498e-05 9 0.000299358 -0.59673 0
3.53498e-05 9 0.000464159 -0.59595 0
3.53498e-05 9 0.000719686 -0.594742 0
3.53498e-05 9 0.00111588 -0.592872 0
3.53498e-05 9 0.0017302 -0.589978 0
3.53498e-05 9 0.0026827 -0.585502 0
3.53498e-05 9 0.00415956 -0.578597 0
3.53498e-05 9 0.00644947 -0.567976 0
3.53498e-05 9 0.01 -0.5517 0
3.53498e-05 9 0.0155052 -0.52692 0
3.53498e-05 9 0.024041 -0.489611 0
3.53498e-05 9 0.0372759 -0.434323 0
3.53498e-05 9 0.0577969 -0.354457 0
3.53498e-05 9 0.0896151 -0.243834 0
3.53498e-05 9 0.13895 -0.100597 0
3.53498e-05 9 0.215443 0.0647106 0
3.53498e-05 9 0.334048 0.219328 0
3.53498e-05 9 0.517947 0.310094 0
3.53498e-05 9 0.803086 0.301508 0
3.53498e-05 9 1.2452 0.229447 0
3.53498e-05 9 1.9307 0.14914 0
3.53498e-05 9 2.99358 0.0796072 0
3.53498e-05 9 4.64159 0.0347099 0
3.53498e-05 9 7.19686 0.0112593 0
3.53498e-05 9 11.1588 0.00451604 0
3.53498e-05 9 17.302 0.00126318 0
3.53498e-05 9 26.827 0.000276008 0
3.53498e-05 9 41.5956 0.00012171 0
3.53498e-05 9 64.4947 5.71271e-05 0
3.53498e-05 9 100 2.55293e-05 0
3.53498e-05 9 155.052 1.36415e-05 0
3.53498e-05 9 240.41 6.23736e-06 0
3.53498e-05 9 372.759 1.85976e-06 0
3.53498e-05 9 577.969 8.10126e-07 0
3.53498e-05 9 896.151 4.6073e-07 0
3.53498e-05 9 1389.5 1.20114e-09 0
3.53498e-05 9 2154.43 -1.94193e-07 0
3.53498e-05 9 3340.48 -1.76251e-07 0
3.53498e-05 9 5179.47 -1.06428e-07 0
3.53498e-05 9 8030.86 -6.56873e-08 0
3.53498e-05 9 12452 -5.24816e-08 0
3.53498e-05 9 19307 -4.24025e-08 0
3.53498e-05 9 29935.8 -3.13513e-08 0
3.53498e-05 9 46415.9 -2.191e-08 0
3.53498e-05 9 71968.6 -1.51211e-08 0
3.53498e-05 9 111588 -1.13513e-08 0
3.53498e-05 9 173020 -8.97819e-09 0
3.53498e-05 9 268270 -7.11055e-09 0
3.53498e-05 9 415956 -5.76294e-09 0
3.53498e-05 9 644947 -4.68856e-09 0
3.53498e-05 9 1e+06 -3.4409e-09 0

8.61954e-05 9 1e-06 -0.598089 0
8.61954e-05 9 1.55052e-06 -0.598086 0
8.61954e-05 9 2.4041e-06 -0.598082 0
8.61954e-05 9 3.72759e-06 -0.598076 0
8.61954e-05 9 5.77969e-06 -0.598066 0
8.61954e-05 9 8.96151e-06 -0.598051 0
8.61954e-05 9 1.3895e-05 -0.598028 0
8.61954e-05 9 2.15443e-05 -0.597992 0
8.61954e-05 9 3.34048e-05 -0.597935 0
8.61954e-05 9 5.17947e-05 -0.597848 0
8.61954e-05 9 8.03086e-05 -0.597713 0
8.61954e-05 9 0.00012452 -0.597504 0
8.61954e-05 9 0.00019307 -0.59718 0
8.61954e-05 9 0.000299358 -0.596677 0
8.61954e-05 9 0.000464159 -0.595897 0
8.61954e-05 9 0.000719686 -0.594688 0
8.61954e-05 9 0.00111588 -0.592818 0
8.61954e-05 9 0.0017302 -0.589925 0
8.61954e-05 9 0.0026827 -0.585449 0
8.61954e-05 9 0.00415956 -0.578544 0
8.61954e-05 9 0.00644947 -0.567924 0
8.61954e-05 9 0.01 -0.551649 0
8.61954e-05 9 0.0155052 -0.526871 0
8.61954e-05 9 0.024041 -0.489564 0
8.61954e-05 9 0.0372759 -0.434279 0
8.61954e-05 9 0.0577969 -0.354418 0
8.61954e-05 9 0.0896151 -0.243801 0
8.61954e-05 9 0.13895 -0.100572 0
8.61954e-05 9 0.215443 0.0647263 0
8.61954e-05 9 0.334048 0.219335 0
8.61954e-05 9 0.517947 0.310095 0
8.61954e-05 9 0.803086 0.301507 0
8.61954e-05 9 1.2452 0.229446 0
8.61954e-05 9 1.9307 0.149139 0
8.61954e-05 9 2.99358 0.0796067 0
8.61954e-05 9 4.64159 0.0347098 0
8.61954e-05 9 7.19686 0.0112593 0
8.61954e-05 9 11.1588 0.00451603 0
8.61954e-05 9 17.302 0.00126318 0
8.61954e-05 9 26.827 0.000276007 0
8.61954e-05 9 41.5956 0.00012171 0
8.61954e-05 9 64.4947 5.71271e-05 0
8.61954e-05 9 100 2.55293e-05 0
8.61954e-05 9 155.052 1.36415e-05 0
8.61954e-05 9 240.41 6.23736e-06 0
8.61954e-05 9 372.759 1.85976e-06 0
8.61954e-05 9 577.969 8.10126e-07 0
8.61954e-05 9 896.151 4.6073e-07 0
8.61954e-05 9 1389.5 1.20106e-09 0
8.61954e-05 9 2154.43 -1.94193e-07 0
8.61954e-05 9 3340.48 -1.76251e-07 0
8.61954e-05 9 5179.47 -1.06428e-07 0
8.61954e-05 9 8030.86 -6.56873e-08 0
8.61954e-05 9 12452 -5.24816e-08 0
8.61954e-05 9 19307 -4.24025e-08 0
8.61954e-05 9 29935.8 -3.13513e-08 0
8.61954e-05 9 46415.9 -2.191e-08 0
8.61954e-05 9 71968.6 -1.51211e-08 0
8.61954e-05 9 111588 -1.13513e-08 0
8.61954e-05 9 173020 -8.97819e-09 0
8.61954e-05 9 268270 -7.11055e-09 0
8.61954e-05 9 415956 -5.76294e-09 0
8.61954e-05 9 644947 -4.68856e-09 0
8.61954e-05 9 1e+06 -3.4409e-09 0

0.000210175 9 1e-06 -0.598009 0
0.000210175 9 1.55052e-06 -0.598007 0
0.000210175 9 2.4041e-06 -0.598003 0
0.000210175 9 3.72759e-06 -0.597997 0
0.000210175 9 5.77969e-06 -0.597987 0
0.000210175 9 8.96151e-06 -0.597972 0
0.000210175 9 1.3895e-05 -0.597948 0
0.000210175 9 2.15443e-05 -0.597912 0
0.000210175 9 3.34048e-05 -0.597856 0
0.000210175 9 5.17947e-05 -0.597769 0
0.000210175 9 8.03086e-05 -0.597634 0
0.000210175 9 0.00012452 -0.597425 0
0.000210175 9 0.00019307 -0.5971 0
0.000210175 9 0.000299358 -0.596597 0
0.000210175 9 0.000464159 -0.595817 0
0.000210175 9 0.000719686 -0.594609 0
0.000210175 9 0.00111588 -0.592739 0
0.000210175 9 0.0017302 -0.589846 0
0.000210175 9 0.0026827 -0.585371 0
0.000210175 9 0.00415956 -0.578466 0
0.000210175 9 0.00644947 -0.567847 0
0.000210175 9 0.01 -0.551573 0
0.000210175 9 0.0155052 -0.526797 0
0.000210175 9 0.024041 -0.489493 0
0.000210175 9 0.0372759 -0.434212 0
0.000210175 9 0.0577969 -0.354357 0
0.000210175 9 0.0896151 -0.243748 0
0.000210175 9 0.13895 -0.100531 0
0.000210175 9 0.215443 0.0647549 0
0.000210175 9 0.334048 0.21935 0
0.000210175 9 0.517947 0.3101 0
0.000210175 9 0.803086 0.301506 0
0.000210175 9 1.2452 0.229443 0
0.000210175 9 1.9307 0.149137 0
0.000210175 9 2.99358 0.0796057 0
0.000210175 9 4.64159 0.0347094 0
0.000210175 9 7.19686 0.0112592 0
0.000210175 9 11.1588 0.00451601 0
0.000210175 9 17.302 0.00126317 0
0.000210175 9 26.827 0.000276006 0
0.000210175 9 41.5956 0.000121709 0
0.000210175 9 64.4947 5.71269e-05 0
0.000210175 9 100 2.55293e-05 0
0.000210175 9 155.052 1.36414e-05 0
0.000210175 9 240.41 6.23735e-06 0
0.000210175 9 372.759 1.85976e-06 0
0.000210175 9 577.969 8.10125e-07 0
0.000210175 9 896.151 4.60729e-07 0
0.000210175 9 1389.5 1.20085e-09 0
0.000210175 9 2154.43 -1.94193e-07 0
0.000210175 9 3340.48 -1.76251e-07 0
0.000210175 9 5179.47 -1.06428e-07 0
0.000210175 9 8030.86 -6.56873e-08 0
0.000210175 9 12452 -5.24816e-08 0
0.000210175 9 19307 -4.24025e-08 0
0.000210175 9 29935.8 -3.13513e-08 0
0.000210175 9 46415.9 -2.191e-08 0
0.000210175 9 71968.6 -1.51211e-08 0
0.000210175 9 111588 -1.13513e-08 0
0.000210175 9 173020 -8.97819e-09 0
0.000210175 9 268270 -7.11055e-09 0
0.000210175 9 415956 -5.76294e-09 0
0.000210175 9 644947 -4.68856e-09 0
0.000210175 9 1e+06 -3.4409e-09 0

0.000512481 9 1e-06 -0.597811 0
0.000512481 9 1.55052e-06 -0.597808 0
0.000512481 9 2.4041e-06 -0.597804 0
0.000512481 9 3.72759e-06 -0.597798 0
0.000512481 9 5.77969e-06 -0.597788 0
0.000512481 9 8.96151e-06 -0.597773 0
0.000512481 9 1.3895e-05 -0.59775 0
0.000512481 9 2.15443e-05 -0.597714 0
0.000512481 9 3.34048e-05 -0.597658 0
0.000512481 9 5.17947e-05 -0.597571 0
0.000512481 9 8.03086e-05 -0.597436 0
0.000512481 9 0.00012452 -0.597226 0
0.000512481 9 0.00019307 -0.596902 0
0.000512481 9 0.000299358 -0.596399 0
0.000512481 9 0.000464159 -0.595619 0
0.000512481 9 0.000719686 -0.594411 0
0.000512481 9 0.00111588 -0.592542 0
0.000512481 9 0.0017302 -0.589649 0
0.000512481 9 0.0026827 -0.585175 0
0.000512481 9 0.00415956 -0.578272 0
0.000512481 9 0.00644947 -0.567655 0
0.000512481 9 0.01 -0.551384 0
0.000512481 9 0.0155052 -0.526612 0
0.000512481 9 0.024041 -0.489316 0
0.000512481 9 0.0372759 -0.434046 0
0.000512481 9 0.0577969 -0.354206 0
0.000512481 9 0.0896151 -0.24362 0
0.000512481 9 0.13895 -0.10043 0
0.000512481 9 0.215443 0.0648223 0
0.000512481 9 0.334048 0.219384 0
0.000512481 9 0.517947 0.310108 0
0.000512481 9 0.803086 0.301502 0
0.000512481 9 1.2452 0.229436 0
0.000512481 9 1.9307 0.149131 0
0.000512481 9 2.99358 0.079603 0
0.000512481 9 4.64159 0.0347085 0
0.000512481 9 7.19686 0.011259 0
0.000512481 9 11.1588 0.00451595 0
0.000512481 9 17.302 0.00126316 0
0.000512481 9 26.827 0.000276003 0
0.000512481 9 41.5956 0.000121708 0
0.000512481 9 64.4947 5.71266e-05 0
0.000512481 9 100 2.55291e-05 0
0.000512481 9 155.052 1.36414e-05 0
0.000512481 9 240.41 6.23732e-06 0
0.000512481 9 372.759 1.85975e-06 0
0.000512481 9 577.969 8.10121e-07 0
0.000512481 9 896.151 4.60728e-07 0
0.000512481 9 1389.5 1.20032e-09 0
0.000512481 9 2154.43 -1.94193e-07 0
0.000512481 9 3340.48 -1.76251e-07 0
0.000512481 9 5179.47 -1.06428e-07 0
0.000512481 9 8030.86 -6.56873e-08 0
0.000512481 9 12452 -5.24816e-08 0
0.000512481 9 19307 -4.24025e-08 0
0.000512481 9 29935.8 -3.13513e-08 0
0.000512481 9 46415.9 -2.191e-08 0
0.000512481 9 71968.6 -1.51211e-08 0
0.000512481 9 111588 -1.13513e-08 0
0.000512481 9 173020 -8.97819e-09 0
0.000512481 9 268270 -7.11055e-09 0
0.000512481 9 415956 -5.76294e-09 0
0.000512481 9 644947 -4.68856e-09 0
0.000512481 9 1e+06 -3.4409e-09 0

0.00124961 9 1e-06 -0.597234 0
0.00124961 9 1.55052e-06 -0.597231 0
0.00124961 9 2.4041e-06 -0.597227 0
0.00124961 9 3.72759e-06 -0.597221 0
0.00124961 9 5.77969e-06 -0.597211 0
0.00124961 9 8.96151e-06 -0.597196 0
0.00124961 9 1.3895e-05 -0.597173 0
0.00124961 9 2.15443e-05 -0.597136 0
0.00124961 9 3.34048e-05 -0.59708 0
0.00124961 9 5.17947e-05 -0.596993 0
0.00124961 9 8.03086e-05 -0.596858 0
0.00124961 9 0.00012452 -0.596649 0
0.00124961 9 0.00019307 -0.596325 0
0.00124961 9 0.000299358 -0.595823 0
0.00124961 9 0.000464159 -0.595043 0
0.00124961 9 0.000719686 -0.593836 0
0.00124961 9 0.00111588 -0.591968 0
0.00124961 9 0.0017302 -0.589077 0
0.00124961 9 0.0026827 -0.584605 0
0.00124961 9 0.00415956 -0.577707 0
0.00124961 9 0.00644947 -0.567096 0
0.00124961 9 0.01 -0.550835 0
0.00124961 9 0.0155052 -0.526079 0
0.00124961 9 0.024041 -0.488805 0
0.00124961 9 0.0372759 -0.433569 0
0.00124961 9 0.0577969 -0.353778 0
0.00124961 9 0.0896151 -0.243257 0
0.00124961 9 0.13895 -0.100154 0
0.00124961 9 0.215443 0.0649994 0
0.00124961 9 0.334048 0.219465 0
0.00124961 9 0.517947 0.310118 0
0.00124961 9 0.803086 0.301481 0
0.00124961 9 1.2452 0.229414 0
0.00124961 9 1.9307 0.149115 0
0.00124961 9 2.99358 0.0795963 0
0.00124961 9 4.64159 0.0347062 0
0.00124961 9 7.19686 0.0112584 0
0.00124961 9 11.1588 0.00451579 0
0.00124961 9 17.302 0.00126313 0
0.00124961 9 26.827 0.000275996 0
0.00124961 9 41.5956 0.000121706 0
0.00124961 9 64.4947 5.71256e-05 0
0.00124961 9 100 2.55287e-05 0
0.00124961 9 155.052 1.36412e-05 0
0.00124961 9 240.41 6.23727e-06 0
0.00124961 9 372.759 1.85973e-06 0
0.00124961 9 577.969 8.10112e-07 0
0.00124961 9 896.151 4.60724e-07 0
0.00124961 9 1389.5 1.19894e-09 0
0.00124961 9 2154.43 -1.94194e-07 0
0.00124961 9 3340.48 -1.76251e-07 0
0.00124961 9 5179.47 -1.06428e-07 0
0.00124961 9 8030.86 -6.56874e-08 0
0.00124961 9 12452 -5.24816e-08 0
0.00124961 9 19307 -4.24026e-08 0
0.00124961 9 29935.8 -3.13513e-08 0
0.00124961 9 46415.9 -2.191e-08 0
0.00124961 9 71968.6 -1.51211e-08 0
0.00124961 9 111588 -1.13513e-08 0
0.00124961 9 173020 -8.97819e-09 0
0.00124961 9 268270 -7.11055e-09 0
0.00124961 9 415956 -5.76294e-09 0
0.00124961 9 644947 -4.68856e-09 0
0.00124961 9 1e+06 -3.4409e-09 0

0.00304699 9 1e-06 -0.59575 0
0.00304699 9 1.55052e-06 -0.595748 0
0.00304699 9 2.4041e-06 -0.595744 0
0.00304699 9 3.72759e-06 -0.595737 0
0.00304699 9 5.77969e-06 -0.595728 0
0.00304699 9 8.96151e-06 -0.595713 0
0.00304699 9 1.3895e-05 -0.595689 0
0.00304699 9 2.15443e-05 -0.595653 0
0.00304699 9 3.34048e-05 -0.595597 0
0.00304699 9 5.17947e-05 -0.59551 0
0.00304699 9 8.03086e-05 -0.595376 0
0.00304699 9 0.00012452 -0.595167 0
0.00304699 9 0.00019307 -0.594843 0
0.00304699 9 0.000299358 -0.594342 0
0.00304699 9 0.000464159 -0.593564 0
0.00304699 9 0.000719686 -0.592358 0
0.00304699 9 0.00111588 -0.590493 0
0.00304699 9 0.0017302 -0.587606 0
0.00304699 9 0.0026827 -0.583142 0
0.00304699 9 0.00415956 -0.576254 0
0.00304699 9 0.00644947 -0.56566 0
0.00304699 9 0.01 -0.549425 0
0.00304699 9 0.0155052 -0.524708 0
0.00304699 9 0.024041 -0.487493 0
0.00304699 9 0.0372759 -0.432343 0
0.00304699 9 0.0577969 -0.352676 0
0.00304699 9 0.0896151 -0.242328 0
0.00304699 9 0.13895 -0.0994468 0
0.00304699 9 0.215443 0.0654478 0
0.00304699 9 0.334048 0.21966 0
0.00304699 9 0.517947 0.31013 0
0.00304699 9 0.803086 0.301418 0
0.00304699 9 1.2452 0.229351 0
0.00304699 9 1.9307 0.149074 0
0.00304699 9 2.99358 0.0795794 0
0.00304699 9 4.64159 0.0347006 0
0.00304699 9 7.19686 0.0112571 0
0.00304699 9 11.1588 0.00451542 0
0.00304699 9 17.302 0.00126306 0
0.00304699 9 26.827 0.000275979 0
0.00304699 9 41.5956 0.0001217 0
0.00304699 9 64.4947 5.71232e-05 0
0.00304699 9 100 2.55278e-05 0
0.00304699 9 155.052 1.36409e-05 0
0.00304699 9 240.41 6.23712e-06 0
0.00304699 9 372.759 1.85967e-06 0
0.00304699 9 577.969 8.1009e-07 0
0.00304699 9 896.151 4.60716e-07 0
0.00304699 9 1389.5 1.19553e-09 0
0.00304699 9 2154.43 -1.94195e-07 0
0.00304699 9 3340.48 -1.76252e-07 0
0.00304699 9 5179.47 -1.06428e-07 0
0.00304699 9 8030.86 -6.56874e-08 0
0.00304699 9 12452 -5.24817e-08 0
0.00304699 9 19307 -4.24026e-08 0
0.00304699 9 29935.8 -3.13513e-08 0
0.00304699 9 46415.9 -2.191e-08 0
0.00304699 9 71968.6 -1.51211e-08 0
0.00304699 9 111588 -1.13513e-08 0
0.00304699 9 173020 -8.97819e-09 0
0.00304699 9 268270 -7.11055e-09 0
0.00304699 9 415956 -5.76294e-09 0
0.00304699 9 644947 -4.68856e-09 0
0.00304699 9 1e+06 -3.4409e-09 0

0.00742964 9 1e-06 -0.592331 0
0.00742964 9 1.55052e-06 -0.592328 0
0.00742964 9 2.4041e-06 -0.592324 0
0.00742964 9 3.72759e-06 -0.592318 0
0.00742964 9 5.77969e-06 -0.592308 0
0.00742964 9 8.96151e-06 -0.592293 0
0.00742964 9 1.3895e-05 -0.59227 0
0.00742964 9 2.15443e-05 -0.592234 0
0.00742964 9 3.34048e-05 -0.592178 0
0.00742964 9 5.17947e-05 -0.592092 0
0.00742964 9 8.03086e-05 -0.591957 0
0.00742964 9 0.00012452 -0.591749 0
0.00742964 9 0.00019307 -0.591427 0
0.00742964 9 0.000299358 -0.590927 0
0.00742964 9 0.000464159 -0.590152 0
0.00742964 9 0.000719686 -0.588951 0
0.00742964 9 0.00111588 -0.587092 0
0.00742964 9 0.0017302 -0.584216 0
0.00742964 9 0.0026827 -0.579767 0
0.00742964 9 0.00415956 -0.572904 0
0.00742964 9 0.00644947 -0.562348 0
0.00742964 9 0.01 -0.546171 0
0.00742964 9 0.0155052 -0.521542 0
0.00742964 9 0.024041 -0.484459 0
0.00742964 9 0.0372759 -0.429506 0
0.00742964 9 0.0577969 -0.350123 0
0.00742964 9 0.0896151 -0.240168 0
0.00742964 9 0.13895 -0.0977971 0
0.00742964 9 0.215443 0.0664988 0
0.00742964 9 0.334048 0.220119 0
0.00742964 9 0.517947 0.310149 0
0.00742964 9 0.803086 0.301255 0
0.00742964 9 1.2452 0.229191 0
0.00742964 9 1.9307 0.148972 0
0.00742964 9 2.99358 0.0795379 0
0.00742964 9 4.64159 0.034687 0
0.00742964 9 7.19686 0.0112539 0
0.00742964 9 11.1588 0.00451451 0
0.00742964 9 17.302 0.00126288 0
0.00742964 9 26.827 0.000275938 0
0.00742964 9 41.5956 0.000121685 0
0.00742964 9 64.4947 5.71175e-05 0
0.00742964 9 100 2.55255e-05 0
0.00742964 9 155.052 1.364e-05 0
0.00742964 9 240.41 6.23678e-06 0
0.00742964 9 372.759 1.85954e-06 0
0.00742964 9 577.969 8.10035e-07 0
0.00742964 9 896.151 4.60694e-07 0
0.00742964 9 1389.5 1.18727e-09 0
0.00742964 9 2154.43 -1.94198e-07 0
0.00742964 9 3340.48 -1.76253e-07 0
0.00742964 9 5179.47 -1.06428e-07 0
0.00742964 9 8030.86 -6.56876e-08 0
0.00742964 9 12452 -5.24817e-08 0
0.00742964 9 19307 -4.24026e-08 0
0.00742964 9 29935.8 -3.13513e-08 0
0.00742964 9 46415.9 -2.19101e-08 0
0.00742964 9 71968.6 -1.51211e-08 0
0.00742964 9 111588 -1.13513e-08 0
0.00742964 9 173020 -8.97819e-09 0
0.00742964 9 268270 -7.11055e-09 0
0.00742964 9 415956 -5.76294e-09 0
0.00742964 9 644947 -4.68856e-09 0
0.00742964 9 1e+06 -3.4409e-09 0

0.0181161 9 1e-06 -0.584066 0
0.0181161 9 1.55052e-06 -0.584064 0
0.0181161 9 2.4041e-06 -0.58406 0
0.0181161 9 3.72759e-06 -0.584054 0
0.0181161 9 5.77969e-06 -0.584044 0
0.0181161 9 8.96151e-06 -0.584029 0
0.0181161 9 1.3895e-05 -0.584006 0
0.0181161 9 2.15443e-05 -0.583971 0
0.0181161 9 3.34048e-05 -0.583915 0
0.0181161 9 5.17947e-05 -0.58383 0
0.0181161 9 8.03086e-05 -0.583697 0
0.0181161 9 0.00012452 -0.58349 0
0.0181161 9 0.00019307 -0.583171 0
0.0181161 9 0.000299358 -0.582675 0
0.0181161 9 0.000464159 -0.581907 0
0.0181161 9 0.000719686 -0.580716 0
0.0181161 9 0.00111588 -0.578873 0
0.0181161 9 0.0017302 -0.576022 0
0.0181161 9 0.0026827 -0.571613 0
0.0181161 9 0.00415956 -0.564809 0
0.0181161 9 0.00644947 -0.554345 0
0.0181161 9 0.01 -0.538309 0
0.0181161 9 0.0155052 -0.513894 0
0.0181161 9 0.024041 -0.477134 0
0.0181161 9 0.0372759 -0.422657 0
0.0181161 9 0.0577969 -0.343962 0
0.0181161 9 0.0896151 -0.234957 0
0.0181161 9 0.13895 -0.0938189 0
0.0181161 9 0.215443 0.0690361 0
0.0181161 9 0.334048 0.221233 0
0.0181161 9 0.517947 0.31021 0
0.0181161 9 0.803086 0.300869 0
0.0181161 9 1.2452 0.228804 0
0.0181161 9 1.9307 0.148724 0
0.0181161 9 2.99358 0.0794369 0
0.0181161 9 4.64159 0.0346535 0
0.0181161 9 7.19686 0.0112459 0
0.0181161 9 11.1588 0.0045123 0
0.0181161 9 17.302 0.00126244 0
0.0181161 9 26.827 0.000275839 0
0.0181161 9 41.5956 0.00012165 0
0.0181161 9 64.4947 5.71037e-05 0
0.0181161 9 100 2.55201e-05 0
0.0181161 9 155.052 1.36378e-05 0
0.0181161 9 240.41 6.23594e-06 0
0.0181161 9 372.759 1.85921e-06 0
0.0181161 9 577.969 8.09906e-07 0
0.0181161 9 896.151 4.60644e-07 0
0.0181161 9 1389.5 1.16767e-09 0
0.0181161 9 2154.43 -1.94206e-07 0
0.0181161 9 3340.48 -1.76256e-07 0
0.0181161 9 5179.47 -1.0643e-07 0
0.0181161 9 8030.86 -6.56881e-08 0
0.0181161 9 12452 -5.24819e-08 0
0.0181161 9 19307 -4.24027e-08 0
0.0181161 9 29935.8 -3.13514e-08 0
0.0181161 9 46415.9 -2.19101e-08 0
0.0181161 9 71968.6 -1.51211e-08 0
0.0181161 9 111588 -1.13513e-08 0
0.0181161 9 173020 -8.9782e-09 0
0.0181161 9 268270 -7.11055e-09 0
0.0181161 9 415956 -5.76294e-09 0
0.0181161 9 644947 -4.68856e-09 0
0.0181161 9 1e+06 -3.4409e-09 0

0.0441734 9 1e-06 -0.564209 0
0.0441734 9 1.55052e-06 -0.564206 0
0.0441734 9 2.4041e-06 -0.564202 0
0.0441734 9 3.72759e-06 -0.564196 0
0.0441734 9 5.77969e-06 -0.564187 0
0.0441734 9 8.96151e-06 -0.564172 0
0.0441734 9 1.3895e-05 -0.56415 0
0.0441734 9 2.15443e-05 -0.564115 0
0.0441734 9 3.34048e-05 -0.564061 0
0.0441734 9 5.17947e-05 -0.563977 0
0.0441734 9 8.03086e-05 -0.563846 0
0.0441734 9 0.00012452 -0.563645 0
0.0441734 9 0.00019307 -0.563332 0
0.0441734 9 0.000299358 -0.562846 0
0.0441734 9 0.000464159 -0.562094 0
0.0441734 9 0.000719686 -0.560929 0
0.0441734 9 0.00111588 -0.559125 0
0.0441734 9 0.0017302 -0.556334 0
0.0441734 9 0.0026827 -0.552018 0
0.0441734 9 0.00415956 -0.545358 0
0.0441734 9 0.00644947 -0.535114 0
0.0441734 9 0.01 -0.519416 0
0.0441734 9 0.0155052 -0.495515 0
0.0441734 9 0.024041 -0.459528 0
0.0441734 9 0.0372759 -0.406195 0
0.0441734 9 0.0577969 -0.329149 0
0.0441734 9 0.0896151 -0.222427 0
0.0441734 9 0.13895 -0.0842516 0
0.0441734 9 0.215443 0.0751388 0
0.0441734 9 0.334048 0.223913 0
0.0441734 9 0.517947 0.310357 0
0.0441734 9 0.803086 0.299948 0
0.0441734 9 1.2452 0.227877 0
0.0441734 9 1.9307 0.148126 0
0.0441734 9 2.99358 0.0791933 0
0.0441734 9 4.64159 0.0345724 0
0.0441734 9 7.19686 0.0112265 0
0.0441734 9 11.1588 0.0045069 0
0.0441734 9 17.302 0.00126138 0
0.0441734 9 26.827 0.000275597 0
0.0441734 9 41.5956 0.000121564 0
0.0441734 9 64.4947 5.707e-05 0
0.0441734 9 100 2.55067e-05 0
0.0441734 9 155.052 1.36325e-05 0
0.0441734 9 240.41 6.23391e-06 0
0.0441734 9 372.759 1.85842e-06 0
0.0441734 9 577.969 8.09591e-07 0
0.0441734 9 896.151 4.60521e-07 0
0.0441734 9 1389.5 1.11955e-09 0
0.0441734 9 2154.43 -1.94225e-07 0
0.0441734 9 3340.48 -1.76263e-07 0
0.0441734 9 5179.47 -1.06433e-07 0
0.0441734 9 8030.86 -6.56893e-08 0
0.0441734 9 12452 -5.24824e-08 0
0.0441734 9 19307 -4.24029e-08 0
0.0441734 9 29935.8 -3.13514e-08 0
0.0441734 9 46415.9 -2.19101e-08 0
0.0441734 9 71968.6 -1.51211e-08 0
0.0441734 9 111588 -1.13513e-08 0
0.0441734 9 173020 -8.9782e-09 0
0.0441734 9 268270 -7.11055e-09 0
0.0441734 9 415956 -5.76294e-09 0
0.0441734 9 644947 -4.68856e-09 0
0.0441734 9 1e+06 -3.4409e-09 0

0.107711 9 1e-06 -0.517899 0
0.107711 9 1.55052e-06 -0.517897 0
0.107711 9 2.4041e-06 -0.517893 0
0.107711 9 3.72759e-06 -0.517888 0
0.107711 9 5.77969e-06 -0.517879 0
0.107711 9 8.96151e-06 -0.517865 0
0.107711 9 1.3895e-05 -0.517844 0
0.107711 9 2.15443e-05 -0.51781 0
0.107711 9 3.34048e-05 -0.517759 0
0.107711 9 5.17947e-05 -0.517679 0
0.107711 9 8.03086e-05 -0.517556 0
0.107711 9 0.00012452 -0.517364 0
0.107711 9 0.00019307 -0.517067 0
0.107711 9 0.000299358 -0.516606 0
0.107711 9 0.000464159 -0.515891 0
0.107711 9 0.000719686 -0.514784 0
0.107711 9 0.00111588 -0.513071 0
0.107711 9 0.0017302 -0.51042 0
0.107711 9 0.0026827 -0.50632 0
0.107711 9 0.00415956 -0.499994 0
0.107711 9 0.00644947 -0.490264 0
0.107711 9 0.01 -0.475353 0
0.107711 9 0.0155052 -0.452649 0
0.107711 9 0.024041 -0.418462 0
0.107711 9 0.0372759 -0.367795 0
0.107711 9 0.0577969 -0.294595 0
0.107711 9 0.0896151 -0.193198 0
0.107711 9 0.13895 -0.0619387 0
0.107711 9 0.215443 0.0893507 0
0.107711 9 0.334048 0.230109 0
0.107711 9 0.517947 0.310612 0
0.107711 9 0.803086 0.297697 0
0.107711 9 1.2452 0.225634 0
0.107711 9 1.9307 0.146681 0
0.107711 9 2.99358 0.0786049 0
0.107711 9 4.64159 0.0343768 0
0.107711 9 7.19686 0.0111793 0
0.107711 9 11.1588 0.00449377 0
0.107711 9 17.302 0.00125878 0
0.107711 9 26.827 0.000275001 0
0.107711 9 41.5956 0.000121352 0
0.107711 9 64.4947 5.69869e-05 0
0.107711 9 100 2.54737e-05 0
0.107711 9 155.052 1.36195e-05 0
0.107711 9 240.41 6.22887e-06 0
0.107711 9 372.759 1.85645e-06 0
0.107711 9 577.969 8.08804e-07 0
0.107711 9 896.151 4.60213e-07 0
0.107711 9 1389.5 9.99736e-10 0
0.107711 9 2154.43 -1.94272e-07 0
0.107711 9 3340.48 -1.76282e-07 0
0.107711 9 5179.47 -1.0644e-07 0
0.107711 9 8030.86 -6.56922e-08 0
0.107711 9 12452 -5.24836e-08 0
0.107711 9 19307 -4.24033e-08 0
0.107711 9 29935.8 -3.13516e-08 0
0.107711 9 46415.9 -2.19102e-08 0
0.107711 9 71968.6 -1.51212e-08 0
0.107711 9 111588 -1.13513e-08 0
0.107711 9 173020 -8.9782e-09 0
0.107711 9 268270 -7.11055e-09 0
0.107711 9 415956 -5.76294e-09 0
0.107711 9 644947 -4.68856e-09 0
0.107711 9 1e+06 -3.4409e-09 0

0.262636 9 1e-06 -0.416049 0
0.262636 9 1.55052e-06 -0.416047 0
0.262636 9 2.4041e-06 -0.416044 0
0.262636 9 3.72759e-06 -0.416039 0
0.262636 9 5.77969e-06 -0.416031 0
0.262636 9 8.96151e-06 -0.416019 0
0.262636 9 1.3895e-05 -0.416 0
0.262636 9 2.15443e-05 -0.415971 0
0.262636 9 3.34048e-05 -0.415925 0
0.262636 9 5.17947e-05 -0.415854 0
0.262636 9 8.03086e-05 -0.415745 0
0.262636 9 0.00012452 -0.415576 0
0.262636 9 0.00019307 -0.415313 0
0.262636 9 0.000299358 -0.414905 0
0.262636 9 0.000464159 -0.414273 0
0.262636 9 0.000719686 -0.413295 0
0.262636 9 0.00111588 -0.41178 0
0.262636 9 0.0017302 -0.409435 0
0.262636 9 0.0026827 -0.40581 0
0.262636 9 0.00415956 -0.400216 0
0.262636 9 0.00644947 -0.391611 0
0.262636 9 0.01 -0.378423 0
0.262636 9 0.0155052 -0.358343 0
0.262636 9 0.024041 -0.328106 0
0.262636 9 0.0372759 -0.28329 0
0.262636 9 0.0577969 -0.218537 0
0.262636 9 0.0896151 -0.128859 0
0.262636 9 0.13895 -0.0128552 0
0.262636 9 0.215443 0.120509 0
0.262636 9 0.334048 0.243456 0
0.262636 9 0.517947 0.310705 0
0.262636 9 0.803086 0.292211 0
0.262636 9 1.2452 0.220247 0
0.262636 9 1.9307 0.143216 0
0.262636 9 2.99358 0.077191 0
0.262636 9 4.64159 0.0339057 0
0.262636 9 7.19686 0.0110656 0
0.262636 9 11.1588 0.00446189 0
0.262636 9 17.302 0.00125244 0
0.262636 9 26.827 0.000273545 0
0.262636 9 41.5956 0.000120832 0
0.262636 9 64.4947 5.67836e-05 0
0.262636 9 100 2.53931e-05 0
0.262636 9 155.052 1.35878e-05 0
0.262636 9 240.41 6.21664e-06 0
0.262636 9 372.759 1.85168e-06 0
0.262636 9 577.969 8.06912e-07 0
0.262636 9 896.151 4.59475e-07 0
0.262636 9 1389.5 7.12999e-10 0
0.262636 9 2154.43 -1.94384e-07 0
0.262636 9 3340.48 -1.76327e-07 0
0.262636 9 5179.47 -1.06458e-07 0
0.262636 9 8030.86 -6.56993e-08 0
0.262636 9 12452 -5.24863e-08 0
0.262636 9 19307 -4.24044e-08 0
0.262636 9 29935.8 -3.13521e-08 0
0.262636 9 46415.9 -2.19103e-08 0
0.262636 9 71968.6 -1.51212e-08 0
0.262636 9 111588 -1.13513e-08 0
0.262636 9 173020 -8.97821e-09 0
0.262636 9 268270 -7.11055e-09 0
0.262636 9 415956 -5.76294e-09 0
0.262636 9 644947 -4.68856e-09 0
0.262636 9 1e+06 -3.4409e-09 0

0.6404 9 1e-06 -0.220407 0
0.6404 9 1.55052e-06 -0.220406 0
0.6404 9 2.4041e-06 -0.220403 0
0.6404 9 3.72759e-06 -0.220399 0
0.6404 9 5.77969e-06 -0.220394 0
0.6404 9 8.96151e-06 -0.220384 0
0.6404 9 1.3895e-05 -0.22037 0
0.6404 9 2.15443e-05 -0.220348 0
0.6404 9 3.34048e-05 -0.220314 0
0.6404 9 5.17947e-05 -0.220261 0
0.6404 9 8.03086e-05 -0.22018 0
0.6404 9 0.00012452 -0.220053 0
0.6404 9 0.00019307 -0.219856 0
0.6404 9 0.000299358 -0.219551 0
0.6404 9 0.000464159 -0.219078 0
0.6404 9 0.000719686 -0.218346 0
0.6404 9 0.00111588 -0.217212 0
0.6404 9 0.0017302 -0.215457 0
0.6404 9 0.0026827 -0.212743 0
0.6404 9 0.00415956 -0.208556 0
0.6404 9 0.00644947 -0.202116 0
0.6404 9 0.01 -0.192246 0
0.6404 9 0.0155052 -0.177217 0
0.6404 9 0.024041 -0.154589 0
0.6404 9 0.0372759 -0.121057 0
0.6404 9 0.0577969 -0.072633 0
0.6404 9 0.0896151 -0.00566205 0
0.6404 9 0.13895 0.0806658 0
0.6404 9 0.215443 0.178986 0
0.6404 9 0.334048 0.266924 0
0.6404 9 0.517947 0.308064 0
0.6404 9 0.803086 0.278826 0
0.6404 9 1.2452 0.207643 0
0.6404 9 1.9307 0.135159 0
0.6404 9 2.99358 0.0738872 0
0.6404 9 4.64159 0.0327976 0
0.6404 9 7.19686 0.0107948 0
0.6404 9 11.1588 0.00438543 0
0.6404 9 17.302 0.00123718 0
0.6404 9 26.827 0.000270039 0
0.6404 9 41.5956 0.000119582 0
0.6404 9 64.4947 5.62938e-05 0
0.6404 9 100 2.51992e-05 0
0.6404 9 155.052 1.35117e-05 0
0.6404 9 240.41 6.18738e-06 0
0.6404 9 372.759 1.8403e-06 0
0.6404 9 577.969 8.0239e-07 0
0.6404 9 896.151 4.57712e-07 0
0.6404 9 1389.5 2.75607e-11 0
0.6404 9 2154.43 -1.94653e-07 0
0.6404 9 3340.48 -1.76433e-07 0
0.6404 9 5179.47 -1.065e-07 0
0.6404 9 8030.86 -6.5716e-08 0
0.6404 9 12452 -5.24929e-08 0
0.6404 9 19307 -4.24071e-08 0
0.6404 9 29935.8 -3.13531e-08 0
0.6404 9 46415.9 -2.19108e-08 0
0.6404 9 71968.6 -1.51214e-08 0
0.6404 9 111588 -1.13514e-08 0
0.6404 9 173020 -8.97824e-09 0
0.6404 9 268270 -7.11056e-09 0
0.6404 9 415956 -5.76295e-09 0
0.6404 9 644947 -4.68856e-09 0
0.6404 9 1e+06 -3.4409e-09 0

1.56152 9 1e-06 0.0573654 0
1.56152 9 1.55052e-06 0.0573662 0
1.56152 9 2.4041e-06 0.0573674 0
1.56152 9 3.72759e-06 0.0573693 0
1.56152 9 5.77969e-06 0.0573723 0
1.56152 9 8.96151e-06 0.0573768 0
1.56152 9 1.3895e-05 0.0573839 0
1.56152 9 2.15443e-05 0.0573949 0
1.56152 9 3.34048e-05 0.057412 0
1.56152 9 5.17947e-05 0.0574385 0
1.56152 9 8.03086e-05 0.0574795 0
1.56152 9 0.00012452 0.0575431 0
1.56152 9 0.00019307 0.0576417 0
1.56152 9 0.000299358 0.0577947 0
1.56152 9 0.000464159 0.0580318 0
1.56152 9 0.000719686 0.0583992 0
1.56152 9 0.00111588 0.0589677 0
1.56152 9 0.0017302 0.0598473 0
1.56152 9 0.0026827 0.0612079 0
1.56152 9 0.00415956 0.0633069 0
1.56152 9 0.00644947 0.066534 0
1.56152 9 0.01 0.0714781 0
1.56152 9 0.0155052 0.0790015 0
1.56152 9 0.024041 0.0903123 0
1.56152 9 0.0372759 0.107035 0
1.56152 9 0.0577969 0.131089 0
1.56152 9 0.0896151 0.164077 0
1.56152 9 0.13895 0.205844 0
1.56152 9 0.215443 0.251382 0
1.56152 9 0.334048 0.28667 0
1.56152 9 0.517947 0.289406 0
1.56152 9 0.803086 0.246513 0
1.56152 9 1.2452 0.179951 0
1.56152 9 1.9307 0.117739 0
1.56152 9 2.99358 0.0666237 0
1.56152 9 4.64159 0.0303219 0
1.56152 9 7.19686 0.0101768 0
1.56152 9 11.1588 0.00420813 0
1.56152 9 17.302 0.00120152 0
1.56152 9 26.827 0.000261913 0
1.56152 9 41.5956 0.000116685 0
1.56152 9 64.4947 5.51583e-05 0
1.56152 9 100 2.47495e-05 0
1.56152 9 155.052 1.33351e-05 0
1.56152 9 240.41 6.11955e-06 0
1.56152 9 372.759 1.81391e-06 0
1.56152 9 577.969 7.91895e-07 0
1.56152 9 896.151 4.53619e-07 0
1.56152 9 1389.5 -1.56228e-09 0
1.56152 9 2154.43 -1.95277e-07 0
1.56152 9 3340.48 -1.76681e-07 0
1.56152 9 5179.47 -1.06599e-07 0
1.56152 9 8030.86 -6.57549e-08 0
1.56152 9 12452 -5.25083e-08 0
1.56152 9 19307 -4.24131e-08 0
1.56152 9 29935.8 -3.13556e-08 0
1.56152 9 46415.9 -2.19117e-08 0
1.56152 9 71968.6 -1.51218e-08 0
1.56152 9 111588 -1.13516e-08 0
1.56152 9 173020 -8.9783e-09 0
1.56152 9 268270 -7.11059e-09 0
1.56152 9 415956 -5.76296e-09 0
1.56152 9 644947 -4.68856e-09 0
1.56152 9 1e+06 -3.4409e-09 0

3.80755 9 1e-06 0.231869 0
3.80755 9 1.55052e-06 0.231869 0
3.80755 9 2.4041e-06 0.231869 0
3.80755 9 3.72759e-06 0.23187 0
3.80755 9 5.77969e-06 0.23187 0
3.80755 9 8.96151e-06 0.231871 0
3.80755 9 1.3895e-05 0.231871 0
3.80755 9 2.15443e-05 0.231873 0
3.80755 9 3.34048e-05 0.231875 0
3.80755 9 5.17947e-05 0.231879 0
3.80755 9 8.03086e-05 0.231884 0
3.80755 9 0.00012452 0.231892 0
3.80755 9 0.00019307 0.231905 0
3.80755 9 0.000299358 0.231926 0
3.80755 9 0.000464159 0.231957 0
3.80755 9 0.000719686 0.232006 0
3.80755 9 0.00111588 0.232081 0
3.80755 9 0.0017302 0.232197 0
3.80755 9 0.0026827 0.232377 0
3.80755 9 0.00415956 0.232654 0
3.80755 9 0.00644947 0.233078 0
3.80755 9 0.01 0.233724 0
3.80755 9 0.0155052 0.234701 0
3.80755 9 0.024041 0.236145 0
3.80755 9 0.0372759 0.238226 0
3.80755 9 0.0577969 0.241086 0
3.80755 9 0.0896151 0.244628 0
3.80755 9 0.13895 0.248116 0
3.80755 9 0.215443 0.249231 0
3.80755 9 0.334048 0.242651 0
3.80755 9 0.517947 0.220358 0
3.80755 9 0.803086 0.178555 0
3.80755 9 1.2452 0.129063 0
3.80755 9 1.9307 0.0864082 0
3.80755 9 2.99358 0.0528879 0
3.80755 9 4.64159 0.0254239 0
3.80755 9 7.19686 0.00889363 0
3.80755 9 11.1588 0.00382752 0
3.80755 9 17.302 0.0011245 0
3.80755 9 26.827 0.000245024 0
3.80755 9 41.5956 0.00011071 0
3.80755 9 64.4947 5.2811e-05 0
3.80755 9 100 2.38169e-05 0
3.80755 9 155.052 1.29684e-05 0
3.80755 9 240.41 5.97925e-06 0
3.80755 9 372.759 1.75944e-06 0
3.80755 9 577.969 7.70188e-07 0
3.80755 9 896.151 4.45173e-07 0
3.80755 9 1389.5 -4.8316e-09 0
3.80755 9 2154.43 -1.96555e-07 0
3.80755 9 3340.48 -1.77187e-07 0
3.80755 9 5179.47 -1.06801e-07 0
3.80755 9 8030.86 -6.58342e-08 0
3.80755 9 12452 -5.25394e-08 0
3.80755 9 19307 -4.24255e-08 0
3.80755 9 29935.8 -3.13605e-08 0
3.80755 9 46415.9 -2.19137e-08 0
3.80755 9 71968.6 -1.51226e-08 0
3.80755 9 111588 -1.13519e-08 0
3.80755 9 173020 -8.97843e-09 0
3.80755 9 268270 -7.11064e-09 0
3.80755 9 415956 -5.76297e-09 0
3.80755 9 644947 -4.68857e-09 0
3.80755 9 1e+06 -3.4409e-09 0

9.28415 9 1e-06 0.138525 0
9.28415 9 1.55052e-06 0.138525 0
9.28415 9 2.4041e-06 0.138525 0
9.28415 9 3.72759e-06 0.138525 0
9.28415 9 5.77969e-06 0.138524 0
9.28415 9 8.96151e-06 0.138524 0
9.28415 9 1.3895e-05 0.138524 0
9.28415 9 2.15443e-05 0.138523 0
9.28415 9 3.34048e-05 0.138522 0
9.28415 9 5.17947e-05 0.13852 0
9.28415 9 8.03086e-05 0.138518 0
9.28415 9 0.00012452 0.138514 0
9.28415 9 0.00019307 0.138507 0
9.28415 9 0.000299358 0.138498 0
9.28415 9 0.000464159 0.138483 0
9.28415 9 0.000719686 0.13846 0
9.28415 9 0.00111588 0.138424 0
9.28415 9 0.0017302 0.138368 0
9.28415 9 0.0026827 0.138283 0
9.28415 9 0.00415956 0.13815 0
9.28415 9 0.00644947 0.137946 0
9.28415 9 0.01 0.137633 0
9.28415 9 0.0155052 0.137156 0
9.28415 9 0.024041 0.13643 0
9.28415 9 0.0372759 0.135342 0
9.28415 9 0.0577969 0.13374 0
9.28415 9 0.0896151 0.131413 0
9.28415 9 0.13895 0.128111 0
9.28415 9 0.215443 0.123469 0
9.28415 9 0.334048 0.116639 0
9.28415 9 0.517947 0.10581 0
9.28415 9 0.803086 0.0886432 0
9.28415 9 1.2452 0.0665902 0
9.28415 9 1.9307 0.0472574 0
9.28415 9 2.99358 0.0333777 0
9.28415 9 4.64159 0.0177621 0
9.28415 9 7.19686 0.00669305 0
9.28415 9 11.1588 0.00312647 0
9.28415 9 17.302 0.000980423 0
9.28415 9 26.827 0.000216225 0
9.28415 9 41.5956 0.000100733 0
9.28415 9 64.4947 4.88737e-05 0
9.28415 9 100 2.22409e-05 0
9.28415 9 155.052 1.23476e-05 0
9.28415 9 240.41 5.74438e-06 0
9.28415 9 372.759 1.66889e-06 0
9.28415 9 577.969 7.33984e-07 0
9.28415 9 896.151 4.31215e-07 0
9.28415 9 1389.5 -1.01611e-08 0
9.28415 9 2154.43 -1.98619e-07 0
9.28415 9 3340.48 -1.78002e-07 0
9.28415 9 5179.47 -1.07124e-07 0
9.28415 9 8030.86 -6.59599e-08 0
9.28415 9 12452 -5.25883e-08 0
9.28415 9 19307 -4.24447e-08 0
9.28415 9 29935.8 -3.13681e-08 0
9.28415 9 46415.9 -2.19168e-08 0
9.28415 9 71968.6 -1.51238e-08 0
9.28415 9 111588 -1.13524e-08 0
9.28415 9 173020 -8.97861e-09 0
9.28415 9 268270 -7.11071e-09 0
9.28415 9 415956 -5.763e-09 0
9.28415 9 644947 -4.68857e-09 0
9.28415 9 1e+06 -3.44091e-09 0

22.638 9 1e-06 0.0395613 0
22.638 9 1.55052e-06 0.0395613 0
22.638 9 2.4041e-06 0.0395612 0
22.638 9 3.72759e-06 0.0395612 0
22.638 9 5.77969e-06 0.0395611 0
22.638 9 8.96151e-06 0.0395609 0
22.638 9 1.3895e-05 0.0395607 0
22.638 9 2.15443e-05 0.0395603 0
22.638 9 3.34048e-05 0.0395597 0
22.638 9 5.17947e-05 0.0395588 0
22.638 9 8.03086e-05 0.0395575 0
22.638 9 0.00012452 0.0395553 0
22.638 9 0.00019307 0.039552 0
22.638 9 0.000299358 0.0395469 0
22.638 9 0.000464159 0.039539 0
22.638 9 0.000719686 0.0395267 0
22.638 9 0.00111588 0.0395077 0
22.638 9 0.0017302 0.0394783 0
22.638 9 0.0026827 0.0394332 0
22.638 9 0.00415956 0.0393636 0
22.638 9 0.00644947 0.0392565 0
22.638 9 0.01 0.0390934 0
22.638 9 0.0155052 0.0388474 0
22.638 9 0.024041 0.0384793 0
22.638 9 0.0372759 0.037943 0
22.638 9 0.0577969 0.0371939 0
22.638 9 0.0896151 0.0362048 0
22.638 9 0.13895 0.0350443 0
22.638 9 0.215443 0.0339559 0
22.638 9 0.334048 0.0332556 0
22.638 9 0.517947 0.0327255 0
22.638 9 0.803086 0.0303192 0
22.638 9 1.2452 0.0238578 0
22.638 9 1.9307 0.017864 0
22.638 9 2.99358 0.0151976 0
22.638 9 4.64159 0.00942699 0
22.638 9 7.19686 0.00392682 0
22.638 9 11.1588 0.00211347 0
22.638 9 17.302 0.000754177 0
22.638 9 26.827 0.000176185 0
22.638 9 41.5956 8.73907e-05 0
22.638 9 64.4947 4.35971e-05 0
22.638 9 100 2.01011e-05 0
22.638 9 155.052 1.15026e-05 0
22.638 9 240.41 5.43472e-06 0
22.638 9 372.759 1.55213e-06 0
22.638 9 577.969 6.86976e-07 0
22.638 9 896.151 4.13568e-07 0
22.638 9 1389.5 -1.66332e-08 0
22.638 9 2154.43 -2.01048e-07 0
22.638 9 3340.48 -1.78948e-07 0
22.638 9 5179.47 -1.07497e-07 0
22.638 9 8030.86 -6.61003e-08 0
22.638 9 12452 -5.26408e-08 0
22.638 9 19307 -4.24648e-08 0
22.638 9 29935.8 -3.13759e-08 0
22.638 9 46415.9 -2.19198e-08 0
22.638 9 71968.6 -1.5125e-08 0
22.638 9 111588 -1.13528e-08 0
22.638 9 173020 -8.97878e-09 0
22.638 9 268270 -7.11076e-09 0
22.638 9 415956 -5.76301e-09 0
22.638 9 644947 -4.68857e-09 0
22.638 9 1e+06 -3.4409e-09 0

55.1995 9 1e-06 0.00945539 0
55.1995 9 1.55052e-06 0.00945538 0
55.1995 9 2.4041e-06 0.00945536 0
55.1995 9 3.72759e-06 0.00945532 0
55.1995 9 5.77969e-06 0.00945526 0
55.1995 9 8.96151e-06 0.00945518 0
55.1995 9 1.3895e-05 0.00945505 0
55.1995 9 2.15443e-05 0.00945485 0
55.1995 9 3.34048e-05 0.00945453 0
55.1995 9 5.17947e-05 0.00945405 0
55.1995 9 8.03086e-05 0.0094533 0
55.1995 9 0.00012452 0.00945213 0
55.1995 9 0.00019307 0.00945033 0
55.1995 9 0.000299358 0.00944753 0
55.1995 9 0.000464159 0.00944322 0
55.1995 9 0.000719686 0.00943654 0
55.1995 9 0.00111588 0.00942618 0
55.1995 9 0.0017302 0.00941015 0
55.1995 9 0.0026827 0.00938551 0
55.1995 9 0.00415956 0.00934759 0
55.1995 9 0.00644947 0.00928928 0
55.1995 9 0.01 0.00920058 0
55.1995 9 0.0155052 0.00906706 0
55.1995 9 0.024041 0.00886815 0
55.1995 9 0.0372759 0.00858057 0
55.1995 9 0.0577969 0.00818506 0
55.1995 9 0.0896151 0.00768131 0
55.1995 9 0.13895 0.00714433 0
55.1995 9 0.215443 0.0067999 0
55.1995 9 0.334048 0.00701385 0
55.1995 9 0.517947 0.00792187 0
55.1995 9 0.803086 0.00837557 0
55.1995 9 1.2452 0.00652829 0
55.1995 9 1.9307 0.00472122 0
55.1995 9 2.99358 0.00490707 0
55.1995 9 4.64159 0.00368372 0
55.1995 9 7.19686 0.0016725 0
55.1995 9 11.1588 0.00109893 0
55.1995 9 17.302 0.000477705 0
55.1995 9 26.827 0.00013021 0
55.1995 9 41.5956 7.25781e-05 0
55.1995 9 64.4947 3.78747e-05 0
55.1995 9 100 1.7774e-05 0
55.1995 9 155.052 1.05914e-05 0
55.1995 9 240.41 5.13419e-06 0
55.1995 9 372.759 1.44851e-06 0
55.1995 9 577.969 6.4463e-07 0
55.1995 9 896.151 3.99311e-07 0
55.1995 9 1389.5 -2.09389e-08 0
55.1995 9 2154.43 -2.02387e-07 0
55.1995 9 3340.48 -1.79423e-07 0
55.1995 9 5179.47 -1.07673e-07 0
55.1995 9 8030.86 -6.61485e-08 0
55.1995 9 12452 -5.26508e-08 0
55.1995 9 19307 -4.24663e-08 0
55.1995 9 29935.8 -3.13759e-08 0
55.1995 9 46415.9 -2.19197e-08 0
55.1995 9 71968.6 -1.5125e-08 0
55.1995 9 111588 -1.13527e-08 0
55.1995 9 173020 -8.97869e-09 0
55.1995 9 268270 -7.11069e-09 0
55.1995 9 415956 -5.76295e-09 0
55.1995 9 644947 -4.68853e-09 0
55.1995 9 1e+06 -3.44088e-09 0

134.596 9 1e-06 0.00223542 0
134.596 9 1.55052e-06 0.00223541 0
134.596 9 2.4041e-06 0.0022354 0
134.596 9 3.72759e-06 0.00223538 0
134.596 9 5.77969e-06 0.00223536 0
134.596 9 8.96151e-06 0.00223532 0
134.596 9 1.3895e-05 0.00223525 0
134.596 9 2.15443e-05 0.00223515 0
134.596 9 3.34048e-05 0.002235 0
134.596 9 5.17947e-05 0.00223476 0
134.596 9 8.03086e-05 0.00223439 0
134.596 9 0.00012452 0.00223381 0
134.596 9 0.00019307 0.00223292 0
134.596 9 0.000299358 0.00223154 0
134.596 9 0.000464159 0.00222941 0
134.596 9 0.000719686 0.00222611 0
134.596 9 0.00111588 0.002221 0
134.596 9 0.0017302 0.00221308 0
134.596 9 0.0026827 0.00220092 0
134.596 9 0.00415956 0.00218218 0
134.596 9 0.00644947 0.00215339 0
134.596 9 0.01 0.00210956 0
134.596 9 0.0155052 0.00204356 0
134.596 9 0.024041 0.00194525 0
134.596 9 0.0372759 0.00180311 0
134.596 9 0.0577969 0.00160771 0
134.596 9 0.0896151 0.00135978 0
134.596 9 0.13895 0.00109949 0
134.596 9 0.215443 0.000948543 0
134.596 9 0.334048 0.0011151 0
134.596 9 0.517947 0.00171405 0
134.596 9 0.803086 0.00220291 0
134.596 9 1.2452 0.00158173 0
134.596 9 1.9307 0.000905127 0
134.596 9 2.99358 0.00122565 0
134.596 9 4.64159 0.00114313 0
134.596 9 7.19686 0.000520186 0
134.596 9 11.1588 0.000438521 0
134.596 9 17.302 0.000234102 0
134.596 9 26.827 8.31536e-05 0
134.596 9 41.5956 5.60855e-05 0
134.596 9 64.4947 3.1974e-05 0
134.596 9 100 1.55985e-05 0
134.596 9 155.052 9.82306e-06 0
134.596 9 240.41 4.99321e-06 0
134.596 9 372.759 1.44208e-06 0
134.596 9 577.969 6.43657e-07 0
134.596 9 896.151 4.06137e-07 0
134.596 9 1389.5 -1.45781e-08 0
134.596 9 2154.43 -1.98824e-07 0
134.596 9 3340.48 -1.77823e-07 0
134.596 9 5179.47 -1.06991e-07 0
134.596 9 8030.86 -6.58198e-08 0
134.596 9 12452 -5.24957e-08 0
134.596 9 19307 -4.23978e-08 0
134.596 9 29935.8 -3.13469e-08 0
134.596 9 46415.9 -2.19077e-08 0
134.596 9 71968.6 -1.512e-08 0
134.596 9 111588 -1.13505e-08 0
134.596 9 173020 -8.97771e-09 0
134.596 9 268270 -7.11021e-09 0
134.596 9 415956 -5.7627e-09 0
134.596 9 644947 -4.68838e-09 0
134.596 9 1e+06 -3.4408e-09 0

328.193 9 1e-06 0.000587159 0
328.193 9 1.55052e-06 0.000587156 0
328.193 9 2.4041e-06 0.000587151 0
328.193 9 3.72759e-06 0.000587143 0
328.193 9 5.77969e-06 0.000587131 0
328.193 9 8.96151e-06 0.000587112 0
328.193 9 1.3895e-05 0.000587083 0
328.193 9 2.15443e-05 0.000587038 0
328.193 9 3.34048e-05 0.000586968 0
328.193 9 5.17947e-05 0.00058686 0
328.193 9 8.03086e-05 0.000586693 0
328.193 9 0.00012452 0.000586434 0
328.193 9 0.00019307 0.000586032 0
328.193 9 0.000299358 0.000585411 0
328.193 9 0.000464159 0.000584451 0
328.193 9 0.000719686 0.000582965 0
328.193 9 0.00111588 0.000580658 0
328.193 9 0.0017302 0.000577092 0
328.193 9 0.0026827 0.000571607 0
328.193 9 0.00415956 0.000563161 0
328.193 9 0.00644947 0.000550178 0
328.193 9 0.01 0.000530414 0
328.193 9 0.0155052 0.000500639 0
328.193 9 0.024041 0.000456272 0
328.193 9 0.0372759 0.000392083 0
328.193 9 0.0577969 0.000303755 0
328.193 9 0.0896151 0.000191604 0
328.193 9 0.13895 7.38862e-05 0
328.193 9 0.215443 6.48852e-06 0
328.193 9 0.334048 8.69477e-05 0
328.193 9 0.517947 0.000374835 0
328.193 9 0.803086 0.000632026 0
328.193 9 1.2452 0.000395131 0
328.193 9 1.9307 0.000111567 0
328.193 9 2.99358 0.000274265 0
328.193 9 4.64159 0.000332505 0
328.193 9 7.19686 0.000135271 0
328.193 9 11.1588 0.000154788 0
328.193 9 17.302 9.62505e-05 0
328.193 9 26.827 4.70989e-05 0
328.193 9 41.5956 3.82028e-05 0
328.193 9 64.4947 2.44755e-05 0
328.193 9 100 1.28457e-05 0
328.193 9 155.052 8.83193e-06 0
328.193 9 240.41 4.93884e-06 0
328.193 9 372.759 1.55738e-06 0
328.193 9 577.969 7.06259e-07 0
328.193 9 896.151 4.51133e-07 0
328.193 9 1389.5 1.33043e-08 0
328.193 9 2154.43 -1.84739e-07 0
328.193 9 3340.48 -1.71626e-07 0
328.193 9 5179.47 -1.04377e-07 0
328.193 9 8030.86 -6.46286e-08 0
328.193 9 12452 -5.19586e-08 0
328.193 9 19307 -4.21661e-08 0
328.193 9 29935.8 -3.12498e-08 0
328.193 9 46415.9 -2.18678e-08 0
328.193 9 71968.6 -1.51037e-08 0
328.193 9 111588 -1.13434e-08 0
328.193 9 173020 -8.97461e-09 0
328.193 9 268270 -7.10876e-09 0
328.193 9 415956 -5.76195e-09 0
328.193 9 644947 -4.68797e-09 0
328.193 9 1e+06 -3.44059e-09 0

800.25 9 1e-06 0.000175488 0
800.25 9 1.55052e-06 0.000175486 0
800.25 9 2.4041e-06 0.000175484 0
800.25 9 3.72759e-06 0.000175481 0
800.25 9 5.77969e-06 0.000175475 0
800.25 9 8.96151e-06 0.000175467 0
800.25 9 1.3895e-05 0.000175455 0
800.25 9 2.15443e-05 0.000175435 0
800.25 9 3.34048e-05 0.000175406 0
800.25 9 5.17947e-05 0.000175359 0
800.25 9 8.03086e-05 0.000175287 0
800.25 9 0.00012452 0.000175176 0
800.25 9 0.00019307 0.000175003 0
800.25 9 0.000299358 0.000174736 0
800.25 9 0.000464159 0.000174323 0
800.25 9 0.000719686 0.000173683 0
800.25 9 0.00111588 0.000172691 0
800.25 9 0.0017302 0.000171157 0
800.25 9 0.0026827 0.000168797 0
800.25 9 0.00415956 0.000165164 0
800.25 9 0.00644947 0.000159577 0
800.25 9 0.01 0.000151073 0
800.25 9 0.0155052 0.000138258 0
800.25 9 0.024041 0.00011916 0
800.25 9 0.0372759 9.15184e-05 0
800.25 9 0.0577969 5.34607e-05 0
800.25 9 0.0896151 5.10642e-06 0
800.25 9 0.13895 -4.56924e-05 0
800.25 9 0.215443 -7.47738e-05 0
800.25 9 0.334048 -3.96262e-05 0
800.25 9 0.517947 8.66537e-05 0
800.25 9 0.803086 0.000202842 0
800.25 9 1.2452 0.000107555 0
800.25 9 1.9307 -1.24944e-05 0
800.25 9 2.99358 5.8246e-05 0
800.25 9 4.64159 9.91486e-05 0
800.25 9 7.19686 3.02438e-05 0
800.25 9 11.1588 5.10206e-05 0
800.25 9 17.302 3.36716e-05 0
800.25 9 26.827 2.04803e-05 0
800.25 9 41.5956 1.95534e-05 0
800.25 9 64.4947 1.4342e-05 0
800.25 9 100 8.71352e-06 0
800.25 9 155.052 7.05554e-06 0
800.25 9 240.41 4.68794e-06 0
800.25 9 372.759 1.7694e-06 0
800.25 9 577.969 8.65667e-07 0
800.25 9 896.151 5.71207e-07 0
800.25 9 1389.5 9.02307e-08 0
800.25 9 2154.43 -1.44436e-07 0
800.25 9 3340.48 -1.53339e-07 0
800.25 9 5179.47 -9.65255e-08 0
800.25 9 8030.86 -6.10793e-08 0
800.25 9 12452 -5.03731e-08 0
800.25 9 19307 -4.14849e-08 0
800.25 9 29935.8 -3.09648e-08 0
800.25 9 46415.9 -2.17505e-08 0
800.25 9 71968.6 -1.50559e-08 0
800.25 9 111588 -1.13228e-08 0
800.25 9 173020 -8.9657e-09 0
800.25 9 268270 -7.10467e-09 0
800.25 9 415956 -5.75992e-09 0
800.25 9 644947 -4.68687e-09 0
800.25 9 1e+06 -3.44005e-09 0

1951.29 9 1e-06 5.97795e-05 0
1951.29 9 1.55052e-06 5.97788e-05 0
1951.29 9 2.4041e-06 5.97779e-05 0
1951.29 9 3.72759e-06 5.97765e-05 0
1951.29 9 5.77969e-06 5.97743e-05 0
1951.29 9 8.96151e-06 5.97709e-05 0
1951.29 9 1.3895e-05 5.97656e-05 0
1951.29 9 2.15443e-05 5.97575e-05 0
1951.29 9 3.34048e-05 5.97449e-05 0
1951.29 9 5.17947e-05 5.97255e-05 0
1951.29 9 8.03086e-05 5.96952e-05 0
1951.29 9 0.00012452 5.96483e-05 0
1951.29 9 0.00019307 5.95757e-05 0
1951.29 9 0.000299358 5.94633e-05 0
1951.29 9 0.000464159 5.92898e-05 0
1951.29 9 0.000719686 5.90209e-05 0
1951.29 9 0.00111588 5.86037e-05 0
1951.29 9 0.0017302 5.79588e-05 0
1951.29 9 0.0026827 5.69667e-05 0
1951.29 9 0.00415956 5.5439e-05 0
1951.29 9 0.00644947 5.30903e-05 0
1951.29 9 0.01 4.95144e-05 0
1951.29 9 0.0155052 4.41257e-05 0
1951.29 9 0.024041 3.60939e-05 0
1951.29 9 0.0372759 2.44678e-05 0
1951.29 9 0.0577969 8.4561e-06 0
1951.29 9 0.0896151 -1.18944e-05 0
1951.29 9 0.13895 -3.32849e-05 0
1951.29 9 0.215443 -4.55413e-05 0
1951.29 9 0.334048 -3.07036e-05 0
1951.29 9 0.517947 2.2751e-05 0
1951.29 9 0.803086 7.24801e-05 0
1951.29 9 1.2452 3.34795e-05 0
1951.29 9 1.9307 -1.68151e-05 0
1951.29 9 2.99358 1.28347e-05 0
1951.29 9 4.64159 3.26158e-05 0
1951.29 9 7.19686 6.44329e-06 0
1951.29 9 11.1588 1.74865e-05 0
1951.29 9 17.302 1.16453e-05 0
1951.29 9 26.827 8.10563e-06 0
1951.29 9 41.5956 8.6933e-06 0
1951.29 9 64.4947 7.0741e-06 0
1951.29 9 100 4.93918e-06 0
1951.29 9 155.052 4.58427e-06 0
1951.29 9 240.41 3.52974e-06 0
1951.29 9 372.759 1.59475e-06 0
1951.29 9 577.969 9.1833e-07 0
1951.29 9 896.151 6.98747e-07 0
1951.29 9 1389.5 2.14265e-07 0
1951.29 9 2154.43 -6.49281e-08 0
1951.29 9 3340.48 -1.13039e-07 0
1951.29 9 5179.47 -7.80736e-08 0
1951.29 9 8030.86 -5.24081e-08 0
1951.29 9 12452 -4.6398e-08 0
1951.29 9 19307 -3.9746e-08 0
1951.29 9 29935.8 -3.02286e-08 0
1951.29 9 46415.9 -2.14452e-08 0
1951.29 9 71968.6 -1.49306e-08 0
1951.29 9 111588 -1.1269e-08 0
1951.29 9 173020 -8.94247e-09 0
1951.29 9 268270 -7.09408e-09 0
1951.29 9 415956 -5.7547e-09 0
1951.29 9 644947 -4.6841e-09 0
1951.29 9 1e+06 -3.43869e-09 0

4757.94 9 1e-06 2.21124e-05 0
4757.94 9 1.55052e-06 2.21121e-05 0
4757.94 9 2.4041e-06 2.21117e-05 0
4757.94 9 3.72759e-06 2.21111e-05 0
4757.94 9 5.77969e-06 2.21102e-05 0
4757.94 9 8.96151e-06 2.21088e-05 0
4757.94 9 1.3895e-05 2.21066e-05 0
4757.94 9 2.15443e-05 2.21033e-05 0
4757.94 9 3.34048e-05 2.2098e-05 0
4757.94 9 5.17947e-05 2.20899e-05 0
4757.94 9 8.03086e-05 2.20774e-05 0
4757.94 9 0.00012452 2.20579e-05 0
4757.94 9 0.00019307 2.20277e-05 0
4757.94 9 0.000299358 2.1981e-05 0
4757.94 9 0.000464159 2.19089e-05 0
4757.94 9 0.000719686 2.17972e-05 0
4757.94 9 0.00111588 2.16238e-05 0
4757.94 9 0.0017302 2.13558e-05 0
4757.94 9 0.0026827 2.09436e-05 0
4757.94 9 0.00415956 2.03088e-05 0
4757.94 9 0.00644947 1.93328e-05 0
4757.94 9 0.01 1.78468e-05 0
4757.94 9 0.0155052 1.56075e-05 0
4757.94 9 0.024041 1.22697e-05 0
4757.94 9 0.0372759 7.43781e-06 0
4757.94 9 0.0577969 7.8251e-07 0
4757.94 9 0.0896151 -7.67747e-06 0
4757.94 9 0.13895 -1.65719e-05 0
4757.94 9 0.215443 -2.16708e-05 0
4757.94 9 0.334048 -1.5497e-05 0
4757.94 9 0.517947 6.77306e-06 0
4757.94 9 0.803086 2.75818e-05 0
4757.94 9 1.2452 1.15504e-05 0
4757.94 9 1.9307 -9.33032e-06 0
4757.94 9 2.99358 2.95797e-06 0
4757.94 9 4.64159 1.16055e-05 0
4757.94 9 7.19686 1.20869e-06 0
4757.94 9 11.1588 6.20365e-06 0
4757.94 9 17.302 4.03004e-06 0
4757.94 9 26.827 2.96667e-06 0
4757.94 9 41.5956 3.44585e-06 0
4757.94 9 64.4947 2.96581e-06 0
4757.94 9 100 2.24609e-06 0
4757.94 9 155.052 2.32768e-06 0
4757.94 9 240.41 2.03945e-06 0
4757.94 9 372.759 1.15129e-06 0
4757.94 9 577.969 8.46112e-07 0
4757.94 9 896.151 7.44579e-07 0
4757.94 9 1389.5 3.38021e-07 0
4757.94 9 2154.43 4.46519e-08 0
4757.94 9 3340.48 -4.76064e-08 0
4757.94 9 5179.47 -4.51105e-08 0
4757.94 9 8030.86 -3.56656e-08 0
4757.94 9 12452 -3.82305e-08 0
4757.94 9 19307 -3.60134e-08 0
4757.94 9 29935.8 -2.8603e-08 0
4757.94 9 46415.9 -2.07592e-08 0
4757.94 9 71968.6 -1.4646e-08 0
4757.94 9 111588 -1.11454e-08 0
4757.94 9 173020 -8.88871e-09 0
4757.94 9 268270 -7.06937e-09 0
4757.94 9 415956 -5.74241e-09 0
4757.94 9 644947 -4.67752e-09 0
4757.94 9 1e+06 -3.43545e-09 0

11601.6 9 1e-06 8.52926e-06 0
11601.6 9 1.55052e-06 8.52916e-06 0
11601.6 9 2.4041e-06 8.529e-06 0
11601.6 9 3.72759e-06 8.52875e-06 0
11601.6 9 5.77969e-06 8.52837e-06 0
11601.6 9 8.96151e-06 8.52779e-06 0
11601.6 9 1.3895e-05 8.52688e-06 0
11601.6 9 2.15443e-05 8.52549e-06 0
11601.6 9 3.34048e-05 8.52333e-06 0
11601.6 9 5.17947e-05 8.51997e-06 0
11601.6 9 8.03086e-05 8.51478e-06 0
11601.6 9 0.00012452 8.50671e-06 0
11601.6 9 0.00019307 8.49421e-06 0
11601.6 9 0.000299358 8.4749e-06 0
11601.6 9 0.000464159 8.44505e-06 0
11601.6 9 0.000719686 8.39882e-06 0
11601.6 9 0.00111588 8.32708e-06 0
11601.6 9 0.0017302 8.21617e-06 0
11601.6 9 0.0026827 8.04556e-06 0
11601.6 9 0.00415956 7.78284e-06 0
11601.6 9 0.00644947 7.37894e-06 0
11601.6 9 0.01 6.76396e-06 0
11601.6 9 0.0155052 5.83719e-06 0
11601.6 9 0.024041 4.45578e-06 0
11601.6 9 0.0372759 2.45596e-06 0
11601.6 9 0.0577969 -2.98661e-07 0
11601.6 9 0.0896151 -3.80045e-06 0
11601.6 9 0.13895 -7.48247e-06 0
11601.6 9 0.215443 -9.59372e-06 0
11601.6 9 0.334048 -7.0374e-06 0
11601.6 9 0.517947 2.18867e-06 0
11601.6 9 0.803086 1.08246e-05 0
11601.6 9 1.2452 4.2193e-06 0
11601.6 9 1.9307 -4.41971e-06 0
11601.6 9 2.99358 6.59492e-07 0
11601.6 9 4.64159 4.31029e-06 0
11601.6 9 7.19686 8.96046e-08 0
11601.6 9 11.1588 2.22763e-06 0
11601.6 9 17.302 1.37308e-06 0
11601.6 9 26.827 1.01006e-06 0
11601.6 9 41.5956 1.25847e-06 0
11601.6 9 64.4947 1.10886e-06 0
11601.6 9 100 8.65672e-07 0
11601.6 9 155.052 9.79163e-07 0
11601.6 9 240.41 9.3968e-07 0
11601.6 9 372.759 6.11641e-07 0
11601.6 9 577.969 5.35305e-07 0
11601.6 9 896.151 5.33716e-07 0
11601.6 9 1389.5 3.11988e-07 0
11601.6 9 2154.43 1.08833e-07 0
11601.6 9 3340.48 1.92242e-08 0
11601.6 9 5179.47 -2.07298e-10 0
11601.6 9 8030.86 -7.37971e-09 0
11601.6 9 12452 -2.20385e-08 0
11601.6 9 19307 -2.77503e-08 0
11601.6 9 29935.8 -2.47328e-08 0
11601.6 9 46415.9 -1.90476e-08 0
11601.6 9 71968.6 -1.39134e-08 0
11601.6 9 111588 -1.08222e-08 0
11601.6 9 173020 -8.74703e-09 0
11601.6 9 268270 -7.00438e-09 0
11601.6 9 415956 -5.71042e-09 0
11601.6 9 644947 -4.66063e-09 0
11601.6 9 1e+06 -3.42718e-09 0

28288.7 9 1e-06 3.36936e-06 0
28288.7 9 1.55052e-06 3.36931e-06 0
28288.7 9 2.4041e-06 3.36924e-06 0
28288.7 9 3.72759e-06 3.36914e-06 0
28288.7 9 5.77969e-06 3.36898e-06 0
28288.7 9 8.96151e-06 3.36874e-06 0
28288.7 9 1.3895e-05 3.36837e-06 0
28288.7 9 2.15443e-05 3.36779e-06 0
28288.7 9 3.34048e-05 3.3669e-06 0
28288.7 9 5.17947e-05 3.36552e-06 0
28288.7 9 8.03086e-05 3.36337e-06 0
28288.7 9 0.00012452 3.36004e-06 0
28288.7 9 0.00019307 3.35488e-06 0
28288.7 9 0.000299358 3.3469e-06 0
28288.7 9 0.000464159 3.33458e-06 0
28288.7 9 0.000719686 3.31549e-06 0
28288.7 9 0.00111588 3.28586e-06 0
28288.7 9 0.0017302 3.24006e-06 0
28288.7 9 0.0026827 3.1696e-06 0
28288.7 9 0.00415956 3.06111e-06 0
28288.7 9 0.00644947 2.89432e-06 0
28288.7 9 0.01 2.64036e-06 0
28288.7 9 0.0155052 2.25763e-06 0
28288.7 9 0.024041 1.68716e-06 0
28288.7 9 0.0372759 8.61291e-07 0
28288.7 9 0.0577969 -2.76309e-07 0
28288.7 9 0.0896151 -1.72251e-06 0
28288.7 9 0.13895 -3.24321e-06 0
28288.7 9 0.215443 -4.11526e-06 0
28288.7 9 0.334048 -3.0594e-06 0
28288.7 9 0.517947 7.5219e-07 0
28288.7 9 0.803086 4.32253e-06 0
28288.7 9 1.2452 1.59974e-06 0
28288.7 9 1.9307 -1.96746e-06 0
28288.7 9 2.99358 1.28862e-07 0
28288.7 9 4.64159 1.64858e-06 0
28288.7 9 7.19686 -8.05471e-08 0
28288.7 9 11.1588 8.14348e-07 0
28288.7 9 17.302 4.68982e-07 0
28288.7 9 26.827 3.32357e-07 0
28288.7 9 41.5956 4.43732e-07 0
28288.7 9 64.4947 3.90949e-07 0
28288.7 9 100 3.01369e-07 0
28288.7 9 155.052 3.6511e-07 0
28288.7 9 240.41 3.68591e-07 0
28288.7 9 372.759 2.49728e-07 0
28288.7 9 577.969 2.41628e-07 0
28288.7 9 896.151 2.66916e-07 0
28288.7 9 1389.5 1.81083e-07 0
28288.7 9 2154.43 8.86755e-08 0
28288.7 9 3340.48 4.22785e-08 0
28288.7 9 5179.47 2.87798e-08 0
28288.7 9 8030.86 1.91913e-08 0
28288.7 9 12452 -1.5651e-09 0
28288.7 9 19307 -1.49083e-08 0
28288.7 9 29935.8 -1.78258e-08 0
28288.7 9 46415.9 -1.57006e-08 0
28288.7 9 71968.6 -1.23883e-08 0
28288.7 9 111588 -1.01173e-08 0
28288.7 9 173020 -8.42835e-09 0
28288.7 9 268270 -6.85485e-09 0
28288.7 9 415956 -5.63557e-09 0
28288.7 9 644947 -4.62061e-09 0
28288.7 9 1e+06 -3.40748e-09 0

68977.9 9 1e-06 1.35615e-06 0
68977.9 9 1.55052e-06 1.35613e-06 0
68977.9 9 2.4041e-06 1.3561e-06 0
68977.9 9 3.72759e-06 1.35606e-06 0
68977.9 9 5.77969e-06 1.35599e-06 0
68977.9 9 8.96151e-06 1.35589e-06 0
68977.9 9 1.3895e-05 1.35574e-06 0
68977.9 9 2.15443e-05 1.3555e-06 0
68977.9 9 3.34048e-05 1.35513e-06 0
68977.9 9 5.17947e-05 1.35456e-06 0
68977.9 9 8.03086e-05 1.35368e-06 0
68977.9 9 0.00012452 1.3523e-06 0
68977.9 9 0.00019307 1.35018e-06 0
68977.9 9 0.000299358 1.34689e-06 0
68977.9 9 0.000464159 1.34181e-06 0
68977.9 9 0.000719686 1.33394e-06 0
68977.9 9 0.00111588 1.32172e-06 0
68977.9 9 0.0017302 1.30284e-06 0
68977.9 9 0.0026827 1.2738e-06 0
68977.9 9 0.00415956 1.22907e-06 0
68977.9 9 0.00644947 1.16031e-06 0
68977.9 9 0.01 1.05561e-06 0
68977.9 9 0.0155052 8.9783e-07 0
68977.9 9 0.024041 6.62646e-07 0
68977.9 9 0.0372759 3.22174e-07 0
68977.9 9 0.0577969 -1.46818e-07 0
68977.9 9 0.0896151 -7.43041e-07 0
68977.9 9 0.13895 -1.36999e-06 0
68977.9 9 0.215443 -1.72953e-06 0
68977.9 9 0.334048 -1.29421e-06 0
68977.9 9 0.517947 2.7741e-07 0
68977.9 9 0.803086 1.74999e-06 0
68977.9 9 1.2452 6.28337e-07 0
68977.9 9 1.9307 -8.42209e-07 0
68977.9 9 2.99358 2.18114e-08 0
68977.9 9 4.64159 6.50365e-07 0
68977.9 9 7.19686 -6.01309e-08 0
68977.9 9 11.1588 3.10834e-07 0
68977.9 9 17.302 1.69744e-07 0
68977.9 9 26.827 1.15719e-07 0
68977.9 9 41.5956 1.632e-07 0
68977.9 9 64.4947 1.43101e-07 0
68977.9 9 100 1.08266e-07 0
68977.9 9 155.052 1.37885e-07 0
68977.9 9 240.41 1.43559e-07 0
68977.9 9 372.759 9.89185e-08 0
68977.9 9 577.969 1.02153e-07 0
68977.9 9 896.151 1.20964e-07 0
68977.9 9 1389.5 9.16498e-08 0
68977.9 9 2154.43 5.73842e-08 0
68977.9 9 3340.48 4.07416e-08 0
68977.9 9 5179.47 3.63885e-08 0
68977.9 9 8030.86 3.05784e-08 0
68977.9 9 12452 1.32848e-08 0
68977.9 9 19307 -1.63475e-09 0
68977.9 9 29935.8 -8.74884e-09 0
68977.9 9 46415.9 -1.04968e-08 0
68977.9 9 71968.6 -9.70698e-09 0
68977.9 9 111588 -8.754e-09 0
68977.9 9 173020 -7.77116e-09 0
68977.9 9 268270 -6.53146e-09 0
68977.9 9 415956 -5.4679e-09 0
68977.9 9 644947 -4.52873e-09 0
68977.9 9 1e+06 -3.36163e-09 0

168192 9 1e-06 5.44581e-07 0
168192 9 1.55052e-06 5.44572e-07 0
168192 9 2.4041e-06 5.44561e-07 0
168192 9 3.72759e-06 5.44544e-07 0
168192 9 5.77969e-06 5.44517e-07 0
168192 9 8.96151e-06 5.44476e-07 0
168192 9 1.3895e-05 5.44413e-07 0
168192 9 2.15443e-05 5.44315e-07 0
168192 9 3.34048e-05 5.44163e-07 0
168192 9 5.17947e-05 5.43928e-07 0
168192 9 8.03086e-05 5.43564e-07 0
168192 9 0.00012452 5.42998e-07 0
168192 9 0.00019307 5.42122e-07 0
168192 9 0.000299358 5.40767e-07 0
168192 9 0.000464159 5.38673e-07 0
168192 9 0.000719686 5.35431e-07 0
168192 9 0.00111588 5.30399e-07 0
168192 9 0.0017302 5.2262e-07 0
168192 9 0.0026827 5.10654e-07 0
168192 9 0.00415956 4.92227e-07 0
168192 9 0.00644947 4.63898e-07 0
168192 9 0.01 4.20764e-07 0
168192 9 0.0155052 3.55761e-07 0
168192 9 0.024041 2.58868e-07 0
168192 9 0.0372759 1.18597e-07 0
168192 9 0.0577969 -7.46224e-08 0
168192 9 0.0896151 -3.20261e-07 0
168192 9 0.13895 -5.7856e-07 0
168192 9 0.215443 -7.2669e-07 0
168192 9 0.334048 -5.47339e-07 0
168192 9 0.517947 1.00192e-07 0
168192 9 0.803086 7.06991e-07 0
168192 9 1.2452 2.45026e-07 0
168192 9 1.9307 -3.60809e-07 0
168192 9 2.99358 -4.87724e-09 0
168192 9 4.64159 2.54425e-07 0
168192 9 7.19686 -3.78898e-08 0
168192 9 11.1588 1.15292e-07 0
168192 9 17.302 5.73913e-08 0
168192 9 26.827 3.55374e-08 0
168192 9 41.5956 5.53857e-08 0
168192 9 64.4947 4.74226e-08 0
168192 9 100 3.34851e-08 0
168192 9 155.052 4.63535e-08 0
168192 9 240.41 4.95787e-08 0
168192 9 372.759 3.2214e-08 0
168192 9 577.969 3.5148e-08 0
168192 9 896.151 4.51263e-08 0
168192 9 1389.5 3.53595e-08 0
168192 9 2154.43 2.37867e-08 0
168192 9 3340.48 1.97977e-08 0
168192 9 5179.47 2.0921e-08 0
168192 9 8030.86 2.06154e-08 0
168192 9 12452 1.28814e-08 0
168192 9 19307 4.25907e-09 0
168192 9 29935.8 -1.49438e-09 0
168192 9 46415.9 -4.60032e-09 0
168192 9 71968.6 -5.77534e-09 0
168192 9 111588 -6.33308e-09 0
168192 9 173020 -6.44127e-09 0
168192 9 268270 -5.81742e-09 0
168192 9 415956 -5.07855e-09 0
168192 9 644947 -4.31032e-09 0
168192 9 1e+06 -3.25133e-09 0

410113 9 1e-06 2.19318e-07 0
410113 9 1.55052e-06 2.19315e-07 0
410113 9 2.4041e-06 2.1931e-07 0
410113 9 3.72759e-06 2.19303e-07 0
410113 9 5.77969e-06 2.19292e-07 0
410113 9 8.96151e-06 2.19275e-07 0
410113 9 1.3895e-05 2.19249e-07 0
410113 9 2.15443e-05 2.19209e-07 0
410113 9 3.34048e-05 2.19146e-07 0
410113 9 5.17947e-05 2.19049e-07 0
410113 9 8.03086e-05 2.18899e-07 0
410113 9 0.00012452 2.18666e-07 0
410113 9 0.00019307 2.18306e-07 0
410113 9 0.000299358 2.17748e-07 0
410113 9 0.000464159 2.16886e-07 0
410113 9 0.000719686 2.15551e-07 0
410113 9 0.00111588 2.13479e-07 0
410113 9 0.0017302 2.10276e-07 0
410113 9 0.0026827 2.05349e-07 0
410113 9 0.00415956 1.97762e-07 0
410113 9 0.00644947 1.86097e-07 0
410113 9 0.01 1.68337e-07 0
410113 9 0.0155052 1.41571e-07 0
410113 9 0.024041 1.01676e-07 0
410113 9 0.0372759 4.39193e-08 0
410113 9 0.0577969 -3.56392e-08 0
410113 9 0.0896151 -1.36781e-07 0
410113 9 0.13895 -2.43137e-07 0
410113 9 0.215443 -3.0413e-07 0
410113 9 0.334048 -2.30282e-07 0
410113 9 0.517947 3.63471e-08 0
410113 9 0.803086 2.86216e-07 0
410113 9 1.2452 9.60258e-08 0
410113 9 1.9307 -1.53425e-07 0
410113 9 2.99358 -6.87575e-09 0
410113 9 4.64159 9.99505e-08 0
410113 9 7.19686 -2.03426e-08 0
410113 9 11.1588 4.27893e-08 0
410113 9 17.302 1.89867e-08 0
410113 9 26.827 1.00567e-08 0
410113 9 41.5956 1.8278e-08 0
410113 9 64.4947 1.50535e-08 0
410113 9 100 9.38611e-09 0
410113 9 155.052 1.48e-08 0
410113 9 240.41 1.6284e-08 0
410113 9 372.759 9.32005e-09 0
410113 9 577.969 1.08244e-08 0
410113 9 896.151 1.53611e-08 0
410113 9 1389.5 1.18317e-08 0
410113 9 2154.43 7.68988e-09 0
410113 9 3340.48 6.86276e-09 0
410113 9 5179.47 8.32583e-09 0
410113 9 8030.86 9.24852e-09 0
410113 9 12452 6.7344e-09 0
410113 9 19307 3.42272e-09 0
410113 9 29935.8 8.97662e-10 0
410113 9 46415.9 -9.3888e-10 0
410113 9 71968.6 -2.20122e-09 0
410113 9 111588 -3.41741e-09 0
410113 9 173020 -4.44262e-09 0
410113 9 268270 -4.54997e-09 0
410113 9 415956 -4.30533e-09 0
410113 9 644947 -3.84677e-09 0
410113 9 1e+06 -3.00827e-09 0

1e+06 9 1e-06 8.86759e-08 0
1e+06 9 1.55052e-06 8.86747e-08 0
1e+06 9 2.4041e-06 8.86724e-08 0
1e+06 9 3.72759e-06 8.86696e-08 0
1e+06 9 5.77969e-06 8.8665e-08 0
1e+06 9 8.96151e-06 8.8658e-08 0
1e+06 9 1.3895e-05 8.86472e-08 0
1e+06 9 2.15443e-05 8.86308e-08 0
1e+06 9 3.34048e-05 8.8605e-08 0
1e+06 9 5.17947e-05 8.85651e-08 0
1e+06 9 8.03086e-05 8.85034e-08 0
1e+06 9 0.00012452 8.84074e-08 0
1e+06 9 0.00019307 8.82589e-08 0
1e+06 9 0.000299358 8.80292e-08 0
1e+06 9 0.000464159 8.76743e-08 0
1e+06 9 0.000719686 8.71247e-08 0
1e+06 9 0.00111588 8.62717e-08 0
1e+06 9 0.0017302 8.49529e-08 0
1e+06 9 0.0026827 8.29244e-08 0
1e+06 9 0.00415956 7.98007e-08 0
1e+06 9 0.00644947 7.49982e-08 0
1e+06 9 0.01 6.7686e-08 0
1e+06 9 0.0155052 5.66665e-08 0
1e+06 9 0.024041 4.02409e-08 0
1e+06 9 0.0372759 1.64618e-08 0
1e+06 9 0.0577969 -1.62935e-08 0
1e+06 9 0.0896151 -5.79352e-08 0
1e+06 9 0.13895 -1.01723e-07 0
1e+06 9 0.215443 -1.26835e-07 0
1e+06 9 0.334048 -9.64305e-08 0
1e+06 9 0.517947 1.33452e-08 0
1e+06 9 0.803086 1.16223e-07 0
1e+06 9 1.2452 3.79231e-08 0
1e+06 9 1.9307 -6.47787e-08 0
1e+06 9 2.99358 -4.44347e-09 0
1e+06 9 4.64159 3.95482e-08 0
1e+06 9 7.19686 -9.96665e-09 0
1e+06 9 11.1588 1.60356e-08 0
1e+06 9 17.302 6.24227e-09 0
1e+06 9 26.827 2.57729e-09 0
1e+06 9 41.5956 5.97052e-09 0
1e+06 9 64.4947 4.65234e-09 0
1e+06 9 100 2.33143e-09 0
1e+06 9 155.052 4.58054e-09 0
1e+06 9 240.41 5.21895e-09 0
1e+06 9 372.759 2.38521e-09 0
1e+06 9 577.969 3.05818e-09 0
1e+06 9 896.151 5.00479e-09 0
1e+06 9 1389.5 3.64685e-09 0
1e+06 9 2154.43 2.06965e-09 0
1e+06 9 3340.48 1.90765e-09 0
1e+06 9 5179.47 2.7481e-09 0
1e+06 9 8030.86 3.41632e-09 0
1e+06 9 12452 2.66046e-09 0
1e+06 9 19307 1.561e-09 0
1e+06 9 29935.8 7.42761e-10 0
1e+06 9 46415.9 8.2634e-11 0
1e+06 9 71968.6 -5.20911e-10 0
1e+06 9 111588 -1.38874e-09 0
1e+06 9 173020 -2.40275e-09 0
1e+06 9 268270 -2.83727e-09 0
1e+06 9 415956 -3.03533e-09 0
1e+06 9 644947 -2.98848e-09 0
1e+06 9 1e+06 -2.52234e-09 0

