#q_sq i k_sq Re(fg) Im(fg)
1e-06 7 1e-06 3763.26 -0
1e-06 7 1.55052e-06 2426.7 -0
1e-06 7 2.4041e-06 1564.68 -0
1e-06 7 3.72759e-06 1008.73 -0
1e-06 7 5.77969e-06 650.168 -0
1e-06 7 8.96151e-06 418.915 -0
1e-06 7 1.3895e-05 269.77 -0
1e-06 7 2.15443e-05 173.579 -0
1e-06 7 3.34048e-05 111.541 -0
1e-06 7 5.17947e-05 71.5304 -0
1e-06 7 8.03086e-05 45.7254 -0
1e-06 7 0.00012452 29.0827 -0
1e-06 7 0.00019307 18.3492 -0
1e-06 7 0.000299358 11.4269 -0
1e-06 7 0.000464159 6.96277 -0
1e-06 7 0.000719686 4.08422 -0
1e-06 7 0.00111588 2.2286 -0
1e-06 7 0.0017302 1.03322 -0
1e-06 7 0.0026827 0.264419 -0
1e-06 7 0.00415956 -0.2281 0
1e-06 7 0.00644947 -0.54066 0
1e-06 7 0.01 -0.734442 0
1e-06 7 0.0155052 -0.847553 0
1e-06 7 0.024041 -0.902726 0
1e-06 7 0.0372759 -0.91204 0
1e-06 7 0.0577969 -0.880222 0
1e-06 7 0.0896151 -0.807746 0
1e-06 7 0.13895 -0.694051 0
1e-06 7 0.215443 -0.543081 0
1e-06 7 0.334048 -0.37065 0
1e-06 7 0.517947 -0.207142 0
1e-06 7 0.803086 -0.0876217 0
1e-06 7 1.2452 -0.0267209 0
1e-06 7 1.9307 -0.00634289 0
1e-06 7 2.99358 -0.00152975 0
1e-06 7 4.64159 -0.000540869 0
1e-06 7 7.19686 -0.000212875 0
1e-06 7 11.1588 -8.46628e-05 0
1e-06 7 17.302 -3.42996e-05 0
1e-06 7 26.827 -1.37854e-05 0
1e-06 7 41.5956 -5.50805e-06 0
1e-06 7 64.4947 -2.20476e-06 0
1e-06 7 100 -8.83239e-07 0
1e-06 7 155.052 -3.53868e-07 0
1e-06 7 240.41 -1.42107e-07 0
1e-06 7 372.759 -5.71878e-08 0
1e-06 7 577.969 -2.30243e-08 0
1e-06 7 896.151 -9.27995e-09 0
1e-06 7 1389.5 -3.74901e-09 0
1e-06 7 2154.43 -1.51613e-09 0
1e-06 7 3340.48 -6.13591e-10 0
1e-06 7 5179.47 -2.48574e-10 0
1e-06 7 8030.86 -1.00811e-10 0
1e-06 7 12452 -4.09327e-11 0
1e-06 7 19307 -1.66326e-11 0
1e-06 7 29935.8 -6.76276e-12 0
1e-06 7 46415.9 -2.75164e-12 0
1e-06 7 71968.6 -1.12036e-12 0
1e-06 7 111588 -4.56471e-13 0
1e-06 7 173020 -1.86137e-13 0
1e-06 7 268270 -7.5942e-14 0
1e-06 7 415956 -3.10037e-14 0
1e-06 7 644947 -1.26655e-14 0
1e-06 7 1e+06 -5.17633e-15 0

2.43835e-06 7 1e-06 3763.26 -0
2.43835e-06 7 1.55052e-06 2426.69 -0
2.43835e-06 7 2.4041e-06 1564.68 -0
2.43835e-06 7 3.72759e-06 1008.73 -0
2.43835e-06 7 5.77969e-06 650.167 -0
2.43835e-06 7 8.96151e-06 418.915 -0
2.43835e-06 7 1.3895e-05 269.77 -0
2.43835e-06 7 2.15443e-05 173.579 -0
2.43835e-06 7 3.34048e-05 111.541 -0
2.43835e-06 7 5.17947e-05 71.5303 -0
2.43835e-06 7 8.03086e-05 45.7254 -0
2.43835e-06 7 0.00012452 29.0827 -0
2.43835e-06 7 0.00019307 18.3492 -0
2.43835e-06 7 0.000299358 11.4269 -0
2.43835e-06 7 0.000464159 6.96276 -0
2.43835e-06 7 0.000719686 4.08421 -0
2.43835e-06 7 0.00111588 2.2286 -0
2.43835e-06 7 0.0017302 1.03322 -0
2.43835e-06 7 0.0026827 0.26442 -0
2.43835e-06 7 0.00415956 -0.228099 0
2.43835e-06 7 0.00644947 -0.540658 0
2.43835e-06 7 0.01 -0.73444 0
2.43835e-06 7 0.0155052 -0.847551 0
2.43835e-06 7 0.024041 -0.902724 0
2.43835e-06 7 0.0372759 -0.912038 0
2.43835e-06 7 0.0577969 -0.88022 0
2.43835e-06 7 0.0896151 -0.807744 0
2.43835e-06 7 0.13895 -0.69405 0
2.43835e-06 7 0.215443 -0.54308 0
2.43835e-06 7 0.334048 -0.37065 0
2.43835e-06 7 0.517947 -0.207141 0
2.43835e-06 7 0.803086 -0.0876216 0
2.43835e-06 7 1.2452 -0.0267209 0
2.43835e-06 7 1.9307 -0.00634289 0
2.43835e-06 7 2.99358 -0.00152975 0
2.43835e-06 7 4.64159 -0.000540869 0
2.43835e-06 7 7.19686 -0.000212875 0
2.43835e-06 7 11.1588 -8.46628e-05 0
2.43835e-06 7 17.302 -3.42996e-05 0
2.43835e-06 7 26.827 -1.37854e-05 0
2.43835e-06 7 41.5956 -5.50805e-06 0
2.43835e-06 7 64.4947 -2.20476e-06 0
2.43835e-06 7 100 -8.83238e-07 0
2.43835e-06 7 155.052 -3.53868e-07 0
2.43835e-06 7 240.41 -1.42107e-07 0
2.43835e-06 7 372.759 -5.71878e-08 0
2.43835e-06 7 577.969 -2.30243e-08 0
2.43835e-06 7 896.151 -9.27995e-09 0
2.43835e-06 7 1389.5 -3.74901e-09 0
2.43835e-06 7 2154.43 -1.51613e-09 0
2.43835e-06 7 3340.48 -6.1359e-10 0
2.43835e-06 7 5179.47 -2.48574e-10 0
2.43835e-06 7 8030.86 -1.00811e-10 0
2.43835e-06 7 12452 -4.09327e-11 0
2.43835e-06 7 19307 -1.66326e-11 0
2.43835e-06 7 29935.8 -6.76275e-12 0
2.43835e-06 7 46415.9 -2.75164e-12 0
2.43835e-06 7 71968.6 -1.12036e-12 0
2.43835e-06 7 111588 -4.56471e-13 0
2.43835e-06 7 173020 -1.86136e-13 0
2.43835e-06 7 268270 -7.59419e-14 0
2.43835e-06 7 415956 -3.10036e-14 0
2.43835e-06 7 644947 -1.26655e-14 0
2.43835e-06 7 1e+06 -5.17633e-15 0

5.94557e-06 7 1e-06 3763.24 -0
5.94557e-06 7 1.55052e-06 2426.68 -0
5.94557e-06 7 2.4041e-06 1564.67 -0
5.94557e-06 7 3.72759e-06 1008.72 -0
5.94557e-06 7 5.77969e-06 650.165 -0
5.94557e-06 7 8.96151e-06 418.913 -0
5.94557e-06 7 1.3895e-05 269.769 -0
5.94557e-06 7 2.15443e-05 173.579 -0
5.94557e-06 7 3.34048e-05 111.541 -0
5.94557e-06 7 5.17947e-05 71.53 -0
5.94557e-06 7 8.03086e-05 45.7252 -0
5.94557e-06 7 0.00012452 29.0826 -0
5.94557e-06 7 0.00019307 18.3491 -0
5.94557e-06 7 0.000299358 11.4269 -0
5.94557e-06 7 0.000464159 6.96274 -0
5.94557e-06 7 0.000719686 4.0842 -0
5.94557e-06 7 0.00111588 2.2286 -0
5.94557e-06 7 0.0017302 1.03322 -0
5.94557e-06 7 0.0026827 0.264423 -0
5.94557e-06 7 0.00415956 -0.228094 0
5.94557e-06 7 0.00644947 -0.540652 0
5.94557e-06 7 0.01 -0.734433 0
5.94557e-06 7 0.0155052 -0.847544 0
5.94557e-06 7 0.024041 -0.902717 0
5.94557e-06 7 0.0372759 -0.912031 0
5.94557e-06 7 0.0577969 -0.880213 0
5.94557e-06 7 0.0896151 -0.807739 0
5.94557e-06 7 0.13895 -0.694046 0
5.94557e-06 7 0.215443 -0.543077 0
5.94557e-06 7 0.334048 -0.370648 0
5.94557e-06 7 0.517947 -0.20714 0
5.94557e-06 7 0.803086 -0.0876213 0
5.94557e-06 7 1.2452 -0.0267208 0
5.94557e-06 7 1.9307 -0.00634286 0
5.94557e-06 7 2.99358 -0.00152974 0
5.94557e-06 7 4.64159 -0.000540865 0
5.94557e-06 7 7.19686 -0.000212873 0
5.94557e-06 7 11.1588 -8.46621e-05 0
5.94557e-06 7 17.302 -3.42993e-05 0
5.94557e-06 7 26.827 -1.37853e-05 0
5.94557e-06 7 41.5956 -5.50801e-06 0
5.94557e-06 7 64.4947 -2.20474e-06 0
5.94557e-06 7 100 -8.83231e-07 0
5.94557e-06 7 155.052 -3.53865e-07 0
5.94557e-06 7 240.41 -1.42106e-07 0
5.94557e-06 7 372.759 -5.71873e-08 0
5.94557e-06 7 577.969 -2.30241e-08 0
5.94557e-06 7 896.151 -9.27988e-09 0
5.94557e-06 7 1389.5 -3.74898e-09 0
5.94557e-06 7 2154.43 -1.51612e-09 0
5.94557e-06 7 3340.48 -6.13586e-10 0
5.94557e-06 7 5179.47 -2.48572e-10 0
5.94557e-06 7 8030.86 -1.0081e-10 0
5.94557e-06 7 12452 -4.09324e-11 0
5.94557e-06 7 19307 -1.66325e-11 0
5.94557e-06 7 29935.8 -6.7627e-12 0
5.94557e-06 7 46415.9 -2.75162e-12 0
5.94557e-06 7 71968.6 -1.12035e-12 0
5.94557e-06 7 111588 -4.56467e-13 0
5.94557e-06 7 173020 -1.86135e-13 0
5.94557e-06 7 268270 -7.59414e-14 0
5.94557e-06 7 415956 -3.10034e-14 0
5.94557e-06 7 644947 -1.26654e-14 0
5.94557e-06 7 1e+06 -5.17629e-15 0

1.44974e-05 7 1e-06 3763.18 -0
1.44974e-05 7 1.55052e-06 2426.64 -0
1.44974e-05 7 2.4041e-06 1564.65 -0
1.44974e-05 7 3.72759e-06 1008.71 -0
1.44974e-05 7 5.77969e-06 650.154 -0
1.44974e-05 7 8.96151e-06 418.907 -0
1.44974e-05 7 1.3895e-05 269.764 -0
1.44974e-05 7 2.15443e-05 173.576 -0
1.44974e-05 7 3.34048e-05 111.539 -0
1.44974e-05 7 5.17947e-05 71.5289 -0
1.44974e-05 7 8.03086e-05 45.7245 -0
1.44974e-05 7 0.00012452 29.0821 -0
1.44974e-05 7 0.00019307 18.3488 -0
1.44974e-05 7 0.000299358 11.4267 -0
1.44974e-05 7 0.000464159 6.96263 -0
1.44974e-05 7 0.000719686 4.08414 -0
1.44974e-05 7 0.00111588 2.22857 -0
1.44974e-05 7 0.0017302 1.03321 -0
1.44974e-05 7 0.0026827 0.264425 -0
1.44974e-05 7 0.00415956 -0.228084 0
1.44974e-05 7 0.00644947 -0.540637 0
1.44974e-05 7 0.01 -0.734415 0
1.44974e-05 7 0.0155052 -0.847524 0
1.44974e-05 7 0.024041 -0.902696 0
1.44974e-05 7 0.0372759 -0.91201 0
1.44974e-05 7 0.0577969 -0.880192 0
1.44974e-05 7 0.0896151 -0.807718 0
1.44974e-05 7 0.13895 -0.694026 0
1.44974e-05 7 0.215443 -0.54306 0
1.44974e-05 7 0.334048 -0.370634 0
1.44974e-05 7 0.517947 -0.207131 0
1.44974e-05 7 0.803086 -0.087617 0
1.44974e-05 7 1.2452 -0.0267197 0
1.44974e-05 7 1.9307 -0.00634281 0
1.44974e-05 7 2.99358 -0.0015298 0
1.44974e-05 7 4.64159 -0.000540905 0
1.44974e-05 7 7.19686 -0.000212894 0
1.44974e-05 7 11.1588 -8.46718e-05 0
1.44974e-05 7 17.302 -3.43035e-05 0
1.44974e-05 7 26.827 -1.37871e-05 0
1.44974e-05 7 41.5956 -5.50873e-06 0
1.44974e-05 7 64.4947 -2.20503e-06 0
1.44974e-05 7 100 -8.8335e-07 0
1.44974e-05 7 155.052 -3.53912e-07 0
1.44974e-05 7 240.41 -1.42125e-07 0
1.44974e-05 7 372.759 -5.7195e-08 0
1.44974e-05 7 577.969 -2.30272e-08 0
1.44974e-05 7 896.151 -9.2811e-09 0
1.44974e-05 7 1389.5 -3.74947e-09 0
1.44974e-05 7 2154.43 -1.51632e-09 0
1.44974e-05 7 3340.48 -6.13665e-10 0
1.44974e-05 7 5179.47 -2.48604e-10 0
1.44974e-05 7 8030.86 -1.00823e-10 0
1.44974e-05 7 12452 -4.09376e-11 0
1.44974e-05 7 19307 -1.66346e-11 0
1.44974e-05 7 29935.8 -6.76356e-12 0
1.44974e-05 7 46415.9 -2.75197e-12 0
1.44974e-05 7 71968.6 -1.12049e-12 0
1.44974e-05 7 111588 -4.56524e-13 0
1.44974e-05 7 173020 -1.86158e-13 0
1.44974e-05 7 268270 -7.59508e-14 0
1.44974e-05 7 415956 -3.10072e-14 0
1.44974e-05 7 644947 -1.2667e-14 0
1.44974e-05 7 1e+06 -5.17693e-15 0

3.53498e-05 7 1e-06 3763.11 -0
3.53498e-05 7 1.55052e-06 2426.59 -0
3.53498e-05 7 2.4041e-06 1564.62 -0
3.53498e-05 7 3.72759e-06 1008.69 -0
3.53498e-05 7 5.77969e-06 650.141 -0
3.53498e-05 7 8.96151e-06 418.898 -0
3.53498e-05 7 1.3895e-05 269.759 -0
3.53498e-05 7 2.15443e-05 173.572 -0
3.53498e-05 7 3.34048e-05 111.537 -0
3.53498e-05 7 5.17947e-05 71.5274 -0
3.53498e-05 7 8.03086e-05 45.7235 -0
3.53498e-05 7 0.00012452 29.0815 -0
3.53498e-05 7 0.00019307 18.3484 -0
3.53498e-05 7 0.000299358 11.4264 -0
3.53498e-05 7 0.000464159 6.96248 -0
3.53498e-05 7 0.000719686 4.08405 -0
3.53498e-05 7 0.00111588 2.22852 -0
3.53498e-05 7 0.0017302 1.03318 -0
3.53498e-05 7 0.0026827 0.264413 -0
3.53498e-05 7 0.00415956 -0.228086 0
3.53498e-05 7 0.00644947 -0.540633 0
3.53498e-05 7 0.01 -0.734406 0
3.53498e-05 7 0.0155052 -0.847512 0
3.53498e-05 7 0.024041 -0.902682 0
3.53498e-05 7 0.0372759 -0.911995 0
3.53498e-05 7 0.0577969 -0.880176 0
3.53498e-05 7 0.0896151 -0.807701 0
3.53498e-05 7 0.13895 -0.694008 0
3.53498e-05 7 0.215443 -0.543041 0
3.53498e-05 7 0.334048 -0.370615 0
3.53498e-05 7 0.517947 -0.207116 0
3.53498e-05 7 0.803086 -0.0876087 0
3.53498e-05 7 1.2452 -0.0267188 0
3.53498e-05 7 1.9307 -0.00634392 0
3.53498e-05 7 2.99358 -0.00153033 0
3.53498e-05 7 4.64159 -0.000541154 0
3.53498e-05 7 7.19686 -0.000213009 0
3.53498e-05 7 11.1588 -8.47199e-05 0
3.53498e-05 7 17.302 -3.43234e-05 0
3.53498e-05 7 26.827 -1.37951e-05 0
3.53498e-05 7 41.5956 -5.51195e-06 0
3.53498e-05 7 64.4947 -2.20632e-06 0
3.53498e-05 7 100 -8.83863e-07 0
3.53498e-05 7 155.052 -3.54117e-07 0
3.53498e-05 7 240.41 -1.42206e-07 0
3.53498e-05 7 372.759 -5.72277e-08 0
3.53498e-05 7 577.969 -2.30402e-08 0
3.53498e-05 7 896.151 -9.28634e-09 0
3.53498e-05 7 1389.5 -3.75158e-09 0
3.53498e-05 7 2154.43 -1.51716e-09 0
3.53498e-05 7 3340.48 -6.14005e-10 0
3.53498e-05 7 5179.47 -2.48741e-10 0
3.53498e-05 7 8030.86 -1.00878e-10 0
3.53498e-05 7 12452 -4.09599e-11 0
3.53498e-05 7 19307 -1.66436e-11 0
3.53498e-05 7 29935.8 -6.76721e-12 0
3.53498e-05 7 46415.9 -2.75344e-12 0
3.53498e-05 7 71968.6 -1.12109e-12 0
3.53498e-05 7 111588 -4.56767e-13 0
3.53498e-05 7 173020 -1.86257e-13 0
3.53498e-05 7 268270 -7.59908e-14 0
3.53498e-05 7 415956 -3.10235e-14 0
3.53498e-05 7 644947 -1.26736e-14 0
3.53498e-05 7 1e+06 -5.17962e-15 0

8.61954e-05 7 1e-06 3763.04 -0
8.61954e-05 7 1.55052e-06 2426.55 -0
8.61954e-05 7 2.4041e-06 1564.59 -0
8.61954e-05 7 3.72759e-06 1008.67 -0
8.61954e-05 7 5.77969e-06 650.129 -0
8.61954e-05 7 8.96151e-06 418.89 -0
8.61954e-05 7 1.3895e-05 269.754 -0
8.61954e-05 7 2.15443e-05 173.569 -0
8.61954e-05 7 3.34048e-05 111.535 -0
8.61954e-05 7 5.17947e-05 71.526 -0
8.61954e-05 7 8.03086e-05 45.7226 -0
8.61954e-05 7 0.00012452 29.0809 -0
8.61954e-05 7 0.00019307 18.348 -0
8.61954e-05 7 0.000299358 11.4261 -0
8.61954e-05 7 0.000464159 6.96227 -0
8.61954e-05 7 0.000719686 4.0839 -0
8.61954e-05 7 0.00111588 2.2284 -0
8.61954e-05 7 0.0017302 1.03309 -0
8.61954e-05 7 0.0026827 0.264329 -0
8.61954e-05 7 0.00415956 -0.22816 0
8.61954e-05 7 0.00644947 -0.5407 0
8.61954e-05 7 0.01 -0.734469 0
8.61954e-05 7 0.0155052 -0.84757 0
8.61954e-05 7 0.024041 -0.902736 0
8.61954e-05 7 0.0372759 -0.912044 0
8.61954e-05 7 0.0577969 -0.880219 0
8.61954e-05 7 0.0896151 -0.807735 0
8.61954e-05 7 0.13895 -0.69403 0
8.61954e-05 7 0.215443 -0.543049 0
8.61954e-05 7 0.334048 -0.37061 0
8.61954e-05 7 0.517947 -0.207104 0
8.61954e-05 7 0.803086 -0.0876013 0
8.61954e-05 7 1.2452 -0.0267209 0
8.61954e-05 7 1.9307 -0.00634783 0
8.61954e-05 7 2.99358 -0.00153147 0
8.61954e-05 7 4.64159 -0.000541496 0
8.61954e-05 7 7.19686 -0.000213154 0
8.61954e-05 7 11.1588 -8.47791e-05 0
8.61954e-05 7 17.302 -3.43473e-05 0
8.61954e-05 7 26.827 -1.38047e-05 0
8.61954e-05 7 41.5956 -5.51574e-06 0
8.61954e-05 7 64.4947 -2.20783e-06 0
8.61954e-05 7 100 -8.84461e-07 0
8.61954e-05 7 155.052 -3.54355e-07 0
8.61954e-05 7 240.41 -1.42301e-07 0
8.61954e-05 7 372.759 -5.72655e-08 0
8.61954e-05 7 577.969 -2.30554e-08 0
8.61954e-05 7 896.151 -9.29241e-09 0
8.61954e-05 7 1389.5 -3.75401e-09 0
8.61954e-05 7 2154.43 -1.51814e-09 0
8.61954e-05 7 3340.48 -6.14399e-10 0
8.61954e-05 7 5179.47 -2.489e-10 0
8.61954e-05 7 8030.86 -1.00942e-10 0
8.61954e-05 7 12452 -4.09857e-11 0
8.61954e-05 7 19307 -1.66541e-11 0
8.61954e-05 7 29935.8 -6.77143e-12 0
8.61954e-05 7 46415.9 -2.75515e-12 0
8.61954e-05 7 71968.6 -1.12178e-12 0
8.61954e-05 7 111588 -4.57048e-13 0
8.61954e-05 7 173020 -1.86371e-13 0
8.61954e-05 7 268270 -7.60371e-14 0
8.61954e-05 7 415956 -3.10423e-14 0
8.61954e-05 7 644947 -1.26812e-14 0
8.61954e-05 7 1e+06 -5.18273e-15 0

0.000210175 7 1e-06 3763.2 -0
0.000210175 7 1.55052e-06 2426.65 -0
0.000210175 7 2.4041e-06 1564.65 -0
0.000210175 7 3.72759e-06 1008.71 -0
0.000210175 7 5.77969e-06 650.156 -0
0.000210175 7 8.96151e-06 418.907 -0
0.000210175 7 1.3895e-05 269.764 -0
0.000210175 7 2.15443e-05 173.575 -0
0.000210175 7 3.34048e-05 111.538 -0
0.000210175 7 5.17947e-05 71.528 -0
0.000210175 7 8.03086e-05 45.7235 -0
0.000210175 7 0.00012452 29.0811 -0
0.000210175 7 0.00019307 18.3477 -0
0.000210175 7 0.000299358 11.4255 -0
0.000210175 7 0.000464159 6.96148 -0
0.000210175 7 0.000719686 4.08298 -0
0.000210175 7 0.00111588 2.2274 -0
0.000210175 7 0.0017302 1.03204 -0
0.000210175 7 0.0026827 0.263256 -0
0.000210175 7 0.00415956 -0.229248 0
0.000210175 7 0.00644947 -0.54179 0
0.000210175 7 0.01 -0.73555 0
0.000210175 7 0.0155052 -0.848631 0
0.000210175 7 0.024041 -0.903761 0
0.000210175 7 0.0372759 -0.913013 0
0.000210175 7 0.0577969 -0.881104 0
0.000210175 7 0.0896151 -0.808503 0
0.000210175 7 0.13895 -0.694647 0
0.000210175 7 0.215443 -0.543486 0
0.000210175 7 0.334048 -0.370865 0
0.000210175 7 0.517947 -0.207212 0
0.000210175 7 0.803086 -0.0876311 0
0.000210175 7 1.2452 -0.0267314 0
0.000210175 7 1.9307 -0.00635491 0
0.000210175 7 2.99358 -0.00153358 0
0.000210175 7 4.64159 -0.000542051 0
0.000210175 7 7.19686 -0.000213381 0
0.000210175 7 11.1588 -8.4871e-05 0
0.000210175 7 17.302 -3.43844e-05 0
0.000210175 7 26.827 -1.38195e-05 0
0.000210175 7 41.5956 -5.52166e-06 0
0.000210175 7 64.4947 -2.21018e-06 0
0.000210175 7 100 -8.854e-07 0
0.000210175 7 155.052 -3.54729e-07 0
0.000210175 7 240.41 -1.4245e-07 0
0.000210175 7 372.759 -5.73251e-08 0
0.000210175 7 577.969 -2.30792e-08 0
0.000210175 7 896.151 -9.30195e-09 0
0.000210175 7 1389.5 -3.75784e-09 0
0.000210175 7 2154.43 -1.51968e-09 0
0.000210175 7 3340.48 -6.15018e-10 0
0.000210175 7 5179.47 -2.49149e-10 0
0.000210175 7 8030.86 -1.01043e-10 0
0.000210175 7 12452 -4.10263e-11 0
0.000210175 7 19307 -1.66705e-11 0
0.000210175 7 29935.8 -6.77807e-12 0
0.000210175 7 46415.9 -2.75784e-12 0
0.000210175 7 71968.6 -1.12287e-12 0
0.000210175 7 111588 -4.5749e-13 0
0.000210175 7 173020 -1.8655e-13 0
0.000210175 7 268270 -7.611e-14 0
0.000210175 7 415956 -3.10719e-14 0
0.000210175 7 644947 -1.26933e-14 0
0.000210175 7 1e+06 -5.18763e-15 0

0.000512481 7 1e-06 3762.93 -0
0.000512481 7 1.55052e-06 2426.48 -0
0.000512481 7 2.4041e-06 1564.54 -0
0.000512481 7 3.72759e-06 1008.64 -0
0.000512481 7 5.77969e-06 650.109 -0
0.000512481 7 8.96151e-06 418.877 -0
0.000512481 7 1.3895e-05 269.744 -0
0.000512481 7 2.15443e-05 173.562 -0
0.000512481 7 3.34048e-05 111.53 -0
0.000512481 7 5.17947e-05 71.5219 -0
0.000512481 7 8.03086e-05 45.7192 -0
0.000512481 7 0.00012452 29.0779 -0
0.000512481 7 0.00019307 18.3453 -0
0.000512481 7 0.000299358 11.4236 -0
0.000512481 7 0.000464159 6.95985 -0
0.000512481 7 0.000719686 4.08155 -0
0.000512481 7 0.00111588 2.2261 -0
0.000512481 7 0.0017302 1.03083 -0
0.000512481 7 0.0026827 0.262102 -0
0.000512481 7 0.00415956 -0.230361 0
0.000512481 7 0.00644947 -0.542873 0
0.000512481 7 0.01 -0.736606 0
0.000512481 7 0.0155052 -0.849659 0
0.000512481 7 0.024041 -0.904753 0
0.000512481 7 0.0372759 -0.913956 0
0.000512481 7 0.0577969 -0.88198 0
0.000512481 7 0.0896151 -0.809285 0
0.000512481 7 0.13895 -0.695301 0
0.000512481 7 0.215443 -0.54398 0
0.000512481 7 0.334048 -0.371181 0
0.000512481 7 0.517947 -0.207368 0
0.000512481 7 0.803086 -0.0876842 0
0.000512481 7 1.2452 -0.0267467 0
0.000512481 7 1.9307 -0.00636131 0
0.000512481 7 2.99358 -0.00153554 0
0.000512481 7 4.64159 -0.00054267 0
0.000512481 7 7.19686 -0.000213644 0
0.000512481 7 11.1588 -8.49798e-05 0
0.000512481 7 17.302 -3.44288e-05 0
0.000512481 7 26.827 -1.38374e-05 0
0.000512481 7 41.5956 -5.5288e-06 0
0.000512481 7 64.4947 -2.21302e-06 0
0.000512481 7 100 -8.86532e-07 0
0.000512481 7 155.052 -3.5518e-07 0
0.000512481 7 240.41 -1.4263e-07 0
0.000512481 7 372.759 -5.7397e-08 0
0.000512481 7 577.969 -2.3108e-08 0
0.000512481 7 896.151 -9.31347e-09 0
0.000512481 7 1389.5 -3.76246e-09 0
0.000512481 7 2154.43 -1.52154e-09 0
0.000512481 7 3340.48 -6.15766e-10 0
0.000512481 7 5179.47 -2.4945e-10 0
0.000512481 7 8030.86 -1.01164e-10 0
0.000512481 7 12452 -4.10754e-11 0
0.000512481 7 19307 -1.66903e-11 0
0.000512481 7 29935.8 -6.78609e-12 0
0.000512481 7 46415.9 -2.76109e-12 0
0.000512481 7 71968.6 -1.12419e-12 0
0.000512481 7 111588 -4.58024e-13 0
0.000512481 7 173020 -1.86767e-13 0
0.000512481 7 268270 -7.61979e-14 0
0.000512481 7 415956 -3.11077e-14 0
0.000512481 7 644947 -1.27078e-14 0
0.000512481 7 1e+06 -5.19355e-15 0

0.00124961 7 1e-06 3761.34 -0
0.00124961 7 1.55052e-06 2425.45 -0
0.00124961 7 2.4041e-06 1563.88 -0
0.00124961 7 3.72759e-06 1008.21 -0
0.00124961 7 5.77969e-06 649.833 -0
0.00124961 7 8.96151e-06 418.699 -0
0.00124961 7 1.3895e-05 269.63 -0
0.00124961 7 2.15443e-05 173.488 -0
0.00124961 7 3.34048e-05 111.482 -0
0.00124961 7 5.17947e-05 71.4913 -0
0.00124961 7 8.03086e-05 45.6995 -0
0.00124961 7 0.00012452 29.0653 -0
0.00124961 7 0.00019307 18.3373 -0
0.00124961 7 0.000299358 11.4185 -0
0.00124961 7 0.000464159 6.95663 -0
0.00124961 7 0.000719686 4.07956 -0
0.00124961 7 0.00111588 2.22489 -0
0.00124961 7 0.0017302 1.03013 -0
0.00124961 7 0.0026827 0.261727 -0
0.00124961 7 0.00415956 -0.230528 0
0.00124961 7 0.00644947 -0.542908 0
0.00124961 7 0.01 -0.736561 0
0.00124961 7 0.0155052 -0.849568 0
0.00124961 7 0.024041 -0.904642 0
0.00124961 7 0.0372759 -0.913845 0
0.00124961 7 0.0577969 -0.881886 0
0.00124961 7 0.0896151 -0.809223 0
0.00124961 7 0.13895 -0.695278 0
0.00124961 7 0.215443 -0.543994 0
0.00124961 7 0.334048 -0.371216 0
0.00124961 7 0.517947 -0.207399 0
0.00124961 7 0.803086 -0.0876997 0
0.00124961 7 1.2452 -0.0267535 0
0.00124961 7 1.9307 -0.00636562 0
0.00124961 7 2.99358 -0.00153716 0
0.00124961 7 4.64159 -0.000543202 0
0.00124961 7 7.19686 -0.000213874 0
0.00124961 7 11.1588 -8.50781e-05 0
0.00124961 7 17.302 -3.44696e-05 0
0.00124961 7 26.827 -1.3854e-05 0
0.00124961 7 41.5956 -5.53547e-06 0
0.00124961 7 64.4947 -2.2157e-06 0
0.00124961 7 100 -8.87599e-07 0
0.00124961 7 155.052 -3.55606e-07 0
0.00124961 7 240.41 -1.428e-07 0
0.00124961 7 372.759 -5.7465e-08 0
0.00124961 7 577.969 -2.31352e-08 0
0.00124961 7 896.151 -9.32438e-09 0
0.00124961 7 1389.5 -3.76684e-09 0
0.00124961 7 2154.43 -1.5233e-09 0
0.00124961 7 3340.48 -6.16474e-10 0
0.00124961 7 5179.47 -2.49736e-10 0
0.00124961 7 8030.86 -1.01279e-10 0
0.00124961 7 12452 -4.11219e-11 0
0.00124961 7 19307 -1.67091e-11 0
0.00124961 7 29935.8 -6.79369e-12 0
0.00124961 7 46415.9 -2.76417e-12 0
0.00124961 7 71968.6 -1.12543e-12 0
0.00124961 7 111588 -4.58529e-13 0
0.00124961 7 173020 -1.86972e-13 0
0.00124961 7 268270 -7.62813e-14 0
0.00124961 7 415956 -3.11416e-14 0
0.00124961 7 644947 -1.27216e-14 0
0.00124961 7 1e+06 -5.19916e-15 0

0.00304699 7 1e-06 3756.82 -0
0.00304699 7 1.55052e-06 2422.54 -0
0.00304699 7 2.4041e-06 1562 -0
0.00304699 7 3.72759e-06 1007 -0
0.00304699 7 5.77969e-06 649.053 -0
0.00304699 7 8.96151e-06 418.196 -0
0.00304699 7 1.3895e-05 269.306 -0
0.00304699 7 2.15443e-05 173.28 -0
0.00304699 7 3.34048e-05 111.348 -0
0.00304699 7 5.17947e-05 71.4059 -0
0.00304699 7 8.03086e-05 45.6451 -0
0.00304699 7 0.00012452 29.0308 -0
0.00304699 7 0.00019307 18.3157 -0
0.00304699 7 0.000299358 11.4053 -0
0.00304699 7 0.000464159 6.94876 -0
0.00304699 7 0.000719686 4.07514 -0
0.00304699 7 0.00111588 2.2227 -0
0.00304699 7 0.0017302 1.02937 -0
0.00304699 7 0.0026827 0.261891 -0
0.00304699 7 0.00415956 -0.229777 0
0.00304699 7 0.00644947 -0.54179 0
0.00304699 7 0.01 -0.73522 0
0.00304699 7 0.0155052 -0.848108 0
0.00304699 7 0.024041 -0.903141 0
0.00304699 7 0.0372759 -0.912369 0
0.00304699 7 0.0577969 -0.8805 0
0.00304699 7 0.0896151 -0.807992 0
0.00304699 7 0.13895 -0.694268 0
0.00304699 7 0.215443 -0.543256 0
0.00304699 7 0.334048 -0.37076 0
0.00304699 7 0.517947 -0.207179 0
0.00304699 7 0.803086 -0.0876231 0
0.00304699 7 1.2452 -0.0267374 0
0.00304699 7 1.9307 -0.00636535 0
0.00304699 7 2.99358 -0.00153812 0
0.00304699 7 4.64159 -0.000543537 0
0.00304699 7 7.19686 -0.000213992 0
0.00304699 7 11.1588 -8.51346e-05 0
0.00304699 7 17.302 -3.44944e-05 0
0.00304699 7 26.827 -1.38644e-05 0
0.00304699 7 41.5956 -5.53973e-06 0
0.00304699 7 64.4947 -2.21742e-06 0
0.00304699 7 100 -8.88292e-07 0
0.00304699 7 155.052 -3.55883e-07 0
0.00304699 7 240.41 -1.42912e-07 0
0.00304699 7 372.759 -5.75096e-08 0
0.00304699 7 577.969 -2.3153e-08 0
0.00304699 7 896.151 -9.33154e-09 0
0.00304699 7 1389.5 -3.76972e-09 0
0.00304699 7 2154.43 -1.52445e-09 0
0.00304699 7 3340.48 -6.1694e-10 0
0.00304699 7 5179.47 -2.49923e-10 0
0.00304699 7 8030.86 -1.01355e-10 0
0.00304699 7 12452 -4.11524e-11 0
0.00304699 7 19307 -1.67215e-11 0
0.00304699 7 29935.8 -6.79868e-12 0
0.00304699 7 46415.9 -2.76619e-12 0
0.00304699 7 71968.6 -1.12625e-12 0
0.00304699 7 111588 -4.58862e-13 0
0.00304699 7 173020 -1.87107e-13 0
0.00304699 7 268270 -7.63361e-14 0
0.00304699 7 415956 -3.11638e-14 0
0.00304699 7 644947 -1.27307e-14 0
0.00304699 7 1e+06 -5.20284e-15 0

0.00742964 7 1e-06 3745.86 -0
0.00742964 7 1.55052e-06 2415.48 -0
0.00742964 7 2.4041e-06 1557.45 -0
0.00742964 7 3.72759e-06 1004.06 -0
0.00742964 7 5.77969e-06 647.16 -0
0.00742964 7 8.96151e-06 416.977 -0
0.00742964 7 1.3895e-05 268.522 -0
0.00742964 7 2.15443e-05 172.775 -0
0.00742964 7 3.34048e-05 111.024 -0
0.00742964 7 5.17947e-05 71.1983 -0
0.00742964 7 8.03086e-05 45.5127 -0
0.00742964 7 0.00012452 28.9469 -0
0.00742964 7 0.00019307 18.263 -0
0.00742964 7 0.000299358 11.3727 -0
0.00742964 7 0.000464159 6.9292 -0
0.00742964 7 0.000719686 4.06396 -0
0.00742964 7 0.00111588 2.21692 -0
0.00742964 7 0.0017302 1.02707 -0
0.00742964 7 0.0026827 0.261823 -0
0.00742964 7 0.00415956 -0.228416 0
0.00742964 7 0.00644947 -0.539526 0
0.00742964 7 0.01 -0.732404 0
0.00742964 7 0.0155052 -0.84498 0
0.00742964 7 0.024041 -0.899878 0
0.00742964 7 0.0372759 -0.909118 0
0.00742964 7 0.0577969 -0.877398 0
0.00742964 7 0.0896151 -0.805179 0
0.00742964 7 0.13895 -0.691889 0
0.00742964 7 0.215443 -0.541437 0
0.00742964 7 0.334048 -0.369565 0
0.00742964 7 0.517947 -0.206551 0
0.00742964 7 0.803086 -0.0873853 0
0.00742964 7 1.2452 -0.0266782 0
0.00742964 7 1.9307 -0.00635576 0
0.00742964 7 2.99358 -0.00153695 0
0.00742964 7 4.64159 -0.000543191 0
0.00742964 7 7.19686 -0.000213849 0
0.00742964 7 11.1588 -8.50906e-05 0
0.00742964 7 17.302 -3.448e-05 0
0.00742964 7 26.827 -1.38595e-05 0
0.00742964 7 41.5956 -5.53798e-06 0
0.00742964 7 64.4947 -2.21678e-06 0
0.00742964 7 100 -8.8805e-07 0
0.00742964 7 155.052 -3.5579e-07 0
0.00742964 7 240.41 -1.42875e-07 0
0.00742964 7 372.759 -5.74953e-08 0
0.00742964 7 577.969 -2.31474e-08 0
0.00742964 7 896.151 -9.32928e-09 0
0.00742964 7 1389.5 -3.76882e-09 0
0.00742964 7 2154.43 -1.52409e-09 0
0.00742964 7 3340.48 -6.16794e-10 0
0.00742964 7 5179.47 -2.49864e-10 0
0.00742964 7 8030.86 -1.01331e-10 0
0.00742964 7 12452 -4.11429e-11 0
0.00742964 7 19307 -1.67176e-11 0
0.00742964 7 29935.8 -6.79712e-12 0
0.00742964 7 46415.9 -2.76556e-12 0
0.00742964 7 71968.6 -1.126e-12 0
0.00742964 7 111588 -4.58758e-13 0
0.00742964 7 173020 -1.87065e-13 0
0.00742964 7 268270 -7.63189e-14 0
0.00742964 7 415956 -3.11569e-14 0
0.00742964 7 644947 -1.27278e-14 0
0.00742964 7 1e+06 -5.20169e-15 0

0.0181161 7 1e-06 3719.23 -0
0.0181161 7 1.55052e-06 2398.3 -0
0.0181161 7 2.4041e-06 1546.37 -0
0.0181161 7 3.72759e-06 996.925 -0
0.0181161 7 5.77969e-06 642.56 -0
0.0181161 7 8.96151e-06 414.014 -0
0.0181161 7 1.3895e-05 266.614 -0
0.0181161 7 2.15443e-05 171.549 -0
0.0181161 7 3.34048e-05 110.237 -0
0.0181161 7 5.17947e-05 70.6937 -0
0.0181161 7 8.03086e-05 45.1907 -0
0.0181161 7 0.00012452 28.7428 -0
0.0181161 7 0.00019307 18.1348 -0
0.0181161 7 0.000299358 11.2935 -0
0.0181161 7 0.000464159 6.88164 -0
0.0181161 7 0.000719686 4.03677 -0
0.0181161 7 0.00111588 2.20287 -0
0.0181161 7 0.0017302 1.02148 -0
0.0181161 7 0.0026827 0.261663 -0
0.0181161 7 0.00415956 -0.225103 0
0.0181161 7 0.00644947 -0.53402 0
0.0181161 7 0.01 -0.725557 0
0.0181161 7 0.0155052 -0.837378 0
0.0181161 7 0.024041 -0.891955 0
0.0181161 7 0.0372759 -0.901232 0
0.0181161 7 0.0577969 -0.869883 0
0.0181161 7 0.0896151 -0.798378 0
0.0181161 7 0.13895 -0.68615 0
0.0181161 7 0.215443 -0.537064 0
0.0181161 7 0.334048 -0.366697 0
0.0181161 7 0.517947 -0.205045 0
0.0181161 7 0.803086 -0.0868084 0
0.0181161 7 1.2452 -0.0265283 0
0.0181161 7 1.9307 -0.00632704 0
0.0181161 7 2.99358 -0.00153146 0
0.0181161 7 4.64159 -0.000541434 0
0.0181161 7 7.19686 -0.000213148 0
0.0181161 7 11.1588 -8.48289e-05 0
0.0181161 7 17.302 -3.43795e-05 0
0.0181161 7 26.827 -1.38206e-05 0
0.0181161 7 41.5956 -5.52282e-06 0
0.0181161 7 64.4947 -2.21083e-06 0
0.0181161 7 100 -8.85702e-07 0
0.0181161 7 155.052 -3.54861e-07 0
0.0181161 7 240.41 -1.42506e-07 0
0.0181161 7 372.759 -5.7348e-08 0
0.0181161 7 577.969 -2.30885e-08 0
0.0181161 7 896.151 -9.30573e-09 0
0.0181161 7 1389.5 -3.75937e-09 0
0.0181161 7 2154.43 -1.5203e-09 0
0.0181161 7 3340.48 -6.15267e-10 0
0.0181161 7 5179.47 -2.49249e-10 0
0.0181161 7 8030.86 -1.01083e-10 0
0.0181161 7 12452 -4.10427e-11 0
0.0181161 7 19307 -1.66771e-11 0
0.0181161 7 29935.8 -6.78075e-12 0
0.0181161 7 46415.9 -2.75893e-12 0
0.0181161 7 71968.6 -1.12331e-12 0
0.0181161 7 111588 -4.57669e-13 0
0.0181161 7 173020 -1.86623e-13 0
0.0181161 7 268270 -7.61394e-14 0
0.0181161 7 415956 -3.10839e-14 0
0.0181161 7 644947 -1.26981e-14 0
0.0181161 7 1e+06 -5.18961e-15 0

0.0441734 7 1e-06 3654.66 -0
0.0441734 7 1.55052e-06 2356.67 -0
0.0441734 7 2.4041e-06 1519.53 -0
0.0441734 7 3.72759e-06 979.621 -0
0.0441734 7 5.77969e-06 631.409 -0
0.0441734 7 8.96151e-06 406.83 -0
0.0441734 7 1.3895e-05 261.989 -0
0.0441734 7 2.15443e-05 168.574 -0
0.0441734 7 3.34048e-05 108.327 -0
0.0441734 7 5.17947e-05 69.4705 -0
0.0441734 7 8.03086e-05 44.4103 -0
0.0441734 7 0.00012452 28.2479 -0
0.0441734 7 0.00019307 17.8241 -0
0.0441734 7 0.000299358 11.1016 -0
0.0441734 7 0.000464159 6.76629 -0
0.0441734 7 0.000719686 3.97081 -0
0.0441734 7 0.00111588 2.16873 -0
0.0441734 7 0.0017302 1.00784 -0
0.0441734 7 0.0026827 0.261193 -0
0.0441734 7 0.00415956 -0.217153 0
0.0441734 7 0.00644947 -0.520754 0
0.0441734 7 0.01 -0.709037 0
0.0441734 7 0.0155052 -0.819027 0
0.0441734 7 0.024041 -0.872821 0
0.0441734 7 0.0372759 -0.882179 0
0.0441734 7 0.0577969 -0.851723 0
0.0441734 7 0.0896151 -0.781938 0
0.0441734 7 0.13895 -0.672271 0
0.0441734 7 0.215443 -0.526478 0
0.0441734 7 0.334048 -0.35975 0
0.0441734 7 0.517947 -0.201393 0
0.0441734 7 0.803086 -0.0854061 0
0.0441734 7 1.2452 -0.0261595 0
0.0441734 7 1.9307 -0.00625311 0
0.0441734 7 2.99358 -0.00151556 0
0.0441734 7 4.64159 -0.000536188 0
0.0441734 7 7.19686 -0.000211137 0
0.0441734 7 11.1588 -8.40541e-05 0
0.0441734 7 17.302 -3.40764e-05 0
0.0441734 7 26.827 -1.37018e-05 0
0.0441734 7 41.5956 -5.47622e-06 0
0.0441734 7 64.4947 -2.19245e-06 0
0.0441734 7 100 -8.78431e-07 0
0.0441734 7 155.052 -3.51976e-07 0
0.0441734 7 240.41 -1.41358e-07 0
0.0441734 7 372.759 -5.689e-08 0
0.0441734 7 577.969 -2.29055e-08 0
0.0441734 7 896.151 -9.23248e-09 0
0.0441734 7 1389.5 -3.72998e-09 0
0.0441734 7 2154.43 -1.50849e-09 0
0.0441734 7 3340.48 -6.10517e-10 0
0.0441734 7 5179.47 -2.47336e-10 0
0.0441734 7 8030.86 -1.00312e-10 0
0.0441734 7 12452 -4.07312e-11 0
0.0441734 7 19307 -1.65512e-11 0
0.0441734 7 29935.8 -6.72981e-12 0
0.0441734 7 46415.9 -2.7383e-12 0
0.0441734 7 71968.6 -1.11495e-12 0
0.0441734 7 111588 -4.54279e-13 0
0.0441734 7 173020 -1.85247e-13 0
0.0441734 7 268270 -7.55807e-14 0
0.0441734 7 415956 -3.08568e-14 0
0.0441734 7 644947 -1.26058e-14 0
0.0441734 7 1e+06 -5.15203e-15 0

0.107711 7 1e-06 3499.87 -0
0.107711 7 1.55052e-06 2256.85 -0
0.107711 7 2.4041e-06 1455.18 -0
0.107711 7 3.72759e-06 938.136 -0
0.107711 7 5.77969e-06 604.673 -0
0.107711 7 8.96151e-06 389.608 -0
0.107711 7 1.3895e-05 250.902 -0
0.107711 7 2.15443e-05 161.444 -0
0.107711 7 3.34048e-05 103.748 -0
0.107711 7 5.17947e-05 66.5377 -0
0.107711 7 8.03086e-05 42.5389 -0
0.107711 7 0.00012452 27.0611 -0
0.107711 7 0.00019307 17.0789 -0
0.107711 7 0.000299358 10.6411 -0
0.107711 7 0.000464159 6.48943 -0
0.107711 7 0.000719686 3.81235 -0
0.107711 7 0.00111588 2.08659 -0
0.107711 7 0.0017302 0.974831 -0
0.107711 7 0.0026827 0.259768 -0
0.107711 7 0.00415956 -0.198389 0
0.107711 7 0.00644947 -0.489241 0
0.107711 7 0.01 -0.669719 0
0.107711 7 0.0155052 -0.775308 0
0.107711 7 0.024041 -0.827211 0
0.107711 7 0.0372759 -0.836744 0
0.107711 7 0.0577969 -0.808398 0
0.107711 7 0.0896151 -0.742696 0
0.107711 7 0.13895 -0.639121 0
0.107711 7 0.215443 -0.50117 0
0.107711 7 0.334048 -0.343117 0
0.107711 7 0.517947 -0.192633 0
0.107711 7 0.803086 -0.0820344 0
0.107711 7 1.2452 -0.0252701 0
0.107711 7 1.9307 -0.0060731 0
0.107711 7 2.99358 -0.00147591 0
0.107711 7 4.64159 -0.000523107 0
0.107711 7 7.19686 -0.000206212 0
0.107711 7 11.1588 -8.21588e-05 0
0.107711 7 17.302 -3.33349e-05 0
0.107711 7 26.827 -1.34114e-05 0
0.107711 7 41.5956 -5.36226e-06 0
0.107711 7 64.4947 -2.14752e-06 0
0.107711 7 100 -8.60654e-07 0
0.107711 7 155.052 -3.44926e-07 0
0.107711 7 240.41 -1.38553e-07 0
0.107711 7 372.759 -5.57707e-08 0
0.107711 7 577.969 -2.24583e-08 0
0.107711 7 896.151 -9.05344e-09 0
0.107711 7 1389.5 -3.65815e-09 0
0.107711 7 2154.43 -1.47963e-09 0
0.107711 7 3340.48 -5.98907e-10 0
0.107711 7 5179.47 -2.4266e-10 0
0.107711 7 8030.86 -9.84257e-11 0
0.107711 7 12452 -3.99697e-11 0
0.107711 7 19307 -1.62434e-11 0
0.107711 7 29935.8 -6.60531e-12 0
0.107711 7 46415.9 -2.68789e-12 0
0.107711 7 71968.6 -1.09453e-12 0
0.107711 7 111588 -4.45996e-13 0
0.107711 7 173020 -1.81885e-13 0
0.107711 7 268270 -7.42152e-14 0
0.107711 7 415956 -3.03018e-14 0
0.107711 7 644947 -1.23801e-14 0
0.107711 7 1e+06 -5.06017e-15 0

0.262636 7 1e-06 3140.05 -0
0.262636 7 1.55052e-06 2024.83 -0
0.262636 7 2.4041e-06 1305.58 -0
0.262636 7 3.72759e-06 841.703 -0
0.262636 7 5.77969e-06 542.525 -0
0.262636 7 8.96151e-06 349.572 -0
0.262636 7 1.3895e-05 225.127 -0
0.262636 7 2.15443e-05 144.867 -0
0.262636 7 3.34048e-05 93.1032 -0
0.262636 7 5.17947e-05 59.7185 -0
0.262636 7 8.03086e-05 38.1872 -0
0.262636 7 0.00012452 24.3008 -0
0.262636 7 0.00019307 15.3449 -0
0.262636 7 0.000299358 9.56897 -0
0.262636 7 0.000464159 5.84412 -0
0.262636 7 0.000719686 3.44226 -0
0.262636 7 0.00111588 1.89389 -0
0.262636 7 0.0017302 0.896371 -0
0.262636 7 0.0026827 0.254724 -0
0.262636 7 0.00415956 -0.156488 0
0.262636 7 0.00644947 -0.417684 0
0.262636 7 0.01 -0.579985 0
0.262636 7 0.0155052 -0.675294 0
0.262636 7 0.024041 -0.722724 0
0.262636 7 0.0372759 -0.732551 0
0.262636 7 0.0577969 -0.708952 0
0.262636 7 0.0896151 -0.65252 0
0.262636 7 0.13895 -0.562825 0
0.262636 7 0.215443 -0.44279 0
0.262636 7 0.334048 -0.304613 0
0.262636 7 0.517947 -0.172244 0
0.262636 7 0.803086 -0.0741265 0
0.262636 7 1.2452 -0.0231679 0
0.262636 7 1.9307 -0.00564795 0
0.262636 7 2.99358 -0.00138215 0
0.262636 7 4.64159 -0.000491961 0
0.262636 7 7.19686 -0.000194566 0
0.262636 7 11.1588 -7.76854e-05 0
0.262636 7 17.302 -3.15853e-05 0
0.262636 7 26.827 -1.27262e-05 0
0.262636 7 41.5956 -5.09353e-06 0
0.262636 7 64.4947 -2.04159e-06 0
0.262636 7 100 -8.18749e-07 0
0.262636 7 155.052 -3.28308e-07 0
0.262636 7 240.41 -1.31941e-07 0
0.262636 7 372.759 -5.31331e-08 0
0.262636 7 577.969 -2.14043e-08 0
0.262636 7 896.151 -8.63155e-09 0
0.262636 7 1389.5 -3.48889e-09 0
0.262636 7 2154.43 -1.41162e-09 0
0.262636 7 3340.48 -5.71551e-10 0
0.262636 7 5179.47 -2.31641e-10 0
0.262636 7 8030.86 -9.39822e-11 0
0.262636 7 12452 -3.81755e-11 0
0.262636 7 19307 -1.55182e-11 0
0.262636 7 29935.8 -6.31196e-12 0
0.262636 7 46415.9 -2.56912e-12 0
0.262636 7 71968.6 -1.0464e-12 0
0.262636 7 111588 -4.26479e-13 0
0.262636 7 173020 -1.73963e-13 0
0.262636 7 268270 -7.09978e-14 0
0.262636 7 415956 -2.89941e-14 0
0.262636 7 644947 -1.18482e-14 0
0.262636 7 1e+06 -4.84374e-15 0

0.6404 7 1e-06 2385.96 -0
0.6404 7 1.55052e-06 1538.58 -0
0.6404 7 2.4041e-06 992.068 -0
0.6404 7 3.72759e-06 639.596 -0
0.6404 7 5.77969e-06 412.271 -0
0.6404 7 8.96151e-06 265.658 -0
0.6404 7 1.3895e-05 171.101 -0
0.6404 7 2.15443e-05 110.117 -0
0.6404 7 3.34048e-05 70.7849 -0
0.6404 7 5.17947e-05 45.4181 -0
0.6404 7 8.03086e-05 29.0579 -0
0.6404 7 0.00012452 18.5065 -0
0.6404 7 0.00019307 11.7014 -0
0.6404 7 0.000299358 7.3127 -0
0.6404 7 0.000464159 4.4824 -0
0.6404 7 0.000719686 2.65733 -0
0.6404 7 0.00111588 1.48075 -0
0.6404 7 0.0017302 0.722671 -0
0.6404 7 0.0026827 0.234929 -0
0.6404 7 0.00415956 -0.0778256 0
0.6404 7 0.00644947 -0.276754 0
0.6404 7 0.01 -0.400786 0
0.6404 7 0.0155052 -0.474284 0
0.6404 7 0.024041 -0.511942 0
0.6404 7 0.0372759 -0.521797 0
0.6404 7 0.0577969 -0.507302 0
0.6404 7 0.0896151 -0.46915 0
0.6404 7 0.13895 -0.407083 0
0.6404 7 0.215443 -0.322942 0
0.6404 7 0.334048 -0.224883 0
0.6404 7 0.517947 -0.129464 0
0.6404 7 0.803086 -0.0572117 0
0.6404 7 1.2452 -0.0185637 0
0.6404 7 1.9307 -0.00470632 0
0.6404 7 2.99358 -0.00117625 0
0.6404 7 4.64159 -0.000423591 0
0.6404 7 7.19686 -0.000168969 0
0.6404 7 11.1588 -6.78566e-05 0
0.6404 7 17.302 -2.77428e-05 0
0.6404 7 26.827 -1.12221e-05 0
0.6404 7 41.5956 -4.50372e-06 0
0.6404 7 64.4947 -1.80915e-06 0
0.6404 7 100 -7.26818e-07 0
0.6404 7 155.052 -2.91856e-07 0
0.6404 7 240.41 -1.1744e-07 0
0.6404 7 372.759 -4.73482e-08 0
0.6404 7 577.969 -1.90929e-08 0
0.6404 7 896.151 -7.70634e-09 0
0.6404 7 1389.5 -3.1177e-09 0
0.6404 7 2154.43 -1.26249e-09 0
0.6404 7 3340.48 -5.1156e-10 0
0.6404 7 5179.47 -2.07479e-10 0
0.6404 7 8030.86 -8.42379e-11 0
0.6404 7 12452 -3.42409e-11 0
0.6404 7 19307 -1.3928e-11 0
0.6404 7 29935.8 -5.66866e-12 0
0.6404 7 46415.9 -2.30867e-12 0
0.6404 7 71968.6 -9.4086e-13 0
0.6404 7 111588 -3.83679e-13 0
0.6404 7 173020 -1.56592e-13 0
0.6404 7 268270 -6.39424e-14 0
0.6404 7 415956 -2.61266e-14 0
0.6404 7 644947 -1.06819e-14 0
0.6404 7 1e+06 -4.36912e-15 0

1.56152 7 1e-06 1229.43 -0
1.56152 7 1.55052e-06 792.812 -0
1.56152 7 2.4041e-06 511.218 -0
1.56152 7 3.72759e-06 329.605 -0
1.56152 7 5.77969e-06 212.474 -0
1.56152 7 8.96151e-06 136.931 -0
1.56152 7 1.3895e-05 88.2094 -0
1.56152 7 2.15443e-05 56.7867 -0
1.56152 7 3.34048e-05 36.5208 -0
1.56152 7 5.17947e-05 23.4504 -0
1.56152 7 8.03086e-05 15.0207 -0
1.56152 7 0.00012452 9.58397 -0
1.56152 7 0.00019307 6.07763 -0
1.56152 7 0.000299358 3.81627 -0
1.56152 7 0.000464159 2.35791 -0
1.56152 7 0.000719686 1.41747 -0
1.56152 7 0.00111588 0.811136 -0
1.56152 7 0.0017302 0.420394 -0
1.56152 7 0.0026827 0.168866 -0
1.56152 7 0.00415956 0.00738479 -0
1.56152 7 0.00644947 -0.0956247 0
1.56152 7 0.01 -0.160314 0
1.56152 7 0.0155052 -0.199375 0
1.56152 7 0.024041 -0.220564 0
1.56152 7 0.0372759 -0.228282 0
1.56152 7 0.0577969 -0.224621 0
1.56152 7 0.0896151 -0.210223 0
1.56152 7 0.13895 -0.185064 0
1.56152 7 0.215443 -0.14973 0
1.56152 7 0.334048 -0.107248 0
1.56152 7 0.517947 -0.0643401 0
1.56152 7 0.803086 -0.0302282 0
1.56152 7 1.2452 -0.010735 0
1.56152 7 1.9307 -0.0030203 0
1.56152 7 2.99358 -0.0008079 0
1.56152 7 4.64159 -0.000301711 0
1.56152 7 7.19686 -0.000123343 0
1.56152 7 11.1588 -5.03298e-05 0
1.56152 7 17.302 -2.08924e-05 0
1.56152 7 26.827 -8.54204e-06 0
1.56152 7 41.5956 -3.45341e-06 0
1.56152 7 64.4947 -1.39542e-06 0
1.56152 7 100 -5.63236e-07 0
1.56152 7 155.052 -2.2701e-07 0
1.56152 7 240.41 -9.16472e-08 0
1.56152 7 372.759 -3.70597e-08 0
1.56152 7 577.969 -1.49822e-08 0
1.56152 7 896.151 -6.06102e-09 0
1.56152 7 1389.5 -2.45763e-09 0
1.56152 7 2154.43 -9.97291e-10 0
1.56152 7 3340.48 -4.04884e-10 0
1.56152 7 5179.47 -1.64513e-10 0
1.56152 7 8030.86 -6.69106e-11 0
1.56152 7 12452 -2.72445e-11 0
1.56152 7 19307 -1.11002e-11 0
1.56152 7 29935.8 -4.52476e-12 0
1.56152 7 46415.9 -1.84553e-12 0
1.56152 7 71968.6 -7.53191e-13 0
1.56152 7 111588 -3.07573e-13 0
1.56152 7 173020 -1.25702e-13 0
1.56152 7 268270 -5.13966e-14 0
1.56152 7 415956 -2.10275e-14 0
1.56152 7 644947 -8.60804e-15 0
1.56152 7 1e+06 -3.52517e-15 0

3.80755 7 1e-06 317.481 -0
3.80755 7 1.55052e-06 204.74 -0
3.80755 7 2.4041e-06 132.027 -0
3.80755 7 3.72759e-06 85.1313 -0
3.80755 7 5.77969e-06 54.8861 -0
3.80755 7 8.96151e-06 35.3795 -0
3.80755 7 1.3895e-05 22.7988 -0
3.80755 7 2.15443e-05 14.685 -0
3.80755 7 3.34048e-05 9.45195 -0
3.80755 7 5.17947e-05 6.07693 -0
3.80755 7 8.03086e-05 3.90023 -0
3.80755 7 0.00012452 2.49638 -0
3.80755 7 0.00019307 1.59097 -0
3.80755 7 0.000299358 1.00704 -0
3.80755 7 0.000464159 0.630452 -0
3.80755 7 0.000719686 0.387591 -0
3.80755 7 0.00111588 0.23099 -0
3.80755 7 0.0017302 0.130039 -0
3.80755 7 0.0026827 0.0650056 -0
3.80755 7 0.00415956 0.0231776 -0
3.80755 7 0.00644947 -0.00362217 0
3.80755 7 0.01 -0.0206343 0
3.80755 7 0.0155052 -0.03119 0
3.80755 7 0.024041 -0.0373689 0
3.80755 7 0.0372759 -0.0404128 0
3.80755 7 0.0577969 -0.040994 0
3.80755 7 0.0896151 -0.0394092 0
3.80755 7 0.13895 -0.0357313 0
3.80755 7 0.215443 -0.0300211 0
3.80755 7 0.334048 -0.0226547 0
3.80755 7 0.517947 -0.0146506 0
3.80755 7 0.803086 -0.00771542 0
3.80755 7 1.2452 -0.00328363 0
3.80755 7 1.9307 -0.00116566 0
3.80755 7 2.99358 -0.000376453 0
3.80755 7 4.64159 -0.000157332 0
3.80755 7 7.19686 -6.89023e-05 0
3.80755 7 11.1588 -2.92872e-05 0
3.80755 7 17.302 -1.2641e-05 0
3.80755 7 26.827 -5.31185e-06 0
3.80755 7 41.5956 -2.18788e-06 0
3.80755 7 64.4947 -8.9713e-07 0
3.80755 7 100 -3.6631e-07 0
3.80755 7 155.052 -1.48972e-07 0
3.80755 7 240.41 -6.06149e-08 0
3.80755 7 372.759 -2.46834e-08 0
3.80755 7 577.969 -1.00379e-08 0
3.80755 7 896.151 -4.08218e-09 0
3.80755 7 1389.5 -1.6638e-09 0
3.80755 7 2154.43 -6.78364e-10 0
3.80755 7 3340.48 -2.76596e-10 0
3.80755 7 5179.47 -1.12843e-10 0
3.80755 7 8030.86 -4.60736e-11 0
3.80755 7 12452 -1.88309e-11 0
3.80755 7 19307 -7.69967e-12 0
3.80755 7 29935.8 -3.14916e-12 0
3.80755 7 46415.9 -1.28858e-12 0
3.80755 7 71968.6 -5.27511e-13 0
3.80755 7 111588 -2.16053e-13 0
3.80755 7 173020 -8.85562e-14 0
3.80755 7 268270 -3.63097e-14 0
3.80755 7 415956 -1.48956e-14 0
3.80755 7 644947 -6.11412e-15 0
3.80755 7 1e+06 -2.51028e-15 0

9.28415 7 1e-06 35.22 -0
9.28415 7 1.55052e-06 22.714 -0
9.28415 7 2.4041e-06 14.6484 -0
9.28415 7 3.72759e-06 9.44643 -0
9.28415 7 5.77969e-06 6.09146 -0
9.28415 7 8.96151e-06 3.92769 -0
9.28415 7 1.3895e-05 2.53217 -0
9.28415 7 2.15443e-05 1.63213 -0
9.28415 7 3.34048e-05 1.05166 -0
9.28415 7 5.17947e-05 0.677281 -0
9.28415 7 8.03086e-05 0.435829 -0
9.28415 7 0.00012452 0.280105 -0
9.28415 7 0.00019307 0.179672 -0
9.28415 7 0.000299358 0.114898 -0
9.28415 7 0.000464159 0.0731228 -0
9.28415 7 0.000719686 0.0461807 -0
9.28415 7 0.00111588 0.0288055 -0
9.28415 7 0.0017302 0.0176011 -0
9.28415 7 0.0026827 0.0103774 -0
9.28415 7 0.00415956 0.00572233 -0
9.28415 7 0.00644947 0.0027261 -0
9.28415 7 0.01 0.000802985 -0
9.28415 7 0.0155052 -0.000423013 0
9.28415 7 0.024041 -0.00119189 0
9.28415 7 0.0372759 -0.00165454 0
9.28415 7 0.0577969 -0.00190278 0
9.28415 7 0.0896151 -0.00198891 0
9.28415 7 0.13895 -0.00193771 0
9.28415 7 0.215443 -0.00175724 0
9.28415 7 0.334048 -0.00145561 0
9.28415 7 0.517947 -0.00106693 0
9.28415 7 0.803086 -0.000682317 0
9.28415 7 1.2452 -0.000404772 0
9.28415 7 1.9307 -0.000218718 0
9.28415 7 2.99358 -0.000100929 0
9.28415 7 4.64159 -5.33807e-05 0
9.28415 7 7.19686 -2.74282e-05 0
9.28415 7 11.1588 -1.27563e-05 0
9.28415 7 17.302 -6.02024e-06 0
9.28415 7 26.827 -2.69571e-06 0
9.28415 7 41.5956 -1.15914e-06 0
9.28415 7 64.4947 -4.91481e-07 0
9.28415 7 100 -2.05929e-07 0
9.28415 7 155.052 -8.54149e-08 0
9.28415 7 240.41 -3.53426e-08 0
9.28415 7 372.759 -1.46051e-08 0
9.28415 7 577.969 -6.01197e-09 0
9.28415 7 896.151 -2.47099e-09 0
9.28415 7 1389.5 -1.01747e-09 0
9.28415 7 2154.43 -4.18705e-10 0
9.28415 7 3340.48 -1.7215e-10 0
9.28415 7 5179.47 -7.07766e-11 0
9.28415 7 8030.86 -2.91094e-11 0
9.28415 7 12452 -1.19811e-11 0
9.28415 7 19307 -4.93118e-12 0
9.28415 7 29935.8 -2.02925e-12 0
9.28415 7 46415.9 -8.35159e-13 0
9.28415 7 71968.6 -3.43779e-13 0
9.28415 7 111588 -1.41543e-13 0
9.28415 7 173020 -5.83145e-14 0
9.28415 7 268270 -2.4027e-14 0
9.28415 7 415956 -9.90349e-15 0
9.28415 7 644947 -4.08374e-15 0
9.28415 7 1e+06 -1.68403e-15 0

22.638 7 1e-06 3.16464 -0
22.638 7 1.55052e-06 2.041 -0
22.638 7 2.4041e-06 1.31632 -0
22.638 7 3.72759e-06 0.848933 -0
22.638 7 5.77969e-06 0.547496 -0
22.638 7 8.96151e-06 0.353085 -0
22.638 7 1.3895e-05 0.227701 -0
22.638 7 2.15443e-05 0.146834 -0
22.638 7 3.34048e-05 0.0946797 -0
22.638 7 5.17947e-05 0.0610428 -0
22.638 7 8.03086e-05 0.0393488 -0
22.638 7 0.00012452 0.0253573 -0
22.638 7 0.00019307 0.0163336 -0
22.638 7 0.000299358 0.0105137 -0
22.638 7 0.000464159 0.00676024 -0
22.638 7 0.000719686 0.00433943 -0
22.638 7 0.00111588 0.00277813 -0
22.638 7 0.0017302 0.00177116 -0
22.638 7 0.0026827 0.00112169 -0
22.638 7 0.00415956 0.000702777 -0
22.638 7 0.00644947 0.000432544 -0
22.638 7 0.01 0.000258172 -0
22.638 7 0.0155052 0.000145589 -0
22.638 7 0.024041 7.28046e-05 -0
22.638 7 0.0372759 2.5643e-05 -0
22.638 7 0.0577969 -4.99042e-06 0
22.638 7 0.0896151 -2.48384e-05 0
22.638 7 0.13895 -3.7209e-05 0
22.638 7 0.215443 -4.3437e-05 0
22.638 7 0.334048 -4.34568e-05 0
22.638 7 0.517947 -3.74958e-05 0
22.638 7 0.803086 -3.01507e-05 0
22.638 7 1.2452 -2.82448e-05 0
22.638 7 1.9307 -2.45236e-05 0
22.638 7 2.99358 -1.57539e-05 0
22.638 7 4.64159 -1.08227e-05 0
22.638 7 7.19686 -7.20561e-06 0
22.638 7 11.1588 -3.87453e-06 0
22.638 7 17.302 -2.15977e-06 0
22.638 7 26.827 -1.09581e-06 0
22.638 7 41.5956 -5.13244e-07 0
22.638 7 64.4947 -2.32835e-07 0
22.638 7 100 -1.02783e-07 0
22.638 7 155.052 -4.43428e-08 0
22.638 7 240.41 -1.8963e-08 0
22.638 7 372.759 -8.06158e-09 0
22.638 7 577.969 -3.39534e-09 0
22.638 7 896.151 -1.42311e-09 0
22.638 7 1389.5 -5.96936e-10 0
22.638 7 2154.43 -2.4971e-10 0
22.638 7 3340.48 -1.04162e-10 0
22.638 7 5179.47 -4.33906e-11 0
22.638 7 8030.86 -1.80646e-11 0
22.638 7 12452 -7.52124e-12 0
22.638 7 19307 -3.12857e-12 0
22.638 7 29935.8 -1.30003e-12 0
22.638 7 46415.9 -5.39915e-13 0
22.638 7 71968.6 -2.24142e-13 0
22.638 7 111588 -9.30263e-14 0
22.638 7 173020 -3.86225e-14 0
22.638 7 268270 -1.60291e-14 0
22.638 7 415956 -6.65284e-15 0
22.638 7 644947 -2.76165e-15 0
22.638 7 1e+06 -1.14601e-15 0

55.1995 7 1e-06 0.488963 -0
55.1995 7 1.55052e-06 0.315354 -0
55.1995 7 2.4041e-06 0.203386 -0
55.1995 7 3.72759e-06 0.131172 -0
55.1995 7 5.77969e-06 0.084598 -0
55.1995 7 8.96151e-06 0.0545603 -0
55.1995 7 1.3895e-05 0.0351876 -0
55.1995 7 2.15443e-05 0.0226932 -0
55.1995 7 3.34048e-05 0.014635 -0
55.1995 7 5.17947e-05 0.00943785 -0
55.1995 7 8.03086e-05 0.00608598 -0
55.1995 7 0.00012452 0.00392421 -0
55.1995 7 0.00019307 0.00252998 -0
55.1995 7 0.000299358 0.00163078 -0
55.1995 7 0.000464159 0.00105084 -0
55.1995 7 0.000719686 0.000676805 -0
55.1995 7 0.00111588 0.000435572 -0
55.1995 7 0.0017302 0.000279984 -0
55.1995 7 0.0026827 0.000179632 -0
55.1995 7 0.00415956 0.0001149 -0
55.1995 7 0.00644947 7.31358e-05 -0
55.1995 7 0.01 4.6176e-05 -0
55.1995 7 0.0155052 2.87529e-05 -0
55.1995 7 0.024041 1.74635e-05 -0
55.1995 7 0.0372759 1.01089e-05 -0
55.1995 7 0.0577969 5.27047e-06 -0
55.1995 7 0.0896151 2.04192e-06 -0
55.1995 7 0.13895 -1.16135e-07 0
55.1995 7 0.215443 -1.44563e-06 0
55.1995 7 0.334048 -1.96306e-06 0
55.1995 7 0.517947 -1.70118e-06 0
55.1995 7 0.803086 -1.34275e-06 0
55.1995 7 1.2452 -1.97245e-06 0
55.1995 7 1.9307 -2.40574e-06 0
55.1995 7 2.99358 -1.76773e-06 0
55.1995 7 4.64159 -1.45854e-06 0
55.1995 7 7.19686 -1.33707e-06 0
55.1995 7 11.1588 -8.55674e-07 0
55.1995 7 17.302 -6.05342e-07 0
55.1995 7 26.827 -3.75165e-07 0
55.1995 7 41.5956 -2.02903e-07 0
55.1995 7 64.4947 -1.03593e-07 0
55.1995 7 100 -5.01561e-08 0
55.1995 7 155.052 -2.31725e-08 0
55.1995 7 240.41 -1.04725e-08 0
55.1995 7 372.759 -4.6597e-09 0
55.1995 7 577.969 -2.03309e-09 0
55.1995 7 896.151 -8.77119e-10 0
55.1995 7 1389.5 -3.77691e-10 0
55.1995 7 2154.43 -1.61576e-10 0
55.1995 7 3340.48 -6.86975e-11 0
55.1995 7 5179.47 -2.91031e-11 0
55.1995 7 8030.86 -1.23017e-11 0
55.1995 7 12452 -5.19404e-12 0
55.1995 7 19307 -2.1879e-12 0
55.1995 7 29935.8 -9.19496e-13 0
55.1995 7 46415.9 -3.8584e-13 0
55.1995 7 71968.6 -1.61707e-13 0
55.1995 7 111588 -6.77068e-14 0
55.1995 7 173020 -2.83458e-14 0
55.1995 7 268270 -1.18552e-14 0
55.1995 7 415956 -4.95639e-15 0
55.1995 7 644947 -2.07167e-15 0
55.1995 7 1e+06 -8.65225e-16 0

134.596 7 1e-06 0.100893 -0
134.596 7 1.55052e-06 0.0650703 -0
134.596 7 2.4041e-06 0.0419669 -0
134.596 7 3.72759e-06 0.0270664 -0
134.596 7 5.77969e-06 0.0174564 -0
134.596 7 8.96151e-06 0.0112584 -0
134.596 7 1.3895e-05 0.00726106 -0
134.596 7 2.15443e-05 0.00468298 -0
134.596 7 3.34048e-05 0.00302026 -0
134.596 7 5.17947e-05 0.00194789 -0
134.596 7 8.03086e-05 0.00125627 -0
134.596 7 0.00012452 0.000810211 -0
134.596 7 0.00019307 0.000522528 -0
134.596 7 0.000299358 0.000336987 -0
134.596 7 0.000464159 0.000217323 -0
134.596 7 0.000719686 0.000140146 -0
134.596 7 0.00111588 9.03702e-05 -0
134.596 7 0.0017302 5.82669e-05 -0
134.596 7 0.0026827 3.75609e-05 -0
134.596 7 0.00415956 2.42051e-05 -0
134.596 7 0.00644947 1.55888e-05 -0
134.596 7 0.01 1.0028e-05 -0
134.596 7 0.0155052 6.43601e-06 -0
134.596 7 0.024041 4.11112e-06 -0
134.596 7 0.0372759 2.60007e-06 -0
134.596 7 0.0577969 1.61032e-06 -0
134.596 7 0.0896151 9.5439e-07 -0
134.596 7 0.13895 5.1792e-07 -0
134.596 7 0.215443 2.42929e-07 -0
134.596 7 0.334048 1.13249e-07 -0
134.596 7 0.517947 1.15089e-07 -0
134.596 7 0.803086 1.36796e-07 -0
134.596 7 1.2452 3.16569e-10 -0
134.596 7 1.9307 -1.21835e-07 0
134.596 7 2.99358 -7.03779e-08 0
134.596 7 4.64159 -6.43443e-08 0
134.596 7 7.19686 -1.18473e-07 0
134.596 7 11.1588 -8.04124e-08 0
134.596 7 17.302 -8.1373e-08 0
134.596 7 26.827 -6.82897e-08 0
134.596 7 41.5956 -4.52624e-08 0
134.596 7 64.4947 -2.80388e-08 0
134.596 7 100 -1.60474e-08 0
134.596 7 155.052 -8.44012e-09 0
134.596 7 240.41 -4.26276e-09 0
134.596 7 372.759 -2.08689e-09 0
134.596 7 577.969 -9.80218e-10 0
134.596 7 896.151 -4.49033e-10 0
134.596 7 1389.5 -2.04133e-10 0
134.596 7 2154.43 -9.13737e-11 0
134.596 7 3340.48 -4.0335e-11 0
134.596 7 5179.47 -1.76466e-11 0
134.596 7 8030.86 -7.67283e-12 0
134.596 7 12452 -3.32264e-12 0
134.596 7 19307 -1.43092e-12 0
134.596 7 29935.8 -6.1312e-13 0
134.596 7 46415.9 -2.61754e-13 0
134.596 7 71968.6 -1.11415e-13 0
134.596 7 111588 -4.73087e-14 0
134.596 7 173020 -2.00659e-14 0
134.596 7 268270 -8.49214e-15 0
134.596 7 415956 -3.58945e-15 0
134.596 7 644947 -1.5157e-15 0
134.596 7 1e+06 -6.38972e-16 0

328.193 7 1e-06 0.0257887 -0
328.193 7 1.55052e-06 0.0166323 -0
328.193 7 2.4041e-06 0.010727 -0
328.193 7 3.72759e-06 0.00691832 -0
328.193 7 5.77969e-06 0.00446195 -0
328.193 7 8.96151e-06 0.00287773 -0
328.193 7 1.3895e-05 0.00185599 -0
328.193 7 2.15443e-05 0.00119702 -0
328.193 7 3.34048e-05 0.000772016 -0
328.193 7 5.17947e-05 0.000497914 -0
328.193 7 8.03086e-05 0.000321132 -0
328.193 7 0.00012452 0.000207118 -0
328.193 7 0.00019307 0.000133585 -0
328.193 7 0.000299358 8.61594e-05 -0
328.193 7 0.000464159 5.55727e-05 -0
328.193 7 0.000719686 3.58459e-05 -0
328.193 7 0.00111588 2.31231e-05 -0
328.193 7 0.0017302 1.49175e-05 -0
328.193 7 0.0026827 9.62509e-06 -0
328.193 7 0.00415956 6.21155e-06 -0
328.193 7 0.00644947 4.00962e-06 -0
328.193 7 0.01 2.58891e-06 -0
328.193 7 0.0155052 1.67177e-06 -0
328.193 7 0.024041 1.07899e-06 -0
328.193 7 0.0372759 6.94881e-07 -0
328.193 7 0.0577969 4.44803e-07 -0
328.193 7 0.0896151 2.80795e-07 -0
328.193 7 0.13895 1.72934e-07 -0
328.193 7 0.215443 1.04361e-07 -0
328.193 7 0.334048 6.75055e-08 -0
328.193 7 0.517947 5.69894e-08 -0
328.193 7 0.803086 5.3342e-08 -0
328.193 7 1.2452 2.70512e-08 -0
328.193 7 1.9307 3.29759e-09 -0
328.193 7 2.99358 8.40212e-09 -0
328.193 7 4.64159 7.45173e-09 -0
328.193 7 7.19686 -5.96439e-09 0
328.193 7 11.1588 -2.6433e-09 0
328.193 7 17.302 -6.88543e-09 0
328.193 7 26.827 -9.01001e-09 0
328.193 7 41.5956 -7.33741e-09 0
328.193 7 64.4947 -5.68276e-09 0
328.193 7 100 -4.04925e-09 0
328.193 7 155.052 -2.54991e-09 0
328.193 7 240.41 -1.52084e-09 0
328.193 7 372.759 -8.6573e-10 0
328.193 7 577.969 -4.55985e-10 0
328.193 7 896.151 -2.28758e-10 0
328.193 7 1389.5 -1.12725e-10 0
328.193 7 2154.43 -5.38328e-11 0
328.193 7 3340.48 -2.50158e-11 0
328.193 7 5179.47 -1.14168e-11 0
328.193 7 8030.86 -5.14414e-12 0
328.193 7 12452 -2.2972e-12 0
328.193 7 19307 -1.01531e-12 0
328.193 7 29935.8 -4.44689e-13 0
328.193 7 46415.9 -1.93479e-13 0
328.193 7 71968.6 -8.37275e-14 0
328.193 7 111588 -3.60748e-14 0
328.193 7 173020 -1.55047e-14 0
328.193 7 268270 -6.63921e-15 0
328.193 7 415956 -2.83624e-15 0
328.193 7 644947 -1.20933e-15 0
328.193 7 1e+06 -5.14287e-16 0

800.25 7 1e-06 0.00764152 -0
800.25 7 1.55052e-06 0.00492838 -0
800.25 7 2.4041e-06 0.00317854 -0
800.25 7 3.72759e-06 0.00204999 -0
800.25 7 5.77969e-06 0.00132214 -0
800.25 7 8.96151e-06 0.000852708 -0
800.25 7 1.3895e-05 0.000549952 -0
800.25 7 2.15443e-05 0.000354691 -0
800.25 7 3.34048e-05 0.000228758 -0
800.25 7 5.17947e-05 0.000147538 -0
800.25 7 8.03086e-05 9.51549e-05 -0
800.25 7 0.00012452 6.13709e-05 -0
800.25 7 0.00019307 3.9582e-05 -0
800.25 7 0.000299358 2.55293e-05 -0
800.25 7 0.000464159 1.64661e-05 -0
800.25 7 0.000719686 1.06208e-05 -0
800.25 7 0.00111588 6.85083e-06 -0
800.25 7 0.0017302 4.41942e-06 -0
800.25 7 0.0026827 2.85126e-06 -0
800.25 7 0.00415956 1.83984e-06 -0
800.25 7 0.00644947 1.18747e-06 -0
800.25 7 0.01 7.66633e-07 -0
800.25 7 0.0155052 4.95082e-07 -0
800.25 7 0.024041 3.19747e-07 -0
800.25 7 0.0372759 2.06384e-07 -0
800.25 7 0.0577969 1.32902e-07 -0
800.25 7 0.0896151 8.50842e-08 -0
800.25 7 0.13895 5.39188e-08 -0
800.25 7 0.215443 3.39772e-08 -0
800.25 7 0.334048 2.22798e-08 -0
800.25 7 0.517947 1.68295e-08 -0
800.25 7 0.803086 1.38181e-08 -0
800.25 7 1.2452 8.0901e-09 -0
800.25 7 1.9307 3.24761e-09 -0
800.25 7 2.99358 3.39707e-09 -0
800.25 7 4.64159 2.8743e-09 -0
800.25 7 7.19686 2.95301e-10 -0
800.25 7 11.1588 5.99729e-10 -0
800.25 7 17.302 -3.61231e-10 0
800.25 7 26.827 -1.09693e-09 0
800.25 7 41.5956 -1.05745e-09 0
800.25 7 64.4947 -9.86384e-10 0
800.25 7 100 -8.60383e-10 0
800.25 7 155.052 -6.47714e-10 0
800.25 7 240.41 -4.63653e-10 0
800.25 7 372.759 -3.17726e-10 0
800.25 7 577.969 -1.93584e-10 0
800.25 7 896.151 -1.09268e-10 0
800.25 7 1389.5 -5.99952e-11 0
800.25 7 2154.43 -3.12518e-11 0
800.25 7 3340.48 -1.55378e-11 0
800.25 7 5179.47 -7.48617e-12 0
800.25 7 8030.86 -3.52685e-12 0
800.25 7 12452 -1.63529e-12 0
800.25 7 19307 -7.45405e-13 0
800.25 7 29935.8 -3.34873e-13 0
800.25 7 46415.9 -1.48846e-13 0
800.25 7 71968.6 -6.55959e-14 0
800.25 7 111588 -2.87095e-14 0
800.25 7 173020 -1.2512e-14 0
800.25 7 268270 -5.4228e-15 0
800.25 7 415956 -2.34161e-15 0
800.25 7 644947 -1.00809e-15 0
800.25 7 1e+06 -4.32376e-16 0

1951.29 7 1e-06 0.00248086 -0
1951.29 7 1.55052e-06 0.00160002 -0
1951.29 7 2.4041e-06 0.00103193 -0
1951.29 7 3.72759e-06 0.000665539 -0
1951.29 7 5.77969e-06 0.000429238 -0
1951.29 7 8.96151e-06 0.000276836 -0
1951.29 7 1.3895e-05 0.000178544 -0
1951.29 7 2.15443e-05 0.000115152 -0
1951.29 7 3.34048e-05 7.4267e-05 -0
1951.29 7 5.17947e-05 4.78984e-05 -0
1951.29 7 8.03086e-05 3.08921e-05 -0
1951.29 7 0.00012452 1.9924e-05 -0
1951.29 7 0.00019307 1.28501e-05 -0
1951.29 7 0.000299358 8.28781e-06 -0
1951.29 7 0.000464159 5.34538e-06 -0
1951.29 7 0.000719686 3.44767e-06 -0
1951.29 7 0.00111588 2.22375e-06 -0
1951.29 7 0.0017302 1.43438e-06 -0
1951.29 7 0.0026827 9.2528e-07 -0
1951.29 7 0.00415956 5.96929e-07 -0
1951.29 7 0.00644947 3.8515e-07 -0
1951.29 7 0.01 2.4855e-07 -0
1951.29 7 0.0155052 1.60429e-07 -0
1951.29 7 0.024041 1.03564e-07 -0
1951.29 7 0.0372759 6.68441e-08 -0
1951.29 7 0.0577969 4.31033e-08 -0
1951.29 7 0.0896151 2.77241e-08 -0
1951.29 7 0.13895 1.77536e-08 -0
1951.29 7 0.215443 1.13486e-08 -0
1951.29 7 0.334048 7.40319e-09 -0
1951.29 7 0.517947 5.19243e-09 -0
1951.29 7 0.803086 3.84766e-09 -0
1951.29 7 1.2452 2.37703e-09 -0
1951.29 7 1.9307 1.24101e-09 -0
1951.29 7 2.99358 1.03388e-09 -0
1951.29 7 4.64159 8.0605e-10 -0
1951.29 7 7.19686 2.88254e-10 -0
1951.29 7 11.1588 2.74121e-10 -0
1951.29 7 17.302 7.23583e-11 -0
1951.29 7 26.827 -9.49271e-11 0
1951.29 7 41.5956 -1.1966e-10 0
1951.29 7 64.4947 -1.36449e-10 0
1951.29 7 100 -1.43141e-10 0
1951.29 7 155.052 -1.25253e-10 0
1951.29 7 240.41 -1.05893e-10 0
1951.29 7 372.759 -8.81897e-11 0
1951.29 7 577.969 -6.35143e-11 0
1951.29 7 896.151 -4.15581e-11 0
1951.29 7 1389.5 -2.65066e-11 0
1951.29 7 2154.43 -1.56653e-11 0
1951.29 7 3340.48 -8.60061e-12 0
1951.29 7 5179.47 -4.48565e-12 0
1951.29 7 8030.86 -2.25469e-12 0
1951.29 7 12452 -1.10368e-12 0
1951.29 7 19307 -5.25617e-13 0
1951.29 7 29935.8 -2.44623e-13 0
1951.29 7 46415.9 -1.11939e-13 0
1951.29 7 71968.6 -5.05401e-14 0
1951.29 7 111588 -2.25766e-14 0
1951.29 7 173020 -1.00153e-14 0
1951.29 7 268270 -4.40679e-15 0
1951.29 7 415956 -1.92811e-15 0
1951.29 7 644947 -8.39766e-16 0
1951.29 7 1e+06 -3.63837e-16 0

4757.94 7 1e-06 0.000852361 -0
4757.94 7 1.55052e-06 0.000549728 -0
4757.94 7 2.4041e-06 0.000354545 -0
4757.94 7 3.72759e-06 0.000228663 -0
4757.94 7 5.77969e-06 0.000147475 -0
4757.94 7 8.96151e-06 9.51137e-05 -0
4757.94 7 1.3895e-05 6.13433e-05 -0
4757.94 7 2.15443e-05 3.95632e-05 -0
4757.94 7 3.34048e-05 2.55162e-05 -0
4757.94 7 5.17947e-05 1.64566e-05 -0
4757.94 7 8.03086e-05 1.06137e-05 -0
4757.94 7 0.00012452 6.84528e-06 -0
4757.94 7 0.00019307 4.41487e-06 -0
4757.94 7 0.000299358 2.84739e-06 -0
4757.94 7 0.000464159 1.83645e-06 -0
4757.94 7 0.000719686 1.18444e-06 -0
4757.94 7 0.00111588 7.63934e-07 -0
4757.94 7 0.0017302 4.92728e-07 -0
4757.94 7 0.0026827 3.17814e-07 -0
4757.94 7 0.00415956 2.05002e-07 -0
4757.94 7 0.00644947 1.32244e-07 -0
4757.94 7 0.01 8.53157e-08 -0
4757.94 7 0.0155052 5.50463e-08 -0
4757.94 7 0.024041 3.55191e-08 -0
4757.94 7 0.0372759 2.2918e-08 -0
4757.94 7 0.0577969 1.47815e-08 -0
4757.94 7 0.0896151 9.52311e-09 -0
4757.94 7 0.13895 6.12345e-09 -0
4757.94 7 0.215443 3.93492e-09 -0
4757.94 7 0.334048 2.55313e-09 -0
4757.94 7 0.517947 1.71541e-09 -0
4757.94 7 0.803086 1.18816e-09 -0
4757.94 7 1.2452 7.51512e-10 -0
4757.94 7 1.9307 4.39578e-10 -0
4757.94 7 2.99358 3.22848e-10 -0
4757.94 7 4.64159 2.32804e-10 -0
4757.94 7 7.19686 1.14492e-10 -0
4757.94 7 11.1588 8.98726e-11 -0
4757.94 7 17.302 4.27122e-11 -0
4757.94 7 26.827 5.01063e-12 -0
4757.94 7 41.5956 -5.87062e-12 0
4757.94 7 64.4947 -1.37266e-11 0
4757.94 7 100 -1.9221e-11 0
4757.94 7 155.052 -1.9569e-11 0
4757.94 7 240.41 -1.91865e-11 0
4757.94 7 372.759 -1.90593e-11 0
4757.94 7 577.969 -1.6137e-11 0
4757.94 7 896.151 -1.23508e-11 0
4757.94 7 1389.5 -9.36349e-12 0
4757.94 7 2154.43 -6.48567e-12 0
4757.94 7 3340.48 -4.06007e-12 0
4757.94 7 5179.47 -2.35847e-12 0
4757.94 7 8030.86 -1.29722e-12 0
4757.94 7 12452 -6.85855e-13 0
4757.94 7 19307 -3.47684e-13 0
4757.94 7 29935.8 -1.70081e-13 0
4757.94 7 46415.9 -8.10343e-14 0
4757.94 7 71968.6 -3.7814e-14 0
4757.94 7 111588 -1.73595e-14 0
4757.94 7 173020 -7.88229e-15 0
4757.94 7 268270 -3.53618e-15 0
4757.94 7 415956 -1.5731e-15 0
4757.94 7 644947 -6.95052e-16 0
4757.94 7 1e+06 -3.04858e-16 0

11601.6 7 1e-06 0.000300361 -0
11601.6 7 1.55052e-06 0.000193717 -0
11601.6 7 2.4041e-06 0.000124937 -0
11601.6 7 3.72759e-06 8.05778e-05 -0
11601.6 7 5.77969e-06 5.19684e-05 -0
11601.6 7 8.96151e-06 3.35168e-05 -0
11601.6 7 1.3895e-05 2.16166e-05 -0
11601.6 7 2.15443e-05 1.39415e-05 -0
11601.6 7 3.34048e-05 8.99156e-06 -0
11601.6 7 5.17947e-05 5.79908e-06 -0
11601.6 7 8.03086e-05 3.7401e-06 -0
11601.6 7 0.00012452 2.41217e-06 -0
11601.6 7 0.00019307 1.55573e-06 -0
11601.6 7 0.000299358 1.00337e-06 -0
11601.6 7 0.000464159 6.47124e-07 -0
11601.6 7 0.000719686 4.17366e-07 -0
11601.6 7 0.00111588 2.69184e-07 -0
11601.6 7 0.0017302 1.73615e-07 -0
11601.6 7 0.0026827 1.11977e-07 -0
11601.6 7 0.00415956 7.22245e-08 -0
11601.6 7 0.00644947 4.65858e-08 -0
11601.6 7 0.01 3.00498e-08 -0
11601.6 7 0.0155052 1.93844e-08 -0
11601.6 7 0.024041 1.2505e-08 -0
11601.6 7 0.0372759 8.06693e-09 -0
11601.6 7 0.0577969 5.20314e-09 -0
11601.6 7 0.0896151 3.3544e-09 -0
11601.6 7 0.13895 2.16073e-09 -0
11601.6 7 0.215443 1.39153e-09 -0
11601.6 7 0.334048 9.00222e-10 -0
11601.6 7 0.517947 5.91961e-10 -0
11601.6 7 0.803086 3.95251e-10 -0
11601.6 7 1.2452 2.52829e-10 -0
11601.6 7 1.9307 1.56072e-10 -0
11601.6 7 2.99358 1.0729e-10 -0
11601.6 7 4.64159 7.34735e-11 -0
11601.6 7 7.19686 4.19076e-11 -0
11601.6 7 11.1588 2.99057e-11 -0
11601.6 7 17.302 1.71019e-11 -0
11601.6 7 26.827 7.57954e-12 -0
11601.6 7 41.5956 3.61093e-12 -0
11601.6 7 64.4947 8.64242e-13 -0
11601.6 7 100 -1.07153e-12 0
11601.6 7 155.052 -1.85839e-12 0
11601.6 7 240.41 -2.37257e-12 0
11601.6 7 372.759 -2.92483e-12 0
11601.6 7 577.969 -2.87452e-12 0
11601.6 7 896.151 -2.5272e-12 0
11601.6 7 1389.5 -2.27299e-12 0
11601.6 7 2154.43 -1.87797e-12 0
11601.6 7 3340.48 -1.38249e-12 0
11601.6 7 5179.47 -9.28784e-13 0
11601.6 7 8030.86 -5.82638e-13 0
11601.6 7 12452 -3.47488e-13 0
11601.6 7 19307 -1.94854e-13 0
11601.6 7 29935.8 -1.03362e-13 0
11601.6 7 46415.9 -5.25625e-14 0
11601.6 7 71968.6 -2.58521e-14 0
11601.6 7 111588 -1.23876e-14 0
11601.6 7 173020 -5.83012e-15 0
11601.6 7 268270 -2.69317e-15 0
11601.6 7 415956 -1.22782e-15 0
11601.6 7 644947 -5.53885e-16 0
11601.6 7 1e+06 -2.47207e-16 0

28288.7 7 1e-06 0.000108175 -0
28288.7 7 1.55052e-06 6.97672e-05 -0
28288.7 7 2.4041e-06 4.49962e-05 -0
28288.7 7 3.72759e-06 2.90201e-05 -0
28288.7 7 5.77969e-06 1.87164e-05 -0
28288.7 7 8.96151e-06 1.20711e-05 -0
28288.7 7 1.3895e-05 7.78522e-06 -0
28288.7 7 2.15443e-05 5.02105e-06 -0
28288.7 7 3.34048e-05 3.23831e-06 -0
28288.7 7 5.17947e-05 2.08854e-06 -0
28288.7 7 8.03086e-05 1.347e-06 -0
28288.7 7 0.00012452 8.68742e-07 -0
28288.7 7 0.00019307 5.60293e-07 -0
28288.7 7 0.000299358 3.6136e-07 -0
28288.7 7 0.000464159 2.33059e-07 -0
28288.7 7 0.000719686 1.50312e-07 -0
28288.7 7 0.00111588 9.69438e-08 -0
28288.7 7 0.0017302 6.25245e-08 -0
28288.7 7 0.0026827 4.03258e-08 -0
28288.7 7 0.00415956 2.60089e-08 -0
28288.7 7 0.00644947 1.67751e-08 -0
28288.7 7 0.01 1.08198e-08 -0
28288.7 7 0.0155052 6.97886e-09 -0
28288.7 7 0.024041 4.50152e-09 -0
28288.7 7 0.0372759 2.90358e-09 -0
28288.7 7 0.0577969 1.87275e-09 -0
28288.7 7 0.0896151 1.20764e-09 -0
28288.7 7 0.13895 7.7846e-10 -0
28288.7 7 0.215443 5.01768e-10 -0
28288.7 7 0.334048 3.2409e-10 -0
28288.7 7 0.517947 2.10888e-10 -0
28288.7 7 0.803086 1.38219e-10 -0
28288.7 7 1.2452 8.88367e-11 -0
28288.7 7 1.9307 5.61941e-11 -0
28288.7 7 2.99358 3.73447e-11 -0
28288.7 7 4.64159 2.48089e-11 -0
28288.7 7 7.19686 1.5143e-11 -0
28288.7 7 11.1588 1.02623e-11 -0
28288.7 7 17.302 6.29451e-12 -0
28288.7 7 26.827 3.52511e-12 -0
28288.7 7 41.5956 2.09126e-12 -0
28288.7 7 64.4947 1.13313e-12 -0
28288.7 7 100 4.82251e-13 -0
28288.7 7 155.052 1.33524e-13 -0
28288.7 7 240.41 -1.00776e-13 0
28288.7 7 372.759 -3.07264e-13 0
28288.7 7 577.969 -3.8592e-13 0
28288.7 7 896.151 -3.94144e-13 0
28288.7 7 1389.5 -4.16987e-13 0
28288.7 7 2154.43 -4.05462e-13 0
28288.7 7 3340.48 -3.50099e-13 0
28288.7 7 5179.47 -2.74948e-13 0
28288.7 7 8030.86 -2.01386e-13 0
28288.7 7 12452 -1.4037e-13 0
28288.7 7 19307 -9.05141e-14 0
28288.7 7 29935.8 -5.39377e-14 0
28288.7 7 46415.9 -3.01681e-14 0
28288.7 7 71968.6 -1.60278e-14 0
28288.7 7 111588 -8.17758e-15 0
28288.7 7 173020 -4.05463e-15 0
28288.7 7 268270 -1.95288e-15 0
28288.7 7 415956 -9.21457e-16 0
28288.7 7 644947 -4.2773e-16 0
28288.7 7 1e+06 -1.95432e-16 0

68977.9 7 1e-06 3.94954e-05 -0
68977.9 7 1.55052e-06 2.54724e-05 -0
68977.9 7 2.4041e-06 1.64284e-05 -0
68977.9 7 3.72759e-06 1.05954e-05 -0
68977.9 7 5.77969e-06 6.83348e-06 -0
68977.9 7 8.96151e-06 4.40723e-06 -0
68977.9 7 1.3895e-05 2.84243e-06 -0
68977.9 7 2.15443e-05 1.83321e-06 -0
68977.9 7 3.34048e-05 1.18233e-06 -0
68977.9 7 5.17947e-05 7.62537e-07 -0
68977.9 7 8.03086e-05 4.91796e-07 -0
68977.9 7 0.00012452 3.17182e-07 -0
68977.9 7 0.00019307 2.04566e-07 -0
68977.9 7 0.000299358 1.31934e-07 -0
68977.9 7 0.000464159 8.50907e-08 -0
68977.9 7 0.000719686 5.48791e-08 -0
68977.9 7 0.00111588 3.53943e-08 -0
68977.9 7 0.0017302 2.28276e-08 -0
68977.9 7 0.0026827 1.47227e-08 -0
68977.9 7 0.00415956 9.4955e-09 -0
68977.9 7 0.00644947 6.12423e-09 -0
68977.9 7 0.01 3.94993e-09 -0
68977.9 7 0.0155052 2.5476e-09 -0
68977.9 7 0.024041 1.64316e-09 -0
68977.9 7 0.0372759 1.05981e-09 -0
68977.9 7 0.0577969 6.83541e-10 -0
68977.9 7 0.0896151 4.40822e-10 -0
68977.9 7 0.13895 2.84246e-10 -0
68977.9 7 0.215443 1.8328e-10 -0
68977.9 7 0.334048 1.18288e-10 -0
68977.9 7 0.517947 7.6597e-11 -0
68977.9 7 0.803086 4.97637e-11 -0
68977.9 7 1.2452 3.20498e-11 -0
68977.9 7 1.9307 2.04964e-11 -0
68977.9 7 2.99358 1.34026e-11 -0
68977.9 7 4.64159 8.76614e-12 -0
68977.9 7 7.19686 5.51916e-12 -0
68977.9 7 11.1588 3.64472e-12 -0
68977.9 7 17.302 2.30268e-12 -0
68977.9 7 26.827 1.40262e-12 -0
68977.9 7 41.5956 8.79354e-13 -0
68977.9 7 64.4947 5.36263e-13 -0
68977.9 7 100 3.09223e-13 -0
68977.9 7 155.052 1.74086e-13 -0
68977.9 7 240.41 8.48184e-14 -0
68977.9 7 372.759 1.67178e-14 -0
68977.9 7 577.969 -1.94834e-14 0
68977.9 7 896.151 -3.70824e-14 0
68977.9 7 1389.5 -5.43145e-14 0
68977.9 7 2154.43 -6.44203e-14 0
68977.9 7 3340.48 -6.49263e-14 0
68977.9 7 5179.47 -5.89616e-14 0
68977.9 7 8030.86 -5.02835e-14 0
68977.9 7 12452 -4.14898e-14 0
68977.9 7 19307 -3.16534e-14 0
68977.9 7 29935.8 -2.19842e-14 0
68977.9 7 46415.9 -1.40565e-14 0
68977.9 7 71968.6 -8.36379e-15 0
68977.9 7 111588 -4.69172e-15 0
68977.9 7 173020 -2.51924e-15 0
68977.9 7 268270 -1.29272e-15 0
68977.9 7 415956 -6.42261e-16 0
68977.9 7 644947 -3.10988e-16 0
68977.9 7 1e+06 -1.47005e-16 0

168192 7 1e-06 1.44107e-05 -0
168192 7 1.55052e-06 9.29415e-06 -0
168192 7 2.4041e-06 5.99423e-06 -0
168192 7 3.72759e-06 3.86596e-06 -0
168192 7 5.77969e-06 2.49334e-06 -0
168192 7 8.96151e-06 1.60807e-06 -0
168192 7 1.3895e-05 1.03712e-06 -0
168192 7 2.15443e-05 6.68887e-07 -0
168192 7 3.34048e-05 4.31396e-07 -0
168192 7 5.17947e-05 2.78228e-07 -0
168192 7 8.03086e-05 1.79442e-07 -0
168192 7 0.00012452 1.15731e-07 -0
168192 7 0.00019307 7.46401e-08 -0
168192 7 0.000299358 4.81389e-08 -0
168192 7 0.000464159 3.1047e-08 -0
168192 7 0.000719686 2.00237e-08 -0
168192 7 0.00111588 1.29143e-08 -0
168192 7 0.0017302 8.32903e-09 -0
168192 7 0.0026827 5.37181e-09 -0
168192 7 0.00415956 3.46455e-09 -0
168192 7 0.00644947 2.23447e-09 -0
168192 7 0.01 1.44114e-09 -0
168192 7 0.0155052 9.29476e-10 -0
168192 7 0.024041 5.99478e-10 -0
168192 7 0.0372759 3.86642e-10 -0
168192 7 0.0577969 2.49367e-10 -0
168192 7 0.0896151 1.60825e-10 -0
168192 7 0.13895 1.03714e-10 -0
168192 7 0.215443 6.68839e-11 -0
168192 7 0.334048 4.31505e-11 -0
168192 7 0.517947 2.78804e-11 -0
168192 7 0.803086 1.8041e-11 -0
168192 7 1.2452 1.16288e-11 -0
168192 7 1.9307 7.47226e-12 -0
168192 7 2.99358 4.84968e-12 -0
168192 7 4.64159 3.14828e-12 -0
168192 7 7.19686 2.00922e-12 -0
168192 7 11.1588 1.31031e-12 -0
168192 7 17.302 8.37904e-13 -0
168192 7 26.827 5.27588e-13 -0
168192 7 41.5956 3.36762e-13 -0
168192 7 64.4947 2.12766e-13 -0
168192 7 100 1.31832e-13 -0
168192 7 155.052 8.14591e-14 -0
168192 7 240.41 4.85938e-14 -0
168192 7 372.759 2.55847e-14 -0
168192 7 577.969 1.19261e-14 -0
168192 7 896.151 3.97164e-15 -0
168192 7 1389.5 -2.3631e-15 0
168192 7 2154.43 -6.62839e-15 0
168192 7 3340.48 -8.72389e-15 0
168192 7 5179.47 -9.3004e-15 0
168192 7 8030.86 -9.11423e-15 0
168192 7 12452 -8.7586e-15 0
168192 7 19307 -7.86221e-15 0
168192 7 29935.8 -6.44142e-15 0
168192 7 46415.9 -4.84107e-15 0
168192 7 71968.6 -3.34911e-15 0
168192 7 111588 -2.15329e-15 0
168192 7 173020 -1.30399e-15 0
168192 7 268270 -7.37252e-16 0
168192 7 415956 -3.96634e-16 0
168192 7 644947 -2.04925e-16 0
168192 7 1e+06 -1.01989e-16 0

410113 7 1e-06 5.18585e-06 -0
410113 7 1.55052e-06 3.3446e-06 -0
410113 7 2.4041e-06 2.15709e-06 -0
410113 7 3.72759e-06 1.39121e-06 -0
410113 7 5.77969e-06 8.97254e-07 -0
410113 7 8.96151e-06 5.78681e-07 -0
410113 7 1.3895e-05 3.73218e-07 -0
410113 7 2.15443e-05 2.40706e-07 -0
410113 7 3.34048e-05 1.55243e-07 -0
410113 7 5.17947e-05 1.00123e-07 -0
410113 7 8.03086e-05 6.45741e-08 -0
410113 7 0.00012452 4.16469e-08 -0
410113 7 0.00019307 2.686e-08 -0
410113 7 0.000299358 1.73233e-08 -0
410113 7 0.000464159 1.11726e-08 -0
410113 7 0.000719686 7.20573e-09 -0
410113 7 0.00111588 4.64732e-09 -0
410113 7 0.0017302 2.99728e-09 -0
410113 7 0.0026827 1.93309e-09 -0
410113 7 0.00415956 1.24674e-09 -0
410113 7 0.00644947 8.04086e-10 -0
410113 7 0.01 5.18596e-10 -0
410113 7 0.0155052 3.3447e-10 -0
410113 7 0.024041 2.15718e-10 -0
410113 7 0.0372759 1.39128e-10 -0
410113 7 0.0577969 8.97311e-11 -0
410113 7 0.0896151 5.78713e-11 -0
410113 7 0.13895 3.73225e-11 -0
410113 7 0.215443 2.407e-11 -0
410113 7 0.334048 1.55262e-11 -0
410113 7 0.517947 1.00219e-11 -0
410113 7 0.803086 6.4734e-12 -0
410113 7 1.2452 4.17399e-12 -0
410113 7 1.9307 2.68757e-12 -0
410113 7 2.99358 1.73838e-12 -0
410113 7 4.64159 1.12458e-12 -0
410113 7 7.19686 7.21911e-13 -0
410113 7 11.1588 4.68032e-13 -0
410113 7 17.302 3.00765e-13 -0
410113 7 26.827 1.91966e-13 -0
410113 7 41.5956 1.23315e-13 -0
410113 7 64.4947 7.88872e-14 -0
410113 7 100 5.00752e-14 -0
410113 7 155.052 3.17898e-14 -0
410113 7 240.41 1.99332e-14 -0
410113 7 372.759 1.19846e-14 -0
410113 7 577.969 7.04596e-15 -0
410113 7 896.151 3.99524e-15 -0
410113 7 1389.5 1.81433e-15 -0
410113 7 2154.43 3.52016e-16 -0
410113 7 3340.48 -5.13876e-16 0
410113 7 5179.47 -9.75588e-16 0
410113 7 8030.86 -1.21944e-15 0
410113 7 12452 -1.39964e-15 0
410113 7 19307 -1.46338e-15 0
410113 7 29935.8 -1.39152e-15 0
410113 7 46415.9 -1.22162e-15 0
410113 7 71968.6 -9.9243e-16 0
410113 7 111588 -7.50724e-16 0
410113 7 173020 -5.31355e-16 0
410113 7 268270 -3.43122e-16 0
410113 7 415956 -2.06939e-16 0
410113 7 644947 -1.17606e-16 0
410113 7 1e+06 -6.31439e-17 0

1e+06 7 1e-06 1.76769e-06 -0
1e+06 7 1.55052e-06 1.14006e-06 -0
1e+06 7 2.4041e-06 7.35281e-07 -0
1e+06 7 3.72759e-06 4.74217e-07 -0
1e+06 7 5.77969e-06 3.05845e-07 -0
1e+06 7 8.96151e-06 1.97253e-07 -0
1e+06 7 1.3895e-05 1.27218e-07 -0
1e+06 7 2.15443e-05 8.20488e-08 -0
1e+06 7 3.34048e-05 5.29171e-08 -0
1e+06 7 5.17947e-05 3.41287e-08 -0
1e+06 7 8.03086e-05 2.20112e-08 -0
1e+06 7 0.00012452 1.4196e-08 -0
1e+06 7 0.00019307 9.15569e-09 -0
1e+06 7 0.000299358 5.90493e-09 -0
1e+06 7 0.000464159 3.80837e-09 -0
1e+06 7 0.000719686 2.4562e-09 -0
1e+06 7 0.00111588 1.58412e-09 -0
1e+06 7 0.0017302 1.02167e-09 -0
1e+06 7 0.0026827 6.58924e-10 -0
1e+06 7 0.00415956 4.24971e-10 -0
1e+06 7 0.00644947 2.74085e-10 -0
1e+06 7 0.01 1.76771e-10 -0
1e+06 7 0.0155052 1.14008e-10 -0
1e+06 7 0.024041 7.35296e-11 -0
1e+06 7 0.0372759 4.7423e-11 -0
1e+06 7 0.0577969 3.05854e-11 -0
1e+06 7 0.0896151 1.97259e-11 -0
1e+06 7 0.13895 1.27219e-11 -0
1e+06 7 0.215443 8.20482e-12 -0
1e+06 7 0.334048 5.29207e-12 -0
1e+06 7 0.517947 3.41447e-12 -0
1e+06 7 0.803086 2.20376e-12 -0
1e+06 7 1.2452 1.42116e-12 -0
1e+06 7 1.9307 9.1586e-13 -0
1e+06 7 2.99358 5.91516e-13 -0
1e+06 7 4.64159 3.82066e-13 -0
1e+06 7 7.19686 2.45872e-13 -0
1e+06 7 11.1588 1.58984e-13 -0
1e+06 7 17.302 1.02371e-13 -0
1e+06 7 26.827 6.57076e-14 -0
1e+06 7 41.5956 4.23095e-14 -0
1e+06 7 64.4947 2.71943e-14 -0
1e+06 7 100 1.74199e-14 -0
1e+06 7 155.052 1.11642e-14 -0
1e+06 7 240.41 7.11922e-15 -0
1e+06 7 372.759 4.46077e-15 -0
1e+06 7 577.969 2.77659e-15 -0
1e+06 7 896.151 1.71203e-15 -0
1e+06 7 1389.5 9.89541e-16 -0
1e+06 7 2154.43 5.12681e-16 -0
1e+06 7 3340.48 2.15595e-16 -0
1e+06 7 5179.47 3.74555e-17 -0
1e+06 7 8030.86 -7.18936e-17 0
1e+06 7 12452 -1.52414e-16 0
1e+06 7 19307 -2.03875e-16 0
1e+06 7 29935.8 -2.26722e-16 0
1e+06 7 46415.9 -2.28068e-16 0
1e+06 7 71968.6 -2.12799e-16 0
1e+06 7 111588 -1.87502e-16 0
1e+06 7 173020 -1.56246e-16 0
1e+06 7 268270 -1.17903e-16 0
1e+06 7 415956 -8.24969e-17 0
1e+06 7 644947 -5.35353e-17 0
1e+06 7 1e+06 -3.20581e-17 0

