#q_sq i k_sq Re(fg) Im(fg)
1e-06 0 1e-06 2938.43 0
1e-06 0 1.55052e-06 2938.43 0
1e-06 0 2.4041e-06 2938.44 0
1e-06 0 3.72759e-06 2938.44 0
1e-06 0 5.77969e-06 2938.45 0
1e-06 0 8.96151e-06 2938.46 0
1e-06 0 1.3895e-05 2938.48 0
1e-06 0 2.15443e-05 2938.51 0
1e-06 0 3.34048e-05 2938.55 0
1e-06 0 5.17947e-05 2938.62 0
1e-06 0 8.03086e-05 2938.72 0
1e-06 0 0.00012452 2938.88 0
1e-06 0 0.00019307 2939.12 0
1e-06 0 0.000299358 2939.51 0
1e-06 0 0.000464159 2940.1 0
1e-06 0 0.000719686 2941.02 0
1e-06 0 0.00111588 2942.43 0
1e-06 0 0.0017302 2944.6 0
1e-06 0 0.0026827 2947.94 0
1e-06 0 0.00415956 2953.01 0
1e-06 0 0.00644947 2960.66 0
1e-06 0 0.01 2971.97 0
1e-06 0 0.0155052 2988.22 0
1e-06 0 0.024041 3010.41 0
1e-06 0 0.0372759 3038 0
1e-06 0 0.0577969 3065.38 0
1e-06 0 0.0896151 3075.47 0
1e-06 0 0.13895 3027.93 0
1e-06 0 0.215443 2835.67 0
1e-06 0 0.334048 2339.19 0
1e-06 0 0.517947 1281.31 0
1e-06 0 0.803086 -613.487 0
1e-06 0 1.2452 -2928.04 0
1e-06 0 1.9307 -4737.88 0
1e-06 0 2.99358 -7538.7 0
1e-06 0 4.64159 -9867.72 0
1e-06 0 7.19686 -6819.97 0
1e-06 0 11.1588 -9883.14 0
1e-06 0 17.302 -5015.58 0
1e-06 0 26.827 253.465 0
1e-06 0 41.5956 689.473 0
1e-06 0 64.4947 622.225 0
1e-06 0 100 716.707 0
1e-06 0 155.052 603.992 0
1e-06 0 240.41 443.495 0
1e-06 0 372.759 521.931 0
1e-06 0 577.969 528.855 0
1e-06 0 896.151 353.821 0
1e-06 0 1389.5 308.979 0
1e-06 0 2154.43 307.686 0
1e-06 0 3340.48 284.611 0
1e-06 0 5179.47 236.312 0
1e-06 0 8030.86 143.02 0
1e-06 0 12452 85.7807 0
1e-06 0 19307 46.1109 0
1e-06 0 29935.8 0.356918 0
1e-06 0 46415.9 -47.0035 0
1e-06 0 71968.6 -103.12 0
1e-06 0 111588 -177.215 0
1e-06 0 173020 -205.792 0
1e-06 0 268270 -254.228 0
1e-06 0 415956 -283.917 0
1e-06 0 644947 -272.417 0
1e-06 0 1e+06 -139.236 0

2.43835e-06 0 1e-06 1205.43 0
2.43835e-06 0 1.55052e-06 1205.43 0
2.43835e-06 0 2.4041e-06 1205.43 0
2.43835e-06 0 3.72759e-06 1205.43 0
2.43835e-06 0 5.77969e-06 1205.43 0
2.43835e-06 0 8.96151e-06 1205.44 0
2.43835e-06 0 1.3895e-05 1205.45 0
2.43835e-06 0 2.15443e-05 1205.46 0
2.43835e-06 0 3.34048e-05 1205.48 0
2.43835e-06 0 5.17947e-05 1205.5 0
2.43835e-06 0 8.03086e-05 1205.54 0
2.43835e-06 0 0.00012452 1205.61 0
2.43835e-06 0 0.00019307 1205.71 0
2.43835e-06 0 0.000299358 1205.87 0
2.43835e-06 0 0.000464159 1206.11 0
2.43835e-06 0 0.000719686 1206.49 0
2.43835e-06 0 0.00111588 1207.07 0
2.43835e-06 0 0.0017302 1207.96 0
2.43835e-06 0 0.0026827 1209.32 0
2.43835e-06 0 0.00415956 1211.4 0
2.43835e-06 0 0.00644947 1214.54 0
2.43835e-06 0 0.01 1219.18 0
2.43835e-06 0 0.0155052 1225.84 0
2.43835e-06 0 0.024041 1234.93 0
2.43835e-06 0 0.0372759 1246.23 0
2.43835e-06 0 0.0577969 1257.45 0
2.43835e-06 0 0.0896151 1261.57 0
2.43835e-06 0 0.13895 1242.04 0
2.43835e-06 0 0.215443 1163.16 0
2.43835e-06 0 0.334048 959.498 0
2.43835e-06 0 0.517947 525.594 0
2.43835e-06 0 0.803086 -251.531 0
2.43835e-06 0 1.2452 -1200.79 0
2.43835e-06 0 1.9307 -1943.04 0
2.43835e-06 0 2.99358 -3091.71 0
2.43835e-06 0 4.64159 -4046.87 0
2.43835e-06 0 7.19686 -2796.95 0
2.43835e-06 0 11.1588 -4053.2 0
2.43835e-06 0 17.302 -2056.95 0
2.43835e-06 0 26.827 103.95 0
2.43835e-06 0 41.5956 282.762 0
2.43835e-06 0 64.4947 255.183 0
2.43835e-06 0 100 293.931 0
2.43835e-06 0 155.052 247.705 0
2.43835e-06 0 240.41 181.883 0
2.43835e-06 0 372.759 214.051 0
2.43835e-06 0 577.969 216.89 0
2.43835e-06 0 896.151 145.106 0
2.43835e-06 0 1389.5 126.716 0
2.43835e-06 0 2154.43 126.186 0
2.43835e-06 0 3340.48 116.723 0
2.43835e-06 0 5179.47 96.9146 0
2.43835e-06 0 8030.86 58.6542 0
2.43835e-06 0 12452 35.1798 0
2.43835e-06 0 19307 18.9107 0
2.43835e-06 0 29935.8 0.146377 0
2.43835e-06 0 46415.9 -19.2768 0
2.43835e-06 0 71968.6 -42.291 0
2.43835e-06 0 111588 -72.6783 0
2.43835e-06 0 173020 -84.3979 0
2.43835e-06 0 268270 -104.262 0
2.43835e-06 0 415956 -116.438 0
2.43835e-06 0 644947 -111.721 0
2.43835e-06 0 1e+06 -57.1026 0

5.94557e-06 0 1e-06 494.698 0
5.94557e-06 0 1.55052e-06 494.698 0
5.94557e-06 0 2.4041e-06 494.699 0
5.94557e-06 0 3.72759e-06 494.699 0
5.94557e-06 0 5.77969e-06 494.701 0
5.94557e-06 0 8.96151e-06 494.703 0
5.94557e-06 0 1.3895e-05 494.706 0
5.94557e-06 0 2.15443e-05 494.71 0
5.94557e-06 0 3.34048e-05 494.717 0
5.94557e-06 0 5.17947e-05 494.729 0
5.94557e-06 0 8.03086e-05 494.746 0
5.94557e-06 0 0.00012452 494.773 0
5.94557e-06 0 0.00019307 494.814 0
5.94557e-06 0 0.000299358 494.878 0
5.94557e-06 0 0.000464159 494.978 0
5.94557e-06 0 0.000719686 495.132 0
5.94557e-06 0 0.00111588 495.369 0
5.94557e-06 0 0.0017302 495.734 0
5.94557e-06 0 0.0026827 496.294 0
5.94557e-06 0 0.00415956 497.146 0
5.94557e-06 0 0.00644947 498.43 0
5.94557e-06 0 0.01 500.329 0
5.94557e-06 0 0.0155052 503.056 0
5.94557e-06 0 0.024041 506.779 0
5.94557e-06 0 0.0372759 511.406 0
5.94557e-06 0 0.0577969 515.993 0
5.94557e-06 0 0.0896151 517.661 0
5.94557e-06 0 0.13895 509.626 0
5.94557e-06 0 0.215443 477.235 0
5.94557e-06 0 0.334048 393.666 0
5.94557e-06 0 0.517947 215.666 0
5.94557e-06 0 0.803086 -103.088 0
5.94557e-06 0 1.2452 -492.422 0
5.94557e-06 0 1.9307 -796.847 0
5.94557e-06 0 2.99358 -1267.94 0
5.94557e-06 0 4.64159 -1659.67 0
5.94557e-06 0 7.19686 -1147.06 0
5.94557e-06 0 11.1588 -1662.27 0
5.94557e-06 0 17.302 -843.58 0
5.94557e-06 0 26.827 42.6321 0
5.94557e-06 0 41.5956 115.965 0
5.94557e-06 0 64.4947 104.654 0
5.94557e-06 0 100 120.545 0
5.94557e-06 0 155.052 101.587 0
5.94557e-06 0 240.41 74.5926 0
5.94557e-06 0 372.759 87.7849 0
5.94557e-06 0 577.969 88.9495 0
5.94557e-06 0 896.151 59.51 0
5.94557e-06 0 1389.5 51.968 0
5.94557e-06 0 2154.43 51.7505 0
5.94557e-06 0 3340.48 47.8694 0
5.94557e-06 0 5179.47 39.7459 0
5.94557e-06 0 8030.86 24.0548 0
5.94557e-06 0 12452 14.4277 0
5.94557e-06 0 19307 7.75551 0
5.94557e-06 0 29935.8 0.0600321 0
5.94557e-06 0 46415.9 -7.90564 0
5.94557e-06 0 71968.6 -17.3441 0
5.94557e-06 0 111588 -29.8063 0
5.94557e-06 0 173020 -34.6126 0
5.94557e-06 0 268270 -42.7592 0
5.94557e-06 0 415956 -47.7527 0
5.94557e-06 0 644947 -45.8184 0
5.94557e-06 0 1e+06 -23.4185 0

1.44974e-05 0 1e-06 203.19 0
1.44974e-05 0 1.55052e-06 203.191 0
1.44974e-05 0 2.4041e-06 203.191 0
1.44974e-05 0 3.72759e-06 203.191 0
1.44974e-05 0 5.77969e-06 203.192 0
1.44974e-05 0 8.96151e-06 203.192 0
1.44974e-05 0 1.3895e-05 203.194 0
1.44974e-05 0 2.15443e-05 203.196 0
1.44974e-05 0 3.34048e-05 203.198 0
1.44974e-05 0 5.17947e-05 203.203 0
1.44974e-05 0 8.03086e-05 203.21 0
1.44974e-05 0 0.00012452 203.221 0
1.44974e-05 0 0.00019307 203.238 0
1.44974e-05 0 0.000299358 203.264 0
1.44974e-05 0 0.000464159 203.305 0
1.44974e-05 0 0.000719686 203.368 0
1.44974e-05 0 0.00111588 203.465 0
1.44974e-05 0 0.0017302 203.614 0
1.44974e-05 0 0.0026827 203.843 0
1.44974e-05 0 0.00415956 204.192 0
1.44974e-05 0 0.00644947 204.717 0
1.44974e-05 0 0.01 205.493 0
1.44974e-05 0 0.0155052 206.608 0
1.44974e-05 0 0.024041 208.13 0
1.44974e-05 0 0.0372759 210.02 0
1.44974e-05 0 0.0577969 211.889 0
1.44974e-05 0 0.0896151 212.555 0
1.44974e-05 0 0.13895 209.235 0
1.44974e-05 0 0.215443 195.917 0
1.44974e-05 0 0.334048 161.602 0
1.44974e-05 0 0.517947 88.5562 0
1.44974e-05 0 0.803086 -42.2112 0
1.44974e-05 0 1.2452 -201.913 0
1.44974e-05 0 1.9307 -326.777 0
1.44974e-05 0 2.99358 -519.984 0
1.44974e-05 0 4.64159 -680.643 0
1.44974e-05 0 7.19686 -470.421 0
1.44974e-05 0 11.1588 -681.714 0
1.44974e-05 0 17.302 -345.962 0
1.44974e-05 0 26.827 17.4847 0
1.44974e-05 0 41.5956 47.5592 0
1.44974e-05 0 64.4947 42.9203 0
1.44974e-05 0 100 49.4373 0
1.44974e-05 0 155.052 41.6623 0
1.44974e-05 0 240.41 30.5915 0
1.44974e-05 0 372.759 36.0018 0
1.44974e-05 0 577.969 36.4794 0
1.44974e-05 0 896.151 24.4058 0
1.44974e-05 0 1389.5 21.3128 0
1.44974e-05 0 2154.43 21.2236 0
1.44974e-05 0 3340.48 19.6319 0
1.44974e-05 0 5179.47 16.3003 0
1.44974e-05 0 8030.86 9.86519 0
1.44974e-05 0 12452 5.91697 0
1.44974e-05 0 19307 3.18063 0
1.44974e-05 0 29935.8 0.0246208 0
1.44974e-05 0 46415.9 -3.2422 0
1.44974e-05 0 71968.6 -7.11302 0
1.44974e-05 0 111588 -12.2239 0
1.44974e-05 0 173020 -14.1951 0
1.44974e-05 0 268270 -17.5361 0
1.44974e-05 0 415956 -19.584 0
1.44974e-05 0 644947 -18.7907 0
1.44974e-05 0 1e+06 -9.60422 0

3.53498e-05 0 1e-06 83.6417 0
3.53498e-05 0 1.55052e-06 83.6418 0
3.53498e-05 0 2.4041e-06 83.6419 0
3.53498e-05 0 3.72759e-06 83.642 0
3.53498e-05 0 5.77969e-06 83.6422 0
3.53498e-05 0 8.96151e-06 83.6425 0
3.53498e-05 0 1.3895e-05 83.643 0
3.53498e-05 0 2.15443e-05 83.6438 0
3.53498e-05 0 3.34048e-05 83.645 0
3.53498e-05 0 5.17947e-05 83.6469 0
3.53498e-05 0 8.03086e-05 83.6497 0
3.53498e-05 0 0.00012452 83.6542 0
3.53498e-05 0 0.00019307 83.6611 0
3.53498e-05 0 0.000299358 83.6718 0
3.53498e-05 0 0.000464159 83.6884 0
3.53498e-05 0 0.000719686 83.714 0
3.53498e-05 0 0.00111588 83.7536 0
3.53498e-05 0 0.0017302 83.8144 0
3.53498e-05 0 0.0026827 83.9077 0
3.53498e-05 0 0.00415956 84.0497 0
3.53498e-05 0 0.00644947 84.2634 0
3.53498e-05 0 0.01 84.5796 0
3.53498e-05 0 0.0155052 85.0333 0
3.53498e-05 0 0.024041 85.6518 0
3.53498e-05 0 0.0372759 86.4184 0
3.53498e-05 0 0.0577969 87.1726 0
3.53498e-05 0 0.0896151 87.4278 0
3.53498e-05 0 0.13895 86.0405 0
3.53498e-05 0 0.215443 80.5445 0
3.53498e-05 0 0.334048 66.4293 0
3.53498e-05 0 0.517947 36.4261 0
3.53498e-05 0 0.803086 -17.2452 0
3.53498e-05 0 1.2452 -82.7708 0
3.53498e-05 0 1.9307 -133.996 0
3.53498e-05 0 2.99358 -213.24 0
3.53498e-05 0 4.64159 -279.133 0
3.53498e-05 0 7.19686 -192.922 0
3.53498e-05 0 11.1588 -279.577 0
3.53498e-05 0 17.302 -141.882 0
3.53498e-05 0 26.827 7.17146 0
3.53498e-05 0 41.5956 19.5051 0
3.53498e-05 0 64.4947 17.6025 0
3.53498e-05 0 100 20.2751 0
3.53498e-05 0 155.052 17.0864 0
3.53498e-05 0 240.41 12.546 0
3.53498e-05 0 372.759 14.7648 0
3.53498e-05 0 577.969 14.9607 0
3.53498e-05 0 896.151 10.0092 0
3.53498e-05 0 1389.5 8.74065 0
3.53498e-05 0 2154.43 8.70406 0
3.53498e-05 0 3340.48 8.05129 0
3.53498e-05 0 5179.47 6.68497 0
3.53498e-05 0 8030.86 4.04584 0
3.53498e-05 0 12452 2.42663 0
3.53498e-05 0 19307 1.30442 0
3.53498e-05 0 29935.8 0.0100981 0
3.53498e-05 0 46415.9 -1.32967 0
3.53498e-05 0 71968.6 -2.91714 0
3.53498e-05 0 111588 -5.01319 0
3.53498e-05 0 173020 -5.82158 0
3.53498e-05 0 268270 -7.19177 0
3.53498e-05 0 415956 -8.03164 0
3.53498e-05 0 644947 -7.70631 0
3.53498e-05 0 1e+06 -3.93881 0

8.61954e-05 0 1e-06 34.6016 0
8.61954e-05 0 1.55052e-06 34.6016 0
8.61954e-05 0 2.4041e-06 34.6017 0
8.61954e-05 0 3.72759e-06 34.6017 0
8.61954e-05 0 5.77969e-06 34.6018 0
8.61954e-05 0 8.96151e-06 34.6019 0
8.61954e-05 0 1.3895e-05 34.6021 0
8.61954e-05 0 2.15443e-05 34.6025 0
8.61954e-05 0 3.34048e-05 34.6029 0
8.61954e-05 0 5.17947e-05 34.6037 0
8.61954e-05 0 8.03086e-05 34.6049 0
8.61954e-05 0 0.00012452 34.6067 0
8.61954e-05 0 0.00019307 34.6094 0
8.61954e-05 0 0.000299358 34.6138 0
8.61954e-05 0 0.000464159 34.6205 0
8.61954e-05 0 0.000719686 34.6308 0
8.61954e-05 0 0.00111588 34.6468 0
8.61954e-05 0 0.0017302 34.6714 0
8.61954e-05 0 0.0026827 34.7091 0
8.61954e-05 0 0.00415956 34.7664 0
8.61954e-05 0 0.00644947 34.8527 0
8.61954e-05 0 0.01 34.9802 0
8.61954e-05 0 0.0155052 35.163 0
8.61954e-05 0 0.024041 35.4117 0
8.61954e-05 0 0.0372759 35.7186 0
8.61954e-05 0 0.0577969 36.0165 0
8.61954e-05 0 0.0896151 36.1045 0
8.61954e-05 0 0.13895 35.5117 0
8.61954e-05 0 0.215443 33.2255 0
8.61954e-05 0 0.334048 27.3962 0
8.61954e-05 0 0.517947 15.0467 0
8.61954e-05 0 0.803086 -7.00606 0
8.61954e-05 0 1.2452 -33.909 0
8.61954e-05 0 1.9307 -54.9334 0
8.61954e-05 0 2.99358 -87.4404 0
8.61954e-05 0 4.64159 -114.469 0
8.61954e-05 0 7.19686 -79.1161 0
8.61954e-05 0 11.1588 -114.656 0
8.61954e-05 0 17.302 -58.1863 0
8.61954e-05 0 26.827 2.94187 0
8.61954e-05 0 41.5956 7.99981 0
8.61954e-05 0 64.4947 7.21934 0
8.61954e-05 0 100 8.31528 0
8.61954e-05 0 155.052 7.00749 0
8.61954e-05 0 240.41 5.14539 0
8.61954e-05 0 372.759 6.05531 0
8.61954e-05 0 577.969 6.13561 0
8.61954e-05 0 896.151 4.10491 0
8.61954e-05 0 1389.5 3.58467 0
8.61954e-05 0 2154.43 3.56966 0
8.61954e-05 0 3340.48 3.30194 0
8.61954e-05 0 5179.47 2.74159 0
8.61954e-05 0 8030.86 1.65925 0
8.61954e-05 0 12452 0.995193 0
8.61954e-05 0 19307 0.534961 0
8.61954e-05 0 29935.8 0.00414221 0
8.61954e-05 0 46415.9 -0.545313 0
8.61954e-05 0 71968.6 -1.19636 0
8.61954e-05 0 111588 -2.05597 0
8.61954e-05 0 173020 -2.38751 0
8.61954e-05 0 268270 -2.94944 0
8.61954e-05 0 415956 -3.29388 0
8.61954e-05 0 644947 -3.16045 0
8.61954e-05 0 1e+06 -1.61536 0

0.000210175 0 1e-06 14.4609 0
0.000210175 0 1.55052e-06 14.4609 0
0.000210175 0 2.4041e-06 14.4609 0
0.000210175 0 3.72759e-06 14.4609 0
0.000210175 0 5.77969e-06 14.4609 0
0.000210175 0 8.96151e-06 14.461 0
0.000210175 0 1.3895e-05 14.4611 0
0.000210175 0 2.15443e-05 14.4612 0
0.000210175 0 3.34048e-05 14.4614 0
0.000210175 0 5.17947e-05 14.4617 0
0.000210175 0 8.03086e-05 14.4622 0
0.000210175 0 0.00012452 14.4629 0
0.000210175 0 0.00019307 14.464 0
0.000210175 0 0.000299358 14.4657 0
0.000210175 0 0.000464159 14.4684 0
0.000210175 0 0.000719686 14.4725 0
0.000210175 0 0.00111588 14.4789 0
0.000210175 0 0.0017302 14.4887 0
0.000210175 0 0.0026827 14.5037 0
0.000210175 0 0.00415956 14.5265 0
0.000210175 0 0.00644947 14.5608 0
0.000210175 0 0.01 14.6114 0
0.000210175 0 0.0155052 14.6838 0
0.000210175 0 0.024041 14.7819 0
0.000210175 0 0.0372759 14.9017 0
0.000210175 0 0.0577969 15.0148 0
0.000210175 0 0.0896151 15.0373 0
0.000210175 0 0.13895 14.7744 0
0.000210175 0 0.215443 13.8091 0
0.000210175 0 0.334048 11.3827 0
0.000210175 0 0.517947 6.27674 0
0.000210175 0 0.803086 -2.80712 0
0.000210175 0 1.2452 -13.87 0
0.000210175 0 1.9307 -22.5088 0
0.000210175 0 2.99358 -35.8482 0
0.000210175 0 4.64159 -46.9379 0
0.000210175 0 7.19686 -32.4428 0
0.000210175 0 11.1588 -47.0193 0
0.000210175 0 17.302 -23.8616 0
0.000210175 0 26.827 1.20727 0
0.000210175 0 41.5956 3.28133 0
0.000210175 0 64.4947 2.96108 0
0.000210175 0 100 3.41042 0
0.000210175 0 155.052 2.87401 0
0.000210175 0 240.41 2.11029 0
0.000210175 0 372.759 2.48342 0
0.000210175 0 577.969 2.51633 0
0.000210175 0 896.151 1.6835 0
0.000210175 0 1389.5 1.47014 0
0.000210175 0 2154.43 1.46397 0
0.000210175 0 3340.48 1.35418 0
0.000210175 0 5179.47 1.12437 0
0.000210175 0 8030.86 0.680484 0
0.000210175 0 12452 0.408143 0
0.000210175 0 19307 0.219395 0
0.000210175 0 29935.8 0.00169961 0
0.000210175 0 46415.9 -0.223639 0
0.000210175 0 71968.6 -0.490641 0
0.000210175 0 111588 -0.84318 0
0.000210175 0 173020 -0.979146 0
0.000210175 0 268270 -1.2096 0
0.000210175 0 415956 -1.35086 0
0.000210175 0 644947 -1.29614 0
0.000210175 0 1e+06 -0.662479 0

0.000512481 0 1e-06 6.2207 0
0.000512481 0 1.55052e-06 6.2207 0
0.000512481 0 2.4041e-06 6.22071 0
0.000512481 0 3.72759e-06 6.22072 0
0.000512481 0 5.77969e-06 6.22073 0
0.000512481 0 8.96151e-06 6.22075 0
0.000512481 0 1.3895e-05 6.22078 0
0.000512481 0 2.15443e-05 6.22083 0
0.000512481 0 3.34048e-05 6.2209 0
0.000512481 0 5.17947e-05 6.22101 0
0.000512481 0 8.03086e-05 6.22119 0
0.000512481 0 0.00012452 6.22146 0
0.000512481 0 0.00019307 6.22188 0
0.000512481 0 0.000299358 6.22253 0
0.000512481 0 0.000464159 6.22353 0
0.000512481 0 0.000719686 6.22508 0
0.000512481 0 0.00111588 6.22747 0
0.000512481 0 0.0017302 6.23115 0
0.000512481 0 0.0026827 6.23678 0
0.000512481 0 0.00415956 6.24533 0
0.000512481 0 0.00644947 6.25815 0
0.000512481 0 0.01 6.27699 0
0.000512481 0 0.0155052 6.30371 0
0.000512481 0 0.024041 6.33936 0
0.000512481 0 0.0372759 6.38156 0
0.000512481 0 0.0577969 6.41748 0
0.000512481 0 0.0896151 6.4112 0
0.000512481 0 0.13895 6.28109 0
0.000512481 0 0.215443 5.8546 0
0.000512481 0 0.334048 4.82048 0
0.000512481 0 0.517947 2.68245 0
0.000512481 0 0.803086 -1.0844 0
0.000512481 0 1.2452 -5.65173 0
0.000512481 0 1.9307 -9.21109 0
0.000512481 0 2.99358 -14.6896 0
0.000512481 0 4.64159 -19.2426 0
0.000512481 0 7.19686 -13.3015 0
0.000512481 0 11.1588 -19.2807 0
0.000512481 0 17.302 -9.78461 0
0.000512481 0 26.827 0.49589 0
0.000512481 0 41.5956 1.34623 0
0.000512481 0 64.4947 1.21472 0
0.000512481 0 100 1.39888 0
0.000512481 0 155.052 1.17881 0
0.000512481 0 240.41 0.865552 0
0.000512481 0 372.759 1.01855 0
0.000512481 0 577.969 1.03202 0
0.000512481 0 896.151 0.690453 0
0.000512481 0 1389.5 0.602939 0
0.000512481 0 2154.43 0.600405 0
0.000512481 0 3340.48 0.555372 0
0.000512481 0 5179.47 0.461122 0
0.000512481 0 8030.86 0.279078 0
0.000512481 0 12452 0.167387 0
0.000512481 0 19307 0.0899781 0
0.000512481 0 29935.8 0.000697875 0
0.000512481 0 46415.9 -0.0917168 0
0.000512481 0 71968.6 -0.201218 0
0.000512481 0 111588 -0.345799 0
0.000512481 0 173020 -0.40156 0
0.000512481 0 268270 -0.496073 0
0.000512481 0 415956 -0.554005 0
0.000512481 0 644947 -0.531565 0
0.000512481 0 1e+06 -0.271691 0

0.00124961 0 1e-06 2.85904 0
0.00124961 0 1.55052e-06 2.85904 0
0.00124961 0 2.4041e-06 2.85904 0
0.00124961 0 3.72759e-06 2.85905 0
0.00124961 0 5.77969e-06 2.85905 0
0.00124961 0 8.96151e-06 2.85906 0
0.00124961 0 1.3895e-05 2.85906 0
0.00124961 0 2.15443e-05 2.85908 0
0.00124961 0 3.34048e-05 2.8591 0
0.00124961 0 5.17947e-05 2.85914 0
0.00124961 0 8.03086e-05 2.85919 0
0.00124961 0 0.00012452 2.85927 0
0.00124961 0 0.00019307 2.8594 0
0.00124961 0 0.000299358 2.8596 0
0.00124961 0 0.000464159 2.85991 0
0.00124961 0 0.000719686 2.86039 0
0.00124961 0 0.00111588 2.86112 0
0.00124961 0 0.0017302 2.86225 0
0.00124961 0 0.0026827 2.86396 0
0.00124961 0 0.00415956 2.86655 0
0.00124961 0 0.00644947 2.87039 0
0.00124961 0 0.01 2.87593 0
0.00124961 0 0.0155052 2.88353 0
0.00124961 0 0.024041 2.89301 0
0.00124961 0 0.0372759 2.90251 0
0.00124961 0 0.0577969 2.90553 0
0.00124961 0 0.0896151 2.88573 0
0.00124961 0 0.13895 2.80778 0
0.00124961 0 0.215443 2.59951 0
0.00124961 0 0.334048 2.13356 0
0.00124961 0 0.517947 1.21033 0
0.00124961 0 0.803086 -0.377347 0
0.00124961 0 1.2452 -2.28121 0
0.00124961 0 1.9307 -3.75744 0
0.00124961 0 2.99358 -6.0121 0
0.00124961 0 4.64159 -7.88432 0
0.00124961 0 7.19686 -5.45134 0
0.00124961 0 11.1588 -7.90473 0
0.00124961 0 17.302 -4.01145 0
0.00124961 0 26.827 0.204152 0
0.00124961 0 41.5956 0.552625 0
0.00124961 0 64.4947 0.498514 0
0.00124961 0 100 0.573924 0
0.00124961 0 155.052 0.483595 0
0.00124961 0 240.41 0.355071 0
0.00124961 0 372.759 0.417782 0
0.00124961 0 577.969 0.423286 0
0.00124961 0 896.151 0.283191 0
0.00124961 0 1389.5 0.24729 0
0.00124961 0 2154.43 0.246245 0
0.00124961 0 3340.48 0.227773 0
0.00124961 0 5179.47 0.189117 0
0.00124961 0 8030.86 0.114457 0
0.00124961 0 12452 0.0686494 0
0.00124961 0 19307 0.0369025 0
0.00124961 0 29935.8 0.000287052 0
0.00124961 0 46415.9 -0.0376137 0
0.00124961 0 71968.6 -0.0825215 0
0.00124961 0 111588 -0.141816 0
0.00124961 0 173020 -0.164685 0
0.00124961 0 268270 -0.203446 0
0.00124961 0 415956 -0.227204 0
0.00124961 0 644947 -0.218001 0
0.00124961 0 1e+06 -0.111424 0

0.00304699 0 1e-06 1.48449 0
0.00304699 0 1.55052e-06 1.48449 0
0.00304699 0 2.4041e-06 1.48449 0
0.00304699 0 3.72759e-06 1.48449 0
0.00304699 0 5.77969e-06 1.48449 0
0.00304699 0 8.96151e-06 1.48449 0
0.00304699 0 1.3895e-05 1.48449 0
0.00304699 0 2.15443e-05 1.48449 0
0.00304699 0 3.34048e-05 1.4845 0
0.00304699 0 5.17947e-05 1.4845 0
0.00304699 0 8.03086e-05 1.4845 0
0.00304699 0 0.00012452 1.48451 0
0.00304699 0 0.00019307 1.48452 0
0.00304699 0 0.000299358 1.48453 0
0.00304699 0 0.000464159 1.48455 0
0.00304699 0 0.000719686 1.48458 0
0.00304699 0 0.00111588 1.48463 0
0.00304699 0 0.0017302 1.4847 0
0.00304699 0 0.0026827 1.4848 0
0.00304699 0 0.00415956 1.48492 0
0.00304699 0 0.00644947 1.48504 0
0.00304699 0 0.01 1.48508 0
0.00304699 0 0.0155052 1.48475 0
0.00304699 0 0.024041 1.48338 0
0.00304699 0 0.0372759 1.47929 0
0.00304699 0 0.0577969 1.46856 0
0.00304699 0 0.0896151 1.44284 0
0.00304699 0 0.13895 1.3858 0
0.00304699 0 0.215443 1.2664 0
0.00304699 0 0.334048 1.0328 0
0.00304699 0 0.517947 0.607169 0
0.00304699 0 0.803086 -0.0871963 0
0.00304699 0 1.2452 -0.898884 0
0.00304699 0 1.9307 -1.52082 0
0.00304699 0 2.99358 -2.45333 0
0.00304699 0 4.64159 -3.22614 0
0.00304699 0 7.19686 -2.23188 0
0.00304699 0 11.1588 -3.2393 0
0.00304699 0 17.302 -1.64379 0
0.00304699 0 26.827 0.0845102 0
0.00304699 0 41.5956 0.227159 0
0.00304699 0 64.4947 0.204791 0
0.00304699 0 100 0.235599 0
0.00304699 0 155.052 0.198478 0
0.00304699 0 240.41 0.145717 0
0.00304699 0 372.759 0.171401 0
0.00304699 0 577.969 0.173636 0
0.00304699 0 896.151 0.116167 0
0.00304699 0 1389.5 0.101434 0
0.00304699 0 2154.43 0.101 0
0.00304699 0 3340.48 0.0934198 0
0.00304699 0 5179.47 0.077564 0
0.00304699 0 8030.86 0.0469433 0
0.00304699 0 12452 0.028156 0
0.00304699 0 19307 0.0151355 0
0.00304699 0 29935.8 0.00011857 0
0.00304699 0 46415.9 -0.0154253 0
0.00304699 0 71968.6 -0.0338428 0
0.00304699 0 111588 -0.0581604 0
0.00304699 0 173020 -0.0675392 0
0.00304699 0 268270 -0.0834355 0
0.00304699 0 415956 -0.0931794 0
0.00304699 0 644947 -0.0894051 0
0.00304699 0 1e+06 -0.0456963 0

0.00742964 0 1e-06 0.917627 0
0.00742964 0 1.55052e-06 0.917627 0
0.00742964 0 2.4041e-06 0.917626 0
0.00742964 0 3.72759e-06 0.917625 0
0.00742964 0 5.77969e-06 0.917624 0
0.00742964 0 8.96151e-06 0.917622 0
0.00742964 0 1.3895e-05 0.91762 0
0.00742964 0 2.15443e-05 0.917615 0
0.00742964 0 3.34048e-05 0.917609 0
0.00742964 0 5.17947e-05 0.917598 0
0.00742964 0 8.03086e-05 0.917582 0
0.00742964 0 0.00012452 0.917557 0
0.00742964 0 0.00019307 0.917518 0
0.00742964 0 0.000299358 0.917457 0
0.00742964 0 0.000464159 0.917363 0
0.00742964 0 0.000719686 0.917217 0
0.00742964 0 0.00111588 0.91699 0
0.00742964 0 0.0017302 0.916637 0
0.00742964 0 0.0026827 0.916085 0
0.00742964 0 0.00415956 0.91522 0
0.00742964 0 0.00644947 0.913857 0
0.00742964 0 0.01 0.911691 0
0.00742964 0 0.0155052 0.908207 0
0.00742964 0 0.024041 0.902513 0
0.00742964 0 0.0372759 0.893043 0
0.00742964 0 0.0577969 0.876941 0
0.00742964 0 0.0896151 0.849156 0
0.00742964 0 0.13895 0.801132 0
0.00742964 0 0.215443 0.718679 0
0.00742964 0 0.334048 0.580808 0
0.00742964 0 0.517947 0.35957 0
0.00742964 0 0.803086 0.0317109 0
0.00742964 0 1.2452 -0.332015 0
0.00742964 0 1.9307 -0.603574 0
0.00742964 0 2.99358 -0.993842 0
0.00742964 0 4.64159 -1.31577 0
0.00742964 0 7.19686 -0.911544 0
0.00742964 0 11.1588 -1.32595 0
0.00742964 0 17.302 -0.672788 0
0.00742964 0 26.827 0.0354438 0
0.00742964 0 41.5956 0.0936817 0
0.00742964 0 64.4947 0.084332 0
0.00742964 0 100 0.0968476 0
0.00742964 0 155.052 0.0815473 0
0.00742964 0 240.41 0.0598581 0
0.00742964 0 372.759 0.0703571 0
0.00742964 0 577.969 0.0712518 0
0.00742964 0 896.151 0.0476687 0
0.00742964 0 1389.5 0.0416172 0
0.00742964 0 2154.43 0.0414326 0
0.00742964 0 3340.48 0.03832 0
0.00742964 0 5179.47 0.0318148 0
0.00742964 0 8030.86 0.0192552 0
0.00742964 0 12452 0.0115492 0
0.00742964 0 19307 0.00620856 0
0.00742964 0 29935.8 4.94741e-05 0
0.00742964 0 46415.9 -0.00632556 0
0.00742964 0 71968.6 -0.013879 0
0.00742964 0 111588 -0.0238521 0
0.00742964 0 173020 -0.0276985 0
0.00742964 0 268270 -0.0342179 0
0.00742964 0 415956 -0.038214 0
0.00742964 0 644947 -0.0366661 0
0.00742964 0 1e+06 -0.0187406 0

0.0181161 0 1e-06 0.682502 0
0.0181161 0 1.55052e-06 0.682501 0
0.0181161 0 2.4041e-06 0.682501 0
0.0181161 0 3.72759e-06 0.682499 0
0.0181161 0 5.77969e-06 0.682498 0
0.0181161 0 8.96151e-06 0.682495 0
0.0181161 0 1.3895e-05 0.682491 0
0.0181161 0 2.15443e-05 0.682484 0
0.0181161 0 3.34048e-05 0.682474 0
0.0181161 0 5.17947e-05 0.682459 0
0.0181161 0 8.03086e-05 0.682434 0
0.0181161 0 0.00012452 0.682397 0
0.0181161 0 0.00019307 0.682339 0
0.0181161 0 0.000299358 0.682248 0
0.0181161 0 0.000464159 0.682108 0
0.0181161 0 0.000719686 0.681891 0
0.0181161 0 0.00111588 0.681555 0
0.0181161 0 0.0017302 0.681032 0
0.0181161 0 0.0026827 0.680222 0
0.0181161 0 0.00415956 0.678963 0
0.0181161 0 0.00644947 0.677007 0
0.0181161 0 0.01 0.673965 0
0.0181161 0 0.0155052 0.669223 0
0.0181161 0 0.024041 0.661819 0
0.0181161 0 0.0372759 0.650234 0
0.0181161 0 0.0577969 0.632069 0
0.0181161 0 0.0896151 0.603641 0
0.0181161 0 0.13895 0.559607 0
0.0181161 0 0.215443 0.492687 0
0.0181161 0 0.334048 0.394527 0
0.0181161 0 0.517947 0.257536 0
0.0181161 0 0.803086 0.0802752 0
0.0181161 0 1.2452 -0.0996139 0
0.0181161 0 1.9307 -0.227446 0
0.0181161 0 2.99358 -0.395319 0
0.0181161 0 4.64159 -0.532316 0
0.0181161 0 7.19686 -0.370068 0
0.0181161 0 11.1588 -0.541263 0
0.0181161 0 17.302 -0.27457 0
0.0181161 0 26.827 0.0153189 0
0.0181161 0 41.5956 0.0389397 0
0.0181161 0 64.4947 0.0349293 0
0.0181161 0 100 0.0399435 0
0.0181161 0 155.052 0.0335923 0
0.0181161 0 240.41 0.0246462 0
0.0181161 0 372.759 0.0289176 0
0.0181161 0 577.969 0.0292625 0
0.0181161 0 896.151 0.0195766 0
0.0181161 0 1389.5 0.0170853 0
0.0181161 0 2154.43 0.0170034 0
0.0181161 0 3340.48 0.0157229 0
0.0181161 0 5179.47 0.0130525 0
0.0181161 0 8030.86 0.0078999 0
0.0181161 0 12452 0.00473848 0
0.0181161 0 19307 0.00254752 0
0.0181161 0 29935.8 2.11359e-05 0
0.0181161 0 46415.9 -0.00259365 0
0.0181161 0 71968.6 -0.0056916 0
0.0181161 0 111588 -0.00978182 0
0.0181161 0 173020 -0.0113594 0
0.0181161 0 268270 -0.0140331 0
0.0181161 0 415956 -0.015672 0
0.0181161 0 644947 -0.0150372 0
0.0181161 0 1e+06 -0.00768574 0

0.0441734 0 1e-06 0.582315 0
0.0441734 0 1.55052e-06 0.582315 0
0.0441734 0 2.4041e-06 0.582314 0
0.0441734 0 3.72759e-06 0.582313 0
0.0441734 0 5.77969e-06 0.582311 0
0.0441734 0 8.96151e-06 0.582308 0
0.0441734 0 1.3895e-05 0.582303 0
0.0441734 0 2.15443e-05 0.582296 0
0.0441734 0 3.34048e-05 0.582284 0
0.0441734 0 5.17947e-05 0.582267 0
0.0441734 0 8.03086e-05 0.58224 0
0.0441734 0 0.00012452 0.582198 0
0.0441734 0 0.00019307 0.582132 0
0.0441734 0 0.000299358 0.582031 0
0.0441734 0 0.000464159 0.581874 0
0.0441734 0 0.000719686 0.58163 0
0.0441734 0 0.00111588 0.581253 0
0.0441734 0 0.0017302 0.580668 0
0.0441734 0 0.0026827 0.579762 0
0.0441734 0 0.00415956 0.578357 0
0.0441734 0 0.00644947 0.576183 0
0.0441734 0 0.01 0.572819 0
0.0441734 0 0.0155052 0.56762 0
0.0441734 0 0.024041 0.559602 0
0.0441734 0 0.0372759 0.547284 0
0.0441734 0 0.0577969 0.528472 0
0.0441734 0 0.0896151 0.500072 0
0.0441734 0 0.13895 0.458081 0
0.0441734 0 0.215443 0.398069 0
0.0441734 0 0.334048 0.31683 0
0.0441734 0 0.517947 0.215016 0
0.0441734 0 0.803086 0.0999688 0
0.0441734 0 1.2452 -0.00434547 0
0.0441734 0 1.9307 -0.0732135 0
0.0441734 0 2.99358 -0.149874 0
0.0441734 0 4.64159 -0.211023 0
0.0441734 0 7.19686 -0.148005 0
0.0441734 0 11.1588 -0.219455 0
0.0441734 0 17.302 -0.111256 0
0.0441734 0 26.827 0.00706569 0
0.0441734 0 41.5956 0.0164895 0
0.0441734 0 64.4947 0.0146689 0
0.0441734 0 100 0.0166065 0
0.0441734 0 155.052 0.0139255 0
0.0441734 0 240.41 0.0102054 0
0.0441734 0 372.759 0.0119228 0
0.0441734 0 577.969 0.0120422 0
0.0441734 0 896.151 0.00805569 0
0.0441734 0 1389.5 0.00702447 0
0.0441734 0 2154.43 0.00698471 0
0.0441734 0 3340.48 0.00645556 0
0.0441734 0 5179.47 0.00535778 0
0.0441734 0 8030.86 0.00324297 0
0.0441734 0 12452 0.00194533 0
0.0441734 0 19307 0.00104608 0
0.0441734 0 29935.8 9.51441e-06 0
0.0441734 0 46415.9 -0.00106314 0
0.0441734 0 71968.6 -0.00233384 0
0.0441734 0 111588 -0.00401142 0
0.0441734 0 173020 -0.00465847 0
0.0441734 0 268270 -0.00575505 0
0.0441734 0 415956 -0.00642722 0
0.0441734 0 644947 -0.00616691 0
0.0441734 0 1e+06 -0.003152 0

0.107711 0 1e-06 0.532307 0
0.107711 0 1.55052e-06 0.532306 0
0.107711 0 2.4041e-06 0.532306 0
0.107711 0 3.72759e-06 0.532304 0
0.107711 0 5.77969e-06 0.532302 0
0.107711 0 8.96151e-06 0.532299 0
0.107711 0 1.3895e-05 0.532295 0
0.107711 0 2.15443e-05 0.532287 0
0.107711 0 3.34048e-05 0.532276 0
0.107711 0 5.17947e-05 0.532258 0
0.107711 0 8.03086e-05 0.53223 0
0.107711 0 0.00012452 0.532187 0
0.107711 0 0.00019307 0.532121 0
0.107711 0 0.000299358 0.532018 0
0.107711 0 0.000464159 0.531858 0
0.107711 0 0.000719686 0.53161 0
0.107711 0 0.00111588 0.531226 0
0.107711 0 0.0017302 0.530631 0
0.107711 0 0.0026827 0.52971 0
0.107711 0 0.00415956 0.528284 0
0.107711 0 0.00644947 0.526078 0
0.107711 0 0.01 0.522671 0
0.107711 0 0.0155052 0.517422 0
0.107711 0 0.024041 0.509363 0
0.107711 0 0.0372759 0.497062 0
0.107711 0 0.0577969 0.478459 0
0.107711 0 0.0896151 0.450759 0
0.107711 0 0.13895 0.410571 0
0.107711 0 0.215443 0.354659 0
0.107711 0 0.334048 0.281854 0
0.107711 0 0.517947 0.195937 0
0.107711 0 0.803086 0.107467 0
0.107711 0 1.2452 0.0345991 0
0.107711 0 1.9307 -0.0100221 0
0.107711 0 2.99358 -0.0492635 0
0.107711 0 4.64159 -0.0792796 0
0.107711 0 7.19686 -0.0569409 0
0.107711 0 11.1588 -0.0874804 0
0.107711 0 17.302 -0.0442784 0
0.107711 0 26.827 0.00368165 0
0.107711 0 41.5956 0.00728308 0
0.107711 0 64.4947 0.0063603 0
0.107711 0 100 0.00703609 0
0.107711 0 155.052 0.00586016 0
0.107711 0 240.41 0.00428319 0
0.107711 0 372.759 0.00495311 0
0.107711 0 577.969 0.00498003 0
0.107711 0 896.151 0.00333086 0
0.107711 0 1389.5 0.00289843 0
0.107711 0 2154.43 0.00287592 0
0.107711 0 3340.48 0.00265491 0
0.107711 0 5179.47 0.00220211 0
0.107711 0 8030.86 0.00133311 0
0.107711 0 12452 0.000799829 0
0.107711 0 19307 0.000430319 0
0.107711 0 29935.8 4.74926e-06 0
0.107711 0 46415.9 -0.000435459 0
0.107711 0 71968.6 -0.000956784 0
0.107711 0 111588 -0.0016449 0
0.107711 0 173020 -0.00191035 0
0.107711 0 268270 -0.00236013 0
0.107711 0 415956 -0.00263582 0
0.107711 0 644947 -0.00252909 0
0.107711 0 1e+06 -0.00129265 0

0.262636 0 1e-06 0.489746 0
0.262636 0 1.55052e-06 0.489746 0
0.262636 0 2.4041e-06 0.489745 0
0.262636 0 3.72759e-06 0.489744 0
0.262636 0 5.77969e-06 0.489742 0
0.262636 0 8.96151e-06 0.489739 0
0.262636 0 1.3895e-05 0.489735 0
0.262636 0 2.15443e-05 0.489728 0
0.262636 0 3.34048e-05 0.489717 0
0.262636 0 5.17947e-05 0.4897 0
0.262636 0 8.03086e-05 0.489674 0
0.262636 0 0.00012452 0.489633 0
0.262636 0 0.00019307 0.48957 0
0.262636 0 0.000299358 0.489473 0
0.262636 0 0.000464159 0.489322 0
0.262636 0 0.000719686 0.489088 0
0.262636 0 0.00111588 0.488725 0
0.262636 0 0.0017302 0.488164 0
0.262636 0 0.0026827 0.487294 0
0.262636 0 0.00415956 0.485947 0
0.262636 0 0.00644947 0.483866 0
0.262636 0 0.01 0.480653 0
0.262636 0 0.0155052 0.475709 0
0.262636 0 0.024041 0.468128 0
0.262636 0 0.0372759 0.456585 0
0.262636 0 0.0577969 0.439188 0
0.262636 0 0.0896151 0.413412 0
0.262636 0 0.13895 0.376267 0
0.262636 0 0.215443 0.325083 0
0.262636 0 0.334048 0.259373 0
0.262636 0 0.517947 0.183622 0
0.262636 0 0.803086 0.108795 0
0.262636 0 1.2452 0.0500994 0
0.262636 0 1.9307 0.0156848 0
0.262636 0 2.99358 -0.00815442 0
0.262636 0 4.64159 -0.0253298 0
0.262636 0 7.19686 -0.0196304 0
0.262636 0 11.1588 -0.0333761 0
0.262636 0 17.302 -0.0168196 0
0.262636 0 26.827 0.0022886 0
0.262636 0 41.5956 0.00350433 0
0.262636 0 64.4947 0.00295103 0
0.262636 0 100 0.00311005 0
0.262636 0 155.052 0.00255179 0
0.262636 0 240.41 0.00185403 0
0.262636 0 372.759 0.00209452 0
0.262636 0 577.969 0.00208359 0
0.262636 0 896.151 0.00139305 0
0.262636 0 1389.5 0.00120623 0
0.262636 0 2154.43 0.00119082 0
0.262636 0 3340.48 0.0010962 0
0.262636 0 5179.47 0.000907911 0
0.262636 0 8030.86 0.000549843 0
0.262636 0 12452 0.000330039 0
0.262636 0 19307 0.000177785 0
0.262636 0 29935.8 2.79308e-06 0
0.262636 0 46415.9 -0.00017804 0
0.262636 0 71968.6 -0.000392035 0
0.262636 0 111588 -0.000674368 0
0.262636 0 173020 -0.000783312 0
0.262636 0 268270 -0.000967823 0
0.262636 0 415956 -0.00108092 0
0.262636 0 644947 -0.00103717 0
0.262636 0 1e+06 -0.000530109 0

0.6404 0 1e-06 0.421 0
0.6404 0 1.55052e-06 0.421 0
0.6404 0 2.4041e-06 0.420999 0
0.6404 0 3.72759e-06 0.420998 0
0.6404 0 5.77969e-06 0.420996 0
0.6404 0 8.96151e-06 0.420994 0
0.6404 0 1.3895e-05 0.42099 0
0.6404 0 2.15443e-05 0.420984 0
0.6404 0 3.34048e-05 0.420975 0
0.6404 0 5.17947e-05 0.420961 0
0.6404 0 8.03086e-05 0.420939 0
0.6404 0 0.00012452 0.420905 0
0.6404 0 0.00019307 0.420853 0
0.6404 0 0.000299358 0.420771 0
0.6404 0 0.000464159 0.420645 0
0.6404 0 0.000719686 0.420449 0
0.6404 0 0.00111588 0.420146 0
0.6404 0 0.0017302 0.419676 0
0.6404 0 0.0026827 0.418949 0
0.6404 0 0.00415956 0.417823 0
0.6404 0 0.00644947 0.416083 0
0.6404 0 0.01 0.413398 0
0.6404 0 0.0155052 0.409267 0
0.6404 0 0.024041 0.402938 0
0.6404 0 0.0372759 0.393306 0
0.6404 0 0.0577969 0.378806 0
0.6404 0 0.0896151 0.357352 0
0.6404 0 0.13895 0.326477 0
0.6404 0 0.215443 0.283982 0
0.6404 0 0.334048 0.229432 0
0.6404 0 0.517947 0.16645 0
0.6404 0 0.803086 0.104122 0
0.6404 0 1.2452 0.0548787 0
0.6404 0 1.9307 0.0256548 0
0.6404 0 2.99358 0.00834295 0
0.6404 0 4.64159 -0.00339846 0
0.6404 0 7.19686 -0.00441727 0
0.6404 0 11.1588 -0.0112369 0
0.6404 0 17.302 -0.00558174 0
0.6404 0 26.827 0.00170457 0
0.6404 0 41.5956 0.00194714 0
0.6404 0 64.4947 0.00154843 0
0.6404 0 100 0.0014973 0
0.6404 0 155.052 0.00119342 0
0.6404 0 240.41 0.00085685 0
0.6404 0 372.759 0.000921596 0
0.6404 0 577.969 0.000895372 0
0.6404 0 896.151 0.000598122 0
0.6404 0 1389.5 0.000512107 0
0.6404 0 2154.43 0.000499657 0
0.6404 0 3340.48 0.000456896 0
0.6404 0 5179.47 0.000377113 0
0.6404 0 8030.86 0.000228596 0
0.6404 0 12452 0.00013736 0
0.6404 0 19307 7.42106e-05 0
0.6404 0 29935.8 1.9862e-06 0
0.6404 0 46415.9 -7.24723e-05 0
0.6404 0 71968.6 -0.000160426 0
0.6404 0 111588 -0.000276339 0
0.6404 0 173020 -0.0003211 0
0.6404 0 268270 -0.000396823 0
0.6404 0 415956 -0.000443241 0
0.6404 0 644947 -0.000425321 0
0.6404 0 1e+06 -0.000217381 0

1.56152 0 1e-06 0.297611 0
1.56152 0 1.55052e-06 0.297611 0
1.56152 0 2.4041e-06 0.297611 0
1.56152 0 3.72759e-06 0.29761 0
1.56152 0 5.77969e-06 0.297609 0
1.56152 0 8.96151e-06 0.297607 0
1.56152 0 1.3895e-05 0.297605 0
1.56152 0 2.15443e-05 0.297601 0
1.56152 0 3.34048e-05 0.297595 0
1.56152 0 5.17947e-05 0.297586 0
1.56152 0 8.03086e-05 0.297572 0
1.56152 0 0.00012452 0.29755 0
1.56152 0 0.00019307 0.297516 0
1.56152 0 0.000299358 0.297464 0
1.56152 0 0.000464159 0.297382 0
1.56152 0 0.000719686 0.297255 0
1.56152 0 0.00111588 0.297059 0
1.56152 0 0.0017302 0.296755 0
1.56152 0 0.0026827 0.296285 0
1.56152 0 0.00415956 0.295557 0
1.56152 0 0.00644947 0.294433 0
1.56152 0 0.01 0.292698 0
1.56152 0 0.0155052 0.290029 0
1.56152 0 0.024041 0.285942 0
1.56152 0 0.0372759 0.279727 0
1.56152 0 0.0577969 0.270379 0
1.56152 0 0.0896151 0.256556 0
1.56152 0 0.13895 0.236665 0
1.56152 0 0.215443 0.209218 0
1.56152 0 0.334048 0.173676 0
1.56152 0 0.517947 0.131747 0
1.56152 0 0.803086 0.0884508 0
1.56152 0 1.2452 0.0517716 0
1.56152 0 1.9307 0.0279941 0
1.56152 0 2.99358 0.0142261 0
1.56152 0 4.64159 0.0051365 0
1.56152 0 7.19686 0.00161235 0
1.56152 0 11.1588 -0.00227441 0
1.56152 0 17.302 -0.00102805 0
1.56152 0 26.827 0.00143519 0
1.56152 0 41.5956 0.00129112 0
1.56152 0 64.4947 0.000962981 0
1.56152 0 100 0.000829845 0
1.56152 0 155.052 0.000632711 0
1.56152 0 240.41 0.000445719 0
1.56152 0 372.759 0.000439249 0
1.56152 0 577.969 0.000407266 0
1.56152 0 896.151 0.000271619 0
1.56152 0 1389.5 0.000227137 0
1.56152 0 2154.43 0.000216017 0
1.56152 0 3340.48 0.000194596 0
1.56152 0 5179.47 0.000159356 0
1.56152 0 8030.86 9.68043e-05 0
1.56152 0 12452 5.83125e-05 0
1.56152 0 19307 3.17162e-05 0
1.56152 0 29935.8 1.64462e-06 0
1.56152 0 46415.9 -2.91842e-05 0
1.56152 0 71968.6 -6.54449e-05 0
1.56152 0 111588 -0.000113105 0
1.56152 0 173020 -0.000131542 0
1.56152 0 268270 -0.000162649 0
1.56152 0 415956 -0.000181719 0
1.56152 0 644947 -0.000174392 0
1.56152 0 1e+06 -8.91275e-05 0

3.80755 0 1e-06 0.147791 0
3.80755 0 1.55052e-06 0.147791 0
3.80755 0 2.4041e-06 0.14779 0
3.80755 0 3.72759e-06 0.14779 0
3.80755 0 5.77969e-06 0.14779 0
3.80755 0 8.96151e-06 0.147789 0
3.80755 0 1.3895e-05 0.147788 0
3.80755 0 2.15443e-05 0.147787 0
3.80755 0 3.34048e-05 0.147784 0
3.80755 0 5.17947e-05 0.147781 0
3.80755 0 8.03086e-05 0.147775 0
3.80755 0 0.00012452 0.147766 0
3.80755 0 0.00019307 0.147752 0
3.80755 0 0.000299358 0.147731 0
3.80755 0 0.000464159 0.147698 0
3.80755 0 0.000719686 0.147648 0
3.80755 0 0.00111588 0.147569 0
3.80755 0 0.0017302 0.147447 0
3.80755 0 0.0026827 0.147258 0
3.80755 0 0.00415956 0.146965 0
3.80755 0 0.00644947 0.146513 0
3.80755 0 0.01 0.145816 0
3.80755 0 0.0155052 0.144744 0
3.80755 0 0.024041 0.143104 0
3.80755 0 0.0372759 0.14061 0
3.80755 0 0.0577969 0.136862 0
3.80755 0 0.0896151 0.131322 0
3.80755 0 0.13895 0.123338 0
3.80755 0 0.215443 0.112255 0
3.80755 0 0.334048 0.09764 0
3.80755 0 0.517947 0.0796123 0
3.80755 0 0.803086 0.0592806 0
3.80755 0 1.2452 0.0395422 0
3.80755 0 1.9307 0.0244239 0
3.80755 0 2.99358 0.0145847 0
3.80755 0 4.64159 0.00764016 0
3.80755 0 7.19686 0.00364228 0
3.80755 0 11.1588 0.00115423 0
3.80755 0 17.302 0.000726291 0
3.80755 0 26.827 0.00126432 0
3.80755 0 41.5956 0.000987057 0
3.80755 0 64.4947 0.000702438 0
3.80755 0 100 0.000544078 0
3.80755 0 155.052 0.000395599 0
3.80755 0 240.41 0.000272823 0
3.80755 0 372.759 0.000238846 0
3.80755 0 577.969 0.000205516 0
3.80755 0 896.151 0.000136756 0
3.80755 0 1389.5 0.000109678 0
3.80755 0 2154.43 9.933e-05 0
3.80755 0 3340.48 8.67995e-05 0
3.80755 0 5179.47 6.99116e-05 0
3.80755 0 8030.86 4.26689e-05 0
3.80755 0 12452 2.58407e-05 0
3.80755 0 19307 1.42555e-05 0
3.80755 0 29935.8 1.4838e-06 0
3.80755 0 46415.9 -1.14442e-05 0
3.80755 0 71968.6 -2.64999e-05 0
3.80755 0 111588 -4.61658e-05 0
3.80755 0 173020 -5.38052e-05 0
3.80755 0 268270 -6.66133e-05 0
3.80755 0 415956 -7.44673e-05 0
3.80755 0 644947 -7.14838e-05 0
3.80755 0 1e+06 -3.65297e-05 0

9.28415 0 1e-06 0.0495801 0
9.28415 0 1.55052e-06 0.0495801 0
9.28415 0 2.4041e-06 0.0495801 0
9.28415 0 3.72759e-06 0.04958 0
9.28415 0 5.77969e-06 0.0495799 0
9.28415 0 8.96151e-06 0.0495798 0
9.28415 0 1.3895e-05 0.0495796 0
9.28415 0 2.15443e-05 0.0495793 0
9.28415 0 3.34048e-05 0.0495788 0
9.28415 0 5.17947e-05 0.049578 0
9.28415 0 8.03086e-05 0.0495768 0
9.28415 0 0.00012452 0.049575 0
9.28415 0 0.00019307 0.0495721 0
9.28415 0 0.000299358 0.0495677 0
9.28415 0 0.000464159 0.0495609 0
9.28415 0 0.000719686 0.0495502 0
9.28415 0 0.00111588 0.0495338 0
9.28415 0 0.0017302 0.0495082 0
9.28415 0 0.0026827 0.0494687 0
9.28415 0 0.00415956 0.0494076 0
9.28415 0 0.00644947 0.0493131 0
9.28415 0 0.01 0.0491674 0
9.28415 0 0.0155052 0.0489434 0
9.28415 0 0.024041 0.0486005 0
9.28415 0 0.0372759 0.0480792 0
9.28415 0 0.0577969 0.0472952 0
9.28415 0 0.0896151 0.0461342 0
9.28415 0 0.13895 0.0444529 0
9.28415 0 0.215443 0.0420868 0
9.28415 0 0.334048 0.0388518 0
9.28415 0 0.517947 0.0345135 0
9.28415 0 0.803086 0.0288346 0
9.28415 0 1.2452 0.0221669 0
9.28415 0 1.9307 0.0159371 0
9.28415 0 2.99358 0.0110415 0
9.28415 0 4.64159 0.00684538 0
9.28415 0 7.19686 0.00368119 0
9.28415 0 11.1588 0.00211086 0
9.28415 0 17.302 0.00124443 0
9.28415 0 26.827 0.00108912 0
9.28415 0 41.5956 0.0008016 0
9.28415 0 64.4947 0.000560313 0
9.28415 0 100 0.00040627 0
9.28415 0 155.052 0.000286167 0
9.28415 0 240.41 0.000194663 0
9.28415 0 372.759 0.000152306 0
9.28415 0 577.969 0.000120141 0
9.28415 0 896.151 7.98431e-05 0
9.28415 0 1389.5 6.05251e-05 0
9.28415 0 2154.43 5.0872e-05 0
9.28415 0 3340.48 4.22188e-05 0
9.28415 0 5179.47 3.29995e-05 0
9.28415 0 8030.86 2.03247e-05 0
9.28415 0 12452 1.2435e-05 0
9.28415 0 19307 7.0395e-06 0
9.28415 0 29935.8 1.38351e-06 0
9.28415 0 46415.9 -4.19022e-06 0
9.28415 0 71968.6 -1.05414e-05 0
9.28415 0 111588 -1.87215e-05 0
9.28415 0 173020 -2.19296e-05 0
9.28415 0 268270 -2.72311e-05 0
9.28415 0 415956 -3.04839e-05 0
9.28415 0 644947 -2.92811e-05 0
9.28415 0 1e+06 -1.49594e-05 0

22.638 0 1e-06 0.013495 0
22.638 0 1.55052e-06 0.013495 0
22.638 0 2.4041e-06 0.013495 0
22.638 0 3.72759e-06 0.013495 0
22.638 0 5.77969e-06 0.013495 0
22.638 0 8.96151e-06 0.0134949 0
22.638 0 1.3895e-05 0.0134949 0
22.638 0 2.15443e-05 0.0134949 0
22.638 0 3.34048e-05 0.0134948 0
22.638 0 5.17947e-05 0.0134947 0
22.638 0 8.03086e-05 0.0134945 0
22.638 0 0.00012452 0.0134943 0
22.638 0 0.00019307 0.0134939 0
22.638 0 0.000299358 0.0134933 0
22.638 0 0.000464159 0.0134924 0
22.638 0 0.000719686 0.013491 0
22.638 0 0.00111588 0.0134887 0
22.638 0 0.0017302 0.0134853 0
22.638 0 0.0026827 0.01348 0
22.638 0 0.00415956 0.0134717 0
22.638 0 0.00644947 0.013459 0
22.638 0 0.01 0.0134394 0
22.638 0 0.0155052 0.0134093 0
22.638 0 0.024041 0.0133634 0
22.638 0 0.0372759 0.0132939 0
22.638 0 0.0577969 0.0131901 0
22.638 0 0.0896151 0.0130377 0
22.638 0 0.13895 0.012819 0
22.638 0 0.215443 0.0125118 0
22.638 0 0.334048 0.0120781 0
22.638 0 0.517947 0.011429 0
22.638 0 0.803086 0.0104046 0
22.638 0 1.2452 0.00895586 0
22.638 0 1.9307 0.00738069 0
22.638 0 2.99358 0.00594789 0
22.638 0 4.64159 0.0043209 0
22.638 0 7.19686 0.0026489 0
22.638 0 11.1588 0.00185872 0
22.638 0 17.302 0.00116287 0
22.638 0 26.827 0.000865146 0
22.638 0 41.5956 0.000636503 0
22.638 0 64.4947 0.000450235 0
22.638 0 100 0.000319672 0
22.638 0 155.052 0.000223622 0
22.638 0 240.41 0.0001522 0
22.638 0 372.759 0.00011063 0
22.638 0 577.969 8.14122e-05 0
22.638 0 896.151 5.42546e-05 0
22.638 0 1389.5 3.89988e-05 0
22.638 0 2154.43 3.01609e-05 0
22.638 0 3340.48 2.34202e-05 0
22.638 0 5179.47 1.75432e-05 0
22.638 0 8030.86 1.09641e-05 0
22.638 0 12452 6.81498e-06 0
22.638 0 19307 4.00416e-06 0
22.638 0 29935.8 1.29505e-06 0
22.638 0 46415.9 -1.24478e-06 0
22.638 0 71968.6 -4.01507e-06 0
22.638 0 111588 -7.4778e-06 0
22.638 0 173020 -8.86421e-06 0
22.638 0 268270 -1.10845e-05 0
22.638 0 415956 -1.24486e-05 0
22.638 0 644947 -1.1975e-05 0
22.638 0 1e+06 -6.11432e-06 0

55.1995 0 1e-06 0.00349741 0
55.1995 0 1.55052e-06 0.00349741 0
55.1995 0 2.4041e-06 0.00349741 0
55.1995 0 3.72759e-06 0.00349741 0
55.1995 0 5.77969e-06 0.0034974 0
55.1995 0 8.96151e-06 0.0034974 0
55.1995 0 1.3895e-05 0.0034974 0
55.1995 0 2.15443e-05 0.00349739 0
55.1995 0 3.34048e-05 0.00349738 0
55.1995 0 5.17947e-05 0.00349737 0
55.1995 0 8.03086e-05 0.00349735 0
55.1995 0 0.00012452 0.00349732 0
55.1995 0 0.00019307 0.00349727 0
55.1995 0 0.000299358 0.0034972 0
55.1995 0 0.000464159 0.00349709 0
55.1995 0 0.000719686 0.00349691 0
55.1995 0 0.00111588 0.00349664 0
55.1995 0 0.0017302 0.00349622 0
55.1995 0 0.0026827 0.00349556 0
55.1995 0 0.00415956 0.00349455 0
55.1995 0 0.00644947 0.003493 0
55.1995 0 0.01 0.00349062 0
55.1995 0 0.0155052 0.00348698 0
55.1995 0 0.024041 0.00348147 0
55.1995 0 0.0372759 0.00347324 0
55.1995 0 0.0577969 0.00346121 0
55.1995 0 0.0896151 0.00344409 0
55.1995 0 0.13895 0.00342063 0
55.1995 0 0.215443 0.0033893 0
55.1995 0 0.334048 0.00334529 0
55.1995 0 0.517947 0.00327065 0
55.1995 0 0.803086 0.0031257 0
55.1995 0 1.2452 0.00288787 0
55.1995 0 1.9307 0.00261145 0
55.1995 0 2.99358 0.00236011 0
55.1995 0 4.64159 0.00196794 0
55.1995 0 7.19686 0.00140965 0
55.1995 0 11.1588 0.00114194 0
55.1995 0 17.302 0.00080659 0
55.1995 0 26.827 0.000598439 0
55.1995 0 41.5956 0.000460207 0
55.1995 0 64.4947 0.000339715 0
55.1995 0 100 0.000245668 0
55.1995 0 155.052 0.000175263 0
55.1995 0 240.41 0.000121486 0
55.1995 0 372.759 8.57249e-05 0
55.1995 0 577.969 6.08841e-05 0
55.1995 0 896.151 4.09757e-05 0
55.1995 0 1389.5 2.84902e-05 0
55.1995 0 2154.43 2.06451e-05 0
55.1995 0 3340.48 1.50851e-05 0
55.1995 0 5179.47 1.08196e-05 0
55.1995 0 8030.86 6.88779e-06 0
55.1995 0 12452 4.36309e-06 0
55.1995 0 19307 2.66802e-06 0
55.1995 0 29935.8 1.20197e-06 0
55.1995 0 46415.9 -7.2227e-08 0
55.1995 0 71968.6 -1.36063e-06 0
55.1995 0 111588 -2.88041e-06 0
55.1995 0 173020 -3.51456e-06 0
55.1995 0 268270 -4.46797e-06 0
55.1995 0 415956 -5.05548e-06 0
55.1995 0 644947 -4.87966e-06 0
55.1995 0 1e+06 -2.48815e-06 0

134.596 0 1e-06 0.000947027 0
134.596 0 1.55052e-06 0.000947027 0
134.596 0 2.4041e-06 0.000947027 0
134.596 0 3.72759e-06 0.000947027 0
134.596 0 5.77969e-06 0.000947027 0
134.596 0 8.96151e-06 0.000947027 0
134.596 0 1.3895e-05 0.000947026 0
134.596 0 2.15443e-05 0.000947025 0
134.596 0 3.34048e-05 0.000947024 0
134.596 0 5.17947e-05 0.000947023 0
134.596 0 8.03086e-05 0.00094702 0
134.596 0 0.00012452 0.000947016 0
134.596 0 0.00019307 0.00094701 0
134.596 0 0.000299358 0.000947 0
134.596 0 0.000464159 0.000946985 0
134.596 0 0.000719686 0.000946962 0
134.596 0 0.00111588 0.000946926 0
134.596 0 0.0017302 0.000946871 0
134.596 0 0.0026827 0.000946785 0
134.596 0 0.00415956 0.000946653 0
134.596 0 0.00644947 0.00094645 0
134.596 0 0.01 0.00094614 0
134.596 0 0.0155052 0.00094567 0
134.596 0 0.024041 0.000944967 0
134.596 0 0.0372759 0.000943934 0
134.596 0 0.0577969 0.000942466 0
134.596 0 0.0896151 0.000940475 0
134.596 0 0.13895 0.000937949 0
134.596 0 0.215443 0.000934926 0
134.596 0 0.334048 0.000930901 0
134.596 0 0.517947 0.000922828 0
134.596 0 0.803086 0.000903185 0
134.596 0 1.2452 0.00086723 0
134.596 0 1.9307 0.000825481 0
134.596 0 2.99358 0.000793652 0
134.596 0 4.64159 0.000724358 0
134.596 0 7.19686 0.000595352 0
134.596 0 11.1588 0.000533271 0
134.596 0 17.302 0.000432673 0
134.596 0 26.827 0.000345466 0
134.596 0 41.5956 0.000285941 0
134.596 0 64.4947 0.000226616 0
134.596 0 100 0.000172864 0
134.596 0 155.052 0.00012933 0
134.596 0 240.41 9.33493e-05 0
134.596 0 372.759 6.63935e-05 0
134.596 0 577.969 4.70791e-05 0
134.596 0 896.151 3.23309e-05 0
134.596 0 1389.5 2.22738e-05 0
134.596 0 2154.43 1.55954e-05 0
134.596 0 3340.48 1.09706e-05 0
134.596 0 5179.47 7.63697e-06 0
134.596 0 8030.86 4.95499e-06 0
134.596 0 12452 3.19657e-06 0
134.596 0 19307 2.0204e-06 0
134.596 0 29935.8 1.10192e-06 0
134.596 0 46415.9 3.70142e-07 0
134.596 0 71968.6 -2.96022e-07 0
134.596 0 111588 -1.00995e-06 0
134.596 0 173020 -1.32997e-06 0
134.596 0 268270 -1.76031e-06 0
134.596 0 415956 -2.02714e-06 0
134.596 0 644947 -1.97208e-06 0
134.596 0 1e+06 -1.00246e-06 0

328.193 0 1e-06 0.000282279 0
328.193 0 1.55052e-06 0.000282279 0
328.193 0 2.4041e-06 0.000282279 0
328.193 0 3.72759e-06 0.000282279 0
328.193 0 5.77969e-06 0.000282279 0
328.193 0 8.96151e-06 0.000282279 0
328.193 0 1.3895e-05 0.000282279 0
328.193 0 2.15443e-05 0.000282279 0
328.193 0 3.34048e-05 0.000282278 0
328.193 0 5.17947e-05 0.000282278 0
328.193 0 8.03086e-05 0.000282278 0
328.193 0 0.00012452 0.000282277 0
328.193 0 0.00019307 0.000282276 0
328.193 0 0.000299358 0.000282275 0
328.193 0 0.000464159 0.000282273 0
328.193 0 0.000719686 0.000282269 0
328.193 0 0.00111588 0.000282264 0
328.193 0 0.0017302 0.000282256 0
328.193 0 0.0026827 0.000282244 0
328.193 0 0.00415956 0.000282224 0
328.193 0 0.00644947 0.000282195 0
328.193 0 0.01 0.00028215 0
328.193 0 0.0155052 0.000282083 0
328.193 0 0.024041 0.000281983 0
328.193 0 0.0372759 0.000281838 0
328.193 0 0.0577969 0.000281636 0
328.193 0 0.0896151 0.000281375 0
328.193 0 0.13895 0.00028107 0
328.193 0 0.215443 0.000280754 0
328.193 0 0.334048 0.000280373 0
328.193 0 0.517947 0.000279425 0
328.193 0 0.803086 0.000276592 0
328.193 0 1.2452 0.00027103 0
328.193 0 1.9307 0.00026473 0
328.193 0 2.99358 0.000261074 0
328.193 0 4.64159 0.000250098 0
328.193 0 7.19686 0.000225649 0
328.193 0 11.1588 0.000214119 0
328.193 0 17.302 0.000192566 0
328.193 0 26.827 0.000168041 0
328.193 0 41.5956 0.000149848 0
328.193 0 64.4947 0.000128815 0
328.193 0 100 0.000106102 0
328.193 0 155.052 8.5255e-05 0
328.193 0 240.41 6.56748e-05 0
328.193 0 372.759 4.86685e-05 0
328.193 0 577.969 3.55345e-05 0
328.193 0 896.151 2.52798e-05 0
328.193 0 1389.5 1.76547e-05 0
328.193 0 2154.43 1.22951e-05 0
328.193 0 3340.48 8.54599e-06 0
328.193 0 5179.47 5.88636e-06 0
328.193 0 8030.86 3.89156e-06 0
328.193 0 12452 2.55252e-06 0
328.193 0 19307 1.65288e-06 0
328.193 0 29935.8 9.97867e-07 0
328.193 0 46415.9 5.12467e-07 0
328.193 0 71968.6 1.16265e-07 0
328.193 0 111588 -2.58016e-07 0
328.193 0 173020 -4.43511e-07 0
328.193 0 268270 -6.55784e-07 0
328.193 0 415956 -7.88879e-07 0
328.193 0 644947 -7.81963e-07 0
328.193 0 1e+06 -3.94613e-07 0

800.25 0 1e-06 9.14762e-05 0
800.25 0 1.55052e-06 9.14762e-05 0
800.25 0 2.4041e-06 9.14762e-05 0
800.25 0 3.72759e-06 9.14762e-05 0
800.25 0 5.77969e-06 9.14762e-05 0
800.25 0 8.96151e-06 9.14762e-05 0
800.25 0 1.3895e-05 9.14762e-05 0
800.25 0 2.15443e-05 9.14762e-05 0
800.25 0 3.34048e-05 9.14762e-05 0
800.25 0 5.17947e-05 9.14761e-05 0
800.25 0 8.03086e-05 9.14761e-05 0
800.25 0 0.00012452 9.1476e-05 0
800.25 0 0.00019307 9.14758e-05 0
800.25 0 0.000299358 9.14756e-05 0
800.25 0 0.000464159 9.14753e-05 0
800.25 0 0.000719686 9.14748e-05 0
800.25 0 0.00111588 9.14739e-05 0
800.25 0 0.0017302 9.14727e-05 0
800.25 0 0.0026827 9.14707e-05 0
800.25 0 0.00415956 9.14677e-05 0
800.25 0 0.00644947 9.14632e-05 0
800.25 0 0.01 9.14562e-05 0
800.25 0 0.0155052 9.14458e-05 0
800.25 0 0.024041 9.14303e-05 0
800.25 0 0.0372759 9.14082e-05 0
800.25 0 0.0577969 9.1378e-05 0
800.25 0 0.0896151 9.134e-05 0
800.25 0 0.13895 9.12983e-05 0
800.25 0 0.215443 9.12609e-05 0
800.25 0 0.334048 9.12215e-05 0
800.25 0 0.517947 9.10965e-05 0
800.25 0 0.803086 9.0661e-05 0
800.25 0 1.2452 8.97714e-05 0
800.25 0 1.9307 8.87868e-05 0
800.25 0 2.99358 8.83518e-05 0
800.25 0 4.64159 8.66294e-05 0
800.25 0 7.19686 8.23686e-05 0
800.25 0 11.1588 8.04423e-05 0
800.25 0 17.302 7.65809e-05 0
800.25 0 26.827 7.13681e-05 0
800.25 0 41.5956 6.72614e-05 0
800.25 0 64.4947 6.19175e-05 0
800.25 0 100 5.51355e-05 0
800.25 0 155.052 4.79596e-05 0
800.25 0 240.41 4.00748e-05 0
800.25 0 372.759 3.18305e-05 0
800.25 0 577.969 2.46412e-05 0
800.25 0 896.151 1.85478e-05 0
800.25 0 1389.5 1.34554e-05 0
800.25 0 2154.43 9.57056e-06 0
800.25 0 3340.48 6.73371e-06 0
800.25 0 5179.47 4.67897e-06 0
800.25 0 8030.86 3.16129e-06 0
800.25 0 12452 2.11047e-06 0
800.25 0 19307 1.3937e-06 0
800.25 0 29935.8 8.88628e-07 0
800.25 0 46415.9 5.29761e-07 0
800.25 0 71968.6 2.599e-07 0
800.25 0 111588 3.4546e-08 0
800.25 0 173020 -8.98171e-08 0
800.25 0 268270 -2.08955e-07 0
800.25 0 415956 -2.84898e-07 0
800.25 0 644947 -2.96288e-07 0
800.25 0 1e+06 -1.46836e-07 0

1951.29 0 1e-06 3.16321e-05 0
1951.29 0 1.55052e-06 3.16321e-05 0
1951.29 0 2.4041e-06 3.16321e-05 0
1951.29 0 3.72759e-06 3.16321e-05 0
1951.29 0 5.77969e-06 3.16321e-05 0
1951.29 0 8.96151e-06 3.16321e-05 0
1951.29 0 1.3895e-05 3.16321e-05 0
1951.29 0 2.15443e-05 3.16321e-05 0
1951.29 0 3.34048e-05 3.16321e-05 0
1951.29 0 5.17947e-05 3.16321e-05 0
1951.29 0 8.03086e-05 3.16321e-05 0
1951.29 0 0.00012452 3.1632e-05 0
1951.29 0 0.00019307 3.1632e-05 0
1951.29 0 0.000299358 3.1632e-05 0
1951.29 0 0.000464159 3.16319e-05 0
1951.29 0 0.000719686 3.16318e-05 0
1951.29 0 0.00111588 3.16317e-05 0
1951.29 0 0.0017302 3.16315e-05 0
1951.29 0 0.0026827 3.16312e-05 0
1951.29 0 0.00415956 3.16307e-05 0
1951.29 0 0.00644947 3.163e-05 0
1951.29 0 0.01 3.16288e-05 0
1951.29 0 0.0155052 3.16272e-05 0
1951.29 0 0.024041 3.16247e-05 0
1951.29 0 0.0372759 3.16211e-05 0
1951.29 0 0.0577969 3.16163e-05 0
1951.29 0 0.0896151 3.16104e-05 0
1951.29 0 0.13895 3.16042e-05 0
1951.29 0 0.215443 3.15992e-05 0
1951.29 0 0.334048 3.15945e-05 0
1951.29 0 0.517947 3.15764e-05 0
1951.29 0 0.803086 3.15066e-05 0
1951.29 0 1.2452 3.1361e-05 0
1951.29 0 1.9307 3.12023e-05 0
1951.29 0 2.99358 3.11456e-05 0
1951.29 0 4.64159 3.08698e-05 0
1951.29 0 7.19686 3.01482e-05 0
1951.29 0 11.1588 2.98357e-05 0
1951.29 0 17.302 2.91869e-05 0
1951.29 0 26.827 2.82292e-05 0
1951.29 0 41.5956 2.74564e-05 0
1951.29 0 64.4947 2.63749e-05 0
1951.29 0 100 2.48394e-05 0
1951.29 0 155.052 2.30193e-05 0
1951.29 0 240.41 2.07235e-05 0
1951.29 0 372.759 1.78427e-05 0
1951.29 0 577.969 1.493e-05 0
1951.29 0 896.151 1.21259e-05 0
1951.29 0 1389.5 9.37421e-06 0
1951.29 0 2154.43 6.99414e-06 0
1951.29 0 3340.48 5.10347e-06 0
1951.29 0 5179.47 3.65092e-06 0
1951.29 0 8030.86 2.54367e-06 0
1951.29 0 12452 1.73912e-06 0
1951.29 0 19307 1.173e-06 0
1951.29 0 29935.8 7.74378e-07 0
1951.29 0 46415.9 4.9439e-07 0
1951.29 0 71968.6 2.92689e-07 0
1951.29 0 111588 1.38386e-07 0
1951.29 0 173020 4.52207e-08 0
1951.29 0 268270 -3.19375e-08 0
1951.29 0 415956 -8.2096e-08 0
1951.29 0 644947 -9.95353e-08 0
1951.29 0 1e+06 -4.67414e-08 0

4757.94 0 1e-06 1.14292e-05 0
4757.94 0 1.55052e-06 1.14292e-05 0
4757.94 0 2.4041e-06 1.14292e-05 0
4757.94 0 3.72759e-06 1.14292e-05 0
4757.94 0 5.77969e-06 1.14292e-05 0
4757.94 0 8.96151e-06 1.14292e-05 0
4757.94 0 1.3895e-05 1.14292e-05 0
4757.94 0 2.15443e-05 1.14292e-05 0
4757.94 0 3.34048e-05 1.14292e-05 0
4757.94 0 5.17947e-05 1.14292e-05 0
4757.94 0 8.03086e-05 1.14292e-05 0
4757.94 0 0.00012452 1.14292e-05 0
4757.94 0 0.00019307 1.14292e-05 0
4757.94 0 0.000299358 1.14292e-05 0
4757.94 0 0.000464159 1.14292e-05 0
4757.94 0 0.000719686 1.14292e-05 0
4757.94 0 0.00111588 1.14291e-05 0
4757.94 0 0.0017302 1.14291e-05 0
4757.94 0 0.0026827 1.14291e-05 0
4757.94 0 0.00415956 1.1429e-05 0
4757.94 0 0.00644947 1.14289e-05 0
4757.94 0 0.01 1.14287e-05 0
4757.94 0 0.0155052 1.14284e-05 0
4757.94 0 0.024041 1.1428e-05 0
4757.94 0 0.0372759 1.14274e-05 0
4757.94 0 0.0577969 1.14266e-05 0
4757.94 0 0.0896151 1.14257e-05 0
4757.94 0 0.13895 1.14247e-05 0
4757.94 0 0.215443 1.1424e-05 0
4757.94 0 0.334048 1.14234e-05 0
4757.94 0 0.517947 1.14206e-05 0
4757.94 0 0.803086 1.14091e-05 0
4757.94 0 1.2452 1.1385e-05 0
4757.94 0 1.9307 1.1359e-05 0
4757.94 0 2.99358 1.1351e-05 0
4757.94 0 4.64159 1.13061e-05 0
4757.94 0 7.19686 1.11852e-05 0
4757.94 0 11.1588 1.11348e-05 0
4757.94 0 17.302 1.10279e-05 0
4757.94 0 26.827 1.08634e-05 0
4757.94 0 41.5956 1.07309e-05 0
4757.94 0 64.4947 1.05387e-05 0
4757.94 0 100 1.0248e-05 0
4757.94 0 155.052 9.87974e-06 0
4757.94 0 240.41 9.36959e-06 0
4757.94 0 372.759 8.63245e-06 0
4757.94 0 577.969 7.77541e-06 0
4757.94 0 896.151 6.82507e-06 0
4757.94 0 1389.5 5.70834e-06 0
4757.94 0 2154.43 4.56989e-06 0
4757.94 0 3340.48 3.54252e-06 0
4757.94 0 5179.47 2.66952e-06 0
4757.94 0 8030.86 1.94965e-06 0
4757.94 0 12452 1.38305e-06 0
4757.94 0 19307 9.60795e-07 0
4757.94 0 29935.8 6.54459e-07 0
4757.94 0 46415.9 4.35731e-07 0
4757.94 0 71968.6 2.79271e-07 0
4757.94 0 111588 1.6452e-07 0
4757.94 0 173020 9.04678e-08 0
4757.94 0 268270 3.4389e-08 0
4757.94 0 415956 -2.81836e-09 0
4757.94 0 644947 -2.12697e-08 0
4757.94 0 1e+06 -7.20635e-09 0

11601.6 0 1e-06 4.19932e-06 0
11601.6 0 1.55052e-06 4.19932e-06 0
11601.6 0 2.4041e-06 4.19932e-06 0
11601.6 0 3.72759e-06 4.19932e-06 0
11601.6 0 5.77969e-06 4.19932e-06 0
11601.6 0 8.96151e-06 4.19932e-06 0
11601.6 0 1.3895e-05 4.19932e-06 0
11601.6 0 2.15443e-05 4.19932e-06 0
11601.6 0 3.34048e-05 4.19932e-06 0
11601.6 0 5.17947e-05 4.19932e-06 0
11601.6 0 8.03086e-05 4.19932e-06 0
11601.6 0 0.00012452 4.19932e-06 0
11601.6 0 0.00019307 4.19932e-06 0
11601.6 0 0.000299358 4.19932e-06 0
11601.6 0 0.000464159 4.19932e-06 0
11601.6 0 0.000719686 4.19932e-06 0
11601.6 0 0.00111588 4.19931e-06 0
11601.6 0 0.0017302 4.19931e-06 0
11601.6 0 0.0026827 4.1993e-06 0
11601.6 0 0.00415956 4.19929e-06 0
11601.6 0 0.00644947 4.19926e-06 0
11601.6 0 0.01 4.19923e-06 0
11601.6 0 0.0155052 4.19919e-06 0
11601.6 0 0.024041 4.19912e-06 0
11601.6 0 0.0372759 4.19902e-06 0
11601.6 0 0.0577969 4.19889e-06 0
11601.6 0 0.0896151 4.19874e-06 0
11601.6 0 0.13895 4.19858e-06 0
11601.6 0 0.215443 4.19847e-06 0
11601.6 0 0.334048 4.19838e-06 0
11601.6 0 0.517947 4.19794e-06 0
11601.6 0 0.803086 4.19605e-06 0
11601.6 0 1.2452 4.19204e-06 0
11601.6 0 1.9307 4.18773e-06 0
11601.6 0 2.99358 4.18654e-06 0
11601.6 0 4.64159 4.17917e-06 0
11601.6 0 7.19686 4.15894e-06 0
11601.6 0 11.1588 4.15079e-06 0
11601.6 0 17.302 4.13326e-06 0
11601.6 0 26.827 4.10576e-06 0
11601.6 0 41.5956 4.08398e-06 0
11601.6 0 64.4947 4.05187e-06 0
11601.6 0 100 4.00175e-06 0
11601.6 0 155.052 3.93633e-06 0
11601.6 0 240.41 3.84093e-06 0
11601.6 0 372.759 3.6905e-06 0
11601.6 0 577.969 3.49813e-06 0
11601.6 0 896.151 3.26022e-06 0
11601.6 0 1389.5 2.93487e-06 0
11601.6 0 2154.43 2.54285e-06 0
11601.6 0 3340.48 2.1304e-06 0
11601.6 0 5179.47 1.72844e-06 0
11601.6 0 8030.86 1.35235e-06 0
11601.6 0 12452 1.01616e-06 0
11601.6 0 19307 7.39296e-07 0
11601.6 0 29935.8 5.24167e-07 0
11601.6 0 46415.9 3.62864e-07 0
11601.6 0 71968.6 2.4433e-07 0
11601.6 0 111588 1.57387e-07 0
11601.6 0 173020 9.81357e-08 0
11601.6 0 268270 5.49088e-08 0
11601.6 0 415956 2.55738e-08 0
11601.6 0 644947 8.27603e-09 0
11601.6 0 1e+06 7.4208e-09 0

28288.7 0 1e-06 1.56148e-06 0
28288.7 0 1.55052e-06 1.56148e-06 0
28288.7 0 2.4041e-06 1.56148e-06 0
28288.7 0 3.72759e-06 1.56148e-06 0
28288.7 0 5.77969e-06 1.56148e-06 0
28288.7 0 8.96151e-06 1.56148e-06 0
28288.7 0 1.3895e-05 1.56148e-06 0
28288.7 0 2.15443e-05 1.56148e-06 0
28288.7 0 3.34048e-05 1.56148e-06 0
28288.7 0 5.17947e-05 1.56148e-06 0
28288.7 0 8.03086e-05 1.56148e-06 0
28288.7 0 0.00012452 1.56148e-06 0
28288.7 0 0.00019307 1.56148e-06 0
28288.7 0 0.000299358 1.56148e-06 0
28288.7 0 0.000464159 1.56148e-06 0
28288.7 0 0.000719686 1.56148e-06 0
28288.7 0 0.00111588 1.56148e-06 0
28288.7 0 0.0017302 1.56148e-06 0
28288.7 0 0.0026827 1.56147e-06 0
28288.7 0 0.00415956 1.56147e-06 0
28288.7 0 0.00644947 1.56147e-06 0
28288.7 0 0.01 1.56146e-06 0
28288.7 0 0.0155052 1.56146e-06 0
28288.7 0 0.024041 1.56144e-06 0
28288.7 0 0.0372759 1.56143e-06 0
28288.7 0 0.0577969 1.56141e-06 0
28288.7 0 0.0896151 1.56138e-06 0
28288.7 0 0.13895 1.56136e-06 0
28288.7 0 0.215443 1.56134e-06 0
28288.7 0 0.334048 1.56133e-06 0
28288.7 0 0.517947 1.56125e-06 0
28288.7 0 0.803086 1.56094e-06 0
28288.7 0 1.2452 1.56027e-06 0
28288.7 0 1.9307 1.55955e-06 0
28288.7 0 2.99358 1.55937e-06 0
28288.7 0 4.64159 1.55815e-06 0
28288.7 0 7.19686 1.55476e-06 0
28288.7 0 11.1588 1.55344e-06 0
28288.7 0 17.302 1.55056e-06 0
28288.7 0 26.827 1.546e-06 0
28288.7 0 41.5956 1.54246e-06 0
28288.7 0 64.4947 1.53721e-06 0
28288.7 0 100 1.5289e-06 0
28288.7 0 155.052 1.51795e-06 0
28288.7 0 240.41 1.50159e-06 0
28288.7 0 372.759 1.47458e-06 0
28288.7 0 577.969 1.43828e-06 0
28288.7 0 896.151 1.3905e-06 0
28288.7 0 1389.5 1.31829e-06 0
28288.7 0 2154.43 1.21928e-06 0
28288.7 0 3340.48 1.09946e-06 0
28288.7 0 5179.47 9.64753e-07 0
28288.7 0 8030.86 8.18248e-07 0
28288.7 0 12452 6.63586e-07 0
28288.7 0 19307 5.16034e-07 0
28288.7 0 29935.8 3.87366e-07 0
28288.7 0 46415.9 2.81814e-07 0
28288.7 0 71968.6 1.99017e-07 0
28288.7 0 111588 1.35771e-07 0
28288.7 0 173020 8.9993e-08 0
28288.7 0 268270 5.6476e-08 0
28288.7 0 415956 3.30409e-08 0
28288.7 0 644947 1.78329e-08 0
28288.7 0 1e+06 1.18426e-08 0

68977.9 0 1e-06 5.91722e-07 0
68977.9 0 1.55052e-06 5.91722e-07 0
68977.9 0 2.4041e-06 5.91722e-07 0
68977.9 0 3.72759e-06 5.91722e-07 0
68977.9 0 5.77969e-06 5.91722e-07 0
68977.9 0 8.96151e-06 5.91722e-07 0
68977.9 0 1.3895e-05 5.91722e-07 0
68977.9 0 2.15443e-05 5.91722e-07 0
68977.9 0 3.34048e-05 5.91722e-07 0
68977.9 0 5.17947e-05 5.91722e-07 0
68977.9 0 8.03086e-05 5.91722e-07 0
68977.9 0 0.00012452 5.91722e-07 0
68977.9 0 0.00019307 5.91722e-07 0
68977.9 0 0.000299358 5.91722e-07 0
68977.9 0 0.000464159 5.91722e-07 0
68977.9 0 0.000719686 5.91722e-07 0
68977.9 0 0.00111588 5.91721e-07 0
68977.9 0 0.0017302 5.91721e-07 0
68977.9 0 0.0026827 5.91721e-07 0
68977.9 0 0.00415956 5.91721e-07 0
68977.9 0 0.00644947 5.9172e-07 0
68977.9 0 0.01 5.91719e-07 0
68977.9 0 0.0155052 5.91718e-07 0
68977.9 0 0.024041 5.91716e-07 0
68977.9 0 0.0372759 5.91713e-07 0
68977.9 0 0.0577969 5.9171e-07 0
68977.9 0 0.0896151 5.91705e-07 0
68977.9 0 0.13895 5.91701e-07 0
68977.9 0 0.215443 5.91698e-07 0
68977.9 0 0.334048 5.91696e-07 0
68977.9 0 0.517947 5.91685e-07 0
68977.9 0 0.803086 5.91632e-07 0
68977.9 0 1.2452 5.9152e-07 0
68977.9 0 1.9307 5.914e-07 0
68977.9 0 2.99358 5.91371e-07 0
68977.9 0 4.64159 5.91168e-07 0
68977.9 0 7.19686 5.90601e-07 0
68977.9 0 11.1588 5.90384e-07 0
68977.9 0 17.302 5.89907e-07 0
68977.9 0 26.827 5.89151e-07 0
68977.9 0 41.5956 5.88574e-07 0
68977.9 0 64.4947 5.87718e-07 0
68977.9 0 100 5.86352e-07 0
68977.9 0 155.052 5.8455e-07 0
68977.9 0 240.41 5.81831e-07 0
68977.9 0 372.759 5.77235e-07 0
68977.9 0 577.969 5.7092e-07 0
68977.9 0 896.151 5.62353e-07 0
68977.9 0 1389.5 5.48669e-07 0
68977.9 0 2154.43 5.28361e-07 0
68977.9 0 3340.48 5.01267e-07 0
68977.9 0 5179.47 4.67222e-07 0
68977.9 0 8030.86 4.25015e-07 0
68977.9 0 12452 3.72655e-07 0
68977.9 0 19307 3.13589e-07 0
68977.9 0 29935.8 2.53577e-07 0
68977.9 0 46415.9 1.97309e-07 0
68977.9 0 71968.6 1.48012e-07 0
68977.9 0 111588 1.06927e-07 0
68977.9 0 173020 7.4536e-08 0
68977.9 0 268270 4.98044e-08 0
68977.9 0 415956 3.1689e-08 0
68977.9 0 644947 1.90829e-08 0
68977.9 0 1e+06 1.20367e-08 0

168192 0 1e-06 2.23003e-07 0
168192 0 1.55052e-06 2.23003e-07 0
168192 0 2.4041e-06 2.23003e-07 0
168192 0 3.72759e-06 2.23003e-07 0
168192 0 5.77969e-06 2.23003e-07 0
168192 0 8.96151e-06 2.23003e-07 0
168192 0 1.3895e-05 2.23003e-07 0
168192 0 2.15443e-05 2.23003e-07 0
168192 0 3.34048e-05 2.23003e-07 0
168192 0 5.17947e-05 2.23003e-07 0
168192 0 8.03086e-05 2.23003e-07 0
168192 0 0.00012452 2.23003e-07 0
168192 0 0.00019307 2.23003e-07 0
168192 0 0.000299358 2.23003e-07 0
168192 0 0.000464159 2.23003e-07 0
168192 0 0.000719686 2.23003e-07 0
168192 0 0.00111588 2.23003e-07 0
168192 0 0.0017302 2.23003e-07 0
168192 0 0.0026827 2.23003e-07 0
168192 0 0.00415956 2.23003e-07 0
168192 0 0.00644947 2.23003e-07 0
168192 0 0.01 2.23003e-07 0
168192 0 0.0155052 2.23002e-07 0
168192 0 0.024041 2.23002e-07 0
168192 0 0.0372759 2.23002e-07 0
168192 0 0.0577969 2.23001e-07 0
168192 0 0.0896151 2.23e-07 0
168192 0 0.13895 2.23e-07 0
168192 0 0.215443 2.22999e-07 0
168192 0 0.334048 2.22999e-07 0
168192 0 0.517947 2.22997e-07 0
168192 0 0.803086 2.22988e-07 0
168192 0 1.2452 2.22969e-07 0
168192 0 1.9307 2.22949e-07 0
168192 0 2.99358 2.22945e-07 0
168192 0 4.64159 2.22911e-07 0
168192 0 7.19686 2.22816e-07 0
168192 0 11.1588 2.2278e-07 0
168192 0 17.302 2.22702e-07 0
168192 0 26.827 2.22576e-07 0
168192 0 41.5956 2.22483e-07 0
168192 0 64.4947 2.22343e-07 0
168192 0 100 2.22121e-07 0
168192 0 155.052 2.21828e-07 0
168192 0 240.41 2.21385e-07 0
168192 0 372.759 2.20625e-07 0
168192 0 577.969 2.19575e-07 0
168192 0 896.151 2.18134e-07 0
168192 0 1389.5 2.15766e-07 0
168192 0 2154.43 2.12105e-07 0
168192 0 3340.48 2.06956e-07 0
168192 0 5179.47 2.0005e-07 0
168192 0 8030.86 1.9073e-07 0
168192 0 12452 1.77714e-07 0
168192 0 19307 1.60749e-07 0
168192 0 29935.8 1.40601e-07 0
168192 0 46415.9 1.18473e-07 0
168192 0 71968.6 9.59341e-08 0
168192 0 111588 7.43718e-08 0
168192 0 173020 5.5046e-08 0
168192 0 268270 3.89481e-08 0
168192 0 415956 2.6206e-08 0
168192 0 644947 1.66363e-08 0
168192 0 1e+06 1.0351e-08 0

410113 0 1e-06 8.3466e-08 0
410113 0 1.55052e-06 8.3466e-08 0
410113 0 2.4041e-06 8.3466e-08 0
410113 0 3.72759e-06 8.3466e-08 0
410113 0 5.77969e-06 8.3466e-08 0
410113 0 8.96151e-06 8.3466e-08 0
410113 0 1.3895e-05 8.3466e-08 0
410113 0 2.15443e-05 8.3466e-08 0
410113 0 3.34048e-05 8.3466e-08 0
410113 0 5.17947e-05 8.3466e-08 0
410113 0 8.03086e-05 8.3466e-08 0
410113 0 0.00012452 8.3466e-08 0
410113 0 0.00019307 8.3466e-08 0
410113 0 0.000299358 8.3466e-08 0
410113 0 0.000464159 8.3466e-08 0
410113 0 0.000719686 8.3466e-08 0
410113 0 0.00111588 8.3466e-08 0
410113 0 0.0017302 8.3466e-08 0
410113 0 0.0026827 8.3466e-08 0
410113 0 0.00415956 8.34659e-08 0
410113 0 0.00644947 8.34659e-08 0
410113 0 0.01 8.34659e-08 0
410113 0 0.0155052 8.34659e-08 0
410113 0 0.024041 8.34658e-08 0
410113 0 0.0372759 8.34657e-08 0
410113 0 0.0577969 8.34656e-08 0
410113 0 0.0896151 8.34655e-08 0
410113 0 0.13895 8.34654e-08 0
410113 0 0.215443 8.34653e-08 0
410113 0 0.334048 8.34653e-08 0
410113 0 0.517947 8.3465e-08 0
410113 0 0.803086 8.34635e-08 0
410113 0 1.2452 8.34603e-08 0
410113 0 1.9307 8.3457e-08 0
410113 0 2.99358 8.34562e-08 0
410113 0 4.64159 8.34506e-08 0
410113 0 7.19686 8.34347e-08 0
410113 0 11.1588 8.34288e-08 0
410113 0 17.302 8.34157e-08 0
410113 0 26.827 8.33949e-08 0
410113 0 41.5956 8.33796e-08 0
410113 0 64.4947 8.33569e-08 0
410113 0 100 8.33204e-08 0
410113 0 155.052 8.32727e-08 0
410113 0 240.41 8.32004e-08 0
410113 0 372.759 8.30756e-08 0
410113 0 577.969 8.29028e-08 0
410113 0 896.151 8.26651e-08 0
410113 0 1389.5 8.2269e-08 0
410113 0 2154.43 8.16447e-08 0
410113 0 3340.48 8.0745e-08 0
410113 0 5179.47 7.95e-08 0
410113 0 8030.86 7.77437e-08 0
410113 0 12452 7.51168e-08 0
410113 0 19307 7.13539e-08 0
410113 0 29935.8 6.63256e-08 0
410113 0 46415.9 5.99819e-08 0
410113 0 71968.6 5.24468e-08 0
410113 0 111588 4.39548e-08 0
410113 0 173020 3.49915e-08 0
410113 0 268270 2.64753e-08 0
410113 0 415956 1.88783e-08 0
410113 0 644947 1.25415e-08 0
410113 0 1e+06 7.83847e-09 0

1e+06 0 1e-06 3.01428e-08 0
1e+06 0 1.55052e-06 3.01428e-08 0
1e+06 0 2.4041e-06 3.01428e-08 0
1e+06 0 3.72759e-06 3.01428e-08 0
1e+06 0 5.77969e-06 3.01428e-08 0
1e+06 0 8.96151e-06 3.01428e-08 0
1e+06 0 1.3895e-05 3.01428e-08 0
1e+06 0 2.15443e-05 3.01428e-08 0
1e+06 0 3.34048e-05 3.01428e-08 0
1e+06 0 5.17947e-05 3.01428e-08 0
1e+06 0 8.03086e-05 3.01428e-08 0
1e+06 0 0.00012452 3.01428e-08 0
1e+06 0 0.00019307 3.01428e-08 0
1e+06 0 0.000299358 3.01428e-08 0
1e+06 0 0.000464159 3.01428e-08 0
1e+06 0 0.000719686 3.01428e-08 0
1e+06 0 0.00111588 3.01428e-08 0
1e+06 0 0.0017302 3.01428e-08 0
1e+06 0 0.0026827 3.01428e-08 0
1e+06 0 0.00415956 3.01428e-08 0
1e+06 0 0.00644947 3.01428e-08 0
1e+06 0 0.01 3.01428e-08 0
1e+06 0 0.0155052 3.01428e-08 0
1e+06 0 0.024041 3.01428e-08 0
1e+06 0 0.0372759 3.01428e-08 0
1e+06 0 0.0577969 3.01428e-08 0
1e+06 0 0.0896151 3.01427e-08 0
1e+06 0 0.13895 3.01427e-08 0
1e+06 0 0.215443 3.01427e-08 0
1e+06 0 0.334048 3.01427e-08 0
1e+06 0 0.517947 3.01427e-08 0
1e+06 0 0.803086 3.01424e-08 0
1e+06 0 1.2452 3.01419e-08 0
1e+06 0 1.9307 3.01413e-08 0
1e+06 0 2.99358 3.01412e-08 0
1e+06 0 4.64159 3.01402e-08 0
1e+06 0 7.19686 3.01376e-08 0
1e+06 0 11.1588 3.01366e-08 0
1e+06 0 17.302 3.01344e-08 0
1e+06 0 26.827 3.01309e-08 0
1e+06 0 41.5956 3.01284e-08 0
1e+06 0 64.4947 3.01247e-08 0
1e+06 0 100 3.01186e-08 0
1e+06 0 155.052 3.01108e-08 0
1e+06 0 240.41 3.00989e-08 0
1e+06 0 372.759 3.00782e-08 0
1e+06 0 577.969 3.00496e-08 0
1e+06 0 896.151 3.00103e-08 0
1e+06 0 1389.5 2.99444e-08 0
1e+06 0 2154.43 2.98395e-08 0
1e+06 0 3340.48 2.96868e-08 0
1e+06 0 5179.47 2.94727e-08 0
1e+06 0 8030.86 2.91643e-08 0
1e+06 0 12452 2.8687e-08 0
1e+06 0 19307 2.7968e-08 0
1e+06 0 29935.8 2.69383e-08 0
1e+06 0 46415.9 2.55155e-08 0
1e+06 0 71968.6 2.36206e-08 0
1e+06 0 111588 2.11617e-08 0
1e+06 0 173020 1.81196e-08 0
1e+06 0 268270 1.47487e-08 0
1e+06 0 415956 1.12377e-08 0
1e+06 0 644947 7.8662e-09 0
1e+06 0 1e+06 5.01703e-09 0

