#q_sq i k_sq Re(fg) Im(fg)
1e-06 1 1e-06 -3.76438e+09 0
1e-06 1 1.55052e-06 -2.42781e+09 0
1e-06 1 2.4041e-06 -1.5658e+09 0
1e-06 1 3.72759e-06 -1.00984e+09 0
1e-06 1 5.77969e-06 -6.51283e+08 0
1e-06 1 8.96151e-06 -4.20031e+08 0
1e-06 1 1.3895e-05 -2.70885e+08 0
1e-06 1 2.15443e-05 -1.74695e+08 0
1e-06 1 3.34048e-05 -1.12657e+08 0
1e-06 1 5.17947e-05 -7.26454e+07 0
1e-06 1 8.03086e-05 -4.68404e+07 0
1e-06 1 0.00012452 -3.01975e+07 0
1e-06 1 0.00019307 -1.94637e+07 0
1e-06 1 0.000299358 -1.2541e+07 0
1e-06 1 0.000464159 -8.07629e+06 0
1e-06 1 0.000719686 -5.19679e+06 0
1e-06 1 0.00111588 -3.33971e+06 0
1e-06 1 0.0017302 -2.14204e+06 0
1e-06 1 0.0026827 -1.36971e+06 0
1e-06 1 0.00415956 -871738 0
1e-06 1 0.00644947 -550788 0
1e-06 1 0.01 -344118 0
1e-06 1 0.0155052 -211316 0
1e-06 1 0.024041 -126384 0
1e-06 1 0.0372759 -72640.2 0
1e-06 1 0.0577969 -39415.9 0
1e-06 1 0.0896151 -19852.9 0
1e-06 1 0.13895 -9436.01 0
1e-06 1 0.215443 -4944.08 0
1e-06 1 0.334048 -3696.04 0
1e-06 1 0.517947 -3428.96 0
1e-06 1 0.803086 -2772.64 0
1e-06 1 1.2452 -1613.95 0
1e-06 1 1.9307 -651.701 0
1e-06 1 2.99358 -207.906 0
1e-06 1 4.64159 -40.8767 0
1e-06 1 7.19686 -6.9734 0
1e-06 1 11.1588 -2.48529 0
1e-06 1 17.302 -0.349163 0
1e-06 1 26.827 -0.0350523 0
1e-06 1 41.5956 -0.00816079 0
1e-06 1 64.4947 -0.00245165 0
1e-06 1 100 -0.000781448 0
1e-06 1 155.052 -0.000325881 0
1e-06 1 240.41 -0.000111901 0
1e-06 1 372.759 -3.20173e-05 0
1e-06 1 577.969 -1.23026e-05 0
1e-06 1 896.151 -5.3187e-06 0
1e-06 1 1389.5 -1.63239e-06 0
1e-06 1 2154.43 -5.50542e-07 0
1e-06 1 3340.48 -2.12943e-07 0
1e-06 1 5179.47 -8.28757e-08 0
1e-06 1 8030.86 -3.19844e-08 0
1e-06 1 12452 -1.07782e-08 0
1e-06 1 19307 -3.82615e-09 0
1e-06 1 29935.8 -1.46266e-09 0
1e-06 1 46415.9 -5.5411e-10 0
1e-06 1 71968.6 -2.12005e-10 0
1e-06 1 111588 -8.44448e-11 0
1e-06 1 173020 -2.7375e-11 0
1e-06 1 268270 -9.57855e-12 0
1e-06 1 415956 -2.46761e-12 0
1e-06 1 644947 2.08204e-13 0
1e-06 1 1e+06 1.10935e-12 0

2.43835e-06 1 1e-06 -1.54382e+09 0
2.43835e-06 1 1.55052e-06 -9.95675e+08 0
2.43835e-06 1 2.4041e-06 -6.42152e+08 0
2.43835e-06 1 3.72759e-06 -4.14149e+08 0
2.43835e-06 1 5.77969e-06 -2.67099e+08 0
2.43835e-06 1 8.96151e-06 -1.7226e+08 0
2.43835e-06 1 1.3895e-05 -1.11093e+08 0
2.43835e-06 1 2.15443e-05 -7.16444e+07 0
2.43835e-06 1 3.34048e-05 -4.62019e+07 0
2.43835e-06 1 5.17947e-05 -2.97928e+07 0
2.43835e-06 1 8.03086e-05 -1.92098e+07 0
2.43835e-06 1 0.00012452 -1.23844e+07 0
2.43835e-06 1 0.00019307 -7.98232e+06 0
2.43835e-06 1 0.000299358 -5.14324e+06 0
2.43835e-06 1 0.000464159 -3.31219e+06 0
2.43835e-06 1 0.000719686 -2.13127e+06 0
2.43835e-06 1 0.00111588 -1.36965e+06 0
2.43835e-06 1 0.0017302 -878479 0
2.43835e-06 1 0.0026827 -561735 0
2.43835e-06 1 0.00415956 -357510 0
2.43835e-06 1 0.00644947 -225885 0
2.43835e-06 1 0.01 -141127 0
2.43835e-06 1 0.0155052 -86663 0
2.43835e-06 1 0.024041 -51831.3 0
2.43835e-06 1 0.0372759 -29790.5 0
2.43835e-06 1 0.0577969 -16164.8 0
2.43835e-06 1 0.0896151 -8141.78 0
2.43835e-06 1 0.13895 -3869.71 0
2.43835e-06 1 0.215443 -2027.54 0
2.43835e-06 1 0.334048 -1515.73 0
2.43835e-06 1 0.517947 -1406.23 0
2.43835e-06 1 0.803086 -1137.08 0
2.43835e-06 1 1.2452 -661.899 0
2.43835e-06 1 1.9307 -267.27 0
2.43835e-06 1 2.99358 -85.2647 0
2.43835e-06 1 4.64159 -16.764 0
2.43835e-06 1 7.19686 -2.85988 0
2.43835e-06 1 11.1588 -1.01925 0
2.43835e-06 1 17.302 -0.143196 0
2.43835e-06 1 26.827 -0.0143753 0
2.43835e-06 1 41.5956 -0.00334683 0
2.43835e-06 1 64.4947 -0.00100545 0
2.43835e-06 1 100 -0.000320481 0
2.43835e-06 1 155.052 -0.000133648 0
2.43835e-06 1 240.41 -4.58918e-05 0
2.43835e-06 1 372.759 -1.31307e-05 0
2.43835e-06 1 577.969 -5.04546e-06 0
2.43835e-06 1 896.151 -2.18126e-06 0
2.43835e-06 1 1389.5 -6.69465e-07 0
2.43835e-06 1 2154.43 -2.25784e-07 0
2.43835e-06 1 3340.48 -8.73307e-08 0
2.43835e-06 1 5179.47 -3.39884e-08 0
2.43835e-06 1 8030.86 -1.31172e-08 0
2.43835e-06 1 12452 -4.42027e-09 0
2.43835e-06 1 19307 -1.56915e-09 0
2.43835e-06 1 29935.8 -5.99856e-10 0
2.43835e-06 1 46415.9 -2.27247e-10 0
2.43835e-06 1 71968.6 -8.6946e-11 0
2.43835e-06 1 111588 -3.4632e-11 0
2.43835e-06 1 173020 -1.12271e-11 0
2.43835e-06 1 268270 -3.92854e-12 0
2.43835e-06 1 415956 -1.01209e-12 0
2.43835e-06 1 644947 8.53754e-14 0
2.43835e-06 1 1e+06 4.54961e-13 0

5.94557e-06 1 1e-06 -6.33137e+08 0
5.94557e-06 1 1.55052e-06 -4.08337e+08 0
5.94557e-06 1 2.4041e-06 -2.63354e+08 0
5.94557e-06 1 3.72759e-06 -1.69847e+08 0
5.94557e-06 1 5.77969e-06 -1.0954e+08 0
5.94557e-06 1 8.96151e-06 -7.06456e+07 0
5.94557e-06 1 1.3895e-05 -4.55606e+07 0
5.94557e-06 1 2.15443e-05 -2.93822e+07 0
5.94557e-06 1 3.34048e-05 -1.89479e+07 0
5.94557e-06 1 5.17947e-05 -1.22184e+07 0
5.94557e-06 1 8.03086e-05 -7.87816e+06 0
5.94557e-06 1 0.00012452 -5.07897e+06 0
5.94557e-06 1 0.00019307 -3.27364e+06 0
5.94557e-06 1 0.000299358 -2.1093e+06 0
5.94557e-06 1 0.000464159 -1.35837e+06 0
5.94557e-06 1 0.000719686 -874060 0
5.94557e-06 1 0.00111588 -561713 0
5.94557e-06 1 0.0017302 -360277 0
5.94557e-06 1 0.0026827 -230377 0
5.94557e-06 1 0.00415956 -146622 0
5.94557e-06 1 0.00644947 -92640.6 0
5.94557e-06 1 0.01 -57880.4 0
5.94557e-06 1 0.0155052 -35544.1 0
5.94557e-06 1 0.024041 -21259.2 0
5.94557e-06 1 0.0372759 -12219.8 0
5.94557e-06 1 0.0577969 -6631.53 0
5.94557e-06 1 0.0896151 -3340.9 0
5.94557e-06 1 0.13895 -1588.48 0
5.94557e-06 1 0.215443 -832.531 0
5.94557e-06 1 0.334048 -622.187 0
5.94557e-06 1 0.517947 -576.939 0
5.94557e-06 1 0.803086 -466.387 0
5.94557e-06 1 1.2452 -271.461 0
5.94557e-06 1 1.9307 -109.613 0
5.94557e-06 1 2.99358 -34.969 0
5.94557e-06 1 4.64159 -6.8754 0
5.94557e-06 1 7.19686 -1.17295 0
5.94557e-06 1 11.1588 -0.418027 0
5.94557e-06 1 17.302 -0.058732 0
5.94557e-06 1 26.827 -0.00589694 0
5.94557e-06 1 41.5956 -0.00137295 0
5.94557e-06 1 64.4947 -0.00041244 0
5.94557e-06 1 100 -0.000131457 0
5.94557e-06 1 155.052 -5.48163e-05 0
5.94557e-06 1 240.41 -1.88222e-05 0
5.94557e-06 1 372.759 -5.38538e-06 0
5.94557e-06 1 577.969 -2.06927e-06 0
5.94557e-06 1 896.151 -8.94573e-07 0
5.94557e-06 1 1389.5 -2.74556e-07 0
5.94557e-06 1 2154.43 -9.2596e-08 0
5.94557e-06 1 3340.48 -3.58148e-08 0
5.94557e-06 1 5179.47 -1.39387e-08 0
5.94557e-06 1 8030.86 -5.37938e-09 0
5.94557e-06 1 12452 -1.81275e-09 0
5.94557e-06 1 19307 -6.43503e-10 0
5.94557e-06 1 29935.8 -2.45997e-10 0
5.94557e-06 1 46415.9 -9.31922e-11 0
5.94557e-06 1 71968.6 -3.56555e-11 0
5.94557e-06 1 111588 -1.4202e-11 0
5.94557e-06 1 173020 -4.60384e-12 0
5.94557e-06 1 268270 -1.61089e-12 0
5.94557e-06 1 415956 -4.14956e-13 0
5.94557e-06 1 644947 3.50563e-14 0
5.94557e-06 1 1e+06 1.86599e-13 0

1.44974e-05 1 1e-06 -2.59653e+08 0
1.44974e-05 1 1.55052e-06 -1.67462e+08 0
1.44974e-05 1 2.4041e-06 -1.08003e+08 0
1.44974e-05 1 3.72759e-06 -6.96554e+07 0
1.44974e-05 1 5.77969e-06 -4.49232e+07 0
1.44974e-05 1 8.96151e-06 -2.89722e+07 0
1.44974e-05 1 1.3895e-05 -1.86847e+07 0
1.44974e-05 1 2.15443e-05 -1.20498e+07 0
1.44974e-05 1 3.34048e-05 -7.77066e+06 0
1.44974e-05 1 5.17947e-05 -5.01083e+06 0
1.44974e-05 1 8.03086e-05 -3.23089e+06 0
1.44974e-05 1 0.00012452 -2.08292e+06 0
1.44974e-05 1 0.00019307 -1.34255e+06 0
1.44974e-05 1 0.000299358 -865046 0
1.44974e-05 1 0.000464159 -557083 0
1.44974e-05 1 0.000719686 -358465 0
1.44974e-05 1 0.00111588 -230370 0
1.44974e-05 1 0.0017302 -147760 0
1.44974e-05 1 0.0026827 -94487 0
1.44974e-05 1 0.00415956 -60138.6 0
1.44974e-05 1 0.00644947 -38000.6 0
1.44974e-05 1 0.01 -23745.2 0
1.44974e-05 1 0.0155052 -14584.9 0
1.44974e-05 1 0.024041 -8726.42 0
1.44974e-05 1 0.0372759 -5019.19 0
1.44974e-05 1 0.0577969 -2727.17 0
1.44974e-05 1 0.0896151 -1377.28 0
1.44974e-05 1 0.13895 -657.995 0
1.44974e-05 1 0.215443 -347.021 0
1.44974e-05 1 0.334048 -259.384 0
1.44974e-05 1 0.517947 -239.146 0
1.44974e-05 1 0.803086 -192.28 0
1.44974e-05 1 1.2452 -111.506 0
1.44974e-05 1 1.9307 -44.943 0
1.44974e-05 1 2.99358 -14.3304 0
1.44974e-05 1 4.64159 -2.8154 0
1.44974e-05 1 7.19686 -0.479701 0
1.44974e-05 1 11.1588 -0.171065 0
1.44974e-05 1 17.302 -0.023986 0
1.44974e-05 1 26.827 -0.00239182 0
1.44974e-05 1 41.5956 -0.00055618 0
1.44974e-05 1 64.4947 -0.000167379 0
1.44974e-05 1 100 -5.34607e-05 0
1.44974e-05 1 155.052 -2.23665e-05 0
1.44974e-05 1 240.41 -7.69034e-06 0
1.44974e-05 1 372.759 -2.20135e-06 0
1.44974e-05 1 577.969 -8.46844e-07 0
1.44974e-05 1 896.151 -3.66448e-07 0
1.44974e-05 1 1389.5 -1.12499e-07 0
1.44974e-05 1 2154.43 -3.79532e-08 0
1.44974e-05 1 3340.48 -1.46843e-08 0
1.44974e-05 1 5179.47 -5.71619e-09 0
1.44974e-05 1 8030.86 -2.20637e-09 0
1.44974e-05 1 12452 -7.43592e-10 0
1.44974e-05 1 19307 -2.63994e-10 0
1.44974e-05 1 29935.8 -1.00926e-10 0
1.44974e-05 1 46415.9 -3.82365e-11 0
1.44974e-05 1 71968.6 -1.463e-11 0
1.44974e-05 1 111588 -5.82736e-12 0
1.44974e-05 1 173020 -1.88925e-12 0
1.44974e-05 1 268270 -6.61102e-13 0
1.44974e-05 1 415956 -1.70356e-13 0
1.44974e-05 1 644947 1.43092e-14 0
1.44974e-05 1 1e+06 7.65026e-14 0

3.53498e-05 1 1e-06 -1.06485e+08 0
3.53498e-05 1 1.55052e-06 -6.86767e+07 0
3.53498e-05 1 2.4041e-06 -4.42925e+07 0
3.53498e-05 1 3.72759e-06 -2.8566e+07 0
3.53498e-05 1 5.77969e-06 -1.84232e+07 0
3.53498e-05 1 8.96151e-06 -1.18816e+07 0
3.53498e-05 1 1.3895e-05 -7.66268e+06 0
3.53498e-05 1 2.15443e-05 -4.94168e+06 0
3.53498e-05 1 3.34048e-05 -3.18678e+06 0
3.53498e-05 1 5.17947e-05 -2.05496e+06 0
3.53498e-05 1 8.03086e-05 -1.325e+06 0
3.53498e-05 1 0.00012452 -854215 0
3.53498e-05 1 0.00019307 -550584 0
3.53498e-05 1 0.000299358 -354758 0
3.53498e-05 1 0.000464159 -228461 0
3.53498e-05 1 0.000719686 -147007 0
3.53498e-05 1 0.00111588 -94474.9 0
3.53498e-05 1 0.0017302 -60596.1 0
3.53498e-05 1 0.0026827 -38748.6 0
3.53498e-05 1 0.00415956 -24662.2 0
3.53498e-05 1 0.00644947 -15583.3 0
3.53498e-05 1 0.01 -9737.14 0
3.53498e-05 1 0.0155052 -5980.48 0
3.53498e-05 1 0.024041 -3577.94 0
3.53498e-05 1 0.0372759 -2057.63 0
3.53498e-05 1 0.0577969 -1117.72 0
3.53498e-05 1 0.0896151 -564.191 0
3.53498e-05 1 0.13895 -269.259 0
3.53498e-05 1 0.215443 -141.719 0
3.53498e-05 1 0.334048 -105.649 0
3.53498e-05 1 0.517947 -97.1014 0
3.53498e-05 1 0.803086 -77.7423 0
3.53498e-05 1 1.2452 -44.9302 0
3.53498e-05 1 1.9307 -18.1754 0
3.53498e-05 1 2.99358 -5.84763 0
3.53498e-05 1 4.64159 -1.15034 0
3.53498e-05 1 7.19686 -0.195717 0
3.53498e-05 1 11.1588 -0.0699127 0
3.53498e-05 1 17.302 -0.00977704 0
3.53498e-05 1 26.827 -0.000965921 0
3.53498e-05 1 41.5956 -0.000224386 0
3.53498e-05 1 64.4947 -6.77233e-05 0
3.53498e-05 1 100 -2.16963e-05 0
3.53498e-05 1 155.052 -9.1169e-06 0
3.53498e-05 1 240.41 -3.14031e-06 0
3.53498e-05 1 372.759 -8.99522e-07 0
3.53498e-05 1 577.969 -3.46562e-07 0
3.53498e-05 1 896.151 -1.50139e-07 0
3.53498e-05 1 1389.5 -4.61124e-08 0
3.53498e-05 1 2154.43 -1.55641e-08 0
3.53498e-05 1 3340.48 -6.02425e-09 0
3.53498e-05 1 5179.47 -2.34572e-09 0
3.53498e-05 1 8030.86 -9.05589e-10 0
3.53498e-05 1 12452 -3.05276e-10 0
3.53498e-05 1 19307 -1.08403e-10 0
3.53498e-05 1 29935.8 -4.14478e-11 0
3.53498e-05 1 46415.9 -1.57046e-11 0
3.53498e-05 1 71968.6 -6.0094e-12 0
3.53498e-05 1 111588 -2.3937e-12 0
3.53498e-05 1 173020 -7.7628e-13 0
3.53498e-05 1 268270 -2.71694e-13 0
3.53498e-05 1 415956 -7.00864e-14 0
3.53498e-05 1 644947 5.7854e-15 0
3.53498e-05 1 1e+06 3.13479e-14 0

8.61954e-05 1 1e-06 -4.367e+07 0
8.61954e-05 1 1.55052e-06 -2.81647e+07 0
8.61954e-05 1 2.4041e-06 -1.81646e+07 0
8.61954e-05 1 3.72759e-06 -1.1715e+07 0
8.61954e-05 1 5.77969e-06 -7.55544e+06 0
8.61954e-05 1 8.96151e-06 -4.87271e+06 0
8.61954e-05 1 1.3895e-05 -3.1425e+06 0
8.61954e-05 1 2.15443e-05 -2.0266e+06 0
8.61954e-05 1 3.34048e-05 -1.30691e+06 0
8.61954e-05 1 5.17947e-05 -842745 0
8.61954e-05 1 8.03086e-05 -543384 0
8.61954e-05 1 0.00012452 -350312 0
8.61954e-05 1 0.00019307 -225792 0
8.61954e-05 1 0.000299358 -145482 0
8.61954e-05 1 0.000464159 -93687.4 0
8.61954e-05 1 0.000719686 -60282.7 0
8.61954e-05 1 0.00111588 -38738.9 0
8.61954e-05 1 0.0017302 -24845.1 0
8.61954e-05 1 0.0026827 -15885.3 0
8.61954e-05 1 0.00415956 -10108.5 0
8.61954e-05 1 0.00644947 -6385.21 0
8.61954e-05 1 0.01 -3987.73 0
8.61954e-05 1 0.0155052 -2447.23 0
8.61954e-05 1 0.024041 -1462.11 0
8.61954e-05 1 0.0372759 -838.893 0
8.61954e-05 1 0.0577969 -453.816 0
8.61954e-05 1 0.0896151 -227.341 0
8.61954e-05 1 0.13895 -107.07 0
8.61954e-05 1 0.215443 -55.5576 0
8.61954e-05 1 0.334048 -41.5432 0
8.61954e-05 1 0.517947 -38.6287 0
8.61954e-05 1 0.803086 -31.0284 0
8.61954e-05 1 1.2452 -17.8512 0
8.61954e-05 1 1.9307 -7.2331 0
8.61954e-05 1 2.99358 -2.37166 0
8.61954e-05 1 4.64159 -0.470786 0
8.61954e-05 1 7.19686 -0.0801837 0
8.61954e-05 1 11.1588 -0.0286621 0
8.61954e-05 1 17.302 -0.00400819 0
8.61954e-05 1 26.827 -0.000395822 0
8.61954e-05 1 41.5956 -9.19788e-05 0
8.61954e-05 1 64.4947 -2.77714e-05 0
8.61954e-05 1 100 -8.89969e-06 0
8.61954e-05 1 155.052 -3.74047e-06 0
8.61954e-05 1 240.41 -1.28859e-06 0
8.61954e-05 1 372.759 -3.69178e-07 0
8.61954e-05 1 577.969 -1.42246e-07 0
8.61954e-05 1 896.151 -6.16244e-08 0
8.61954e-05 1 1389.5 -1.89301e-08 0
8.61954e-05 1 2154.43 -6.3903e-09 0
8.61954e-05 1 3340.48 -2.47355e-09 0
8.61954e-05 1 5179.47 -9.63178e-10 0
8.61954e-05 1 8030.86 -3.7186e-10 0
8.61954e-05 1 12452 -1.25377e-10 0
8.61954e-05 1 19307 -4.45277e-11 0
8.61954e-05 1 29935.8 -1.70263e-11 0
8.61954e-05 1 46415.9 -6.45178e-12 0
8.61954e-05 1 71968.6 -2.46897e-12 0
8.61954e-05 1 111588 -9.8346e-13 0
8.61954e-05 1 173020 -3.19044e-13 0
8.61954e-05 1 268270 -1.11688e-13 0
8.61954e-05 1 415956 -2.88452e-14 0
8.61954e-05 1 644947 2.33496e-15 0
8.61954e-05 1 1e+06 1.28443e-14 0

0.000210175 1 1e-06 -1.79104e+07 0
0.000210175 1 1.55052e-06 -1.15512e+07 0
0.000210175 1 2.4041e-06 -7.44984e+06 0
0.000210175 1 3.72759e-06 -4.80469e+06 0
0.000210175 1 5.77969e-06 -3.09871e+06 0
0.000210175 1 8.96151e-06 -1.99844e+06 0
0.000210175 1 1.3895e-05 -1.28883e+06 0
0.000210175 1 2.15443e-05 -831164 0
0.000210175 1 3.34048e-05 -535996 0
0.000210175 1 5.17947e-05 -345628 0
0.000210175 1 8.03086e-05 -222851 0
0.000210175 1 0.00012452 -143666 0
0.000210175 1 0.00019307 -92596.4 0
0.000210175 1 0.000299358 -59659.2 0
0.000210175 1 0.000464159 -38416.5 0
0.000210175 1 0.000719686 -24716.2 0
0.000210175 1 0.00111588 -15880.5 0
0.000210175 1 0.0017302 -10182.2 0
0.000210175 1 0.0026827 -6507.56 0
0.000210175 1 0.00415956 -4138.33 0
0.000210175 1 0.00644947 -2611.37 0
0.000210175 1 0.01 -1628.2 0
0.000210175 1 0.0155052 -996.549 0
0.000210175 1 0.024041 -592.759 0
0.000210175 1 0.0372759 -337.508 0
0.000210175 1 0.0577969 -180.082 0
0.000210175 1 0.0896151 -87.9054 0
0.000210175 1 0.13895 -39.5149 0
0.000210175 1 0.215443 -19.5279 0
0.000210175 1 0.334048 -15.0029 0
0.000210175 1 0.517947 -14.885 0
0.000210175 1 0.803086 -12.4617 0
0.000210175 1 1.2452 -7.3136 0
0.000210175 1 1.9307 -2.97645 0
0.000210175 1 2.99358 -0.972481 0
0.000210175 1 4.64159 -0.192845 0
0.000210175 1 7.19686 -0.0328034 0
0.000210175 1 11.1588 -0.0117297 0
0.000210175 1 17.302 -0.00163624 0
0.000210175 1 26.827 -0.000160156 0
0.000210175 1 41.5956 -3.71455e-05 0
0.000210175 1 64.4947 -1.12412e-05 0
0.000210175 1 100 -3.61259e-06 0
0.000210175 1 155.052 -1.52504e-06 0
0.000210175 1 240.41 -5.26362e-07 0
0.000210175 1 372.759 -1.50928e-07 0
0.000210175 1 577.969 -5.82473e-08 0
0.000210175 1 896.151 -2.52642e-08 0
0.000210175 1 1389.5 -7.76551e-09 0
0.000210175 1 2154.43 -2.62305e-09 0
0.000210175 1 3340.48 -1.01579e-09 0
0.000210175 1 5179.47 -3.95665e-10 0
0.000210175 1 8030.86 -1.52793e-10 0
0.000210175 1 12452 -5.15373e-11 0
0.000210175 1 19307 -1.83098e-11 0
0.000210175 1 29935.8 -7.00251e-12 0
0.000210175 1 46415.9 -2.65397e-12 0
0.000210175 1 71968.6 -1.01579e-12 0
0.000210175 1 111588 -4.04636e-13 0
0.000210175 1 173020 -1.31355e-13 0
0.000210175 1 268270 -4.60063e-14 0
0.000210175 1 415956 -1.19083e-14 0
0.000210175 1 644947 9.28344e-16 0
0.000210175 1 1e+06 5.25798e-15 0

0.000512481 1 1e-06 -7.34477e+06 0
0.000512481 1 1.55052e-06 -4.73696e+06 0
0.000512481 1 2.4041e-06 -3.05506e+06 0
0.000512481 1 3.72759e-06 -1.97033e+06 0
0.000512481 1 5.77969e-06 -1.27073e+06 0
0.000512481 1 8.96151e-06 -819528 0
0.000512481 1 1.3895e-05 -528527 0
0.000512481 1 2.15443e-05 -340847 0
0.000512481 1 3.34048e-05 -219803 0
0.000512481 1 5.17947e-05 -141736 0
0.000512481 1 8.03086e-05 -91387.1 0
0.000512481 1 0.00012452 -58914.8 0
0.000512481 1 0.00019307 -37971.9 0
0.000512481 1 0.000299358 -24464.8 0
0.000512481 1 0.000464159 -15753.5 0
0.000512481 1 0.000719686 -10135.3 0
0.000512481 1 0.00111588 -6511.88 0
0.000512481 1 0.0017302 -4175.1 0
0.000512481 1 0.0026827 -2668.19 0
0.000512481 1 0.00415956 -1696.61 0
0.000512481 1 0.00644947 -1070.43 0
0.000512481 1 0.01 -667.247 0
0.000512481 1 0.0155052 -408.216 0
0.000512481 1 0.024041 -242.628 0
0.000512481 1 0.0372759 -137.954 0
0.000512481 1 0.0577969 -73.4013 0
0.000512481 1 0.0896151 -35.6144 0
0.000512481 1 0.13895 -15.7988 0
0.000512481 1 0.215443 -7.65467 0
0.000512481 1 0.334048 -5.88123 0
0.000512481 1 0.517947 -5.93774 0
0.000512481 1 0.803086 -5.04054 0
0.000512481 1 1.2452 -2.98239 0
0.000512481 1 1.9307 -1.21632 0
0.000512481 1 2.99358 -0.397015 0
0.000512481 1 4.64159 -0.0787567 0
0.000512481 1 7.19686 -0.0133774 0
0.000512481 1 11.1588 -0.00479171 0
0.000512481 1 17.302 -0.000666359 0
0.000512481 1 26.827 -6.4499e-05 0
0.000512481 1 41.5956 -1.49438e-05 0
0.000512481 1 64.4947 -4.53914e-06 0
0.000512481 1 100 -1.46427e-06 0
0.000512481 1 155.052 -6.21363e-07 0
0.000512481 1 240.41 -2.14925e-07 0
0.000512481 1 372.759 -6.16842e-08 0
0.000512481 1 577.969 -2.38478e-08 0
0.000512481 1 896.151 -1.03573e-08 0
0.000512481 1 1389.5 -3.18552e-09 0
0.000512481 1 2154.43 -1.07671e-09 0
0.000512481 1 3340.48 -4.17162e-10 0
0.000512481 1 5179.47 -1.62545e-10 0
0.000512481 1 8030.86 -6.2785e-11 0
0.000512481 1 12452 -2.11862e-11 0
0.000512481 1 19307 -7.52947e-12 0
0.000512481 1 29935.8 -2.88015e-12 0
0.000512481 1 46415.9 -1.0918e-12 0
0.000512481 1 71968.6 -4.17946e-13 0
0.000512481 1 111588 -1.66495e-13 0
0.000512481 1 173020 -5.40843e-14 0
0.000512481 1 268270 -1.89522e-14 0
0.000512481 1 415956 -4.91633e-15 0
0.000512481 1 644947 3.68841e-16 0
0.000512481 1 1e+06 2.15267e-15 0

0.00124961 1 1e-06 -3.0109e+06 0
0.00124961 1 1.55052e-06 -1.94186e+06 0
0.00124961 1 2.4041e-06 -1.25239e+06 0
0.00124961 1 3.72759e-06 -807713 0
0.00124961 1 5.77969e-06 -520922 0
0.00124961 1 8.96151e-06 -335957 0
0.00124961 1 1.3895e-05 -216664 0
0.00124961 1 2.15443e-05 -139727 0
0.00124961 1 3.34048e-05 -90106.1 0
0.00124961 1 5.17947e-05 -58103.5 0
0.00124961 1 8.03086e-05 -37463.6 0
0.00124961 1 0.00012452 -24151.9 0
0.00124961 1 0.00019307 -15566.6 0
0.00124961 1 0.000299358 -10029.5 0
0.00124961 1 0.000464159 -6458.45 0
0.00124961 1 0.000719686 -4155.31 0
0.00124961 1 0.00111588 -2669.94 0
0.00124961 1 0.0017302 -1712 0
0.00124961 1 0.0026827 -1094.26 0
0.00124961 1 0.00415956 -695.968 0
0.00124961 1 0.00644947 -439.267 0
0.00124961 1 0.01 -273.978 0
0.00124961 1 0.0155052 -167.778 0
0.00124961 1 0.024041 -99.8784 0
0.00124961 1 0.0372759 -56.9404 0
0.00124961 1 0.0577969 -30.4377 0
0.00124961 1 0.0896151 -14.8931 0
0.00124961 1 0.13895 -6.70202 0
0.00124961 1 0.215443 -3.28712 0
0.00124961 1 0.334048 -2.48776 0
0.00124961 1 0.517947 -2.45851 0
0.00124961 1 0.803086 -2.06638 0
0.00124961 1 1.2452 -1.21755 0
0.00124961 1 1.9307 -0.493742 0
0.00124961 1 2.99358 -0.160196 0
0.00124961 1 4.64159 -0.031952 0
0.00124961 1 7.19686 -0.00544516 0
0.00124961 1 11.1588 -0.00195477 0
0.00124961 1 17.302 -0.000270617 0
0.00124961 1 26.827 -2.57585e-05 0
0.00124961 1 41.5956 -5.95278e-06 0
0.00124961 1 64.4947 -1.81718e-06 0
0.00124961 1 100 -5.89387e-07 0
0.00124961 1 155.052 -2.52096e-07 0
0.00124961 1 240.41 -8.74779e-08 0
0.00124961 1 372.759 -2.51367e-08 0
0.00124961 1 577.969 -9.74439e-09 0
0.00124961 1 896.151 -4.24078e-09 0
0.00124961 1 1389.5 -1.30532e-09 0
0.00124961 1 2154.43 -4.41566e-10 0
0.00124961 1 3340.48 -1.71203e-10 0
0.00124961 1 5179.47 -6.67409e-11 0
0.00124961 1 8030.86 -2.57883e-11 0
0.00124961 1 12452 -8.70574e-12 0
0.00124961 1 19307 -3.09509e-12 0
0.00124961 1 29935.8 -1.18418e-12 0
0.00124961 1 46415.9 -4.48985e-13 0
0.00124961 1 71968.6 -1.71902e-13 0
0.00124961 1 111588 -6.84838e-14 0
0.00124961 1 173020 -2.22596e-14 0
0.00124961 1 268270 -7.80375e-15 0
0.00124961 1 415956 -2.02829e-15 0
0.00124961 1 644947 1.46902e-16 0
0.00124961 1 1e+06 8.81502e-16 0

0.00304699 1 1e-06 -1.23333e+06 0
0.00304699 1 1.55052e-06 -795426 0
0.00304699 1 2.4041e-06 -513003 0
0.00304699 1 3.72759e-06 -330856 0
0.00304699 1 5.77969e-06 -213380 0
0.00304699 1 8.96151e-06 -137615 0
0.00304699 1 1.3895e-05 -88750.1 0
0.00304699 1 2.15443e-05 -57235 0
0.00304699 1 3.34048e-05 -36909.4 0
0.00304699 1 5.17947e-05 -23800.5 0
0.00304699 1 8.03086e-05 -15346 0
0.00304699 1 0.00012452 -9893.24 0
0.00304699 1 0.00019307 -6376.53 0
0.00304699 1 0.000299358 -4108.44 0
0.00304699 1 0.000464159 -2645.64 0
0.00304699 1 0.000719686 -1702.23 0
0.00304699 1 0.00111588 -1093.79 0
0.00304699 1 0.0017302 -701.402 0
0.00304699 1 0.0026827 -448.362 0
0.00304699 1 0.00415956 -285.212 0
0.00304699 1 0.00644947 -180.061 0
0.00304699 1 0.01 -112.353 0
0.00304699 1 0.0155052 -68.8485 0
0.00304699 1 0.024041 -41.0303 0
0.00304699 1 0.0372759 -23.4347 0
0.00304699 1 0.0577969 -12.5678 0
0.00304699 1 0.0896151 -6.18528 0
0.00304699 1 0.13895 -2.81032 0
0.00304699 1 0.215443 -1.38892 0
0.00304699 1 0.334048 -1.0403 0
0.00304699 1 0.517947 -1.01431 0
0.00304699 1 0.803086 -0.849217 0
0.00304699 1 1.2452 -0.501257 0
0.00304699 1 1.9307 -0.202885 0
0.00304699 1 2.99358 -0.0650935 0
0.00304699 1 4.64159 -0.0129713 0
0.00304699 1 7.19686 -0.00222004 0
0.00304699 1 11.1588 -0.000798029 0
0.00304699 1 17.302 -0.000109976 0
0.00304699 1 26.827 -1.02881e-05 0
0.00304699 1 41.5956 -2.36855e-06 0
0.00304699 1 64.4947 -7.26381e-07 0
0.00304699 1 100 -2.36899e-07 0
0.00304699 1 155.052 -1.02185e-07 0
0.00304699 1 240.41 -3.55792e-08 0
0.00304699 1 372.759 -1.02364e-08 0
0.00304699 1 577.969 -3.97939e-09 0
0.00304699 1 896.151 -1.73557e-09 0
0.00304699 1 1389.5 -5.34596e-10 0
0.00304699 1 2154.43 -1.80988e-10 0
0.00304699 1 3340.48 -7.02218e-11 0
0.00304699 1 5179.47 -2.7388e-11 0
0.00304699 1 8030.86 -1.05861e-11 0
0.00304699 1 12452 -3.57497e-12 0
0.00304699 1 19307 -1.27137e-12 0
0.00304699 1 29935.8 -4.86513e-13 0
0.00304699 1 46415.9 -1.84495e-13 0
0.00304699 1 71968.6 -7.06469e-14 0
0.00304699 1 111588 -2.81464e-14 0
0.00304699 1 173020 -9.1527e-15 0
0.00304699 1 268270 -3.20986e-15 0
0.00304699 1 415956 -8.35497e-16 0
0.00304699 1 644947 5.88962e-17 0
0.00304699 1 1e+06 3.61085e-16 0

0.00742964 1 1e-06 -504327 0
0.00742964 1 1.55052e-06 -325263 0
0.00742964 1 2.4041e-06 -209775 0
0.00742964 1 3.72759e-06 -135292 0
0.00742964 1 5.77969e-06 -87254.5 0
0.00742964 1 8.96151e-06 -56272.7 0
0.00742964 1 1.3895e-05 -36291.2 0
0.00742964 1 2.15443e-05 -23404.1 0
0.00742964 1 3.34048e-05 -15092.7 0
0.00742964 1 5.17947e-05 -9732.23 0
0.00742964 1 8.03086e-05 -6275.03 0
0.00742964 1 0.00012452 -4045.32 0
0.00742964 1 0.00019307 -2607.27 0
0.00742964 1 0.000299358 -1679.81 0
0.00742964 1 0.000464159 -1081.65 0
0.00742964 1 0.000719686 -695.877 0
0.00742964 1 0.00111588 -447.077 0
0.00742964 1 0.0017302 -286.623 0
0.00742964 1 0.0026827 -183.151 0
0.00742964 1 0.00415956 -116.438 0
0.00742964 1 0.00644947 -73.4418 0
0.00742964 1 0.01 -45.7577 0
0.00742964 1 0.0155052 -27.9723 0
0.00742964 1 0.024041 -16.6035 0
0.00742964 1 0.0372759 -9.41808 0
0.00742964 1 0.0577969 -4.9884 0
0.00742964 1 0.0896151 -2.39778 0
0.00742964 1 0.13895 -1.04266 0
0.00742964 1 0.215443 -0.490714 0
0.00742964 1 0.334048 -0.377872 0
0.00742964 1 0.517947 -0.391664 0
0.00742964 1 0.803086 -0.339178 0
0.00742964 1 1.2452 -0.203132 0
0.00742964 1 1.9307 -0.0824147 0
0.00742964 1 2.99358 -0.026252 0
0.00742964 1 4.64159 -0.00524055 0
0.00742964 1 7.19686 -0.00090173 0
0.00742964 1 11.1588 -0.000324804 0
0.00742964 1 17.302 -4.44609e-05 0
0.00742964 1 26.827 -4.05781e-06 0
0.00742964 1 41.5956 -9.3078e-07 0
0.00742964 1 64.4947 -2.8771e-07 0
0.00742964 1 100 -9.46216e-08 0
0.00742964 1 155.052 -4.12846e-08 0
0.00742964 1 240.41 -1.44389e-08 0
0.00742964 1 372.759 -4.16053e-09 0
0.00742964 1 577.969 -1.62273e-09 0
0.00742964 1 896.151 -7.09517e-10 0
0.00742964 1 1389.5 -2.18721e-10 0
0.00742964 1 2154.43 -7.41137e-11 0
0.00742964 1 3340.48 -2.87793e-11 0
0.00742964 1 5179.47 -1.12309e-11 0
0.00742964 1 8030.86 -4.34269e-12 0
0.00742964 1 12452 -1.4671e-12 0
0.00742964 1 19307 -5.21913e-13 0
0.00742964 1 29935.8 -1.99762e-13 0
0.00742964 1 46415.9 -7.57673e-14 0
0.00742964 1 71968.6 -2.90173e-14 0
0.00742964 1 111588 -1.15616e-14 0
0.00742964 1 173020 -3.76129e-15 0
0.00742964 1 268270 -1.31955e-15 0
0.00742964 1 415956 -3.43954e-16 0
0.00742964 1 644947 2.36028e-17 0
0.00742964 1 1e+06 1.47846e-16 0

0.0181161 1 1e-06 -205360 0
0.0181161 1 1.55052e-06 -132446 0
0.0181161 1 2.4041e-06 -85419.5 0
0.0181161 1 3.72759e-06 -55090.3 0
0.0181161 1 5.77969e-06 -35529.5 0
0.0181161 1 8.96151e-06 -22913.9 0
0.0181161 1 1.3895e-05 -14777.4 0
0.0181161 1 2.15443e-05 -9529.88 0
0.0181161 1 3.34048e-05 -6145.48 0
0.0181161 1 5.17947e-05 -3962.73 0
0.0181161 1 8.03086e-05 -2554.97 0
0.0181161 1 0.00012452 -1647.04 0
0.0181161 1 0.00019307 -1061.48 0
0.0181161 1 0.000299358 -683.818 0
0.0181161 1 0.000464159 -440.25 0
0.0181161 1 0.000719686 -283.163 0
0.0181161 1 0.00111588 -181.852 0
0.0181161 1 0.0017302 -116.516 0
0.0181161 1 0.0026827 -74.3838 0
0.0181161 1 0.00415956 -47.2193 0
0.0181161 1 0.00644947 -29.713 0
0.0181161 1 0.01 -18.4424 0
0.0181161 1 0.0155052 -11.2038 0
0.0181161 1 0.024041 -6.57983 0
0.0181161 1 0.0372759 -3.66194 0
0.0181161 1 0.0577969 -1.86993 0
0.0181161 1 0.0896151 -0.8317 0
0.0181161 1 0.13895 -0.302441 0
0.0181161 1 0.215443 -0.105909 0
0.0181161 1 0.334048 -0.0913356 0
0.0181161 1 0.517947 -0.126023 0
0.0181161 1 0.803086 -0.125157 0
0.0181161 1 1.2452 -0.0795391 0
0.0181161 1 1.9307 -0.0331118 0
0.0181161 1 2.99358 -0.0106092 0
0.0181161 1 4.64159 -0.00210772 0
0.0181161 1 7.19686 -0.000364644 0
0.0181161 1 11.1588 -0.000131959 0
0.0181161 1 17.302 -1.79347e-05 0
0.0181161 1 26.827 -1.59259e-06 0
0.0181161 1 41.5956 -3.63771e-07 0
0.0181161 1 64.4947 -1.13432e-07 0
0.0181161 1 100 -3.76474e-08 0
0.0181161 1 155.052 -1.66332e-08 0
0.0181161 1 240.41 -5.84392e-09 0
0.0181161 1 372.759 -1.68611e-09 0
0.0181161 1 577.969 -6.60076e-10 0
0.0181161 1 896.151 -2.89472e-10 0
0.0181161 1 1389.5 -8.93128e-11 0
0.0181161 1 2154.43 -3.02945e-11 0
0.0181161 1 3340.48 -1.17755e-11 0
0.0181161 1 5179.47 -4.59843e-12 0
0.0181161 1 8030.86 -1.77895e-12 0
0.0181161 1 12452 -6.01229e-13 0
0.0181161 1 19307 -2.13959e-13 0
0.0181161 1 29935.8 -8.19126e-14 0
0.0181161 1 46415.9 -3.1075e-14 0
0.0181161 1 71968.6 -1.19031e-14 0
0.0181161 1 111588 -4.74309e-15 0
0.0181161 1 173020 -1.54372e-15 0
0.0181161 1 268270 -5.41764e-16 0
0.0181161 1 415956 -1.41404e-16 0
0.0181161 1 644947 9.45902e-18 0
0.0181161 1 1e+06 6.04778e-17 0

0.0441734 1 1e-06 -82758.4 0
0.0441734 1 1.55052e-06 -53374.4 0
0.0441734 1 2.4041e-06 -34423.2 0
0.0441734 1 3.72759e-06 -22200.8 0
0.0441734 1 5.77969e-06 -14317.9 0
0.0441734 1 8.96151e-06 -9233.92 0
0.0441734 1 1.3895e-05 -5955 0
0.0441734 1 2.15443e-05 -3840.27 0
0.0441734 1 3.34048e-05 -2476.39 0
0.0441734 1 5.17947e-05 -1596.75 0
0.0441734 1 8.03086e-05 -1029.44 0
0.0441734 1 0.00012452 -663.547 0
0.0441734 1 0.00019307 -427.568 0
0.0441734 1 0.000299358 -275.375 0
0.0441734 1 0.000464159 -177.219 0
0.0441734 1 0.000719686 -113.914 0
0.0441734 1 0.00111588 -73.0872 0
0.0441734 1 0.0017302 -46.7577 0
0.0441734 1 0.0026827 -29.7792 0
0.0441734 1 0.00415956 -18.8331 0
0.0441734 1 0.00644947 -11.7797 0
0.0441734 1 0.01 -7.24015 0
0.0441734 1 0.0155052 -4.32664 0
0.0441734 1 0.024041 -2.46868 0
0.0441734 1 0.0372759 -1.30096 0
0.0441734 1 0.0577969 -0.590745 0
0.0441734 1 0.0896151 -0.189303 0
0.0441734 1 0.13895 0.00111335 0
0.0441734 1 0.215443 0.0517757 0
0.0441734 1 0.334048 0.0260269 0
0.0441734 1 0.517947 -0.0171904 0
0.0441734 1 0.803086 -0.0374779 0
0.0441734 1 1.2452 -0.0289463 0
0.0441734 1 1.9307 -0.0129462 0
0.0441734 1 2.99358 -0.00424737 0
0.0441734 1 4.64159 -0.000838478 0
0.0441734 1 7.19686 -0.000144036 0
0.0441734 1 11.1588 -5.29193e-05 0
0.0441734 1 17.302 -7.05999e-06 0
0.0441734 1 26.827 -5.79981e-07 0
0.0441734 1 41.5956 -1.30246e-07 0
0.0441734 1 64.4947 -4.15793e-08 0
0.0441734 1 100 -1.41495e-08 0
0.0441734 1 155.052 -6.47744e-09 0
0.0441734 1 240.41 -2.30511e-09 0
0.0441734 1 372.759 -6.67565e-10 0
0.0441734 1 577.969 -2.64189e-10 0
0.0441734 1 896.151 -1.16864e-10 0
0.0441734 1 1389.5 -3.61394e-11 0
0.0441734 1 2154.43 -1.22918e-11 0
0.0441734 1 3340.48 -4.79109e-12 0
0.0441734 1 5179.47 -1.87454e-12 0
0.0441734 1 8030.86 -7.26137e-13 0
0.0441734 1 12452 -2.45639e-13 0
0.0441734 1 19307 -8.74864e-14 0
0.0441734 1 29935.8 -3.35136e-14 0
0.0441734 1 46415.9 -1.27202e-14 0
0.0441734 1 71968.6 -4.87432e-15 0
0.0441734 1 111588 -1.94278e-15 0
0.0441734 1 173020 -6.32804e-16 0
0.0441734 1 268270 -2.22227e-16 0
0.0441734 1 415956 -5.81382e-17 0
0.0441734 1 644947 3.71646e-18 0
0.0441734 1 1e+06 2.46525e-17 0

0.107711 1 1e-06 -32502.5 0
0.107711 1 1.55052e-06 -20962.1 0
0.107711 1 2.4041e-06 -13519.2 0
0.107711 1 3.72759e-06 -8718.97 0
0.107711 1 5.77969e-06 -5623.05 0
0.107711 1 8.96151e-06 -3626.35 0
0.107711 1 1.3895e-05 -2338.58 0
0.107711 1 2.15443e-05 -1508.04 0
0.107711 1 3.34048e-05 -972.386 0
0.107711 1 5.17947e-05 -626.917 0
0.107711 1 8.03086e-05 -404.108 0
0.107711 1 0.00012452 -260.409 0
0.107711 1 0.00019307 -167.73 0
0.107711 1 0.000299358 -107.958 0
0.107711 1 0.000464159 -69.4078 0
0.107711 1 0.000719686 -44.5455 0
0.107711 1 0.00111588 -28.5113 0
0.107711 1 0.0017302 -18.1711 0
0.107711 1 0.0026827 -11.5035 0
0.107711 1 0.00415956 -7.20552 0
0.107711 1 0.00644947 -4.43685 0
0.107711 1 0.01 -2.65625 0
0.107711 1 0.0155052 -1.51548 0
0.107711 1 0.024041 -0.791068 0
0.107711 1 0.0372759 -0.34035 0
0.107711 1 0.0577969 -0.072975 0
0.107711 1 0.0896151 0.0683063 0
0.107711 1 0.13895 0.120998 0
0.107711 1 0.215443 0.113324 0
0.107711 1 0.334048 0.0726343 0
0.107711 1 0.517947 0.0272899 0
0.107711 1 0.803086 -0.000936135 0
0.107711 1 1.2452 -0.00764993 0
0.107711 1 1.9307 -0.00449625 0
0.107711 1 2.99358 -0.00162658 0
0.107711 1 4.64159 -0.000318454 0
0.107711 1 7.19686 -5.28322e-05 0
0.107711 1 11.1588 -2.00581e-05 0
0.107711 1 17.302 -2.48132e-06 0
0.107711 1 26.827 -1.3339e-07 0
0.107711 1 41.5956 -2.63821e-08 0
0.107711 1 64.4947 -1.00658e-08 0
0.107711 1 100 -4.00276e-09 0
0.107711 1 155.052 -2.18569e-09 0
0.107711 1 240.41 -8.22178e-10 0
0.107711 1 372.759 -2.41924e-10 0
0.107711 1 577.969 -9.98607e-11 0
0.107711 1 896.151 -4.55917e-11 0
0.107711 1 1389.5 -1.42156e-11 0
0.107711 1 2154.43 -4.8813e-12 0
0.107711 1 3340.48 -1.9207e-12 0
0.107711 1 5179.47 -7.56288e-13 0
0.107711 1 8030.86 -2.94225e-13 0
0.107711 1 12452 -9.98351e-14 0
0.107711 1 19307 -3.56509e-14 0
0.107711 1 29935.8 -1.36833e-14 0
0.107711 1 46415.9 -5.20172e-15 0
0.107711 1 71968.6 -1.99575e-15 0
0.107711 1 111588 -7.96055e-16 0
0.107711 1 173020 -2.59951e-16 0
0.107711 1 268270 -9.14808e-17 0
0.107711 1 415956 -2.41132e-17 0
0.107711 1 644947 1.31073e-18 0
0.107711 1 1e+06 9.93921e-18 0

0.262636 1 1e-06 -11959 0
0.262636 1 1.55052e-06 -7712.77 0
0.262636 1 2.4041e-06 -4974.18 0
0.262636 1 3.72759e-06 -3207.94 0
0.262636 1 5.77969e-06 -2068.8 0
0.262636 1 8.96151e-06 -1334.12 0
0.262636 1 1.3895e-05 -860.294 0
0.262636 1 2.15443e-05 -554.7 0
0.262636 1 3.34048e-05 -357.608 0
0.262636 1 5.17947e-05 -230.494 0
0.262636 1 8.03086e-05 -148.512 0
0.262636 1 0.00012452 -95.6384 0
0.262636 1 0.00019307 -61.5377 0
0.262636 1 0.000299358 -39.5446 0
0.262636 1 0.000464159 -25.3605 0
0.262636 1 0.000719686 -16.2126 0
0.262636 1 0.00111588 -10.3132 0
0.262636 1 0.0017302 -6.50885 0
0.262636 1 0.0026827 -4.05613 0
0.262636 1 0.00415956 -2.47557 0
0.262636 1 0.00644947 -1.45821 0
0.262636 1 0.01 -0.805135 0
0.262636 1 0.0155052 -0.388585 0
0.262636 1 0.024041 -0.126869 0
0.262636 1 0.0372759 0.0317527 0
0.262636 1 0.0577969 0.119572 0
0.262636 1 0.0896151 0.156587 0
0.262636 1 0.13895 0.155784 0
0.262636 1 0.215443 0.127746 0
0.262636 1 0.334048 0.0847482 0
0.262636 1 0.517947 0.0419436 0
0.262636 1 0.803086 0.0127589 0
0.262636 1 1.2452 0.000841718 0
0.262636 1 1.9307 -0.000995028 0
0.262636 1 2.99358 -0.000519553 0
0.262636 1 4.64159 -0.000104124 0
0.262636 1 7.19686 -1.55925e-05 0
0.262636 1 11.1588 -6.53174e-06 0
0.262636 1 17.302 -5.87992e-07 0
0.262636 1 26.827 5.37866e-08 0
0.262636 1 41.5956 1.72193e-08 0
0.262636 1 64.4947 3.12721e-09 0
0.262636 1 100 2.3529e-10 0
0.262636 1 155.052 -4.04008e-10 0
0.262636 1 240.41 -2.08521e-10 0
0.262636 1 372.759 -6.61179e-11 0
0.262636 1 577.969 -3.22375e-11 0
0.262636 1 896.151 -1.63387e-11 0
0.262636 1 1389.5 -5.23064e-12 0
0.262636 1 2154.43 -1.84875e-12 0
0.262636 1 3340.48 -7.47231e-13 0
0.262636 1 5179.47 -2.99429e-13 0
0.262636 1 8030.86 -1.17856e-13 0
0.262636 1 12452 -4.03557e-14 0
0.262636 1 19307 -1.45228e-14 0
0.262636 1 29935.8 -5.60408e-15 0
0.262636 1 46415.9 -2.14001e-15 0
0.262636 1 71968.6 -8.2402e-16 0
0.262636 1 111588 -3.29343e-16 0
0.262636 1 173020 -1.08468e-16 0
0.262636 1 268270 -3.84348e-17 0
0.262636 1 415956 -1.03878e-17 0
0.262636 1 644947 2.34899e-19 0
0.262636 1 1e+06 3.87179e-18 0

0.6404 1 1e-06 -3726.49 0
0.6404 1 1.55052e-06 -2403.29 0
0.6404 1 2.4041e-06 -1549.9 0
0.6404 1 3.72759e-06 -999.51 0
0.6404 1 5.77969e-06 -644.536 0
0.6404 1 8.96151e-06 -415.597 0
0.6404 1 1.3895e-05 -267.943 0
0.6404 1 2.15443e-05 -172.715 0
0.6404 1 3.34048e-05 -111.297 0
0.6404 1 5.17947e-05 -71.6862 0
0.6404 1 8.03086e-05 -46.1393 0
0.6404 1 0.00012452 -29.6629 0
0.6404 1 0.00019307 -19.0366 0
0.6404 1 0.000299358 -12.1832 0
0.6404 1 0.000464159 -7.76322 0
0.6404 1 0.000719686 -4.91272 0
0.6404 1 0.00111588 -3.07451 0
0.6404 1 0.0017302 -1.88931 0
0.6404 1 0.0026827 -1.12544 0
0.6404 1 0.00415956 -0.633589 0
0.6404 1 0.00644947 -0.317607 0
0.6404 1 0.01 -0.115703 0
0.6404 1 0.0155052 0.0116492 0
0.6404 1 0.024041 0.0894913 0
0.6404 1 0.0372759 0.133373 0
0.6404 1 0.0577969 0.152619 0
0.6404 1 0.0896151 0.152637 0
0.6404 1 0.13895 0.136829 0
0.6404 1 0.215443 0.108593 0
0.6404 1 0.334048 0.0733792 0
0.6404 1 0.517947 0.0394534 0
0.6404 1 0.803086 0.015207 0
0.6404 1 1.2452 0.00358476 0
0.6404 1 1.9307 0.00034094 0
0.6404 1 2.99358 -7.30025e-05 0
0.6404 1 4.64159 -1.70732e-05 0
0.6404 1 7.19686 -8.61652e-07 0
0.6404 1 11.1588 -1.11473e-06 0
0.6404 1 17.302 1.61591e-07 0
0.6404 1 26.827 1.24358e-07 0
0.6404 1 41.5956 3.36161e-08 0
0.6404 1 64.4947 8.17956e-09 0
0.6404 1 100 1.88314e-09 0
0.6404 1 155.052 3.01585e-10 0
0.6404 1 240.41 3.57094e-11 0
0.6404 1 372.759 3.74529e-12 0
0.6404 1 577.969 -5.21241e-12 0
0.6404 1 896.151 -4.57944e-12 0
0.6404 1 1389.5 -1.62425e-12 0
0.6404 1 2154.43 -6.32454e-13 0
0.6404 1 3340.48 -2.76073e-13 0
0.6404 1 5179.47 -1.15885e-13 0
0.6404 1 8030.86 -4.69954e-14 0
0.6404 1 12452 -1.65238e-14 0
0.6404 1 19307 -6.07664e-15 0
0.6404 1 29935.8 -2.37739e-15 0
0.6404 1 46415.9 -9.18796e-16 0
0.6404 1 71968.6 -3.57201e-16 0
0.6404 1 111588 -1.43443e-16 0
0.6404 1 173020 -4.85037e-17 0
0.6404 1 268270 -1.75389e-17 0
0.6404 1 415956 -5.09402e-18 0
0.6404 1 644947 -3.32068e-19 0
0.6404 1 1e+06 1.34066e-18 0

1.56152 1 1e-06 -787.388 0
1.56152 1 1.55052e-06 -507.779 0
1.56152 1 2.4041e-06 -327.446 0
1.56152 1 3.72759e-06 -211.14 0
1.56152 1 5.77969e-06 -136.13 0
1.56152 1 8.96151e-06 -87.7518 0
1.56152 1 1.3895e-05 -56.5507 0
1.56152 1 2.15443e-05 -36.4276 0
1.56152 1 3.34048e-05 -23.4493 0
1.56152 1 5.17947e-05 -15.079 0
1.56152 1 8.03086e-05 -9.68059 0
1.56152 1 0.00012452 -6.19892 0
1.56152 1 0.00019307 -3.95345 0
1.56152 1 0.000299358 -2.50526 0
1.56152 1 0.000464159 -1.5713 0
1.56152 1 0.000719686 -0.969008 0
1.56152 1 0.00111588 -0.580657 0
1.56152 1 0.0017302 -0.330339 0
1.56152 1 0.0026827 -0.169127 0
1.56152 1 0.00415956 -0.0655064 0
1.56152 1 0.00644947 0.000780234 0
1.56152 1 0.01 0.0427006 0
1.56152 1 0.0155052 0.0684742 0
1.56152 1 0.024041 0.0831989 0
1.56152 1 0.0372759 0.0898908 0
1.56152 1 0.0577969 0.0901697 0
1.56152 1 0.0896151 0.0847771 0
1.56152 1 0.13895 0.0740929 0
1.56152 1 0.215443 0.0588103 0
1.56152 1 0.334048 0.040736 0
1.56152 1 0.517947 0.0231966 0
1.56152 1 0.803086 0.0100191 0
1.56152 1 1.2452 0.00299459 0
1.56152 1 1.9307 0.000572049 0
1.56152 1 2.99358 6.62284e-05 0
1.56152 1 4.64159 1.30918e-05 0
1.56152 1 7.19686 4.23789e-06 0
1.56152 1 11.1588 8.1821e-07 0
1.56152 1 17.302 3.96319e-07 0
1.56152 1 26.827 1.36549e-07 0
1.56152 1 41.5956 3.62497e-08 0
1.56152 1 64.4947 9.22725e-09 0
1.56152 1 100 2.29739e-09 0
1.56152 1 155.052 5.2152e-10 0
1.56152 1 240.41 1.17449e-10 0
1.56152 1 372.759 2.75883e-11 0
1.56152 1 577.969 4.53989e-12 0
1.56152 1 896.151 -1.47845e-13 0
1.56152 1 1389.5 -2.5218e-13 0
1.56152 1 2154.43 -1.64263e-13 0
1.56152 1 3340.48 -9.23895e-14 0
1.56152 1 5179.47 -4.37236e-14 0
1.56152 1 8030.86 -1.89814e-14 0
1.56152 1 12452 -7.08097e-15 0
1.56152 1 19307 -2.72286e-15 0
1.56152 1 29935.8 -1.09333e-15 0
1.56152 1 46415.9 -4.32083e-16 0
1.56152 1 71968.6 -1.70939e-16 0
1.56152 1 111588 -6.9189e-17 0
1.56152 1 173020 -2.4556e-17 0
1.56152 1 268270 -9.19255e-18 0
1.56152 1 415956 -2.98312e-18 0
1.56152 1 644947 -5.64636e-19 0
1.56152 1 1e+06 3.2243e-19 0

3.80755 1 1e-06 -83.3715 0
3.80755 1 1.55052e-06 -53.7614 0
3.80755 1 2.4041e-06 -34.6644 0
3.80755 1 3.72759e-06 -22.3479 0
3.80755 1 5.77969e-06 -14.4044 0
3.80755 1 8.96151e-06 -9.28127 0
3.80755 1 1.3895e-05 -5.97713 0
3.80755 1 2.15443e-05 -3.84613 0
3.80755 1 3.34048e-05 -2.47175 0
3.80755 1 5.17947e-05 -1.58535 0
3.80755 1 8.03086e-05 -1.01367 0
3.80755 1 0.00012452 -0.644967 0
3.80755 1 0.00019307 -0.407177 0
3.80755 1 0.000299358 -0.25382 0
3.80755 1 0.000464159 -0.15492 0
3.80755 1 0.000719686 -0.0911454 0
3.80755 1 0.00111588 -0.0500312 0
3.80755 1 0.0017302 -0.0235408 0
3.80755 1 0.0026827 -0.00649625 0
3.80755 1 0.00415956 0.00443431 0
3.80755 1 0.00644947 0.0113882 0
3.80755 1 0.01 0.0157263 0
3.80755 1 0.0155052 0.0183007 0
3.80755 1 0.024041 0.0196243 0
3.80755 1 0.0372759 0.0199782 0
3.80755 1 0.0577969 0.0194825 0
3.80755 1 0.0896151 0.0181533 0
3.80755 1 0.13895 0.0159683 0
3.80755 1 0.215443 0.0129687 0
3.80755 1 0.334048 0.00939474 0
3.80755 1 0.517947 0.00578163 0
3.80755 1 0.803086 0.00284036 0
3.80755 1 1.2452 0.00104115 0
3.80755 1 1.9307 0.000270145 0
3.80755 1 2.99358 5.37135e-05 0
3.80755 1 4.64159 1.34287e-05 0
3.80755 1 7.19686 4.03161e-06 0
3.80755 1 11.1588 1.05256e-06 0
3.80755 1 17.302 3.60532e-07 0
3.80755 1 26.827 1.10375e-07 0
3.80755 1 41.5956 2.9723e-08 0
3.80755 1 64.4947 7.77607e-09 0
3.80755 1 100 1.999e-09 0
3.80755 1 155.052 4.92719e-10 0
3.80755 1 240.41 1.20979e-10 0
3.80755 1 372.759 3.00294e-11 0
3.80755 1 577.969 6.70247e-12 0
3.80755 1 896.151 1.20013e-12 0
3.80755 1 1389.5 2.08127e-13 0
3.80755 1 2154.43 7.84009e-15 0
3.80755 1 3340.48 -2.01655e-14 0
3.80755 1 5179.47 -1.40934e-14 0
3.80755 1 8030.86 -7.12231e-15 0
3.80755 1 12452 -2.91656e-15 0
3.80755 1 19307 -1.1937e-15 0
3.80755 1 29935.8 -4.96834e-16 0
3.80755 1 46415.9 -2.01757e-16 0
3.80755 1 71968.6 -8.14106e-17 0
3.80755 1 111588 -3.32725e-17 0
3.80755 1 173020 -1.23088e-17 0
3.80755 1 268270 -4.73733e-18 0
3.80755 1 415956 -1.65837e-18 0
3.80755 1 644947 -4.409e-19 0
3.80755 1 1e+06 2.07685e-20 0

9.28415 1 1e-06 -3.7928 0
9.28415 1 1.55052e-06 -2.44577 0
9.28415 1 2.4041e-06 -1.57702 0
9.28415 1 3.72759e-06 -1.01671 0
9.28415 1 5.77969e-06 -0.655348 0
9.28415 1 8.96151e-06 -0.422287 0
9.28415 1 1.3895e-05 -0.271975 0
9.28415 1 2.15443e-05 -0.175031 0
9.28415 1 3.34048e-05 -0.112508 0
9.28415 1 5.17947e-05 -0.0721839 0
9.28415 1 8.03086e-05 -0.0461771 0
9.28415 1 0.00012452 -0.0294041 0
9.28415 1 0.00019307 -0.0185865 0
9.28415 1 0.000299358 -0.0116099 0
9.28415 1 0.000464159 -0.00711057 0
9.28415 1 0.000719686 -0.00420912 0
9.28415 1 0.00111588 -0.00233839 0
9.28415 1 0.0017302 -0.00113274 0
9.28415 1 0.0026827 -0.000356492 0
9.28415 1 0.00415956 0.000142082 0
9.28415 1 0.00644947 0.000460456 0
9.28415 1 0.01 0.000660911 0
9.28415 1 0.0155052 0.000782743 0
9.28415 1 0.024041 0.00085004 0
9.28415 1 0.0372759 0.000876592 0
9.28415 1 0.0577969 0.000869037 0
9.28415 1 0.0896151 0.00082913 0
9.28415 1 0.13895 0.000755964 0
9.28415 1 0.215443 0.000649068 0
9.28415 1 0.334048 0.000512873 0
9.28415 1 0.517947 0.000361192 0
9.28415 1 0.803086 0.000217544 0
9.28415 1 1.2452 0.000106774 0
9.28415 1 1.9307 4.12926e-05 0
9.28415 1 2.99358 1.40354e-05 0
9.28415 1 4.64159 5.11926e-06 0
9.28415 1 7.19686 1.89494e-06 0
9.28415 1 11.1588 5.98598e-07 0
9.28415 1 17.302 2.07925e-07 0
9.28415 1 26.827 6.58009e-08 0
9.28415 1 41.5956 1.86963e-08 0
9.28415 1 64.4947 5.11389e-09 0
9.28415 1 100 1.36334e-09 0
9.28415 1 155.052 3.51876e-10 0
9.28415 1 240.41 9.01128e-11 0
9.28415 1 372.759 2.30813e-11 0
9.28415 1 577.969 5.61203e-12 0
9.28415 1 896.151 1.2572e-12 0
9.28415 1 1389.5 2.84856e-13 0
9.28415 1 2154.43 5.50999e-14 0
9.28415 1 3340.48 5.29384e-15 0
9.28415 1 5179.47 -2.25582e-15 0
9.28415 1 8030.86 -2.01953e-15 0
9.28415 1 12452 -9.85712e-16 0
9.28415 1 19307 -4.44659e-16 0
9.28415 1 29935.8 -1.95694e-16 0
9.28415 1 46415.9 -8.2289e-17 0
9.28415 1 71968.6 -3.39695e-17 0
9.28415 1 111588 -1.40707e-17 0
9.28415 1 173020 -5.32746e-18 0
9.28415 1 268270 -2.08229e-18 0
9.28415 1 415956 -7.52572e-19 0
9.28415 1 644947 -2.2164e-19 0
9.28415 1 1e+06 -1.70174e-20 0

22.638 1 1e-06 -0.139785 0
22.638 1 1.55052e-06 -0.0901499 0
22.638 1 2.4041e-06 -0.0581381 0
22.638 1 3.72759e-06 -0.0374922 0
22.638 1 5.77969e-06 -0.0241766 0
22.638 1 8.96151e-06 -0.0155888 0
22.638 1 1.3895e-05 -0.0100502 0
22.638 1 2.15443e-05 -0.00647803 0
22.638 1 3.34048e-05 -0.00417418 0
22.638 1 5.17947e-05 -0.00268832 0
22.638 1 8.03086e-05 -0.00173003 0
22.638 1 0.00012452 -0.00111198 0
22.638 1 0.00019307 -0.000713366 0
22.638 1 0.000299358 -0.000456285 0
22.638 1 0.000464159 -0.000290483 0
22.638 1 0.000719686 -0.000183551 0
22.638 1 0.00111588 -0.000114588 0
22.638 1 0.0017302 -7.01148e-05 0
22.638 1 0.0026827 -4.14384e-05 0
22.638 1 0.00415956 -2.29536e-05 0
22.638 1 0.00644947 -1.10472e-05 0
22.638 1 0.01 -3.39181e-06 0
22.638 1 0.0155052 1.50937e-06 0
22.638 1 0.024041 4.61526e-06 0
22.638 1 0.0372759 6.53514e-06 0
22.638 1 0.0577969 7.64925e-06 0
22.638 1 0.0896151 8.18657e-06 0
22.638 1 0.13895 8.27616e-06 0
22.638 1 0.215443 7.98462e-06 0
22.638 1 0.334048 7.34911e-06 0
22.638 1 0.517947 6.40785e-06 0
22.638 1 0.803086 5.22343e-06 0
22.638 1 1.2452 3.88898e-06 0
22.638 1 1.9307 2.56785e-06 0
22.638 1 2.99358 1.53329e-06 0
22.638 1 4.64159 8.49977e-07 0
22.638 1 7.19686 4.25839e-07 0
22.638 1 11.1588 1.7398e-07 0
22.638 1 17.302 7.10312e-08 0
22.638 1 26.827 2.59346e-08 0
22.638 1 41.5956 8.28109e-09 0
22.638 1 64.4947 2.47377e-09 0
22.638 1 100 7.04275e-10 0
22.638 1 155.052 1.92101e-10 0
22.638 1 240.41 5.14303e-11 0
22.638 1 372.759 1.36361e-11 0
22.638 1 577.969 3.47865e-12 0
22.638 1 896.151 8.45037e-13 0
22.638 1 1389.5 2.07102e-13 0
22.638 1 2154.43 4.72555e-14 0
22.638 1 3340.48 8.95e-15 0
22.638 1 5179.47 9.48546e-16 0
22.638 1 8030.86 -3.07008e-16 0
22.638 1 12452 -2.61613e-16 0
22.638 1 19307 -1.42897e-16 0
22.638 1 29935.8 -6.90495e-17 0
22.638 1 46415.9 -3.05268e-17 0
22.638 1 71968.6 -1.29863e-17 0
22.638 1 111588 -5.48077e-18 0
22.638 1 173020 -2.10768e-18 0
22.638 1 268270 -8.32866e-19 0
22.638 1 415956 -3.05203e-19 0
22.638 1 644947 -9.27946e-20 0
22.638 1 1e+06 -1.02085e-20 0

55.1995 1 1e-06 -0.00885792 0
55.1995 1 1.55052e-06 -0.00571281 0
55.1995 1 2.4041e-06 -0.00368438 0
55.1995 1 3.72759e-06 -0.00237615 0
55.1995 1 5.77969e-06 -0.00153241 0
55.1995 1 8.96151e-06 -0.00098824 0
55.1995 1 1.3895e-05 -0.000637282 0
55.1995 1 2.15443e-05 -0.000410933 0
55.1995 1 3.34048e-05 -0.000264949 0
55.1995 1 5.17947e-05 -0.000170798 0
55.1995 1 8.03086e-05 -0.000110075 0
55.1995 1 0.00012452 -7.09123e-05 0
55.1995 1 0.00019307 -4.56543e-05 0
55.1995 1 0.000299358 -2.93643e-05 0
55.1995 1 0.000464159 -1.88581e-05 0
55.1995 1 0.000719686 -1.20822e-05 0
55.1995 1 0.00111588 -7.71212e-06 0
55.1995 1 0.0017302 -4.8937e-06 0
55.1995 1 0.0026827 -3.07602e-06 0
55.1995 1 0.00415956 -1.90382e-06 0
55.1995 1 0.00644947 -1.14795e-06 0
55.1995 1 0.01 -6.6069e-07 0
55.1995 1 0.0155052 -3.46777e-07 0
55.1995 1 0.024041 -1.44846e-07 0
55.1995 1 0.0372759 -1.54041e-08 0
55.1995 1 0.0577969 6.69037e-08 0
55.1995 1 0.0896151 1.18289e-07 0
55.1995 1 0.13895 1.49052e-07 0
55.1995 1 0.215443 1.65729e-07 0
55.1995 1 0.334048 1.72567e-07 0
55.1995 1 0.517947 1.7244e-07 0
55.1995 1 0.803086 1.66839e-07 0
55.1995 1 1.2452 1.54473e-07 0
55.1995 1 1.9307 1.32557e-07 0
55.1995 1 2.99358 1.04701e-07 0
55.1995 1 4.64159 7.82319e-08 0
55.1995 1 7.19686 5.30844e-08 0
55.1995 1 11.1588 2.98185e-08 0
55.1995 1 17.302 1.5839e-08 0
55.1995 1 26.827 7.40169e-09 0
55.1995 1 41.5956 2.92315e-09 0
55.1995 1 64.4947 1.03516e-09 0
55.1995 1 100 3.35737e-10 0
55.1995 1 155.052 1.01318e-10 0
55.1995 1 240.41 2.92714e-11 0
55.1995 1 372.759 8.21359e-12 0
55.1995 1 577.969 2.21515e-12 0
55.1995 1 896.151 5.75631e-13 0
55.1995 1 1389.5 1.49692e-13 0
55.1995 1 2154.43 3.74226e-14 0
55.1995 1 3340.48 8.67025e-15 0
55.1995 1 5179.47 1.77198e-15 0
55.1995 1 8030.86 2.56761e-16 0
55.1995 1 12452 -1.92849e-18 0
55.1995 1 19307 -2.94555e-17 0
55.1995 1 29935.8 -2.01528e-17 0
55.1995 1 46415.9 -1.02046e-17 0
55.1995 1 71968.6 -4.65758e-18 0
55.1995 1 111588 -2.04895e-18 0
55.1995 1 173020 -8.06506e-19 0
55.1995 1 268270 -3.2408e-19 0
55.1995 1 415956 -1.20197e-19 0
55.1995 1 644947 -3.70208e-20 0
55.1995 1 1e+06 -4.36758e-21 0

134.596 1 1e-06 -0.000749591 0
134.596 1 1.55052e-06 -0.000483445 0
134.596 1 2.4041e-06 -0.000311794 0
134.596 1 3.72759e-06 -0.000201089 0
134.596 1 5.77969e-06 -0.00012969 0
134.596 1 8.96151e-06 -8.36416e-05 0
134.596 1 1.3895e-05 -5.39428e-05 0
134.596 1 2.15443e-05 -3.47886e-05 0
134.596 1 3.34048e-05 -2.24351e-05 0
134.596 1 5.17947e-05 -1.44678e-05 0
134.596 1 8.03086e-05 -9.32936e-06 0
134.596 1 0.00012452 -6.01531e-06 0
134.596 1 0.00019307 -3.87793e-06 0
134.596 1 0.000299358 -2.49943e-06 0
134.596 1 0.000464159 -1.61037e-06 0
134.596 1 0.000719686 -1.03698e-06 0
134.596 1 0.00111588 -6.67168e-07 0
134.596 1 0.0017302 -4.28663e-07 0
134.596 1 0.0026827 -2.74841e-07 0
134.596 1 0.00415956 -1.75637e-07 0
134.596 1 0.00644947 -1.11659e-07 0
134.596 1 0.01 -7.04028e-08 0
134.596 1 0.0155052 -4.38035e-08 0
134.596 1 0.024041 -2.66616e-08 0
134.596 1 0.0372759 -1.56255e-08 0
134.596 1 0.0577969 -8.53576e-09 0
134.596 1 0.0896151 -4.00146e-09 0
134.596 1 0.13895 -1.1255e-09 0
134.596 1 0.215443 6.75686e-10 0
134.596 1 0.334048 1.79462e-09 0
134.596 1 0.517947 2.50954e-09 0
134.596 1 0.803086 3.00335e-09 0
134.596 1 1.2452 3.29484e-09 0
134.596 1 1.9307 3.25574e-09 0
134.596 1 2.99358 2.95253e-09 0
134.596 1 4.64159 2.74692e-09 0
134.596 1 7.19686 2.40009e-09 0
134.596 1 11.1588 1.73519e-09 0
134.596 1 17.302 1.24522e-09 0
134.596 1 26.827 8.04145e-10 0
134.596 1 41.5956 4.24457e-10 0
134.596 1 64.4947 1.94515e-10 0
134.596 1 100 7.83191e-11 0
134.596 1 155.052 2.81519e-11 0
134.596 1 240.41 9.35218e-12 0
134.596 1 372.759 2.93055e-12 0
134.596 1 577.969 8.63819e-13 0
134.596 1 896.151 2.42569e-13 0
134.596 1 1389.5 6.74615e-14 0
134.596 1 2154.43 1.80047e-14 0
134.596 1 3340.48 4.52362e-15 0
134.596 1 5179.47 1.05081e-15 0
134.596 1 8030.86 2.08623e-16 0
134.596 1 12452 3.08706e-17 0
134.596 1 19307 -2.53826e-18 0
134.596 1 29935.8 -5.39598e-18 0
134.596 1 46415.9 -3.32221e-18 0
134.596 1 71968.6 -1.64843e-18 0
134.596 1 111588 -7.59314e-19 0
134.596 1 173020 -3.06161e-19 0
134.596 1 268270 -1.25203e-19 0
134.596 1 415956 -4.69716e-20 0
134.596 1 644947 -1.45983e-20 0
134.596 1 1e+06 -1.76357e-21 0

328.193 1 1e-06 -7.85777e-05 0
328.193 1 1.55052e-06 -5.06784e-05 0
328.193 1 2.4041e-06 -3.26848e-05 0
328.193 1 3.72759e-06 -2.10799e-05 0
328.193 1 5.77969e-06 -1.35954e-05 0
328.193 1 8.96151e-06 -8.76829e-06 0
328.193 1 1.3895e-05 -5.65505e-06 0
328.193 1 2.15443e-05 -3.64718e-06 0
328.193 1 3.34048e-05 -2.35221e-06 0
328.193 1 5.17947e-05 -1.51702e-06 0
328.193 1 8.03086e-05 -9.78373e-07 0
328.193 1 0.00012452 -6.30972e-07 0
328.193 1 0.00019307 -4.06917e-07 0
328.193 1 0.000299358 -2.62413e-07 0
328.193 1 0.000464159 -1.69216e-07 0
328.193 1 0.000719686 -1.09109e-07 0
328.193 1 0.00111588 -7.03432e-08 0
328.193 1 0.0017302 -4.53414e-08 0
328.193 1 0.0026827 -2.92166e-08 0
328.193 1 0.00415956 -1.8817e-08 0
328.193 1 0.00644947 -1.21101e-08 0
328.193 1 0.01 -7.78472e-09 0
328.193 1 0.0155052 -4.9955e-09 0
328.193 1 0.024041 -3.1972e-09 0
328.193 1 0.0372759 -2.03828e-09 0
328.193 1 0.0577969 -1.29207e-09 0
328.193 1 0.0896151 -8.12459e-10 0
328.193 1 0.13895 -5.05118e-10 0
328.193 1 0.215443 -3.08857e-10 0
328.193 1 0.334048 -1.8319e-10 0
328.193 1 0.517947 -1.00362e-10 0
328.193 1 0.803086 -4.15684e-11 0
328.193 1 1.2452 1.01334e-12 0
328.193 1 1.9307 2.42783e-11 0
328.193 1 2.99358 3.22734e-11 0
328.193 1 4.64159 4.94713e-11 0
328.193 1 7.19686 6.30931e-11 0
328.193 1 11.1588 5.48795e-11 0
328.193 1 17.302 5.38944e-11 0
328.193 1 26.827 4.92017e-11 0
328.193 1 41.5956 3.49891e-11 0
328.193 1 64.4947 2.17897e-11 0
328.193 1 100 1.18681e-11 0
328.193 1 155.052 5.65496e-12 0
328.193 1 240.41 2.41153e-12 0
328.193 1 372.759 9.31135e-13 0
328.193 1 577.969 3.25002e-13 0
328.193 1 896.151 1.05145e-13 0
328.193 1 1389.5 3.28134e-14 0
328.193 1 2154.43 9.68827e-15 0
328.193 1 3340.48 2.70653e-15 0
328.193 1 5179.47 7.17852e-16 0
328.193 1 8030.86 1.7692e-16 0
328.193 1 12452 4.05682e-17 0
328.193 1 19307 7.26457e-18 0
328.193 1 29935.8 2.21718e-19 0
328.193 1 46415.9 -6.55911e-19 0
328.193 1 71968.6 -4.72032e-19 0
328.193 1 111588 -2.5248e-19 0
328.193 1 173020 -1.08717e-19 0
328.193 1 268270 -4.65009e-20 0
328.193 1 415956 -1.78952e-20 0
328.193 1 644947 -5.62994e-21 0
328.193 1 1e+06 -6.58905e-22 0

800.25 1 1e-06 -9.54891e-06 0
800.25 1 1.55052e-06 -6.15854e-06 0
800.25 1 2.4041e-06 -3.97193e-06 0
800.25 1 3.72759e-06 -2.56168e-06 0
800.25 1 5.77969e-06 -1.65215e-06 0
800.25 1 8.96151e-06 -1.06555e-06 0
800.25 1 1.3895e-05 -6.8722e-07 0
800.25 1 2.15443e-05 -4.4322e-07 0
800.25 1 3.34048e-05 -2.85853e-07 0
800.25 1 5.17947e-05 -1.84359e-07 0
800.25 1 8.03086e-05 -1.18902e-07 0
800.25 1 0.00012452 -7.66847e-08 0
800.25 1 0.00019307 -4.94571e-08 0
800.25 1 0.000299358 -3.18967e-08 0
800.25 1 0.000464159 -2.05713e-08 0
800.25 1 0.000719686 -1.32669e-08 0
800.25 1 0.00111588 -8.55602e-09 0
800.25 1 0.0017302 -5.51774e-09 0
800.25 1 0.0026827 -3.55821e-09 0
800.25 1 0.00415956 -2.29443e-09 0
800.25 1 0.00644947 -1.47937e-09 0
800.25 1 0.01 -9.53715e-10 0
800.25 1 0.0155052 -6.14719e-10 0
800.25 1 0.024041 -3.9612e-10 0
800.25 1 0.0372759 -2.55187e-10 0
800.25 1 0.0577969 -1.64365e-10 0
800.25 1 0.0896151 -1.05885e-10 0
800.25 1 0.13895 -6.82831e-11 0
800.25 1 0.215443 -4.41446e-11 0
800.25 1 0.334048 -2.86268e-11 0
800.25 1 0.517947 -1.85062e-11 0
800.25 1 0.803086 -1.1633e-11 0
800.25 1 1.2452 -6.84521e-12 0
800.25 1 1.9307 -3.89988e-12 0
800.25 1 2.99358 -2.35565e-12 0
800.25 1 4.64159 -4.85751e-13 0
800.25 1 7.19686 1.1884e-12 0
800.25 1 11.1588 1.383e-12 0
800.25 1 17.302 2.08353e-12 0
800.25 1 26.827 2.65247e-12 0
800.25 1 41.5956 2.35319e-12 0
800.25 1 64.4947 1.87721e-12 0
800.25 1 100 1.35006e-12 0
800.25 1 155.052 8.6096e-13 0
800.25 1 240.41 4.88979e-13 0
800.25 1 372.759 2.4495e-13 0
800.25 1 577.969 1.07118e-13 0
800.25 1 896.151 4.21053e-14 0
800.25 1 1389.5 1.54046e-14 0
800.25 1 2154.43 5.19113e-15 0
800.25 1 3340.48 1.63533e-15 0
800.25 1 5179.47 4.89029e-16 0
800.25 1 8030.86 1.38596e-16 0
800.25 1 12452 3.7733e-17 0
800.25 1 19307 9.45557e-18 0
800.25 1 29935.8 2.029e-18 0
800.25 1 46415.9 3.01055e-19 0
800.25 1 71968.6 -2.79249e-20 0
800.25 1 111588 -5.57734e-20 0
800.25 1 173020 -3.09407e-20 0
800.25 1 268270 -1.51842e-20 0
800.25 1 415956 -6.24399e-21 0
800.25 1 644947 -2.00972e-21 0
800.25 1 1e+06 -1.96756e-22 0

1951.29 1 1e-06 -1.27139e-06 0
1951.29 1 1.55052e-06 -8.1998e-07 0
1951.29 1 2.4041e-06 -5.28843e-07 0
1951.29 1 3.72759e-06 -3.41076e-07 0
1951.29 1 5.77969e-06 -2.19976e-07 0
1951.29 1 8.96151e-06 -1.41873e-07 0
1951.29 1 1.3895e-05 -9.15003e-08 0
1951.29 1 2.15443e-05 -5.90128e-08 0
1951.29 1 3.34048e-05 -3.80601e-08 0
1951.29 1 5.17947e-05 -2.45467e-08 0
1951.29 1 8.03086e-05 -1.58313e-08 0
1951.29 1 0.00012452 -1.02104e-08 0
1951.29 1 0.00019307 -6.58516e-09 0
1951.29 1 0.000299358 -4.24708e-09 0
1951.29 1 0.000464159 -2.73914e-09 0
1951.29 1 0.000719686 -1.76661e-09 0
1951.29 1 0.00111588 -1.13937e-09 0
1951.29 1 0.0017302 -7.3484e-10 0
1951.29 1 0.0026827 -4.73938e-10 0
1951.29 1 0.00415956 -3.05671e-10 0
1951.29 1 0.00644947 -1.97148e-10 0
1951.29 1 0.01 -1.27157e-10 0
1951.29 1 0.0155052 -8.20187e-11 0
1951.29 1 0.024041 -5.29089e-11 0
1951.29 1 0.0372759 -3.41379e-11 0
1951.29 1 0.0577969 -2.20361e-11 0
1951.29 1 0.0896151 -1.42371e-11 0
1951.29 1 0.13895 -9.21428e-12 0
1951.29 1 0.215443 -5.98194e-12 0
1951.29 1 0.334048 -3.90049e-12 0
1951.29 1 0.517947 -2.55113e-12 0
1951.29 1 0.803086 -1.65884e-12 0
1951.29 1 1.2452 -1.05944e-12 0
1951.29 1 1.9307 -6.79587e-13 0
1951.29 1 2.99358 -4.56525e-13 0
1951.29 1 4.64159 -2.55251e-13 0
1951.29 1 7.19686 -8.81035e-14 0
1951.29 1 11.1588 -3.41052e-14 0
1951.29 1 17.302 4.56496e-14 0
1951.29 1 26.827 1.18688e-13 0
1951.29 1 41.5956 1.28557e-13 0
1951.29 1 64.4947 1.23321e-13 0
1951.29 1 100 1.09147e-13 0
1951.29 1 155.052 8.76306e-14 0
1951.29 1 240.41 6.40953e-14 0
1951.29 1 372.759 4.19204e-14 0
1951.29 1 577.969 2.3943e-14 0
1951.29 1 896.151 1.21579e-14 0
1951.29 1 1389.5 5.56933e-15 0
1951.29 1 2154.43 2.26826e-15 0
1951.29 1 3340.48 8.38305e-16 0
1951.29 1 5179.47 2.8767e-16 0
1951.29 1 8030.86 9.24436e-17 0
1951.29 1 12452 2.82764e-17 0
1951.29 1 19307 8.13805e-18 0
1951.29 1 29935.8 2.18293e-18 0
1951.29 1 46415.9 5.38181e-19 0
1951.29 1 71968.6 1.12966e-19 0
1951.29 1 111588 1.38552e-20 0
1951.29 1 173020 -1.99676e-21 0
1951.29 1 268270 -3.14173e-21 0
1951.29 1 415956 -1.67987e-21 0
1951.29 1 644947 -5.77431e-22 0
1951.29 1 1e+06 -1.49775e-23 0

4757.94 1 1e-06 -1.79145e-07 0
4757.94 1 1.55052e-06 -1.15539e-07 0
4757.94 1 2.4041e-06 -7.45164e-08 0
4757.94 1 3.72759e-06 -4.80591e-08 0
4757.94 1 5.77969e-06 -3.09956e-08 0
4757.94 1 8.96151e-06 -1.99905e-08 0
4757.94 1 1.3895e-05 -1.28928e-08 0
4757.94 1 2.15443e-05 -8.31517e-09 0
4757.94 1 3.34048e-05 -5.36284e-09 0
4757.94 1 5.17947e-05 -3.45875e-09 0
4757.94 1 8.03086e-05 -2.23071e-09 0
4757.94 1 0.00012452 -1.43869e-09 0
4757.94 1 0.00019307 -9.27879e-10 0
4757.94 1 0.000299358 -5.98434e-10 0
4757.94 1 0.000464159 -3.85959e-10 0
4757.94 1 0.000719686 -2.48924e-10 0
4757.94 1 0.00111588 -1.60544e-10 0
4757.94 1 0.0017302 -1.03543e-10 0
4757.94 1 0.0026827 -6.67808e-11 0
4757.94 1 0.00415956 -4.30711e-11 0
4757.94 1 0.00644947 -2.77797e-11 0
4757.94 1 0.01 -1.79176e-11 0
4757.94 1 0.0155052 -1.15571e-11 0
4757.94 1 0.024041 -7.45515e-12 0
4757.94 1 0.0372759 -4.80979e-12 0
4757.94 1 0.0577969 -3.10396e-12 0
4757.94 1 0.0896151 -2.00418e-12 0
4757.94 1 0.13895 -1.29534e-12 0
4757.94 1 0.215443 -8.38632e-13 0
4757.94 1 0.334048 -5.44293e-13 0
4757.94 1 0.517947 -3.54021e-13 0
4757.94 1 0.803086 -2.29882e-13 0
4757.94 1 1.2452 -1.48235e-13 0
4757.94 1 1.9307 -9.59617e-14 0
4757.94 1 2.99358 -6.36734e-14 0
4757.94 1 4.64159 -3.91064e-14 0
4757.94 1 7.19686 -2.06584e-14 0
4757.94 1 11.1588 -1.22316e-14 0
4757.94 1 17.302 -3.6957e-15 0
4757.94 1 26.827 3.61144e-15 0
4757.94 1 41.5956 6.07329e-15 0
4757.94 1 64.4947 7.21202e-15 0
4757.94 1 100 7.60466e-15 0
4757.94 1 155.052 7.26836e-15 0
4757.94 1 240.41 6.46176e-15 0
4757.94 1 372.759 5.31486e-15 0
4757.94 1 577.969 3.91981e-15 0
4757.94 1 896.151 2.59239e-15 0
4757.94 1 1389.5 1.52846e-15 0
4757.94 1 2154.43 7.85143e-16 0
4757.94 1 3340.48 3.55345e-16 0
4757.94 1 5179.47 1.44777e-16 0
4757.94 1 8030.86 5.38234e-17 0
4757.94 1 12452 1.85841e-17 0
4757.94 1 19307 5.97849e-18 0
4757.94 1 29935.8 1.80857e-18 0
4757.94 1 46415.9 5.18967e-19 0
4757.94 1 71968.6 1.39937e-19 0
4757.94 1 111588 3.42609e-20 0
4757.94 1 173020 7.72071e-21 0
4757.94 1 268270 1.22491e-21 0
4757.94 1 415956 4.09079e-23 0
4757.94 1 644947 -2.83548e-23 0
4757.94 1 1e+06 5.15085e-23 0

11601.6 1 1e-06 -2.58897e-08 0
11601.6 1 1.55052e-06 -1.66975e-08 0
11601.6 1 2.4041e-06 -1.0769e-08 0
11601.6 1 3.72759e-06 -6.94543e-09 0
11601.6 1 5.77969e-06 -4.47943e-09 0
11601.6 1 8.96151e-06 -2.889e-09 0
11601.6 1 1.3895e-05 -1.86325e-09 0
11601.6 1 2.15443e-05 -1.2017e-09 0
11601.6 1 3.34048e-05 -7.7503e-10 0
11601.6 1 5.17947e-05 -4.99853e-10 0
11601.6 1 8.03086e-05 -3.22379e-10 0
11601.6 1 0.00012452 -2.07917e-10 0
11601.6 1 0.00019307 -1.34096e-10 0
11601.6 1 0.000299358 -8.64846e-11 0
11601.6 1 0.000464159 -5.57781e-11 0
11601.6 1 0.000719686 -3.5974e-11 0
11601.6 1 0.00111588 -2.32014e-11 0
11601.6 1 0.0017302 -1.49638e-11 0
11601.6 1 0.0026827 -9.65098e-12 0
11601.6 1 0.00415956 -6.22449e-12 0
11601.6 1 0.00644947 -4.01459e-12 0
11601.6 1 0.01 -2.58932e-12 0
11601.6 1 0.0155052 -1.67011e-12 0
11601.6 1 0.024041 -1.07728e-12 0
11601.6 1 0.0372759 -6.94944e-13 0
11601.6 1 0.0577969 -4.48379e-13 0
11601.6 1 0.0896151 -2.89382e-13 0
11601.6 1 0.13895 -1.86868e-13 0
11601.6 1 0.215443 -1.20782e-13 0
11601.6 1 0.334048 -7.81738e-14 0
11601.6 1 0.517947 -5.06652e-14 0
11601.6 1 0.803086 -3.28303e-14 0
11601.6 1 1.2452 -2.12228e-14 0
11601.6 1 1.9307 -1.37603e-14 0
11601.6 1 2.99358 -9.04136e-15 0
11601.6 1 4.64159 -5.75175e-15 0
11601.6 1 7.19686 -3.45407e-15 0
11601.6 1 11.1588 -2.20007e-15 0
11601.6 1 17.302 -1.1826e-15 0
11601.6 1 26.827 -3.96387e-16 0
11601.6 1 41.5956 -3.1724e-17 0
11601.6 1 64.4947 1.85288e-16 0
11601.6 1 100 3.20069e-16 0
11601.6 1 155.052 3.86654e-16 0
11601.6 1 240.41 4.09861e-16 0
11601.6 1 372.759 4.0232e-16 0
11601.6 1 577.969 3.59531e-16 0
11601.6 1 896.151 2.94279e-16 0
11601.6 1 1389.5 2.20278e-16 0
11601.6 1 2154.43 1.46126e-16 0
11601.6 1 3340.48 8.53181e-17 0
11601.6 1 5179.47 4.41608e-17 0
11601.6 1 8030.86 2.03793e-17 0
11601.6 1 12452 8.46521e-18 0
11601.6 1 19307 3.18027e-18 0
11601.6 1 29935.8 1.0998e-18 0
11601.6 1 46415.9 3.56559e-19 0
11601.6 1 71968.6 1.09088e-19 0
11601.6 1 111588 3.143e-20 0
11601.6 1 173020 8.74102e-21 0
11601.6 1 268270 2.23338e-21 0
11601.6 1 415956 5.40901e-22 0
11601.6 1 644947 1.43286e-22 0
11601.6 1 1e+06 6.53936e-23 0

28288.7 1 1e-06 -3.82397e-09 0
28288.7 1 1.55052e-06 -2.46626e-09 0
28288.7 1 2.4041e-06 -1.59061e-09 0
28288.7 1 3.72759e-06 -1.02586e-09 0
28288.7 1 5.77969e-06 -6.61622e-10 0
28288.7 1 8.96151e-06 -4.26711e-10 0
28288.7 1 1.3895e-05 -2.75206e-10 0
28288.7 1 2.15443e-05 -1.77493e-10 0
28288.7 1 3.34048e-05 -1.14474e-10 0
28288.7 1 5.17947e-05 -7.38294e-11 0
28288.7 1 8.03086e-05 -4.7616e-11 0
28288.7 1 0.00012452 -3.07098e-11 0
28288.7 1 0.00019307 -1.98062e-11 0
28288.7 1 0.000299358 -1.2774e-11 0
28288.7 1 0.000464159 -8.23853e-12 0
28288.7 1 0.000719686 -5.31342e-12 0
28288.7 1 0.00111588 -3.42688e-12 0
28288.7 1 0.0017302 -2.21017e-12 0
28288.7 1 0.0026827 -1.42545e-12 0
28288.7 1 0.00415956 -9.19348e-13 0
28288.7 1 0.00644947 -5.9294e-13 0
28288.7 1 0.01 -3.82425e-13 0
28288.7 1 0.0155052 -2.46654e-13 0
28288.7 1 0.024041 -1.5909e-13 0
28288.7 1 0.0372759 -1.02617e-13 0
28288.7 1 0.0577969 -6.61957e-14 0
28288.7 1 0.0896151 -4.27077e-14 0
28288.7 1 0.13895 -2.75611e-14 0
28288.7 1 0.215443 -1.77944e-14 0
28288.7 1 0.334048 -1.14963e-14 0
28288.7 1 0.517947 -7.43243e-15 0
28288.7 1 0.803086 -4.80531e-15 0
28288.7 1 1.2452 -3.10399e-15 0
28288.7 1 1.9307 -2.00825e-15 0
28288.7 1 2.99358 -1.3078e-15 0
28288.7 1 4.64159 -8.39759e-16 0
28288.7 1 7.19686 -5.26117e-16 0
28288.7 1 11.1588 -3.38928e-16 0
28288.7 1 17.302 -2.04275e-16 0
28288.7 1 26.827 -1.08535e-16 0
28288.7 1 41.5956 -5.60941e-17 0
28288.7 1 64.4947 -2.31944e-17 0
28288.7 1 100 -1.83356e-18 0
28288.7 1 155.052 1.11884e-17 0
28288.7 1 240.41 1.90388e-17 0
28288.7 1 372.759 2.37058e-17 0
28288.7 1 577.969 2.52237e-17 0
28288.7 1 896.151 2.43651e-17 0
28288.7 1 1389.5 2.1977e-17 0
28288.7 1 2154.43 1.81293e-17 0
28288.7 1 3340.48 1.34952e-17 0
28288.7 1 5179.47 9.01218e-18 0
28288.7 1 8030.86 5.36173e-18 0
28288.7 1 12452 2.82065e-18 0
28288.7 1 19307 1.30471e-18 0
28288.7 1 29935.8 5.38355e-19 0
28288.7 1 46415.9 2.02449e-19 0
28288.7 1 71968.6 7.0439e-20 0
28288.7 1 111588 2.29337e-20 0
28288.7 1 173020 7.15435e-21 0
28288.7 1 268270 2.1084e-21 0
28288.7 1 415956 6.02929e-22 0
28288.7 1 644947 1.76127e-22 0
28288.7 1 1e+06 6.14866e-23 0

68977.9 1 1e-06 -5.72581e-10 0
68977.9 1 1.55052e-06 -3.69284e-10 0
68977.9 1 2.4041e-06 -2.38169e-10 0
68977.9 1 3.72759e-06 -1.53606e-10 0
68977.9 1 5.77969e-06 -9.90677e-11 0
68977.9 1 8.96151e-06 -6.38934e-11 0
68977.9 1 1.3895e-05 -4.12078e-11 0
68977.9 1 2.15443e-05 -2.65769e-11 0
68977.9 1 3.34048e-05 -1.71407e-11 0
68977.9 1 5.17947e-05 -1.10548e-11 0
68977.9 1 8.03086e-05 -7.12976e-12 0
68977.9 1 0.00012452 -4.59832e-12 0
68977.9 1 0.00019307 -2.96567e-12 0
68977.9 1 0.000299358 -1.9127e-12 0
68977.9 1 0.000464159 -1.23359e-12 0
68977.9 1 0.000719686 -7.95601e-13 0
68977.9 1 0.00111588 -5.13121e-13 0
68977.9 1 0.0017302 -3.30936e-13 0
68977.9 1 0.0026827 -2.13437e-13 0
68977.9 1 0.00415956 -1.37656e-13 0
68977.9 1 0.00644947 -8.87817e-14 0
68977.9 1 0.01 -5.72603e-14 0
68977.9 1 0.0155052 -3.69307e-14 0
68977.9 1 0.024041 -2.38192e-14 0
68977.9 1 0.0372759 -1.5363e-14 0
68977.9 1 0.0577969 -9.90934e-15 0
68977.9 1 0.0896151 -6.39211e-15 0
68977.9 1 0.13895 -4.12382e-15 0
68977.9 1 0.215443 -2.66102e-15 0
68977.9 1 0.334048 -1.71765e-15 0
68977.9 1 0.517947 -1.10911e-15 0
68977.9 1 0.803086 -7.16217e-16 0
68977.9 1 1.2452 -4.62361e-16 0
68977.9 1 1.9307 -2.98736e-16 0
68977.9 1 2.99358 -1.93622e-16 0
68977.9 1 4.64159 -1.24748e-16 0
68977.9 1 7.19686 -7.95405e-17 0
68977.9 1 11.1588 -5.13878e-17 0
68977.9 1 17.302 -3.23021e-17 0
68977.9 1 26.827 -1.93933e-17 0
68977.9 1 41.5956 -1.16832e-17 0
68977.9 1 64.4947 -6.76396e-18 0
68977.9 1 100 -3.56749e-18 0
68977.9 1 155.052 -1.53742e-18 0
68977.9 1 240.41 -2.38325e-19 0
68977.9 1 372.759 6.1659e-19 0
68977.9 1 577.969 1.12238e-18 0
68977.9 1 896.151 1.38469e-18 0
68977.9 1 1389.5 1.50134e-18 0
68977.9 1 2154.43 1.48185e-18 0
68977.9 1 3340.48 1.34261e-18 0
68977.9 1 5179.47 1.11729e-18 0
68977.9 1 8030.86 8.47396e-19 0
68977.9 1 12452 5.76771e-19 0
68977.9 1 19307 3.44993e-19 0
68977.9 1 29935.8 1.8074e-19 0
68977.9 1 46415.9 8.37713e-20 0
68977.9 1 71968.6 3.48121e-20 0
68977.9 1 111588 1.31871e-20 0
68977.9 1 173020 4.66254e-21 0
68977.9 1 268270 1.54026e-21 0
68977.9 1 415956 4.87377e-22 0
68977.9 1 644947 1.51881e-22 0
68977.9 1 1e+06 4.99847e-23 0

168192 1 1e-06 -8.568e-11 0
168192 1 1.55052e-06 -5.5259e-11 0
168192 1 2.4041e-06 -3.56391e-11 0
168192 1 3.72759e-06 -2.29853e-11 0
168192 1 5.77969e-06 -1.48243e-11 0
168192 1 8.96151e-06 -9.5609e-12 0
168192 1 1.3895e-05 -6.16627e-12 0
168192 1 2.15443e-05 -3.97691e-12 0
168192 1 3.34048e-05 -2.5649e-12 0
168192 1 5.17947e-05 -1.65422e-12 0
168192 1 8.03086e-05 -1.06689e-12 0
168192 1 0.00012452 -6.88084e-13 0
168192 1 0.00019307 -4.43778e-13 0
168192 1 0.000299358 -2.86213e-13 0
168192 1 0.000464159 -1.84592e-13 0
168192 1 0.000719686 -1.19052e-13 0
168192 1 0.00111588 -7.67823e-14 0
168192 1 0.0017302 -4.95206e-14 0
168192 1 0.0026827 -3.19382e-14 0
168192 1 0.00415956 -2.05985e-14 0
168192 1 0.00644947 -1.3285e-14 0
168192 1 0.01 -8.56817e-15 0
168192 1 0.0155052 -5.52607e-15 0
168192 1 0.024041 -3.56409e-15 0
168192 1 0.0372759 -2.29871e-15 0
168192 1 0.0577969 -1.48262e-15 0
168192 1 0.0896151 -9.56292e-16 0
168192 1 0.13895 -6.16846e-16 0
168192 1 0.215443 -3.97931e-16 0
168192 1 0.334048 -2.56746e-16 0
168192 1 0.517947 -1.65681e-16 0
168192 1 0.803086 -1.06921e-16 0
168192 1 1.2452 -6.89938e-17 0
168192 1 1.9307 -4.45391e-17 0
168192 1 2.99358 -2.87948e-17 0
168192 1 4.64159 -1.85685e-17 0
168192 1 7.19686 -1.19205e-17 0
168192 1 11.1588 -7.69982e-18 0
168192 1 17.302 -4.91571e-18 0
168192 1 26.827 -3.07994e-18 0
168192 1 41.5956 -1.93693e-18 0
168192 1 64.4947 -1.20313e-18 0
168192 1 100 -7.27941e-19 0
168192 1 155.052 -4.23127e-19 0
168192 1 240.41 -2.2658e-19 0
168192 1 372.759 -9.75234e-20 0
168192 1 577.969 -1.57588e-20 0
168192 1 896.151 3.4671e-20 0
168192 1 1389.5 6.66211e-20 0
168192 1 2154.43 8.47313e-20 0
168192 1 3340.48 9.18619e-20 0
168192 1 5179.47 9.03609e-20 0
168192 1 8030.86 8.21325e-20 0
168192 1 12452 6.89597e-20 0
168192 1 19307 5.2439e-20 0
168192 1 29935.8 3.5556e-20 0
168192 1 46415.9 2.1324e-20 0
168192 1 71968.6 1.12851e-20 0
168192 1 111588 5.30415e-21 0
168192 1 173020 2.24633e-21 0
168192 1 268270 8.62385e-22 0
168192 1 415956 3.08226e-22 0
168192 1 644947 1.04775e-22 0
168192 1 1e+06 3.51486e-23 0

410113 1 1e-06 -1.26449e-11 0
410113 1 1.55052e-06 -8.15532e-12 0
410113 1 2.4041e-06 -5.25974e-12 0
410113 1 3.72759e-06 -3.39225e-12 0
410113 1 5.77969e-06 -2.18782e-12 0
410113 1 8.96151e-06 -1.41103e-12 0
410113 1 1.3895e-05 -9.10039e-13 0
410113 1 2.15443e-05 -5.86926e-13 0
410113 1 3.34048e-05 -3.78536e-13 0
410113 1 5.17947e-05 -2.44136e-13 0
410113 1 8.03086e-05 -1.57455e-13 0
410113 1 0.00012452 -1.0155e-13 0
410113 1 0.00019307 -6.54942e-14 0
410113 1 0.000299358 -4.22403e-14 0
410113 1 0.000464159 -2.72427e-14 0
410113 1 0.000719686 -1.75701e-14 0
410113 1 0.00111588 -1.13318e-14 0
410113 1 0.0017302 -7.3084e-15 0
410113 1 0.0026827 -4.71353e-15 0
410113 1 0.00415956 -3.03998e-15 0
410113 1 0.00644947 -1.96063e-15 0
410113 1 0.01 -1.26451e-15 0
410113 1 0.0155052 -8.15544e-16 0
410113 1 0.024041 -5.25987e-16 0
410113 1 0.0372759 -3.39238e-16 0
410113 1 0.0577969 -2.18796e-16 0
410113 1 0.0896151 -1.41117e-16 0
410113 1 0.13895 -9.10193e-17 0
410113 1 0.215443 -5.87094e-17 0
410113 1 0.334048 -3.78715e-17 0
410113 1 0.517947 -2.44316e-17 0
410113 1 0.803086 -1.57617e-17 0
410113 1 1.2452 -1.01681e-17 0
410113 1 1.9307 -6.56091e-18 0
410113 1 2.99358 -4.23634e-18 0
410113 1 4.64159 -2.73229e-18 0
410113 1 7.19686 -1.75875e-18 0
410113 1 11.1588 -1.13534e-18 0
410113 1 17.302 -7.29123e-19 0
410113 1 26.827 -4.64449e-19 0
410113 1 41.5956 -2.96484e-19 0
410113 1 64.4947 -1.88377e-19 0
410113 1 100 -1.18516e-19 0
410113 1 155.052 -7.35598e-20 0
410113 1 240.41 -4.4552e-20 0
410113 1 372.759 -2.56598e-20 0
410113 1 577.969 -1.35308e-20 0
410113 1 896.151 -5.80667e-21 0
410113 1 1389.5 -7.72553e-22 0
410113 1 2154.43 2.44454e-21 0
410113 1 3340.48 4.39367e-21 0
410113 1 5179.47 5.44843e-21 0
410113 1 8030.86 5.855e-21 0
410113 1 12452 5.78457e-21 0
410113 1 19307 5.28453e-21 0
410113 1 29935.8 4.43584e-21 0
410113 1 46415.9 3.3856e-21 0
410113 1 71968.6 2.31728e-21 0
410113 1 111588 1.40643e-21 0
410113 1 173020 7.52245e-22 0
410113 1 268270 3.54336e-22 0
410113 1 415956 1.50112e-22 0
410113 1 644947 5.80838e-23 0
410113 1 1e+06 2.09581e-23 0

1e+06 1 1e-06 -1.76769e-12 0
1e+06 1 1.55052e-06 -1.14006e-12 0
1e+06 1 2.4041e-06 -7.35281e-13 0
1e+06 1 3.72759e-06 -4.74217e-13 0
1e+06 1 5.77969e-06 -3.05845e-13 0
1e+06 1 8.96151e-06 -1.97253e-13 0
1e+06 1 1.3895e-05 -1.27218e-13 0
1e+06 1 2.15443e-05 -8.20488e-14 0
1e+06 1 3.34048e-05 -5.29171e-14 0
1e+06 1 5.17947e-05 -3.41287e-14 0
1e+06 1 8.03086e-05 -2.20112e-14 0
1e+06 1 0.00012452 -1.4196e-14 0
1e+06 1 0.00019307 -9.15569e-15 0
1e+06 1 0.000299358 -5.90493e-15 0
1e+06 1 0.000464159 -3.80837e-15 0
1e+06 1 0.000719686 -2.45619e-15 0
1e+06 1 0.00111588 -1.58411e-15 0
1e+06 1 0.0017302 -1.02167e-15 0
1e+06 1 0.0026827 -6.58923e-16 0
1e+06 1 0.00415956 -4.2497e-16 0
1e+06 1 0.00644947 -2.74084e-16 0
1e+06 1 0.01 -1.7677e-16 0
1e+06 1 0.0155052 -1.14007e-16 0
1e+06 1 0.024041 -7.35289e-17 0
1e+06 1 0.0372759 -4.74226e-17 0
1e+06 1 0.0577969 -3.05854e-17 0
1e+06 1 0.0896151 -1.97263e-17 0
1e+06 1 0.13895 -1.27229e-17 0
1e+06 1 0.215443 -8.20605e-18 0
1e+06 1 0.334048 -5.29295e-18 0
1e+06 1 0.517947 -3.41413e-18 0
1e+06 1 0.803086 -2.20226e-18 0
1e+06 1 1.2452 -1.42053e-18 0
1e+06 1 1.9307 -9.16389e-19 0
1e+06 1 2.99358 -5.91367e-19 0
1e+06 1 4.64159 -3.81424e-19 0
1e+06 1 7.19686 -2.45786e-19 0
1e+06 1 11.1588 -1.58606e-19 0
1e+06 1 17.302 -1.02102e-19 0
1e+06 1 26.827 -6.54802e-20 0
1e+06 1 41.5956 -4.2044e-20 0
1e+06 1 64.4947 -2.69436e-20 0
1e+06 1 100 -1.71952e-20 0
1e+06 1 155.052 -1.09144e-20 0
1e+06 1 240.41 -6.86239e-21 0
1e+06 1 372.759 -4.23594e-21 0
1e+06 1 577.969 -2.54462e-21 0
1e+06 1 896.151 -1.45891e-21 0
1e+06 1 1389.5 -7.52656e-22 0
1e+06 1 2154.43 -2.95092e-22 0
1e+06 1 3340.48 -2.61358e-24 0
1e+06 1 5179.47 1.80173e-22 0
1e+06 1 8030.86 2.89628e-22 0
1e+06 1 12452 3.50968e-22 0
1e+06 1 19307 3.74753e-22 0
1e+06 1 29935.8 3.67073e-22 0
1e+06 1 46415.9 3.3327e-22 0
1e+06 1 71968.6 2.78988e-22 0
1e+06 1 111588 2.12771e-22 0
1e+06 1 173020 1.45431e-22 0
1e+06 1 268270 8.77109e-23 0
1e+06 1 415956 4.66604e-23 0
1e+06 1 644947 2.18372e-23 0
1e+06 1 1e+06 9.01442e-24 0

