#q_sq i k_sq Re(fg) Im(fg)
1e-06 5 1e-06 -1.89945e+10 -0
1e-06 5 1.55052e-06 -1.22504e+10 -0
1e-06 5 2.4041e-06 -7.90086e+09 -0
1e-06 5 3.72759e-06 -5.09563e+09 -0
1e-06 5 5.77969e-06 -3.2864e+09 -0
1e-06 5 8.96151e-06 -2.11955e+09 -0
1e-06 5 1.3895e-05 -1.36699e+09 -0
1e-06 5 2.15443e-05 -8.81627e+08 -0
1e-06 5 3.34048e-05 -5.68596e+08 -0
1e-06 5 5.17947e-05 -3.66707e+08 -0
1e-06 5 8.03086e-05 -2.365e+08 -0
1e-06 5 0.00012452 -1.52523e+08 -0
1e-06 5 0.00019307 -9.83624e+07 -0
1e-06 5 0.000299358 -6.34317e+07 -0
1e-06 5 0.000464159 -4.09033e+07 -0
1e-06 5 0.000719686 -2.63737e+07 -0
1e-06 5 0.00111588 -1.70029e+07 -0
1e-06 5 0.0017302 -1.09593e+07 -0
1e-06 5 0.0026827 -7.06148e+06 -0
1e-06 5 0.00415956 -4.54769e+06 -0
1e-06 5 0.00644947 -2.92655e+06 -0
1e-06 5 0.01 -1.88117e+06 -0
1e-06 5 0.0155052 -1.20722e+06 -0
1e-06 5 0.024041 -772956 -0
1e-06 5 0.0372759 -493463 -0
1e-06 5 0.0577969 -314024 -0
1e-06 5 0.0896151 -199388 -0
1e-06 5 0.13895 -126751 -0
1e-06 5 0.215443 -81106.7 -0
1e-06 5 0.334048 -52219.2 -0
1e-06 5 0.517947 -32898.9 -0
1e-06 5 0.803086 -19020 -0
1e-06 5 1.2452 -9981.52 -0
1e-06 5 1.9307 -4750.31 -0
1e-06 5 2.99358 -1165.28 -0
1e-06 5 4.64159 191.364 -0
1e-06 5 7.19686 63.2212 -0
1e-06 5 11.1588 407.783 -0
1e-06 5 17.302 52.9102 -0
1e-06 5 26.827 -131.063 -0
1e-06 5 41.5956 -90.0919 -0
1e-06 5 64.4947 -55.458 -0
1e-06 5 100 -35.0527 -0
1e-06 5 155.052 -20.7636 -0
1e-06 5 240.41 -12.1871 -0
1e-06 5 372.759 -7.6595 -0
1e-06 5 577.969 -4.63693 -0
1e-06 5 896.151 -2.63838 -0
1e-06 5 1389.5 -1.58003 -0
1e-06 5 2154.43 -0.952435 -0
1e-06 5 3340.48 -0.564535 -0
1e-06 5 5179.47 -0.328989 -0
1e-06 5 8030.86 -0.186202 -0
1e-06 5 12452 -0.106947 -0
1e-06 5 19307 -0.0612657 -0
1e-06 5 29935.8 -0.0343975 -0
1e-06 5 46415.9 -0.0189514 -0
1e-06 5 71968.6 -0.0100826 -0
1e-06 5 111588 -0.00505336 -0
1e-06 5 173020 -0.0025844 -0
1e-06 5 268270 -0.00115907 -0
1e-06 5 415956 -0.000478588 -0
1e-06 5 644947 -0.000203573 -0
1e-06 5 1e+06 -0.000168878 -0

2.43835e-06 5 1e-06 -7.78988e+09 -0
2.43835e-06 5 1.55052e-06 -5.02405e+09 -0
2.43835e-06 5 2.4041e-06 -3.24024e+09 -0
2.43835e-06 5 3.72759e-06 -2.08978e+09 -0
2.43835e-06 5 5.77969e-06 -1.34779e+09 -0
2.43835e-06 5 8.96151e-06 -8.69253e+08 -0
2.43835e-06 5 1.3895e-05 -5.60619e+08 -0
2.43835e-06 5 2.15443e-05 -3.61567e+08 -0
2.43835e-06 5 3.34048e-05 -2.33188e+08 -0
2.43835e-06 5 5.17947e-05 -1.50391e+08 -0
2.43835e-06 5 8.03086e-05 -9.69916e+07 -0
2.43835e-06 5 0.00012452 -6.25516e+07 -0
2.43835e-06 5 0.00019307 -4.03397e+07 -0
2.43835e-06 5 0.000299358 -2.60142e+07 -0
2.43835e-06 5 0.000464159 -1.6775e+07 -0
2.43835e-06 5 0.000719686 -1.08162e+07 -0
2.43835e-06 5 0.00111588 -6.9731e+06 -0
2.43835e-06 5 0.0017302 -4.49453e+06 -0
2.43835e-06 5 0.0026827 -2.896e+06 -0
2.43835e-06 5 0.00415956 -1.86507e+06 -0
2.43835e-06 5 0.00644947 -1.20021e+06 -0
2.43835e-06 5 0.01 -771491 -0
2.43835e-06 5 0.0155052 -495096 -0
2.43835e-06 5 0.024041 -316999 -0
2.43835e-06 5 0.0372759 -202375 -0
2.43835e-06 5 0.0577969 -128785 -0
2.43835e-06 5 0.0896151 -81771.5 -0
2.43835e-06 5 0.13895 -51981.9 -0
2.43835e-06 5 0.215443 -33262.7 -0
2.43835e-06 5 0.334048 -21415.6 -0
2.43835e-06 5 0.517947 -13492.2 -0
2.43835e-06 5 0.803086 -7800.28 -0
2.43835e-06 5 1.2452 -4093.53 -0
2.43835e-06 5 1.9307 -1948.15 -0
2.43835e-06 5 2.99358 -477.896 -0
2.43835e-06 5 4.64159 78.4815 -0
2.43835e-06 5 7.19686 25.928 -0
2.43835e-06 5 11.1588 167.237 -0
2.43835e-06 5 17.302 21.6992 -0
2.43835e-06 5 26.827 -53.7505 -0
2.43835e-06 5 41.5956 -36.9478 -0
2.43835e-06 5 64.4947 -22.744 -0
2.43835e-06 5 100 -14.3756 -0
2.43835e-06 5 155.052 -8.51543 -0
2.43835e-06 5 240.41 -4.99807 -0
2.43835e-06 5 372.759 -3.14126 -0
2.43835e-06 5 577.969 -1.90167 -0
2.43835e-06 5 896.151 -1.08203 -0
2.43835e-06 5 1389.5 -0.647992 -0
2.43835e-06 5 2154.43 -0.390606 -0
2.43835e-06 5 3340.48 -0.231523 -0
2.43835e-06 5 5179.47 -0.134922 -0
2.43835e-06 5 8030.86 -0.0763639 -0
2.43835e-06 5 12452 -0.0438604 -0
2.43835e-06 5 19307 -0.0251258 -0
2.43835e-06 5 29935.8 -0.0141069 -0
2.43835e-06 5 46415.9 -0.00777223 -0
2.43835e-06 5 71968.6 -0.00413501 -0
2.43835e-06 5 111588 -0.00207245 -0
2.43835e-06 5 173020 -0.00105989 -0
2.43835e-06 5 268270 -0.000475351 -0
2.43835e-06 5 415956 -0.000196275 -0
2.43835e-06 5 644947 -8.34878e-05 -0
2.43835e-06 5 1e+06 -6.92589e-05 -0

5.94557e-06 5 1e-06 -3.19473e+09 -0
5.94557e-06 5 1.55052e-06 -2.06043e+09 -0
5.94557e-06 5 2.4041e-06 -1.32887e+09 -0
5.94557e-06 5 3.72759e-06 -8.57046e+08 -0
5.94557e-06 5 5.77969e-06 -5.52748e+08 -0
5.94557e-06 5 8.96151e-06 -3.56492e+08 -0
5.94557e-06 5 1.3895e-05 -2.29917e+08 -0
5.94557e-06 5 2.15443e-05 -1.48283e+08 -0
5.94557e-06 5 3.34048e-05 -9.56335e+07 -0
5.94557e-06 5 5.17947e-05 -6.16774e+07 -0
5.94557e-06 5 8.03086e-05 -3.97775e+07 -0
5.94557e-06 5 0.00012452 -2.56532e+07 -0
5.94557e-06 5 0.00019307 -1.65438e+07 -0
5.94557e-06 5 0.000299358 -1.06687e+07 -0
5.94557e-06 5 0.000464159 -6.87963e+06 -0
5.94557e-06 5 0.000719686 -4.43586e+06 -0
5.94557e-06 5 0.00111588 -2.85976e+06 -0
5.94557e-06 5 0.0017302 -1.84326e+06 -0
5.94557e-06 5 0.0026827 -1.18769e+06 -0
5.94557e-06 5 0.00415956 -764887 -0
5.94557e-06 5 0.00644947 -492223 -0
5.94557e-06 5 0.01 -316398 -0
5.94557e-06 5 0.0155052 -203045 -0
5.94557e-06 5 0.024041 -130005 -0
5.94557e-06 5 0.0372759 -82996.4 -0
5.94557e-06 5 0.0577969 -52816.3 -0
5.94557e-06 5 0.0896151 -33535.4 -0
5.94557e-06 5 0.13895 -21318.3 -0
5.94557e-06 5 0.215443 -13641.3 -0
5.94557e-06 5 0.334048 -8782.66 -0
5.94557e-06 5 0.517947 -5533.21 -0
5.94557e-06 5 0.803086 -3198.94 -0
5.94557e-06 5 1.2452 -1678.78 -0
5.94557e-06 5 1.9307 -798.954 -0
5.94557e-06 5 2.99358 -195.989 -0
5.94557e-06 5 4.64159 32.1869 -0
5.94557e-06 5 7.19686 10.6336 -0
5.94557e-06 5 11.1588 68.586 -0
5.94557e-06 5 17.302 8.89914 -0
5.94557e-06 5 26.827 -22.0438 -0
5.94557e-06 5 41.5956 -15.1528 -0
5.94557e-06 5 64.4947 -9.32762 -0
5.94557e-06 5 100 -5.8956 -0
5.94557e-06 5 155.052 -3.49228 -0
5.94557e-06 5 240.41 -2.04977 -0
5.94557e-06 5 372.759 -1.28827 -0
5.94557e-06 5 577.969 -0.779897 -0
5.94557e-06 5 896.151 -0.443756 -0
5.94557e-06 5 1389.5 -0.26575 -0
5.94557e-06 5 2154.43 -0.160192 -0
5.94557e-06 5 3340.48 -0.0949505 -0
5.94557e-06 5 5179.47 -0.0553334 -0
5.94557e-06 5 8030.86 -0.0313178 -0
5.94557e-06 5 12452 -0.0179877 -0
5.94557e-06 5 19307 -0.0103044 -0
5.94557e-06 5 29935.8 -0.0057854 -0
5.94557e-06 5 46415.9 -0.00318749 -0
5.94557e-06 5 71968.6 -0.00169582 -0
5.94557e-06 5 111588 -0.000849937 -0
5.94557e-06 5 173020 -0.000434676 -0
5.94557e-06 5 268270 -0.000194947 -0
5.94557e-06 5 415956 -8.04949e-05 -0
5.94557e-06 5 644947 -3.42394e-05 -0
5.94557e-06 5 1e+06 -2.8404e-05 -0

1.44974e-05 5 1e-06 -1.3102e+09 -0
1.44974e-05 5 1.55052e-06 -8.45008e+08 -0
1.44974e-05 5 2.4041e-06 -5.44985e+08 -0
1.44974e-05 5 3.72759e-06 -3.51486e+08 -0
1.44974e-05 5 5.77969e-06 -2.26689e+08 -0
1.44974e-05 5 8.96151e-06 -1.46202e+08 -0
1.44974e-05 5 1.3895e-05 -9.4292e+07 -0
1.44974e-05 5 2.15443e-05 -6.08128e+07 -0
1.44974e-05 5 3.34048e-05 -3.92206e+07 -0
1.44974e-05 5 5.17947e-05 -2.52947e+07 -0
1.44974e-05 5 8.03086e-05 -1.63133e+07 -0
1.44974e-05 5 0.00012452 -1.05207e+07 -0
1.44974e-05 5 0.00019307 -6.78483e+06 -0
1.44974e-05 5 0.000299358 -4.37539e+06 -0
1.44974e-05 5 0.000464159 -2.82143e+06 -0
1.44974e-05 5 0.000719686 -1.8192e+06 -0
1.44974e-05 5 0.00111588 -1.17282e+06 -0
1.44974e-05 5 0.0017302 -755946 -0
1.44974e-05 5 0.0026827 -487086 -0
1.44974e-05 5 0.00415956 -313690 -0
1.44974e-05 5 0.00644947 -201867 -0
1.44974e-05 5 0.01 -129759 -0
1.44974e-05 5 0.0155052 -83271.1 -0
1.44974e-05 5 0.024041 -53316.5 -0
1.44974e-05 5 0.0372759 -34037.7 -0
1.44974e-05 5 0.0577969 -21660.4 -0
1.44974e-05 5 0.0896151 -13753.1 -0
1.44974e-05 5 0.13895 -8742.68 -0
1.44974e-05 5 0.215443 -5594.29 -0
1.44974e-05 5 0.334048 -3601.74 -0
1.44974e-05 5 0.517947 -2269.15 -0
1.44974e-05 5 0.803086 -1311.88 -0
1.44974e-05 5 1.2452 -688.473 -0
1.44974e-05 5 1.9307 -327.654 -0
1.44974e-05 5 2.99358 -80.3753 -0
1.44974e-05 5 4.64159 13.2009 -0
1.44974e-05 5 7.19686 4.36118 -0
1.44974e-05 5 11.1588 28.128 -0
1.44974e-05 5 17.302 3.64968 -0
1.44974e-05 5 26.827 -9.04041 -0
1.44974e-05 5 41.5956 -6.21433 -0
1.44974e-05 5 64.4947 -3.82537 -0
1.44974e-05 5 100 -2.41786 -0
1.44974e-05 5 155.052 -1.43223 -0
1.44974e-05 5 240.41 -0.840636 -0
1.44974e-05 5 372.759 -0.528335 -0
1.44974e-05 5 577.969 -0.319846 -0
1.44974e-05 5 896.151 -0.18199 -0
1.44974e-05 5 1389.5 -0.108987 -0
1.44974e-05 5 2154.43 -0.0656969 -0
1.44974e-05 5 3340.48 -0.0389404 -0
1.44974e-05 5 5179.47 -0.0226929 -0
1.44974e-05 5 8030.86 -0.0128438 -0
1.44974e-05 5 12452 -0.00737698 -0
1.44974e-05 5 19307 -0.00422598 -0
1.44974e-05 5 29935.8 -0.00237267 -0
1.44974e-05 5 46415.9 -0.00130723 -0
1.44974e-05 5 71968.6 -0.000695477 -0
1.44974e-05 5 111588 -0.00034857 -0
1.44974e-05 5 173020 -0.000178266 -0
1.44974e-05 5 268270 -7.99504e-05 -0
1.44974e-05 5 415956 -3.3012e-05 -0
1.44974e-05 5 644947 -1.4042e-05 -0
1.44974e-05 5 1e+06 -1.16488e-05 -0

3.53498e-05 5 1e-06 -5.37331e+08 -0
3.53498e-05 5 1.55052e-06 -3.46549e+08 -0
3.53498e-05 5 2.4041e-06 -2.23506e+08 -0
3.53498e-05 5 3.72759e-06 -1.44149e+08 -0
3.53498e-05 5 5.77969e-06 -9.29683e+07 -0
3.53498e-05 5 8.96151e-06 -5.99594e+07 -0
3.53498e-05 5 1.3895e-05 -3.86704e+07 -0
3.53498e-05 5 2.15443e-05 -2.49402e+07 -0
3.53498e-05 5 3.34048e-05 -1.60849e+07 -0
3.53498e-05 5 5.17947e-05 -1.03737e+07 -0
3.53498e-05 5 8.03086e-05 -6.69029e+06 -0
3.53498e-05 5 0.00012452 -4.31469e+06 -0
3.53498e-05 5 0.00019307 -2.78255e+06 -0
3.53498e-05 5 0.000299358 -1.79441e+06 -0
3.53498e-05 5 0.000464159 -1.1571e+06 -0
3.53498e-05 5 0.000719686 -746080 -0
3.53498e-05 5 0.00111588 -480991 -0
3.53498e-05 5 0.0017302 -310024 -0
3.53498e-05 5 0.0026827 -199760 -0
3.53498e-05 5 0.00415956 -128648 -0
3.53498e-05 5 0.00644947 -82788.1 -0
3.53498e-05 5 0.01 -53215.6 -0
3.53498e-05 5 0.0155052 -34150.4 -0
3.53498e-05 5 0.024041 -21865.6 -0
3.53498e-05 5 0.0372759 -13959.1 -0
3.53498e-05 5 0.0577969 -8883.02 -0
3.53498e-05 5 0.0896151 -5640.11 -0
3.53498e-05 5 0.13895 -3585.3 -0
3.53498e-05 5 0.215443 -2294.12 -0
3.53498e-05 5 0.334048 -1476.99 -0
3.53498e-05 5 0.517947 -930.524 -0
3.53498e-05 5 0.803086 -537.984 -0
3.53498e-05 5 1.2452 -282.34 -0
3.53498e-05 5 1.9307 -134.37 -0
3.53498e-05 5 2.99358 -32.961 -0
3.53498e-05 5 4.64159 5.41444 -0
3.53498e-05 5 7.19686 1.78876 -0
3.53498e-05 5 11.1588 11.5357 -0
3.53498e-05 5 17.302 1.49681 -0
3.53498e-05 5 26.827 -3.70757 -0
3.53498e-05 5 41.5956 -2.54857 -0
3.53498e-05 5 64.4947 -1.56883 -0
3.53498e-05 5 100 -0.991594 -0
3.53498e-05 5 155.052 -0.587375 -0
3.53498e-05 5 240.41 -0.344755 -0
3.53498e-05 5 372.759 -0.216677 -0
3.53498e-05 5 577.969 -0.131173 -0
3.53498e-05 5 896.151 -0.0746364 -0
3.53498e-05 5 1389.5 -0.0446971 -0
3.53498e-05 5 2154.43 -0.0269431 -0
3.53498e-05 5 3340.48 -0.01597 -0
3.53498e-05 5 5179.47 -0.00930666 -0
3.53498e-05 5 8030.86 -0.00526742 -0
3.53498e-05 5 12452 -0.00302539 -0
3.53498e-05 5 19307 -0.00173313 -0
3.53498e-05 5 29935.8 -0.00097306 -0
3.53498e-05 5 46415.9 -0.000536112 -0
3.53498e-05 5 71968.6 -0.000285224 -0
3.53498e-05 5 111588 -0.000142953 -0
3.53498e-05 5 173020 -7.31092e-05 -0
3.53498e-05 5 268270 -3.27887e-05 -0
3.53498e-05 5 415956 -1.35386e-05 -0
3.53498e-05 5 644947 -5.75881e-06 -0
3.53498e-05 5 1e+06 -4.77733e-06 -0

8.61954e-05 5 1e-06 -2.20367e+08 -0
8.61954e-05 5 1.55052e-06 -1.42125e+08 -0
8.61954e-05 5 2.4041e-06 -9.16631e+07 -0
8.61954e-05 5 3.72759e-06 -5.91177e+07 -0
8.61954e-05 5 5.77969e-06 -3.81277e+07 -0
8.61954e-05 5 8.96151e-06 -2.45903e+07 -0
8.61954e-05 5 1.3895e-05 -1.58593e+07 -0
8.61954e-05 5 2.15443e-05 -1.02283e+07 -0
8.61954e-05 5 3.34048e-05 -6.59665e+06 -0
8.61954e-05 5 5.17947e-05 -4.25441e+06 -0
8.61954e-05 5 8.03086e-05 -2.74379e+06 -0
8.61954e-05 5 0.00012452 -1.76952e+06 -0
8.61954e-05 5 0.00019307 -1.14117e+06 -0
8.61954e-05 5 0.000299358 -735913 -0
8.61954e-05 5 0.000464159 -474546 -0
8.61954e-05 5 0.000719686 -305978 -0
8.61954e-05 5 0.00111588 -197261 -0
8.61954e-05 5 0.0017302 -127145 -0
8.61954e-05 5 0.0026827 -81924.4 -0
8.61954e-05 5 0.00415956 -52760.3 -0
8.61954e-05 5 0.00644947 -33952.4 -0
8.61954e-05 5 0.01 -21824.2 -0
8.61954e-05 5 0.0155052 -14005.3 -0
8.61954e-05 5 0.024041 -8967.16 -0
8.61954e-05 5 0.0372759 -5724.58 -0
8.61954e-05 5 0.0577969 -3642.81 -0
8.61954e-05 5 0.0896151 -2312.86 -0
8.61954e-05 5 0.13895 -1470.17 -0
8.61954e-05 5 0.215443 -940.672 -0
8.61954e-05 5 0.334048 -605.597 -0
8.61954e-05 5 0.517947 -381.536 -0
8.61954e-05 5 0.803086 -220.597 -0
8.61954e-05 5 1.2452 -115.78 -0
8.61954e-05 5 1.9307 -55.1018 -0
8.61954e-05 5 2.99358 -13.516 -0
8.61954e-05 5 4.64159 2.22112 -0
8.61954e-05 5 7.19686 0.73378 -0
8.61954e-05 5 11.1588 4.73099 -0
8.61954e-05 5 17.302 0.613886 -0
8.61954e-05 5 26.827 -1.52051 -0
8.61954e-05 5 41.5956 -1.04519 -0
8.61954e-05 5 64.4947 -0.643394 -0
8.61954e-05 5 100 -0.406664 -0
8.61954e-05 5 155.052 -0.240889 -0
8.61954e-05 5 240.41 -0.141388 -0
8.61954e-05 5 372.759 -0.0888618 -0
8.61954e-05 5 577.969 -0.0537955 -0
8.61954e-05 5 896.151 -0.0306093 -0
8.61954e-05 5 1389.5 -0.0183308 -0
8.61954e-05 5 2154.43 -0.0110497 -0
8.61954e-05 5 3340.48 -0.00654948 -0
8.61954e-05 5 5179.47 -0.00381678 -0
8.61954e-05 5 8030.86 -0.00216023 -0
8.61954e-05 5 12452 -0.00124075 -0
8.61954e-05 5 19307 -0.000710777 -0
8.61954e-05 5 29935.8 -0.000399064 -0
8.61954e-05 5 46415.9 -0.000219866 -0
8.61954e-05 5 71968.6 -0.000116974 -0
8.61954e-05 5 111588 -5.86268e-05 -0
8.61954e-05 5 173020 -2.9983e-05 -0
8.61954e-05 5 268270 -1.34471e-05 -0
8.61954e-05 5 415956 -5.55237e-06 -0
8.61954e-05 5 644947 -2.36176e-06 -0
8.61954e-05 5 1e+06 -1.95924e-06 -0

0.000210175 5 1e-06 -9.0377e+07 -0
0.000210175 5 1.55052e-06 -5.82883e+07 -0
0.000210175 5 2.4041e-06 -3.75928e+07 -0
0.000210175 5 3.72759e-06 -2.42453e+07 -0
0.000210175 5 5.77969e-06 -1.56369e+07 -0
0.000210175 5 8.96151e-06 -1.00849e+07 -0
0.000210175 5 1.3895e-05 -6.50422e+06 -0
0.000210175 5 2.15443e-05 -4.19484e+06 -0
0.000210175 5 3.34048e-05 -2.70542e+06 -0
0.000210175 5 5.17947e-05 -1.74482e+06 -0
0.000210175 5 8.03086e-05 -1.12528e+06 -0
0.000210175 5 0.00012452 -725714 -0
0.000210175 5 0.00019307 -468014 -0
0.000210175 5 0.000299358 -301812 -0
0.000210175 5 0.000464159 -194620 -0
0.000210175 5 0.000719686 -125487 -0
0.000210175 5 0.00111588 -80900.4 -0
0.000210175 5 0.0017302 -52144.3 -0
0.000210175 5 0.0026827 -33598.4 -0
0.000210175 5 0.00415956 -21637.7 -0
0.000210175 5 0.00644947 -13924.2 -0
0.000210175 5 0.01 -8950.19 -0
0.000210175 5 0.0155052 -5743.5 -0
0.000210175 5 0.024041 -3677.26 -0
0.000210175 5 0.0372759 -2347.43 -0
0.000210175 5 0.0577969 -1493.68 -0
0.000210175 5 0.0896151 -948.273 -0
0.000210175 5 0.13895 -602.711 -0
0.000210175 5 0.215443 -385.604 -0
0.000210175 5 0.334048 -248.24 -0
0.000210175 5 0.517947 -156.403 -0
0.000210175 5 0.803086 -90.4404 -0
0.000210175 5 1.2452 -47.4723 -0
0.000210175 5 1.9307 -22.5928 -0
0.000210175 5 2.99358 -5.54126 -0
0.000210175 5 4.64159 0.911501 -0
0.000210175 5 7.19686 0.301123 -0
0.000210175 5 11.1588 1.94028 -0
0.000210175 5 17.302 0.25179 -0
0.000210175 5 26.827 -0.623564 -0
0.000210175 5 41.5956 -0.42864 -0
0.000210175 5 64.4947 -0.26386 -0
0.000210175 5 100 -0.166776 -0
0.000210175 5 155.052 -0.0987909 -0
0.000210175 5 240.41 -0.0579847 -0
0.000210175 5 372.759 -0.0364432 -0
0.000210175 5 577.969 -0.0220622 -0
0.000210175 5 896.151 -0.0125532 -0
0.000210175 5 1389.5 -0.00751769 -0
0.000210175 5 2154.43 -0.00453162 -0
0.000210175 5 3340.48 -0.00268602 -0
0.000210175 5 5179.47 -0.00156531 -0
0.000210175 5 8030.86 -0.000885939 -0
0.000210175 5 12452 -0.000508848 -0
0.000210175 5 19307 -0.000291499 -0
0.000210175 5 29935.8 -0.000163661 -0
0.000210175 5 46415.9 -9.01699e-05 -0
0.000210175 5 71968.6 -4.79725e-05 -0
0.000210175 5 111588 -2.40436e-05 -0
0.000210175 5 173020 -1.22964e-05 -0
0.000210175 5 268270 -5.51481e-06 -0
0.000210175 5 415956 -2.2771e-06 -0
0.000210175 5 644947 -9.68588e-07 -0
0.000210175 5 1e+06 -8.03511e-07 -0

0.000512481 5 1e-06 -3.70664e+07 -0
0.000512481 5 1.55052e-06 -2.39058e+07 -0
0.000512481 5 2.4041e-06 -1.5418e+07 -0
0.000512481 5 3.72759e-06 -9.94375e+06 -0
0.000512481 5 5.77969e-06 -6.41318e+06 -0
0.000512481 5 8.96151e-06 -4.13614e+06 -0
0.000512481 5 1.3895e-05 -2.66758e+06 -0
0.000512481 5 2.15443e-05 -1.72043e+06 -0
0.000512481 5 3.34048e-05 -1.10957e+06 -0
0.000512481 5 5.17947e-05 -715603 -0
0.000512481 5 8.03086e-05 -461512 -0
0.000512481 5 0.00012452 -297637 -0
0.000512481 5 0.00019307 -191947 -0
0.000512481 5 0.000299358 -123782 -0
0.000512481 5 0.000464159 -79819.4 -0
0.000512481 5 0.000719686 -51465.9 -0
0.000512481 5 0.00111588 -33179.4 -0
0.000512481 5 0.0017302 -21385.7 -0
0.000512481 5 0.0026827 -13779.4 -0
0.000512481 5 0.00415956 -8873.96 -0
0.000512481 5 0.00644947 -5710.41 -0
0.000512481 5 0.01 -3670.44 -0
0.000512481 5 0.0155052 -2355.28 -0
0.000512481 5 0.024041 -1507.86 -0
0.000512481 5 0.0372759 -962.466 -0
0.000512481 5 0.0577969 -612.332 -0
0.000512481 5 0.0896151 -388.667 -0
0.000512481 5 0.13895 -246.974 -0
0.000512481 5 0.215443 -157.974 -0
0.000512481 5 0.334048 -101.686 -0
0.000512481 5 0.517947 -64.0713 -0
0.000512481 5 0.803086 -37.0578 -0
0.000512481 5 1.2452 -19.4559 -0
0.000512481 5 1.9307 -9.25941 -0
0.000512481 5 2.99358 -2.27054 -0
0.000512481 5 4.64159 0.374444 -0
0.000512481 5 7.19686 0.123694 -0
0.000512481 5 11.1588 0.795786 -0
0.000512481 5 17.302 0.103291 -0
0.000512481 5 26.827 -0.255715 -0
0.000512481 5 41.5956 -0.175783 -0
0.000512481 5 64.4947 -0.108209 -0
0.000512481 5 100 -0.0683953 -0
0.000512481 5 155.052 -0.0405146 -0
0.000512481 5 240.41 -0.0237799 -0
0.000512481 5 372.759 -0.0149457 -0
0.000512481 5 577.969 -0.0090479 -0
0.000512481 5 896.151 -0.00514821 -0
0.000512481 5 1389.5 -0.00308309 -0
0.000512481 5 2154.43 -0.00185847 -0
0.000512481 5 3340.48 -0.00110157 -0
0.000512481 5 5179.47 -0.000641952 -0
0.000512481 5 8030.86 -0.000363334 -0
0.000512481 5 12452 -0.000208685 -0
0.000512481 5 19307 -0.000119547 -0
0.000512481 5 29935.8 -6.71196e-05 -0
0.000512481 5 46415.9 -3.69798e-05 -0
0.000512481 5 71968.6 -1.96741e-05 -0
0.000512481 5 111588 -9.86059e-06 -0
0.000512481 5 173020 -5.04292e-06 -0
0.000512481 5 268270 -2.26169e-06 -0
0.000512481 5 415956 -9.33866e-07 -0
0.000512481 5 644947 -3.9723e-07 -0
0.000512481 5 1e+06 -3.2953e-07 -0

0.00124961 5 1e-06 -1.52029e+07 -0
0.00124961 5 1.55052e-06 -9.80505e+06 -0
0.00124961 5 2.4041e-06 -6.32373e+06 -0
0.00124961 5 3.72759e-06 -4.07846e+06 -0
0.00124961 5 5.77969e-06 -2.63039e+06 -0
0.00124961 5 8.96151e-06 -1.69645e+06 -0
0.00124961 5 1.3895e-05 -1.09412e+06 -0
0.00124961 5 2.15443e-05 -705641 -0
0.00124961 5 3.34048e-05 -455095 -0
0.00124961 5 5.17947e-05 -293506 -0
0.00124961 5 8.03086e-05 -189290 -0
0.00124961 5 0.00012452 -122077 -0
0.00124961 5 0.00019307 -78727.3 -0
0.00124961 5 0.000299358 -50769.3 -0
0.00124961 5 0.000464159 -32737.9 -0
0.00124961 5 0.000719686 -21108.6 -0
0.00124961 5 0.00111588 -13608.4 -0
0.00124961 5 0.0017302 -8771.14 -0
0.00124961 5 0.0026827 -5651.41 -0
0.00124961 5 0.00415956 -3639.42 -0
0.00124961 5 0.00644947 -2341.88 -0
0.00124961 5 0.01 -1505.18 -0
0.00124961 5 0.0155052 -965.768 -0
0.00124961 5 0.024041 -618.199 -0
0.00124961 5 0.0372759 -394.511 -0
0.00124961 5 0.0577969 -250.913 -0
0.00124961 5 0.0896151 -159.19 -0
0.00124961 5 0.13895 -101.096 -0
0.00124961 5 0.215443 -64.6227 -0
0.00124961 5 0.334048 -41.5759 -0
0.00124961 5 0.517947 -26.194 -0
0.00124961 5 0.803086 -15.1563 -0
0.00124961 5 1.2452 -7.96186 -0
0.00124961 5 1.9307 -3.79001 -0
0.00124961 5 2.99358 -0.928958 -0
0.00124961 5 4.64159 0.154227 -0
0.00124961 5 7.19686 0.0509381 -0
0.00124961 5 11.1588 0.326416 -0
0.00124961 5 17.302 0.0423914 -0
0.00124961 5 26.827 -0.104856 -0
0.00124961 5 41.5956 -0.072083 -0
0.00124961 5 64.4947 -0.0443741 -0
0.00124961 5 100 -0.028048 -0
0.00124961 5 155.052 -0.0166148 -0
0.00124961 5 240.41 -0.00975209 -0
0.00124961 5 372.759 -0.00612924 -0
0.00124961 5 577.969 -0.00371059 -0
0.00124961 5 896.151 -0.00211131 -0
0.00124961 5 1389.5 -0.0012644 -0
0.00124961 5 2154.43 -0.000762176 -0
0.00124961 5 3340.48 -0.000451765 -0
0.00124961 5 5179.47 -0.000263271 -0
0.00124961 5 8030.86 -0.000149008 -0
0.00124961 5 12452 -8.55841e-05 -0
0.00124961 5 19307 -4.90277e-05 -0
0.00124961 5 29935.8 -2.75265e-05 -0
0.00124961 5 46415.9 -1.51659e-05 -0
0.00124961 5 71968.6 -8.06861e-06 -0
0.00124961 5 111588 -4.04395e-06 -0
0.00124961 5 173020 -2.06816e-06 -0
0.00124961 5 268270 -9.27548e-07 -0
0.00124961 5 415956 -3.8299e-07 -0
0.00124961 5 644947 -1.62909e-07 -0
0.00124961 5 1e+06 -1.35144e-07 -0

0.00304699 5 1e-06 -6.23622e+06 -0
0.00304699 5 1.55052e-06 -4.02203e+06 -0
0.00304699 5 2.4041e-06 -2.59399e+06 -0
0.00304699 5 3.72759e-06 -1.67298e+06 -0
0.00304699 5 5.77969e-06 -1.07898e+06 -0
0.00304699 5 8.96151e-06 -695884 -0
0.00304699 5 1.3895e-05 -448806 -0
0.00304699 5 2.15443e-05 -289453 -0
0.00304699 5 3.34048e-05 -186680 -0
0.00304699 5 5.17947e-05 -120396 -0
0.00304699 5 8.03086e-05 -77646.6 -0
0.00304699 5 0.00012452 -50075.5 -0
0.00304699 5 0.00019307 -32293.6 -0
0.00304699 5 0.000299358 -20825.3 -0
0.00304699 5 0.000464159 -13428.8 -0
0.00304699 5 0.000719686 -8658.49 -0
0.00304699 5 0.00111588 -5581.89 -0
0.00304699 5 0.0017302 -3597.66 -0
0.00304699 5 0.0026827 -2317.95 -0
0.00304699 5 0.00415956 -1492.63 -0
0.00304699 5 0.00644947 -960.386 -0
0.00304699 5 0.01 -617.173 -0
0.00304699 5 0.0155052 -395.909 -0
0.00304699 5 0.024041 -253.34 -0
0.00304699 5 0.0372759 -161.589 -0
0.00304699 5 0.0577969 -102.694 -0
0.00304699 5 0.0896151 -65.0827 -0
0.00304699 5 0.13895 -41.2716 -0
0.00304699 5 0.215443 -26.3377 -0
0.00304699 5 0.334048 -16.9208 -0
0.00304699 5 0.517947 -10.6554 -0
0.00304699 5 0.803086 -6.17006 -0
0.00304699 5 1.2452 -3.24584 -0
0.00304699 5 1.9307 -1.54627 -0
0.00304699 5 2.99358 -0.378607 -0
0.00304699 5 4.64159 0.0639424 -0
0.00304699 5 7.19686 0.0211046 -0
0.00304699 5 11.1588 0.133923 -0
0.00304699 5 17.302 0.0174162 -0
0.00304699 5 26.827 -0.0429858 -0
0.00304699 5 41.5956 -0.0295542 -0
0.00304699 5 64.4947 -0.0181946 -0
0.00304699 5 100 -0.0115011 -0
0.00304699 5 155.052 -0.00681313 -0
0.00304699 5 240.41 -0.0039991 -0
0.00304699 5 372.759 -0.00251352 -0
0.00304699 5 577.969 -0.00152169 -0
0.00304699 5 896.151 -0.000865846 -0
0.00304699 5 1389.5 -0.000518533 -0
0.00304699 5 2154.43 -0.000312572 -0
0.00304699 5 3340.48 -0.000185272 -0
0.00304699 5 5179.47 -0.00010797 -0
0.00304699 5 8030.86 -6.11094e-05 -0
0.00304699 5 12452 -3.50989e-05 -0
0.00304699 5 19307 -2.01068e-05 -0
0.00304699 5 29935.8 -1.12889e-05 -0
0.00304699 5 46415.9 -6.2197e-06 -0
0.00304699 5 71968.6 -3.30903e-06 -0
0.00304699 5 111588 -1.65847e-06 -0
0.00304699 5 173020 -8.48179e-07 -0
0.00304699 5 268270 -3.80399e-07 -0
0.00304699 5 415956 -1.57069e-07 -0
0.00304699 5 644947 -6.6811e-08 -0
0.00304699 5 1e+06 -5.54244e-08 -0

0.00742964 5 1e-06 -2.55882e+06 -0
0.00742964 5 1.55052e-06 -1.6503e+06 -0
0.00742964 5 2.4041e-06 -1.06435e+06 -0
0.00742964 5 3.72759e-06 -686451 -0
0.00742964 5 5.77969e-06 -442723 -0
0.00742964 5 8.96151e-06 -285532 -0
0.00742964 5 1.3895e-05 -184152 -0
0.00742964 5 2.15443e-05 -118767 -0
0.00742964 5 3.34048e-05 -76597.3 -0
0.00742964 5 5.17947e-05 -49400.1 -0
0.00742964 5 8.03086e-05 -31859.3 -0
0.00742964 5 0.00012452 -20546.5 -0
0.00742964 5 0.00019307 -13250.3 -0
0.00742964 5 0.000299358 -8544.67 -0
0.00742964 5 0.000464159 -5509.78 -0
0.00742964 5 0.000719686 -3552.44 -0
0.00742964 5 0.00111588 -2290.07 -0
0.00742964 5 0.0017302 -1475.91 -0
0.00742964 5 0.0026827 -950.821 -0
0.00742964 5 0.00415956 -612.181 -0
0.00742964 5 0.00644947 -393.793 -0
0.00742964 5 0.01 -252.969 -0
0.00742964 5 0.0155052 -162.184 -0
0.00742964 5 0.024041 -103.691 -0
0.00742964 5 0.0372759 -66.0511 -0
0.00742964 5 0.0577969 -41.8962 -0
0.00742964 5 0.0896151 -26.4793 -0
0.00742964 5 0.13895 -16.7314 -0
0.00742964 5 0.215443 -10.6341 -0
0.00742964 5 0.334048 -6.80882 -0
0.00742964 5 0.517947 -4.28251 -0
0.00742964 5 0.803086 -2.48389 -0
0.00742964 5 1.2452 -1.31098 -0
0.00742964 5 1.9307 -0.625852 -0
0.00742964 5 2.99358 -0.152866 -0
0.00742964 5 4.64159 0.0269232 -0
0.00742964 5 7.19686 0.00887013 -0
0.00742964 5 11.1588 0.0549795 -0
0.00742964 5 17.302 0.0071737 -0
0.00742964 5 26.827 -0.0176121 -0
0.00742964 5 41.5956 -0.0121126 -0
0.00742964 5 64.4947 -0.00745809 -0
0.00742964 5 100 -0.00471499 -0
0.00742964 5 155.052 -0.00279335 -0
0.00742964 5 240.41 -0.00163972 -0
0.00742964 5 372.759 -0.00103066 -0
0.00742964 5 577.969 -0.000623991 -0
0.00742964 5 896.151 -0.000355063 -0
0.00742964 5 1389.5 -0.000212643 -0
0.00742964 5 2154.43 -0.000128184 -0
0.00742964 5 3340.48 -7.59798e-05 -0
0.00742964 5 5179.47 -4.42787e-05 -0
0.00742964 5 8030.86 -2.50613e-05 -0
0.00742964 5 12452 -1.43943e-05 -0
0.00742964 5 19307 -8.24597e-06 -0
0.00742964 5 29935.8 -4.6297e-06 -0
0.00742964 5 46415.9 -2.55076e-06 -0
0.00742964 5 71968.6 -1.35707e-06 -0
0.00742964 5 111588 -6.80158e-07 -0
0.00742964 5 173020 -3.47848e-07 -0
0.00742964 5 268270 -1.56006e-07 -0
0.00742964 5 415956 -6.44157e-08 -0
0.00742964 5 644947 -2.73999e-08 -0
0.00742964 5 1e+06 -2.27302e-08 -0

0.0181161 5 1e-06 -1.05063e+06 -0
0.0181161 5 1.55052e-06 -677601 -0
0.0181161 5 2.4041e-06 -437016 -0
0.0181161 5 3.72759e-06 -281851 -0
0.0181161 5 5.77969e-06 -181779 -0
0.0181161 5 8.96151e-06 -117237 -0
0.0181161 5 1.3895e-05 -75611 -0
0.0181161 5 2.15443e-05 -48764.6 -0
0.0181161 5 3.34048e-05 -31450 -0
0.0181161 5 5.17947e-05 -20283 -0
0.0181161 5 8.03086e-05 -13080.9 -0
0.0181161 5 0.00012452 -8435.97 -0
0.0181161 5 0.00019307 -5440.21 -0
0.0181161 5 0.000299358 -3508.11 -0
0.0181161 5 0.000464159 -2262 -0
0.0181161 5 0.000719686 -1458.34 -0
0.0181161 5 0.00111588 -940.013 -0
0.0181161 5 0.0017302 -605.725 -0
0.0181161 5 0.0026827 -390.13 -0
0.0181161 5 0.00415956 -251.087 -0
0.0181161 5 0.00644947 -161.42 -0
0.0181161 5 0.01 -103.601 -0
0.0181161 5 0.0155052 -66.3285 -0
0.0181161 5 0.024041 -42.3163 -0
0.0181161 5 0.0372759 -26.8689 -0
0.0181161 5 0.0577969 -16.9619 -0
0.0181161 5 0.0896151 -10.6476 -0
0.0181161 5 0.13895 -6.66759 -0
0.0181161 5 0.215443 -4.19479 -0
0.0181161 5 0.334048 -2.66341 -0
0.0181161 5 0.517947 -1.67084 -0
0.0181161 5 0.803086 -0.973555 -0
0.0181161 5 1.2452 -0.517994 -0
0.0181161 5 1.9307 -0.248481 -0
0.0181161 5 2.99358 -0.0603159 -0
0.0181161 5 4.64159 0.0117403 -0
0.0181161 5 7.19686 0.00385113 -0
0.0181161 5 11.1588 0.022603 -0
0.0181161 5 17.302 0.00297283 -0
0.0181161 5 26.827 -0.00720618 -0
0.0181161 5 41.5956 -0.00495965 -0
0.0181161 5 64.4947 -0.00305491 -0
0.0181161 5 100 -0.00193192 -0
0.0181161 5 155.052 -0.00114479 -0
0.0181161 5 240.41 -0.000672111 -0
0.0181161 5 372.759 -0.000422525 -0
0.0181161 5 577.969 -0.000255835 -0
0.0181161 5 896.151 -0.000145584 -0
0.0181161 5 1389.5 -8.71938e-05 -0
0.0181161 5 2154.43 -5.25638e-05 -0
0.0181161 5 3340.48 -3.11577e-05 -0
0.0181161 5 5179.47 -1.81581e-05 -0
0.0181161 5 8030.86 -1.02775e-05 -0
0.0181161 5 12452 -5.90308e-06 -0
0.0181161 5 19307 -3.38169e-06 -0
0.0181161 5 29935.8 -1.89866e-06 -0
0.0181161 5 46415.9 -1.04608e-06 -0
0.0181161 5 71968.6 -5.56544e-07 -0
0.0181161 5 111588 -2.78938e-07 -0
0.0181161 5 173020 -1.42656e-07 -0
0.0181161 5 268270 -6.39795e-08 -0
0.0181161 5 415956 -2.64175e-08 -0
0.0181161 5 644947 -1.1237e-08 -0
0.0181161 5 1e+06 -9.32191e-09 -0

0.0441734 5 1e-06 -432037 -0
0.0441734 5 1.55052e-06 -278640 -0
0.0441734 5 2.4041e-06 -179708 -0
0.0441734 5 3.72759e-06 -115902 -0
0.0441734 5 5.77969e-06 -74750.1 -0
0.0441734 5 8.96151e-06 -48209.5 -0
0.0441734 5 1.3895e-05 -31092.2 -0
0.0441734 5 2.15443e-05 -20052.5 -0
0.0441734 5 3.34048e-05 -12932.5 -0
0.0441734 5 5.17947e-05 -8340.45 -0
0.0441734 5 8.03086e-05 -5378.83 -0
0.0441734 5 0.00012452 -3468.74 -0
0.0441734 5 0.00019307 -2236.84 -0
0.0441734 5 0.000299358 -1442.32 -0
0.0441734 5 0.000464159 -929.905 -0
0.0441734 5 0.000719686 -599.423 -0
0.0441734 5 0.00111588 -386.28 -0
0.0441734 5 0.0017302 -248.816 -0
0.0441734 5 0.0026827 -160.16 -0
0.0441734 5 0.00415956 -102.985 -0
0.0441734 5 0.00644947 -66.1132 -0
0.0441734 5 0.01 -42.3391 -0
0.0441734 5 0.0155052 -27.0152 -0
0.0441734 5 0.024041 -17.1458 -0
0.0441734 5 0.0372759 -10.8008 -0
0.0441734 5 0.0577969 -6.73767 -0
0.0441734 5 0.0896151 -4.1569 -0
0.0441734 5 0.13895 -2.54264 -0
0.0441734 5 0.215443 -1.55635 -0
0.0441734 5 0.334048 -0.965511 -0
0.0441734 5 0.517947 -0.601517 -0
0.0441734 5 0.803086 -0.355358 -0
0.0441734 5 1.2452 -0.193417 -0
0.0441734 5 1.9307 -0.0939303 -0
0.0441734 5 2.99358 -0.0224219 -0
0.0441734 5 4.64159 0.00550318 -0
0.0441734 5 7.19686 0.00179418 -0
0.0441734 5 11.1588 0.00932472 -0
0.0441734 5 17.302 0.00124992 -0
0.0441734 5 26.827 -0.00293858 -0
0.0441734 5 41.5956 -0.00202612 -0
0.0441734 5 64.4947 -0.00124911 -0
0.0441734 5 100 -0.000790549 -0
0.0441734 5 155.052 -0.000468699 -0
0.0441734 5 240.41 -0.000275282 -0
0.0441734 5 372.759 -0.000173121 -0
0.0441734 5 577.969 -0.000104849 -0
0.0441734 5 896.151 -5.96745e-05 -0
0.0441734 5 1389.5 -3.57454e-05 -0
0.0441734 5 2154.43 -2.1551e-05 -0
0.0441734 5 3340.48 -1.27755e-05 -0
0.0441734 5 5179.47 -7.44575e-06 -0
0.0441734 5 8030.86 -4.21443e-06 -0
0.0441734 5 12452 -2.42072e-06 -0
0.0441734 5 19307 -1.38678e-06 -0
0.0441734 5 29935.8 -7.78628e-07 -0
0.0441734 5 46415.9 -4.28996e-07 -0
0.0441734 5 71968.6 -2.28239e-07 -0
0.0441734 5 111588 -1.14393e-07 -0
0.0441734 5 173020 -5.85036e-08 -0
0.0441734 5 268270 -2.62383e-08 -0
0.0441734 5 415956 -1.08339e-08 -0
0.0441734 5 644947 -4.60833e-09 -0
0.0441734 5 1e+06 -3.82299e-09 -0

0.107711 5 1e-06 -178199 -0
0.107711 5 1.55052e-06 -114929 -0
0.107711 5 2.4041e-06 -74122.6 -0
0.107711 5 3.72759e-06 -47804.9 -0
0.107711 5 5.77969e-06 -30831.4 -0
0.107711 5 8.96151e-06 -19884.4 -0
0.107711 5 1.3895e-05 -12824.1 -0
0.107711 5 2.15443e-05 -8270.66 -0
0.107711 5 3.34048e-05 -5333.91 -0
0.107711 5 5.17947e-05 -3439.87 -0
0.107711 5 8.03086e-05 -2218.31 -0
0.107711 5 0.00012452 -1430.46 -0
0.107711 5 0.00019307 -922.35 -0
0.107711 5 0.000299358 -594.643 -0
0.107711 5 0.000464159 -383.289 -0
0.107711 5 0.000719686 -246.978 -0
0.107711 5 0.00111588 -159.065 -0
0.107711 5 0.0017302 -102.366 -0
0.107711 5 0.0026827 -65.7992 -0
0.107711 5 0.00415956 -42.2173 -0
0.107711 5 0.00644947 -27.0106 -0
0.107711 5 0.01 -17.2067 -0
0.107711 5 0.0155052 -10.8894 -0
0.107711 5 0.024041 -6.82346 -0
0.107711 5 0.0372759 -4.21371 -0
0.107711 5 0.0577969 -2.54873 -0
0.107711 5 0.0896151 -1.50006 -0
0.107711 5 0.13895 -0.8565 -0
0.107711 5 0.215443 -0.479805 -0
0.107711 5 0.334048 -0.273991 -0
0.107711 5 0.517947 -0.166427 -0
0.107711 5 0.803086 -0.103667 -0
0.107711 5 1.2452 -0.0609987 -0
0.107711 5 1.9307 -0.0307553 -0
0.107711 5 2.99358 -0.00693065 -0
0.107711 5 4.64159 0.00292921 -0
0.107711 5 7.19686 0.000948034 -0
0.107711 5 11.1588 0.00387897 -0
0.107711 5 17.302 0.000543343 -0
0.107711 5 26.827 -0.00118836 -0
0.107711 5 41.5956 -0.000823024 -0
0.107711 5 64.4947 -0.00050852 -0
0.107711 5 100 -0.000322451 -0
0.107711 5 155.052 -0.000191421 -0
0.107711 5 240.41 -0.000112536 -0
0.107711 5 372.759 -7.08359e-05 -0
0.107711 5 577.969 -4.29276e-05 -0
0.107711 5 896.151 -2.44417e-05 -0
0.107711 5 1389.5 -1.46458e-05 -0
0.107711 5 2154.43 -8.8323e-06 -0
0.107711 5 3340.48 -5.23679e-06 -0
0.107711 5 5179.47 -3.05247e-06 -0
0.107711 5 8030.86 -1.72791e-06 -0
0.107711 5 12452 -9.9256e-07 -0
0.107711 5 19307 -5.68649e-07 -0
0.107711 5 29935.8 -3.19287e-07 -0
0.107711 5 46415.9 -1.75921e-07 -0
0.107711 5 71968.6 -9.35969e-08 -0
0.107711 5 111588 -4.69112e-08 -0
0.107711 5 173020 -2.39918e-08 -0
0.107711 5 268270 -1.07601e-08 -0
0.107711 5 415956 -4.44291e-09 -0
0.107711 5 644947 -1.88984e-09 -0
0.107711 5 1e+06 -1.56782e-09 -0

0.262636 5 1e-06 -73763 -0
0.262636 5 1.55052e-06 -47573.1 -0
0.262636 5 2.4041e-06 -30681.9 -0
0.262636 5 3.72759e-06 -19788 -0
0.262636 5 5.77969e-06 -12762 -0
0.262636 5 8.96151e-06 -8230.65 -0
0.262636 5 1.3895e-05 -5308.15 -0
0.262636 5 2.15443e-05 -3423.3 -0
0.262636 5 3.34048e-05 -2207.67 -0
0.262636 5 5.17947e-05 -1423.65 -0
0.262636 5 8.03086e-05 -917.999 -0
0.262636 5 0.00012452 -591.882 -0
0.262636 5 0.00019307 -381.554 -0
0.262636 5 0.000299358 -245.904 -0
0.262636 5 0.000464159 -158.417 -0
0.262636 5 0.000719686 -101.992 -0
0.262636 5 0.00111588 -65.6019 -0
0.262636 5 0.0017302 -42.1325 -0
0.262636 5 0.0026827 -26.9968 -0
0.262636 5 0.00415956 -17.2362 -0
0.262636 5 0.00644947 -10.9429 -0
0.262636 5 0.01 -6.88678 -0
0.262636 5 0.0155052 -4.27495 -0
0.262636 5 0.024041 -2.59669 -0
0.262636 5 0.0372759 -1.52358 -0
0.262636 5 0.0577969 -0.845003 -0
0.262636 5 0.0896151 -0.426184 -0
0.262636 5 0.13895 -0.181021 -0
0.262636 5 0.215443 -0.0533247 -0
0.262636 5 0.334048 -0.00292473 -0
0.262636 5 0.517947 0.00332224 -0
0.262636 5 0.803086 -0.00495223 -0
0.262636 5 1.2452 -0.00833284 -0
0.262636 5 1.9307 -0.00531467 -0
0.262636 5 2.99358 -0.000674818 -0
0.262636 5 4.64159 0.00185013 -0
0.262636 5 7.19686 0.000595097 -0
0.262636 5 11.1588 0.00164417 -0
0.262636 5 17.302 0.000253034 -0
0.262636 5 26.827 -0.000470772 -0
0.262636 5 41.5956 -0.000329694 -0
0.262636 5 64.4947 -0.000204823 -0
0.262636 5 100 -0.000130491 -0
0.262636 5 155.052 -7.77105e-05 -0
0.262636 5 240.41 -4.57939e-05 -0
0.262636 5 372.759 -2.88887e-05 -0
0.262636 5 577.969 -1.75333e-05 -0
0.262636 5 896.151 -9.99243e-06 -0
0.262636 5 1389.5 -5.99263e-06 -0
0.262636 5 2154.43 -3.61622e-06 -0
0.262636 5 3340.48 -2.14507e-06 -0
0.262636 5 5179.47 -1.25073e-06 -0
0.262636 5 8030.86 -7.08154e-07 -0
0.262636 5 12452 -4.06854e-07 -0
0.262636 5 19307 -2.33121e-07 -0
0.262636 5 29935.8 -1.30906e-07 -0
0.262636 5 46415.9 -7.21312e-08 -0
0.262636 5 71968.6 -3.83784e-08 -0
0.262636 5 111588 -1.9236e-08 -0
0.262636 5 173020 -9.83813e-09 -0
0.262636 5 268270 -4.41235e-09 -0
0.262636 5 415956 -1.82187e-09 -0
0.262636 5 644947 -7.74955e-10 -0
0.262636 5 1e+06 -6.42943e-10 -0

0.6404 5 1e-06 -30266 -0
0.6404 5 1.55052e-06 -19519.8 -0
0.6404 5 2.4041e-06 -12589.1 -0
0.6404 5 3.72759e-06 -8119.17 -0
0.6404 5 5.77969e-06 -5236.3 -0
0.6404 5 8.96151e-06 -3377 -0
0.6404 5 1.3895e-05 -2177.85 -0
0.6404 5 2.15443e-05 -1404.46 -0
0.6404 5 3.34048e-05 -905.666 -0
0.6404 5 5.17947e-05 -583.97 -0
0.6404 5 8.03086e-05 -376.494 -0
0.6404 5 0.00012452 -242.683 -0
0.6404 5 0.00019307 -156.382 -0
0.6404 5 0.000299358 -100.722 -0
0.6404 5 0.000464159 -64.825 -0
0.6404 5 0.000719686 -41.6734 -0
0.6404 5 0.00111588 -26.742 -0
0.6404 5 0.0017302 -17.1124 -0
0.6404 5 0.0026827 -10.9024 -0
0.6404 5 0.00415956 -6.89814 -0
0.6404 5 0.00644947 -4.31693 -0
0.6404 5 0.01 -2.65423 -0
0.6404 5 0.0155052 -1.58499 -0
0.6404 5 0.024041 -0.90005 -0
0.6404 5 0.0372759 -0.465226 -0
0.6404 5 0.0577969 -0.194876 -0
0.6404 5 0.0896151 -0.0345437 -0
0.6404 5 0.13895 0.0502297 -0
0.6404 5 0.215443 0.0819275 -0
0.6404 5 0.334048 0.0775371 -0
0.6404 5 0.517947 0.0529168 -0
0.6404 5 0.803086 0.0254533 -0
0.6404 5 1.2452 0.00951106 -0
0.6404 5 1.9307 0.00397081 -0
0.6404 5 2.99358 0.00162449 -0
0.6404 5 4.64159 0.00134185 -0
0.6404 5 7.19686 0.000435853 -0
0.6404 5 11.1588 0.000723459 -0
0.6404 5 17.302 0.000132351 -0
0.6404 5 26.827 -0.000177139 -0
0.6404 5 41.5956 -0.00012764 -0
0.6404 5 64.4947 -8.03817e-05 -0
0.6404 5 100 -5.181e-05 -0
0.6404 5 155.052 -3.10946e-05 -0
0.6404 5 240.41 -1.84296e-05 -0
0.6404 5 372.759 -1.16885e-05 -0
0.6404 5 577.969 -7.11997e-06 -0
0.6404 5 896.151 -4.06708e-06 -0
0.6404 5 1389.5 -2.44405e-06 -0
0.6404 5 2154.43 -1.47711e-06 -0
0.6404 5 3340.48 -8.7714e-07 -0
0.6404 5 5179.47 -5.11829e-07 -0
0.6404 5 8030.86 -2.89945e-07 -0
0.6404 5 12452 -1.66651e-07 -0
0.6404 5 19307 -9.55181e-08 -0
0.6404 5 29935.8 -5.36486e-08 -0
0.6404 5 46415.9 -2.95659e-08 -0
0.6404 5 71968.6 -1.57327e-08 -0
0.6404 5 111588 -7.88604e-09 -0
0.6404 5 173020 -4.03352e-09 -0
0.6404 5 268270 -1.80904e-09 -0
0.6404 5 415956 -7.46955e-10 -0
0.6404 5 644947 -3.17726e-10 -0
0.6404 5 1e+06 -2.6364e-10 -0

1.56152 5 1e-06 -11594.5 -0
1.56152 5 1.55052e-06 -7477.76 -0
1.56152 5 2.4041e-06 -4822.69 -0
1.56152 5 3.72759e-06 -3110.31 -0
1.56152 5 5.77969e-06 -2005.91 -0
1.56152 5 8.96151e-06 -1293.64 -0
1.56152 5 1.3895e-05 -834.257 -0
1.56152 5 2.15443e-05 -537.982 -0
1.56152 5 3.34048e-05 -346.9 -0
1.56152 5 5.17947e-05 -223.662 -0
1.56152 5 8.03086e-05 -144.181 -0
1.56152 5 0.00012452 -92.9195 -0
1.56152 5 0.00019307 -59.8586 -0
1.56152 5 0.000299358 -38.5361 -0
1.56152 5 0.000464159 -24.7843 -0
1.56152 5 0.000719686 -15.9152 -0
1.56152 5 0.00111588 -10.1953 -0
1.56152 5 0.0017302 -6.50634 -0
1.56152 5 0.0026827 -4.12745 -0
1.56152 5 0.00415956 -2.59361 -0
1.56152 5 0.00644947 -1.605 -0
1.56152 5 0.01 -0.968363 -0
1.56152 5 0.0155052 -0.559249 -0
1.56152 5 0.024041 -0.297609 -0
1.56152 5 0.0372759 -0.132158 -0
1.56152 5 0.0577969 -0.0302506 -0
1.56152 5 0.0896151 0.0287871 -0
1.56152 5 0.13895 0.0579053 -0
1.56152 5 0.215443 0.0653841 -0
1.56152 5 0.334048 0.0574128 -0
1.56152 5 0.517947 0.0400469 -0
1.56152 5 0.803086 0.0215001 -0
1.56152 5 1.2452 0.0104499 -0
1.56152 5 1.9307 0.00559884 -0
1.56152 5 2.99358 0.0020195 -0
1.56152 5 4.64159 0.000988813 -0
1.56152 5 7.19686 0.000334457 -0
1.56152 5 11.1588 0.000335375 -0
1.56152 5 17.302 7.89403e-05 -0
1.56152 5 26.827 -5.82989e-05 -0
1.56152 5 41.5956 -4.54137e-05 -0
1.56152 5 64.4947 -2.96053e-05 -0
1.56152 5 100 -1.96462e-05 -0
1.56152 5 155.052 -1.20187e-05 -0
1.56152 5 240.41 -7.22385e-06 -0
1.56152 5 372.759 -4.6412e-06 -0
1.56152 5 577.969 -2.85199e-06 -0
1.56152 5 896.151 -1.63808e-06 -0
1.56152 5 1389.5 -9.89154e-07 -0
1.56152 5 2154.43 -6.00002e-07 -0
1.56152 5 3340.48 -3.57215e-07 -0
1.56152 5 5179.47 -2.08822e-07 -0
1.56152 5 8030.86 -1.18443e-07 -0
1.56152 5 12452 -6.81446e-08 -0
1.56152 5 19307 -3.9087e-08 -0
1.56152 5 29935.8 -2.19651e-08 -0
1.56152 5 46415.9 -1.21097e-08 -0
1.56152 5 71968.6 -6.4455e-09 -0
1.56152 5 111588 -3.23133e-09 -0
1.56152 5 173020 -1.653e-09 -0
1.56152 5 268270 -7.41402e-10 -0
1.56152 5 415956 -3.0612e-10 -0
1.56152 5 644947 -1.30212e-10 -0
1.56152 5 1e+06 -1.08083e-10 -0

3.80755 5 1e-06 -3795.61 -0
3.80755 5 1.55052e-06 -2447.95 -0
3.80755 5 2.4041e-06 -1578.78 -0
3.80755 5 3.72759e-06 -1018.21 -0
3.80755 5 5.77969e-06 -656.679 -0
3.80755 5 8.96151e-06 -423.508 -0
3.80755 5 1.3895e-05 -273.125 -0
3.80755 5 2.15443e-05 -176.136 -0
3.80755 5 3.34048e-05 -113.583 -0
3.80755 5 5.17947e-05 -73.2402 -0
3.80755 5 8.03086e-05 -47.221 -0
3.80755 5 0.00012452 -30.44 -0
3.80755 5 0.00019307 -19.6171 -0
3.80755 5 0.000299358 -12.637 -0
3.80755 5 0.000464159 -8.13515 -0
3.80755 5 0.000719686 -5.23172 -0
3.80755 5 0.00111588 -3.35918 -0
3.80755 5 0.0017302 -2.15151 -0
3.80755 5 0.0026827 -1.37265 -0
3.80755 5 0.00415956 -0.870374 -0
3.80755 5 0.00644947 -0.546499 -0
3.80755 5 0.01 -0.33772 -0
3.80755 5 0.0155052 -0.203229 -0
3.80755 5 0.024041 -0.116728 -0
3.80755 5 0.0372759 -0.0613043 -0
3.80755 5 0.0577969 -0.026115 -0
3.80755 5 0.0896151 -0.00424285 -0
3.80755 5 0.13895 0.00860585 -0
3.80755 5 0.215443 0.0149207 -0
3.80755 5 0.334048 0.0160324 -0
3.80755 5 0.517947 0.012893 -0
3.80755 5 0.803086 0.00791786 -0
3.80755 5 1.2452 0.0051077 -0
3.80755 5 1.9307 0.00362093 -0
3.80755 5 2.99358 0.0013762 -0
3.80755 5 4.64159 0.000611448 -0
3.80755 5 7.19686 0.000232622 -0
3.80755 5 11.1588 0.000158399 -0
3.80755 5 17.302 4.99572e-05 -0
3.80755 5 26.827 -1.25053e-05 -0
3.80755 5 41.5956 -1.29013e-05 -0
3.80755 5 64.4947 -9.27764e-06 -0
3.80755 5 100 -6.65707e-06 -0
3.80755 5 155.052 -4.27667e-06 -0
3.80755 5 240.41 -2.66088e-06 -0
3.80755 5 372.759 -1.76408e-06 -0
3.80755 5 577.969 -1.10686e-06 -0
3.80755 5 896.151 -6.44006e-07 -0
3.80755 5 1389.5 -3.93315e-07 -0
3.80755 5 2154.43 -2.40622e-07 -0
3.80755 5 3340.48 -1.4412e-07 -0
3.80755 5 5179.47 -8.46087e-08 -0
3.80755 5 8030.86 -4.8129e-08 -0
3.80755 5 12452 -2.77545e-08 -0
3.80755 5 19307 -1.59473e-08 -0
3.80755 5 29935.8 -8.97273e-09 -0
3.80755 5 46415.9 -4.95118e-09 -0
3.80755 5 71968.6 -2.63693e-09 -0
3.80755 5 111588 -1.32247e-09 -0
3.80755 5 173020 -6.76749e-10 -0
3.80755 5 268270 -3.03564e-10 -0
3.80755 5 415956 -1.25334e-10 -0
3.80755 5 644947 -5.33128e-11 -0
3.80755 5 1e+06 -4.42885e-11 -0

9.28415 5 1e-06 -1115.94 -0
9.28415 5 1.55052e-06 -719.72 -0
9.28415 5 2.4041e-06 -464.179 -0
9.28415 5 3.72759e-06 -299.369 -0
9.28415 5 5.77969e-06 -193.076 -0
9.28415 5 8.96151e-06 -124.522 -0
9.28415 5 1.3895e-05 -80.3082 -0
9.28415 5 2.15443e-05 -51.7928 -0
9.28415 5 3.34048e-05 -33.4019 -0
9.28415 5 5.17947e-05 -21.5408 -0
9.28415 5 8.03086e-05 -13.8909 -0
9.28415 5 0.00012452 -8.95722 -0
9.28415 5 0.00019307 -5.77524 -0
9.28415 5 0.000299358 -3.72302 -0
9.28415 5 0.000464159 -2.39945 -0
9.28415 5 0.000719686 -1.54582 -0
9.28415 5 0.00111588 -0.99527 -0
9.28415 5 0.0017302 -0.640189 -0
9.28415 5 0.0026827 -0.411173 -0
9.28415 5 0.00415956 -0.26346 -0
9.28415 5 0.00644947 -0.168175 -0
9.28415 5 0.01 -0.106696 -0
9.28415 5 0.0155052 -0.0670063 -0
9.28415 5 0.024041 -0.0413519 -0
9.28415 5 0.0372759 -0.0247268 -0
9.28415 5 0.0577969 -0.013903 -0
9.28415 5 0.0896151 -0.00680915 -0
9.28415 5 0.13895 -0.00216776 -0
9.28415 5 0.215443 0.000704327 -0
9.28415 5 0.334048 0.00204512 -0
9.28415 5 0.517947 0.00194548 -0
9.28415 5 0.803086 0.00116948 -0
9.28415 5 1.2452 0.00118626 -0
9.28415 5 1.9307 0.00125498 -0
9.28415 5 2.99358 0.000504666 -0
9.28415 5 4.64159 0.000236007 -0
9.28415 5 7.19686 0.000121065 -0
9.28415 5 11.1588 6.49672e-05 -0
9.28415 5 17.302 2.86469e-05 -0
9.28415 5 26.827 2.04955e-06 -0
9.28415 5 41.5956 -1.37488e-06 -0
9.28415 5 64.4947 -1.70628e-06 -0
9.28415 5 100 -1.64811e-06 -0
9.28415 5 155.052 -1.23167e-06 -0
9.28415 5 240.41 -8.42408e-07 -0
9.28415 5 372.759 -6.05491e-07 -0
9.28415 5 577.969 -3.99743e-07 -0
9.28415 5 896.151 -2.39765e-07 -0
9.28415 5 1389.5 -1.50334e-07 -0
9.28415 5 2154.43 -9.3789e-08 -0
9.28415 5 3340.48 -5.6949e-08 -0
9.28415 5 5179.47 -3.3756e-08 -0
9.28415 5 8030.86 -1.93281e-08 -0
9.28415 5 12452 -1.12043e-08 -0
9.28415 5 19307 -6.46317e-09 -0
9.28415 5 29935.8 -3.64669e-09 -0
9.28415 5 46415.9 -2.01633e-09 -0
9.28415 5 71968.6 -1.07536e-09 -0
9.28415 5 111588 -5.3977e-10 -0
9.28415 5 173020 -2.76439e-10 -0
9.28415 5 268270 -1.24026e-10 -0
9.28415 5 415956 -5.12015e-11 -0
9.28415 5 644947 -2.17794e-11 -0
9.28415 5 1e+06 -1.81271e-11 -0

22.638 5 1e-06 -338.211 -0
22.638 5 1.55052e-06 -218.128 -0
22.638 5 2.4041e-06 -140.681 -0
22.638 5 3.72759e-06 -90.7314 -0
22.638 5 5.77969e-06 -58.5168 -0
22.638 5 8.96151e-06 -37.7401 -0
22.638 5 1.3895e-05 -24.3402 -0
22.638 5 2.15443e-05 -15.698 -0
22.638 5 3.34048e-05 -10.1243 -0
22.638 5 5.17947e-05 -6.52948 -0
22.638 5 8.03086e-05 -4.21104 -0
22.638 5 0.00012452 -2.71577 -0
22.638 5 0.00019307 -1.7514 -0
22.638 5 0.000299358 -1.12943 -0
22.638 5 0.000464159 -0.728294 -0
22.638 5 0.000719686 -0.469581 -0
22.638 5 0.00111588 -0.302725 -0
22.638 5 0.0017302 -0.19511 -0
22.638 5 0.0026827 -0.125701 -0
22.638 5 0.00415956 -0.0809321 -0
22.638 5 0.00644947 -0.0520526 -0
22.638 5 0.01 -0.0334178 -0
22.638 5 0.0155052 -0.0213858 -0
22.638 5 0.024041 -0.0136057 -0
22.638 5 0.0372759 -0.00855956 -0
22.638 5 0.0577969 -0.00526767 -0
22.638 5 0.0896151 -0.00310059 -0
22.638 5 0.13895 -0.00166766 -0
22.638 5 0.215443 -0.000754751 -0
22.638 5 0.334048 -0.000277483 -0
22.638 5 0.517947 -0.000187316 -0
22.638 5 0.803086 -0.000236306 -0
22.638 5 1.2452 -8.5298e-06 -0
22.638 5 1.9307 0.000185619 -0
22.638 5 2.99358 6.12415e-05 -0
22.638 5 4.64159 2.3463e-05 -0
22.638 5 7.19686 3.66086e-05 -0
22.638 5 11.1588 1.54349e-05 -0
22.638 5 17.302 1.19903e-05 -0
22.638 5 26.827 3.74264e-06 -0
22.638 5 41.5956 1.35857e-06 -0
22.638 5 64.4947 4.95531e-07 -0
22.638 5 100 1.237e-08 -0
22.638 5 155.052 -1.49165e-07 -0
22.638 5 240.41 -1.65844e-07 -0
22.638 5 372.759 -1.58785e-07 -0
22.638 5 577.969 -1.21316e-07 -0
22.638 5 896.151 -7.86596e-08 -0
22.638 5 1389.5 -5.25712e-08 -0
22.638 5 2154.43 -3.43296e-08 -0
22.638 5 3340.48 -2.15037e-08 -0
22.638 5 5179.47 -1.3023e-08 -0
22.638 5 8030.86 -7.56559e-09 -0
22.638 5 12452 -4.43665e-09 -0
22.638 5 19307 -2.58155e-09 -0
22.638 5 29935.8 -1.46561e-09 -0
22.638 5 46415.9 -8.13999e-10 -0
22.638 5 71968.6 -4.35462e-10 -0
22.638 5 111588 -2.18985e-10 -0
22.638 5 173020 -1.12351e-10 -0
22.638 5 268270 -5.04287e-11 -0
22.638 5 415956 -2.08125e-11 -0
22.638 5 644947 -8.85272e-12 -0
22.638 5 1e+06 -7.40028e-12 -0

55.1995 5 1e-06 -109.309 -0
55.1995 5 1.55052e-06 -70.4984 -0
55.1995 5 2.4041e-06 -45.4677 -0
55.1995 5 3.72759e-06 -29.3243 -0
55.1995 5 5.77969e-06 -18.9126 -0
55.1995 5 8.96151e-06 -12.1976 -0
55.1995 5 1.3895e-05 -7.86682 -0
55.1995 5 2.15443e-05 -5.07369 -0
55.1995 5 3.34048e-05 -3.27226 -0
55.1995 5 5.17947e-05 -2.11044 -0
55.1995 5 8.03086e-05 -1.36113 -0
55.1995 5 0.00012452 -0.877862 -0
55.1995 5 0.00019307 -0.56618 -0
55.1995 5 0.000299358 -0.365162 -0
55.1995 5 0.000464159 -0.235516 -0
55.1995 5 0.000719686 -0.151901 -0
55.1995 5 0.00111588 -0.0979736 -0
55.1995 5 0.0017302 -0.0631929 -0
55.1995 5 0.0026827 -0.0407607 -0
55.1995 5 0.00415956 -0.0262922 -0
55.1995 5 0.00644947 -0.0169594 -0
55.1995 5 0.01 -0.0109383 -0
55.1995 5 0.0155052 -0.00705186 -0
55.1995 5 0.024041 -0.00454081 -0
55.1995 5 0.0372759 -0.0029149 -0
55.1995 5 0.0577969 -0.00185781 -0
55.1995 5 0.0896151 -0.00116605 -0
55.1995 5 0.13895 -0.000711681 -0
55.1995 5 0.215443 -0.000420351 -0
55.1995 5 0.334048 -0.000255503 -0
55.1995 5 0.517947 -0.00019342 -0
55.1995 5 0.803086 -0.000168569 -0
55.1995 5 1.2452 -8.26478e-05 -0
55.1995 5 1.9307 -9.30711e-06 -0
55.1995 5 2.99358 -1.92021e-05 -0
55.1995 5 4.64159 -1.83616e-05 -0
55.1995 5 7.19686 2.50706e-06 -0
55.1995 5 11.1588 -1.79021e-06 -0
55.1995 5 17.302 2.3631e-06 -0
55.1995 5 26.827 1.73894e-06 -0
55.1995 5 41.5956 9.83083e-07 -0
55.1995 5 64.4947 6.19675e-07 -0
55.1995 5 100 3.1855e-07 -0
55.1995 5 155.052 1.25925e-07 -0
55.1995 5 240.41 3.77564e-08 -0
55.1995 5 372.759 -7.06586e-09 -0
55.1995 5 577.969 -2.02487e-08 -0
55.1995 5 896.151 -1.7985e-08 -0
55.1995 5 1389.5 -1.46806e-08 -0
55.1995 5 2154.43 -1.08382e-08 -0
55.1995 5 3340.48 -7.32816e-09 -0
55.1995 5 5179.47 -4.66574e-09 -0
55.1995 5 8030.86 -2.80027e-09 -0
55.1995 5 12452 -1.68474e-09 -0
55.1995 5 19307 -9.99149e-10 -0
55.1995 5 29935.8 -5.74946e-10 -0
55.1995 5 46415.9 -3.22448e-10 -0
55.1995 5 71968.6 -1.73652e-10 -0
55.1995 5 111588 -8.76771e-11 -0
55.1995 5 173020 -4.51575e-11 -0
55.1995 5 268270 -2.02866e-11 -0
55.1995 5 415956 -8.36616e-12 -0
55.1995 5 644947 -3.55802e-12 -0
55.1995 5 1e+06 -3.00377e-12 -0

134.596 5 1e-06 -36.9296 -0
134.596 5 1.55052e-06 -23.8176 -0
134.596 5 2.4041e-06 -15.3611 -0
134.596 5 3.72759e-06 -9.9071 -0
134.596 5 5.77969e-06 -6.38955 -0
134.596 5 8.96151e-06 -4.12092 -0
134.596 5 1.3895e-05 -2.65778 -0
134.596 5 2.15443e-05 -1.71413 -0
134.596 5 3.34048e-05 -1.10553 -0
134.596 5 5.17947e-05 -0.713008 -0
134.596 5 8.03086e-05 -0.459856 -0
134.596 5 0.00012452 -0.296586 -0
134.596 5 0.00019307 -0.191285 -0
134.596 5 0.000299358 -0.123372 -0
134.596 5 0.000464159 -0.0795716 -0
134.596 5 0.000719686 -0.0513227 -0
134.596 5 0.00111588 -0.0331035 -0
134.596 5 0.0017302 -0.0213531 -0
134.596 5 0.0026827 -0.0137746 -0
134.596 5 0.00415956 -0.00888672 -0
134.596 5 0.00644947 -0.00573402 -0
134.596 5 0.01 -0.00370032 -0
134.596 5 0.0155052 -0.0023881 -0
134.596 5 0.024041 -0.00154094 -0
134.596 5 0.0372759 -0.000993343 -0
134.596 5 0.0577969 -0.000638571 -0
134.596 5 0.0896151 -0.00040788 -0
134.596 5 0.13895 -0.000257571 -0
134.596 5 0.215443 -0.000161024 -0
134.596 5 0.334048 -0.00010324 -0
134.596 5 0.517947 -7.44273e-05 -0
134.596 5 0.803086 -5.83939e-05 -0
134.596 5 1.2452 -3.3749e-05 -0
134.596 5 1.9307 -1.35472e-05 -0
134.596 5 2.99358 -1.21922e-05 -0
134.596 5 4.64159 -1.00811e-05 -0
134.596 5 7.19686 -2.4857e-06 -0
134.596 5 11.1588 -2.77344e-06 -0
134.596 5 17.302 -4.68371e-07 -0
134.596 5 26.827 2.62616e-07 -0
134.596 5 41.5956 2.49874e-07 -0
134.596 5 64.4947 2.55411e-07 -0
134.596 5 100 1.9587e-07 -0
134.596 5 155.052 1.1092e-07 -0
134.596 5 240.41 5.91529e-08 -0
134.596 5 372.759 2.65406e-08 -0
134.596 5 577.969 8.63722e-09 -0
134.596 5 896.151 1.53755e-09 -0
134.596 5 1389.5 -1.39052e-09 -0
134.596 5 2154.43 -2.13395e-09 -0
134.596 5 3340.48 -1.89522e-09 -0
134.596 5 5179.47 -1.39318e-09 -0
134.596 5 8030.86 -9.08741e-10 -0
134.596 5 12452 -5.81542e-10 -0
134.596 5 19307 -3.6044e-10 -0
134.596 5 29935.8 -2.13811e-10 -0
134.596 5 46415.9 -1.22527e-10 -0
134.596 5 71968.6 -6.69544e-11 -0
134.596 5 111588 -3.40983e-11 -0
134.596 5 173020 -1.77106e-11 -0
134.596 5 268270 -7.96943e-12 -0
134.596 5 415956 -3.27972e-12 -0
134.596 5 644947 -1.39387e-12 -0
134.596 5 1e+06 -1.20365e-12 -0

328.193 5 1e-06 -12.7682 -0
328.193 5 1.55052e-06 -8.23484 -0
328.193 5 2.4041e-06 -5.31103 -0
328.193 5 3.72759e-06 -3.42533 -0
328.193 5 5.77969e-06 -2.20916 -0
328.193 5 8.96151e-06 -1.42479 -0
328.193 5 1.3895e-05 -0.918914 -0
328.193 5 2.15443e-05 -0.592652 -0
328.193 5 3.34048e-05 -0.382229 -0
328.193 5 5.17947e-05 -0.246518 -0
328.193 5 8.03086e-05 -0.158992 -0
328.193 5 0.00012452 -0.102542 -0
328.193 5 0.00019307 -0.0661348 -0
328.193 5 0.000299358 -0.0426541 -0
328.193 5 0.000464159 -0.0275103 -0
328.193 5 0.000719686 -0.0177434 -0
328.193 5 0.00111588 -0.0114442 -0
328.193 5 0.0017302 -0.0073816 -0
328.193 5 0.0026827 -0.00476139 -0
328.193 5 0.00415956 -0.00307147 -0
328.193 5 0.00644947 -0.00198151 -0
328.193 5 0.01 -0.00127848 -0
328.193 5 0.0155052 -0.000824961 -0
328.193 5 0.024041 -0.000532311 -0
328.193 5 0.0372759 -0.000343352 -0
328.193 5 0.0577969 -0.000221199 -0
328.193 5 0.0896151 -0.000142084 -0
328.193 5 0.13895 -9.07919e-05 -0
328.193 5 0.215443 -5.77912e-05 -0
328.193 5 0.334048 -3.73229e-05 -0
328.193 5 0.517947 -2.56465e-05 -0
328.193 5 0.803086 -1.85641e-05 -0
328.193 5 1.2452 -1.13807e-05 -0
328.193 5 1.9307 -5.90591e-06 -0
328.193 5 2.99358 -4.57392e-06 -0
328.193 5 4.64159 -3.51229e-06 -0
328.193 5 7.19686 -1.46586e-06 -0
328.193 5 11.1588 -1.25292e-06 -0
328.193 5 17.302 -5.25573e-07 -0
328.193 5 26.827 -1.27521e-07 -0
328.193 5 41.5956 -3.35964e-08 -0
328.193 5 64.4947 3.45914e-08 -0
328.193 5 100 5.95576e-08 -0
328.193 5 155.052 4.51308e-08 -0
328.193 5 240.41 3.16906e-08 -0
328.193 5 372.759 2.05468e-08 -0
328.193 5 577.969 1.08014e-08 -0
328.193 5 896.151 5.08427e-09 -0
328.193 5 1389.5 2.0751e-09 -0
328.193 5 2154.43 5.81087e-10 -0
328.193 5 3340.48 -2.68448e-11 -0
328.193 5 5179.47 -2.00381e-10 -0
328.193 5 8030.86 -1.94396e-10 -0
328.193 5 12452 -1.54186e-10 -0
328.193 5 19307 -1.08696e-10 -0
328.193 5 29935.8 -6.98407e-11 -0
328.193 5 46415.9 -4.22105e-11 -0
328.193 5 71968.6 -2.38734e-11 -0
328.193 5 111588 -1.23988e-11 -0
328.193 5 173020 -6.56503e-12 -0
328.193 5 268270 -2.96277e-12 -0
328.193 5 415956 -1.21183e-12 -0
328.193 5 644947 -5.13662e-13 -0
328.193 5 1e+06 -4.68363e-13 -0

800.25 5 1e-06 -4.45474 -0
800.25 5 1.55052e-06 -2.87307 -0
800.25 5 2.4041e-06 -1.85298 -0
800.25 5 3.72759e-06 -1.19507 -0
800.25 5 5.77969e-06 -0.770757 -0
800.25 5 8.96151e-06 -0.497097 -0
800.25 5 1.3895e-05 -0.320601 -0
800.25 5 2.15443e-05 -0.206771 -0
800.25 5 3.34048e-05 -0.133356 -0
800.25 5 5.17947e-05 -0.0860079 -0
800.25 5 8.03086e-05 -0.0554706 -0
800.25 5 0.00012452 -0.0357757 -0
800.25 5 0.00019307 -0.0230736 -0
800.25 5 0.000299358 -0.0148814 -0
800.25 5 0.000464159 -0.00959781 -0
800.25 5 0.000719686 -0.0061902 -0
800.25 5 0.00111588 -0.00399248 -0
800.25 5 0.0017302 -0.00257506 -0
800.25 5 0.0026827 -0.0016609 -0
800.25 5 0.00415956 -0.00107131 -0
800.25 5 0.00644947 -0.000691044 -0
800.25 5 0.01 -0.000445783 -0
800.25 5 0.0155052 -0.000287585 -0
800.25 5 0.024041 -0.000185529 -0
800.25 5 0.0372759 -0.000119671 -0
800.25 5 0.0577969 -7.71469e-05 -0
800.25 5 0.0896151 -4.96637e-05 -0
800.25 5 0.13895 -3.18927e-05 -0
800.25 5 0.215443 -2.04459e-05 -0
800.25 5 0.334048 -1.32059e-05 -0
800.25 5 0.517947 -8.80247e-06 -0
800.25 5 0.803086 -6.04051e-06 -0
800.25 5 1.2452 -3.80202e-06 -0
800.25 5 1.9307 -2.2071e-06 -0
800.25 5 2.99358 -1.57068e-06 -0
800.25 5 4.64159 -1.12761e-06 -0
800.25 5 7.19686 -5.86203e-07 -0
800.25 5 11.1588 -4.43697e-07 -0
800.25 5 17.302 -2.38608e-07 -0
800.25 5 26.827 -1.05024e-07 -0
800.25 5 41.5956 -5.51034e-08 -0
800.25 5 64.4947 -1.90946e-08 -0
800.25 5 100 2.33832e-09 -0
800.25 5 155.052 6.73515e-09 -0
800.25 5 240.41 8.06926e-09 -0
800.25 5 372.759 8.24117e-09 -0
800.25 5 577.969 5.72215e-09 -0
800.25 5 896.151 3.37141e-09 -0
800.25 5 1389.5 1.91696e-09 -0
800.25 5 2154.43 9.58606e-10 -0
800.25 5 3340.48 4.12403e-10 -0
800.25 5 5179.47 1.47714e-10 -0
800.25 5 8030.86 3.88968e-11 -0
800.25 5 12452 -3.79405e-12 -0
800.25 5 19307 -1.5708e-11 -0
800.25 5 29935.8 -1.49945e-11 -0
800.25 5 46415.9 -1.09824e-11 -0
800.25 5 71968.6 -6.90054e-12 -0
800.25 5 111588 -3.78154e-12 -0
800.25 5 173020 -2.10836e-12 -0
800.25 5 268270 -9.55772e-13 -0
800.25 5 415956 -3.82519e-13 -0
800.25 5 644947 -1.60272e-13 -0
800.25 5 1e+06 -1.69892e-13 -0

1951.29 5 1e-06 -1.55261 -0
1951.29 5 1.55052e-06 -1.00135 -0
1951.29 5 2.4041e-06 -0.645817 -0
1951.29 5 3.72759e-06 -0.416518 -0
1951.29 5 5.77969e-06 -0.268632 -0
1951.29 5 8.96151e-06 -0.173253 -0
1951.29 5 1.3895e-05 -0.111739 -0
1951.29 5 2.15443e-05 -0.0720658 -0
1951.29 5 3.34048e-05 -0.0464786 -0
1951.29 5 5.17947e-05 -0.0299762 -0
1951.29 5 8.03086e-05 -0.0193331 -0
1951.29 5 0.00012452 -0.0124688 -0
1951.29 5 0.00019307 -0.00804176 -0
1951.29 5 0.000299358 -0.00518653 -0
1951.29 5 0.000464159 -0.00334506 -0
1951.29 5 0.000719686 -0.00215741 -0
1951.29 5 0.00111588 -0.00139143 -0
1951.29 5 0.0017302 -0.000897423 -0
1951.29 5 0.0026827 -0.000578812 -0
1951.29 5 0.00415956 -0.000373323 -0
1951.29 5 0.00644947 -0.000240793 -0
1951.29 5 0.01 -0.000155316 -0
1951.29 5 0.0155052 -0.000100185 -0
1951.29 5 0.024041 -6.46233e-05 -0
1951.29 5 0.0372759 -4.16819e-05 -0
1951.29 5 0.0577969 -2.68774e-05 -0
1951.29 5 0.0896151 -1.73195e-05 -0
1951.29 5 0.13895 -1.11474e-05 -0
1951.29 5 0.215443 -7.16926e-06 -0
1951.29 5 0.334048 -4.62802e-06 -0
1951.29 5 0.517947 -3.03464e-06 -0
1951.29 5 0.803086 -2.02041e-06 -0
1951.29 5 1.2452 -1.28795e-06 -0
1951.29 5 1.9307 -7.89345e-07 -0
1951.29 5 2.99358 -5.35657e-07 -0
1951.29 5 4.64159 -3.66725e-07 -0
1951.29 5 7.19686 -2.12707e-07 -0
1951.29 5 11.1588 -1.49774e-07 -0
1951.29 5 17.302 -8.91882e-08 -0
1951.29 5 26.827 -4.84256e-08 -0
1951.29 5 41.5956 -2.89608e-08 -0
1951.29 5 64.4947 -1.53365e-08 -0
1951.29 5 100 -6.3121e-09 -0
1951.29 5 155.052 -2.4224e-09 -0
1951.29 5 240.41 -5.68872e-11 -0
1951.29 5 372.759 1.66684e-09 -0
1951.29 5 577.969 1.72215e-09 -0
1951.29 5 896.151 1.26199e-09 -0
1951.29 5 1389.5 9.46765e-10 -0
1951.29 5 2154.43 6.13433e-10 -0
1951.29 5 3340.48 3.43619e-10 -0
1951.29 5 5179.47 1.73976e-10 -0
1951.29 5 8030.86 8.22973e-11 -0
1951.29 5 12452 3.51415e-11 -0
1951.29 5 19307 1.27685e-11 -0
1951.29 5 29935.8 3.46319e-12 -0
1951.29 5 46415.9 1.56656e-13 -0
1951.29 5 71968.6 -6.24263e-13 -0
1951.29 5 111588 -5.27089e-13 -0
1951.29 5 173020 -3.94484e-13 -0
1951.29 5 268270 -1.78953e-13 -0
1951.29 5 415956 -6.11927e-14 -0
1951.29 5 644947 -2.29647e-14 -0
1951.29 5 1e+06 -5.05766e-14 -0

4757.94 5 1e-06 -0.537742 -0
4757.94 5 1.55052e-06 -0.346815 -0
4757.94 5 2.4041e-06 -0.223677 -0
4757.94 5 3.72759e-06 -0.14426 -0
4757.94 5 5.77969e-06 -0.0930399 -0
4757.94 5 8.96151e-06 -0.0600058 -0
4757.94 5 1.3895e-05 -0.0387005 -0
4757.94 5 2.15443e-05 -0.0249598 -0
4757.94 5 3.34048e-05 -0.0160977 -0
4757.94 5 5.17947e-05 -0.0103822 -0
4757.94 5 8.03086e-05 -0.00669596 -0
4757.94 5 0.00012452 -0.00431854 -0
4757.94 5 0.00019307 -0.00278523 -0
4757.94 5 0.000299358 -0.00179633 -0
4757.94 5 0.000464159 -0.00115854 -0
4757.94 5 0.000719686 -0.000747202 -0
4757.94 5 0.00111588 -0.000481909 -0
4757.94 5 0.0017302 -0.000310809 -0
4757.94 5 0.0026827 -0.000200459 -0
4757.94 5 0.00415956 -0.000129289 -0
4757.94 5 0.00644947 -8.33879e-05 -0
4757.94 5 0.01 -5.37838e-05 -0
4757.94 5 0.0155052 -3.46902e-05 -0
4757.94 5 0.024041 -2.2375e-05 -0
4757.94 5 0.0372759 -1.44313e-05 -0
4757.94 5 0.0577969 -9.30666e-06 -0
4757.94 5 0.0896151 -5.99985e-06 -0
4757.94 5 0.13895 -3.86581e-06 -0
4757.94 5 0.215443 -2.4899e-06 -0
4757.94 5 0.334048 -1.60667e-06 -0
4757.94 5 0.517947 -1.04477e-06 -0
4757.94 5 0.803086 -6.84661e-07 -0
4757.94 5 1.2452 -4.39118e-07 -0
4757.94 5 1.9307 -2.76288e-07 -0
4757.94 5 2.99358 -1.82845e-07 -0
4757.94 5 4.64159 -1.21701e-07 -0
4757.94 5 7.19686 -7.45322e-08 -0
4757.94 5 11.1588 -5.03584e-08 -0
4757.94 5 17.302 -3.13393e-08 -0
4757.94 5 26.827 -1.86681e-08 -0
4757.94 5 41.5956 -1.17001e-08 -0
4757.94 5 64.4947 -6.9838e-09 -0
4757.94 5 100 -3.83238e-09 -0
4757.94 5 155.052 -2.14111e-09 -0
4757.94 5 240.41 -1.02995e-09 -0
4757.94 5 372.759 -1.68596e-10 -0
4757.94 5 577.969 1.48856e-10 -0
4757.94 5 896.151 2.11603e-10 -0
4757.94 5 1389.5 2.71298e-10 -0
4757.94 5 2154.43 2.45007e-10 -0
4757.94 5 3340.48 1.73226e-10 -0
4757.94 5 5179.47 1.06837e-10 -0
4757.94 5 8030.86 6.08861e-11 -0
4757.94 5 12452 3.25524e-11 -0
4757.94 5 19307 1.60889e-11 -0
4757.94 5 29935.8 7.39603e-12 -0
4757.94 5 46415.9 3.17799e-12 -0
4757.94 5 71968.6 1.30183e-12 -0
4757.94 5 111588 5.39173e-13 -0
4757.94 5 173020 1.97982e-13 -0
4757.94 5 268270 9.44372e-14 -0
4757.94 5 415956 5.21494e-14 -0
4757.94 5 644947 2.58409e-14 -0
4757.94 5 1e+06 -4.69544e-15 -0

11601.6 5 1e-06 -0.183711 -0
11601.6 5 1.55052e-06 -0.118484 -0
11601.6 5 2.4041e-06 -0.0764157 -0
11601.6 5 3.72759e-06 -0.049284 -0
11601.6 5 5.77969e-06 -0.0317856 -0
11601.6 5 8.96151e-06 -0.0205 -0
11601.6 5 1.3895e-05 -0.0132214 -0
11601.6 5 2.15443e-05 -0.0085271 -0
11601.6 5 3.34048e-05 -0.00549953 -0
11601.6 5 5.17947e-05 -0.0035469 -0
11601.6 5 8.03086e-05 -0.00228756 -0
11601.6 5 0.00012452 -0.00147536 -0
11601.6 5 0.00019307 -0.000951528 -0
11601.6 5 0.000299358 -0.000613685 -0
11601.6 5 0.000464159 -0.000395795 -0
11601.6 5 0.000719686 -0.000255267 -0
11601.6 5 0.00111588 -0.000164634 -0
11601.6 5 0.0017302 -0.000106181 -0
11601.6 5 0.0026827 -6.84818e-05 -0
11601.6 5 0.00415956 -4.41677e-05 -0
11601.6 5 0.00644947 -2.84864e-05 -0
11601.6 5 0.01 -1.83727e-05 -0
11601.6 5 0.0155052 -1.18499e-05 -0
11601.6 5 0.024041 -7.64283e-06 -0
11601.6 5 0.0372759 -4.92934e-06 -0
11601.6 5 0.0577969 -3.17904e-06 -0
11601.6 5 0.0896151 -2.0499e-06 -0
11601.6 5 0.13895 -1.32145e-06 -0
11601.6 5 0.215443 -8.51708e-07 -0
11601.6 5 0.334048 -5.49453e-07 -0
11601.6 5 0.517947 -3.55826e-07 -0
11601.6 5 0.803086 -2.31335e-07 -0
11601.6 5 1.2452 -1.48797e-07 -0
11601.6 5 1.9307 -9.48065e-08 -0
11601.6 5 2.99358 -6.19477e-08 -0
11601.6 5 4.64159 -4.06095e-08 -0
11601.6 5 7.19686 -2.55331e-08 -0
11601.6 5 11.1588 -1.68715e-08 -0
11601.6 5 17.302 -1.07033e-08 -0
11601.6 5 26.827 -6.64831e-09 -0
11601.6 5 41.5956 -4.24023e-09 -0
11601.6 5 64.4947 -2.6467e-09 -0
11601.6 5 100 -1.59467e-09 -0
11601.6 5 155.052 -9.7489e-10 -0
11601.6 5 240.41 -5.6633e-10 -0
11601.6 5 372.759 -2.61942e-10 -0
11601.6 5 577.969 -1.06809e-10 -0
11601.6 5 896.151 -3.34828e-11 -0
11601.6 5 1389.5 2.89196e-11 -0
11601.6 5 2154.43 5.66124e-11 -0
11601.6 5 3340.48 5.46938e-11 -0
11601.6 5 5179.47 4.17655e-11 -0
11601.6 5 8030.86 2.85099e-11 -0
11601.6 5 12452 1.83523e-11 -0
11601.6 5 19307 1.08224e-11 -0
11601.6 5 29935.8 5.88845e-12 -0
11601.6 5 46415.9 3.01363e-12 -0
11601.6 5 71968.6 1.48012e-12 -0
11601.6 5 111588 7.15827e-13 -0
11601.6 5 173020 3.31586e-13 -0
11601.6 5 268270 1.61157e-13 -0
11601.6 5 415956 7.99251e-14 -0
11601.6 5 644947 3.81873e-14 -0
11601.6 5 1e+06 1.09871e-14 -0

28288.7 5 1e-06 -0.0616578 -0
28288.7 5 1.55052e-06 -0.039766 -0
28288.7 5 2.4041e-06 -0.0256469 -0
28288.7 5 3.72759e-06 -0.0165409 -0
28288.7 5 5.77969e-06 -0.010668 -0
28288.7 5 8.96151e-06 -0.0068803 -0
28288.7 5 1.3895e-05 -0.00443742 -0
28288.7 5 2.15443e-05 -0.0028619 -0
28288.7 5 3.34048e-05 -0.00184577 -0
28288.7 5 5.17947e-05 -0.00119043 -0
28288.7 5 8.03086e-05 -0.000767762 -0
28288.7 5 0.00012452 -0.000495165 -0
28288.7 5 0.00019307 -0.000319355 -0
28288.7 5 0.000299358 -0.000205967 -0
28288.7 5 0.000464159 -0.000132838 -0
28288.7 5 0.000719686 -8.56736e-05 -0
28288.7 5 0.00111588 -5.5255e-05 -0
28288.7 5 0.0017302 -3.56366e-05 -0
28288.7 5 0.0026827 -2.29838e-05 -0
28288.7 5 0.00415956 -1.48235e-05 -0
28288.7 5 0.00644947 -9.56044e-06 -0
28288.7 5 0.01 -6.16606e-06 -0
28288.7 5 0.0155052 -3.97686e-06 -0
28288.7 5 0.024041 -2.56491e-06 -0
28288.7 5 0.0372759 -1.65425e-06 -0
28288.7 5 0.0577969 -1.06689e-06 -0
28288.7 5 0.0896151 -6.88017e-07 -0
28288.7 5 0.13895 -4.43629e-07 -0
28288.7 5 0.215443 -2.86024e-07 -0
28288.7 5 0.334048 -1.84497e-07 -0
28288.7 5 0.517947 -1.19238e-07 -0
28288.7 5 0.803086 -7.72159e-08 -0
28288.7 5 1.2452 -4.97339e-08 -0
28288.7 5 1.9307 -3.18815e-08 -0
28288.7 5 2.99358 -2.06995e-08 -0
28288.7 5 4.64159 -1.34632e-08 -0
28288.7 5 7.19686 -8.57377e-09 -0
28288.7 5 11.1588 -5.60003e-09 -0
28288.7 5 17.302 -3.58374e-09 -0
28288.7 5 26.827 -2.2698e-09 -0
28288.7 5 41.5956 -1.4576e-09 -0
28288.7 5 64.4947 -9.26745e-10 -0
28288.7 5 100 -5.79849e-10 -0
28288.7 5 155.052 -3.66126e-10 -0
28288.7 5 240.41 -2.26343e-10 -0
28288.7 5 372.759 -1.27697e-10 -0
28288.7 5 577.969 -7.07989e-11 -0
28288.7 5 896.151 -3.852e-11 -0
28288.7 5 1389.5 -1.29238e-11 -0
28288.7 5 2154.43 2.71889e-12 -0
28288.7 5 3340.48 8.86324e-12 -0
28288.7 5 5179.47 9.64715e-12 -0
28288.7 5 8030.86 8.40955e-12 -0
28288.7 5 12452 6.90373e-12 -0
28288.7 5 19307 5.01821e-12 -0
28288.7 5 29935.8 3.24169e-12 -0
28288.7 5 46415.9 1.91996e-12 -0
28288.7 5 71968.6 1.06683e-12 -0
28288.7 5 111588 5.68268e-13 -0
28288.7 5 173020 2.90009e-13 -0
28288.7 5 268270 1.47281e-13 -0
28288.7 5 415956 7.39512e-14 -0
28288.7 5 644947 3.60202e-14 -0
28288.7 5 1e+06 1.44308e-14 -0

68977.9 5 1e-06 -0.0200929 -0
68977.9 5 1.55052e-06 -0.0129589 -0
68977.9 5 2.4041e-06 -0.00835778 -0
68977.9 5 3.72759e-06 -0.00539032 -0
68977.9 5 5.77969e-06 -0.00347647 -0
68977.9 5 8.96151e-06 -0.00224214 -0
68977.9 5 1.3895e-05 -0.00144606 -0
68977.9 5 2.15443e-05 -0.000932632 -0
68977.9 5 3.34048e-05 -0.000601498 -0
68977.9 5 5.17947e-05 -0.000387934 -0
68977.9 5 8.03086e-05 -0.000250197 -0
68977.9 5 0.00012452 -0.000161364 -0
68977.9 5 0.00019307 -0.000104071 -0
68977.9 5 0.000299358 -6.71202e-05 -0
68977.9 5 0.000464159 -4.3289e-05 -0
68977.9 5 0.000719686 -2.79191e-05 -0
68977.9 5 0.00111588 -1.80064e-05 -0
68977.9 5 0.0017302 -1.16132e-05 -0
68977.9 5 0.0026827 -7.48989e-06 -0
68977.9 5 0.00415956 -4.8306e-06 -0
68977.9 5 0.00644947 -3.11549e-06 -0
68977.9 5 0.01 -2.00934e-06 -0
68977.9 5 0.0155052 -1.29593e-06 -0
68977.9 5 0.024041 -8.35816e-07 -0
68977.9 5 0.0372759 -5.3906e-07 -0
68977.9 5 0.0577969 -3.47662e-07 -0
68977.9 5 0.0896151 -2.24212e-07 -0
68977.9 5 0.13895 -1.44587e-07 -0
68977.9 5 0.215443 -9.32357e-08 -0
68977.9 5 0.334048 -6.01367e-08 -0
68977.9 5 0.517947 -3.8827e-08 -0
68977.9 5 0.803086 -2.50945e-08 -0
68977.9 5 1.2452 -1.61737e-08 -0
68977.9 5 1.9307 -1.03987e-08 -0
68977.9 5 2.99358 -6.73009e-09 -0
68977.9 5 4.64159 -4.35996e-09 -0
68977.9 5 7.19686 -2.79379e-09 -0
68977.9 5 11.1588 -1.81404e-09 -0
68977.9 5 17.302 -1.16554e-09 -0
68977.9 5 26.827 -7.44976e-10 -0
68977.9 5 41.5956 -4.79692e-10 -0
68977.9 5 64.4947 -3.074e-10 -0
68977.9 5 100 -1.9549e-10 -0
68977.9 5 155.052 -1.25012e-10 -0
68977.9 5 240.41 -7.92016e-11 -0
68977.9 5 372.759 -4.81019e-11 -0
68977.9 5 577.969 -2.9156e-11 -0
68977.9 5 896.151 -1.76667e-11 -0
68977.9 5 1389.5 -9.206e-12 -0
68977.9 5 2154.43 -3.64409e-12 -0
68977.9 5 3340.48 -6.2486e-13 -0
68977.9 5 5179.47 7.65988e-13 -0
68977.9 5 8030.86 1.35386e-12 -0
68977.9 5 12452 1.67503e-12 -0
68977.9 5 19307 1.61121e-12 -0
68977.9 5 29935.8 1.28396e-12 -0
68977.9 5 46415.9 9.02587e-13 -0
68977.9 5 71968.6 5.77498e-13 -0
68977.9 5 111588 3.44842e-13 -0
68977.9 5 173020 1.95202e-13 -0
68977.9 5 268270 1.06227e-13 -0
68977.9 5 415956 5.59455e-14 -0
68977.9 5 644947 2.84464e-14 -0
68977.9 5 1e+06 1.30158e-14 -0

168192 5 1e-06 -0.00626881 -0
168192 5 1.55052e-06 -0.00404305 -0
168192 5 2.4041e-06 -0.00260755 -0
168192 5 3.72759e-06 -0.00168173 -0
168192 5 5.77969e-06 -0.00108463 -0
168192 5 8.96151e-06 -0.000699527 -0
168192 5 1.3895e-05 -0.000451158 -0
168192 5 2.15443e-05 -0.000290973 -0
168192 5 3.34048e-05 -0.000187662 -0
168192 5 5.17947e-05 -0.000121032 -0
168192 5 8.03086e-05 -7.80591e-05 -0
168192 5 0.00012452 -5.0344e-05 -0
168192 5 0.00019307 -3.24692e-05 -0
168192 5 0.000299358 -2.09409e-05 -0
168192 5 0.000464159 -1.35058e-05 -0
168192 5 0.000719686 -8.7105e-06 -0
168192 5 0.00111588 -5.61781e-06 -0
168192 5 0.0017302 -3.62319e-06 -0
168192 5 0.0026827 -2.33677e-06 -0
168192 5 0.00415956 -1.50709e-06 -0
168192 5 0.00644947 -9.71998e-07 -0
168192 5 0.01 -6.2689e-07 -0
168192 5 0.0155052 -4.04313e-07 -0
168192 5 0.024041 -2.60762e-07 -0
168192 5 0.0372759 -1.68178e-07 -0
168192 5 0.0577969 -1.08465e-07 -0
168192 5 0.0896151 -6.99525e-08 -0
168192 5 0.13895 -4.51127e-08 -0
168192 5 0.215443 -2.90927e-08 -0
168192 5 0.334048 -1.8764e-08 -0
168192 5 0.517947 -1.21089e-08 -0
168192 5 0.803086 -7.8186e-09 -0
168192 5 1.2452 -5.04078e-09 -0
168192 5 1.9307 -3.24558e-09 -0
168192 5 2.99358 -2.09723e-09 -0
168192 5 4.64159 -1.35591e-09 -0
168192 5 7.19686 -8.71471e-10 -0
168192 5 11.1588 -5.64148e-10 -0
168192 5 17.302 -3.63141e-10 -0
168192 5 26.827 -2.33109e-10 -0
168192 5 41.5956 -1.5025e-10 -0
168192 5 64.4947 -9.66082e-11 -0
168192 5 100 -6.18769e-11 -0
168192 5 155.052 -3.97647e-11 -0
168192 5 240.41 -2.54419e-11 -0
168192 5 372.759 -1.59342e-11 -0
168192 5 577.969 -9.98883e-12 -0
168192 5 896.151 -6.27744e-12 -0
168192 5 1389.5 -3.68755e-12 -0
168192 5 2154.43 -1.97468e-12 -0
168192 5 3340.48 -9.48431e-13 -0
168192 5 5179.47 -3.72119e-13 -0
168192 5 8030.86 -3.90781e-14 -0
168192 5 12452 2.00816e-13 -0
168192 5 19307 3.23173e-13 -0
168192 5 29935.8 3.38111e-13 -0
168192 5 46415.9 2.92742e-13 -0
168192 5 71968.6 2.2319e-13 -0
168192 5 111588 1.55377e-13 -0
168192 5 173020 1.01464e-13 -0
168192 5 268270 6.14597e-14 -0
168192 5 415956 3.52332e-14 -0
168192 5 644947 1.92621e-14 -0
168192 5 1e+06 9.74884e-15 -0

410113 5 1e-06 -0.00183138 -0
410113 5 1.55052e-06 -0.00118114 -0
410113 5 2.4041e-06 -0.000761774 -0
410113 5 3.72759e-06 -0.000491304 -0
410113 5 5.77969e-06 -0.000316865 -0
410113 5 8.96151e-06 -0.000204361 -0
410113 5 1.3895e-05 -0.000131802 -0
410113 5 2.15443e-05 -8.50051e-05 -0
410113 5 3.34048e-05 -5.48238e-05 -0
410113 5 5.17947e-05 -3.53584e-05 -0
410113 5 8.03086e-05 -2.28043e-05 -0
410113 5 0.00012452 -1.47076e-05 -0
410113 5 0.00019307 -9.48559e-06 -0
410113 5 0.000299358 -6.1177e-06 -0
410113 5 0.000464159 -3.94559e-06 -0
410113 5 0.000719686 -2.5447e-06 -0
410113 5 0.00111588 -1.64119e-06 -0
410113 5 0.0017302 -1.05848e-06 -0
410113 5 0.0026827 -6.82666e-07 -0
410113 5 0.00415956 -4.40284e-07 -0
410113 5 0.00644947 -2.8396e-07 -0
410113 5 0.01 -1.83139e-07 -0
410113 5 0.0155052 -1.18116e-07 -0
410113 5 0.024041 -7.61785e-08 -0
410113 5 0.0372759 -4.91312e-08 -0
410113 5 0.0577969 -3.16869e-08 -0
410113 5 0.0896151 -2.04361e-08 -0
410113 5 0.13895 -1.31797e-08 -0
410113 5 0.215443 -8.49976e-09 -0
410113 5 0.334048 -5.48203e-09 -0
410113 5 0.517947 -3.53682e-09 -0
410113 5 0.803086 -2.28258e-09 -0
410113 5 1.2452 -1.47184e-09 -0
410113 5 1.9307 -9.48347e-10 -0
410113 5 2.99358 -6.12314e-10 -0
410113 5 4.64159 -3.95475e-10 -0
410113 5 7.19686 -2.54557e-10 -0
410113 5 11.1588 -1.64535e-10 -0
410113 5 17.302 -1.06004e-10 -0
410113 5 26.827 -6.8188e-11 -0
410113 5 41.5956 -4.39682e-11 -0
410113 5 64.4947 -2.83135e-11 -0
410113 5 100 -1.81942e-11 -0
410113 5 155.052 -1.17164e-11 -0
410113 5 240.41 -7.52803e-12 -0
410113 5 372.759 -4.78069e-12 -0
410113 5 577.969 -3.04023e-12 -0
410113 5 896.151 -1.93852e-12 -0
410113 5 1389.5 -1.19355e-12 -0
410113 5 2154.43 -7.03978e-13 -0
410113 5 3340.48 -3.9984e-13 -0
410113 5 5179.47 -2.17103e-13 -0
410113 5 8030.86 -1.03946e-13 -0
410113 5 12452 -2.1564e-14 -0
410113 5 19307 3.10728e-14 -0
410113 5 29935.8 5.66468e-14 -0
410113 5 46415.9 6.39857e-14 -0
410113 5 71968.6 5.97444e-14 -0
410113 5 111588 5.02804e-14 -0
410113 5 173020 3.95812e-14 -0
410113 5 268270 2.77537e-14 -0
410113 5 415956 1.80348e-14 -0
410113 5 644947 1.09995e-14 -0
410113 5 1e+06 6.2274e-15 -0

1e+06 5 1e-06 -0.000481479 -0
1e+06 5 1.55052e-06 -0.000310528 -0
1e+06 5 2.4041e-06 -0.000200274 -0
1e+06 5 3.72759e-06 -0.000129166 -0
1e+06 5 5.77969e-06 -8.33052e-05 -0
1e+06 5 8.96151e-06 -5.37274e-05 -0
1e+06 5 1.3895e-05 -3.46513e-05 -0
1e+06 5 2.15443e-05 -2.23483e-05 -0
1e+06 5 3.34048e-05 -1.44134e-05 -0
1e+06 5 5.17947e-05 -9.29589e-06 -0
1e+06 5 8.03086e-05 -5.99536e-06 -0
1e+06 5 0.00012452 -3.86669e-06 -0
1e+06 5 0.00019307 -2.49381e-06 -0
1e+06 5 0.000299358 -1.60837e-06 -0
1e+06 5 0.000464159 -1.03731e-06 -0
1e+06 5 0.000719686 -6.69012e-07 -0
1e+06 5 0.00111588 -4.31477e-07 -0
1e+06 5 0.0017302 -2.7828e-07 -0
1e+06 5 0.0026827 -1.79476e-07 -0
1e+06 5 0.00415956 -1.15752e-07 -0
1e+06 5 0.00644947 -7.46543e-08 -0
1e+06 5 0.01 -4.81481e-08 -0
1e+06 5 0.0155052 -3.1053e-08 -0
1e+06 5 0.024041 -2.00276e-08 -0
1e+06 5 0.0372759 -1.29167e-08 -0
1e+06 5 0.0577969 -8.3306e-09 -0
1e+06 5 0.0896151 -5.37274e-09 -0
1e+06 5 0.13895 -3.46505e-09 -0
1e+06 5 0.215443 -2.2347e-09 -0
1e+06 5 0.334048 -1.44129e-09 -0
1e+06 5 0.517947 -9.29756e-10 -0
1e+06 5 0.803086 -5.999e-10 -0
1e+06 5 1.2452 -3.86854e-10 -0
1e+06 5 1.9307 -2.49347e-10 -0
1e+06 5 2.99358 -1.60931e-10 -0
1e+06 5 4.64159 -1.03888e-10 -0
1e+06 5 7.19686 -6.69186e-11 -0
1e+06 5 11.1588 -4.32205e-11 -0
1e+06 5 17.302 -2.7857e-11 -0
1e+06 5 26.827 -1.79372e-11 -0
1e+06 5 41.5956 -1.1568e-11 -0
1e+06 5 64.4947 -7.45437e-12 -0
1e+06 5 100 -4.79748e-12 -0
1e+06 5 155.052 -3.09211e-12 -0
1e+06 5 240.41 -1.99048e-12 -0
1e+06 5 372.759 -1.27218e-12 -0
1e+06 5 577.969 -8.14214e-13 -0
1e+06 5 896.151 -5.22362e-13 -0
1e+06 5 1389.5 -3.28247e-13 -0
1e+06 5 2154.43 -2.01383e-13 -0
1e+06 5 3340.48 -1.21404e-13 -0
1e+06 5 5179.47 -7.20099e-14 -0
1e+06 5 8030.86 -4.08018e-14 -0
1e+06 5 12452 -1.86131e-14 -0
1e+06 5 19307 -3.76921e-15 -0
1e+06 5 29935.8 4.9789e-15 -0
1e+06 5 46415.9 9.61148e-15 -0
1e+06 5 71968.6 1.14455e-14 -0
1e+06 5 111588 1.17973e-14 -0
1e+06 5 173020 1.12791e-14 -0
1e+06 5 268270 9.28733e-15 -0
1e+06 5 415956 7.0639e-15 -0
1e+06 5 644947 5.0029e-15 -0
1e+06 5 1e+06 3.26309e-15 -0

