#q_sq i k_sq Re(fg) Im(fg)
1e-06 8 1e-06 0.916339 0
1e-06 8 1.55052e-06 0.916338 0
1e-06 8 2.4041e-06 0.916338 0
1e-06 8 3.72759e-06 0.916337 0
1e-06 8 5.77969e-06 0.916335 0
1e-06 8 8.96151e-06 0.916333 0
1e-06 8 1.3895e-05 0.91633 0
1e-06 8 2.15443e-05 0.916324 0
1e-06 8 3.34048e-05 0.916316 0
1e-06 8 5.17947e-05 0.916303 0
1e-06 8 8.03086e-05 0.916283 0
1e-06 8 0.00012452 0.916252 0
1e-06 8 0.00019307 0.916204 0
1e-06 8 0.000299358 0.91613 0
1e-06 8 0.000464159 0.916015 0
1e-06 8 0.000719686 0.915836 0
1e-06 8 0.00111588 0.91556 0
1e-06 8 0.0017302 0.915132 0
1e-06 8 0.0026827 0.914471 0
1e-06 8 0.00415956 0.91345 0
1e-06 8 0.00644947 0.91188 0
1e-06 8 0.01 0.909472 0
1e-06 8 0.0155052 0.905804 0
1e-06 8 0.024041 0.900271 0
1e-06 8 0.0372759 0.892048 0
1e-06 8 0.0577969 0.880112 0
1e-06 8 0.0896151 0.863415 0
1e-06 8 0.13895 0.841378 0
1e-06 8 0.215443 0.814921 0
1e-06 8 0.334048 0.787988 0
1e-06 8 0.517947 0.768512 0
1e-06 8 0.803086 0.765798 0
1e-06 8 1.2452 0.782852 0
1e-06 8 1.9307 0.812646 0
1e-06 8 2.99358 0.839368 0
1e-06 8 4.64159 0.869566 0
1e-06 8 7.19686 0.911407 0
1e-06 8 11.1588 0.922735 0
1e-06 8 17.302 0.937178 0
1e-06 8 26.827 0.945024 0
1e-06 8 41.5956 0.946106 0
1e-06 8 64.4947 0.947273 0
1e-06 8 100 0.949034 0
1e-06 8 155.052 0.949979 0
1e-06 8 240.41 0.95084 0
1e-06 8 372.759 0.952448 0
1e-06 8 577.969 0.953636 0
1e-06 8 896.151 0.954156 0
1e-06 8 1389.5 0.955102 0
1e-06 8 2154.43 0.956302 0
1e-06 8 3340.48 0.957336 0
1e-06 8 5179.47 0.958067 0
1e-06 8 8030.86 0.958568 0
1e-06 8 12452 0.959185 0
1e-06 8 19307 0.959903 0
1e-06 8 29935.8 0.960606 0
1e-06 8 46415.9 0.961273 0
1e-06 8 71968.6 0.961904 0
1e-06 8 111588 0.9626 0
1e-06 8 173020 0.963582 0
1e-06 8 268270 0.96476 0
1e-06 8 415956 0.966318 0
1e-06 8 644947 0.968437 0
1e-06 8 1e+06 0.971058 0

2.43835e-06 8 1e-06 0.916339 0
2.43835e-06 8 1.55052e-06 0.916338 0
2.43835e-06 8 2.4041e-06 0.916338 0
2.43835e-06 8 3.72759e-06 0.916337 0
2.43835e-06 8 5.77969e-06 0.916335 0
2.43835e-06 8 8.96151e-06 0.916333 0
2.43835e-06 8 1.3895e-05 0.916329 0
2.43835e-06 8 2.15443e-05 0.916324 0
2.43835e-06 8 3.34048e-05 0.916316 0
2.43835e-06 8 5.17947e-05 0.916303 0
2.43835e-06 8 8.03086e-05 0.916283 0
2.43835e-06 8 0.00012452 0.916252 0
2.43835e-06 8 0.00019307 0.916204 0
2.43835e-06 8 0.000299358 0.91613 0
2.43835e-06 8 0.000464159 0.916015 0
2.43835e-06 8 0.000719686 0.915836 0
2.43835e-06 8 0.00111588 0.91556 0
2.43835e-06 8 0.0017302 0.915132 0
2.43835e-06 8 0.0026827 0.914471 0
2.43835e-06 8 0.00415956 0.91345 0
2.43835e-06 8 0.00644947 0.91188 0
2.43835e-06 8 0.01 0.909472 0
2.43835e-06 8 0.0155052 0.905804 0
2.43835e-06 8 0.024041 0.900271 0
2.43835e-06 8 0.0372759 0.892048 0
2.43835e-06 8 0.0577969 0.880112 0
2.43835e-06 8 0.0896151 0.863415 0
2.43835e-06 8 0.13895 0.841378 0
2.43835e-06 8 0.215443 0.814921 0
2.43835e-06 8 0.334048 0.787988 0
2.43835e-06 8 0.517947 0.768512 0
2.43835e-06 8 0.803086 0.765798 0
2.43835e-06 8 1.2452 0.782852 0
2.43835e-06 8 1.9307 0.812646 0
2.43835e-06 8 2.99358 0.839368 0
2.43835e-06 8 4.64159 0.869566 0
2.43835e-06 8 7.19686 0.911407 0
2.43835e-06 8 11.1588 0.922735 0
2.43835e-06 8 17.302 0.937178 0
2.43835e-06 8 26.827 0.945024 0
2.43835e-06 8 41.5956 0.946106 0
2.43835e-06 8 64.4947 0.947273 0
2.43835e-06 8 100 0.949034 0
2.43835e-06 8 155.052 0.949979 0
2.43835e-06 8 240.41 0.95084 0
2.43835e-06 8 372.759 0.952448 0
2.43835e-06 8 577.969 0.953636 0
2.43835e-06 8 896.151 0.954156 0
2.43835e-06 8 1389.5 0.955102 0
2.43835e-06 8 2154.43 0.956302 0
2.43835e-06 8 3340.48 0.957336 0
2.43835e-06 8 5179.47 0.958067 0
2.43835e-06 8 8030.86 0.958568 0
2.43835e-06 8 12452 0.959185 0
2.43835e-06 8 19307 0.959903 0
2.43835e-06 8 29935.8 0.960606 0
2.43835e-06 8 46415.9 0.961273 0
2.43835e-06 8 71968.6 0.961904 0
2.43835e-06 8 111588 0.9626 0
2.43835e-06 8 173020 0.963582 0
2.43835e-06 8 268270 0.96476 0
2.43835e-06 8 415956 0.966318 0
2.43835e-06 8 644947 0.968437 0
2.43835e-06 8 1e+06 0.971058 0

5.94557e-06 8 1e-06 0.916338 0
5.94557e-06 8 1.55052e-06 0.916338 0
5.94557e-06 8 2.4041e-06 0.916337 0
5.94557e-06 8 3.72759e-06 0.916336 0
5.94557e-06 8 5.77969e-06 0.916335 0
5.94557e-06 8 8.96151e-06 0.916332 0
5.94557e-06 8 1.3895e-05 0.916329 0
5.94557e-06 8 2.15443e-05 0.916324 0
5.94557e-06 8 3.34048e-05 0.916315 0
5.94557e-06 8 5.17947e-05 0.916302 0
5.94557e-06 8 8.03086e-05 0.916282 0
5.94557e-06 8 0.00012452 0.916252 0
5.94557e-06 8 0.00019307 0.916204 0
5.94557e-06 8 0.000299358 0.916129 0
5.94557e-06 8 0.000464159 0.916014 0
5.94557e-06 8 0.000719686 0.915835 0
5.94557e-06 8 0.00111588 0.915559 0
5.94557e-06 8 0.0017302 0.915131 0
5.94557e-06 8 0.0026827 0.91447 0
5.94557e-06 8 0.00415956 0.91345 0
5.94557e-06 8 0.00644947 0.911879 0
5.94557e-06 8 0.01 0.909471 0
5.94557e-06 8 0.0155052 0.905804 0
5.94557e-06 8 0.024041 0.90027 0
5.94557e-06 8 0.0372759 0.892047 0
5.94557e-06 8 0.0577969 0.880112 0
5.94557e-06 8 0.0896151 0.863414 0
5.94557e-06 8 0.13895 0.841378 0
5.94557e-06 8 0.215443 0.814921 0
5.94557e-06 8 0.334048 0.787988 0
5.94557e-06 8 0.517947 0.768512 0
5.94557e-06 8 0.803086 0.765798 0
5.94557e-06 8 1.2452 0.782852 0
5.94557e-06 8 1.9307 0.812646 0
5.94557e-06 8 2.99358 0.839368 0
5.94557e-06 8 4.64159 0.869566 0
5.94557e-06 8 7.19686 0.911407 0
5.94557e-06 8 11.1588 0.922735 0
5.94557e-06 8 17.302 0.937178 0
5.94557e-06 8 26.827 0.945024 0
5.94557e-06 8 41.5956 0.946106 0
5.94557e-06 8 64.4947 0.947273 0
5.94557e-06 8 100 0.949034 0
5.94557e-06 8 155.052 0.949979 0
5.94557e-06 8 240.41 0.95084 0
5.94557e-06 8 372.759 0.952448 0
5.94557e-06 8 577.969 0.953636 0
5.94557e-06 8 896.151 0.954156 0
5.94557e-06 8 1389.5 0.955102 0
5.94557e-06 8 2154.43 0.956302 0
5.94557e-06 8 3340.48 0.957336 0
5.94557e-06 8 5179.47 0.958067 0
5.94557e-06 8 8030.86 0.958568 0
5.94557e-06 8 12452 0.959185 0
5.94557e-06 8 19307 0.959903 0
5.94557e-06 8 29935.8 0.960606 0
5.94557e-06 8 46415.9 0.961273 0
5.94557e-06 8 71968.6 0.961904 0
5.94557e-06 8 111588 0.9626 0
5.94557e-06 8 173020 0.963582 0
5.94557e-06 8 268270 0.96476 0
5.94557e-06 8 415956 0.966318 0
5.94557e-06 8 644947 0.968437 0
5.94557e-06 8 1e+06 0.971058 0

1.44974e-05 8 1e-06 0.916337 0
1.44974e-05 8 1.55052e-06 0.916337 0
1.44974e-05 8 2.4041e-06 0.916336 0
1.44974e-05 8 3.72759e-06 0.916335 0
1.44974e-05 8 5.77969e-06 0.916334 0
1.44974e-05 8 8.96151e-06 0.916332 0
1.44974e-05 8 1.3895e-05 0.916328 0
1.44974e-05 8 2.15443e-05 0.916323 0
1.44974e-05 8 3.34048e-05 0.916315 0
1.44974e-05 8 5.17947e-05 0.916302 0
1.44974e-05 8 8.03086e-05 0.916282 0
1.44974e-05 8 0.00012452 0.916251 0
1.44974e-05 8 0.00019307 0.916203 0
1.44974e-05 8 0.000299358 0.916128 0
1.44974e-05 8 0.000464159 0.916013 0
1.44974e-05 8 0.000719686 0.915835 0
1.44974e-05 8 0.00111588 0.915558 0
1.44974e-05 8 0.0017302 0.915131 0
1.44974e-05 8 0.0026827 0.914469 0
1.44974e-05 8 0.00415956 0.913449 0
1.44974e-05 8 0.00644947 0.911878 0
1.44974e-05 8 0.01 0.909471 0
1.44974e-05 8 0.0155052 0.905803 0
1.44974e-05 8 0.024041 0.900269 0
1.44974e-05 8 0.0372759 0.892047 0
1.44974e-05 8 0.0577969 0.880111 0
1.44974e-05 8 0.0896151 0.863414 0
1.44974e-05 8 0.13895 0.841378 0
1.44974e-05 8 0.215443 0.814921 0
1.44974e-05 8 0.334048 0.787988 0
1.44974e-05 8 0.517947 0.768512 0
1.44974e-05 8 0.803086 0.765798 0
1.44974e-05 8 1.2452 0.782852 0
1.44974e-05 8 1.9307 0.812646 0
1.44974e-05 8 2.99358 0.839368 0
1.44974e-05 8 4.64159 0.869566 0
1.44974e-05 8 7.19686 0.911407 0
1.44974e-05 8 11.1588 0.922735 0
1.44974e-05 8 17.302 0.937178 0
1.44974e-05 8 26.827 0.945024 0
1.44974e-05 8 41.5956 0.946106 0
1.44974e-05 8 64.4947 0.947273 0
1.44974e-05 8 100 0.949034 0
1.44974e-05 8 155.052 0.949979 0
1.44974e-05 8 240.41 0.95084 0
1.44974e-05 8 372.759 0.952448 0
1.44974e-05 8 577.969 0.953636 0
1.44974e-05 8 896.151 0.954156 0
1.44974e-05 8 1389.5 0.955102 0
1.44974e-05 8 2154.43 0.956302 0
1.44974e-05 8 3340.48 0.957336 0
1.44974e-05 8 5179.47 0.958067 0
1.44974e-05 8 8030.86 0.958568 0
1.44974e-05 8 12452 0.959185 0
1.44974e-05 8 19307 0.959903 0
1.44974e-05 8 29935.8 0.960606 0
1.44974e-05 8 46415.9 0.961273 0
1.44974e-05 8 71968.6 0.961904 0
1.44974e-05 8 111588 0.9626 0
1.44974e-05 8 173020 0.963582 0
1.44974e-05 8 268270 0.96476 0
1.44974e-05 8 415956 0.966318 0
1.44974e-05 8 644947 0.968437 0
1.44974e-05 8 1e+06 0.971058 0

3.53498e-05 8 1e-06 0.916335 0
3.53498e-05 8 1.55052e-06 0.916335 0
3.53498e-05 8 2.4041e-06 0.916334 0
3.53498e-05 8 3.72759e-06 0.916333 0
3.53498e-05 8 5.77969e-06 0.916332 0
3.53498e-05 8 8.96151e-06 0.91633 0
3.53498e-05 8 1.3895e-05 0.916326 0
3.53498e-05 8 2.15443e-05 0.916321 0
3.53498e-05 8 3.34048e-05 0.916313 0
3.53498e-05 8 5.17947e-05 0.9163 0
3.53498e-05 8 8.03086e-05 0.91628 0
3.53498e-05 8 0.00012452 0.916249 0
3.53498e-05 8 0.00019307 0.916201 0
3.53498e-05 8 0.000299358 0.916126 0
3.53498e-05 8 0.000464159 0.916011 0
3.53498e-05 8 0.000719686 0.915833 0
3.53498e-05 8 0.00111588 0.915556 0
3.53498e-05 8 0.0017302 0.915129 0
3.53498e-05 8 0.0026827 0.914467 0
3.53498e-05 8 0.00415956 0.913447 0
3.53498e-05 8 0.00644947 0.911876 0
3.53498e-05 8 0.01 0.909469 0
3.53498e-05 8 0.0155052 0.905801 0
3.53498e-05 8 0.024041 0.900268 0
3.53498e-05 8 0.0372759 0.892045 0
3.53498e-05 8 0.0577969 0.88011 0
3.53498e-05 8 0.0896151 0.863413 0
3.53498e-05 8 0.13895 0.841377 0
3.53498e-05 8 0.215443 0.814921 0
3.53498e-05 8 0.334048 0.787988 0
3.53498e-05 8 0.517947 0.768512 0
3.53498e-05 8 0.803086 0.765798 0
3.53498e-05 8 1.2452 0.782853 0
3.53498e-05 8 1.9307 0.812646 0
3.53498e-05 8 2.99358 0.839368 0
3.53498e-05 8 4.64159 0.869566 0
3.53498e-05 8 7.19686 0.911407 0
3.53498e-05 8 11.1588 0.922735 0
3.53498e-05 8 17.302 0.937178 0
3.53498e-05 8 26.827 0.945024 0
3.53498e-05 8 41.5956 0.946106 0
3.53498e-05 8 64.4947 0.947273 0
3.53498e-05 8 100 0.949034 0
3.53498e-05 8 155.052 0.949979 0
3.53498e-05 8 240.41 0.95084 0
3.53498e-05 8 372.759 0.952448 0
3.53498e-05 8 577.969 0.953636 0
3.53498e-05 8 896.151 0.954156 0
3.53498e-05 8 1389.5 0.955102 0
3.53498e-05 8 2154.43 0.956302 0
3.53498e-05 8 3340.48 0.957336 0
3.53498e-05 8 5179.47 0.958067 0
3.53498e-05 8 8030.86 0.958568 0
3.53498e-05 8 12452 0.959185 0
3.53498e-05 8 19307 0.959903 0
3.53498e-05 8 29935.8 0.960606 0
3.53498e-05 8 46415.9 0.961273 0
3.53498e-05 8 71968.6 0.961904 0
3.53498e-05 8 111588 0.9626 0
3.53498e-05 8 173020 0.963582 0
3.53498e-05 8 268270 0.96476 0
3.53498e-05 8 415956 0.966318 0
3.53498e-05 8 644947 0.968437 0
3.53498e-05 8 1e+06 0.971058 0

8.61954e-05 8 1e-06 0.916331 0
8.61954e-05 8 1.55052e-06 0.916331 0
8.61954e-05 8 2.4041e-06 0.91633 0
8.61954e-05 8 3.72759e-06 0.916329 0
8.61954e-05 8 5.77969e-06 0.916328 0
8.61954e-05 8 8.96151e-06 0.916326 0
8.61954e-05 8 1.3895e-05 0.916322 0
8.61954e-05 8 2.15443e-05 0.916317 0
8.61954e-05 8 3.34048e-05 0.916309 0
8.61954e-05 8 5.17947e-05 0.916296 0
8.61954e-05 8 8.03086e-05 0.916276 0
8.61954e-05 8 0.00012452 0.916245 0
8.61954e-05 8 0.00019307 0.916197 0
8.61954e-05 8 0.000299358 0.916123 0
8.61954e-05 8 0.000464159 0.916007 0
8.61954e-05 8 0.000719686 0.915829 0
8.61954e-05 8 0.00111588 0.915552 0
8.61954e-05 8 0.0017302 0.915125 0
8.61954e-05 8 0.0026827 0.914464 0
8.61954e-05 8 0.00415956 0.913443 0
8.61954e-05 8 0.00644947 0.911873 0
8.61954e-05 8 0.01 0.909465 0
8.61954e-05 8 0.0155052 0.905798 0
8.61954e-05 8 0.024041 0.900264 0
8.61954e-05 8 0.0372759 0.892042 0
8.61954e-05 8 0.0577969 0.880107 0
8.61954e-05 8 0.0896151 0.86341 0
8.61954e-05 8 0.13895 0.841375 0
8.61954e-05 8 0.215443 0.81492 0
8.61954e-05 8 0.334048 0.787987 0
8.61954e-05 8 0.517947 0.768512 0
8.61954e-05 8 0.803086 0.765799 0
8.61954e-05 8 1.2452 0.782853 0
8.61954e-05 8 1.9307 0.812647 0
8.61954e-05 8 2.99358 0.839368 0
8.61954e-05 8 4.64159 0.869566 0
8.61954e-05 8 7.19686 0.911407 0
8.61954e-05 8 11.1588 0.922735 0
8.61954e-05 8 17.302 0.937178 0
8.61954e-05 8 26.827 0.945024 0
8.61954e-05 8 41.5956 0.946106 0
8.61954e-05 8 64.4947 0.947273 0
8.61954e-05 8 100 0.949034 0
8.61954e-05 8 155.052 0.949979 0
8.61954e-05 8 240.41 0.95084 0
8.61954e-05 8 372.759 0.952448 0
8.61954e-05 8 577.969 0.953636 0
8.61954e-05 8 896.151 0.954156 0
8.61954e-05 8 1389.5 0.955102 0
8.61954e-05 8 2154.43 0.956302 0
8.61954e-05 8 3340.48 0.957336 0
8.61954e-05 8 5179.47 0.958067 0
8.61954e-05 8 8030.86 0.958568 0
8.61954e-05 8 12452 0.959185 0
8.61954e-05 8 19307 0.959903 0
8.61954e-05 8 29935.8 0.960606 0
8.61954e-05 8 46415.9 0.961273 0
8.61954e-05 8 71968.6 0.961904 0
8.61954e-05 8 111588 0.9626 0
8.61954e-05 8 173020 0.963582 0
8.61954e-05 8 268270 0.96476 0
8.61954e-05 8 415956 0.966318 0
8.61954e-05 8 644947 0.968437 0
8.61954e-05 8 1e+06 0.971058 0

0.000210175 8 1e-06 0.916327 0
0.000210175 8 1.55052e-06 0.916326 0
0.000210175 8 2.4041e-06 0.916326 0
0.000210175 8 3.72759e-06 0.916325 0
0.000210175 8 5.77969e-06 0.916323 0
0.000210175 8 8.96151e-06 0.916321 0
0.000210175 8 1.3895e-05 0.916318 0
0.000210175 8 2.15443e-05 0.916312 0
0.000210175 8 3.34048e-05 0.916304 0
0.000210175 8 5.17947e-05 0.916291 0
0.000210175 8 8.03086e-05 0.916271 0
0.000210175 8 0.00012452 0.91624 0
0.000210175 8 0.00019307 0.916192 0
0.000210175 8 0.000299358 0.916118 0
0.000210175 8 0.000464159 0.916003 0
0.000210175 8 0.000719686 0.915824 0
0.000210175 8 0.00111588 0.915548 0
0.000210175 8 0.0017302 0.91512 0
0.000210175 8 0.0026827 0.914459 0
0.000210175 8 0.00415956 0.913439 0
0.000210175 8 0.00644947 0.911868 0
0.000210175 8 0.01 0.909461 0
0.000210175 8 0.0155052 0.905793 0
0.000210175 8 0.024041 0.90026 0
0.000210175 8 0.0372759 0.892038 0
0.000210175 8 0.0577969 0.880104 0
0.000210175 8 0.0896151 0.863407 0
0.000210175 8 0.13895 0.841373 0
0.000210175 8 0.215443 0.814918 0
0.000210175 8 0.334048 0.787987 0
0.000210175 8 0.517947 0.768512 0
0.000210175 8 0.803086 0.765799 0
0.000210175 8 1.2452 0.782853 0
0.000210175 8 1.9307 0.812647 0
0.000210175 8 2.99358 0.839369 0
0.000210175 8 4.64159 0.869566 0
0.000210175 8 7.19686 0.911407 0
0.000210175 8 11.1588 0.922735 0
0.000210175 8 17.302 0.937178 0
0.000210175 8 26.827 0.945024 0
0.000210175 8 41.5956 0.946106 0
0.000210175 8 64.4947 0.947273 0
0.000210175 8 100 0.949034 0
0.000210175 8 155.052 0.949979 0
0.000210175 8 240.41 0.95084 0
0.000210175 8 372.759 0.952448 0
0.000210175 8 577.969 0.953636 0
0.000210175 8 896.151 0.954156 0
0.000210175 8 1389.5 0.955102 0
0.000210175 8 2154.43 0.956302 0
0.000210175 8 3340.48 0.957336 0
0.000210175 8 5179.47 0.958067 0
0.000210175 8 8030.86 0.958568 0
0.000210175 8 12452 0.959185 0
0.000210175 8 19307 0.959903 0
0.000210175 8 29935.8 0.960606 0
0.000210175 8 46415.9 0.961273 0
0.000210175 8 71968.6 0.961904 0
0.000210175 8 111588 0.9626 0
0.000210175 8 173020 0.963582 0
0.000210175 8 268270 0.96476 0
0.000210175 8 415956 0.966318 0
0.000210175 8 644947 0.968437 0
0.000210175 8 1e+06 0.971058 0

0.000512481 8 1e-06 0.916306 0
0.000512481 8 1.55052e-06 0.916305 0
0.000512481 8 2.4041e-06 0.916305 0
0.000512481 8 3.72759e-06 0.916304 0
0.000512481 8 5.77969e-06 0.916302 0
0.000512481 8 8.96151e-06 0.9163 0
0.000512481 8 1.3895e-05 0.916297 0
0.000512481 8 2.15443e-05 0.916291 0
0.000512481 8 3.34048e-05 0.916283 0
0.000512481 8 5.17947e-05 0.91627 0
0.000512481 8 8.03086e-05 0.91625 0
0.000512481 8 0.00012452 0.916219 0
0.000512481 8 0.00019307 0.916171 0
0.000512481 8 0.000299358 0.916097 0
0.000512481 8 0.000464159 0.915982 0
0.000512481 8 0.000719686 0.915803 0
0.000512481 8 0.00111588 0.915527 0
0.000512481 8 0.0017302 0.915099 0
0.000512481 8 0.0026827 0.914438 0
0.000512481 8 0.00415956 0.913418 0
0.000512481 8 0.00644947 0.911848 0
0.000512481 8 0.01 0.909441 0
0.000512481 8 0.0155052 0.905774 0
0.000512481 8 0.024041 0.900242 0
0.000512481 8 0.0372759 0.892021 0
0.000512481 8 0.0577969 0.880088 0
0.000512481 8 0.0896151 0.863394 0
0.000512481 8 0.13895 0.841362 0
0.000512481 8 0.215443 0.81491 0
0.000512481 8 0.334048 0.787983 0
0.000512481 8 0.517947 0.76851 0
0.000512481 8 0.803086 0.765799 0
0.000512481 8 1.2452 0.782854 0
0.000512481 8 1.9307 0.812648 0
0.000512481 8 2.99358 0.83937 0
0.000512481 8 4.64159 0.869566 0
0.000512481 8 7.19686 0.911407 0
0.000512481 8 11.1588 0.922735 0
0.000512481 8 17.302 0.937178 0
0.000512481 8 26.827 0.945024 0
0.000512481 8 41.5956 0.946106 0
0.000512481 8 64.4947 0.947273 0
0.000512481 8 100 0.949034 0
0.000512481 8 155.052 0.949979 0
0.000512481 8 240.41 0.95084 0
0.000512481 8 372.759 0.952448 0
0.000512481 8 577.969 0.953636 0
0.000512481 8 896.151 0.954156 0
0.000512481 8 1389.5 0.955102 0
0.000512481 8 2154.43 0.956302 0
0.000512481 8 3340.48 0.957336 0
0.000512481 8 5179.47 0.958067 0
0.000512481 8 8030.86 0.958568 0
0.000512481 8 12452 0.959185 0
0.000512481 8 19307 0.959903 0
0.000512481 8 29935.8 0.960606 0
0.000512481 8 46415.9 0.961273 0
0.000512481 8 71968.6 0.961904 0
0.000512481 8 111588 0.9626 0
0.000512481 8 173020 0.963582 0
0.000512481 8 268270 0.96476 0
0.000512481 8 415956 0.966318 0
0.000512481 8 644947 0.968437 0
0.000512481 8 1e+06 0.971058 0

0.00124961 8 1e-06 0.916235 0
0.00124961 8 1.55052e-06 0.916234 0
0.00124961 8 2.4041e-06 0.916234 0
0.00124961 8 3.72759e-06 0.916233 0
0.00124961 8 5.77969e-06 0.916232 0
0.00124961 8 8.96151e-06 0.916229 0
0.00124961 8 1.3895e-05 0.916226 0
0.00124961 8 2.15443e-05 0.91622 0
0.00124961 8 3.34048e-05 0.916212 0
0.00124961 8 5.17947e-05 0.916199 0
0.00124961 8 8.03086e-05 0.916179 0
0.00124961 8 0.00012452 0.916148 0
0.00124961 8 0.00019307 0.916101 0
0.00124961 8 0.000299358 0.916026 0
0.00124961 8 0.000464159 0.915911 0
0.00124961 8 0.000719686 0.915733 0
0.00124961 8 0.00111588 0.915456 0
0.00124961 8 0.0017302 0.915029 0
0.00124961 8 0.0026827 0.914368 0
0.00124961 8 0.00415956 0.913349 0
0.00124961 8 0.00644947 0.911779 0
0.00124961 8 0.01 0.909373 0
0.00124961 8 0.0155052 0.905708 0
0.00124961 8 0.024041 0.900178 0
0.00124961 8 0.0372759 0.891961 0
0.00124961 8 0.0577969 0.880033 0
0.00124961 8 0.0896151 0.863347 0
0.00124961 8 0.13895 0.841325 0
0.00124961 8 0.215443 0.814885 0
0.00124961 8 0.334048 0.787968 0
0.00124961 8 0.517947 0.768505 0
0.00124961 8 0.803086 0.7658 0
0.00124961 8 1.2452 0.782857 0
0.00124961 8 1.9307 0.812651 0
0.00124961 8 2.99358 0.839372 0
0.00124961 8 4.64159 0.869568 0
0.00124961 8 7.19686 0.911407 0
0.00124961 8 11.1588 0.922735 0
0.00124961 8 17.302 0.937178 0
0.00124961 8 26.827 0.945023 0
0.00124961 8 41.5956 0.946106 0
0.00124961 8 64.4947 0.947273 0
0.00124961 8 100 0.949034 0
0.00124961 8 155.052 0.949979 0
0.00124961 8 240.41 0.95084 0
0.00124961 8 372.759 0.952448 0
0.00124961 8 577.969 0.953636 0
0.00124961 8 896.151 0.954156 0
0.00124961 8 1389.5 0.955102 0
0.00124961 8 2154.43 0.956302 0
0.00124961 8 3340.48 0.957336 0
0.00124961 8 5179.47 0.958067 0
0.00124961 8 8030.86 0.958568 0
0.00124961 8 12452 0.959185 0
0.00124961 8 19307 0.959903 0
0.00124961 8 29935.8 0.960606 0
0.00124961 8 46415.9 0.961273 0
0.00124961 8 71968.6 0.961904 0
0.00124961 8 111588 0.9626 0
0.00124961 8 173020 0.963582 0
0.00124961 8 268270 0.96476 0
0.00124961 8 415956 0.966318 0
0.00124961 8 644947 0.968437 0
0.00124961 8 1e+06 0.971058 0

0.00304699 8 1e-06 0.916045 0
0.00304699 8 1.55052e-06 0.916045 0
0.00304699 8 2.4041e-06 0.916044 0
0.00304699 8 3.72759e-06 0.916043 0
0.00304699 8 5.77969e-06 0.916042 0
0.00304699 8 8.96151e-06 0.91604 0
0.00304699 8 1.3895e-05 0.916036 0
0.00304699 8 2.15443e-05 0.916031 0
0.00304699 8 3.34048e-05 0.916023 0
0.00304699 8 5.17947e-05 0.91601 0
0.00304699 8 8.03086e-05 0.91599 0
0.00304699 8 0.00012452 0.915959 0
0.00304699 8 0.00019307 0.915911 0
0.00304699 8 0.000299358 0.915837 0
0.00304699 8 0.000464159 0.915722 0
0.00304699 8 0.000719686 0.915544 0
0.00304699 8 0.00111588 0.915268 0
0.00304699 8 0.0017302 0.914841 0
0.00304699 8 0.0026827 0.914181 0
0.00304699 8 0.00415956 0.913163 0
0.00304699 8 0.00644947 0.911595 0
0.00304699 8 0.01 0.909192 0
0.00304699 8 0.0155052 0.905531 0
0.00304699 8 0.024041 0.900008 0
0.00304699 8 0.0372759 0.891801 0
0.00304699 8 0.0577969 0.879888 0
0.00304699 8 0.0896151 0.863222 0
0.00304699 8 0.13895 0.841226 0
0.00304699 8 0.215443 0.814817 0
0.00304699 8 0.334048 0.787932 0
0.00304699 8 0.517947 0.768495 0
0.00304699 8 0.803086 0.765803 0
0.00304699 8 1.2452 0.782866 0
0.00304699 8 1.9307 0.812659 0
0.00304699 8 2.99358 0.839377 0
0.00304699 8 4.64159 0.869571 0
0.00304699 8 7.19686 0.911408 0
0.00304699 8 11.1588 0.922735 0
0.00304699 8 17.302 0.937178 0
0.00304699 8 26.827 0.945023 0
0.00304699 8 41.5956 0.946106 0
0.00304699 8 64.4947 0.947273 0
0.00304699 8 100 0.949034 0
0.00304699 8 155.052 0.949979 0
0.00304699 8 240.41 0.95084 0
0.00304699 8 372.759 0.952448 0
0.00304699 8 577.969 0.953636 0
0.00304699 8 896.151 0.954156 0
0.00304699 8 1389.5 0.955102 0
0.00304699 8 2154.43 0.956302 0
0.00304699 8 3340.48 0.957336 0
0.00304699 8 5179.47 0.958067 0
0.00304699 8 8030.86 0.958568 0
0.00304699 8 12452 0.959185 0
0.00304699 8 19307 0.959903 0
0.00304699 8 29935.8 0.960606 0
0.00304699 8 46415.9 0.961273 0
0.00304699 8 71968.6 0.961904 0
0.00304699 8 111588 0.9626 0
0.00304699 8 173020 0.963582 0
0.00304699 8 268270 0.96476 0
0.00304699 8 415956 0.966318 0
0.00304699 8 644947 0.968437 0
0.00304699 8 1e+06 0.971058 0

0.00742964 8 1e-06 0.915594 0
0.00742964 8 1.55052e-06 0.915593 0
0.00742964 8 2.4041e-06 0.915593 0
0.00742964 8 3.72759e-06 0.915592 0
0.00742964 8 5.77969e-06 0.91559 0
0.00742964 8 8.96151e-06 0.915588 0
0.00742964 8 1.3895e-05 0.915585 0
0.00742964 8 2.15443e-05 0.915579 0
0.00742964 8 3.34048e-05 0.915571 0
0.00742964 8 5.17947e-05 0.915558 0
0.00742964 8 8.03086e-05 0.915538 0
0.00742964 8 0.00012452 0.915507 0
0.00742964 8 0.00019307 0.91546 0
0.00742964 8 0.000299358 0.915386 0
0.00742964 8 0.000464159 0.915271 0
0.00742964 8 0.000719686 0.915093 0
0.00742964 8 0.00111588 0.914818 0
0.00742964 8 0.0017302 0.914393 0
0.00742964 8 0.0026827 0.913735 0
0.00742964 8 0.00415956 0.912719 0
0.00742964 8 0.00644947 0.911156 0
0.00742964 8 0.01 0.90876 0
0.00742964 8 0.0155052 0.90511 0
0.00742964 8 0.024041 0.899603 0
0.00742964 8 0.0372759 0.89142 0
0.00742964 8 0.0577969 0.879541 0
0.00742964 8 0.0896151 0.862923 0
0.00742964 8 0.13895 0.84099 0
0.00742964 8 0.215443 0.814655 0
0.00742964 8 0.334048 0.787847 0
0.00742964 8 0.517947 0.768471 0
0.00742964 8 0.803086 0.765815 0
0.00742964 8 1.2452 0.782888 0
0.00742964 8 1.9307 0.812678 0
0.00742964 8 2.99358 0.839389 0
0.00742964 8 4.64159 0.869578 0
0.00742964 8 7.19686 0.911409 0
0.00742964 8 11.1588 0.922736 0
0.00742964 8 17.302 0.937177 0
0.00742964 8 26.827 0.945023 0
0.00742964 8 41.5956 0.946105 0
0.00742964 8 64.4947 0.947273 0
0.00742964 8 100 0.949034 0
0.00742964 8 155.052 0.949979 0
0.00742964 8 240.41 0.95084 0
0.00742964 8 372.759 0.952448 0
0.00742964 8 577.969 0.953636 0
0.00742964 8 896.151 0.954156 0
0.00742964 8 1389.5 0.955102 0
0.00742964 8 2154.43 0.956302 0
0.00742964 8 3340.48 0.957336 0
0.00742964 8 5179.47 0.958067 0
0.00742964 8 8030.86 0.958568 0
0.00742964 8 12452 0.959185 0
0.00742964 8 19307 0.959903 0
0.00742964 8 29935.8 0.960606 0
0.00742964 8 46415.9 0.961273 0
0.00742964 8 71968.6 0.961904 0
0.00742964 8 111588 0.9626 0
0.00742964 8 173020 0.963582 0
0.00742964 8 268270 0.96476 0
0.00742964 8 415956 0.966318 0
0.00742964 8 644947 0.968437 0
0.00742964 8 1e+06 0.971058 0

0.0181161 8 1e-06 0.914509 0
0.0181161 8 1.55052e-06 0.914509 0
0.0181161 8 2.4041e-06 0.914509 0
0.0181161 8 3.72759e-06 0.914508 0
0.0181161 8 5.77969e-06 0.914506 0
0.0181161 8 8.96151e-06 0.914504 0
0.0181161 8 1.3895e-05 0.914501 0
0.0181161 8 2.15443e-05 0.914495 0
0.0181161 8 3.34048e-05 0.914487 0
0.0181161 8 5.17947e-05 0.914474 0
0.0181161 8 8.03086e-05 0.914455 0
0.0181161 8 0.00012452 0.914424 0
0.0181161 8 0.00019307 0.914377 0
0.0181161 8 0.000299358 0.914303 0
0.0181161 8 0.000464159 0.914189 0
0.0181161 8 0.000719686 0.914013 0
0.0181161 8 0.00111588 0.91374 0
0.0181161 8 0.0017302 0.913317 0
0.0181161 8 0.0026827 0.912664 0
0.0181161 8 0.00415956 0.911655 0
0.0181161 8 0.00644947 0.910104 0
0.0181161 8 0.01 0.907724 0
0.0181161 8 0.0155052 0.9041 0
0.0181161 8 0.024041 0.898632 0
0.0181161 8 0.0372759 0.890506 0
0.0181161 8 0.0577969 0.87871 0
0.0181161 8 0.0896151 0.862207 0
0.0181161 8 0.13895 0.840425 0
0.0181161 8 0.215443 0.814269 0
0.0181161 8 0.334048 0.787645 0
0.0181161 8 0.517947 0.768419 0
0.0181161 8 0.803086 0.765848 0
0.0181161 8 1.2452 0.782947 0
0.0181161 8 1.9307 0.812726 0
0.0181161 8 2.99358 0.839421 0
0.0181161 8 4.64159 0.869596 0
0.0181161 8 7.19686 0.911413 0
0.0181161 8 11.1588 0.922737 0
0.0181161 8 17.302 0.937176 0
0.0181161 8 26.827 0.945022 0
0.0181161 8 41.5956 0.946105 0
0.0181161 8 64.4947 0.947273 0
0.0181161 8 100 0.949034 0
0.0181161 8 155.052 0.949978 0
0.0181161 8 240.41 0.95084 0
0.0181161 8 372.759 0.952448 0
0.0181161 8 577.969 0.953636 0
0.0181161 8 896.151 0.954156 0
0.0181161 8 1389.5 0.955102 0
0.0181161 8 2154.43 0.956302 0
0.0181161 8 3340.48 0.957336 0
0.0181161 8 5179.47 0.958067 0
0.0181161 8 8030.86 0.958568 0
0.0181161 8 12452 0.959185 0
0.0181161 8 19307 0.959903 0
0.0181161 8 29935.8 0.960606 0
0.0181161 8 46415.9 0.961273 0
0.0181161 8 71968.6 0.961904 0
0.0181161 8 111588 0.9626 0
0.0181161 8 173020 0.963582 0
0.0181161 8 268270 0.96476 0
0.0181161 8 415956 0.966318 0
0.0181161 8 644947 0.968437 0
0.0181161 8 1e+06 0.971058 0

0.0441734 8 1e-06 0.911883 0
0.0441734 8 1.55052e-06 0.911882 0
0.0441734 8 2.4041e-06 0.911882 0
0.0441734 8 3.72759e-06 0.911881 0
0.0441734 8 5.77969e-06 0.911879 0
0.0441734 8 8.96151e-06 0.911877 0
0.0441734 8 1.3895e-05 0.911874 0
0.0441734 8 2.15443e-05 0.911869 0
0.0441734 8 3.34048e-05 0.911861 0
0.0441734 8 5.17947e-05 0.911848 0
0.0441734 8 8.03086e-05 0.911829 0
0.0441734 8 0.00012452 0.911799 0
0.0441734 8 0.00019307 0.911752 0
0.0441734 8 0.000299358 0.91168 0
0.0441734 8 0.000464159 0.911568 0
0.0441734 8 0.000719686 0.911395 0
0.0441734 8 0.00111588 0.911126 0
0.0441734 8 0.0017302 0.910711 0
0.0441734 8 0.0026827 0.910069 0
0.0441734 8 0.00415956 0.909078 0
0.0441734 8 0.00644947 0.907553 0
0.0441734 8 0.01 0.905214 0
0.0441734 8 0.0155052 0.901652 0
0.0441734 8 0.024041 0.896278 0
0.0441734 8 0.0372759 0.888291 0
0.0441734 8 0.0577969 0.876695 0
0.0441734 8 0.0896151 0.860471 0
0.0441734 8 0.13895 0.839054 0
0.0441734 8 0.215443 0.813333 0
0.0441734 8 0.334048 0.787156 0
0.0441734 8 0.517947 0.768293 0
0.0441734 8 0.803086 0.765929 0
0.0441734 8 1.2452 0.783089 0
0.0441734 8 1.9307 0.812843 0
0.0441734 8 2.99358 0.839497 0
0.0441734 8 4.64159 0.86964 0
0.0441734 8 7.19686 0.911422 0
0.0441734 8 11.1588 0.922739 0
0.0441734 8 17.302 0.937174 0
0.0441734 8 26.827 0.945019 0
0.0441734 8 41.5956 0.946103 0
0.0441734 8 64.4947 0.947272 0
0.0441734 8 100 0.949033 0
0.0441734 8 155.052 0.949978 0
0.0441734 8 240.41 0.95084 0
0.0441734 8 372.759 0.952447 0
0.0441734 8 577.969 0.953636 0
0.0441734 8 896.151 0.954156 0
0.0441734 8 1389.5 0.955101 0
0.0441734 8 2154.43 0.956302 0
0.0441734 8 3340.48 0.957336 0
0.0441734 8 5179.47 0.958067 0
0.0441734 8 8030.86 0.958568 0
0.0441734 8 12452 0.959185 0
0.0441734 8 19307 0.959903 0
0.0441734 8 29935.8 0.960606 0
0.0441734 8 46415.9 0.961273 0
0.0441734 8 71968.6 0.961904 0
0.0441734 8 111588 0.9626 0
0.0441734 8 173020 0.963582 0
0.0441734 8 268270 0.96476 0
0.0441734 8 415956 0.966318 0
0.0441734 8 644947 0.968437 0
0.0441734 8 1e+06 0.971058 0

0.107711 8 1e-06 0.905559 0
0.107711 8 1.55052e-06 0.905559 0
0.107711 8 2.4041e-06 0.905558 0
0.107711 8 3.72759e-06 0.905557 0
0.107711 8 5.77969e-06 0.905556 0
0.107711 8 8.96151e-06 0.905554 0
0.107711 8 1.3895e-05 0.905551 0
0.107711 8 2.15443e-05 0.905546 0
0.107711 8 3.34048e-05 0.905538 0
0.107711 8 5.17947e-05 0.905526 0
0.107711 8 8.03086e-05 0.905507 0
0.107711 8 0.00012452 0.905479 0
0.107711 8 0.00019307 0.905434 0
0.107711 8 0.000299358 0.905365 0
0.107711 8 0.000464159 0.905258 0
0.107711 8 0.000719686 0.905091 0
0.107711 8 0.00111588 0.904834 0
0.107711 8 0.0017302 0.904436 0
0.107711 8 0.0026827 0.903821 0
0.107711 8 0.00415956 0.902871 0
0.107711 8 0.00644947 0.901409 0
0.107711 8 0.01 0.899168 0
0.107711 8 0.0155052 0.895754 0
0.107711 8 0.024041 0.890603 0
0.107711 8 0.0372759 0.882947 0
0.107711 8 0.0577969 0.87183 0
0.107711 8 0.0896151 0.856272 0
0.107711 8 0.13895 0.835727 0
0.107711 8 0.215443 0.811049 0
0.107711 8 0.334048 0.785948 0
0.107711 8 0.517947 0.767969 0
0.107711 8 0.803086 0.766115 0
0.107711 8 1.2452 0.783432 0
0.107711 8 1.9307 0.813126 0
0.107711 8 2.99358 0.83968 0
0.107711 8 4.64159 0.869746 0
0.107711 8 7.19686 0.911443 0
0.107711 8 11.1588 0.922745 0
0.107711 8 17.302 0.937167 0
0.107711 8 26.827 0.945012 0
0.107711 8 41.5956 0.946099 0
0.107711 8 64.4947 0.947269 0
0.107711 8 100 0.949032 0
0.107711 8 155.052 0.949977 0
0.107711 8 240.41 0.950839 0
0.107711 8 372.759 0.952447 0
0.107711 8 577.969 0.953636 0
0.107711 8 896.151 0.954156 0
0.107711 8 1389.5 0.955101 0
0.107711 8 2154.43 0.956302 0
0.107711 8 3340.48 0.957336 0
0.107711 8 5179.47 0.958067 0
0.107711 8 8030.86 0.958568 0
0.107711 8 12452 0.959185 0
0.107711 8 19307 0.959903 0
0.107711 8 29935.8 0.960606 0
0.107711 8 46415.9 0.961273 0
0.107711 8 71968.6 0.961904 0
0.107711 8 111588 0.9626 0
0.107711 8 173020 0.963582 0
0.107711 8 268270 0.96476 0
0.107711 8 415956 0.966318 0
0.107711 8 644947 0.968437 0
0.107711 8 1e+06 0.971058 0

0.262636 8 1e-06 0.890722 0
0.262636 8 1.55052e-06 0.890721 0
0.262636 8 2.4041e-06 0.890721 0
0.262636 8 3.72759e-06 0.89072 0
0.262636 8 5.77969e-06 0.890719 0
0.262636 8 8.96151e-06 0.890717 0
0.262636 8 1.3895e-05 0.890714 0
0.262636 8 2.15443e-05 0.89071 0
0.262636 8 3.34048e-05 0.890703 0
0.262636 8 5.17947e-05 0.890692 0
0.262636 8 8.03086e-05 0.890675 0
0.262636 8 0.00012452 0.890649 0
0.262636 8 0.00019307 0.890609 0
0.262636 8 0.000299358 0.890547 0
0.262636 8 0.000464159 0.89045 0
0.262636 8 0.000719686 0.890301 0
0.262636 8 0.00111588 0.890069 0
0.262636 8 0.0017302 0.889711 0
0.262636 8 0.0026827 0.889157 0
0.262636 8 0.00415956 0.888302 0
0.262636 8 0.00644947 0.886986 0
0.262636 8 0.01 0.884969 0
0.262636 8 0.0155052 0.881895 0
0.262636 8 0.024041 0.877257 0
0.262636 8 0.0372759 0.870361 0
0.262636 8 0.0577969 0.860347 0
0.262636 8 0.0896151 0.846327 0
0.262636 8 0.13895 0.827806 0
0.262636 8 0.215443 0.805559 0
0.262636 8 0.334048 0.782993 0
0.262636 8 0.517947 0.76713 0
0.262636 8 0.803086 0.766533 0
0.262636 8 1.2452 0.784259 0
0.262636 8 1.9307 0.813815 0
0.262636 8 2.99358 0.840125 0
0.262636 8 4.64159 0.870001 0
0.262636 8 7.19686 0.911495 0
0.262636 8 11.1588 0.92276 0
0.262636 8 17.302 0.937152 0
0.262636 8 26.827 0.944995 0
0.262636 8 41.5956 0.946088 0
0.262636 8 64.4947 0.947263 0
0.262636 8 100 0.949028 0
0.262636 8 155.052 0.949975 0
0.262636 8 240.41 0.950838 0
0.262636 8 372.759 0.952446 0
0.262636 8 577.969 0.953635 0
0.262636 8 896.151 0.954156 0
0.262636 8 1389.5 0.955101 0
0.262636 8 2154.43 0.956302 0
0.262636 8 3340.48 0.957336 0
0.262636 8 5179.47 0.958067 0
0.262636 8 8030.86 0.958568 0
0.262636 8 12452 0.959185 0
0.262636 8 19307 0.959903 0
0.262636 8 29935.8 0.960606 0
0.262636 8 46415.9 0.961273 0
0.262636 8 71968.6 0.961904 0
0.262636 8 111588 0.9626 0
0.262636 8 173020 0.963582 0
0.262636 8 268270 0.96476 0
0.262636 8 415956 0.966318 0
0.262636 8 644947 0.968437 0
0.262636 8 1e+06 0.971058 0

0.6404 8 1e-06 0.858198 0
0.6404 8 1.55052e-06 0.858197 0
0.6404 8 2.4041e-06 0.858197 0
0.6404 8 3.72759e-06 0.858196 0
0.6404 8 5.77969e-06 0.858196 0
0.6404 8 8.96151e-06 0.858194 0
0.6404 8 1.3895e-05 0.858192 0
0.6404 8 2.15443e-05 0.858188 0
0.6404 8 3.34048e-05 0.858183 0
0.6404 8 5.17947e-05 0.858175 0
0.6404 8 8.03086e-05 0.858162 0
0.6404 8 0.00012452 0.858142 0
0.6404 8 0.00019307 0.858111 0
0.6404 8 0.000299358 0.858064 0
0.6404 8 0.000464159 0.85799 0
0.6404 8 0.000719686 0.857875 0
0.6404 8 0.00111588 0.857698 0
0.6404 8 0.0017302 0.857424 0
0.6404 8 0.0026827 0.857 0
0.6404 8 0.00415956 0.856346 0
0.6404 8 0.00644947 0.855338 0
0.6404 8 0.01 0.853794 0
0.6404 8 0.0155052 0.851441 0
0.6404 8 0.024041 0.84789 0
0.6404 8 0.0372759 0.842612 0
0.6404 8 0.0577969 0.834947 0
0.6404 8 0.0896151 0.824217 0
0.6404 8 0.13895 0.810054 0
0.6404 8 0.215443 0.793099 0
0.6404 8 0.334048 0.776141 0
0.6404 8 0.517947 0.765092 0
0.6404 8 0.803086 0.767481 0
0.6404 8 1.2452 0.786245 0
0.6404 8 1.9307 0.815488 0
0.6404 8 2.99358 0.841202 0
0.6404 8 4.64159 0.870617 0
0.6404 8 7.19686 0.911622 0
0.6404 8 11.1588 0.922798 0
0.6404 8 17.302 0.937115 0
0.6404 8 26.827 0.944955 0
0.6404 8 41.5956 0.946064 0
0.6404 8 64.4947 0.947248 0
0.6404 8 100 0.949018 0
0.6404 8 155.052 0.949969 0
0.6404 8 240.41 0.950834 0
0.6404 8 372.759 0.952444 0
0.6404 8 577.969 0.953634 0
0.6404 8 896.151 0.954155 0
0.6404 8 1389.5 0.955101 0
0.6404 8 2154.43 0.956301 0
0.6404 8 3340.48 0.957336 0
0.6404 8 5179.47 0.958067 0
0.6404 8 8030.86 0.958568 0
0.6404 8 12452 0.959185 0
0.6404 8 19307 0.959903 0
0.6404 8 29935.8 0.960606 0
0.6404 8 46415.9 0.961273 0
0.6404 8 71968.6 0.961904 0
0.6404 8 111588 0.9626 0
0.6404 8 173020 0.963582 0
0.6404 8 268270 0.96476 0
0.6404 8 415956 0.966318 0
0.6404 8 644947 0.968437 0
0.6404 8 1e+06 0.971058 0

1.56152 8 1e-06 0.800995 0
1.56152 8 1.55052e-06 0.800995 0
1.56152 8 2.4041e-06 0.800994 0
1.56152 8 3.72759e-06 0.800994 0
1.56152 8 5.77969e-06 0.800994 0
1.56152 8 8.96151e-06 0.800993 0
1.56152 8 1.3895e-05 0.800992 0
1.56152 8 2.15443e-05 0.80099 0
1.56152 8 3.34048e-05 0.800988 0
1.56152 8 5.17947e-05 0.800984 0
1.56152 8 8.03086e-05 0.800978 0
1.56152 8 0.00012452 0.800969 0
1.56152 8 0.00019307 0.800954 0
1.56152 8 0.000299358 0.800931 0
1.56152 8 0.000464159 0.800897 0
1.56152 8 0.000719686 0.800842 0
1.56152 8 0.00111588 0.800759 0
1.56152 8 0.0017302 0.800629 0
1.56152 8 0.0026827 0.800429 0
1.56152 8 0.00415956 0.800119 0
1.56152 8 0.00644947 0.799644 0
1.56152 8 0.01 0.798915 0
1.56152 8 0.0155052 0.797805 0
1.56152 8 0.024041 0.796134 0
1.56152 8 0.0372759 0.793654 0
1.56152 8 0.0577969 0.790068 0
1.56152 8 0.0896151 0.785081 0
1.56152 8 0.13895 0.778586 0
1.56152 8 0.215443 0.771056 0
1.56152 8 0.334048 0.764278 0
1.56152 8 0.517947 0.762209 0
1.56152 8 0.803086 0.770374 0
1.56152 8 1.2452 0.791146 0
1.56152 8 1.9307 0.819531 0
1.56152 8 2.99358 0.843796 0
1.56152 8 4.64159 0.872088 0
1.56152 8 7.19686 0.911937 0
1.56152 8 11.1588 0.922896 0
1.56152 8 17.302 0.937033 0
1.56152 8 26.827 0.944864 0
1.56152 8 41.5956 0.946007 0
1.56152 8 64.4947 0.947214 0
1.56152 8 100 0.948997 0
1.56152 8 155.052 0.949956 0
1.56152 8 240.41 0.950826 0
1.56152 8 372.759 0.952439 0
1.56152 8 577.969 0.95363 0
1.56152 8 896.151 0.954153 0
1.56152 8 1389.5 0.955099 0
1.56152 8 2154.43 0.956301 0
1.56152 8 3340.48 0.957335 0
1.56152 8 5179.47 0.958067 0
1.56152 8 8030.86 0.958568 0
1.56152 8 12452 0.959185 0
1.56152 8 19307 0.959903 0
1.56152 8 29935.8 0.960606 0
1.56152 8 46415.9 0.961273 0
1.56152 8 71968.6 0.961904 0
1.56152 8 111588 0.9626 0
1.56152 8 173020 0.963582 0
1.56152 8 268270 0.96476 0
1.56152 8 415956 0.966318 0
1.56152 8 644947 0.968437 0
1.56152 8 1e+06 0.971058 0

3.80755 8 1e-06 0.754773 0
3.80755 8 1.55052e-06 0.754773 0
3.80755 8 2.4041e-06 0.754773 0
3.80755 8 3.72759e-06 0.754773 0
3.80755 8 5.77969e-06 0.754773 0
3.80755 8 8.96151e-06 0.754773 0
3.80755 8 1.3895e-05 0.754773 0
3.80755 8 2.15443e-05 0.754773 0
3.80755 8 3.34048e-05 0.754773 0
3.80755 8 5.17947e-05 0.754774 0
3.80755 8 8.03086e-05 0.754774 0
3.80755 8 0.00012452 0.754775 0
3.80755 8 0.00019307 0.754777 0
3.80755 8 0.000299358 0.754779 0
3.80755 8 0.000464159 0.754782 0
3.80755 8 0.000719686 0.754787 0
3.80755 8 0.00111588 0.754795 0
3.80755 8 0.0017302 0.754807 0
3.80755 8 0.0026827 0.754826 0
3.80755 8 0.00415956 0.754856 0
3.80755 8 0.00644947 0.754902 0
3.80755 8 0.01 0.754973 0
3.80755 8 0.0155052 0.755084 0
3.80755 8 0.024041 0.755256 0
3.80755 8 0.0372759 0.755525 0
3.80755 8 0.0577969 0.755943 0
3.80755 8 0.0896151 0.756598 0
3.80755 8 0.13895 0.757637 0
3.80755 8 0.215443 0.759357 0
3.80755 8 0.334048 0.762516 0
3.80755 8 0.517947 0.769024 0
3.80755 8 0.803086 0.7822 0
3.80755 8 1.2452 0.803584 0
3.80755 8 1.9307 0.828977 0
3.80755 8 2.99358 0.849875 0
3.80755 8 4.64159 0.875535 0
3.80755 8 7.19686 0.912764 0
3.80755 8 11.1588 0.923199 0
3.80755 8 17.302 0.936892 0
3.80755 8 26.827 0.944677 0
3.80755 8 41.5956 0.94589 0
3.80755 8 64.4947 0.947144 0
3.80755 8 100 0.948952 0
3.80755 8 155.052 0.949928 0
3.80755 8 240.41 0.95081 0
3.80755 8 372.759 0.952428 0
3.80755 8 577.969 0.953624 0
3.80755 8 896.151 0.954149 0
3.80755 8 1389.5 0.955097 0
3.80755 8 2154.43 0.956299 0
3.80755 8 3340.48 0.957334 0
3.80755 8 5179.47 0.958066 0
3.80755 8 8030.86 0.958568 0
3.80755 8 12452 0.959184 0
3.80755 8 19307 0.959903 0
3.80755 8 29935.8 0.960606 0
3.80755 8 46415.9 0.961273 0
3.80755 8 71968.6 0.961904 0
3.80755 8 111588 0.9626 0
3.80755 8 173020 0.963582 0
3.80755 8 268270 0.96476 0
3.80755 8 415956 0.966318 0
3.80755 8 644947 0.968437 0
3.80755 8 1e+06 0.971058 0

9.28415 8 1e-06 0.78513 0
9.28415 8 1.55052e-06 0.78513 0
9.28415 8 2.4041e-06 0.78513 0
9.28415 8 3.72759e-06 0.78513 0
9.28415 8 5.77969e-06 0.78513 0
9.28415 8 8.96151e-06 0.785131 0
9.28415 8 1.3895e-05 0.785131 0
9.28415 8 2.15443e-05 0.785131 0
9.28415 8 3.34048e-05 0.785132 0
9.28415 8 5.17947e-05 0.785133 0
9.28415 8 8.03086e-05 0.785135 0
9.28415 8 0.00012452 0.785137 0
9.28415 8 0.00019307 0.785141 0
9.28415 8 0.000299358 0.785147 0
9.28415 8 0.000464159 0.785156 0
9.28415 8 0.000719686 0.785171 0
9.28415 8 0.00111588 0.785193 0
9.28415 8 0.0017302 0.785227 0
9.28415 8 0.0026827 0.785281 0
9.28415 8 0.00415956 0.785363 0
9.28415 8 0.00644947 0.78549 0
9.28415 8 0.01 0.785685 0
9.28415 8 0.0155052 0.785983 0
9.28415 8 0.024041 0.786434 0
9.28415 8 0.0372759 0.78711 0
9.28415 8 0.0577969 0.788101 0
9.28415 8 0.0896151 0.789518 0
9.28415 8 0.13895 0.791468 0
9.28415 8 0.215443 0.794069 0
9.28415 8 0.334048 0.797633 0
9.28415 8 0.517947 0.803302 0
9.28415 8 0.803086 0.81355 0
9.28415 8 1.2452 0.82963 0
9.28415 8 1.9307 0.847919 0
9.28415 8 2.99358 0.862641 0
9.28415 8 4.64159 0.883054 0
9.28415 8 7.19686 0.914933 0
9.28415 8 11.1588 0.924165 0
9.28415 8 17.302 0.936791 0
9.28415 8 26.827 0.944384 0
9.28415 8 41.5956 0.945703 0
9.28415 8 64.4947 0.947031 0
9.28415 8 100 0.948877 0
9.28415 8 155.052 0.949883 0
9.28415 8 240.41 0.950783 0
9.28415 8 372.759 0.952411 0
9.28415 8 577.969 0.953612 0
9.28415 8 896.151 0.954142 0
9.28415 8 1389.5 0.955093 0
9.28415 8 2154.43 0.956296 0
9.28415 8 3340.48 0.957332 0
9.28415 8 5179.47 0.958065 0
9.28415 8 8030.86 0.958567 0
9.28415 8 12452 0.959184 0
9.28415 8 19307 0.959903 0
9.28415 8 29935.8 0.960606 0
9.28415 8 46415.9 0.961273 0
9.28415 8 71968.6 0.961904 0
9.28415 8 111588 0.9626 0
9.28415 8 173020 0.963582 0
9.28415 8 268270 0.96476 0
9.28415 8 415956 0.966318 0
9.28415 8 644947 0.968437 0
9.28415 8 1e+06 0.971058 0

22.638 8 1e-06 0.843353 0
22.638 8 1.55052e-06 0.843353 0
22.638 8 2.4041e-06 0.843353 0
22.638 8 3.72759e-06 0.843354 0
22.638 8 5.77969e-06 0.843354 0
22.638 8 8.96151e-06 0.843354 0
22.638 8 1.3895e-05 0.843354 0
22.638 8 2.15443e-05 0.843354 0
22.638 8 3.34048e-05 0.843354 0
22.638 8 5.17947e-05 0.843355 0
22.638 8 8.03086e-05 0.843356 0
22.638 8 0.00012452 0.843357 0
22.638 8 0.00019307 0.843359 0
22.638 8 0.000299358 0.843361 0
22.638 8 0.000464159 0.843366 0
22.638 8 0.000719686 0.843373 0
22.638 8 0.00111588 0.843383 0
22.638 8 0.0017302 0.8434 0
22.638 8 0.0026827 0.843425 0
22.638 8 0.00415956 0.843465 0
22.638 8 0.00644947 0.843525 0
22.638 8 0.01 0.843618 0
22.638 8 0.0155052 0.843758 0
22.638 8 0.024041 0.84397 0
22.638 8 0.0372759 0.844282 0
22.638 8 0.0577969 0.844732 0
22.638 8 0.0896151 0.845354 0
22.638 8 0.13895 0.846168 0
22.638 8 0.215443 0.847185 0
22.638 8 0.334048 0.848543 0
22.638 8 0.517947 0.850975 0
22.638 8 0.803086 0.856212 0
22.638 8 1.2452 0.86519 0
22.638 8 1.9307 0.875374 0
22.638 8 2.99358 0.883044 0
22.638 8 4.64159 0.89618 0
22.638 8 7.19686 0.919524 0
22.638 8 11.1588 0.926606 0
22.638 8 17.302 0.937063 0
22.638 8 26.827 0.944067 0
22.638 8 41.5956 0.945487 0
22.638 8 64.4947 0.946899 0
22.638 8 100 0.948781 0
22.638 8 155.052 0.949824 0
22.638 8 240.41 0.950749 0
22.638 8 372.759 0.952387 0
22.638 8 577.969 0.953596 0
22.638 8 896.151 0.954133 0
22.638 8 1389.5 0.955087 0
22.638 8 2154.43 0.956293 0
22.638 8 3340.48 0.95733 0
22.638 8 5179.47 0.958063 0
22.638 8 8030.86 0.958566 0
22.638 8 12452 0.959183 0
22.638 8 19307 0.959902 0
22.638 8 29935.8 0.960605 0
22.638 8 46415.9 0.961273 0
22.638 8 71968.6 0.961904 0
22.638 8 111588 0.9626 0
22.638 8 173020 0.963582 0
22.638 8 268270 0.96476 0
22.638 8 415956 0.966318 0
22.638 8 644947 0.968437 0
22.638 8 1e+06 0.971058 0

55.1995 8 1e-06 0.888896 0
55.1995 8 1.55052e-06 0.888896 0
55.1995 8 2.4041e-06 0.888896 0
55.1995 8 3.72759e-06 0.888896 0
55.1995 8 5.77969e-06 0.888896 0
55.1995 8 8.96151e-06 0.888896 0
55.1995 8 1.3895e-05 0.888896 0
55.1995 8 2.15443e-05 0.888896 0
55.1995 8 3.34048e-05 0.888896 0
55.1995 8 5.17947e-05 0.888897 0
55.1995 8 8.03086e-05 0.888897 0
55.1995 8 0.00012452 0.888897 0
55.1995 8 0.00019307 0.888898 0
55.1995 8 0.000299358 0.888899 0
55.1995 8 0.000464159 0.888901 0
55.1995 8 0.000719686 0.888904 0
55.1995 8 0.00111588 0.888909 0
55.1995 8 0.0017302 0.888916 0
55.1995 8 0.0026827 0.888926 0
55.1995 8 0.00415956 0.888943 0
55.1995 8 0.00644947 0.888968 0
55.1995 8 0.01 0.889007 0
55.1995 8 0.0155052 0.889066 0
55.1995 8 0.024041 0.889153 0
55.1995 8 0.0372759 0.88928 0
55.1995 8 0.0577969 0.88946 0
55.1995 8 0.0896151 0.889698 0
55.1995 8 0.13895 0.889989 0
55.1995 8 0.215443 0.890317 0
55.1995 8 0.334048 0.890729 0
55.1995 8 0.517947 0.8916 0
55.1995 8 0.803086 0.893878 0
55.1995 8 1.2452 0.898093 0
55.1995 8 1.9307 0.902788 0
55.1995 8 2.99358 0.905725 0
55.1995 8 4.64159 0.912507 0
55.1995 8 7.19686 0.926479 0
55.1995 8 11.1588 0.930977 0
55.1995 8 17.302 0.938228 0
55.1995 8 26.827 0.943965 0
55.1995 8 41.5956 0.945384 0
55.1995 8 64.4947 0.946829 0
55.1995 8 100 0.948703 0
55.1995 8 155.052 0.949775 0
55.1995 8 240.41 0.950722 0
55.1995 8 372.759 0.952363 0
55.1995 8 577.969 0.953578 0
55.1995 8 896.151 0.954124 0
55.1995 8 1389.5 0.955081 0
55.1995 8 2154.43 0.956288 0
55.1995 8 3340.48 0.957327 0
55.1995 8 5179.47 0.958061 0
55.1995 8 8030.86 0.958565 0
55.1995 8 12452 0.959183 0
55.1995 8 19307 0.959902 0
55.1995 8 29935.8 0.960605 0
55.1995 8 46415.9 0.961273 0
55.1995 8 71968.6 0.961904 0
55.1995 8 111588 0.9626 0
55.1995 8 173020 0.963582 0
55.1995 8 268270 0.96476 0
55.1995 8 415956 0.966318 0
55.1995 8 644947 0.968437 0
55.1995 8 1e+06 0.971058 0

134.596 8 1e-06 0.91752 0
134.596 8 1.55052e-06 0.91752 0
134.596 8 2.4041e-06 0.91752 0
134.596 8 3.72759e-06 0.91752 0
134.596 8 5.77969e-06 0.91752 0
134.596 8 8.96151e-06 0.91752 0
134.596 8 1.3895e-05 0.91752 0
134.596 8 2.15443e-05 0.91752 0
134.596 8 3.34048e-05 0.91752 0
134.596 8 5.17947e-05 0.91752 0
134.596 8 8.03086e-05 0.91752 0
134.596 8 0.00012452 0.91752 0
134.596 8 0.00019307 0.917521 0
134.596 8 0.000299358 0.917521 0
134.596 8 0.000464159 0.917522 0
134.596 8 0.000719686 0.917523 0
134.596 8 0.00111588 0.917525 0
134.596 8 0.0017302 0.917528 0
134.596 8 0.0026827 0.917532 0
134.596 8 0.00415956 0.917539 0
134.596 8 0.00644947 0.917549 0
134.596 8 0.01 0.917565 0
134.596 8 0.0155052 0.917589 0
134.596 8 0.024041 0.917624 0
134.596 8 0.0372759 0.917674 0
134.596 8 0.0577969 0.917744 0
134.596 8 0.0896151 0.917834 0
134.596 8 0.13895 0.917936 0
134.596 8 0.215443 0.918038 0
134.596 8 0.334048 0.918154 0
134.596 8 0.517947 0.918454 0
134.596 8 0.803086 0.919386 0
134.596 8 1.2452 0.921204 0
134.596 8 1.9307 0.923178 0
134.596 8 2.99358 0.924122 0
134.596 8 4.64159 0.927154 0
134.596 8 7.19686 0.93418 0
134.596 8 11.1588 0.936557 0
134.596 8 17.302 0.94063 0
134.596 8 26.827 0.94451 0
134.596 8 41.5956 0.945704 0
134.596 8 64.4947 0.947022 0
134.596 8 100 0.948749 0
134.596 8 155.052 0.949799 0
134.596 8 240.41 0.950745 0
134.596 8 372.759 0.95236 0
134.596 8 577.969 0.953568 0
134.596 8 896.151 0.954121 0
134.596 8 1389.5 0.955079 0
134.596 8 2154.43 0.956285 0
134.596 8 3340.48 0.957324 0
134.596 8 5179.47 0.95806 0
134.596 8 8030.86 0.958564 0
134.596 8 12452 0.959182 0
134.596 8 19307 0.959901 0
134.596 8 29935.8 0.960605 0
134.596 8 46415.9 0.961272 0
134.596 8 71968.6 0.961904 0
134.596 8 111588 0.9626 0
134.596 8 173020 0.963582 0
134.596 8 268270 0.96476 0
134.596 8 415956 0.966318 0
134.596 8 644947 0.968437 0
134.596 8 1e+06 0.971058 0

328.193 8 1e-06 0.933308 0
328.193 8 1.55052e-06 0.933308 0
328.193 8 2.4041e-06 0.933308 0
328.193 8 3.72759e-06 0.933308 0
328.193 8 5.77969e-06 0.933308 0
328.193 8 8.96151e-06 0.933308 0
328.193 8 1.3895e-05 0.933308 0
328.193 8 2.15443e-05 0.933308 0
328.193 8 3.34048e-05 0.933308 0
328.193 8 5.17947e-05 0.933308 0
328.193 8 8.03086e-05 0.933308 0
328.193 8 0.00012452 0.933308 0
328.193 8 0.00019307 0.933308 0
328.193 8 0.000299358 0.933308 0
328.193 8 0.000464159 0.933309 0
328.193 8 0.000719686 0.933309 0
328.193 8 0.00111588 0.93331 0
328.193 8 0.0017302 0.933311 0
328.193 8 0.0026827 0.933313 0
328.193 8 0.00415956 0.933316 0
328.193 8 0.00644947 0.93332 0
328.193 8 0.01 0.933326 0
328.193 8 0.0155052 0.933336 0
328.193 8 0.024041 0.93335 0
328.193 8 0.0372759 0.93337 0
328.193 8 0.0577969 0.933398 0
328.193 8 0.0896151 0.933433 0
328.193 8 0.13895 0.933472 0
328.193 8 0.215443 0.933506 0
328.193 8 0.334048 0.933541 0
328.193 8 0.517947 0.933651 0
328.193 8 0.803086 0.934032 0
328.193 8 1.2452 0.934795 0
328.193 8 1.9307 0.93561 0
328.193 8 2.99358 0.935918 0
328.193 8 4.64159 0.937205 0
328.193 8 7.19686 0.940401 0
328.193 8 11.1588 0.941534 0
328.193 8 17.302 0.943521 0
328.193 8 26.827 0.945723 0
328.193 8 41.5956 0.946585 0
328.193 8 64.4947 0.947628 0
328.193 8 100 0.949031 0
328.193 8 155.052 0.949974 0
328.193 8 240.41 0.950873 0
328.193 8 372.759 0.952404 0
328.193 8 577.969 0.953574 0
328.193 8 896.151 0.954132 0
328.193 8 1389.5 0.955085 0
328.193 8 2154.43 0.956285 0
328.193 8 3340.48 0.957323 0
328.193 8 5179.47 0.958058 0
328.193 8 8030.86 0.958564 0
328.193 8 12452 0.959182 0
328.193 8 19307 0.959901 0
328.193 8 29935.8 0.960605 0
328.193 8 46415.9 0.961272 0
328.193 8 71968.6 0.961904 0
328.193 8 111588 0.9626 0
328.193 8 173020 0.963582 0
328.193 8 268270 0.96476 0
328.193 8 415956 0.966318 0
328.193 8 644947 0.968437 0
328.193 8 1e+06 0.971059 0

800.25 8 1e-06 0.942422 0
800.25 8 1.55052e-06 0.942422 0
800.25 8 2.4041e-06 0.942422 0
800.25 8 3.72759e-06 0.942422 0
800.25 8 5.77969e-06 0.942422 0
800.25 8 8.96151e-06 0.942422 0
800.25 8 1.3895e-05 0.942422 0
800.25 8 2.15443e-05 0.942422 0
800.25 8 3.34048e-05 0.942422 0
800.25 8 5.17947e-05 0.942422 0
800.25 8 8.03086e-05 0.942422 0
800.25 8 0.00012452 0.942422 0
800.25 8 0.00019307 0.942423 0
800.25 8 0.000299358 0.942423 0
800.25 8 0.000464159 0.942423 0
800.25 8 0.000719686 0.942423 0
800.25 8 0.00111588 0.942423 0
800.25 8 0.0017302 0.942424 0
800.25 8 0.0026827 0.942424 0
800.25 8 0.00415956 0.942426 0
800.25 8 0.00644947 0.942427 0
800.25 8 0.01 0.94243 0
800.25 8 0.0155052 0.942434 0
800.25 8 0.024041 0.94244 0
800.25 8 0.0372759 0.942448 0
800.25 8 0.0577969 0.942459 0
800.25 8 0.0896151 0.942473 0
800.25 8 0.13895 0.942488 0
800.25 8 0.215443 0.942501 0
800.25 8 0.334048 0.942513 0
800.25 8 0.517947 0.942555 0
800.25 8 0.803086 0.942711 0
800.25 8 1.2452 0.943028 0
800.25 8 1.9307 0.943363 0
800.25 8 2.99358 0.94347 0
800.25 8 4.64159 0.944005 0
800.25 8 7.19686 0.945381 0
800.25 8 11.1588 0.945878 0
800.25 8 17.302 0.946758 0
800.25 8 26.827 0.947823 0
800.25 8 41.5956 0.948302 0
800.25 8 64.4947 0.948933 0
800.25 8 100 0.949838 0
800.25 8 155.052 0.950533 0
800.25 8 240.41 0.951284 0
800.25 8 372.759 0.952599 0
800.25 8 577.969 0.953653 0
800.25 8 896.151 0.954197 0
800.25 8 1389.5 0.955124 0
800.25 8 2154.43 0.9563 0
800.25 8 3340.48 0.957327 0
800.25 8 5179.47 0.958061 0
800.25 8 8030.86 0.958566 0
800.25 8 12452 0.959183 0
800.25 8 19307 0.959901 0
800.25 8 29935.8 0.960605 0
800.25 8 46415.9 0.961272 0
800.25 8 71968.6 0.961904 0
800.25 8 111588 0.9626 0
800.25 8 173020 0.963583 0
800.25 8 268270 0.964761 0
800.25 8 415956 0.966319 0
800.25 8 644947 0.968438 0
800.25 8 1e+06 0.971059 0

1951.29 8 1e-06 0.947795 0
1951.29 8 1.55052e-06 0.947795 0
1951.29 8 2.4041e-06 0.947795 0
1951.29 8 3.72759e-06 0.947795 0
1951.29 8 5.77969e-06 0.947795 0
1951.29 8 8.96151e-06 0.947795 0
1951.29 8 1.3895e-05 0.947795 0
1951.29 8 2.15443e-05 0.947795 0
1951.29 8 3.34048e-05 0.947795 0
1951.29 8 5.17947e-05 0.947795 0
1951.29 8 8.03086e-05 0.947795 0
1951.29 8 0.00012452 0.947795 0
1951.29 8 0.00019307 0.947795 0
1951.29 8 0.000299358 0.947795 0
1951.29 8 0.000464159 0.947795 0
1951.29 8 0.000719686 0.947795 0
1951.29 8 0.00111588 0.947795 0
1951.29 8 0.0017302 0.947795 0
1951.29 8 0.0026827 0.947796 0
1951.29 8 0.00415956 0.947796 0
1951.29 8 0.00644947 0.947797 0
1951.29 8 0.01 0.947798 0
1951.29 8 0.0155052 0.9478 0
1951.29 8 0.024041 0.947802 0
1951.29 8 0.0372759 0.947805 0
1951.29 8 0.0577969 0.94781 0
1951.29 8 0.0896151 0.947816 0
1951.29 8 0.13895 0.947822 0
1951.29 8 0.215443 0.947827 0
1951.29 8 0.334048 0.947831 0
1951.29 8 0.517947 0.947848 0
1951.29 8 0.803086 0.947913 0
1951.29 8 1.2452 0.948044 0
1951.29 8 1.9307 0.948183 0
1951.29 8 2.99358 0.948224 0
1951.29 8 4.64159 0.948446 0
1951.29 8 7.19686 0.949027 0
1951.29 8 11.1588 0.94924 0
1951.29 8 17.302 0.949618 0
1951.29 8 26.827 0.950098 0
1951.29 8 41.5956 0.950335 0
1951.29 8 64.4947 0.950668 0
1951.29 8 100 0.95117 0
1951.29 8 155.052 0.95161 0
1951.29 8 240.41 0.952146 0
1951.29 8 372.759 0.953097 0
1951.29 8 577.969 0.953914 0
1951.29 8 896.151 0.954397 0
1951.29 8 1389.5 0.955247 0
1951.29 8 2154.43 0.956356 0
1951.29 8 3340.48 0.957352 0
1951.29 8 5179.47 0.958073 0
1951.29 8 8030.86 0.958575 0
1951.29 8 12452 0.959188 0
1951.29 8 19307 0.959904 0
1951.29 8 29935.8 0.960606 0
1951.29 8 46415.9 0.961274 0
1951.29 8 71968.6 0.961905 0
1951.29 8 111588 0.962602 0
1951.29 8 173020 0.963584 0
1951.29 8 268270 0.964762 0
1951.29 8 415956 0.96632 0
1951.29 8 644947 0.968439 0
1951.29 8 1e+06 0.971059 0

4757.94 8 1e-06 0.951218 0
4757.94 8 1.55052e-06 0.951218 0
4757.94 8 2.4041e-06 0.951218 0
4757.94 8 3.72759e-06 0.951218 0
4757.94 8 5.77969e-06 0.951218 0
4757.94 8 8.96151e-06 0.951218 0
4757.94 8 1.3895e-05 0.951218 0
4757.94 8 2.15443e-05 0.951218 0
4757.94 8 3.34048e-05 0.951218 0
4757.94 8 5.17947e-05 0.951218 0
4757.94 8 8.03086e-05 0.951218 0
4757.94 8 0.00012452 0.951218 0
4757.94 8 0.00019307 0.951218 0
4757.94 8 0.000299358 0.951218 0
4757.94 8 0.000464159 0.951218 0
4757.94 8 0.000719686 0.951218 0
4757.94 8 0.00111588 0.951218 0
4757.94 8 0.0017302 0.951218 0
4757.94 8 0.0026827 0.951218 0
4757.94 8 0.00415956 0.951218 0
4757.94 8 0.00644947 0.951219 0
4757.94 8 0.01 0.951219 0
4757.94 8 0.0155052 0.95122 0
4757.94 8 0.024041 0.951221 0
4757.94 8 0.0372759 0.951222 0
4757.94 8 0.0577969 0.951224 0
4757.94 8 0.0896151 0.951226 0
4757.94 8 0.13895 0.951229 0
4757.94 8 0.215443 0.951231 0
4757.94 8 0.334048 0.951233 0
4757.94 8 0.517947 0.95124 0
4757.94 8 0.803086 0.951266 0
4757.94 8 1.2452 0.951321 0
4757.94 8 1.9307 0.951378 0
4757.94 8 2.99358 0.951395 0
4757.94 8 4.64159 0.951487 0
4757.94 8 7.19686 0.951729 0
4757.94 8 11.1588 0.951818 0
4757.94 8 17.302 0.951978 0
4757.94 8 26.827 0.952185 0
4757.94 8 41.5956 0.952293 0
4757.94 8 64.4947 0.95245 0
4757.94 8 100 0.952694 0
4757.94 8 155.052 0.952927 0
4757.94 8 240.41 0.953238 0
4757.94 8 372.759 0.953807 0
4757.94 8 577.969 0.954352 0
4757.94 8 896.151 0.954763 0
4757.94 8 1389.5 0.955492 0
4757.94 8 2154.43 0.956477 0
4757.94 8 3340.48 0.957404 0
4757.94 8 5179.47 0.958099 0
4757.94 8 8030.86 0.958593 0
4757.94 8 12452 0.959199 0
4757.94 8 19307 0.959909 0
4757.94 8 29935.8 0.960609 0
4757.94 8 46415.9 0.961275 0
4757.94 8 71968.6 0.961907 0
4757.94 8 111588 0.962604 0
4757.94 8 173020 0.963586 0
4757.94 8 268270 0.964765 0
4757.94 8 415956 0.966322 0
4757.94 8 644947 0.968441 0
4757.94 8 1e+06 0.971061 0

11601.6 8 1e-06 0.953874 0
11601.6 8 1.55052e-06 0.953874 0
11601.6 8 2.4041e-06 0.953874 0
11601.6 8 3.72759e-06 0.953874 0
11601.6 8 5.77969e-06 0.953874 0
11601.6 8 8.96151e-06 0.953874 0
11601.6 8 1.3895e-05 0.953874 0
11601.6 8 2.15443e-05 0.953874 0
11601.6 8 3.34048e-05 0.953874 0
11601.6 8 5.17947e-05 0.953874 0
11601.6 8 8.03086e-05 0.953874 0
11601.6 8 0.00012452 0.953874 0
11601.6 8 0.00019307 0.953874 0
11601.6 8 0.000299358 0.953874 0
11601.6 8 0.000464159 0.953874 0
11601.6 8 0.000719686 0.953874 0
11601.6 8 0.00111588 0.953874 0
11601.6 8 0.0017302 0.953874 0
11601.6 8 0.0026827 0.953874 0
11601.6 8 0.00415956 0.953874 0
11601.6 8 0.00644947 0.953874 0
11601.6 8 0.01 0.953874 0
11601.6 8 0.0155052 0.953874 0
11601.6 8 0.024041 0.953875 0
11601.6 8 0.0372759 0.953875 0
11601.6 8 0.0577969 0.953876 0
11601.6 8 0.0896151 0.953877 0
11601.6 8 0.13895 0.953878 0
11601.6 8 0.215443 0.953879 0
11601.6 8 0.334048 0.95388 0
11601.6 8 0.517947 0.953883 0
11601.6 8 0.803086 0.953894 0
11601.6 8 1.2452 0.953916 0
11601.6 8 1.9307 0.95394 0
11601.6 8 2.99358 0.953947 0
11601.6 8 4.64159 0.953985 0
11601.6 8 7.19686 0.954085 0
11601.6 8 11.1588 0.954123 0
11601.6 8 17.302 0.95419 0
11601.6 8 26.827 0.954277 0
11601.6 8 41.5956 0.954325 0
11601.6 8 64.4947 0.954395 0
11601.6 8 100 0.954505 0
11601.6 8 155.052 0.954617 0
11601.6 8 240.41 0.954774 0
11601.6 8 372.759 0.955069 0
11601.6 8 577.969 0.955379 0
11601.6 8 896.151 0.955661 0
11601.6 8 1389.5 0.956172 0
11601.6 8 2154.43 0.9569 0
11601.6 8 3340.48 0.957639 0
11601.6 8 5179.47 0.95823 0
11601.6 8 8030.86 0.95868 0
11601.6 8 12452 0.95925 0
11601.6 8 19307 0.959936 0
11601.6 8 29935.8 0.960624 0
11601.6 8 46415.9 0.961285 0
11601.6 8 71968.6 0.961915 0
11601.6 8 111588 0.962612 0
11601.6 8 173020 0.963594 0
11601.6 8 268270 0.964772 0
11601.6 8 415956 0.966329 0
11601.6 8 644947 0.968447 0
11601.6 8 1e+06 0.971065 0

28288.7 8 1e-06 0.956057 0
28288.7 8 1.55052e-06 0.956057 0
28288.7 8 2.4041e-06 0.956057 0
28288.7 8 3.72759e-06 0.956057 0
28288.7 8 5.77969e-06 0.956057 0
28288.7 8 8.96151e-06 0.956057 0
28288.7 8 1.3895e-05 0.956057 0
28288.7 8 2.15443e-05 0.956057 0
28288.7 8 3.34048e-05 0.956057 0
28288.7 8 5.17947e-05 0.956057 0
28288.7 8 8.03086e-05 0.956057 0
28288.7 8 0.00012452 0.956057 0
28288.7 8 0.00019307 0.956057 0
28288.7 8 0.000299358 0.956057 0
28288.7 8 0.000464159 0.956057 0
28288.7 8 0.000719686 0.956057 0
28288.7 8 0.00111588 0.956057 0
28288.7 8 0.0017302 0.956057 0
28288.7 8 0.0026827 0.956057 0
28288.7 8 0.00415956 0.956057 0
28288.7 8 0.00644947 0.956058 0
28288.7 8 0.01 0.956058 0
28288.7 8 0.0155052 0.956058 0
28288.7 8 0.024041 0.956058 0
28288.7 8 0.0372759 0.956058 0
28288.7 8 0.0577969 0.956058 0
28288.7 8 0.0896151 0.956059 0
28288.7 8 0.13895 0.956059 0
28288.7 8 0.215443 0.95606 0
28288.7 8 0.334048 0.95606 0
28288.7 8 0.517947 0.956061 0
28288.7 8 0.803086 0.956066 0
28288.7 8 1.2452 0.956075 0
28288.7 8 1.9307 0.956085 0
28288.7 8 2.99358 0.956088 0
28288.7 8 4.64159 0.956103 0
28288.7 8 7.19686 0.956145 0
28288.7 8 11.1588 0.956161 0
28288.7 8 17.302 0.956189 0
28288.7 8 26.827 0.956225 0
28288.7 8 41.5956 0.956246 0
28288.7 8 64.4947 0.956276 0
28288.7 8 100 0.956324 0
28288.7 8 155.052 0.956375 0
28288.7 8 240.41 0.956447 0
28288.7 8 372.759 0.956584 0
28288.7 8 577.969 0.956737 0
28288.7 8 896.151 0.95689 0
28288.7 8 1389.5 0.957175 0
28288.7 8 2154.43 0.957605 0
28288.7 8 3340.48 0.958082 0
28288.7 8 5179.47 0.958503 0
28288.7 8 8030.86 0.958869 0
28288.7 8 12452 0.959369 0
28288.7 8 19307 0.960001 0
28288.7 8 29935.8 0.96066 0
28288.7 8 46415.9 0.961308 0
28288.7 8 71968.6 0.961933 0
28288.7 8 111588 0.96263 0
28288.7 8 173020 0.963611 0
28288.7 8 268270 0.964788 0
28288.7 8 415956 0.966345 0
28288.7 8 644947 0.96846 0
28288.7 8 1e+06 0.971074 0

68977.9 8 1e-06 0.957566 0
68977.9 8 1.55052e-06 0.957566 0
68977.9 8 2.4041e-06 0.957566 0
68977.9 8 3.72759e-06 0.957566 0
68977.9 8 5.77969e-06 0.957566 0
68977.9 8 8.96151e-06 0.957566 0
68977.9 8 1.3895e-05 0.957566 0
68977.9 8 2.15443e-05 0.957566 0
68977.9 8 3.34048e-05 0.957566 0
68977.9 8 5.17947e-05 0.957566 0
68977.9 8 8.03086e-05 0.957566 0
68977.9 8 0.00012452 0.957566 0
68977.9 8 0.00019307 0.957566 0
68977.9 8 0.000299358 0.957566 0
68977.9 8 0.000464159 0.957566 0
68977.9 8 0.000719686 0.957566 0
68977.9 8 0.00111588 0.957566 0
68977.9 8 0.0017302 0.957566 0
68977.9 8 0.0026827 0.957566 0
68977.9 8 0.00415956 0.957566 0
68977.9 8 0.00644947 0.957566 0
68977.9 8 0.01 0.957566 0
68977.9 8 0.0155052 0.957567 0
68977.9 8 0.024041 0.957567 0
68977.9 8 0.0372759 0.957567 0
68977.9 8 0.0577969 0.957567 0
68977.9 8 0.0896151 0.957567 0
68977.9 8 0.13895 0.957567 0
68977.9 8 0.215443 0.957567 0
68977.9 8 0.334048 0.957567 0
68977.9 8 0.517947 0.957568 0
68977.9 8 0.803086 0.95757 0
68977.9 8 1.2452 0.957574 0
68977.9 8 1.9307 0.957578 0
68977.9 8 2.99358 0.957579 0
68977.9 8 4.64159 0.957585 0
68977.9 8 7.19686 0.957603 0
68977.9 8 11.1588 0.957609 0
68977.9 8 17.302 0.957621 0
68977.9 8 26.827 0.957636 0
68977.9 8 41.5956 0.957645 0
68977.9 8 64.4947 0.957659 0
68977.9 8 100 0.95768 0
68977.9 8 155.052 0.957703 0
68977.9 8 240.41 0.957736 0
68977.9 8 372.759 0.957799 0
68977.9 8 577.969 0.957872 0
68977.9 8 896.151 0.957951 0
68977.9 8 1389.5 0.958098 0
68977.9 8 2154.43 0.958329 0
68977.9 8 3340.48 0.958607 0
68977.9 8 5179.47 0.958887 0
68977.9 8 8030.86 0.959173 0
68977.9 8 12452 0.959586 0
68977.9 8 19307 0.960133 0
68977.9 8 29935.8 0.960737 0
68977.9 8 46415.9 0.961355 0
68977.9 8 71968.6 0.96197 0
68977.9 8 111588 0.962669 0
68977.9 8 173020 0.963649 0
68977.9 8 268270 0.964826 0
68977.9 8 415956 0.966382 0
68977.9 8 644947 0.968492 0
68977.9 8 1e+06 0.971097 0

168192 8 1e-06 0.959074 0
168192 8 1.55052e-06 0.959074 0
168192 8 2.4041e-06 0.959074 0
168192 8 3.72759e-06 0.959074 0
168192 8 5.77969e-06 0.959074 0
168192 8 8.96151e-06 0.959074 0
168192 8 1.3895e-05 0.959074 0
168192 8 2.15443e-05 0.959074 0
168192 8 3.34048e-05 0.959074 0
168192 8 5.17947e-05 0.959074 0
168192 8 8.03086e-05 0.959074 0
168192 8 0.00012452 0.959074 0
168192 8 0.00019307 0.959074 0
168192 8 0.000299358 0.959074 0
168192 8 0.000464159 0.959074 0
168192 8 0.000719686 0.959074 0
168192 8 0.00111588 0.959074 0
168192 8 0.0017302 0.959074 0
168192 8 0.0026827 0.959075 0
168192 8 0.00415956 0.959075 0
168192 8 0.00644947 0.959075 0
168192 8 0.01 0.959075 0
168192 8 0.0155052 0.959075 0
168192 8 0.024041 0.959075 0
168192 8 0.0372759 0.959075 0
168192 8 0.0577969 0.959075 0
168192 8 0.0896151 0.959075 0
168192 8 0.13895 0.959075 0
168192 8 0.215443 0.959075 0
168192 8 0.334048 0.959075 0
168192 8 0.517947 0.959075 0
168192 8 0.803086 0.959076 0
168192 8 1.2452 0.959078 0
168192 8 1.9307 0.959079 0
168192 8 2.99358 0.95908 0
168192 8 4.64159 0.959082 0
168192 8 7.19686 0.95909 0
168192 8 11.1588 0.959092 0
168192 8 17.302 0.959097 0
168192 8 26.827 0.959104 0
168192 8 41.5956 0.959107 0
168192 8 64.4947 0.959113 0
168192 8 100 0.959122 0
168192 8 155.052 0.959132 0
168192 8 240.41 0.959147 0
168192 8 372.759 0.959175 0
168192 8 577.969 0.959208 0
168192 8 896.151 0.959245 0
168192 8 1389.5 0.959314 0
168192 8 2154.43 0.959425 0
168192 8 3340.48 0.959565 0
168192 8 5179.47 0.95972 0
168192 8 8030.86 0.959898 0
168192 8 12452 0.96017 0
168192 8 19307 0.960556 0
168192 8 29935.8 0.961024 0
168192 8 46415.9 0.961548 0
168192 8 71968.6 0.962113 0
168192 8 111588 0.962794 0
168192 8 173020 0.963758 0
168192 8 268270 0.964928 0
168192 8 415956 0.966477 0
168192 8 644947 0.968573 0
168192 8 1e+06 0.971152 0

410113 8 1e-06 0.960477 0
410113 8 1.55052e-06 0.960477 0
410113 8 2.4041e-06 0.960477 0
410113 8 3.72759e-06 0.960477 0
410113 8 5.77969e-06 0.960477 0
410113 8 8.96151e-06 0.960477 0
410113 8 1.3895e-05 0.960477 0
410113 8 2.15443e-05 0.960477 0
410113 8 3.34048e-05 0.960477 0
410113 8 5.17947e-05 0.960477 0
410113 8 8.03086e-05 0.960477 0
410113 8 0.00012452 0.960477 0
410113 8 0.00019307 0.960477 0
410113 8 0.000299358 0.960477 0
410113 8 0.000464159 0.960477 0
410113 8 0.000719686 0.960477 0
410113 8 0.00111588 0.960477 0
410113 8 0.0017302 0.960477 0
410113 8 0.0026827 0.960477 0
410113 8 0.00415956 0.960477 0
410113 8 0.00644947 0.960477 0
410113 8 0.01 0.960477 0
410113 8 0.0155052 0.960477 0
410113 8 0.024041 0.960477 0
410113 8 0.0372759 0.960477 0
410113 8 0.0577969 0.960477 0
410113 8 0.0896151 0.960477 0
410113 8 0.13895 0.960477 0
410113 8 0.215443 0.960477 0
410113 8 0.334048 0.960477 0
410113 8 0.517947 0.960477 0
410113 8 0.803086 0.960478 0
410113 8 1.2452 0.960478 0
410113 8 1.9307 0.960479 0
410113 8 2.99358 0.960479 0
410113 8 4.64159 0.96048 0
410113 8 7.19686 0.960483 0
410113 8 11.1588 0.960484 0
410113 8 17.302 0.960486 0
410113 8 26.827 0.960489 0
410113 8 41.5956 0.960491 0
410113 8 64.4947 0.960493 0
410113 8 100 0.960497 0
410113 8 155.052 0.960502 0
410113 8 240.41 0.960509 0
410113 8 372.759 0.960521 0
410113 8 577.969 0.960536 0
410113 8 896.151 0.960553 0
410113 8 1389.5 0.960586 0
410113 8 2154.43 0.960638 0
410113 8 3340.48 0.960707 0
410113 8 5179.47 0.960787 0
410113 8 8030.86 0.960888 0
410113 8 12452 0.961047 0
410113 8 19307 0.961285 0
410113 8 29935.8 0.961602 0
410113 8 46415.9 0.961998 0
410113 8 71968.6 0.96248 0
410113 8 111588 0.963118 0
410113 8 173020 0.964037 0
410113 8 268270 0.965182 0
410113 8 415956 0.966708 0
410113 8 644947 0.968768 0
410113 8 1e+06 0.971285 0

1e+06 8 1e-06 0.962128 0
1e+06 8 1.55052e-06 0.962128 0
1e+06 8 2.4041e-06 0.962128 0
1e+06 8 3.72759e-06 0.962128 0
1e+06 8 5.77969e-06 0.962128 0
1e+06 8 8.96151e-06 0.962128 0
1e+06 8 1.3895e-05 0.962128 0
1e+06 8 2.15443e-05 0.962128 0
1e+06 8 3.34048e-05 0.962128 0
1e+06 8 5.17947e-05 0.962128 0
1e+06 8 8.03086e-05 0.962128 0
1e+06 8 0.00012452 0.962128 0
1e+06 8 0.00019307 0.962128 0
1e+06 8 0.000299358 0.962128 0
1e+06 8 0.000464159 0.962128 0
1e+06 8 0.000719686 0.962128 0
1e+06 8 0.00111588 0.962128 0
1e+06 8 0.0017302 0.962128 0
1e+06 8 0.0026827 0.962128 0
1e+06 8 0.00415956 0.962128 0
1e+06 8 0.00644947 0.962128 0
1e+06 8 0.01 0.962128 0
1e+06 8 0.0155052 0.962128 0
1e+06 8 0.024041 0.962128 0
1e+06 8 0.0372759 0.962128 0
1e+06 8 0.0577969 0.962128 0
1e+06 8 0.0896151 0.962128 0
1e+06 8 0.13895 0.962128 0
1e+06 8 0.215443 0.962128 0
1e+06 8 0.334048 0.962128 0
1e+06 8 0.517947 0.962128 0
1e+06 8 0.803086 0.962128 0
1e+06 8 1.2452 0.962128 0
1e+06 8 1.9307 0.962128 0
1e+06 8 2.99358 0.962129 0
1e+06 8 4.64159 0.962129 0
1e+06 8 7.19686 0.96213 0
1e+06 8 11.1588 0.962131 0
1e+06 8 17.302 0.962132 0
1e+06 8 26.827 0.962133 0
1e+06 8 41.5956 0.962134 0
1e+06 8 64.4947 0.962135 0
1e+06 8 100 0.962137 0
1e+06 8 155.052 0.962139 0
1e+06 8 240.41 0.962142 0
1e+06 8 372.759 0.962148 0
1e+06 8 577.969 0.962155 0
1e+06 8 896.151 0.962164 0
1e+06 8 1389.5 0.96218 0
1e+06 8 2154.43 0.962206 0
1e+06 8 3340.48 0.962242 0
1e+06 8 5179.47 0.962287 0
1e+06 8 8030.86 0.962346 0
1e+06 8 12452 0.962441 0
1e+06 8 19307 0.962586 0
1e+06 8 29935.8 0.962793 0
1e+06 8 46415.9 0.963075 0
1e+06 8 71968.6 0.963455 0
1e+06 8 111588 0.964 0
1e+06 8 173020 0.964803 0
1e+06 8 268270 0.965859 0
1e+06 8 415956 0.967301 0
1e+06 8 644947 0.969249 0
1e+06 8 1e+06 0.971611 0

