#q_sq i k_sq Re(fg) Im(fg)
1e-06 10 1e-06 0.567265 0
1e-06 10 1.55052e-06 0.567265 0
1e-06 10 2.4041e-06 0.567265 0
1e-06 10 3.72759e-06 0.567265 0
1e-06 10 5.77969e-06 0.567265 0
1e-06 10 8.96151e-06 0.567265 0
1e-06 10 1.3895e-05 0.567264 0
1e-06 10 2.15443e-05 0.567264 0
1e-06 10 3.34048e-05 0.567263 0
1e-06 10 5.17947e-05 0.567261 0
1e-06 10 8.03086e-05 0.567259 0
1e-06 10 0.00012452 0.567256 0
1e-06 10 0.00019307 0.56725 0
1e-06 10 0.000299358 0.567242 0
1e-06 10 0.000464159 0.567229 0
1e-06 10 0.000719686 0.567209 0
1e-06 10 0.00111588 0.567176 0
1e-06 10 0.0017302 0.567125 0
1e-06 10 0.0026827 0.567042 0
1e-06 10 0.00415956 0.566905 0
1e-06 10 0.00644947 0.566674 0
1e-06 10 0.01 0.566269 0
1e-06 10 0.0155052 0.565533 0
1e-06 10 0.024041 0.564144 0
1e-06 10 0.0372759 0.561429 0
1e-06 10 0.0577969 0.555994 0
1e-06 10 0.0896151 0.545047 0
1e-06 10 0.13895 0.523378 0
1e-06 10 0.215443 0.482521 0
1e-06 10 0.334048 0.412159 0
1e-06 10 0.517947 0.307798 0
1e-06 10 0.803086 0.185146 0
1e-06 10 1.2452 0.0824494 0
1e-06 10 1.9307 0.0264065 0
1e-06 10 2.99358 0.0067657 0
1e-06 10 4.64159 0.00183332 0
1e-06 10 7.19686 0.000529085 0
1e-06 10 11.1588 0.000222867 0
1e-06 10 17.302 8.53301e-05 0
1e-06 10 26.827 3.69879e-05 0
1e-06 10 41.5956 1.90033e-05 0
1e-06 10 64.4947 1.01737e-05 0
1e-06 10 100 5.54298e-06 0
1e-06 10 155.052 3.14928e-06 0
1e-06 10 240.41 1.81895e-06 0
1e-06 10 372.759 1.04425e-06 0
1e-06 10 577.969 6.13173e-07 0
1e-06 10 896.151 3.6958e-07 0
1e-06 10 1389.5 2.20478e-07 0
1e-06 10 2154.43 1.31081e-07 0
1e-06 10 3340.48 7.86789e-08 0
1e-06 10 5179.47 4.77587e-08 0
1e-06 10 8030.86 2.92037e-08 0
1e-06 10 12452 1.77767e-08 0
1e-06 10 19307 1.07952e-08 0
1e-06 10 29935.8 6.56978e-09 0
1e-06 10 46415.9 4.00529e-09 0
1e-06 10 71968.6 2.44425e-09 0
1e-06 10 111588 1.48649e-09 0
1e-06 10 173020 8.89075e-10 0
1e-06 10 268270 5.22734e-10 0
1e-06 10 415956 2.96637e-10 0
1e-06 10 644947 1.57189e-10 0
1e-06 10 1e+06 7.40243e-11 0

2.43835e-06 10 1e-06 0.567266 0
2.43835e-06 10 1.55052e-06 0.567265 0
2.43835e-06 10 2.4041e-06 0.567265 0
2.43835e-06 10 3.72759e-06 0.567265 0
2.43835e-06 10 5.77969e-06 0.567265 0
2.43835e-06 10 8.96151e-06 0.567265 0
2.43835e-06 10 1.3895e-05 0.567265 0
2.43835e-06 10 2.15443e-05 0.567264 0
2.43835e-06 10 3.34048e-05 0.567263 0
2.43835e-06 10 5.17947e-05 0.567262 0
2.43835e-06 10 8.03086e-05 0.567259 0
2.43835e-06 10 0.00012452 0.567256 0
2.43835e-06 10 0.00019307 0.567251 0
2.43835e-06 10 0.000299358 0.567242 0
2.43835e-06 10 0.000464159 0.567229 0
2.43835e-06 10 0.000719686 0.567209 0
2.43835e-06 10 0.00111588 0.567177 0
2.43835e-06 10 0.0017302 0.567125 0
2.43835e-06 10 0.0026827 0.567042 0
2.43835e-06 10 0.00415956 0.566906 0
2.43835e-06 10 0.00644947 0.566674 0
2.43835e-06 10 0.01 0.566269 0
2.43835e-06 10 0.0155052 0.565534 0
2.43835e-06 10 0.024041 0.564145 0
2.43835e-06 10 0.0372759 0.561429 0
2.43835e-06 10 0.0577969 0.555994 0
2.43835e-06 10 0.0896151 0.545047 0
2.43835e-06 10 0.13895 0.523378 0
2.43835e-06 10 0.215443 0.482521 0
2.43835e-06 10 0.334048 0.412159 0
2.43835e-06 10 0.517947 0.307798 0
2.43835e-06 10 0.803086 0.185146 0
2.43835e-06 10 1.2452 0.0824495 0
2.43835e-06 10 1.9307 0.0264065 0
2.43835e-06 10 2.99358 0.0067657 0
2.43835e-06 10 4.64159 0.00183332 0
2.43835e-06 10 7.19686 0.000529085 0
2.43835e-06 10 11.1588 0.000222867 0
2.43835e-06 10 17.302 8.53301e-05 0
2.43835e-06 10 26.827 3.69879e-05 0
2.43835e-06 10 41.5956 1.90033e-05 0
2.43835e-06 10 64.4947 1.01737e-05 0
2.43835e-06 10 100 5.54298e-06 0
2.43835e-06 10 155.052 3.14928e-06 0
2.43835e-06 10 240.41 1.81895e-06 0
2.43835e-06 10 372.759 1.04425e-06 0
2.43835e-06 10 577.969 6.13173e-07 0
2.43835e-06 10 896.151 3.6958e-07 0
2.43835e-06 10 1389.5 2.20478e-07 0
2.43835e-06 10 2154.43 1.31081e-07 0
2.43835e-06 10 3340.48 7.86789e-08 0
2.43835e-06 10 5179.47 4.77587e-08 0
2.43835e-06 10 8030.86 2.92037e-08 0
2.43835e-06 10 12452 1.77767e-08 0
2.43835e-06 10 19307 1.07952e-08 0
2.43835e-06 10 29935.8 6.56978e-09 0
2.43835e-06 10 46415.9 4.00529e-09 0
2.43835e-06 10 71968.6 2.44425e-09 0
2.43835e-06 10 111588 1.48649e-09 0
2.43835e-06 10 173020 8.89075e-10 0
2.43835e-06 10 268270 5.22734e-10 0
2.43835e-06 10 415956 2.96637e-10 0
2.43835e-06 10 644947 1.57189e-10 0
2.43835e-06 10 1e+06 7.40243e-11 0

5.94557e-06 10 1e-06 0.567267 0
5.94557e-06 10 1.55052e-06 0.567267 0
5.94557e-06 10 2.4041e-06 0.567266 0
5.94557e-06 10 3.72759e-06 0.567266 0
5.94557e-06 10 5.77969e-06 0.567266 0
5.94557e-06 10 8.96151e-06 0.567266 0
5.94557e-06 10 1.3895e-05 0.567266 0
5.94557e-06 10 2.15443e-05 0.567265 0
5.94557e-06 10 3.34048e-05 0.567264 0
5.94557e-06 10 5.17947e-05 0.567263 0
5.94557e-06 10 8.03086e-05 0.56726 0
5.94557e-06 10 0.00012452 0.567257 0
5.94557e-06 10 0.00019307 0.567252 0
5.94557e-06 10 0.000299358 0.567243 0
5.94557e-06 10 0.000464159 0.56723 0
5.94557e-06 10 0.000719686 0.56721 0
5.94557e-06 10 0.00111588 0.567178 0
5.94557e-06 10 0.0017302 0.567126 0
5.94557e-06 10 0.0026827 0.567043 0
5.94557e-06 10 0.00415956 0.566907 0
5.94557e-06 10 0.00644947 0.566675 0
5.94557e-06 10 0.01 0.56627 0
5.94557e-06 10 0.0155052 0.565534 0
5.94557e-06 10 0.024041 0.564145 0
5.94557e-06 10 0.0372759 0.56143 0
5.94557e-06 10 0.0577969 0.555995 0
5.94557e-06 10 0.0896151 0.545048 0
5.94557e-06 10 0.13895 0.523378 0
5.94557e-06 10 0.215443 0.482522 0
5.94557e-06 10 0.334048 0.41216 0
5.94557e-06 10 0.517947 0.307798 0
5.94557e-06 10 0.803086 0.185146 0
5.94557e-06 10 1.2452 0.0824495 0
5.94557e-06 10 1.9307 0.0264065 0
5.94557e-06 10 2.99358 0.0067657 0
5.94557e-06 10 4.64159 0.00183332 0
5.94557e-06 10 7.19686 0.000529085 0
5.94557e-06 10 11.1588 0.000222867 0
5.94557e-06 10 17.302 8.53302e-05 0
5.94557e-06 10 26.827 3.69879e-05 0
5.94557e-06 10 41.5956 1.90033e-05 0
5.94557e-06 10 64.4947 1.01737e-05 0
5.94557e-06 10 100 5.54298e-06 0
5.94557e-06 10 155.052 3.14928e-06 0
5.94557e-06 10 240.41 1.81895e-06 0
5.94557e-06 10 372.759 1.04425e-06 0
5.94557e-06 10 577.969 6.13173e-07 0
5.94557e-06 10 896.151 3.6958e-07 0
5.94557e-06 10 1389.5 2.20478e-07 0
5.94557e-06 10 2154.43 1.31081e-07 0
5.94557e-06 10 3340.48 7.86789e-08 0
5.94557e-06 10 5179.47 4.77587e-08 0
5.94557e-06 10 8030.86 2.92037e-08 0
5.94557e-06 10 12452 1.77767e-08 0
5.94557e-06 10 19307 1.07952e-08 0
5.94557e-06 10 29935.8 6.56978e-09 0
5.94557e-06 10 46415.9 4.00529e-09 0
5.94557e-06 10 71968.6 2.44425e-09 0
5.94557e-06 10 111588 1.48649e-09 0
5.94557e-06 10 173020 8.89075e-10 0
5.94557e-06 10 268270 5.22734e-10 0
5.94557e-06 10 415956 2.96637e-10 0
5.94557e-06 10 644947 1.57189e-10 0
5.94557e-06 10 1e+06 7.40243e-11 0

1.44974e-05 10 1e-06 0.56727 0
1.44974e-05 10 1.55052e-06 0.56727 0
1.44974e-05 10 2.4041e-06 0.56727 0
1.44974e-05 10 3.72759e-06 0.56727 0
1.44974e-05 10 5.77969e-06 0.56727 0
1.44974e-05 10 8.96151e-06 0.56727 0
1.44974e-05 10 1.3895e-05 0.567269 0
1.44974e-05 10 2.15443e-05 0.567269 0
1.44974e-05 10 3.34048e-05 0.567268 0
1.44974e-05 10 5.17947e-05 0.567267 0
1.44974e-05 10 8.03086e-05 0.567264 0
1.44974e-05 10 0.00012452 0.567261 0
1.44974e-05 10 0.00019307 0.567256 0
1.44974e-05 10 0.000299358 0.567247 0
1.44974e-05 10 0.000464159 0.567234 0
1.44974e-05 10 0.000719686 0.567214 0
1.44974e-05 10 0.00111588 0.567182 0
1.44974e-05 10 0.0017302 0.56713 0
1.44974e-05 10 0.0026827 0.567047 0
1.44974e-05 10 0.00415956 0.56691 0
1.44974e-05 10 0.00644947 0.566679 0
1.44974e-05 10 0.01 0.566274 0
1.44974e-05 10 0.0155052 0.565538 0
1.44974e-05 10 0.024041 0.564149 0
1.44974e-05 10 0.0372759 0.561433 0
1.44974e-05 10 0.0577969 0.555998 0
1.44974e-05 10 0.0896151 0.54505 0
1.44974e-05 10 0.13895 0.523381 0
1.44974e-05 10 0.215443 0.482523 0
1.44974e-05 10 0.334048 0.412161 0
1.44974e-05 10 0.517947 0.307799 0
1.44974e-05 10 0.803086 0.185146 0
1.44974e-05 10 1.2452 0.0824496 0
1.44974e-05 10 1.9307 0.0264065 0
1.44974e-05 10 2.99358 0.0067657 0
1.44974e-05 10 4.64159 0.00183332 0
1.44974e-05 10 7.19686 0.000529086 0
1.44974e-05 10 11.1588 0.000222868 0
1.44974e-05 10 17.302 8.53304e-05 0
1.44974e-05 10 26.827 3.6988e-05 0
1.44974e-05 10 41.5956 1.90034e-05 0
1.44974e-05 10 64.4947 1.01737e-05 0
1.44974e-05 10 100 5.54299e-06 0
1.44974e-05 10 155.052 3.14928e-06 0
1.44974e-05 10 240.41 1.81895e-06 0
1.44974e-05 10 372.759 1.04425e-06 0
1.44974e-05 10 577.969 6.13173e-07 0
1.44974e-05 10 896.151 3.6958e-07 0
1.44974e-05 10 1389.5 2.20478e-07 0
1.44974e-05 10 2154.43 1.31081e-07 0
1.44974e-05 10 3340.48 7.86789e-08 0
1.44974e-05 10 5179.47 4.77587e-08 0
1.44974e-05 10 8030.86 2.92037e-08 0
1.44974e-05 10 12452 1.77767e-08 0
1.44974e-05 10 19307 1.07952e-08 0
1.44974e-05 10 29935.8 6.56978e-09 0
1.44974e-05 10 46415.9 4.00529e-09 0
1.44974e-05 10 71968.6 2.44425e-09 0
1.44974e-05 10 111588 1.48649e-09 0
1.44974e-05 10 173020 8.89075e-10 0
1.44974e-05 10 268270 5.22734e-10 0
1.44974e-05 10 415956 2.96637e-10 0
1.44974e-05 10 644947 1.57189e-10 0
1.44974e-05 10 1e+06 7.40243e-11 0

3.53498e-05 10 1e-06 0.56728 0
3.53498e-05 10 1.55052e-06 0.56728 0
3.53498e-05 10 2.4041e-06 0.56728 0
3.53498e-05 10 3.72759e-06 0.567279 0
3.53498e-05 10 5.77969e-06 0.567279 0
3.53498e-05 10 8.96151e-06 0.567279 0
3.53498e-05 10 1.3895e-05 0.567279 0
3.53498e-05 10 2.15443e-05 0.567278 0
3.53498e-05 10 3.34048e-05 0.567277 0
3.53498e-05 10 5.17947e-05 0.567276 0
3.53498e-05 10 8.03086e-05 0.567274 0
3.53498e-05 10 0.00012452 0.56727 0
3.53498e-05 10 0.00019307 0.567265 0
3.53498e-05 10 0.000299358 0.567256 0
3.53498e-05 10 0.000464159 0.567243 0
3.53498e-05 10 0.000719686 0.567223 0
3.53498e-05 10 0.00111588 0.567191 0
3.53498e-05 10 0.0017302 0.567139 0
3.53498e-05 10 0.0026827 0.567056 0
3.53498e-05 10 0.00415956 0.566919 0
3.53498e-05 10 0.00644947 0.566688 0
3.53498e-05 10 0.01 0.566283 0
3.53498e-05 10 0.0155052 0.565547 0
3.53498e-05 10 0.024041 0.564157 0
3.53498e-05 10 0.0372759 0.561441 0
3.53498e-05 10 0.0577969 0.556005 0
3.53498e-05 10 0.0896151 0.545057 0
3.53498e-05 10 0.13895 0.523386 0
3.53498e-05 10 0.215443 0.482528 0
3.53498e-05 10 0.334048 0.412164 0
3.53498e-05 10 0.517947 0.307802 0
3.53498e-05 10 0.803086 0.185148 0
3.53498e-05 10 1.2452 0.0824504 0
3.53498e-05 10 1.9307 0.0264067 0
3.53498e-05 10 2.99358 0.0067657 0
3.53498e-05 10 4.64159 0.00183333 0
3.53498e-05 10 7.19686 0.000529091 0
3.53498e-05 10 11.1588 0.00022287 0
3.53498e-05 10 17.302 8.53311e-05 0
3.53498e-05 10 26.827 3.69883e-05 0
3.53498e-05 10 41.5956 1.90035e-05 0
3.53498e-05 10 64.4947 1.01738e-05 0
3.53498e-05 10 100 5.543e-06 0
3.53498e-05 10 155.052 3.14929e-06 0
3.53498e-05 10 240.41 1.81896e-06 0
3.53498e-05 10 372.759 1.04425e-06 0
3.53498e-05 10 577.969 6.13173e-07 0
3.53498e-05 10 896.151 3.6958e-07 0
3.53498e-05 10 1389.5 2.20478e-07 0
3.53498e-05 10 2154.43 1.31081e-07 0
3.53498e-05 10 3340.48 7.86789e-08 0
3.53498e-05 10 5179.47 4.77587e-08 0
3.53498e-05 10 8030.86 2.92037e-08 0
3.53498e-05 10 12452 1.77767e-08 0
3.53498e-05 10 19307 1.07952e-08 0
3.53498e-05 10 29935.8 6.56978e-09 0
3.53498e-05 10 46415.9 4.00529e-09 0
3.53498e-05 10 71968.6 2.44425e-09 0
3.53498e-05 10 111588 1.48649e-09 0
3.53498e-05 10 173020 8.89075e-10 0
3.53498e-05 10 268270 5.22734e-10 0
3.53498e-05 10 415956 2.96637e-10 0
3.53498e-05 10 644947 1.57189e-10 0
3.53498e-05 10 1e+06 7.40243e-11 0

8.61954e-05 10 1e-06 0.5673 0
8.61954e-05 10 1.55052e-06 0.5673 0
8.61954e-05 10 2.4041e-06 0.5673 0
8.61954e-05 10 3.72759e-06 0.567299 0
8.61954e-05 10 5.77969e-06 0.567299 0
8.61954e-05 10 8.96151e-06 0.567299 0
8.61954e-05 10 1.3895e-05 0.567299 0
8.61954e-05 10 2.15443e-05 0.567298 0
8.61954e-05 10 3.34048e-05 0.567297 0
8.61954e-05 10 5.17947e-05 0.567296 0
8.61954e-05 10 8.03086e-05 0.567294 0
8.61954e-05 10 0.00012452 0.56729 0
8.61954e-05 10 0.00019307 0.567285 0
8.61954e-05 10 0.000299358 0.567276 0
8.61954e-05 10 0.000464159 0.567263 0
8.61954e-05 10 0.000719686 0.567243 0
8.61954e-05 10 0.00111588 0.567211 0
8.61954e-05 10 0.0017302 0.567159 0
8.61954e-05 10 0.0026827 0.567076 0
8.61954e-05 10 0.00415956 0.566939 0
8.61954e-05 10 0.00644947 0.566707 0
8.61954e-05 10 0.01 0.566302 0
8.61954e-05 10 0.0155052 0.565566 0
8.61954e-05 10 0.024041 0.564175 0
8.61954e-05 10 0.0372759 0.561459 0
8.61954e-05 10 0.0577969 0.556021 0
8.61954e-05 10 0.0896151 0.545071 0
8.61954e-05 10 0.13895 0.523398 0
8.61954e-05 10 0.215443 0.482538 0
8.61954e-05 10 0.334048 0.412172 0
8.61954e-05 10 0.517947 0.307808 0
8.61954e-05 10 0.803086 0.185152 0
8.61954e-05 10 1.2452 0.0824529 0
8.61954e-05 10 1.9307 0.0264075 0
8.61954e-05 10 2.99358 0.00676578 0
8.61954e-05 10 4.64159 0.00183334 0
8.61954e-05 10 7.19686 0.000529099 0
8.61954e-05 10 11.1588 0.000222873 0
8.61954e-05 10 17.302 8.53325e-05 0
8.61954e-05 10 26.827 3.69888e-05 0
8.61954e-05 10 41.5956 1.90037e-05 0
8.61954e-05 10 64.4947 1.01739e-05 0
8.61954e-05 10 100 5.54304e-06 0
8.61954e-05 10 155.052 3.1493e-06 0
8.61954e-05 10 240.41 1.81896e-06 0
8.61954e-05 10 372.759 1.04426e-06 0
8.61954e-05 10 577.969 6.13174e-07 0
8.61954e-05 10 896.151 3.69581e-07 0
8.61954e-05 10 1389.5 2.20478e-07 0
8.61954e-05 10 2154.43 1.31081e-07 0
8.61954e-05 10 3340.48 7.8679e-08 0
8.61954e-05 10 5179.47 4.77587e-08 0
8.61954e-05 10 8030.86 2.92037e-08 0
8.61954e-05 10 12452 1.77767e-08 0
8.61954e-05 10 19307 1.07952e-08 0
8.61954e-05 10 29935.8 6.56978e-09 0
8.61954e-05 10 46415.9 4.00529e-09 0
8.61954e-05 10 71968.6 2.44425e-09 0
8.61954e-05 10 111588 1.48649e-09 0
8.61954e-05 10 173020 8.89075e-10 0
8.61954e-05 10 268270 5.22734e-10 0
8.61954e-05 10 415956 2.96637e-10 0
8.61954e-05 10 644947 1.57189e-10 0
8.61954e-05 10 1e+06 7.40243e-11 0

0.000210175 10 1e-06 0.567339 0
0.000210175 10 1.55052e-06 0.567339 0
0.000210175 10 2.4041e-06 0.567339 0
0.000210175 10 3.72759e-06 0.567339 0
0.000210175 10 5.77969e-06 0.567338 0
0.000210175 10 8.96151e-06 0.567338 0
0.000210175 10 1.3895e-05 0.567338 0
0.000210175 10 2.15443e-05 0.567337 0
0.000210175 10 3.34048e-05 0.567336 0
0.000210175 10 5.17947e-05 0.567335 0
0.000210175 10 8.03086e-05 0.567333 0
0.000210175 10 0.00012452 0.567329 0
0.000210175 10 0.00019307 0.567324 0
0.000210175 10 0.000299358 0.567316 0
0.000210175 10 0.000464159 0.567303 0
0.000210175 10 0.000719686 0.567282 0
0.000210175 10 0.00111588 0.56725 0
0.000210175 10 0.0017302 0.567198 0
0.000210175 10 0.0026827 0.567115 0
0.000210175 10 0.00415956 0.566978 0
0.000210175 10 0.00644947 0.566746 0
0.000210175 10 0.01 0.56634 0
0.000210175 10 0.0155052 0.565603 0
0.000210175 10 0.024041 0.564212 0
0.000210175 10 0.0372759 0.561494 0
0.000210175 10 0.0577969 0.556055 0
0.000210175 10 0.0896151 0.545102 0
0.000210175 10 0.13895 0.523426 0
0.000210175 10 0.215443 0.482561 0
0.000210175 10 0.334048 0.41219 0
0.000210175 10 0.517947 0.307821 0
0.000210175 10 0.803086 0.185161 0
0.000210175 10 1.2452 0.0824577 0
0.000210175 10 1.9307 0.0264092 0
0.000210175 10 2.99358 0.00676602 0
0.000210175 10 4.64159 0.00183336 0
0.000210175 10 7.19686 0.000529118 0
0.000210175 10 11.1588 0.000222881 0
0.000210175 10 17.302 8.53356e-05 0
0.000210175 10 26.827 3.69901e-05 0
0.000210175 10 41.5956 1.90042e-05 0
0.000210175 10 64.4947 1.0174e-05 0
0.000210175 10 100 5.54311e-06 0
0.000210175 10 155.052 3.14933e-06 0
0.000210175 10 240.41 1.81897e-06 0
0.000210175 10 372.759 1.04426e-06 0
0.000210175 10 577.969 6.13175e-07 0
0.000210175 10 896.151 3.69581e-07 0
0.000210175 10 1389.5 2.20478e-07 0
0.000210175 10 2154.43 1.31081e-07 0
0.000210175 10 3340.48 7.8679e-08 0
0.000210175 10 5179.47 4.77587e-08 0
0.000210175 10 8030.86 2.92037e-08 0
0.000210175 10 12452 1.77768e-08 0
0.000210175 10 19307 1.07952e-08 0
0.000210175 10 29935.8 6.56978e-09 0
0.000210175 10 46415.9 4.00529e-09 0
0.000210175 10 71968.6 2.44425e-09 0
0.000210175 10 111588 1.48649e-09 0
0.000210175 10 173020 8.89075e-10 0
0.000210175 10 268270 5.22734e-10 0
0.000210175 10 415956 2.96637e-10 0
0.000210175 10 644947 1.57189e-10 0
0.000210175 10 1e+06 7.40243e-11 0

0.000512481 10 1e-06 0.56742 0
0.000512481 10 1.55052e-06 0.56742 0
0.000512481 10 2.4041e-06 0.56742 0
0.000512481 10 3.72759e-06 0.56742 0
0.000512481 10 5.77969e-06 0.56742 0
0.000512481 10 8.96151e-06 0.567419 0
0.000512481 10 1.3895e-05 0.567419 0
0.000512481 10 2.15443e-05 0.567418 0
0.000512481 10 3.34048e-05 0.567418 0
0.000512481 10 5.17947e-05 0.567416 0
0.000512481 10 8.03086e-05 0.567414 0
0.000512481 10 0.00012452 0.56741 0
0.000512481 10 0.00019307 0.567405 0
0.000512481 10 0.000299358 0.567397 0
0.000512481 10 0.000464159 0.567384 0
0.000512481 10 0.000719686 0.567363 0
0.000512481 10 0.00111588 0.567331 0
0.000512481 10 0.0017302 0.567279 0
0.000512481 10 0.0026827 0.567196 0
0.000512481 10 0.00415956 0.567058 0
0.000512481 10 0.00644947 0.566825 0
0.000512481 10 0.01 0.566418 0
0.000512481 10 0.0155052 0.56568 0
0.000512481 10 0.024041 0.564287 0
0.000512481 10 0.0372759 0.561566 0
0.000512481 10 0.0577969 0.556123 0
0.000512481 10 0.0896151 0.545164 0
0.000512481 10 0.13895 0.52348 0
0.000512481 10 0.215443 0.482606 0
0.000512481 10 0.334048 0.412225 0
0.000512481 10 0.517947 0.307847 0
0.000512481 10 0.803086 0.185177 0
0.000512481 10 1.2452 0.0824663 0
0.000512481 10 1.9307 0.0264122 0
0.000512481 10 2.99358 0.00676647 0
0.000512481 10 4.64159 0.00183342 0
0.000512481 10 7.19686 0.000529159 0
0.000512481 10 11.1588 0.000222897 0
0.000512481 10 17.302 8.53426e-05 0
0.000512481 10 26.827 3.69928e-05 0
0.000512481 10 41.5956 1.90052e-05 0
0.000512481 10 64.4947 1.01745e-05 0
0.000512481 10 100 5.54327e-06 0
0.000512481 10 155.052 3.14939e-06 0
0.000512481 10 240.41 1.819e-06 0
0.000512481 10 372.759 1.04427e-06 0
0.000512481 10 577.969 6.13179e-07 0
0.000512481 10 896.151 3.69583e-07 0
0.000512481 10 1389.5 2.20479e-07 0
0.000512481 10 2154.43 1.31082e-07 0
0.000512481 10 3340.48 7.86791e-08 0
0.000512481 10 5179.47 4.77587e-08 0
0.000512481 10 8030.86 2.92037e-08 0
0.000512481 10 12452 1.77768e-08 0
0.000512481 10 19307 1.07952e-08 0
0.000512481 10 29935.8 6.56978e-09 0
0.000512481 10 46415.9 4.00529e-09 0
0.000512481 10 71968.6 2.44425e-09 0
0.000512481 10 111588 1.48649e-09 0
0.000512481 10 173020 8.89075e-10 0
0.000512481 10 268270 5.22734e-10 0
0.000512481 10 415956 2.96637e-10 0
0.000512481 10 644947 1.57189e-10 0
0.000512481 10 1e+06 7.40243e-11 0

0.00124961 10 1e-06 0.567604 0
0.00124961 10 1.55052e-06 0.567604 0
0.00124961 10 2.4041e-06 0.567604 0
0.00124961 10 3.72759e-06 0.567604 0
0.00124961 10 5.77969e-06 0.567604 0
0.00124961 10 8.96151e-06 0.567604 0
0.00124961 10 1.3895e-05 0.567603 0
0.00124961 10 2.15443e-05 0.567603 0
0.00124961 10 3.34048e-05 0.567602 0
0.00124961 10 5.17947e-05 0.5676 0
0.00124961 10 8.03086e-05 0.567598 0
0.00124961 10 0.00012452 0.567595 0
0.00124961 10 0.00019307 0.567589 0
0.00124961 10 0.000299358 0.567581 0
0.00124961 10 0.000464159 0.567568 0
0.00124961 10 0.000719686 0.567547 0
0.00124961 10 0.00111588 0.567514 0
0.00124961 10 0.0017302 0.567462 0
0.00124961 10 0.0026827 0.567378 0
0.00124961 10 0.00415956 0.567239 0
0.00124961 10 0.00644947 0.567005 0
0.00124961 10 0.01 0.566596 0
0.00124961 10 0.0155052 0.565854 0
0.00124961 10 0.024041 0.564456 0
0.00124961 10 0.0372759 0.561727 0
0.00124961 10 0.0577969 0.556272 0
0.00124961 10 0.0896151 0.545297 0
0.00124961 10 0.13895 0.523594 0
0.00124961 10 0.215443 0.482697 0
0.00124961 10 0.334048 0.412293 0
0.00124961 10 0.517947 0.307894 0
0.00124961 10 0.803086 0.185207 0
0.00124961 10 1.2452 0.0824824 0
0.00124961 10 1.9307 0.0264181 0
0.00124961 10 2.99358 0.00676757 0
0.00124961 10 4.64159 0.00183358 0
0.00124961 10 7.19686 0.000529245 0
0.00124961 10 11.1588 0.000222934 0
0.00124961 10 17.302 8.53579e-05 0
0.00124961 10 26.827 3.69989e-05 0
0.00124961 10 41.5956 1.90076e-05 0
0.00124961 10 64.4947 1.01754e-05 0
0.00124961 10 100 5.54361e-06 0
0.00124961 10 155.052 3.14952e-06 0
0.00124961 10 240.41 1.81905e-06 0
0.00124961 10 372.759 1.04429e-06 0
0.00124961 10 577.969 6.13187e-07 0
0.00124961 10 896.151 3.69586e-07 0
0.00124961 10 1389.5 2.2048e-07 0
0.00124961 10 2154.43 1.31082e-07 0
0.00124961 10 3340.48 7.86793e-08 0
0.00124961 10 5179.47 4.77588e-08 0
0.00124961 10 8030.86 2.92038e-08 0
0.00124961 10 12452 1.77768e-08 0
0.00124961 10 19307 1.07952e-08 0
0.00124961 10 29935.8 6.56978e-09 0
0.00124961 10 46415.9 4.0053e-09 0
0.00124961 10 71968.6 2.44425e-09 0
0.00124961 10 111588 1.48649e-09 0
0.00124961 10 173020 8.89075e-10 0
0.00124961 10 268270 5.22734e-10 0
0.00124961 10 415956 2.96637e-10 0
0.00124961 10 644947 1.57189e-10 0
0.00124961 10 1e+06 7.40243e-11 0

0.00304699 10 1e-06 0.568035 0
0.00304699 10 1.55052e-06 0.568035 0
0.00304699 10 2.4041e-06 0.568035 0
0.00304699 10 3.72759e-06 0.568035 0
0.00304699 10 5.77969e-06 0.568035 0
0.00304699 10 8.96151e-06 0.568034 0
0.00304699 10 1.3895e-05 0.568034 0
0.00304699 10 2.15443e-05 0.568033 0
0.00304699 10 3.34048e-05 0.568032 0
0.00304699 10 5.17947e-05 0.568031 0
0.00304699 10 8.03086e-05 0.568029 0
0.00304699 10 0.00012452 0.568025 0
0.00304699 10 0.00019307 0.56802 0
0.00304699 10 0.000299358 0.568011 0
0.00304699 10 0.000464159 0.567998 0
0.00304699 10 0.000719686 0.567976 0
0.00304699 10 0.00111588 0.567943 0
0.00304699 10 0.0017302 0.56789 0
0.00304699 10 0.0026827 0.567804 0
0.00304699 10 0.00415956 0.567663 0
0.00304699 10 0.00644947 0.567424 0
0.00304699 10 0.01 0.567009 0
0.00304699 10 0.0155052 0.566258 0
0.00304699 10 0.024041 0.564846 0
0.00304699 10 0.0372759 0.562097 0
0.00304699 10 0.0577969 0.556613 0
0.00304699 10 0.0896151 0.5456 0
0.00304699 10 0.13895 0.523847 0
0.00304699 10 0.215443 0.482894 0
0.00304699 10 0.334048 0.412434 0
0.00304699 10 0.517947 0.307987 0
0.00304699 10 0.803086 0.185265 0
0.00304699 10 1.2452 0.0825124 0
0.00304699 10 1.9307 0.0264297 0
0.00304699 10 2.99358 0.00677032 0
0.00304699 10 4.64159 0.00183406 0
0.00304699 10 7.19686 0.000529426 0
0.00304699 10 11.1588 0.000223011 0
0.00304699 10 17.302 8.53907e-05 0
0.00304699 10 26.827 3.70119e-05 0
0.00304699 10 41.5956 1.90126e-05 0
0.00304699 10 64.4947 1.01773e-05 0
0.00304699 10 100 5.54437e-06 0
0.00304699 10 155.052 3.14981e-06 0
0.00304699 10 240.41 1.81916e-06 0
0.00304699 10 372.759 1.04433e-06 0
0.00304699 10 577.969 6.13204e-07 0
0.00304699 10 896.151 3.69593e-07 0
0.00304699 10 1389.5 2.20482e-07 0
0.00304699 10 2154.43 1.31083e-07 0
0.00304699 10 3340.48 7.86797e-08 0
0.00304699 10 5179.47 4.7759e-08 0
0.00304699 10 8030.86 2.92038e-08 0
0.00304699 10 12452 1.77768e-08 0
0.00304699 10 19307 1.07952e-08 0
0.00304699 10 29935.8 6.56979e-09 0
0.00304699 10 46415.9 4.0053e-09 0
0.00304699 10 71968.6 2.44425e-09 0
0.00304699 10 111588 1.48649e-09 0
0.00304699 10 173020 8.89075e-10 0
0.00304699 10 268270 5.22734e-10 0
0.00304699 10 415956 2.96637e-10 0
0.00304699 10 644947 1.57189e-10 0
0.00304699 10 1e+06 7.40243e-11 0

0.00742964 10 1e-06 0.569052 0
0.00742964 10 1.55052e-06 0.569052 0
0.00742964 10 2.4041e-06 0.569052 0
0.00742964 10 3.72759e-06 0.569052 0
0.00742964 10 5.77969e-06 0.569052 0
0.00742964 10 8.96151e-06 0.569052 0
0.00742964 10 1.3895e-05 0.569051 0
0.00742964 10 2.15443e-05 0.569051 0
0.00742964 10 3.34048e-05 0.56905 0
0.00742964 10 5.17947e-05 0.569048 0
0.00742964 10 8.03086e-05 0.569046 0
0.00742964 10 0.00012452 0.569042 0
0.00742964 10 0.00019307 0.569036 0
0.00742964 10 0.000299358 0.569027 0
0.00742964 10 0.000464159 0.569013 0
0.00742964 10 0.000719686 0.56899 0
0.00742964 10 0.00111588 0.568955 0
0.00742964 10 0.0017302 0.5689 0
0.00742964 10 0.0026827 0.56881 0
0.00742964 10 0.00415956 0.568662 0
0.00742964 10 0.00644947 0.568414 0
0.00742964 10 0.01 0.567984 0
0.00742964 10 0.0155052 0.567211 0
0.00742964 10 0.024041 0.565765 0
0.00742964 10 0.0372759 0.562967 0
0.00742964 10 0.0577969 0.557414 0
0.00742964 10 0.0896151 0.546306 0
0.00742964 10 0.13895 0.524433 0
0.00742964 10 0.215443 0.483343 0
0.00742964 10 0.334048 0.412747 0
0.00742964 10 0.517947 0.308185 0
0.00742964 10 0.803086 0.185379 0
0.00742964 10 1.2452 0.0825695 0
0.00742964 10 1.9307 0.0264511 0
0.00742964 10 2.99358 0.00677581 0
0.00742964 10 4.64159 0.0018351 0
0.00742964 10 7.19686 0.000529795 0
0.00742964 10 11.1588 0.000223171 0
0.00742964 10 17.302 8.54596e-05 0
0.00742964 10 26.827 3.70394e-05 0
0.00742964 10 41.5956 1.90232e-05 0
0.00742964 10 64.4947 1.01814e-05 0
0.00742964 10 100 5.54596e-06 0
0.00742964 10 155.052 3.15043e-06 0
0.00742964 10 240.41 1.8194e-06 0
0.00742964 10 372.759 1.04443e-06 0
0.00742964 10 577.969 6.13241e-07 0
0.00742964 10 896.151 3.69607e-07 0
0.00742964 10 1389.5 2.20488e-07 0
0.00742964 10 2154.43 1.31085e-07 0
0.00742964 10 3340.48 7.86805e-08 0
0.00742964 10 5179.47 4.77593e-08 0
0.00742964 10 8030.86 2.9204e-08 0
0.00742964 10 12452 1.77768e-08 0
0.00742964 10 19307 1.07952e-08 0
0.00742964 10 29935.8 6.5698e-09 0
0.00742964 10 46415.9 4.0053e-09 0
0.00742964 10 71968.6 2.44425e-09 0
0.00742964 10 111588 1.48649e-09 0
0.00742964 10 173020 8.89075e-10 0
0.00742964 10 268270 5.22734e-10 0
0.00742964 10 415956 2.96637e-10 0
0.00742964 10 644947 1.57189e-10 0
0.00742964 10 1e+06 7.40243e-11 0

0.0181161 10 1e-06 0.571577 0
0.0181161 10 1.55052e-06 0.571577 0
0.0181161 10 2.4041e-06 0.571577 0
0.0181161 10 3.72759e-06 0.571577 0
0.0181161 10 5.77969e-06 0.571577 0
0.0181161 10 8.96151e-06 0.571576 0
0.0181161 10 1.3895e-05 0.571576 0
0.0181161 10 2.15443e-05 0.571575 0
0.0181161 10 3.34048e-05 0.571574 0
0.0181161 10 5.17947e-05 0.571572 0
0.0181161 10 8.03086e-05 0.571569 0
0.0181161 10 0.00012452 0.571565 0
0.0181161 10 0.00019307 0.571559 0
0.0181161 10 0.000299358 0.571548 0
0.0181161 10 0.000464159 0.571532 0
0.0181161 10 0.000719686 0.571507 0
0.0181161 10 0.00111588 0.571468 0
0.0181161 10 0.0017302 0.571406 0
0.0181161 10 0.0026827 0.571306 0
0.0181161 10 0.00415956 0.571142 0
0.0181161 10 0.00644947 0.57087 0
0.0181161 10 0.01 0.570404 0
0.0181161 10 0.0155052 0.569575 0
0.0181161 10 0.024041 0.568046 0
0.0181161 10 0.0372759 0.565125 0
0.0181161 10 0.0577969 0.559398 0
0.0181161 10 0.0896151 0.548053 0
0.0181161 10 0.13895 0.525879 0
0.0181161 10 0.215443 0.484443 0
0.0181161 10 0.334048 0.4135 0
0.0181161 10 0.517947 0.308648 0
0.0181161 10 0.803086 0.185632 0
0.0181161 10 1.2452 0.0826847 0
0.0181161 10 1.9307 0.026491 0
0.0181161 10 2.99358 0.00678662 0
0.0181161 10 4.64159 0.00183755 0
0.0181161 10 7.19686 0.000530616 0
0.0181161 10 11.1588 0.000223524 0
0.0181161 10 17.302 8.56121e-05 0
0.0181161 10 26.827 3.71005e-05 0
0.0181161 10 41.5956 1.90469e-05 0
0.0181161 10 64.4947 1.01905e-05 0
0.0181161 10 100 5.54949e-06 0
0.0181161 10 155.052 3.1518e-06 0
0.0181161 10 240.41 1.81993e-06 0
0.0181161 10 372.759 1.04464e-06 0
0.0181161 10 577.969 6.13322e-07 0
0.0181161 10 896.151 3.69639e-07 0
0.0181161 10 1389.5 2.20501e-07 0
0.0181161 10 2154.43 1.3109e-07 0
0.0181161 10 3340.48 7.86825e-08 0
0.0181161 10 5179.47 4.77601e-08 0
0.0181161 10 8030.86 2.92043e-08 0
0.0181161 10 12452 1.7777e-08 0
0.0181161 10 19307 1.07953e-08 0
0.0181161 10 29935.8 6.56982e-09 0
0.0181161 10 46415.9 4.00531e-09 0
0.0181161 10 71968.6 2.44425e-09 0
0.0181161 10 111588 1.48649e-09 0
0.0181161 10 173020 8.89076e-10 0
0.0181161 10 268270 5.22734e-10 0
0.0181161 10 415956 2.96637e-10 0
0.0181161 10 644947 1.57189e-10 0
0.0181161 10 1e+06 7.40243e-11 0

0.0441734 10 1e-06 0.577568 0
0.0441734 10 1.55052e-06 0.577568 0
0.0441734 10 2.4041e-06 0.577568 0
0.0441734 10 3.72759e-06 0.577568 0
0.0441734 10 5.77969e-06 0.577567 0
0.0441734 10 8.96151e-06 0.577567 0
0.0441734 10 1.3895e-05 0.577566 0
0.0441734 10 2.15443e-05 0.577565 0
0.0441734 10 3.34048e-05 0.577564 0
0.0441734 10 5.17947e-05 0.577562 0
0.0441734 10 8.03086e-05 0.577558 0
0.0441734 10 0.00012452 0.577553 0
0.0441734 10 0.00019307 0.577545 0
0.0441734 10 0.000299358 0.577532 0
0.0441734 10 0.000464159 0.577512 0
0.0441734 10 0.000719686 0.57748 0
0.0441734 10 0.00111588 0.57743 0
0.0441734 10 0.0017302 0.577352 0
0.0441734 10 0.0026827 0.577228 0
0.0441734 10 0.00415956 0.577028 0
0.0441734 10 0.00644947 0.576698 0
0.0441734 10 0.01 0.576144 0
0.0441734 10 0.0155052 0.575182 0
0.0441734 10 0.024041 0.573455 0
0.0441734 10 0.0372759 0.570243 0
0.0441734 10 0.0577969 0.564101 0
0.0441734 10 0.0896151 0.552193 0
0.0441734 10 0.13895 0.529304 0
0.0441734 10 0.215443 0.487046 0
0.0441734 10 0.334048 0.415286 0
0.0441734 10 0.517947 0.309748 0
0.0441734 10 0.803086 0.186239 0
0.0441734 10 1.2452 0.0829585 0
0.0441734 10 1.9307 0.0265761 0
0.0441734 10 2.99358 0.00680671 0
0.0441734 10 4.64159 0.00184311 0
0.0441734 10 7.19686 0.00053277 0
0.0441734 10 11.1588 0.000224397 0
0.0441734 10 17.302 8.59896e-05 0
0.0441734 10 26.827 3.72519e-05 0
0.0441734 10 41.5956 1.91056e-05 0
0.0441734 10 64.4947 1.02132e-05 0
0.0441734 10 100 5.55829e-06 0
0.0441734 10 155.052 3.15521e-06 0
0.0441734 10 240.41 1.82126e-06 0
0.0441734 10 372.759 1.04515e-06 0
0.0441734 10 577.969 6.13524e-07 0
0.0441734 10 896.151 3.69718e-07 0
0.0441734 10 1389.5 2.20532e-07 0
0.0441734 10 2154.43 1.31102e-07 0
0.0441734 10 3340.48 7.86873e-08 0
0.0441734 10 5179.47 4.7762e-08 0
0.0441734 10 8030.86 2.9205e-08 0
0.0441734 10 12452 1.77773e-08 0
0.0441734 10 19307 1.07954e-08 0
0.0441734 10 29935.8 6.56986e-09 0
0.0441734 10 46415.9 4.00533e-09 0
0.0441734 10 71968.6 2.44426e-09 0
0.0441734 10 111588 1.48649e-09 0
0.0441734 10 173020 8.89077e-10 0
0.0441734 10 268270 5.22735e-10 0
0.0441734 10 415956 2.96637e-10 0
0.0441734 10 644947 1.57189e-10 0
0.0441734 10 1e+06 7.40243e-11 0

0.107711 10 1e-06 0.591405 0
0.107711 10 1.55052e-06 0.591405 0
0.107711 10 2.4041e-06 0.591405 0
0.107711 10 3.72759e-06 0.591405 0
0.107711 10 5.77969e-06 0.591404 0
0.107711 10 8.96151e-06 0.591404 0
0.107711 10 1.3895e-05 0.591403 0
0.107711 10 2.15443e-05 0.591402 0
0.107711 10 3.34048e-05 0.591399 0
0.107711 10 5.17947e-05 0.591396 0
0.107711 10 8.03086e-05 0.591391 0
0.107711 10 0.00012452 0.591383 0
0.107711 10 0.00019307 0.59137 0
0.107711 10 0.000299358 0.591351 0
0.107711 10 0.000464159 0.591321 0
0.107711 10 0.000719686 0.591274 0
0.107711 10 0.00111588 0.5912 0
0.107711 10 0.0017302 0.591085 0
0.107711 10 0.0026827 0.590904 0
0.107711 10 0.00415956 0.590615 0
0.107711 10 0.00644947 0.590151 0
0.107711 10 0.01 0.58939 0
0.107711 10 0.0155052 0.588116 0
0.107711 10 0.024041 0.585921 0
0.107711 10 0.0372759 0.582024 0
0.107711 10 0.0577969 0.574907 0
0.107711 10 0.0896151 0.561674 0
0.107711 10 0.13895 0.537106 0
0.107711 10 0.215443 0.492931 0
0.107711 10 0.334048 0.419279 0
0.107711 10 0.517947 0.312185 0
0.107711 10 0.803086 0.18759 0
0.107711 10 1.2452 0.0835883 0
0.107711 10 1.9307 0.0267816 0
0.107711 10 2.99358 0.00685325 0
0.107711 10 4.64159 0.00185527 0
0.107711 10 7.19686 0.000537945 0
0.107711 10 11.1588 0.000226528 0
0.107711 10 17.302 8.691e-05 0
0.107711 10 26.827 3.76216e-05 0
0.107711 10 41.5956 1.92492e-05 0
0.107711 10 64.4947 1.02688e-05 0
0.107711 10 100 5.57986e-06 0
0.107711 10 155.052 3.16357e-06 0
0.107711 10 240.41 1.82451e-06 0
0.107711 10 372.759 1.04642e-06 0
0.107711 10 577.969 6.1402e-07 0
0.107711 10 896.151 3.69912e-07 0
0.107711 10 1389.5 2.20608e-07 0
0.107711 10 2154.43 1.31133e-07 0
0.107711 10 3340.48 7.86992e-08 0
0.107711 10 5179.47 4.77667e-08 0
0.107711 10 8030.86 2.92069e-08 0
0.107711 10 12452 1.7778e-08 0
0.107711 10 19307 1.07957e-08 0
0.107711 10 29935.8 6.56998e-09 0
0.107711 10 46415.9 4.00537e-09 0
0.107711 10 71968.6 2.44428e-09 0
0.107711 10 111588 1.4865e-09 0
0.107711 10 173020 8.8908e-10 0
0.107711 10 268270 5.22736e-10 0
0.107711 10 415956 2.96638e-10 0
0.107711 10 644947 1.57189e-10 0
0.107711 10 1e+06 7.40244e-11 0

0.262636 10 1e-06 0.620504 0
0.262636 10 1.55052e-06 0.620504 0
0.262636 10 2.4041e-06 0.620504 0
0.262636 10 3.72759e-06 0.620503 0
0.262636 10 5.77969e-06 0.620503 0
0.262636 10 8.96151e-06 0.620502 0
0.262636 10 1.3895e-05 0.6205 0
0.262636 10 2.15443e-05 0.620498 0
0.262636 10 3.34048e-05 0.620494 0
0.262636 10 5.17947e-05 0.620488 0
0.262636 10 8.03086e-05 0.620479 0
0.262636 10 0.00012452 0.620465 0
0.262636 10 0.00019307 0.620443 0
0.262636 10 0.000299358 0.62041 0
0.262636 10 0.000464159 0.620357 0
0.262636 10 0.000719686 0.620276 0
0.262636 10 0.00111588 0.620149 0
0.262636 10 0.0017302 0.619952 0
0.262636 10 0.0026827 0.619643 0
0.262636 10 0.00415956 0.619158 0
0.262636 10 0.00644947 0.618393 0
0.262636 10 0.01 0.617172 0
0.262636 10 0.0155052 0.615202 0
0.262636 10 0.024041 0.611967 0
0.262636 10 0.0372759 0.606545 0
0.262636 10 0.0577969 0.597263 0
0.262636 10 0.0896151 0.581099 0
0.262636 10 0.13895 0.552839 0
0.262636 10 0.215443 0.504496 0
0.262636 10 0.334048 0.426832 0
0.262636 10 0.517947 0.316617 0
0.262636 10 0.803086 0.190037 0
0.262636 10 1.2452 0.0847905 0
0.262636 10 1.9307 0.0272043 0
0.262636 10 2.99358 0.00695745 0
0.262636 10 4.64159 0.00188333 0
0.262636 10 7.19686 0.000549898 0
0.262636 10 11.1588 0.000231524 0
0.262636 10 17.302 8.90777e-05 0
0.262636 10 26.827 3.84951e-05 0
0.262636 10 41.5956 1.95889e-05 0
0.262636 10 64.4947 1.04005e-05 0
0.262636 10 100 5.63096e-06 0
0.262636 10 155.052 3.18338e-06 0
0.262636 10 240.41 1.83221e-06 0
0.262636 10 372.759 1.04943e-06 0
0.262636 10 577.969 6.15195e-07 0
0.262636 10 896.151 3.70372e-07 0
0.262636 10 1389.5 2.20789e-07 0
0.262636 10 2154.43 1.31204e-07 0
0.262636 10 3340.48 7.87272e-08 0
0.262636 10 5179.47 4.77777e-08 0
0.262636 10 8030.86 2.92113e-08 0
0.262636 10 12452 1.77797e-08 0
0.262636 10 19307 1.07964e-08 0
0.262636 10 29935.8 6.57026e-09 0
0.262636 10 46415.9 4.00548e-09 0
0.262636 10 71968.6 2.44432e-09 0
0.262636 10 111588 1.48652e-09 0
0.262636 10 173020 8.89087e-10 0
0.262636 10 268270 5.22739e-10 0
0.262636 10 415956 2.96639e-10 0
0.262636 10 644947 1.57189e-10 0
0.262636 10 1e+06 7.40246e-11 0

0.6404 10 1e-06 0.667168 0
0.6404 10 1.55052e-06 0.667168 0
0.6404 10 2.4041e-06 0.667167 0
0.6404 10 3.72759e-06 0.667167 0
0.6404 10 5.77969e-06 0.667165 0
0.6404 10 8.96151e-06 0.667164 0
0.6404 10 1.3895e-05 0.667161 0
0.6404 10 2.15443e-05 0.667156 0
0.6404 10 3.34048e-05 0.66715 0
0.6404 10 5.17947e-05 0.667139 0
0.6404 10 8.03086e-05 0.667123 0
0.6404 10 0.00012452 0.667097 0
0.6404 10 0.00019307 0.667058 0
0.6404 10 0.000299358 0.666996 0
0.6404 10 0.000464159 0.666902 0
0.6404 10 0.000719686 0.666754 0
0.6404 10 0.00111588 0.666526 0
0.6404 10 0.0017302 0.66617 0
0.6404 10 0.0026827 0.665618 0
0.6404 10 0.00415956 0.664759 0
0.6404 10 0.00644947 0.663418 0
0.6404 10 0.01 0.66132 0
0.6404 10 0.0155052 0.658022 0
0.6404 10 0.024041 0.652806 0
0.6404 10 0.0372759 0.644493 0
0.6404 10 0.0577969 0.631126 0
0.6404 10 0.0896151 0.609481 0
0.6404 10 0.13895 0.574442 0
0.6404 10 0.215443 0.518716 0
0.6404 10 0.334048 0.434496 0
0.6404 10 0.517947 0.320108 0
0.6404 10 0.803086 0.191953 0
0.6404 10 1.2452 0.0861312 0
0.6404 10 1.9307 0.0278536 0
0.6404 10 2.99358 0.00714933 0
0.6404 10 4.64159 0.00194096 0
0.6404 10 7.19686 0.000576396 0
0.6404 10 11.1588 0.000242749 0
0.6404 10 17.302 9.3992e-05 0
0.6404 10 26.827 4.04879e-05 0
0.6404 10 41.5956 2.03669e-05 0
0.6404 10 64.4947 1.07027e-05 0
0.6404 10 100 5.74845e-06 0
0.6404 10 155.052 3.22897e-06 0
0.6404 10 240.41 1.84995e-06 0
0.6404 10 372.759 1.05636e-06 0
0.6404 10 577.969 6.17905e-07 0
0.6404 10 896.151 3.71432e-07 0
0.6404 10 1389.5 2.21205e-07 0
0.6404 10 2154.43 1.31368e-07 0
0.6404 10 3340.48 7.8792e-08 0
0.6404 10 5179.47 4.78033e-08 0
0.6404 10 8030.86 2.92214e-08 0
0.6404 10 12452 1.77838e-08 0
0.6404 10 19307 1.0798e-08 0
0.6404 10 29935.8 6.57089e-09 0
0.6404 10 46415.9 4.00574e-09 0
0.6404 10 71968.6 2.44443e-09 0
0.6404 10 111588 1.48656e-09 0
0.6404 10 173020 8.89103e-10 0
0.6404 10 268270 5.22745e-10 0
0.6404 10 415956 2.96642e-10 0
0.6404 10 644947 1.5719e-10 0
0.6404 10 1e+06 7.4025e-11 0

1.56152 10 1e-06 0.67511 0
1.56152 10 1.55052e-06 0.675109 0
1.56152 10 2.4041e-06 0.675109 0
1.56152 10 3.72759e-06 0.675107 0
1.56152 10 5.77969e-06 0.675106 0
1.56152 10 8.96151e-06 0.675103 0
1.56152 10 1.3895e-05 0.675099 0
1.56152 10 2.15443e-05 0.675092 0
1.56152 10 3.34048e-05 0.675081 0
1.56152 10 5.17947e-05 0.675065 0
1.56152 10 8.03086e-05 0.67504 0
1.56152 10 0.00012452 0.675002 0
1.56152 10 0.00019307 0.674942 0
1.56152 10 0.000299358 0.674848 0
1.56152 10 0.000464159 0.674704 0
1.56152 10 0.000719686 0.67448 0
1.56152 10 0.00111588 0.674133 0
1.56152 10 0.0017302 0.673595 0
1.56152 10 0.0026827 0.67276 0
1.56152 10 0.00415956 0.671467 0
1.56152 10 0.00644947 0.669461 0
1.56152 10 0.01 0.666354 0
1.56152 10 0.0155052 0.661539 0
1.56152 10 0.024041 0.654083 0
1.56152 10 0.0372759 0.642556 0
1.56152 10 0.0577969 0.62478 0
1.56152 10 0.0896151 0.597528 0
1.56152 10 0.13895 0.556244 0
1.56152 10 0.215443 0.495224 0
1.56152 10 0.334048 0.409341 0
1.56152 10 0.517947 0.299281 0
1.56152 10 0.803086 0.180225 0
1.56152 10 1.2452 0.0825509 0
1.56152 10 1.9307 0.0275943 0
1.56152 10 2.99358 0.00730534 0
1.56152 10 4.64159 0.00202709 0
1.56152 10 7.19686 0.000625269 0
1.56152 10 11.1588 0.000264629 0
1.56152 10 17.302 0.000103884 0
1.56152 10 26.827 4.45753e-05 0
1.56152 10 41.5956 2.19801e-05 0
1.56152 10 64.4947 1.13338e-05 0
1.56152 10 100 5.99497e-06 0
1.56152 10 155.052 3.32491e-06 0
1.56152 10 240.41 1.88736e-06 0
1.56152 10 372.759 1.071e-06 0
1.56152 10 577.969 6.23634e-07 0
1.56152 10 896.151 3.73675e-07 0
1.56152 10 1389.5 2.22087e-07 0
1.56152 10 2154.43 1.31716e-07 0
1.56152 10 3340.48 7.89292e-08 0
1.56152 10 5179.47 4.78576e-08 0
1.56152 10 8030.86 2.92429e-08 0
1.56152 10 12452 1.77923e-08 0
1.56152 10 19307 1.08014e-08 0
1.56152 10 29935.8 6.57225e-09 0
1.56152 10 46415.9 4.00628e-09 0
1.56152 10 71968.6 2.44464e-09 0
1.56152 10 111588 1.48665e-09 0
1.56152 10 173020 8.89138e-10 0
1.56152 10 268270 5.22759e-10 0
1.56152 10 415956 2.96647e-10 0
1.56152 10 644947 1.57193e-10 0
1.56152 10 1e+06 7.40259e-11 0

3.80755 10 1e-06 0.454632 0
3.80755 10 1.55052e-06 0.454632 0
3.80755 10 2.4041e-06 0.454631 0
3.80755 10 3.72759e-06 0.45463 0
3.80755 10 5.77969e-06 0.454629 0
3.80755 10 8.96151e-06 0.454626 0
3.80755 10 1.3895e-05 0.454623 0
3.80755 10 2.15443e-05 0.454617 0
3.80755 10 3.34048e-05 0.454609 0
3.80755 10 5.17947e-05 0.454595 0
3.80755 10 8.03086e-05 0.454575 0
3.80755 10 0.00012452 0.454543 0
3.80755 10 0.00019307 0.454493 0
3.80755 10 0.000299358 0.454416 0
3.80755 10 0.000464159 0.454297 0
3.80755 10 0.000719686 0.454112 0
3.80755 10 0.00111588 0.453826 0
3.80755 10 0.0017302 0.453383 0
3.80755 10 0.0026827 0.452696 0
3.80755 10 0.00415956 0.451633 0
3.80755 10 0.00644947 0.44999 0
3.80755 10 0.01 0.447453 0
3.80755 10 0.0155052 0.443547 0
3.80755 10 0.024041 0.437555 0
3.80755 10 0.0372759 0.428418 0
3.80755 10 0.0577969 0.414608 0
3.80755 10 0.0896151 0.394023 0
3.80755 10 0.13895 0.363988 0
3.80755 10 0.215443 0.32159 0
3.80755 10 0.334048 0.264789 0
3.80755 10 0.517947 0.194972 0
3.80755 10 0.803086 0.120857 0
3.80755 10 1.2452 0.0589458 0
3.80755 10 1.9307 0.0218141 0
3.80755 10 2.99358 0.00653398 0
3.80755 10 4.64159 0.00200717 0
3.80755 10 7.19686 0.000674641 0
3.80755 10 11.1588 0.000292438 0
3.80755 10 17.302 0.000118168 0
3.80755 10 26.827 5.08786e-05 0
3.80755 10 41.5956 2.45599e-05 0
3.80755 10 64.4947 1.23666e-05 0
3.80755 10 100 6.40466e-06 0
3.80755 10 155.052 3.48593e-06 0
3.80755 10 240.41 1.95057e-06 0
3.80755 10 372.759 1.09586e-06 0
3.80755 10 577.969 6.33395e-07 0
3.80755 10 896.151 3.77506e-07 0
3.80755 10 1389.5 2.23597e-07 0
3.80755 10 2154.43 1.32312e-07 0
3.80755 10 3340.48 7.91646e-08 0
3.80755 10 5179.47 4.79507e-08 0
3.80755 10 8030.86 2.92798e-08 0
3.80755 10 12452 1.7807e-08 0
3.80755 10 19307 1.08072e-08 0
3.80755 10 29935.8 6.57458e-09 0
3.80755 10 46415.9 4.00721e-09 0
3.80755 10 71968.6 2.44501e-09 0
3.80755 10 111588 1.48679e-09 0
3.80755 10 173020 8.89197e-10 0
3.80755 10 268270 5.22783e-10 0
3.80755 10 415956 2.96657e-10 0
3.80755 10 644947 1.57196e-10 0
3.80755 10 1e+06 7.40275e-11 0

9.28415 10 1e-06 0.103375 0
9.28415 10 1.55052e-06 0.103375 0
9.28415 10 2.4041e-06 0.103375 0
9.28415 10 3.72759e-06 0.103375 0
9.28415 10 5.77969e-06 0.103374 0
9.28415 10 8.96151e-06 0.103374 0
9.28415 10 1.3895e-05 0.103373 0
9.28415 10 2.15443e-05 0.103372 0
9.28415 10 3.34048e-05 0.10337 0
9.28415 10 5.17947e-05 0.103367 0
9.28415 10 8.03086e-05 0.103363 0
9.28415 10 0.00012452 0.103356 0
9.28415 10 0.00019307 0.103346 0
9.28415 10 0.000299358 0.10333 0
9.28415 10 0.000464159 0.103305 0
9.28415 10 0.000719686 0.103267 0
9.28415 10 0.00111588 0.103208 0
9.28415 10 0.0017302 0.103116 0
9.28415 10 0.0026827 0.102973 0
9.28415 10 0.00415956 0.102753 0
9.28415 10 0.00644947 0.102412 0
9.28415 10 0.01 0.101887 0
9.28415 10 0.0155052 0.101079 0
9.28415 10 0.024041 0.0998423 0
9.28415 10 0.0372759 0.0979615 0
9.28415 10 0.0577969 0.0951303 0
9.28415 10 0.0896151 0.0909318 0
9.28415 10 0.13895 0.0848397 0
9.28415 10 0.215443 0.0762705 0
9.28415 10 0.334048 0.0647415 0
9.28415 10 0.517947 0.0502532 0
9.28415 10 0.803086 0.0340624 0
9.28415 10 1.2452 0.0192836 0
9.28415 10 1.9307 0.00905972 0
9.28415 10 2.99358 0.00375537 0
9.28415 10 4.64159 0.0015383 0
9.28415 10 7.19686 0.000621538 0
9.28415 10 11.1588 0.000292159 0
9.28415 10 17.302 0.000125903 0
9.28415 10 26.827 5.59752e-05 0
9.28415 10 41.5956 2.70316e-05 0
9.28415 10 64.4947 1.34577e-05 0
9.28415 10 100 6.86495e-06 0
9.28415 10 155.052 3.67377e-06 0
9.28415 10 240.41 2.02618e-06 0
9.28415 10 372.759 1.12615e-06 0
9.28415 10 577.969 6.45433e-07 0
9.28415 10 896.151 3.82265e-07 0
9.28415 10 1389.5 2.25485e-07 0
9.28415 10 2154.43 1.33061e-07 0
9.28415 10 3340.48 7.94618e-08 0
9.28415 10 5179.47 4.80685e-08 0
9.28415 10 8030.86 2.93266e-08 0
9.28415 10 12452 1.78257e-08 0
9.28415 10 19307 1.08147e-08 0
9.28415 10 29935.8 6.57756e-09 0
9.28415 10 46415.9 4.0084e-09 0
9.28415 10 71968.6 2.44549e-09 0
9.28415 10 111588 1.48698e-09 0
9.28415 10 173020 8.89274e-10 0
9.28415 10 268270 5.22814e-10 0
9.28415 10 415956 2.96669e-10 0
9.28415 10 644947 1.57201e-10 0
9.28415 10 1e+06 7.40295e-11 0

22.638 10 1e-06 0.00650066 0
22.638 10 1.55052e-06 0.00650066 0
22.638 10 2.4041e-06 0.00650065 0
22.638 10 3.72759e-06 0.00650065 0
22.638 10 5.77969e-06 0.00650064 0
22.638 10 8.96151e-06 0.00650062 0
22.638 10 1.3895e-05 0.0065006 0
22.638 10 2.15443e-05 0.00650056 0
22.638 10 3.34048e-05 0.0065005 0
22.638 10 5.17947e-05 0.00650041 0
22.638 10 8.03086e-05 0.00650026 0
22.638 10 0.00012452 0.00650004 0
22.638 10 0.00019307 0.0064997 0
22.638 10 0.000299358 0.00649916 0
22.638 10 0.000464159 0.00649834 0
22.638 10 0.000719686 0.00649705 0
22.638 10 0.00111588 0.00649507 0
22.638 10 0.0017302 0.00649199 0
22.638 10 0.0026827 0.00648722 0
22.638 10 0.00415956 0.00647985 0
22.638 10 0.00644947 0.00646845 0
22.638 10 0.01 0.00645087 0
22.638 10 0.0155052 0.00642382 0
22.638 10 0.024041 0.00638235 0
22.638 10 0.0372759 0.00631916 0
22.638 10 0.0577969 0.00622364 0
22.638 10 0.0896151 0.00608077 0
22.638 10 0.13895 0.00586978 0
22.638 10 0.215443 0.00556204 0
22.638 10 0.334048 0.00511818 0
22.638 10 0.517947 0.00449139 0
22.638 10 0.803086 0.00366864 0
22.638 10 1.2452 0.00275748 0
22.638 10 1.9307 0.00192827 0
22.638 10 2.99358 0.0012652 0
22.638 10 4.64159 0.000757078 0
22.638 10 7.19686 0.000395156 0
22.638 10 11.1588 0.000219519 0
22.638 10 17.302 0.000107739 0
22.638 10 26.827 5.22739e-05 0
22.638 10 41.5956 2.65942e-05 0
22.638 10 64.4947 1.3603e-05 0
22.638 10 100 7.01768e-06 0
22.638 10 155.052 3.75914e-06 0
22.638 10 240.41 2.06689e-06 0
22.638 10 372.759 1.14435e-06 0
22.638 10 577.969 6.53156e-07 0
22.638 10 896.151 3.85439e-07 0
22.638 10 1389.5 2.26788e-07 0
22.638 10 2154.43 1.33593e-07 0
22.638 10 3340.48 7.96765e-08 0
22.638 10 5179.47 4.81548e-08 0
22.638 10 8030.86 2.93614e-08 0
22.638 10 12452 1.78397e-08 0
22.638 10 19307 1.08204e-08 0
22.638 10 29935.8 6.57984e-09 0
22.638 10 46415.9 4.00932e-09 0
22.638 10 71968.6 2.44586e-09 0
22.638 10 111588 1.48713e-09 0
22.638 10 173020 8.89334e-10 0
22.638 10 268270 5.22838e-10 0
22.638 10 415956 2.96679e-10 0
22.638 10 644947 1.57205e-10 0
22.638 10 1e+06 7.40312e-11 0

55.1995 10 1e-06 0.000621843 0
55.1995 10 1.55052e-06 0.000621843 0
55.1995 10 2.4041e-06 0.000621843 0
55.1995 10 3.72759e-06 0.000621842 0
55.1995 10 5.77969e-06 0.000621842 0
55.1995 10 8.96151e-06 0.000621842 0
55.1995 10 1.3895e-05 0.000621841 0
55.1995 10 2.15443e-05 0.00062184 0
55.1995 10 3.34048e-05 0.000621839 0
55.1995 10 5.17947e-05 0.000621836 0
55.1995 10 8.03086e-05 0.000621833 0
55.1995 10 0.00012452 0.000621827 0
55.1995 10 0.00019307 0.000621818 0
55.1995 10 0.000299358 0.000621805 0
55.1995 10 0.000464159 0.000621784 0
55.1995 10 0.000719686 0.000621752 0
55.1995 10 0.00111588 0.000621701 0
55.1995 10 0.0017302 0.000621624 0
55.1995 10 0.0026827 0.000621503 0
55.1995 10 0.00415956 0.000621318 0
55.1995 10 0.00644947 0.000621031 0
55.1995 10 0.01 0.000620591 0
55.1995 10 0.0155052 0.000619916 0
55.1995 10 0.024041 0.000618888 0
55.1995 10 0.0372759 0.000617335 0
55.1995 10 0.0577969 0.000615011 0
55.1995 10 0.0896151 0.000611555 0
55.1995 10 0.13895 0.000606394 0
55.1995 10 0.215443 0.000598416 0
55.1995 10 0.334048 0.00058516 0
55.1995 10 0.517947 0.000561775 0
55.1995 10 0.803086 0.000522825 0
55.1995 10 1.2452 0.000469901 0
55.1995 10 1.9307 0.00040925 0
55.1995 10 2.99358 0.000344659 0
55.1995 10 4.64159 0.000264636 0
55.1995 10 7.19686 0.00017833 0
55.1995 10 11.1588 0.000122701 0
55.1995 10 17.302 7.41173e-05 0
55.1995 10 26.827 4.20851e-05 0
55.1995 10 41.5956 2.39491e-05 0
55.1995 10 64.4947 1.31692e-05 0
55.1995 10 100 7.07725e-06 0
55.1995 10 155.052 3.85443e-06 0
55.1995 10 240.41 2.1265e-06 0
55.1995 10 372.759 1.17477e-06 0
55.1995 10 577.969 6.67005e-07 0
55.1995 10 896.151 3.91365e-07 0
55.1995 10 1389.5 2.29291e-07 0
55.1995 10 2154.43 1.34635e-07 0
55.1995 10 3340.48 8.01021e-08 0
55.1995 10 5179.47 4.83273e-08 0
55.1995 10 8030.86 2.94312e-08 0
55.1995 10 12452 1.78681e-08 0
55.1995 10 19307 1.08319e-08 0
55.1995 10 29935.8 6.58452e-09 0
55.1995 10 46415.9 4.01121e-09 0
55.1995 10 71968.6 2.44662e-09 0
55.1995 10 111588 1.48744e-09 0
55.1995 10 173020 8.89458e-10 0
55.1995 10 268270 5.22888e-10 0
55.1995 10 415956 2.96699e-10 0
55.1995 10 644947 1.57214e-10 0
55.1995 10 1e+06 7.40347e-11 0

134.596 10 1e-06 8.33544e-05 0
134.596 10 1.55052e-06 8.33544e-05 0
134.596 10 2.4041e-06 8.33544e-05 0
134.596 10 3.72759e-06 8.33544e-05 0
134.596 10 5.77969e-06 8.33543e-05 0
134.596 10 8.96151e-06 8.33543e-05 0
134.596 10 1.3895e-05 8.33543e-05 0
134.596 10 2.15443e-05 8.33543e-05 0
134.596 10 3.34048e-05 8.33542e-05 0
134.596 10 5.17947e-05 8.33541e-05 0
134.596 10 8.03086e-05 8.3354e-05 0
134.596 10 0.00012452 8.33537e-05 0
134.596 10 0.00019307 8.33534e-05 0
134.596 10 0.000299358 8.33529e-05 0
134.596 10 0.000464159 8.3352e-05 0
134.596 10 0.000719686 8.33507e-05 0
134.596 10 0.00111588 8.33488e-05 0
134.596 10 0.0017302 8.33457e-05 0
134.596 10 0.0026827 8.33409e-05 0
134.596 10 0.00415956 8.33337e-05 0
134.596 10 0.00644947 8.33225e-05 0
134.596 10 0.01 8.33056e-05 0
134.596 10 0.0155052 8.32802e-05 0
134.596 10 0.024041 8.32425e-05 0
134.596 10 0.0372759 8.3188e-05 0
134.596 10 0.0577969 8.31112e-05 0
134.596 10 0.0896151 8.3005e-05 0
134.596 10 0.13895 8.28536e-05 0
134.596 10 0.215443 8.26007e-05 0
134.596 10 0.334048 8.20574e-05 0
134.596 10 0.517947 8.07676e-05 0
134.596 10 0.803086 7.81578e-05 0
134.596 10 1.2452 7.43531e-05 0
134.596 10 1.9307 7.00387e-05 0
134.596 10 2.99358 6.5699e-05 0
134.596 10 4.64159 5.77188e-05 0
134.596 10 7.19686 4.62103e-05 0
134.596 10 11.1588 3.7887e-05 0
134.596 10 17.302 2.82525e-05 0
134.596 10 26.827 1.9476e-05 0
134.596 10 41.5956 1.33468e-05 0
134.596 10 64.4947 8.61726e-06 0
134.596 10 100 5.26246e-06 0
134.596 10 155.052 3.15608e-06 0
134.596 10 240.41 1.8648e-06 0
134.596 10 372.759 1.07872e-06 0
134.596 10 577.969 6.31485e-07 0
134.596 10 896.151 3.78028e-07 0
134.596 10 1389.5 2.24323e-07 0
134.596 10 2154.43 1.32777e-07 0
134.596 10 3340.48 7.93975e-08 0
134.596 10 5179.47 4.80576e-08 0
134.596 10 8030.86 2.93279e-08 0
134.596 10 12452 1.78287e-08 0
134.596 10 19307 1.08169e-08 0
134.596 10 29935.8 6.57872e-09 0
134.596 10 46415.9 4.00896e-09 0
134.596 10 71968.6 2.44575e-09 0
134.596 10 111588 1.4871e-09 0
134.596 10 173020 8.89325e-10 0
134.596 10 268270 5.22836e-10 0
134.596 10 415956 2.96679e-10 0
134.596 10 644947 1.57206e-10 0
134.596 10 1e+06 7.40319e-11 0

328.193 10 1e-06 1.43213e-05 0
328.193 10 1.55052e-06 1.43213e-05 0
328.193 10 2.4041e-06 1.43213e-05 0
328.193 10 3.72759e-06 1.43213e-05 0
328.193 10 5.77969e-06 1.43213e-05 0
328.193 10 8.96151e-06 1.43213e-05 0
328.193 10 1.3895e-05 1.43213e-05 0
328.193 10 2.15443e-05 1.43213e-05 0
328.193 10 3.34048e-05 1.43213e-05 0
328.193 10 5.17947e-05 1.43213e-05 0
328.193 10 8.03086e-05 1.43213e-05 0
328.193 10 0.00012452 1.43212e-05 0
328.193 10 0.00019307 1.43212e-05 0
328.193 10 0.000299358 1.43212e-05 0
328.193 10 0.000464159 1.43212e-05 0
328.193 10 0.000719686 1.43211e-05 0
328.193 10 0.00111588 1.4321e-05 0
328.193 10 0.0017302 1.43209e-05 0
328.193 10 0.0026827 1.43207e-05 0
328.193 10 0.00415956 1.43205e-05 0
328.193 10 0.00644947 1.432e-05 0
328.193 10 0.01 1.43194e-05 0
328.193 10 0.0155052 1.43186e-05 0
328.193 10 0.024041 1.43175e-05 0
328.193 10 0.0372759 1.43163e-05 0
328.193 10 0.0577969 1.43155e-05 0
328.193 10 0.0896151 1.43157e-05 0
328.193 10 0.13895 1.43175e-05 0
328.193 10 0.215443 1.43177e-05 0
328.193 10 0.334048 1.42973e-05 0
328.193 10 0.517947 1.42048e-05 0
328.193 10 0.803086 1.39737e-05 0
328.193 10 1.2452 1.36274e-05 0
328.193 10 1.9307 1.32759e-05 0
328.193 10 2.99358 1.30198e-05 0
328.193 10 4.64159 1.22534e-05 0
328.193 10 7.19686 1.08957e-05 0
328.193 10 11.1588 9.94024e-06 0
328.193 10 17.302 8.63477e-06 0
328.193 10 26.827 7.03759e-06 0
328.193 10 41.5956 5.73217e-06 0
328.193 10 64.4947 4.41507e-06 0
328.193 10 100 3.1829e-06 0
328.193 10 155.052 2.20146e-06 0
328.193 10 240.41 1.4566e-06 0
328.193 10 372.759 9.15193e-07 0
328.193 10 577.969 5.6751e-07 0
328.193 10 896.151 3.53125e-07 0
328.193 10 1389.5 2.14881e-07 0
328.193 10 2154.43 1.29226e-07 0
328.193 10 3340.48 7.80485e-08 0
328.193 10 5179.47 4.75421e-08 0
328.193 10 8030.86 2.91313e-08 0
328.193 10 12452 1.77544e-08 0
328.193 10 19307 1.07888e-08 0
328.193 10 29935.8 6.56799e-09 0
328.193 10 46415.9 4.00484e-09 0
328.193 10 71968.6 2.44416e-09 0
328.193 10 111588 1.48648e-09 0
328.193 10 173020 8.89086e-10 0
328.193 10 268270 5.22744e-10 0
328.193 10 415956 2.96643e-10 0
328.193 10 644947 1.57193e-10 0
328.193 10 1e+06 7.40273e-11 0

800.25 10 1e-06 3.48186e-06 0
800.25 10 1.55052e-06 3.48186e-06 0
800.25 10 2.4041e-06 3.48186e-06 0
800.25 10 3.72759e-06 3.48186e-06 0
800.25 10 5.77969e-06 3.48186e-06 0
800.25 10 8.96151e-06 3.48186e-06 0
800.25 10 1.3895e-05 3.48186e-06 0
800.25 10 2.15443e-05 3.48186e-06 0
800.25 10 3.34048e-05 3.48186e-06 0
800.25 10 5.17947e-05 3.48186e-06 0
800.25 10 8.03086e-05 3.48186e-06 0
800.25 10 0.00012452 3.48186e-06 0
800.25 10 0.00019307 3.48186e-06 0
800.25 10 0.000299358 3.48186e-06 0
800.25 10 0.000464159 3.48185e-06 0
800.25 10 0.000719686 3.48185e-06 0
800.25 10 0.00111588 3.48185e-06 0
800.25 10 0.0017302 3.48184e-06 0
800.25 10 0.0026827 3.48184e-06 0
800.25 10 0.00415956 3.48182e-06 0
800.25 10 0.00644947 3.48181e-06 0
800.25 10 0.01 3.48179e-06 0
800.25 10 0.0155052 3.48178e-06 0
800.25 10 0.024041 3.4818e-06 0
800.25 10 0.0372759 3.48189e-06 0
800.25 10 0.0577969 3.48217e-06 0
800.25 10 0.0896151 3.48283e-06 0
800.25 10 0.13895 3.48407e-06 0
800.25 10 0.215443 3.48559e-06 0
800.25 10 0.334048 3.48494e-06 0
800.25 10 0.517947 3.47507e-06 0
800.25 10 0.803086 3.44681e-06 0
800.25 10 1.2452 3.404e-06 0
800.25 10 1.9307 3.36414e-06 0
800.25 10 2.99358 3.34479e-06 0
800.25 10 4.64159 3.25179e-06 0
800.25 10 7.19686 3.0679e-06 0
800.25 10 11.1588 2.94422e-06 0
800.25 10 17.302 2.7661e-06 0
800.25 10 26.827 2.50241e-06 0
800.25 10 41.5956 2.26738e-06 0
800.25 10 64.4947 1.98207e-06 0
800.25 10 100 1.6467e-06 0
800.25 10 155.052 1.31008e-06 0
800.25 10 240.41 9.86587e-07 0
800.25 10 372.759 6.9279e-07 0
800.25 10 577.969 4.68635e-07 0
800.25 10 896.151 3.10744e-07 0
800.25 10 1389.5 1.97767e-07 0
800.25 10 2154.43 1.22538e-07 0
800.25 10 3340.48 7.5447e-08 0
800.25 10 5179.47 4.6534e-08 0
800.25 10 8030.86 2.87445e-08 0
800.25 10 12452 1.76085e-08 0
800.25 10 19307 1.07339e-08 0
800.25 10 29935.8 6.54719e-09 0
800.25 10 46415.9 3.99691e-09 0
800.25 10 71968.6 2.44113e-09 0
800.25 10 111588 1.48532e-09 0
800.25 10 173020 8.88638e-10 0
800.25 10 268270 5.22571e-10 0
800.25 10 415956 2.96577e-10 0
800.25 10 644947 1.57168e-10 0
800.25 10 1e+06 7.40194e-11 0

1951.29 10 1e-06 1.0117e-06 0
1951.29 10 1.55052e-06 1.0117e-06 0
1951.29 10 2.4041e-06 1.0117e-06 0
1951.29 10 3.72759e-06 1.0117e-06 0
1951.29 10 5.77969e-06 1.0117e-06 0
1951.29 10 8.96151e-06 1.0117e-06 0
1951.29 10 1.3895e-05 1.0117e-06 0
1951.29 10 2.15443e-05 1.0117e-06 0
1951.29 10 3.34048e-05 1.0117e-06 0
1951.29 10 5.17947e-05 1.0117e-06 0
1951.29 10 8.03086e-05 1.0117e-06 0
1951.29 10 0.00012452 1.0117e-06 0
1951.29 10 0.00019307 1.0117e-06 0
1951.29 10 0.000299358 1.0117e-06 0
1951.29 10 0.000464159 1.0117e-06 0
1951.29 10 0.000719686 1.0117e-06 0
1951.29 10 0.00111588 1.0117e-06 0
1951.29 10 0.0017302 1.0117e-06 0
1951.29 10 0.0026827 1.0117e-06 0
1951.29 10 0.00415956 1.0117e-06 0
1951.29 10 0.00644947 1.0117e-06 0
1951.29 10 0.01 1.0117e-06 0
1951.29 10 0.0155052 1.0117e-06 0
1951.29 10 0.024041 1.01172e-06 0
1951.29 10 0.0372759 1.01175e-06 0
1951.29 10 0.0577969 1.01182e-06 0
1951.29 10 0.0896151 1.01196e-06 0
1951.29 10 0.13895 1.01221e-06 0
1951.29 10 0.215443 1.01254e-06 0
1951.29 10 0.334048 1.01259e-06 0
1951.29 10 0.517947 1.01132e-06 0
1951.29 10 0.803086 1.00736e-06 0
1951.29 10 1.2452 1.00134e-06 0
1951.29 10 1.9307 9.96038e-07 0
1951.29 10 2.99358 9.94363e-07 0
1951.29 10 4.64159 9.81641e-07 0
1951.29 10 7.19686 9.54958e-07 0
1951.29 10 11.1588 9.37889e-07 0
1951.29 10 17.302 9.12952e-07 0
1951.29 10 26.827 8.71949e-07 0
1951.29 10 41.5956 8.34335e-07 0
1951.29 10 64.4947 7.83623e-07 0
1951.29 10 100 7.145e-07 0
1951.29 10 155.052 6.32438e-07 0
1951.29 10 240.41 5.36281e-07 0
1951.29 10 372.759 4.27428e-07 0
1951.29 10 577.969 3.25359e-07 0
1951.29 10 896.151 2.38369e-07 0
1951.29 10 1389.5 1.64457e-07 0
1951.29 10 2154.43 1.08198e-07 0
1951.29 10 3340.48 6.94769e-08 0
1951.29 10 5179.47 4.41076e-08 0
1951.29 10 8030.86 2.77811e-08 0
1951.29 10 12452 1.7236e-08 0
1951.29 10 19307 1.05913e-08 0
1951.29 10 29935.8 6.49243e-09 0
1951.29 10 46415.9 3.97584e-09 0
1951.29 10 71968.6 2.43301e-09 0
1951.29 10 111588 1.48217e-09 0
1951.29 10 173020 8.87425e-10 0
1951.29 10 268270 5.22101e-10 0
1951.29 10 415956 2.96396e-10 0
1951.29 10 644947 1.57101e-10 0
1951.29 10 1e+06 7.39971e-11 0

4757.94 10 1e-06 3.39704e-07 0
4757.94 10 1.55052e-06 3.39704e-07 0
4757.94 10 2.4041e-06 3.39704e-07 0
4757.94 10 3.72759e-06 3.39704e-07 0
4757.94 10 5.77969e-06 3.39704e-07 0
4757.94 10 8.96151e-06 3.39704e-07 0
4757.94 10 1.3895e-05 3.39704e-07 0
4757.94 10 2.15443e-05 3.39704e-07 0
4757.94 10 3.34048e-05 3.39704e-07 0
4757.94 10 5.17947e-05 3.39704e-07 0
4757.94 10 8.03086e-05 3.39704e-07 0
4757.94 10 0.00012452 3.39704e-07 0
4757.94 10 0.00019307 3.39704e-07 0
4757.94 10 0.000299358 3.39704e-07 0
4757.94 10 0.000464159 3.39704e-07 0
4757.94 10 0.000719686 3.39704e-07 0
4757.94 10 0.00111588 3.39704e-07 0
4757.94 10 0.0017302 3.39704e-07 0
4757.94 10 0.0026827 3.39704e-07 0
4757.94 10 0.00415956 3.39705e-07 0
4757.94 10 0.00644947 3.39705e-07 0
4757.94 10 0.01 3.39705e-07 0
4757.94 10 0.0155052 3.39707e-07 0
4757.94 10 0.024041 3.3971e-07 0
4757.94 10 0.0372759 3.39716e-07 0
4757.94 10 0.0577969 3.39728e-07 0
4757.94 10 0.0896151 3.39753e-07 0
4757.94 10 0.13895 3.39796e-07 0
4757.94 10 0.215443 3.39854e-07 0
4757.94 10 0.334048 3.39871e-07 0
4757.94 10 0.517947 3.39686e-07 0
4757.94 10 0.803086 3.39086e-07 0
4757.94 10 1.2452 3.38173e-07 0
4757.94 10 1.9307 3.37391e-07 0
4757.94 10 2.99358 3.37209e-07 0
4757.94 10 4.64159 3.35308e-07 0
4757.94 10 7.19686 3.31216e-07 0
4757.94 10 11.1588 3.28666e-07 0
4757.94 10 17.302 3.24934e-07 0
4757.94 10 26.827 3.18486e-07 0
4757.94 10 41.5956 3.1251e-07 0
4757.94 10 64.4947 3.04034e-07 0
4757.94 10 100 2.91534e-07 0
4757.94 10 155.052 2.75145e-07 0
4757.94 10 240.41 2.53196e-07 0
4757.94 10 372.759 2.23744e-07 0
4757.94 10 577.969 1.90259e-07 0
4757.94 10 896.151 1.55214e-07 0
4757.94 10 1389.5 1.18799e-07 0
4757.94 10 2154.43 8.55311e-08 0
4757.94 10 3340.48 5.89665e-08 0
4757.94 10 5179.47 3.9482e-08 0
4757.94 10 8030.86 2.58367e-08 0
4757.94 10 12452 1.64554e-08 0
4757.94 10 19307 1.02857e-08 0
4757.94 10 29935.8 6.3736e-09 0
4757.94 10 46415.9 3.9298e-09 0
4757.94 10 71968.6 2.41522e-09 0
4757.94 10 111588 1.47527e-09 0
4757.94 10 173020 8.84766e-10 0
4757.94 10 268270 5.21075e-10 0
4757.94 10 415956 2.96003e-10 0
4757.94 10 644947 1.56956e-10 0
4757.94 10 1e+06 7.39504e-11 0

11601.6 10 1e-06 1.14523e-07 0
11601.6 10 1.55052e-06 1.14523e-07 0
11601.6 10 2.4041e-06 1.14523e-07 0
11601.6 10 3.72759e-06 1.14523e-07 0
11601.6 10 5.77969e-06 1.14523e-07 0
11601.6 10 8.96151e-06 1.14523e-07 0
11601.6 10 1.3895e-05 1.14523e-07 0
11601.6 10 2.15443e-05 1.14523e-07 0
11601.6 10 3.34048e-05 1.14523e-07 0
11601.6 10 5.17947e-05 1.14523e-07 0
11601.6 10 8.03086e-05 1.14523e-07 0
11601.6 10 0.00012452 1.14523e-07 0
11601.6 10 0.00019307 1.14523e-07 0
11601.6 10 0.000299358 1.14523e-07 0
11601.6 10 0.000464159 1.14523e-07 0
11601.6 10 0.000719686 1.14523e-07 0
11601.6 10 0.00111588 1.14523e-07 0
11601.6 10 0.0017302 1.14523e-07 0
11601.6 10 0.0026827 1.14523e-07 0
11601.6 10 0.00415956 1.14523e-07 0
11601.6 10 0.00644947 1.14523e-07 0
11601.6 10 0.01 1.14523e-07 0
11601.6 10 0.0155052 1.14524e-07 0
11601.6 10 0.024041 1.14524e-07 0
11601.6 10 0.0372759 1.14525e-07 0
11601.6 10 0.0577969 1.14527e-07 0
11601.6 10 0.0896151 1.14532e-07 0
11601.6 10 0.13895 1.14539e-07 0
11601.6 10 0.215443 1.14549e-07 0
11601.6 10 0.334048 1.14553e-07 0
11601.6 10 0.517947 1.14525e-07 0
11601.6 10 0.803086 1.14432e-07 0
11601.6 10 1.2452 1.14291e-07 0
11601.6 10 1.9307 1.14173e-07 0
11601.6 10 2.99358 1.14153e-07 0
11601.6 10 4.64159 1.13864e-07 0
11601.6 10 7.19686 1.13231e-07 0
11601.6 10 11.1588 1.12851e-07 0
11601.6 10 17.302 1.12295e-07 0
11601.6 10 26.827 1.11308e-07 0
11601.6 10 41.5956 1.10413e-07 0
11601.6 10 64.4947 1.09118e-07 0
11601.6 10 100 1.07135e-07 0
11601.6 10 155.052 1.04419e-07 0
11601.6 10 240.41 1.00516e-07 0
11601.6 10 372.759 9.47086e-08 0
11601.6 10 577.969 8.72164e-08 0
11601.6 10 896.151 7.80579e-08 0
11601.6 10 1389.5 6.66207e-08 0
11601.6 10 2154.43 5.38312e-08 0
11601.6 10 3340.48 4.1386e-08 0
11601.6 10 5179.47 3.04737e-08 0
11601.6 10 8030.86 2.15445e-08 0
11601.6 10 12452 1.45532e-08 0
11601.6 10 19307 9.48423e-09 0
11601.6 10 29935.8 6.04525e-09 0
11601.6 10 46415.9 3.79777e-09 0
11601.6 10 71968.6 2.36277e-09 0
11601.6 10 111588 1.45453e-09 0
11601.6 10 173020 8.76638e-10 0
11601.6 10 268270 5.17893e-10 0
11601.6 10 415956 2.94766e-10 0
11601.6 10 644947 1.56491e-10 0
11601.6 10 1e+06 7.37907e-11 0

28288.7 10 1e-06 4.09218e-08 0
28288.7 10 1.55052e-06 4.09218e-08 0
28288.7 10 2.4041e-06 4.09218e-08 0
28288.7 10 3.72759e-06 4.09218e-08 0
28288.7 10 5.77969e-06 4.09218e-08 0
28288.7 10 8.96151e-06 4.09218e-08 0
28288.7 10 1.3895e-05 4.09218e-08 0
28288.7 10 2.15443e-05 4.09218e-08 0
28288.7 10 3.34048e-05 4.09218e-08 0
28288.7 10 5.17947e-05 4.09218e-08 0
28288.7 10 8.03086e-05 4.09218e-08 0
28288.7 10 0.00012452 4.09218e-08 0
28288.7 10 0.00019307 4.09218e-08 0
28288.7 10 0.000299358 4.09218e-08 0
28288.7 10 0.000464159 4.09218e-08 0
28288.7 10 0.000719686 4.09218e-08 0
28288.7 10 0.00111588 4.09219e-08 0
28288.7 10 0.0017302 4.09219e-08 0
28288.7 10 0.0026827 4.09219e-08 0
28288.7 10 0.00415956 4.09219e-08 0
28288.7 10 0.00644947 4.09219e-08 0
28288.7 10 0.01 4.09219e-08 0
28288.7 10 0.0155052 4.09219e-08 0
28288.7 10 0.024041 4.0922e-08 0
28288.7 10 0.0372759 4.09222e-08 0
28288.7 10 0.0577969 4.09226e-08 0
28288.7 10 0.0896151 4.09233e-08 0
28288.7 10 0.13895 4.09245e-08 0
28288.7 10 0.215443 4.09261e-08 0
28288.7 10 0.334048 4.09268e-08 0
28288.7 10 0.517947 4.09225e-08 0
28288.7 10 0.803086 4.09078e-08 0
28288.7 10 1.2452 4.08855e-08 0
28288.7 10 1.9307 4.0867e-08 0
28288.7 10 2.99358 4.08646e-08 0
28288.7 10 4.64159 4.08194e-08 0
28288.7 10 7.19686 4.07193e-08 0
28288.7 10 11.1588 4.06604e-08 0
28288.7 10 17.302 4.05745e-08 0
28288.7 10 26.827 4.04199e-08 0
28288.7 10 41.5956 4.02817e-08 0
28288.7 10 64.4947 4.00803e-08 0
28288.7 10 100 3.97668e-08 0
28288.7 10 155.052 3.93295e-08 0
28288.7 10 240.41 3.86802e-08 0
28288.7 10 372.759 3.76623e-08 0
28288.7 10 577.969 3.6257e-08 0
28288.7 10 896.151 3.43731e-08 0
28288.7 10 1389.5 3.17107e-08 0
28288.7 10 2154.43 2.82205e-08 0
28288.7 10 3340.48 2.41396e-08 0
28288.7 10 5179.47 1.97988e-08 0
28288.7 10 8030.86 1.54891e-08 0
28288.7 10 12452 1.14402e-08 0
28288.7 10 19307 8.01203e-09 0
28288.7 10 29935.8 5.38898e-09 0
28288.7 10 46415.9 3.51764e-09 0
28288.7 10 71968.6 2.24681e-09 0
28288.7 10 111588 1.40738e-09 0
28288.7 10 173020 8.57829e-10 0
28288.7 10 268270 5.10447e-10 0
28288.7 10 415956 2.91852e-10 0
28288.7 10 644947 1.5539e-10 0
28288.7 10 1e+06 7.34133e-11 0

68977.9 10 1e-06 1.46959e-08 0
68977.9 10 1.55052e-06 1.46959e-08 0
68977.9 10 2.4041e-06 1.46959e-08 0
68977.9 10 3.72759e-06 1.46959e-08 0
68977.9 10 5.77969e-06 1.46959e-08 0
68977.9 10 8.96151e-06 1.46959e-08 0
68977.9 10 1.3895e-05 1.46959e-08 0
68977.9 10 2.15443e-05 1.46959e-08 0
68977.9 10 3.34048e-05 1.46959e-08 0
68977.9 10 5.17947e-05 1.46959e-08 0
68977.9 10 8.03086e-05 1.46959e-08 0
68977.9 10 0.00012452 1.46959e-08 0
68977.9 10 0.00019307 1.46959e-08 0
68977.9 10 0.000299358 1.46959e-08 0
68977.9 10 0.000464159 1.46959e-08 0
68977.9 10 0.000719686 1.46959e-08 0
68977.9 10 0.00111588 1.46959e-08 0
68977.9 10 0.0017302 1.46959e-08 0
68977.9 10 0.0026827 1.46959e-08 0
68977.9 10 0.00415956 1.46959e-08 0
68977.9 10 0.00644947 1.46959e-08 0
68977.9 10 0.01 1.46959e-08 0
68977.9 10 0.0155052 1.46959e-08 0
68977.9 10 0.024041 1.46959e-08 0
68977.9 10 0.0372759 1.46959e-08 0
68977.9 10 0.0577969 1.4696e-08 0
68977.9 10 0.0896151 1.46961e-08 0
68977.9 10 0.13895 1.46963e-08 0
68977.9 10 0.215443 1.46966e-08 0
68977.9 10 0.334048 1.46967e-08 0
68977.9 10 0.517947 1.4696e-08 0
68977.9 10 0.803086 1.46937e-08 0
68977.9 10 1.2452 1.46902e-08 0
68977.9 10 1.9307 1.46873e-08 0
68977.9 10 2.99358 1.4687e-08 0
68977.9 10 4.64159 1.46799e-08 0
68977.9 10 7.19686 1.46641e-08 0
68977.9 10 11.1588 1.46551e-08 0
68977.9 10 17.302 1.46419e-08 0
68977.9 10 26.827 1.4618e-08 0
68977.9 10 41.5956 1.45972e-08 0
68977.9 10 64.4947 1.45669e-08 0
68977.9 10 100 1.45194e-08 0
68977.9 10 155.052 1.44529e-08 0
68977.9 10 240.41 1.43528e-08 0
68977.9 10 372.759 1.41915e-08 0
68977.9 10 577.969 1.39621e-08 0
68977.9 10 896.151 1.36404e-08 0
68977.9 10 1389.5 1.31522e-08 0
68977.9 10 2154.43 1.24449e-08 0
68977.9 10 3340.48 1.15045e-08 0
68977.9 10 5179.47 1.03369e-08 0
68977.9 10 8030.86 8.94923e-09 0
68977.9 10 12452 7.36077e-09 0
68977.9 10 19307 5.71853e-09 0
68977.9 10 29935.8 4.21004e-09 0
68977.9 10 46415.9 2.95528e-09 0
68977.9 10 71968.6 1.99379e-09 0
68977.9 10 111588 1.29817e-09 0
68977.9 10 173020 8.12429e-10 0
68977.9 10 268270 4.91959e-10 0
68977.9 10 415956 2.84473e-10 0
68977.9 10 644947 1.52557e-10 0
68977.9 10 1e+06 7.24229e-11 0

168192 10 1e-06 5.31376e-09 0
168192 10 1.55052e-06 5.31376e-09 0
168192 10 2.4041e-06 5.31376e-09 0
168192 10 3.72759e-06 5.31376e-09 0
168192 10 5.77969e-06 5.31376e-09 0
168192 10 8.96151e-06 5.31376e-09 0
168192 10 1.3895e-05 5.31376e-09 0
168192 10 2.15443e-05 5.31376e-09 0
168192 10 3.34048e-05 5.31376e-09 0
168192 10 5.17947e-05 5.31376e-09 0
168192 10 8.03086e-05 5.31376e-09 0
168192 10 0.00012452 5.31376e-09 0
168192 10 0.00019307 5.31376e-09 0
168192 10 0.000299358 5.31376e-09 0
168192 10 0.000464159 5.31376e-09 0
168192 10 0.000719686 5.31376e-09 0
168192 10 0.00111588 5.31376e-09 0
168192 10 0.0017302 5.31376e-09 0
168192 10 0.0026827 5.31376e-09 0
168192 10 0.00415956 5.31376e-09 0
168192 10 0.00644947 5.31376e-09 0
168192 10 0.01 5.31376e-09 0
168192 10 0.0155052 5.31376e-09 0
168192 10 0.024041 5.31376e-09 0
168192 10 0.0372759 5.31377e-09 0
168192 10 0.0577969 5.31378e-09 0
168192 10 0.0896151 5.3138e-09 0
168192 10 0.13895 5.31383e-09 0
168192 10 0.215443 5.31387e-09 0
168192 10 0.334048 5.3139e-09 0
168192 10 0.517947 5.31379e-09 0
168192 10 0.803086 5.31342e-09 0
168192 10 1.2452 5.31285e-09 0
168192 10 1.9307 5.31239e-09 0
168192 10 2.99358 5.31236e-09 0
168192 10 4.64159 5.31124e-09 0
168192 10 7.19686 5.30871e-09 0
168192 10 11.1588 5.30729e-09 0
168192 10 17.302 5.30523e-09 0
168192 10 26.827 5.30147e-09 0
168192 10 41.5956 5.29826e-09 0
168192 10 64.4947 5.2936e-09 0
168192 10 100 5.28626e-09 0
168192 10 155.052 5.27601e-09 0
168192 10 240.41 5.26048e-09 0
168192 10 372.759 5.23515e-09 0
168192 10 577.969 5.1987e-09 0
168192 10 896.151 5.14671e-09 0
168192 10 1389.5 5.06513e-09 0
168192 10 2154.43 4.94108e-09 0
168192 10 3340.48 4.7648e-09 0
168192 10 5179.47 4.52591e-09 0
168192 10 8030.86 4.20731e-09 0
168192 10 12452 3.78443e-09 0
168192 10 19307 3.26187e-09 0
168192 10 29935.8 2.6776e-09 0
168192 10 46415.9 2.08542e-09 0
168192 10 71968.6 1.54048e-09 0
168192 10 111588 1.07848e-09 0
168192 10 173020 7.12873e-10 0
168192 10 268270 4.48824e-10 0
168192 10 415956 2.66489e-10 0
168192 10 644947 1.45427e-10 0
168192 10 1e+06 6.98506e-11 0

410113 10 1e-06 1.93999e-09 0
410113 10 1.55052e-06 1.93999e-09 0
410113 10 2.4041e-06 1.93999e-09 0
410113 10 3.72759e-06 1.93999e-09 0
410113 10 5.77969e-06 1.93999e-09 0
410113 10 8.96151e-06 1.93999e-09 0
410113 10 1.3895e-05 1.93999e-09 0
410113 10 2.15443e-05 1.93999e-09 0
410113 10 3.34048e-05 1.93999e-09 0
410113 10 5.17947e-05 1.93999e-09 0
410113 10 8.03086e-05 1.93999e-09 0
410113 10 0.00012452 1.93999e-09 0
410113 10 0.00019307 1.93999e-09 0
410113 10 0.000299358 1.93999e-09 0
410113 10 0.000464159 1.93999e-09 0
410113 10 0.000719686 1.93999e-09 0
410113 10 0.00111588 1.93999e-09 0
410113 10 0.0017302 1.93999e-09 0
410113 10 0.0026827 1.93999e-09 0
410113 10 0.00415956 1.93999e-09 0
410113 10 0.00644947 1.93999e-09 0
410113 10 0.01 1.93999e-09 0
410113 10 0.0155052 1.93999e-09 0
410113 10 0.024041 1.93999e-09 0
410113 10 0.0372759 1.93999e-09 0
410113 10 0.0577969 1.93999e-09 0
410113 10 0.0896151 1.93999e-09 0
410113 10 0.13895 1.94e-09 0
410113 10 0.215443 1.94001e-09 0
410113 10 0.334048 1.94001e-09 0
410113 10 0.517947 1.93999e-09 0
410113 10 0.803086 1.93993e-09 0
410113 10 1.2452 1.93984e-09 0
410113 10 1.9307 1.93977e-09 0
410113 10 2.99358 1.93976e-09 0
410113 10 4.64159 1.93958e-09 0
410113 10 7.19686 1.93918e-09 0
410113 10 11.1588 1.93895e-09 0
410113 10 17.302 1.93863e-09 0
410113 10 26.827 1.93803e-09 0
410113 10 41.5956 1.93752e-09 0
410113 10 64.4947 1.93679e-09 0
410113 10 100 1.93564e-09 0
410113 10 155.052 1.93404e-09 0
410113 10 240.41 1.93161e-09 0
410113 10 372.759 1.92761e-09 0
410113 10 577.969 1.92184e-09 0
410113 10 896.151 1.91355e-09 0
410113 10 1389.5 1.90035e-09 0
410113 10 2154.43 1.87983e-09 0
410113 10 3340.48 1.84974e-09 0
410113 10 5179.47 1.80718e-09 0
410113 10 8030.86 1.74683e-09 0
410113 10 12452 1.65945e-09 0
410113 10 19307 1.53788e-09 0
410113 10 29935.8 1.37982e-09 0
410113 10 46415.9 1.18833e-09 0
410113 10 71968.6 9.74061e-10 0
410113 10 111588 7.52441e-10 0
410113 10 173020 5.42403e-10 0
410113 10 268270 3.66154e-10 0
410113 10 415956 2.29013e-10 0
410113 10 644947 1.29656e-10 0
410113 10 1e+06 6.39063e-11 0

1e+06 10 1e-06 6.767e-10 0
1e+06 10 1.55052e-06 6.767e-10 0
1e+06 10 2.4041e-06 6.767e-10 0
1e+06 10 3.72759e-06 6.767e-10 0
1e+06 10 5.77969e-06 6.767e-10 0
1e+06 10 8.96151e-06 6.767e-10 0
1e+06 10 1.3895e-05 6.767e-10 0
1e+06 10 2.15443e-05 6.767e-10 0
1e+06 10 3.34048e-05 6.767e-10 0
1e+06 10 5.17947e-05 6.767e-10 0
1e+06 10 8.03086e-05 6.767e-10 0
1e+06 10 0.00012452 6.767e-10 0
1e+06 10 0.00019307 6.767e-10 0
1e+06 10 0.000299358 6.767e-10 0
1e+06 10 0.000464159 6.767e-10 0
1e+06 10 0.000719686 6.767e-10 0
1e+06 10 0.00111588 6.767e-10 0
1e+06 10 0.0017302 6.767e-10 0
1e+06 10 0.0026827 6.767e-10 0
1e+06 10 0.00415956 6.767e-10 0
1e+06 10 0.00644947 6.767e-10 0
1e+06 10 0.01 6.767e-10 0
1e+06 10 0.0155052 6.767e-10 0
1e+06 10 0.024041 6.76701e-10 0
1e+06 10 0.0372759 6.76701e-10 0
1e+06 10 0.0577969 6.76701e-10 0
1e+06 10 0.0896151 6.76701e-10 0
1e+06 10 0.13895 6.76702e-10 0
1e+06 10 0.215443 6.76704e-10 0
1e+06 10 0.334048 6.76704e-10 0
1e+06 10 0.517947 6.76701e-10 0
1e+06 10 0.803086 6.76692e-10 0
1e+06 10 1.2452 6.76677e-10 0
1e+06 10 1.9307 6.76665e-10 0
1e+06 10 2.99358 6.76665e-10 0
1e+06 10 4.64159 6.76636e-10 0
1e+06 10 7.19686 6.7657e-10 0
1e+06 10 11.1588 6.76534e-10 0
1e+06 10 17.302 6.76482e-10 0
1e+06 10 26.827 6.76386e-10 0
1e+06 10 41.5956 6.76307e-10 0
1e+06 10 64.4947 6.76193e-10 0
1e+06 10 100 6.76011e-10 0
1e+06 10 155.052 6.75759e-10 0
1e+06 10 240.41 6.75377e-10 0
1e+06 10 372.759 6.74747e-10 0
1e+06 10 577.969 6.73836e-10 0
1e+06 10 896.151 6.72528e-10 0
1e+06 10 1389.5 6.70428e-10 0
1e+06 10 2154.43 6.67131e-10 0
1e+06 10 3340.48 6.62235e-10 0
1e+06 10 5179.47 6.55182e-10 0
1e+06 10 8030.86 6.44904e-10 0
1e+06 10 12452 6.29375e-10 0
1e+06 10 19307 6.06391e-10 0
1e+06 10 29935.8 5.73799e-10 0
1e+06 10 46415.9 5.29495e-10 0
1e+06 10 71968.6 4.72149e-10 0
1e+06 10 111588 4.01516e-10 0
1e+06 10 173020 3.20655e-10 0
1e+06 10 268270 2.3856e-10 0
1e+06 10 415956 1.62261e-10 0
1e+06 10 644947 9.81746e-11 0
1e+06 10 1e+06 5.0885e-11 0

