#q_sq i k_sq Re(fg) Im(fg)
1e-06 3 1e-06 -0.83581 0
1e-06 3 1.55052e-06 -0.835809 0
1e-06 3 2.4041e-06 -0.835808 0
1e-06 3 3.72759e-06 -0.835806 0
1e-06 3 5.77969e-06 -0.835804 0
1e-06 3 8.96151e-06 -0.8358 0
1e-06 3 1.3895e-05 -0.835793 0
1e-06 3 2.15443e-05 -0.835784 0
1e-06 3 3.34048e-05 -0.835769 0
1e-06 3 5.17947e-05 -0.835745 0
1e-06 3 8.03086e-05 -0.835709 0
1e-06 3 0.00012452 -0.835652 0
1e-06 3 0.00019307 -0.835565 0
1e-06 3 0.000299358 -0.835429 0
1e-06 3 0.000464159 -0.835219 0
1e-06 3 0.000719686 -0.834893 0
1e-06 3 0.00111588 -0.834388 0
1e-06 3 0.0017302 -0.833606 0
1e-06 3 0.0026827 -0.832394 0
1e-06 3 0.00415956 -0.830519 0
1e-06 3 0.00644947 -0.82762 0
1e-06 3 0.01 -0.823143 0
1e-06 3 0.0155052 -0.81625 0
1e-06 3 0.024041 -0.805673 0
1e-06 3 0.0372759 -0.789539 0
1e-06 3 0.0577969 -0.765163 0
1e-06 3 0.0896151 -0.728863 0
1e-06 3 0.13895 -0.67605 0
1e-06 3 0.215443 -0.602035 0
1e-06 3 0.334048 -0.504156 0
1e-06 3 0.517947 -0.385991 0
1e-06 3 0.803086 -0.262159 0
1e-06 3 1.2452 -0.156539 0
1e-06 3 1.9307 -0.0862157 0
1e-06 3 2.99358 -0.0480524 0
1e-06 3 4.64159 -0.0254819 0
1e-06 3 7.19686 -0.0109769 0
1e-06 3 11.1588 -0.00657463 0
1e-06 3 17.302 -0.00308311 0
1e-06 3 26.827 -0.00154538 0
1e-06 3 41.5956 -0.000961749 0
1e-06 3 64.4947 -0.000599087 0
1e-06 3 100 -0.000366309 0
1e-06 3 155.052 -0.000229708 0
1e-06 3 240.41 -0.000143418 0
1e-06 3 372.759 -8.71263e-05 0
1e-06 3 577.969 -5.37433e-05 0
1e-06 3 896.151 -3.38975e-05 0
1e-06 3 1389.5 -2.09338e-05 0
1e-06 3 2154.43 -1.28185e-05 0
1e-06 3 3340.48 -7.90653e-06 0
1e-06 3 5179.47 -4.92336e-06 0
1e-06 3 8030.86 -3.08531e-06 0
1e-06 3 12452 -1.91884e-06 0
1e-06 3 19307 -1.18845e-06 0
1e-06 3 29935.8 -7.36994e-07 0
1e-06 3 46415.9 -4.57345e-07 0
1e-06 3 71968.6 -2.83863e-07 0
1e-06 3 111588 -1.75501e-07 0
1e-06 3 173020 -1.06422e-07 0
1e-06 3 268270 -6.34416e-08 0
1e-06 3 415956 -3.64458e-08 0
1e-06 3 644947 -1.94933e-08 0
1e-06 3 1e+06 -9.16147e-09 0

2.43835e-06 3 1e-06 -0.83581 0
2.43835e-06 3 1.55052e-06 -0.835809 0
2.43835e-06 3 2.4041e-06 -0.835808 0
2.43835e-06 3 3.72759e-06 -0.835806 0
2.43835e-06 3 5.77969e-06 -0.835804 0
2.43835e-06 3 8.96151e-06 -0.835799 0
2.43835e-06 3 1.3895e-05 -0.835793 0
2.43835e-06 3 2.15443e-05 -0.835783 0
2.43835e-06 3 3.34048e-05 -0.835768 0
2.43835e-06 3 5.17947e-05 -0.835745 0
2.43835e-06 3 8.03086e-05 -0.835708 0
2.43835e-06 3 0.00012452 -0.835652 0
2.43835e-06 3 0.00019307 -0.835565 0
2.43835e-06 3 0.000299358 -0.835429 0
2.43835e-06 3 0.000464159 -0.835219 0
2.43835e-06 3 0.000719686 -0.834893 0
2.43835e-06 3 0.00111588 -0.834388 0
2.43835e-06 3 0.0017302 -0.833606 0
2.43835e-06 3 0.0026827 -0.832394 0
2.43835e-06 3 0.00415956 -0.830519 0
2.43835e-06 3 0.00644947 -0.827619 0
2.43835e-06 3 0.01 -0.823143 0
2.43835e-06 3 0.0155052 -0.81625 0
2.43835e-06 3 0.024041 -0.805673 0
2.43835e-06 3 0.0372759 -0.789539 0
2.43835e-06 3 0.0577969 -0.765163 0
2.43835e-06 3 0.0896151 -0.728862 0
2.43835e-06 3 0.13895 -0.676049 0
2.43835e-06 3 0.215443 -0.602035 0
2.43835e-06 3 0.334048 -0.504156 0
2.43835e-06 3 0.517947 -0.385991 0
2.43835e-06 3 0.803086 -0.262159 0
2.43835e-06 3 1.2452 -0.156539 0
2.43835e-06 3 1.9307 -0.0862157 0
2.43835e-06 3 2.99358 -0.0480524 0
2.43835e-06 3 4.64159 -0.0254819 0
2.43835e-06 3 7.19686 -0.0109769 0
2.43835e-06 3 11.1588 -0.00657463 0
2.43835e-06 3 17.302 -0.00308311 0
2.43835e-06 3 26.827 -0.00154538 0
2.43835e-06 3 41.5956 -0.000961749 0
2.43835e-06 3 64.4947 -0.000599087 0
2.43835e-06 3 100 -0.000366309 0
2.43835e-06 3 155.052 -0.000229708 0
2.43835e-06 3 240.41 -0.000143418 0
2.43835e-06 3 372.759 -8.71263e-05 0
2.43835e-06 3 577.969 -5.37433e-05 0
2.43835e-06 3 896.151 -3.38975e-05 0
2.43835e-06 3 1389.5 -2.09338e-05 0
2.43835e-06 3 2154.43 -1.28185e-05 0
2.43835e-06 3 3340.48 -7.90653e-06 0
2.43835e-06 3 5179.47 -4.92336e-06 0
2.43835e-06 3 8030.86 -3.08531e-06 0
2.43835e-06 3 12452 -1.91884e-06 0
2.43835e-06 3 19307 -1.18845e-06 0
2.43835e-06 3 29935.8 -7.36994e-07 0
2.43835e-06 3 46415.9 -4.57345e-07 0
2.43835e-06 3 71968.6 -2.83863e-07 0
2.43835e-06 3 111588 -1.75501e-07 0
2.43835e-06 3 173020 -1.06422e-07 0
2.43835e-06 3 268270 -6.34416e-08 0
2.43835e-06 3 415956 -3.64458e-08 0
2.43835e-06 3 644947 -1.94933e-08 0
2.43835e-06 3 1e+06 -9.16147e-09 0

5.94557e-06 3 1e-06 -0.835809 0
5.94557e-06 3 1.55052e-06 -0.835808 0
5.94557e-06 3 2.4041e-06 -0.835807 0
5.94557e-06 3 3.72759e-06 -0.835805 0
5.94557e-06 3 5.77969e-06 -0.835803 0
5.94557e-06 3 8.96151e-06 -0.835799 0
5.94557e-06 3 1.3895e-05 -0.835792 0
5.94557e-06 3 2.15443e-05 -0.835783 0
5.94557e-06 3 3.34048e-05 -0.835767 0
5.94557e-06 3 5.17947e-05 -0.835744 0
5.94557e-06 3 8.03086e-05 -0.835708 0
5.94557e-06 3 0.00012452 -0.835651 0
5.94557e-06 3 0.00019307 -0.835564 0
5.94557e-06 3 0.000299358 -0.835428 0
5.94557e-06 3 0.000464159 -0.835218 0
5.94557e-06 3 0.000719686 -0.834892 0
5.94557e-06 3 0.00111588 -0.834387 0
5.94557e-06 3 0.0017302 -0.833605 0
5.94557e-06 3 0.0026827 -0.832393 0
5.94557e-06 3 0.00415956 -0.830518 0
5.94557e-06 3 0.00644947 -0.827619 0
5.94557e-06 3 0.01 -0.823142 0
5.94557e-06 3 0.0155052 -0.816249 0
5.94557e-06 3 0.024041 -0.805672 0
5.94557e-06 3 0.0372759 -0.789538 0
5.94557e-06 3 0.0577969 -0.765162 0
5.94557e-06 3 0.0896151 -0.728862 0
5.94557e-06 3 0.13895 -0.676049 0
5.94557e-06 3 0.215443 -0.602035 0
5.94557e-06 3 0.334048 -0.504156 0
5.94557e-06 3 0.517947 -0.385991 0
5.94557e-06 3 0.803086 -0.262159 0
5.94557e-06 3 1.2452 -0.156539 0
5.94557e-06 3 1.9307 -0.0862157 0
5.94557e-06 3 2.99358 -0.0480524 0
5.94557e-06 3 4.64159 -0.0254819 0
5.94557e-06 3 7.19686 -0.0109769 0
5.94557e-06 3 11.1588 -0.00657463 0
5.94557e-06 3 17.302 -0.00308311 0
5.94557e-06 3 26.827 -0.00154538 0
5.94557e-06 3 41.5956 -0.000961749 0
5.94557e-06 3 64.4947 -0.000599087 0
5.94557e-06 3 100 -0.000366309 0
5.94557e-06 3 155.052 -0.000229708 0
5.94557e-06 3 240.41 -0.000143418 0
5.94557e-06 3 372.759 -8.71263e-05 0
5.94557e-06 3 577.969 -5.37433e-05 0
5.94557e-06 3 896.151 -3.38975e-05 0
5.94557e-06 3 1389.5 -2.09338e-05 0
5.94557e-06 3 2154.43 -1.28185e-05 0
5.94557e-06 3 3340.48 -7.90653e-06 0
5.94557e-06 3 5179.47 -4.92336e-06 0
5.94557e-06 3 8030.86 -3.08531e-06 0
5.94557e-06 3 12452 -1.91884e-06 0
5.94557e-06 3 19307 -1.18845e-06 0
5.94557e-06 3 29935.8 -7.36994e-07 0
5.94557e-06 3 46415.9 -4.57345e-07 0
5.94557e-06 3 71968.6 -2.83863e-07 0
5.94557e-06 3 111588 -1.75501e-07 0
5.94557e-06 3 173020 -1.06422e-07 0
5.94557e-06 3 268270 -6.34416e-08 0
5.94557e-06 3 415956 -3.64458e-08 0
5.94557e-06 3 644947 -1.94933e-08 0
5.94557e-06 3 1e+06 -9.16147e-09 0

1.44974e-05 3 1e-06 -0.835805 0
1.44974e-05 3 1.55052e-06 -0.835805 0
1.44974e-05 3 2.4041e-06 -0.835804 0
1.44974e-05 3 3.72759e-06 -0.835802 0
1.44974e-05 3 5.77969e-06 -0.835799 0
1.44974e-05 3 8.96151e-06 -0.835795 0
1.44974e-05 3 1.3895e-05 -0.835789 0
1.44974e-05 3 2.15443e-05 -0.835779 0
1.44974e-05 3 3.34048e-05 -0.835764 0
1.44974e-05 3 5.17947e-05 -0.835741 0
1.44974e-05 3 8.03086e-05 -0.835704 0
1.44974e-05 3 0.00012452 -0.835648 0
1.44974e-05 3 0.00019307 -0.83556 0
1.44974e-05 3 0.000299358 -0.835425 0
1.44974e-05 3 0.000464159 -0.835215 0
1.44974e-05 3 0.000719686 -0.834889 0
1.44974e-05 3 0.00111588 -0.834384 0
1.44974e-05 3 0.0017302 -0.833602 0
1.44974e-05 3 0.0026827 -0.83239 0
1.44974e-05 3 0.00415956 -0.830515 0
1.44974e-05 3 0.00644947 -0.827615 0
1.44974e-05 3 0.01 -0.823139 0
1.44974e-05 3 0.0155052 -0.816246 0
1.44974e-05 3 0.024041 -0.805669 0
1.44974e-05 3 0.0372759 -0.789535 0
1.44974e-05 3 0.0577969 -0.765159 0
1.44974e-05 3 0.0896151 -0.728859 0
1.44974e-05 3 0.13895 -0.676046 0
1.44974e-05 3 0.215443 -0.602032 0
1.44974e-05 3 0.334048 -0.504154 0
1.44974e-05 3 0.517947 -0.38599 0
1.44974e-05 3 0.803086 -0.262158 0
1.44974e-05 3 1.2452 -0.156539 0
1.44974e-05 3 1.9307 -0.0862157 0
1.44974e-05 3 2.99358 -0.0480524 0
1.44974e-05 3 4.64159 -0.0254819 0
1.44974e-05 3 7.19686 -0.0109769 0
1.44974e-05 3 11.1588 -0.00657462 0
1.44974e-05 3 17.302 -0.00308311 0
1.44974e-05 3 26.827 -0.00154538 0
1.44974e-05 3 41.5956 -0.000961749 0
1.44974e-05 3 64.4947 -0.000599087 0
1.44974e-05 3 100 -0.000366309 0
1.44974e-05 3 155.052 -0.000229708 0
1.44974e-05 3 240.41 -0.000143418 0
1.44974e-05 3 372.759 -8.71263e-05 0
1.44974e-05 3 577.969 -5.37433e-05 0
1.44974e-05 3 896.151 -3.38975e-05 0
1.44974e-05 3 1389.5 -2.09338e-05 0
1.44974e-05 3 2154.43 -1.28185e-05 0
1.44974e-05 3 3340.48 -7.90653e-06 0
1.44974e-05 3 5179.47 -4.92336e-06 0
1.44974e-05 3 8030.86 -3.08531e-06 0
1.44974e-05 3 12452 -1.91884e-06 0
1.44974e-05 3 19307 -1.18845e-06 0
1.44974e-05 3 29935.8 -7.36994e-07 0
1.44974e-05 3 46415.9 -4.57345e-07 0
1.44974e-05 3 71968.6 -2.83863e-07 0
1.44974e-05 3 111588 -1.75501e-07 0
1.44974e-05 3 173020 -1.06422e-07 0
1.44974e-05 3 268270 -6.34416e-08 0
1.44974e-05 3 415956 -3.64458e-08 0
1.44974e-05 3 644947 -1.94933e-08 0
1.44974e-05 3 1e+06 -9.16147e-09 0

3.53498e-05 3 1e-06 -0.835806 0
3.53498e-05 3 1.55052e-06 -0.835805 0
3.53498e-05 3 2.4041e-06 -0.835804 0
3.53498e-05 3 3.72759e-06 -0.835802 0
3.53498e-05 3 5.77969e-06 -0.8358 0
3.53498e-05 3 8.96151e-06 -0.835796 0
3.53498e-05 3 1.3895e-05 -0.835789 0
3.53498e-05 3 2.15443e-05 -0.83578 0
3.53498e-05 3 3.34048e-05 -0.835764 0
3.53498e-05 3 5.17947e-05 -0.835741 0
3.53498e-05 3 8.03086e-05 -0.835705 0
3.53498e-05 3 0.00012452 -0.835648 0
3.53498e-05 3 0.00019307 -0.835561 0
3.53498e-05 3 0.000299358 -0.835425 0
3.53498e-05 3 0.000464159 -0.835215 0
3.53498e-05 3 0.000719686 -0.834889 0
3.53498e-05 3 0.00111588 -0.834384 0
3.53498e-05 3 0.0017302 -0.833602 0
3.53498e-05 3 0.0026827 -0.83239 0
3.53498e-05 3 0.00415956 -0.830515 0
3.53498e-05 3 0.00644947 -0.827616 0
3.53498e-05 3 0.01 -0.823139 0
3.53498e-05 3 0.0155052 -0.816246 0
3.53498e-05 3 0.024041 -0.805669 0
3.53498e-05 3 0.0372759 -0.789536 0
3.53498e-05 3 0.0577969 -0.765159 0
3.53498e-05 3 0.0896151 -0.728859 0
3.53498e-05 3 0.13895 -0.676046 0
3.53498e-05 3 0.215443 -0.602033 0
3.53498e-05 3 0.334048 -0.504155 0
3.53498e-05 3 0.517947 -0.38599 0
3.53498e-05 3 0.803086 -0.262159 0
3.53498e-05 3 1.2452 -0.156539 0
3.53498e-05 3 1.9307 -0.0862156 0
3.53498e-05 3 2.99358 -0.0480523 0
3.53498e-05 3 4.64159 -0.0254818 0
3.53498e-05 3 7.19686 -0.0109769 0
3.53498e-05 3 11.1588 -0.00657462 0
3.53498e-05 3 17.302 -0.00308311 0
3.53498e-05 3 26.827 -0.00154538 0
3.53498e-05 3 41.5956 -0.000961749 0
3.53498e-05 3 64.4947 -0.000599087 0
3.53498e-05 3 100 -0.000366309 0
3.53498e-05 3 155.052 -0.000229708 0
3.53498e-05 3 240.41 -0.000143418 0
3.53498e-05 3 372.759 -8.71263e-05 0
3.53498e-05 3 577.969 -5.37433e-05 0
3.53498e-05 3 896.151 -3.38975e-05 0
3.53498e-05 3 1389.5 -2.09338e-05 0
3.53498e-05 3 2154.43 -1.28185e-05 0
3.53498e-05 3 3340.48 -7.90653e-06 0
3.53498e-05 3 5179.47 -4.92336e-06 0
3.53498e-05 3 8030.86 -3.08531e-06 0
3.53498e-05 3 12452 -1.91884e-06 0
3.53498e-05 3 19307 -1.18845e-06 0
3.53498e-05 3 29935.8 -7.36994e-07 0
3.53498e-05 3 46415.9 -4.57345e-07 0
3.53498e-05 3 71968.6 -2.83863e-07 0
3.53498e-05 3 111588 -1.75501e-07 0
3.53498e-05 3 173020 -1.06422e-07 0
3.53498e-05 3 268270 -6.34416e-08 0
3.53498e-05 3 415956 -3.64458e-08 0
3.53498e-05 3 644947 -1.94933e-08 0
3.53498e-05 3 1e+06 -9.16147e-09 0

8.61954e-05 3 1e-06 -0.835806 0
8.61954e-05 3 1.55052e-06 -0.835805 0
8.61954e-05 3 2.4041e-06 -0.835804 0
8.61954e-05 3 3.72759e-06 -0.835802 0
8.61954e-05 3 5.77969e-06 -0.8358 0
8.61954e-05 3 8.96151e-06 -0.835795 0
8.61954e-05 3 1.3895e-05 -0.835789 0
8.61954e-05 3 2.15443e-05 -0.835779 0
8.61954e-05 3 3.34048e-05 -0.835764 0
8.61954e-05 3 5.17947e-05 -0.835741 0
8.61954e-05 3 8.03086e-05 -0.835704 0
8.61954e-05 3 0.00012452 -0.835648 0
8.61954e-05 3 0.00019307 -0.835561 0
8.61954e-05 3 0.000299358 -0.835425 0
8.61954e-05 3 0.000464159 -0.835215 0
8.61954e-05 3 0.000719686 -0.834889 0
8.61954e-05 3 0.00111588 -0.834384 0
8.61954e-05 3 0.0017302 -0.833602 0
8.61954e-05 3 0.0026827 -0.83239 0
8.61954e-05 3 0.00415956 -0.830515 0
8.61954e-05 3 0.00644947 -0.827615 0
8.61954e-05 3 0.01 -0.823139 0
8.61954e-05 3 0.0155052 -0.816246 0
8.61954e-05 3 0.024041 -0.805669 0
8.61954e-05 3 0.0372759 -0.789535 0
8.61954e-05 3 0.0577969 -0.765159 0
8.61954e-05 3 0.0896151 -0.728859 0
8.61954e-05 3 0.13895 -0.676046 0
8.61954e-05 3 0.215443 -0.602033 0
8.61954e-05 3 0.334048 -0.504154 0
8.61954e-05 3 0.517947 -0.38599 0
8.61954e-05 3 0.803086 -0.262159 0
8.61954e-05 3 1.2452 -0.156539 0
8.61954e-05 3 1.9307 -0.0862154 0
8.61954e-05 3 2.99358 -0.0480521 0
8.61954e-05 3 4.64159 -0.0254818 0
8.61954e-05 3 7.19686 -0.0109769 0
8.61954e-05 3 11.1588 -0.00657461 0
8.61954e-05 3 17.302 -0.00308311 0
8.61954e-05 3 26.827 -0.00154538 0
8.61954e-05 3 41.5956 -0.000961748 0
8.61954e-05 3 64.4947 -0.000599087 0
8.61954e-05 3 100 -0.000366309 0
8.61954e-05 3 155.052 -0.000229708 0
8.61954e-05 3 240.41 -0.000143418 0
8.61954e-05 3 372.759 -8.71263e-05 0
8.61954e-05 3 577.969 -5.37433e-05 0
8.61954e-05 3 896.151 -3.38975e-05 0
8.61954e-05 3 1389.5 -2.09338e-05 0
8.61954e-05 3 2154.43 -1.28185e-05 0
8.61954e-05 3 3340.48 -7.90653e-06 0
8.61954e-05 3 5179.47 -4.92336e-06 0
8.61954e-05 3 8030.86 -3.08531e-06 0
8.61954e-05 3 12452 -1.91884e-06 0
8.61954e-05 3 19307 -1.18845e-06 0
8.61954e-05 3 29935.8 -7.36994e-07 0
8.61954e-05 3 46415.9 -4.57345e-07 0
8.61954e-05 3 71968.6 -2.83863e-07 0
8.61954e-05 3 111588 -1.75501e-07 0
8.61954e-05 3 173020 -1.06422e-07 0
8.61954e-05 3 268270 -6.34416e-08 0
8.61954e-05 3 415956 -3.64458e-08 0
8.61954e-05 3 644947 -1.94933e-08 0
8.61954e-05 3 1e+06 -9.16147e-09 0

0.000210175 3 1e-06 -0.835793 0
0.000210175 3 1.55052e-06 -0.835792 0
0.000210175 3 2.4041e-06 -0.835791 0
0.000210175 3 3.72759e-06 -0.83579 0
0.000210175 3 5.77969e-06 -0.835787 0
0.000210175 3 8.96151e-06 -0.835783 0
0.000210175 3 1.3895e-05 -0.835777 0
0.000210175 3 2.15443e-05 -0.835767 0
0.000210175 3 3.34048e-05 -0.835752 0
0.000210175 3 5.17947e-05 -0.835728 0
0.000210175 3 8.03086e-05 -0.835692 0
0.000210175 3 0.00012452 -0.835635 0
0.000210175 3 0.00019307 -0.835548 0
0.000210175 3 0.000299358 -0.835412 0
0.000210175 3 0.000464159 -0.835202 0
0.000210175 3 0.000719686 -0.834876 0
0.000210175 3 0.00111588 -0.834371 0
0.000210175 3 0.0017302 -0.833589 0
0.000210175 3 0.0026827 -0.832378 0
0.000210175 3 0.00415956 -0.830502 0
0.000210175 3 0.00644947 -0.827603 0
0.000210175 3 0.01 -0.823127 0
0.000210175 3 0.0155052 -0.816234 0
0.000210175 3 0.024041 -0.805657 0
0.000210175 3 0.0372759 -0.789524 0
0.000210175 3 0.0577969 -0.765148 0
0.000210175 3 0.0896151 -0.728848 0
0.000210175 3 0.13895 -0.676037 0
0.000210175 3 0.215443 -0.602024 0
0.000210175 3 0.334048 -0.504148 0
0.000210175 3 0.517947 -0.385985 0
0.000210175 3 0.803086 -0.262155 0
0.000210175 3 1.2452 -0.156537 0
0.000210175 3 1.9307 -0.0862145 0
0.000210175 3 2.99358 -0.0480517 0
0.000210175 3 4.64159 -0.0254816 0
0.000210175 3 7.19686 -0.0109768 0
0.000210175 3 11.1588 -0.00657459 0
0.000210175 3 17.302 -0.0030831 0
0.000210175 3 26.827 -0.00154538 0
0.000210175 3 41.5956 -0.000961747 0
0.000210175 3 64.4947 -0.000599086 0
0.000210175 3 100 -0.000366308 0
0.000210175 3 155.052 -0.000229708 0
0.000210175 3 240.41 -0.000143418 0
0.000210175 3 372.759 -8.71263e-05 0
0.000210175 3 577.969 -5.37433e-05 0
0.000210175 3 896.151 -3.38975e-05 0
0.000210175 3 1389.5 -2.09338e-05 0
0.000210175 3 2154.43 -1.28185e-05 0
0.000210175 3 3340.48 -7.90653e-06 0
0.000210175 3 5179.47 -4.92336e-06 0
0.000210175 3 8030.86 -3.08531e-06 0
0.000210175 3 12452 -1.91884e-06 0
0.000210175 3 19307 -1.18845e-06 0
0.000210175 3 29935.8 -7.36994e-07 0
0.000210175 3 46415.9 -4.57345e-07 0
0.000210175 3 71968.6 -2.83863e-07 0
0.000210175 3 111588 -1.75501e-07 0
0.000210175 3 173020 -1.06422e-07 0
0.000210175 3 268270 -6.34416e-08 0
0.000210175 3 415956 -3.64458e-08 0
0.000210175 3 644947 -1.94933e-08 0
0.000210175 3 1e+06 -9.16147e-09 0

0.000512481 3 1e-06 -0.835761 0
0.000512481 3 1.55052e-06 -0.83576 0
0.000512481 3 2.4041e-06 -0.835759 0
0.000512481 3 3.72759e-06 -0.835757 0
0.000512481 3 5.77969e-06 -0.835755 0
0.000512481 3 8.96151e-06 -0.835751 0
0.000512481 3 1.3895e-05 -0.835744 0
0.000512481 3 2.15443e-05 -0.835734 0
0.000512481 3 3.34048e-05 -0.835719 0
0.000512481 3 5.17947e-05 -0.835696 0
0.000512481 3 8.03086e-05 -0.835659 0
0.000512481 3 0.00012452 -0.835603 0
0.000512481 3 0.00019307 -0.835516 0
0.000512481 3 0.000299358 -0.83538 0
0.000512481 3 0.000464159 -0.83517 0
0.000512481 3 0.000719686 -0.834844 0
0.000512481 3 0.00111588 -0.834339 0
0.000512481 3 0.0017302 -0.833557 0
0.000512481 3 0.0026827 -0.832345 0
0.000512481 3 0.00415956 -0.83047 0
0.000512481 3 0.00644947 -0.827571 0
0.000512481 3 0.01 -0.823095 0
0.000512481 3 0.0155052 -0.816202 0
0.000512481 3 0.024041 -0.805626 0
0.000512481 3 0.0372759 -0.789494 0
0.000512481 3 0.0577969 -0.765119 0
0.000512481 3 0.0896151 -0.728821 0
0.000512481 3 0.13895 -0.676011 0
0.000512481 3 0.215443 -0.602002 0
0.000512481 3 0.334048 -0.504129 0
0.000512481 3 0.517947 -0.385971 0
0.000512481 3 0.803086 -0.262147 0
0.000512481 3 1.2452 -0.156533 0
0.000512481 3 1.9307 -0.0862123 0
0.000512481 3 2.99358 -0.0480507 0
0.000512481 3 4.64159 -0.0254812 0
0.000512481 3 7.19686 -0.0109767 0
0.000512481 3 11.1588 -0.00657453 0
0.000512481 3 17.302 -0.00308308 0
0.000512481 3 26.827 -0.00154537 0
0.000512481 3 41.5956 -0.000961744 0
0.000512481 3 64.4947 -0.000599085 0
0.000512481 3 100 -0.000366308 0
0.000512481 3 155.052 -0.000229708 0
0.000512481 3 240.41 -0.000143418 0
0.000512481 3 372.759 -8.71262e-05 0
0.000512481 3 577.969 -5.37433e-05 0
0.000512481 3 896.151 -3.38975e-05 0
0.000512481 3 1389.5 -2.09338e-05 0
0.000512481 3 2154.43 -1.28185e-05 0
0.000512481 3 3340.48 -7.90653e-06 0
0.000512481 3 5179.47 -4.92336e-06 0
0.000512481 3 8030.86 -3.08531e-06 0
0.000512481 3 12452 -1.91884e-06 0
0.000512481 3 19307 -1.18845e-06 0
0.000512481 3 29935.8 -7.36994e-07 0
0.000512481 3 46415.9 -4.57345e-07 0
0.000512481 3 71968.6 -2.83863e-07 0
0.000512481 3 111588 -1.75501e-07 0
0.000512481 3 173020 -1.06422e-07 0
0.000512481 3 268270 -6.34416e-08 0
0.000512481 3 415956 -3.64458e-08 0
0.000512481 3 644947 -1.94933e-08 0
0.000512481 3 1e+06 -9.16147e-09 0

0.00124961 3 1e-06 -0.835683 0
0.00124961 3 1.55052e-06 -0.835683 0
0.00124961 3 2.4041e-06 -0.835682 0
0.00124961 3 3.72759e-06 -0.83568 0
0.00124961 3 5.77969e-06 -0.835677 0
0.00124961 3 8.96151e-06 -0.835673 0
0.00124961 3 1.3895e-05 -0.835667 0
0.00124961 3 2.15443e-05 -0.835657 0
0.00124961 3 3.34048e-05 -0.835642 0
0.00124961 3 5.17947e-05 -0.835619 0
0.00124961 3 8.03086e-05 -0.835582 0
0.00124961 3 0.00012452 -0.835526 0
0.00124961 3 0.00019307 -0.835438 0
0.00124961 3 0.000299358 -0.835303 0
0.00124961 3 0.000464159 -0.835093 0
0.00124961 3 0.000719686 -0.834767 0
0.00124961 3 0.00111588 -0.834262 0
0.00124961 3 0.0017302 -0.83348 0
0.00124961 3 0.0026827 -0.832268 0
0.00124961 3 0.00415956 -0.830394 0
0.00124961 3 0.00644947 -0.827495 0
0.00124961 3 0.01 -0.823019 0
0.00124961 3 0.0155052 -0.816127 0
0.00124961 3 0.024041 -0.805551 0
0.00124961 3 0.0372759 -0.789421 0
0.00124961 3 0.0577969 -0.765048 0
0.00124961 3 0.0896151 -0.728754 0
0.00124961 3 0.13895 -0.67595 0
0.00124961 3 0.215443 -0.601949 0
0.00124961 3 0.334048 -0.504087 0
0.00124961 3 0.517947 -0.385941 0
0.00124961 3 0.803086 -0.262129 0
0.00124961 3 1.2452 -0.156523 0
0.00124961 3 1.9307 -0.0862074 0
0.00124961 3 2.99358 -0.0480483 0
0.00124961 3 4.64159 -0.0254802 0
0.00124961 3 7.19686 -0.0109764 0
0.00124961 3 11.1588 -0.00657439 0
0.00124961 3 17.302 -0.00308304 0
0.00124961 3 26.827 -0.00154535 0
0.00124961 3 41.5956 -0.000961737 0
0.00124961 3 64.4947 -0.000599081 0
0.00124961 3 100 -0.000366306 0
0.00124961 3 155.052 -0.000229707 0
0.00124961 3 240.41 -0.000143418 0
0.00124961 3 372.759 -8.71261e-05 0
0.00124961 3 577.969 -5.37432e-05 0
0.00124961 3 896.151 -3.38975e-05 0
0.00124961 3 1389.5 -2.09338e-05 0
0.00124961 3 2154.43 -1.28185e-05 0
0.00124961 3 3340.48 -7.90652e-06 0
0.00124961 3 5179.47 -4.92336e-06 0
0.00124961 3 8030.86 -3.08531e-06 0
0.00124961 3 12452 -1.91884e-06 0
0.00124961 3 19307 -1.18844e-06 0
0.00124961 3 29935.8 -7.36994e-07 0
0.00124961 3 46415.9 -4.57345e-07 0
0.00124961 3 71968.6 -2.83863e-07 0
0.00124961 3 111588 -1.75501e-07 0
0.00124961 3 173020 -1.06422e-07 0
0.00124961 3 268270 -6.34416e-08 0
0.00124961 3 415956 -3.64458e-08 0
0.00124961 3 644947 -1.94933e-08 0
0.00124961 3 1e+06 -9.16147e-09 0

0.00304699 3 1e-06 -0.835462 0
0.00304699 3 1.55052e-06 -0.835461 0
0.00304699 3 2.4041e-06 -0.83546 0
0.00304699 3 3.72759e-06 -0.835459 0
0.00304699 3 5.77969e-06 -0.835456 0
0.00304699 3 8.96151e-06 -0.835452 0
0.00304699 3 1.3895e-05 -0.835446 0
0.00304699 3 2.15443e-05 -0.835436 0
0.00304699 3 3.34048e-05 -0.835421 0
0.00304699 3 5.17947e-05 -0.835397 0
0.00304699 3 8.03086e-05 -0.835361 0
0.00304699 3 0.00012452 -0.835305 0
0.00304699 3 0.00019307 -0.835217 0
0.00304699 3 0.000299358 -0.835082 0
0.00304699 3 0.000464159 -0.834871 0
0.00304699 3 0.000719686 -0.834546 0
0.00304699 3 0.00111588 -0.834041 0
0.00304699 3 0.0017302 -0.833259 0
0.00304699 3 0.0026827 -0.832048 0
0.00304699 3 0.00415956 -0.830174 0
0.00304699 3 0.00644947 -0.827275 0
0.00304699 3 0.01 -0.822801 0
0.00304699 3 0.0155052 -0.815911 0
0.00304699 3 0.024041 -0.805338 0
0.00304699 3 0.0372759 -0.789212 0
0.00304699 3 0.0577969 -0.764847 0
0.00304699 3 0.0896151 -0.728564 0
0.00304699 3 0.13895 -0.675776 0
0.00304699 3 0.215443 -0.601799 0
0.00304699 3 0.334048 -0.503969 0
0.00304699 3 0.517947 -0.385861 0
0.00304699 3 0.803086 -0.262082 0
0.00304699 3 1.2452 -0.1565 0
0.00304699 3 1.9307 -0.0861957 0
0.00304699 3 2.99358 -0.0480426 0
0.00304699 3 4.64159 -0.0254778 0
0.00304699 3 7.19686 -0.0109756 0
0.00304699 3 11.1588 -0.00657404 0
0.00304699 3 17.302 -0.00308293 0
0.00304699 3 26.827 -0.00154532 0
0.00304699 3 41.5956 -0.000961719 0
0.00304699 3 64.4947 -0.000599073 0
0.00304699 3 100 -0.000366303 0
0.00304699 3 155.052 -0.000229706 0
0.00304699 3 240.41 -0.000143417 0
0.00304699 3 372.759 -8.71258e-05 0
0.00304699 3 577.969 -5.37431e-05 0
0.00304699 3 896.151 -3.38974e-05 0
0.00304699 3 1389.5 -2.09338e-05 0
0.00304699 3 2154.43 -1.28185e-05 0
0.00304699 3 3340.48 -7.90652e-06 0
0.00304699 3 5179.47 -4.92336e-06 0
0.00304699 3 8030.86 -3.08531e-06 0
0.00304699 3 12452 -1.91884e-06 0
0.00304699 3 19307 -1.18844e-06 0
0.00304699 3 29935.8 -7.36994e-07 0
0.00304699 3 46415.9 -4.57345e-07 0
0.00304699 3 71968.6 -2.83863e-07 0
0.00304699 3 111588 -1.75501e-07 0
0.00304699 3 173020 -1.06422e-07 0
0.00304699 3 268270 -6.34416e-08 0
0.00304699 3 415956 -3.64458e-08 0
0.00304699 3 644947 -1.94933e-08 0
0.00304699 3 1e+06 -9.16147e-09 0

0.00742964 3 1e-06 -0.834893 0
0.00742964 3 1.55052e-06 -0.834892 0
0.00742964 3 2.4041e-06 -0.834891 0
0.00742964 3 3.72759e-06 -0.83489 0
0.00742964 3 5.77969e-06 -0.834887 0
0.00742964 3 8.96151e-06 -0.834883 0
0.00742964 3 1.3895e-05 -0.834877 0
0.00742964 3 2.15443e-05 -0.834867 0
0.00742964 3 3.34048e-05 -0.834852 0
0.00742964 3 5.17947e-05 -0.834828 0
0.00742964 3 8.03086e-05 -0.834792 0
0.00742964 3 0.00012452 -0.834736 0
0.00742964 3 0.00019307 -0.834648 0
0.00742964 3 0.000299358 -0.834513 0
0.00742964 3 0.000464159 -0.834303 0
0.00742964 3 0.000719686 -0.833977 0
0.00742964 3 0.00111588 -0.833473 0
0.00742964 3 0.0017302 -0.832692 0
0.00742964 3 0.0026827 -0.831481 0
0.00742964 3 0.00415956 -0.829608 0
0.00742964 3 0.00644947 -0.826712 0
0.00742964 3 0.01 -0.822241 0
0.00742964 3 0.0155052 -0.815356 0
0.00742964 3 0.024041 -0.804791 0
0.00742964 3 0.0372759 -0.788677 0
0.00742964 3 0.0577969 -0.76433 0
0.00742964 3 0.0896151 -0.728075 0
0.00742964 3 0.13895 -0.675331 0
0.00742964 3 0.215443 -0.601415 0
0.00742964 3 0.334048 -0.503668 0
0.00742964 3 0.517947 -0.385655 0
0.00742964 3 0.803086 -0.261965 0
0.00742964 3 1.2452 -0.156441 0
0.00742964 3 1.9307 -0.0861669 0
0.00742964 3 2.99358 -0.0480284 0
0.00742964 3 4.64159 -0.0254719 0
0.00742964 3 7.19686 -0.0109738 0
0.00742964 3 11.1588 -0.00657319 0
0.00742964 3 17.302 -0.00308267 0
0.00742964 3 26.827 -0.00154522 0
0.00742964 3 41.5956 -0.000961675 0
0.00742964 3 64.4947 -0.000599053 0
0.00742964 3 100 -0.000366294 0
0.00742964 3 155.052 -0.000229702 0
0.00742964 3 240.41 -0.000143415 0
0.00742964 3 372.759 -8.71251e-05 0
0.00742964 3 577.969 -5.37428e-05 0
0.00742964 3 896.151 -3.38973e-05 0
0.00742964 3 1389.5 -2.09337e-05 0
0.00742964 3 2154.43 -1.28184e-05 0
0.00742964 3 3340.48 -7.90651e-06 0
0.00742964 3 5179.47 -4.92336e-06 0
0.00742964 3 8030.86 -3.08531e-06 0
0.00742964 3 12452 -1.91884e-06 0
0.00742964 3 19307 -1.18844e-06 0
0.00742964 3 29935.8 -7.36994e-07 0
0.00742964 3 46415.9 -4.57345e-07 0
0.00742964 3 71968.6 -2.83863e-07 0
0.00742964 3 111588 -1.75501e-07 0
0.00742964 3 173020 -1.06422e-07 0
0.00742964 3 268270 -6.34416e-08 0
0.00742964 3 415956 -3.64458e-08 0
0.00742964 3 644947 -1.94933e-08 0
0.00742964 3 1e+06 -9.16147e-09 0

0.0181161 3 1e-06 -0.833478 0
0.0181161 3 1.55052e-06 -0.833478 0
0.0181161 3 2.4041e-06 -0.833477 0
0.0181161 3 3.72759e-06 -0.833475 0
0.0181161 3 5.77969e-06 -0.833472 0
0.0181161 3 8.96151e-06 -0.833468 0
0.0181161 3 1.3895e-05 -0.833462 0
0.0181161 3 2.15443e-05 -0.833452 0
0.0181161 3 3.34048e-05 -0.833437 0
0.0181161 3 5.17947e-05 -0.833414 0
0.0181161 3 8.03086e-05 -0.833377 0
0.0181161 3 0.00012452 -0.833321 0
0.0181161 3 0.00019307 -0.833234 0
0.0181161 3 0.000299358 -0.833099 0
0.0181161 3 0.000464159 -0.832889 0
0.0181161 3 0.000719686 -0.832564 0
0.0181161 3 0.00111588 -0.832061 0
0.0181161 3 0.0017302 -0.831281 0
0.0181161 3 0.0026827 -0.830073 0
0.0181161 3 0.00415956 -0.828203 0
0.0181161 3 0.00644947 -0.825312 0
0.0181161 3 0.01 -0.820849 0
0.0181161 3 0.0155052 -0.813975 0
0.0181161 3 0.024041 -0.80343 0
0.0181161 3 0.0372759 -0.787345 0
0.0181161 3 0.0577969 -0.763044 0
0.0181161 3 0.0896151 -0.726859 0
0.0181161 3 0.13895 -0.674221 0
0.0181161 3 0.215443 -0.600458 0
0.0181161 3 0.334048 -0.502916 0
0.0181161 3 0.517947 -0.385141 0
0.0181161 3 0.803086 -0.261671 0
0.0181161 3 1.2452 -0.156296 0
0.0181161 3 1.9307 -0.086096 0
0.0181161 3 2.99358 -0.047994 0
0.0181161 3 4.64159 -0.0254575 0
0.0181161 3 7.19686 -0.0109692 0
0.0181161 3 11.1588 -0.00657113 0
0.0181161 3 17.302 -0.00308203 0
0.0181161 3 26.827 -0.00154498 0
0.0181161 3 41.5956 -0.000961567 0
0.0181161 3 64.4947 -0.000599005 0
0.0181161 3 100 -0.000366272 0
0.0181161 3 155.052 -0.000229692 0
0.0181161 3 240.41 -0.000143411 0
0.0181161 3 372.759 -8.71233e-05 0
0.0181161 3 577.969 -5.3742e-05 0
0.0181161 3 896.151 -3.38969e-05 0
0.0181161 3 1389.5 -2.09336e-05 0
0.0181161 3 2154.43 -1.28184e-05 0
0.0181161 3 3340.48 -7.90648e-06 0
0.0181161 3 5179.47 -4.92335e-06 0
0.0181161 3 8030.86 -3.0853e-06 0
0.0181161 3 12452 -1.91883e-06 0
0.0181161 3 19307 -1.18844e-06 0
0.0181161 3 29935.8 -7.36993e-07 0
0.0181161 3 46415.9 -4.57344e-07 0
0.0181161 3 71968.6 -2.83863e-07 0
0.0181161 3 111588 -1.75501e-07 0
0.0181161 3 173020 -1.06422e-07 0
0.0181161 3 268270 -6.34416e-08 0
0.0181161 3 415956 -3.64458e-08 0
0.0181161 3 644947 -1.94933e-08 0
0.0181161 3 1e+06 -9.16147e-09 0

0.0441734 3 1e-06 -0.829922 0
0.0441734 3 1.55052e-06 -0.829921 0
0.0441734 3 2.4041e-06 -0.82992 0
0.0441734 3 3.72759e-06 -0.829918 0
0.0441734 3 5.77969e-06 -0.829916 0
0.0441734 3 8.96151e-06 -0.829912 0
0.0441734 3 1.3895e-05 -0.829905 0
0.0441734 3 2.15443e-05 -0.829896 0
0.0441734 3 3.34048e-05 -0.829881 0
0.0441734 3 5.17947e-05 -0.829857 0
0.0441734 3 8.03086e-05 -0.829821 0
0.0441734 3 0.00012452 -0.829765 0
0.0441734 3 0.00019307 -0.829679 0
0.0441734 3 0.000299358 -0.829544 0
0.0441734 3 0.000464159 -0.829335 0
0.0441734 3 0.000719686 -0.829012 0
0.0441734 3 0.00111588 -0.828511 0
0.0441734 3 0.0017302 -0.827734 0
0.0441734 3 0.0026827 -0.826531 0
0.0441734 3 0.00415956 -0.82467 0
0.0441734 3 0.00644947 -0.821792 0
0.0441734 3 0.01 -0.817348 0
0.0441734 3 0.0155052 -0.810506 0
0.0441734 3 0.024041 -0.800009 0
0.0441734 3 0.0372759 -0.783999 0
0.0441734 3 0.0577969 -0.759814 0
0.0441734 3 0.0896151 -0.723807 0
0.0441734 3 0.13895 -0.671436 0
0.0441734 3 0.215443 -0.598059 0
0.0441734 3 0.334048 -0.50103 0
0.0441734 3 0.517947 -0.383853 0
0.0441734 3 0.803086 -0.260937 0
0.0441734 3 1.2452 -0.155936 0
0.0441734 3 1.9307 -0.0859226 0
0.0441734 3 2.99358 -0.0479101 0
0.0441734 3 4.64159 -0.0254225 0
0.0441734 3 7.19686 -0.010958 0
0.0441734 3 11.1588 -0.00656609 0
0.0441734 3 17.302 -0.00308046 0
0.0441734 3 26.827 -0.0015444 0
0.0441734 3 41.5956 -0.000961303 0
0.0441734 3 64.4947 -0.000598886 0
0.0441734 3 100 -0.00036622 0
0.0441734 3 155.052 -0.000229669 0
0.0441734 3 240.41 -0.000143401 0
0.0441734 3 372.759 -8.71189e-05 0
0.0441734 3 577.969 -5.37401e-05 0
0.0441734 3 896.151 -3.38961e-05 0
0.0441734 3 1389.5 -2.09333e-05 0
0.0441734 3 2154.43 -1.28182e-05 0
0.0441734 3 3340.48 -7.90642e-06 0
0.0441734 3 5179.47 -4.92332e-06 0
0.0441734 3 8030.86 -3.08529e-06 0
0.0441734 3 12452 -1.91883e-06 0
0.0441734 3 19307 -1.18844e-06 0
0.0441734 3 29935.8 -7.36993e-07 0
0.0441734 3 46415.9 -4.57344e-07 0
0.0441734 3 71968.6 -2.83863e-07 0
0.0441734 3 111588 -1.75501e-07 0
0.0441734 3 173020 -1.06422e-07 0
0.0441734 3 268270 -6.34416e-08 0
0.0441734 3 415956 -3.64458e-08 0
0.0441734 3 644947 -1.94933e-08 0
0.0441734 3 1e+06 -9.16147e-09 0

0.107711 3 1e-06 -0.820825 0
0.107711 3 1.55052e-06 -0.820824 0
0.107711 3 2.4041e-06 -0.820823 0
0.107711 3 3.72759e-06 -0.820822 0
0.107711 3 5.77969e-06 -0.820819 0
0.107711 3 8.96151e-06 -0.820815 0
0.107711 3 1.3895e-05 -0.820809 0
0.107711 3 2.15443e-05 -0.820799 0
0.107711 3 3.34048e-05 -0.820785 0
0.107711 3 5.17947e-05 -0.820762 0
0.107711 3 8.03086e-05 -0.820726 0
0.107711 3 0.00012452 -0.820671 0
0.107711 3 0.00019307 -0.820585 0
0.107711 3 0.000299358 -0.820452 0
0.107711 3 0.000464159 -0.820245 0
0.107711 3 0.000719686 -0.819926 0
0.107711 3 0.00111588 -0.81943 0
0.107711 3 0.0017302 -0.818663 0
0.107711 3 0.0026827 -0.817474 0
0.107711 3 0.00415956 -0.815634 0
0.107711 3 0.00644947 -0.812789 0
0.107711 3 0.01 -0.808398 0
0.107711 3 0.0155052 -0.801636 0
0.107711 3 0.024041 -0.791264 0
0.107711 3 0.0372759 -0.775448 0
0.107711 3 0.0577969 -0.751561 0
0.107711 3 0.0896151 -0.716011 0
0.107711 3 0.13895 -0.664326 0
0.107711 3 0.215443 -0.591935 0
0.107711 3 0.334048 -0.49622 0
0.107711 3 0.517947 -0.380567 0
0.107711 3 0.803086 -0.259069 0
0.107711 3 1.2452 -0.15503 0
0.107711 3 1.9307 -0.0854962 0
0.107711 3 2.99358 -0.0477063 0
0.107711 3 4.64159 -0.0253372 0
0.107711 3 7.19686 -0.0109308 0
0.107711 3 11.1588 -0.00655379 0
0.107711 3 17.302 -0.00307664 0
0.107711 3 26.827 -0.00154299 0
0.107711 3 41.5956 -0.000960659 0
0.107711 3 64.4947 -0.000598596 0
0.107711 3 100 -0.000366092 0
0.107711 3 155.052 -0.000229612 0
0.107711 3 240.41 -0.000143376 0
0.107711 3 372.759 -8.71082e-05 0
0.107711 3 577.969 -5.37355e-05 0
0.107711 3 896.151 -3.38941e-05 0
0.107711 3 1389.5 -2.09324e-05 0
0.107711 3 2154.43 -1.28179e-05 0
0.107711 3 3340.48 -7.90627e-06 0
0.107711 3 5179.47 -4.92325e-06 0
0.107711 3 8030.86 -3.08526e-06 0
0.107711 3 12452 -1.91882e-06 0
0.107711 3 19307 -1.18844e-06 0
0.107711 3 29935.8 -7.3699e-07 0
0.107711 3 46415.9 -4.57343e-07 0
0.107711 3 71968.6 -2.83863e-07 0
0.107711 3 111588 -1.75501e-07 0
0.107711 3 173020 -1.06422e-07 0
0.107711 3 268270 -6.34416e-08 0
0.107711 3 415956 -3.64458e-08 0
0.107711 3 644947 -1.94933e-08 0
0.107711 3 1e+06 -9.16147e-09 0

0.262636 3 1e-06 -0.796391 0
0.262636 3 1.55052e-06 -0.79639 0
0.262636 3 2.4041e-06 -0.796389 0
0.262636 3 3.72759e-06 -0.796388 0
0.262636 3 5.77969e-06 -0.796385 0
0.262636 3 8.96151e-06 -0.796381 0
0.262636 3 1.3895e-05 -0.796375 0
0.262636 3 2.15443e-05 -0.796366 0
0.262636 3 3.34048e-05 -0.796352 0
0.262636 3 5.17947e-05 -0.796329 0
0.262636 3 8.03086e-05 -0.796295 0
0.262636 3 0.00012452 -0.796241 0
0.262636 3 0.00019307 -0.796158 0
0.262636 3 0.000299358 -0.796029 0
0.262636 3 0.000464159 -0.79583 0
0.262636 3 0.000719686 -0.79552 0
0.262636 3 0.00111588 -0.795041 0
0.262636 3 0.0017302 -0.794298 0
0.262636 3 0.0026827 -0.793148 0
0.262636 3 0.00415956 -0.791368 0
0.262636 3 0.00644947 -0.788616 0
0.262636 3 0.01 -0.784369 0
0.262636 3 0.0155052 -0.77783 0
0.262636 3 0.024041 -0.767803 0
0.262636 3 0.0372759 -0.752519 0
0.262636 3 0.0577969 -0.72945 0
0.262636 3 0.0896151 -0.695144 0
0.262636 3 0.13895 -0.645312 0
0.262636 3 0.215443 -0.575571 0
0.262636 3 0.334048 -0.483369 0
0.262636 3 0.517947 -0.371794 0
0.262636 3 0.803086 -0.254108 0
0.262636 3 1.2452 -0.152682 0
0.262636 3 1.9307 -0.0844342 0
0.262636 3 2.99358 -0.0472096 0
0.262636 3 4.64159 -0.0251299 0
0.262636 3 7.19686 -0.0108644 0
0.262636 3 11.1588 -0.00652377 0
0.262636 3 17.302 -0.00306728 0
0.262636 3 26.827 -0.00153952 0
0.262636 3 41.5956 -0.000959079 0
0.262636 3 64.4947 -0.000597884 0
0.262636 3 100 -0.000365779 0
0.262636 3 155.052 -0.000229473 0
0.262636 3 240.41 -0.000143315 0
0.262636 3 372.759 -8.70821e-05 0
0.262636 3 577.969 -5.37243e-05 0
0.262636 3 896.151 -3.38893e-05 0
0.262636 3 1389.5 -2.09303e-05 0
0.262636 3 2154.43 -1.2817e-05 0
0.262636 3 3340.48 -7.90589e-06 0
0.262636 3 5179.47 -4.9231e-06 0
0.262636 3 8030.86 -3.0852e-06 0
0.262636 3 12452 -1.91879e-06 0
0.262636 3 19307 -1.18842e-06 0
0.262636 3 29935.8 -7.36985e-07 0
0.262636 3 46415.9 -4.57341e-07 0
0.262636 3 71968.6 -2.83862e-07 0
0.262636 3 111588 -1.755e-07 0
0.262636 3 173020 -1.06422e-07 0
0.262636 3 268270 -6.34415e-08 0
0.262636 3 415956 -3.64458e-08 0
0.262636 3 644947 -1.94933e-08 0
0.262636 3 1e+06 -9.16146e-09 0

0.6404 3 1e-06 -0.728635 0
0.6404 3 1.55052e-06 -0.728634 0
0.6404 3 2.4041e-06 -0.728633 0
0.6404 3 3.72759e-06 -0.728632 0
0.6404 3 5.77969e-06 -0.728629 0
0.6404 3 8.96151e-06 -0.728626 0
0.6404 3 1.3895e-05 -0.72862 0
0.6404 3 2.15443e-05 -0.728612 0
0.6404 3 3.34048e-05 -0.728599 0
0.6404 3 5.17947e-05 -0.728579 0
0.6404 3 8.03086e-05 -0.728548 0
0.6404 3 0.00012452 -0.728499 0
0.6404 3 0.00019307 -0.728424 0
0.6404 3 0.000299358 -0.728308 0
0.6404 3 0.000464159 -0.728128 0
0.6404 3 0.000719686 -0.727849 0
0.6404 3 0.00111588 -0.727416 0
0.6404 3 0.0017302 -0.726745 0
0.6404 3 0.0026827 -0.725707 0
0.6404 3 0.00415956 -0.7241 0
0.6404 3 0.00644947 -0.721617 0
0.6404 3 0.01 -0.717785 0
0.6404 3 0.0155052 -0.711888 0
0.6404 3 0.024041 -0.70285 0
0.6404 3 0.0372759 -0.689086 0
0.6404 3 0.0577969 -0.668338 0
0.6404 3 0.0896151 -0.637531 0
0.6404 3 0.13895 -0.59286 0
0.6404 3 0.215443 -0.530424 0
0.6404 3 0.334048 -0.447838 0
0.6404 3 0.517947 -0.347431 0
0.6404 3 0.803086 -0.240319 0
0.6404 3 1.2452 -0.146307 0
0.6404 3 1.9307 -0.0817303 0
0.6404 3 2.99358 -0.0460014 0
0.6404 3 4.64159 -0.0246279 0
0.6404 3 7.19686 -0.0107026 0
0.6404 3 11.1588 -0.00645064 0
0.6404 3 17.302 -0.00304434 0
0.6404 3 26.827 -0.001531 0
0.6404 3 41.5956 -0.000955203 0
0.6404 3 64.4947 -0.000596139 0
0.6404 3 100 -0.00036501 0
0.6404 3 155.052 -0.000229131 0
0.6404 3 240.41 -0.000143166 0
0.6404 3 372.759 -8.70182e-05 0
0.6404 3 577.969 -5.36967e-05 0
0.6404 3 896.151 -3.38774e-05 0
0.6404 3 1389.5 -2.09253e-05 0
0.6404 3 2154.43 -1.28148e-05 0
0.6404 3 3340.48 -7.90498e-06 0
0.6404 3 5179.47 -4.92271e-06 0
0.6404 3 8030.86 -3.08503e-06 0
0.6404 3 12452 -1.91872e-06 0
0.6404 3 19307 -1.1884e-06 0
0.6404 3 29935.8 -7.36973e-07 0
0.6404 3 46415.9 -4.57336e-07 0
0.6404 3 71968.6 -2.8386e-07 0
0.6404 3 111588 -1.75499e-07 0
0.6404 3 173020 -1.06421e-07 0
0.6404 3 268270 -6.34414e-08 0
0.6404 3 415956 -3.64457e-08 0
0.6404 3 644947 -1.94932e-08 0
0.6404 3 1e+06 -9.16145e-09 0

1.56152 3 1e-06 -0.563756 0
1.56152 3 1.55052e-06 -0.563756 0
1.56152 3 2.4041e-06 -0.563755 0
1.56152 3 3.72759e-06 -0.563754 0
1.56152 3 5.77969e-06 -0.563752 0
1.56152 3 8.96151e-06 -0.56375 0
1.56152 3 1.3895e-05 -0.563746 0
1.56152 3 2.15443e-05 -0.56374 0
1.56152 3 3.34048e-05 -0.56373 0
1.56152 3 5.17947e-05 -0.563715 0
1.56152 3 8.03086e-05 -0.563693 0
1.56152 3 0.00012452 -0.563657 0
1.56152 3 0.00019307 -0.563603 0
1.56152 3 0.000299358 -0.563518 0
1.56152 3 0.000464159 -0.563386 0
1.56152 3 0.000719686 -0.563182 0
1.56152 3 0.00111588 -0.562866 0
1.56152 3 0.0017302 -0.562376 0
1.56152 3 0.0026827 -0.561618 0
1.56152 3 0.00415956 -0.560445 0
1.56152 3 0.00644947 -0.558632 0
1.56152 3 0.01 -0.555837 0
1.56152 3 0.0155052 -0.551537 0
1.56152 3 0.024041 -0.544953 0
1.56152 3 0.0372759 -0.534939 0
1.56152 3 0.0577969 -0.519868 0
1.56152 3 0.0896151 -0.497538 0
1.56152 3 0.13895 -0.465224 0
1.56152 3 0.215443 -0.420072 0
1.56152 3 0.334048 -0.360075 0
1.56152 3 0.517947 -0.286034 0
1.56152 3 0.803086 -0.204539 0
1.56152 3 1.2452 -0.129457 0
1.56152 3 1.9307 -0.0748293 0
1.56152 3 2.99358 -0.0430856 0
1.56152 3 4.64159 -0.0234301 0
1.56152 3 7.19686 -0.0103134 0
1.56152 3 11.1588 -0.00627415 0
1.56152 3 17.302 -0.0029884 0
1.56152 3 26.827 -0.00151015 0
1.56152 3 41.5956 -0.000945715 0
1.56152 3 64.4947 -0.000591867 0
1.56152 3 100 -0.000363128 0
1.56152 3 155.052 -0.000228295 0
1.56152 3 240.41 -0.000142801 0
1.56152 3 372.759 -8.68617e-05 0
1.56152 3 577.969 -5.36293e-05 0
1.56152 3 896.151 -3.38483e-05 0
1.56152 3 1389.5 -2.09129e-05 0
1.56152 3 2154.43 -1.28096e-05 0
1.56152 3 3340.48 -7.90274e-06 0
1.56152 3 5179.47 -4.92176e-06 0
1.56152 3 8030.86 -3.08463e-06 0
1.56152 3 12452 -1.91855e-06 0
1.56152 3 19307 -1.18832e-06 0
1.56152 3 29935.8 -7.36943e-07 0
1.56152 3 46415.9 -4.57323e-07 0
1.56152 3 71968.6 -2.83854e-07 0
1.56152 3 111588 -1.75497e-07 0
1.56152 3 173020 -1.0642e-07 0
1.56152 3 268270 -6.3441e-08 0
1.56152 3 415956 -3.64456e-08 0
1.56152 3 644947 -1.94932e-08 0
1.56152 3 1e+06 -9.16142e-09 0

3.80755 3 1e-06 -0.309901 0
3.80755 3 1.55052e-06 -0.3099 0
3.80755 3 2.4041e-06 -0.3099 0
3.80755 3 3.72759e-06 -0.3099 0
3.80755 3 5.77969e-06 -0.309899 0
3.80755 3 8.96151e-06 -0.309898 0
3.80755 3 1.3895e-05 -0.309896 0
3.80755 3 2.15443e-05 -0.309893 0
3.80755 3 3.34048e-05 -0.309889 0
3.80755 3 5.17947e-05 -0.309882 0
3.80755 3 8.03086e-05 -0.309872 0
3.80755 3 0.00012452 -0.309856 0
3.80755 3 0.00019307 -0.309831 0
3.80755 3 0.000299358 -0.309792 0
3.80755 3 0.000464159 -0.309732 0
3.80755 3 0.000719686 -0.30964 0
3.80755 3 0.00111588 -0.309496 0
3.80755 3 0.0017302 -0.309274 0
3.80755 3 0.0026827 -0.308929 0
3.80755 3 0.00415956 -0.308396 0
3.80755 3 0.00644947 -0.307573 0
3.80755 3 0.01 -0.306304 0
3.80755 3 0.0155052 -0.304352 0
3.80755 3 0.024041 -0.301365 0
3.80755 3 0.0372759 -0.296826 0
3.80755 3 0.0577969 -0.289999 0
3.80755 3 0.0896151 -0.279886 0
3.80755 3 0.13895 -0.265229 0
3.80755 3 0.215443 -0.244611 0
3.80755 3 0.334048 -0.216694 0
3.80755 3 0.517947 -0.180783 0
3.80755 3 0.803086 -0.138265 0
3.80755 3 1.2452 -0.094938 0
3.80755 3 1.9307 -0.0595464 0
3.80755 3 2.99358 -0.0365452 0
3.80755 3 4.64159 -0.0207419 0
3.80755 3 7.19686 -0.0094261 0
3.80755 3 11.1588 -0.00586623 0
3.80755 3 17.302 -0.00285645 0
3.80755 3 26.827 -0.00146058 0
3.80755 3 41.5956 -0.00092304 0
3.80755 3 64.4947 -0.000581617 0
3.80755 3 100 -0.0003586 0
3.80755 3 155.052 -0.000226279 0
3.80755 3 240.41 -0.000141919 0
3.80755 3 372.759 -8.64829e-05 0
3.80755 3 577.969 -5.3466e-05 0
3.80755 3 896.151 -3.37777e-05 0
3.80755 3 1389.5 -2.08828e-05 0
3.80755 3 2154.43 -1.27968e-05 0
3.80755 3 3340.48 -7.89731e-06 0
3.80755 3 5179.47 -4.91945e-06 0
3.80755 3 8030.86 -3.08365e-06 0
3.80755 3 12452 -1.91814e-06 0
3.80755 3 19307 -1.18815e-06 0
3.80755 3 29935.8 -7.3687e-07 0
3.80755 3 46415.9 -4.57293e-07 0
3.80755 3 71968.6 -2.83841e-07 0
3.80755 3 111588 -1.75492e-07 0
3.80755 3 173020 -1.06418e-07 0
3.80755 3 268270 -6.344e-08 0
3.80755 3 415956 -3.64452e-08 0
3.80755 3 644947 -1.9493e-08 0
3.80755 3 1e+06 -9.16135e-09 0

9.28415 3 1e-06 -0.111675 0
9.28415 3 1.55052e-06 -0.111675 0
9.28415 3 2.4041e-06 -0.111675 0
9.28415 3 3.72759e-06 -0.111675 0
9.28415 3 5.77969e-06 -0.111675 0
9.28415 3 8.96151e-06 -0.111674 0
9.28415 3 1.3895e-05 -0.111674 0
9.28415 3 2.15443e-05 -0.111673 0
9.28415 3 3.34048e-05 -0.111672 0
9.28415 3 5.17947e-05 -0.111671 0
9.28415 3 8.03086e-05 -0.111668 0
9.28415 3 0.00012452 -0.111665 0
9.28415 3 0.00019307 -0.111659 0
9.28415 3 0.000299358 -0.11165 0
9.28415 3 0.000464159 -0.111636 0
9.28415 3 0.000719686 -0.111615 0
9.28415 3 0.00111588 -0.111581 0
9.28415 3 0.0017302 -0.11153 0
9.28415 3 0.0026827 -0.11145 0
9.28415 3 0.00415956 -0.111326 0
9.28415 3 0.00644947 -0.111136 0
9.28415 3 0.01 -0.110842 0
9.28415 3 0.0155052 -0.11039 0
9.28415 3 0.024041 -0.109699 0
9.28415 3 0.0372759 -0.108649 0
9.28415 3 0.0577969 -0.107069 0
9.28415 3 0.0896151 -0.104726 0
9.28415 3 0.13895 -0.101308 0
9.28415 3 0.215443 -0.0964094 0
9.28415 3 0.334048 -0.0894728 0
9.28415 3 0.517947 -0.0797352 0
9.28415 3 0.803086 -0.0666036 0
9.28415 3 1.2452 -0.0510817 0
9.28415 3 1.9307 -0.0363319 0
9.28415 3 2.99358 -0.0251422 0
9.28415 3 4.64159 -0.0156784 0
9.28415 3 7.19686 -0.00766871 0
9.28415 3 11.1588 -0.00502278 0
9.28415 3 17.302 -0.0025724 0
9.28415 3 26.827 -0.00135189 0
9.28415 3 41.5956 -0.000872353 0
9.28415 3 64.4947 -0.000558357 0
9.28415 3 100 -0.000348207 0
9.28415 3 155.052 -0.000221606 0
9.28415 3 240.41 -0.000139859 0
9.28415 3 372.759 -8.55941e-05 0
9.28415 3 577.969 -5.3081e-05 0
9.28415 3 896.151 -3.36105e-05 0
9.28415 3 1389.5 -2.08114e-05 0
9.28415 3 2154.43 -1.27664e-05 0
9.28415 3 3340.48 -7.88434e-06 0
9.28415 3 5179.47 -4.91392e-06 0
9.28415 3 8030.86 -3.08131e-06 0
9.28415 3 12452 -1.91715e-06 0
9.28415 3 19307 -1.18773e-06 0
9.28415 3 29935.8 -7.36695e-07 0
9.28415 3 46415.9 -4.57219e-07 0
9.28415 3 71968.6 -2.8381e-07 0
9.28415 3 111588 -1.75479e-07 0
9.28415 3 173020 -1.06412e-07 0
9.28415 3 268270 -6.34377e-08 0
9.28415 3 415956 -3.64442e-08 0
9.28415 3 644947 -1.94926e-08 0
9.28415 3 1e+06 -9.16119e-09 0

22.638 3 1e-06 -0.0297492 0
22.638 3 1.55052e-06 -0.0297492 0
22.638 3 2.4041e-06 -0.0297491 0
22.638 3 3.72759e-06 -0.0297491 0
22.638 3 5.77969e-06 -0.0297491 0
22.638 3 8.96151e-06 -0.0297491 0
22.638 3 1.3895e-05 -0.029749 0
22.638 3 2.15443e-05 -0.0297489 0
22.638 3 3.34048e-05 -0.0297488 0
22.638 3 5.17947e-05 -0.0297486 0
22.638 3 8.03086e-05 -0.0297483 0
22.638 3 0.00012452 -0.0297478 0
22.638 3 0.00019307 -0.029747 0
22.638 3 0.000299358 -0.0297459 0
22.638 3 0.000464159 -0.029744 0
22.638 3 0.000719686 -0.0297412 0
22.638 3 0.00111588 -0.0297368 0
22.638 3 0.0017302 -0.0297301 0
22.638 3 0.0026827 -0.0297196 0
22.638 3 0.00415956 -0.0297034 0
22.638 3 0.00644947 -0.0296784 0
22.638 3 0.01 -0.0296399 0
22.638 3 0.0155052 -0.0295809 0
22.638 3 0.024041 -0.0294912 0
22.638 3 0.0372759 -0.0293557 0
22.638 3 0.0577969 -0.0291536 0
22.638 3 0.0896151 -0.0288564 0
22.638 3 0.13895 -0.0284243 0
22.638 3 0.215443 -0.0277942 0
22.638 3 0.334048 -0.0268392 0
22.638 3 0.517947 -0.0253008 0
22.638 3 0.803086 -0.02283 0
22.638 3 1.2452 -0.0194159 0
22.638 3 1.9307 -0.0157226 0
22.638 3 2.99358 -0.0126042 0
22.638 3 4.64159 -0.00904478 0
22.638 3 7.19686 -0.00505749 0
22.638 3 11.1588 -0.00363184 0
22.638 3 17.302 -0.00205889 0
22.638 3 26.827 -0.00114681 0
22.638 3 41.5956 -0.000772106 0
22.638 3 64.4947 -0.000510633 0
22.638 3 100 -0.000326292 0
22.638 3 155.052 -0.000211523 0
22.638 3 240.41 -0.000135336 0
22.638 3 372.759 -8.36169e-05 0
22.638 3 577.969 -5.22152e-05 0
22.638 3 896.151 -3.32311e-05 0
22.638 3 1389.5 -2.06481e-05 0
22.638 3 2154.43 -1.26965e-05 0
22.638 3 3340.48 -7.85438e-06 0
22.638 3 5179.47 -4.9011e-06 0
22.638 3 8030.86 -3.07584e-06 0
22.638 3 12452 -1.91484e-06 0
22.638 3 19307 -1.18676e-06 0
22.638 3 29935.8 -7.36282e-07 0
22.638 3 46415.9 -4.57045e-07 0
22.638 3 71968.6 -2.83737e-07 0
22.638 3 111588 -1.75448e-07 0
22.638 3 173020 -1.06399e-07 0
22.638 3 268270 -6.34322e-08 0
22.638 3 415956 -3.64419e-08 0
22.638 3 644947 -1.94916e-08 0
22.638 3 1e+06 -9.1608e-09 0

55.1995 3 1e-06 -0.0070699 0
55.1995 3 1.55052e-06 -0.0070699 0
55.1995 3 2.4041e-06 -0.0070699 0
55.1995 3 3.72759e-06 -0.00706989 0
55.1995 3 5.77969e-06 -0.00706989 0
55.1995 3 8.96151e-06 -0.00706989 0
55.1995 3 1.3895e-05 -0.00706988 0
55.1995 3 2.15443e-05 -0.00706988 0
55.1995 3 3.34048e-05 -0.00706986 0
55.1995 3 5.17947e-05 -0.00706984 0
55.1995 3 8.03086e-05 -0.00706981 0
55.1995 3 0.00012452 -0.00706977 0
55.1995 3 0.00019307 -0.00706969 0
55.1995 3 0.000299358 -0.00706958 0
55.1995 3 0.000464159 -0.0070694 0
55.1995 3 0.000719686 -0.00706913 0
55.1995 3 0.00111588 -0.00706871 0
55.1995 3 0.0017302 -0.00706806 0
55.1995 3 0.0026827 -0.00706706 0
55.1995 3 0.00415956 -0.00706552 0
55.1995 3 0.00644947 -0.00706314 0
55.1995 3 0.01 -0.00705952 0
55.1995 3 0.0155052 -0.00705402 0
55.1995 3 0.024041 -0.00704578 0
55.1995 3 0.0372759 -0.00703365 0
55.1995 3 0.0577969 -0.00701618 0
55.1995 3 0.0896151 -0.00699168 0
55.1995 3 0.13895 -0.00695775 0
55.1995 3 0.215443 -0.00690858 0
55.1995 3 0.334048 -0.00682494 0
55.1995 3 0.517947 -0.00665457 0
55.1995 3 0.803086 -0.00631234 0
55.1995 3 1.2452 -0.00576775 0
55.1995 3 1.9307 -0.00514082 0
55.1995 3 2.99358 -0.00465101 0
55.1995 3 4.64159 -0.00382973 0
55.1995 3 7.19686 -0.00254807 0
55.1995 3 11.1588 -0.0020496 0
55.1995 3 17.302 -0.00136088 0
55.1995 3 26.827 -0.000841205 0
55.1995 3 41.5956 -0.000608557 0
55.1995 3 64.4947 -0.000426889 0
55.1995 3 100 -0.00028565 0
55.1995 3 155.052 -0.000191933 0
55.1995 3 240.41 -0.00012623 0
55.1995 3 372.759 -7.95335e-05 0
55.1995 3 577.969 -5.03885e-05 0
55.1995 3 896.151 -3.24159e-05 0
55.1995 3 1389.5 -2.02925e-05 0
55.1995 3 2154.43 -1.25427e-05 0
55.1995 3 3340.48 -7.78781e-06 0
55.1995 3 5179.47 -4.87238e-06 0
55.1995 3 8030.86 -3.06353e-06 0
55.1995 3 12452 -1.90959e-06 0
55.1995 3 19307 -1.18453e-06 0
55.1995 3 29935.8 -7.35338e-07 0
55.1995 3 46415.9 -4.56644e-07 0
55.1995 3 71968.6 -2.83567e-07 0
55.1995 3 111588 -1.75376e-07 0
55.1995 3 173020 -1.06369e-07 0
55.1995 3 268270 -6.34194e-08 0
55.1995 3 415956 -3.64365e-08 0
55.1995 3 644947 -1.94894e-08 0
55.1995 3 1e+06 -9.15988e-09 0

134.596 3 1e-06 -0.00174578 0
134.596 3 1.55052e-06 -0.00174578 0
134.596 3 2.4041e-06 -0.00174578 0
134.596 3 3.72759e-06 -0.00174578 0
134.596 3 5.77969e-06 -0.00174578 0
134.596 3 8.96151e-06 -0.00174578 0
134.596 3 1.3895e-05 -0.00174578 0
134.596 3 2.15443e-05 -0.00174578 0
134.596 3 3.34048e-05 -0.00174577 0
134.596 3 5.17947e-05 -0.00174577 0
134.596 3 8.03086e-05 -0.00174577 0
134.596 3 0.00012452 -0.00174577 0
134.596 3 0.00019307 -0.00174576 0
134.596 3 0.000299358 -0.00174575 0
134.596 3 0.000464159 -0.00174573 0
134.596 3 0.000719686 -0.00174571 0
134.596 3 0.00111588 -0.00174567 0
134.596 3 0.0017302 -0.00174562 0
134.596 3 0.0026827 -0.00174553 0
134.596 3 0.00415956 -0.00174539 0
134.596 3 0.00644947 -0.00174519 0
134.596 3 0.01 -0.00174488 0
134.596 3 0.0155052 -0.00174443 0
134.596 3 0.024041 -0.00174377 0
134.596 3 0.0372759 -0.00174287 0
134.596 3 0.0577969 -0.0017417 0
134.596 3 0.0896151 -0.00174034 0
134.596 3 0.13895 -0.00173889 0
134.596 3 0.215443 -0.00173704 0
134.596 3 0.334048 -0.00173216 0
134.596 3 0.517947 -0.00171535 0
134.596 3 0.803086 -0.00167077 0
134.596 3 1.2452 -0.00159132 0
134.596 3 1.9307 -0.00150064 0
134.596 3 2.99358 -0.0014519 0
134.596 3 4.64159 -0.00131478 0
134.596 3 7.19686 -0.00102634 0
134.596 3 11.1588 -0.000907942 0
134.596 3 17.302 -0.000713544 0
134.596 3 26.827 -0.000508606 0
134.596 3 41.5956 -0.000404325 0
134.596 3 64.4947 -0.0003091 0
134.596 3 100 -0.000222784 0
134.596 3 155.052 -0.000159066 0
134.596 3 240.41 -0.000109927 0
134.596 3 372.759 -7.18731e-05 0
134.596 3 577.969 -4.68283e-05 0
134.596 3 896.151 -3.07753e-05 0
134.596 3 1389.5 -1.95601e-05 0
134.596 3 2154.43 -1.222e-05 0
134.596 3 3340.48 -7.64595e-06 0
134.596 3 5179.47 -4.81037e-06 0
134.596 3 8030.86 -3.03664e-06 0
134.596 3 12452 -1.89805e-06 0
134.596 3 19307 -1.1796e-06 0
134.596 3 29935.8 -7.3323e-07 0
134.596 3 46415.9 -4.55745e-07 0
134.596 3 71968.6 -2.83185e-07 0
134.596 3 111588 -1.75213e-07 0
134.596 3 173020 -1.063e-07 0
134.596 3 268270 -6.33902e-08 0
134.596 3 415956 -3.64242e-08 0
134.596 3 644947 -1.94843e-08 0
134.596 3 1e+06 -9.15778e-09 0

328.193 3 1e-06 -0.000481401 0
328.193 3 1.55052e-06 -0.000481401 0
328.193 3 2.4041e-06 -0.000481401 0
328.193 3 3.72759e-06 -0.000481401 0
328.193 3 5.77969e-06 -0.000481401 0
328.193 3 8.96151e-06 -0.000481401 0
328.193 3 1.3895e-05 -0.000481401 0
328.193 3 2.15443e-05 -0.000481401 0
328.193 3 3.34048e-05 -0.000481401 0
328.193 3 5.17947e-05 -0.000481401 0
328.193 3 8.03086e-05 -0.0004814 0
328.193 3 0.00012452 -0.0004814 0
328.193 3 0.00019307 -0.000481399 0
328.193 3 0.000299358 -0.000481398 0
328.193 3 0.000464159 -0.000481397 0
328.193 3 0.000719686 -0.000481395 0
328.193 3 0.00111588 -0.000481391 0
328.193 3 0.0017302 -0.000481386 0
328.193 3 0.0026827 -0.000481378 0
328.193 3 0.00415956 -0.000481365 0
328.193 3 0.00644947 -0.000481347 0
328.193 3 0.01 -0.000481319 0
328.193 3 0.0155052 -0.000481281 0
328.193 3 0.024041 -0.000481231 0
328.193 3 0.0372759 -0.000481172 0
328.193 3 0.0577969 -0.000481121 0
328.193 3 0.0896151 -0.000481119 0
328.193 3 0.13895 -0.000481227 0
328.193 3 0.215443 -0.000481454 0
328.193 3 0.334048 -0.00048142 0
328.193 3 0.517947 -0.000479658 0
328.193 3 0.803086 -0.000473428 0
328.193 3 1.2452 -0.000461462 0
328.193 3 1.9307 -0.00044829 0
328.193 3 2.99358 -0.000444988 0
328.193 3 4.64159 -0.000424543 0
328.193 3 7.19686 -0.000370938 0
328.193 3 11.1588 -0.000348734 0
328.193 3 17.302 -0.000309308 0
328.193 3 26.827 -0.000253052 0
328.193 3 41.5956 -0.000220427 0
328.193 3 64.4947 -0.000185405 0
328.193 3 100 -0.000147101 0
328.193 3 155.052 -0.000114336 0
328.193 3 240.41 -8.52531e-05 0
328.193 3 372.759 -5.93186e-05 0
328.193 3 577.969 -4.06038e-05 0
328.193 3 896.151 -2.77468e-05 0
328.193 3 1389.5 -1.81537e-05 0
328.193 3 2154.43 -1.15811e-05 0
328.193 3 3340.48 -7.358e-06 0
328.193 3 5179.47 -4.68186e-06 0
328.193 3 8030.86 -2.98e-06 0
328.193 3 12452 -1.87342e-06 0
328.193 3 19307 -1.16895e-06 0
328.193 3 29935.8 -7.28639e-07 0
328.193 3 46415.9 -4.53771e-07 0
328.193 3 71968.6 -2.82338e-07 0
328.193 3 111588 -1.74851e-07 0
328.193 3 173020 -1.06145e-07 0
328.193 3 268270 -6.33244e-08 0
328.193 3 415956 -3.63964e-08 0
328.193 3 644947 -1.94726e-08 0
328.193 3 1e+06 -9.15299e-09 0

800.25 3 1e-06 -0.000148688 0
800.25 3 1.55052e-06 -0.000148688 0
800.25 3 2.4041e-06 -0.000148688 0
800.25 3 3.72759e-06 -0.000148688 0
800.25 3 5.77969e-06 -0.000148688 0
800.25 3 8.96151e-06 -0.000148688 0
800.25 3 1.3895e-05 -0.000148688 0
800.25 3 2.15443e-05 -0.000148688 0
800.25 3 3.34048e-05 -0.000148688 0
800.25 3 5.17947e-05 -0.000148688 0
800.25 3 8.03086e-05 -0.000148688 0
800.25 3 0.00012452 -0.000148688 0
800.25 3 0.00019307 -0.000148688 0
800.25 3 0.000299358 -0.000148688 0
800.25 3 0.000464159 -0.000148688 0
800.25 3 0.000719686 -0.000148688 0
800.25 3 0.00111588 -0.000148687 0
800.25 3 0.0017302 -0.000148687 0
800.25 3 0.0026827 -0.000148686 0
800.25 3 0.00415956 -0.000148685 0
800.25 3 0.00644947 -0.000148683 0
800.25 3 0.01 -0.00014868 0
800.25 3 0.0155052 -0.000148677 0
800.25 3 0.024041 -0.000148673 0
800.25 3 0.0372759 -0.00014867 0
800.25 3 0.0577969 -0.000148673 0
800.25 3 0.0896151 -0.00014869 0
800.25 3 0.13895 -0.000148736 0
800.25 3 0.215443 -0.000148816 0
800.25 3 0.334048 -0.000148872 0
800.25 3 0.517947 -0.000148662 0
800.25 3 0.803086 -0.000147721 0
800.25 3 1.2452 -0.000145835 0
800.25 3 1.9307 -0.000143823 0
800.25 3 2.99358 -0.00014375 0
800.25 3 4.64159 -0.00014068 0
800.25 3 7.19686 -0.000131437 0
800.25 3 11.1588 -0.000127698 0
800.25 3 17.302 -0.000120904 0
800.25 3 26.827 -0.000108988 0
800.25 3 41.5956 -0.000101465 0
800.25 3 64.4947 -9.22974e-05 0
800.25 3 100 -8.03729e-05 0
800.25 3 155.052 -6.84268e-05 0
800.25 3 240.41 -5.59355e-05 0
800.25 3 372.759 -4.24937e-05 0
800.25 3 577.969 -3.13703e-05 0
800.25 3 896.151 -2.28381e-05 0
800.25 3 1389.5 -1.57164e-05 0
800.25 3 2154.43 -1.04163e-05 0
800.25 3 3340.48 -6.81101e-06 0
800.25 3 5179.47 -4.4296e-06 0
800.25 3 8030.86 -2.86587e-06 0
800.25 3 12452 -1.82278e-06 0
800.25 3 19307 -1.14671e-06 0
800.25 3 29935.8 -7.18916e-07 0
800.25 3 46415.9 -4.49541e-07 0
800.25 3 71968.6 -2.80506e-07 0
800.25 3 111588 -1.74059e-07 0
800.25 3 173020 -1.05805e-07 0
800.25 3 268270 -6.31787e-08 0
800.25 3 415956 -3.63343e-08 0
800.25 3 644947 -1.94465e-08 0
800.25 3 1e+06 -9.14228e-09 0

1951.29 3 1e-06 -4.98575e-05 0
1951.29 3 1.55052e-06 -4.98575e-05 0
1951.29 3 2.4041e-06 -4.98575e-05 0
1951.29 3 3.72759e-06 -4.98575e-05 0
1951.29 3 5.77969e-06 -4.98575e-05 0
1951.29 3 8.96151e-06 -4.98575e-05 0
1951.29 3 1.3895e-05 -4.98575e-05 0
1951.29 3 2.15443e-05 -4.98575e-05 0
1951.29 3 3.34048e-05 -4.98575e-05 0
1951.29 3 5.17947e-05 -4.98575e-05 0
1951.29 3 8.03086e-05 -4.98575e-05 0
1951.29 3 0.00012452 -4.98575e-05 0
1951.29 3 0.00019307 -4.98575e-05 0
1951.29 3 0.000299358 -4.98575e-05 0
1951.29 3 0.000464159 -4.98574e-05 0
1951.29 3 0.000719686 -4.98574e-05 0
1951.29 3 0.00111588 -4.98574e-05 0
1951.29 3 0.0017302 -4.98573e-05 0
1951.29 3 0.0026827 -4.98572e-05 0
1951.29 3 0.00415956 -4.9857e-05 0
1951.29 3 0.00644947 -4.98568e-05 0
1951.29 3 0.01 -4.98565e-05 0
1951.29 3 0.0155052 -4.98562e-05 0
1951.29 3 0.024041 -4.98559e-05 0
1951.29 3 0.0372759 -4.9856e-05 0
1951.29 3 0.0577969 -4.98574e-05 0
1951.29 3 0.0896151 -4.98616e-05 0
1951.29 3 0.13895 -4.98715e-05 0
1951.29 3 0.215443 -4.98884e-05 0
1951.29 3 0.334048 -4.99029e-05 0
1951.29 3 0.517947 -4.98746e-05 0
1951.29 3 0.803086 -4.97255e-05 0
1951.29 3 1.2452 -4.94197e-05 0
1951.29 3 1.9307 -4.91003e-05 0
1951.29 3 2.99358 -4.91303e-05 0
1951.29 3 4.64159 -4.86535e-05 0
1951.29 3 7.19686 -4.70998e-05 0
1951.29 3 11.1588 -4.6494e-05 0
1951.29 3 17.302 -4.53859e-05 0
1951.29 3 26.827 -4.32011e-05 0
1951.29 3 41.5956 -4.17791e-05 0
1951.29 3 64.4947 -3.99076e-05 0
1951.29 3 100 -3.71571e-05 0
1951.29 3 155.052 -3.40418e-05 0
1951.29 3 240.41 -3.02753e-05 0
1951.29 3 372.759 -2.53638e-05 0
1951.29 3 577.969 -2.05675e-05 0
1951.29 3 896.151 -1.63016e-05 0
1951.29 3 1389.5 -1.21086e-05 0
1951.29 3 2154.43 -8.54339e-06 0
1951.29 3 3340.48 -5.87143e-06 0
1951.29 3 5179.47 -3.97253e-06 0
1951.29 3 8030.86 -2.65014e-06 0
1951.29 3 12452 -1.72394e-06 0
1951.29 3 19307 -1.10219e-06 0
1951.29 3 29935.8 -6.99044e-07 0
1951.29 3 46415.9 -4.40745e-07 0
1951.29 3 71968.6 -2.7664e-07 0
1951.29 3 111588 -1.72368e-07 0
1951.29 3 173020 -1.05071e-07 0
1951.29 3 268270 -6.28615e-08 0
1951.29 3 415956 -3.61983e-08 0
1951.29 3 644947 -1.9389e-08 0
1951.29 3 1e+06 -9.11862e-09 0

4757.94 3 1e-06 -1.76708e-05 0
4757.94 3 1.55052e-06 -1.76708e-05 0
4757.94 3 2.4041e-06 -1.76708e-05 0
4757.94 3 3.72759e-06 -1.76708e-05 0
4757.94 3 5.77969e-06 -1.76708e-05 0
4757.94 3 8.96151e-06 -1.76708e-05 0
4757.94 3 1.3895e-05 -1.76708e-05 0
4757.94 3 2.15443e-05 -1.76708e-05 0
4757.94 3 3.34048e-05 -1.76708e-05 0
4757.94 3 5.17947e-05 -1.76708e-05 0
4757.94 3 8.03086e-05 -1.76708e-05 0
4757.94 3 0.00012452 -1.76708e-05 0
4757.94 3 0.00019307 -1.76708e-05 0
4757.94 3 0.000299358 -1.76708e-05 0
4757.94 3 0.000464159 -1.76708e-05 0
4757.94 3 0.000719686 -1.76708e-05 0
4757.94 3 0.00111588 -1.76708e-05 0
4757.94 3 0.0017302 -1.76708e-05 0
4757.94 3 0.0026827 -1.76708e-05 0
4757.94 3 0.00415956 -1.76708e-05 0
4757.94 3 0.00644947 -1.76707e-05 0
4757.94 3 0.01 -1.76707e-05 0
4757.94 3 0.0155052 -1.76707e-05 0
4757.94 3 0.024041 -1.76706e-05 0
4757.94 3 0.0372759 -1.76707e-05 0
4757.94 3 0.0577969 -1.7671e-05 0
4757.94 3 0.0896151 -1.76719e-05 0
4757.94 3 0.13895 -1.76737e-05 0
4757.94 3 0.215443 -1.76768e-05 0
4757.94 3 0.334048 -1.76797e-05 0
4757.94 3 0.517947 -1.76755e-05 0
4757.94 3 0.803086 -1.76513e-05 0
4757.94 3 1.2452 -1.7601e-05 0
4757.94 3 1.9307 -1.75491e-05 0
4757.94 3 2.99358 -1.75579e-05 0
4757.94 3 4.64159 -1.74817e-05 0
4757.94 3 7.19686 -1.72224e-05 0
4757.94 3 11.1588 -1.71249e-05 0
4757.94 3 17.302 -1.69458e-05 0
4757.94 3 26.827 -1.65703e-05 0
4757.94 3 41.5956 -1.63265e-05 0
4757.94 3 64.4947 -1.59934e-05 0
4757.94 3 100 -1.54681e-05 0
4757.94 3 155.052 -1.48294e-05 0
4757.94 3 240.41 -1.39766e-05 0
4757.94 3 372.759 -1.26843e-05 0
4757.94 3 577.969 -1.12156e-05 0
4757.94 3 896.151 -9.69286e-06 0
4757.94 3 1389.5 -7.89537e-06 0
4757.94 3 2154.43 -6.07387e-06 0
4757.94 3 3340.48 -4.50033e-06 0
4757.94 3 5179.47 -3.2461e-06 0
4757.94 3 8030.86 -2.28238e-06 0
4757.94 3 12452 -1.54613e-06 0
4757.94 3 19307 -1.01869e-06 0
4757.94 3 29935.8 -6.6052e-07 0
4757.94 3 46415.9 -4.23232e-07 0
4757.94 3 71968.6 -2.68775e-07 0
4757.94 3 111588 -1.68866e-07 0
4757.94 3 173020 -1.03528e-07 0
4757.94 3 268270 -6.21863e-08 0
4757.94 3 415956 -3.59059e-08 0
4757.94 3 644947 -1.92646e-08 0
4757.94 3 1e+06 -9.06727e-09 0

11601.6 3 1e-06 -6.43308e-06 0
11601.6 3 1.55052e-06 -6.43308e-06 0
11601.6 3 2.4041e-06 -6.43308e-06 0
11601.6 3 3.72759e-06 -6.43308e-06 0
11601.6 3 5.77969e-06 -6.43308e-06 0
11601.6 3 8.96151e-06 -6.43308e-06 0
11601.6 3 1.3895e-05 -6.43308e-06 0
11601.6 3 2.15443e-05 -6.43308e-06 0
11601.6 3 3.34048e-05 -6.43308e-06 0
11601.6 3 5.17947e-05 -6.43308e-06 0
11601.6 3 8.03086e-05 -6.43308e-06 0
11601.6 3 0.00012452 -6.43308e-06 0
11601.6 3 0.00019307 -6.43308e-06 0
11601.6 3 0.000299358 -6.43308e-06 0
11601.6 3 0.000464159 -6.43308e-06 0
11601.6 3 0.000719686 -6.43308e-06 0
11601.6 3 0.00111588 -6.43308e-06 0
11601.6 3 0.0017302 -6.43308e-06 0
11601.6 3 0.0026827 -6.43308e-06 0
11601.6 3 0.00415956 -6.43307e-06 0
11601.6 3 0.00644947 -6.43307e-06 0
11601.6 3 0.01 -6.43306e-06 0
11601.6 3 0.0155052 -6.43306e-06 0
11601.6 3 0.024041 -6.43306e-06 0
11601.6 3 0.0372759 -6.43308e-06 0
11601.6 3 0.0577969 -6.43313e-06 0
11601.6 3 0.0896151 -6.43329e-06 0
11601.6 3 0.13895 -6.43361e-06 0
11601.6 3 0.215443 -6.43416e-06 0
11601.6 3 0.334048 -6.43469e-06 0
11601.6 3 0.517947 -6.43405e-06 0
11601.6 3 0.803086 -6.43006e-06 0
11601.6 3 1.2452 -6.42172e-06 0
11601.6 3 1.9307 -6.41318e-06 0
11601.6 3 2.99358 -6.41502e-06 0
11601.6 3 4.64159 -6.40264e-06 0
11601.6 3 7.19686 -6.35943e-06 0
11601.6 3 11.1588 -6.34371e-06 0
11601.6 3 17.302 -6.31471e-06 0
11601.6 3 26.827 -6.25186e-06 0
11601.6 3 41.5956 -6.21185e-06 0
11601.6 3 64.4947 -6.15639e-06 0
11601.6 3 100 -6.06567e-06 0
11601.6 3 155.052 -5.95196e-06 0
11601.6 3 240.41 -5.79166e-06 0
11601.6 3 372.759 -5.52454e-06 0
11601.6 3 577.969 -5.18827e-06 0
11601.6 3 896.151 -4.79659e-06 0
11601.6 3 1389.5 -4.25558e-06 0
11601.6 3 2154.43 -3.59852e-06 0
11601.6 3 3340.48 -2.92555e-06 0
11601.6 3 5179.47 -2.30135e-06 0
11601.6 3 8030.86 -1.74859e-06 0
11601.6 3 12452 -1.26421e-06 0
11601.6 3 19307 -8.76879e-07 0
11601.6 3 29935.8 -5.91458e-07 0
11601.6 3 46415.9 -3.90469e-07 0
11601.6 3 71968.6 -2.53552e-07 0
11601.6 3 111588 -1.61899e-07 0
11601.6 3 173020 -1.0039e-07 0
11601.6 3 268270 -6.07894e-08 0
11601.6 3 415956 -3.52924e-08 0
11601.6 3 644947 -1.9001e-08 0
11601.6 3 1e+06 -8.95809e-09 0

28288.7 3 1e-06 -2.3911e-06 0
28288.7 3 1.55052e-06 -2.3911e-06 0
28288.7 3 2.4041e-06 -2.3911e-06 0
28288.7 3 3.72759e-06 -2.3911e-06 0
28288.7 3 5.77969e-06 -2.3911e-06 0
28288.7 3 8.96151e-06 -2.3911e-06 0
28288.7 3 1.3895e-05 -2.3911e-06 0
28288.7 3 2.15443e-05 -2.3911e-06 0
28288.7 3 3.34048e-05 -2.3911e-06 0
28288.7 3 5.17947e-05 -2.3911e-06 0
28288.7 3 8.03086e-05 -2.3911e-06 0
28288.7 3 0.00012452 -2.3911e-06 0
28288.7 3 0.00019307 -2.3911e-06 0
28288.7 3 0.000299358 -2.3911e-06 0
28288.7 3 0.000464159 -2.3911e-06 0
28288.7 3 0.000719686 -2.3911e-06 0
28288.7 3 0.00111588 -2.3911e-06 0
28288.7 3 0.0017302 -2.3911e-06 0
28288.7 3 0.0026827 -2.3911e-06 0
28288.7 3 0.00415956 -2.3911e-06 0
28288.7 3 0.00644947 -2.3911e-06 0
28288.7 3 0.01 -2.3911e-06 0
28288.7 3 0.0155052 -2.39109e-06 0
28288.7 3 0.024041 -2.3911e-06 0
28288.7 3 0.0372759 -2.3911e-06 0
28288.7 3 0.0577969 -2.39111e-06 0
28288.7 3 0.0896151 -2.39114e-06 0
28288.7 3 0.13895 -2.39119e-06 0
28288.7 3 0.215443 -2.39129e-06 0
28288.7 3 0.334048 -2.39138e-06 0
28288.7 3 0.517947 -2.39128e-06 0
28288.7 3 0.803086 -2.39062e-06 0
28288.7 3 1.2452 -2.38923e-06 0
28288.7 3 1.9307 -2.38781e-06 0
28288.7 3 2.99358 -2.38816e-06 0
28288.7 3 4.64159 -2.38613e-06 0
28288.7 3 7.19686 -2.37891e-06 0
28288.7 3 11.1588 -2.37636e-06 0
28288.7 3 17.302 -2.37163e-06 0
28288.7 3 26.827 -2.36119e-06 0
28288.7 3 41.5956 -2.35469e-06 0
28288.7 3 64.4947 -2.34566e-06 0
28288.7 3 100 -2.3306e-06 0
28288.7 3 155.052 -2.31156e-06 0
28288.7 3 240.41 -2.28403e-06 0
28288.7 3 372.759 -2.2357e-06 0
28288.7 3 577.969 -2.17146e-06 0
28288.7 3 896.151 -2.09147e-06 0
28288.7 3 1389.5 -1.96864e-06 0
28288.7 3 2154.43 -1.7968e-06 0
28288.7 3 3340.48 -1.59138e-06 0
28288.7 3 5179.47 -1.36904e-06 0
28288.7 3 8030.86 -1.13786e-06 0
28288.7 3 12452 -8.96784e-07 0
28288.7 3 19307 -6.71163e-07 0
28288.7 3 29935.8 -4.82245e-07 0
28288.7 3 46415.9 -3.34963e-07 0
28288.7 3 71968.6 -2.26309e-07 0
28288.7 3 111588 -1.48873e-07 0
28288.7 3 173020 -9.43237e-08 0
28288.7 3 268270 -5.80152e-08 0
28288.7 3 415956 -3.4049e-08 0
28288.7 3 644947 -1.84593e-08 0
28288.7 3 1e+06 -8.73238e-09 0

68977.9 3 1e-06 -8.96617e-07 0
68977.9 3 1.55052e-06 -8.96617e-07 0
68977.9 3 2.4041e-06 -8.96617e-07 0
68977.9 3 3.72759e-06 -8.96617e-07 0
68977.9 3 5.77969e-06 -8.96617e-07 0
68977.9 3 8.96151e-06 -8.96617e-07 0
68977.9 3 1.3895e-05 -8.96617e-07 0
68977.9 3 2.15443e-05 -8.96617e-07 0
68977.9 3 3.34048e-05 -8.96617e-07 0
68977.9 3 5.17947e-05 -8.96617e-07 0
68977.9 3 8.03086e-05 -8.96617e-07 0
68977.9 3 0.00012452 -8.96617e-07 0
68977.9 3 0.00019307 -8.96617e-07 0
68977.9 3 0.000299358 -8.96617e-07 0
68977.9 3 0.000464159 -8.96617e-07 0
68977.9 3 0.000719686 -8.96617e-07 0
68977.9 3 0.00111588 -8.96617e-07 0
68977.9 3 0.0017302 -8.96617e-07 0
68977.9 3 0.0026827 -8.96617e-07 0
68977.9 3 0.00415956 -8.96617e-07 0
68977.9 3 0.00644947 -8.96617e-07 0
68977.9 3 0.01 -8.96617e-07 0
68977.9 3 0.0155052 -8.96617e-07 0
68977.9 3 0.024041 -8.96617e-07 0
68977.9 3 0.0372759 -8.96617e-07 0
68977.9 3 0.0577969 -8.96619e-07 0
68977.9 3 0.0896151 -8.96624e-07 0
68977.9 3 0.13895 -8.96633e-07 0
68977.9 3 0.215443 -8.9665e-07 0
68977.9 3 0.334048 -8.96666e-07 0
68977.9 3 0.517947 -8.9665e-07 0
68977.9 3 0.803086 -8.96539e-07 0
68977.9 3 1.2452 -8.96307e-07 0
68977.9 3 1.9307 -8.96072e-07 0
68977.9 3 2.99358 -8.96134e-07 0
68977.9 3 4.64159 -8.95799e-07 0
68977.9 3 7.19686 -8.94594e-07 0
68977.9 3 11.1588 -8.94178e-07 0
68977.9 3 17.302 -8.93404e-07 0
68977.9 3 26.827 -8.91673e-07 0
68977.9 3 41.5956 -8.90624e-07 0
68977.9 3 64.4947 -8.89165e-07 0
68977.9 3 100 -8.8671e-07 0
68977.9 3 155.052 -8.83609e-07 0
68977.9 3 240.41 -8.79083e-07 0
68977.9 3 372.759 -8.709e-07 0
68977.9 3 577.969 -8.59771e-07 0
68977.9 3 896.151 -8.4549e-07 0
68977.9 3 1389.5 -8.22194e-07 0
68977.9 3 2154.43 -7.86621e-07 0
68977.9 3 3340.48 -7.39337e-07 0
68977.9 3 5179.47 -6.81766e-07 0
68977.9 3 8030.86 -6.13104e-07 0
68977.9 3 12452 -5.28322e-07 0
68977.9 3 19307 -4.33362e-07 0
68977.9 3 29935.8 -3.39338e-07 0
68977.9 3 46415.9 -2.54312e-07 0
68977.9 3 71968.6 -1.83143e-07 0
68977.9 3 111588 -1.26741e-07 0
68977.9 3 173020 -8.34498e-08 0
68977.9 3 268270 -5.28302e-08 0
68977.9 3 415956 -3.16507e-08 0
68977.9 3 644947 -1.73918e-08 0
68977.9 3 1e+06 -8.28352e-09 0

168192 3 1e-06 -3.35697e-07 0
168192 3 1.55052e-06 -3.35697e-07 0
168192 3 2.4041e-06 -3.35697e-07 0
168192 3 3.72759e-06 -3.35697e-07 0
168192 3 5.77969e-06 -3.35697e-07 0
168192 3 8.96151e-06 -3.35697e-07 0
168192 3 1.3895e-05 -3.35697e-07 0
168192 3 2.15443e-05 -3.35697e-07 0
168192 3 3.34048e-05 -3.35697e-07 0
168192 3 5.17947e-05 -3.35697e-07 0
168192 3 8.03086e-05 -3.35697e-07 0
168192 3 0.00012452 -3.35697e-07 0
168192 3 0.00019307 -3.35697e-07 0
168192 3 0.000299358 -3.35697e-07 0
168192 3 0.000464159 -3.35697e-07 0
168192 3 0.000719686 -3.35697e-07 0
168192 3 0.00111588 -3.35697e-07 0
168192 3 0.0017302 -3.35697e-07 0
168192 3 0.0026827 -3.35697e-07 0
168192 3 0.00415956 -3.35697e-07 0
168192 3 0.00644947 -3.35697e-07 0
168192 3 0.01 -3.35697e-07 0
168192 3 0.0155052 -3.35697e-07 0
168192 3 0.024041 -3.35697e-07 0
168192 3 0.0372759 -3.35697e-07 0
168192 3 0.0577969 -3.35697e-07 0
168192 3 0.0896151 -3.35698e-07 0
168192 3 0.13895 -3.357e-07 0
168192 3 0.215443 -3.35703e-07 0
168192 3 0.334048 -3.35705e-07 0
168192 3 0.517947 -3.35703e-07 0
168192 3 0.803086 -3.35684e-07 0
168192 3 1.2452 -3.35646e-07 0
168192 3 1.9307 -3.35606e-07 0
168192 3 2.99358 -3.35618e-07 0
168192 3 4.64159 -3.35562e-07 0
168192 3 7.19686 -3.3536e-07 0
168192 3 11.1588 -3.35292e-07 0
168192 3 17.302 -3.35165e-07 0
168192 3 26.827 -3.34878e-07 0
168192 3 41.5956 -3.34708e-07 0
168192 3 64.4947 -3.34473e-07 0
168192 3 100 -3.34073e-07 0
168192 3 155.052 -3.33572e-07 0
168192 3 240.41 -3.32838e-07 0
168192 3 372.759 -3.31489e-07 0
168192 3 577.969 -3.29639e-07 0
168192 3 896.151 -3.27243e-07 0
168192 3 1389.5 -3.23208e-07 0
168192 3 2154.43 -3.16757e-07 0
168192 3 3340.48 -3.07674e-07 0
168192 3 5179.47 -2.95831e-07 0
168192 3 8030.86 -2.80405e-07 0
168192 3 12452 -2.58843e-07 0
168192 3 19307 -2.30663e-07 0
168192 3 29935.8 -1.97631e-07 0
168192 3 46415.9 -1.62166e-07 0
168192 3 71968.6 -1.27158e-07 0
168192 3 111588 -9.47801e-08 0
168192 3 173020 -6.63534e-08 0
168192 3 268270 -4.41086e-08 0
168192 3 415956 -2.74051e-08 0
168192 3 644947 -1.54358e-08 0
168192 3 1e+06 -7.44766e-09 0

410113 3 1e-06 -1.23775e-07 0
410113 3 1.55052e-06 -1.23775e-07 0
410113 3 2.4041e-06 -1.23775e-07 0
410113 3 3.72759e-06 -1.23775e-07 0
410113 3 5.77969e-06 -1.23775e-07 0
410113 3 8.96151e-06 -1.23775e-07 0
410113 3 1.3895e-05 -1.23775e-07 0
410113 3 2.15443e-05 -1.23775e-07 0
410113 3 3.34048e-05 -1.23775e-07 0
410113 3 5.17947e-05 -1.23775e-07 0
410113 3 8.03086e-05 -1.23775e-07 0
410113 3 0.00012452 -1.23775e-07 0
410113 3 0.00019307 -1.23775e-07 0
410113 3 0.000299358 -1.23775e-07 0
410113 3 0.000464159 -1.23775e-07 0
410113 3 0.000719686 -1.23775e-07 0
410113 3 0.00111588 -1.23775e-07 0
410113 3 0.0017302 -1.23775e-07 0
410113 3 0.0026827 -1.23775e-07 0
410113 3 0.00415956 -1.23775e-07 0
410113 3 0.00644947 -1.23775e-07 0
410113 3 0.01 -1.23775e-07 0
410113 3 0.0155052 -1.23775e-07 0
410113 3 0.024041 -1.23775e-07 0
410113 3 0.0372759 -1.23775e-07 0
410113 3 0.0577969 -1.23775e-07 0
410113 3 0.0896151 -1.23775e-07 0
410113 3 0.13895 -1.23776e-07 0
410113 3 0.215443 -1.23776e-07 0
410113 3 0.334048 -1.23777e-07 0
410113 3 0.517947 -1.23776e-07 0
410113 3 0.803086 -1.23773e-07 0
410113 3 1.2452 -1.23767e-07 0
410113 3 1.9307 -1.2376e-07 0
410113 3 2.99358 -1.23762e-07 0
410113 3 4.64159 -1.23753e-07 0
410113 3 7.19686 -1.23719e-07 0
410113 3 11.1588 -1.23708e-07 0
410113 3 17.302 -1.23687e-07 0
410113 3 26.827 -1.23639e-07 0
410113 3 41.5956 -1.23611e-07 0
410113 3 64.4947 -1.23573e-07 0
410113 3 100 -1.23508e-07 0
410113 3 155.052 -1.23427e-07 0
410113 3 240.41 -1.23308e-07 0
410113 3 372.759 -1.23087e-07 0
410113 3 577.969 -1.22783e-07 0
410113 3 896.151 -1.2239e-07 0
410113 3 1389.5 -1.21717e-07 0
410113 3 2154.43 -1.20616e-07 0
410113 3 3340.48 -1.19023e-07 0
410113 3 5179.47 -1.16878e-07 0
410113 3 8030.86 -1.13954e-07 0
410113 3 12452 -1.09559e-07 0
410113 3 19307 -1.03206e-07 0
410113 3 29935.8 -9.47541e-08 0
410113 3 46415.9 -8.42346e-08 0
410113 3 71968.6 -7.2004e-08 0
410113 3 111588 -5.85078e-08 0
410113 3 173020 -4.44431e-08 0
410113 3 268270 -3.17268e-08 0
410113 3 415956 -2.08744e-08 0
410113 3 644947 -1.2253e-08 0
410113 3 1e+06 -6.04875e-09 0

1e+06 3 1e-06 -4.31741e-08 0
1e+06 3 1.55052e-06 -4.31741e-08 0
1e+06 3 2.4041e-06 -4.31741e-08 0
1e+06 3 3.72759e-06 -4.31741e-08 0
1e+06 3 5.77969e-06 -4.31741e-08 0
1e+06 3 8.96151e-06 -4.31741e-08 0
1e+06 3 1.3895e-05 -4.31741e-08 0
1e+06 3 2.15443e-05 -4.31741e-08 0
1e+06 3 3.34048e-05 -4.31741e-08 0
1e+06 3 5.17947e-05 -4.31741e-08 0
1e+06 3 8.03086e-05 -4.31741e-08 0
1e+06 3 0.00012452 -4.31741e-08 0
1e+06 3 0.00019307 -4.31741e-08 0
1e+06 3 0.000299358 -4.31741e-08 0
1e+06 3 0.000464159 -4.31741e-08 0
1e+06 3 0.000719686 -4.31741e-08 0
1e+06 3 0.00111588 -4.31741e-08 0
1e+06 3 0.0017302 -4.31741e-08 0
1e+06 3 0.0026827 -4.31741e-08 0
1e+06 3 0.00415956 -4.31741e-08 0
1e+06 3 0.00644947 -4.31741e-08 0
1e+06 3 0.01 -4.31741e-08 0
1e+06 3 0.0155052 -4.31741e-08 0
1e+06 3 0.024041 -4.31741e-08 0
1e+06 3 0.0372759 -4.31741e-08 0
1e+06 3 0.0577969 -4.31741e-08 0
1e+06 3 0.0896151 -4.31741e-08 0
1e+06 3 0.13895 -4.31741e-08 0
1e+06 3 0.215443 -4.31742e-08 0
1e+06 3 0.334048 -4.31743e-08 0
1e+06 3 0.517947 -4.31742e-08 0
1e+06 3 0.803086 -4.31737e-08 0
1e+06 3 1.2452 -4.31726e-08 0
1e+06 3 1.9307 -4.31715e-08 0
1e+06 3 2.99358 -4.31719e-08 0
1e+06 3 4.64159 -4.31703e-08 0
1e+06 3 7.19686 -4.31647e-08 0
1e+06 3 11.1588 -4.31629e-08 0
1e+06 3 17.302 -4.31594e-08 0
1e+06 3 26.827 -4.31515e-08 0
1e+06 3 41.5956 -4.31469e-08 0
1e+06 3 64.4947 -4.31407e-08 0
1e+06 3 100 -4.31301e-08 0
1e+06 3 155.052 -4.31169e-08 0
1e+06 3 240.41 -4.30975e-08 0
1e+06 3 372.759 -4.30614e-08 0
1e+06 3 577.969 -4.30118e-08 0
1e+06 3 896.151 -4.29477e-08 0
1e+06 3 1389.5 -4.28371e-08 0
1e+06 3 2154.43 -4.26541e-08 0
1e+06 3 3340.48 -4.23865e-08 0
1e+06 3 5179.47 -4.20213e-08 0
1e+06 3 8030.86 -4.15134e-08 0
1e+06 3 12452 -4.07219e-08 0
1e+06 3 19307 -3.95136e-08 0
1e+06 3 29935.8 -3.77829e-08 0
1e+06 3 46415.9 -3.54111e-08 0
1e+06 3 71968.6 -3.22991e-08 0
1e+06 3 111588 -2.83046e-08 0
1e+06 3 173020 -2.33843e-08 0
1e+06 3 268270 -1.81346e-08 0
1e+06 3 415956 -1.28529e-08 0
1e+06 3 644947 -8.00077e-09 0
1e+06 3 1e+06 -4.09084e-09 0

