#q_sq i k_sq Re(fg) Im(fg)
1e-06 11 1e-06 -0.000613944 0
1e-06 11 1.55052e-06 -0.000613943 0
1e-06 11 2.4041e-06 -0.000613941 0
1e-06 11 3.72759e-06 -0.000613938 0
1e-06 11 5.77969e-06 -0.000613933 0
1e-06 11 8.96151e-06 -0.000613926 0
1e-06 11 1.3895e-05 -0.000613915 0
1e-06 11 2.15443e-05 -0.000613897 0
1e-06 11 3.34048e-05 -0.00061387 0
1e-06 11 5.17947e-05 -0.000613829 0
1e-06 11 8.03086e-05 -0.000613764 0
1e-06 11 0.00012452 -0.000613664 0
1e-06 11 0.00019307 -0.000613508 0
1e-06 11 0.000299358 -0.000613267 0
1e-06 11 0.000464159 -0.000612894 0
1e-06 11 0.000719686 -0.000612315 0
1e-06 11 0.00111588 -0.00061142 0
1e-06 11 0.0017302 -0.000610033 0
1e-06 11 0.0026827 -0.00060789 0
1e-06 11 0.00415956 -0.000604582 0
1e-06 11 0.00644947 -0.000599488 0
1e-06 11 0.01 -0.000591675 0
1e-06 11 0.0155052 -0.000579766 0
1e-06 11 0.024041 -0.000561776 0
1e-06 11 0.0372759 -0.000534991 0
1e-06 11 0.0577969 -0.000496005 0
1e-06 11 0.0896151 -0.000441175 0
1e-06 11 0.13895 -0.000368093 0
1e-06 11 0.215443 -0.000278527 0
1e-06 11 0.334048 -0.000181827 0
1e-06 11 0.517947 -9.56168e-05 0
1e-06 11 0.803086 -3.72709e-05 0
1e-06 11 1.2452 -9.47618e-06 0
1e-06 11 1.9307 -1.21319e-06 0
1e-06 11 2.99358 -2.87947e-07 0
1e-06 11 4.64159 -5.78299e-08 0
1e-06 11 7.19686 -1.65837e-08 0
1e-06 11 11.1588 -4.67624e-09 0
1e-06 11 17.302 -1.01828e-09 0
1e-06 11 26.827 -2.51309e-10 0
1e-06 11 41.5956 -6.84629e-11 0
1e-06 11 64.4947 -1.88932e-11 0
1e-06 11 100 -5.28703e-12 0
1e-06 11 155.052 -1.54572e-12 0
1e-06 11 240.41 -4.57424e-13 0
1e-06 11 372.759 -1.36085e-13 0
1e-06 11 577.969 -4.24692e-14 0
1e-06 11 896.151 -1.39923e-14 0
1e-06 11 1389.5 -4.59496e-15 0
1e-06 11 2154.43 -1.54215e-15 0
1e-06 11 3340.48 -5.37633e-16 0
1e-06 11 5179.47 -1.92613e-16 0
1e-06 11 8030.86 -7.02348e-17 0
1e-06 11 12452 -2.55305e-17 0
1e-06 11 19307 -9.36823e-18 0
1e-06 11 29935.8 -3.49396e-18 0
1e-06 11 46415.9 -1.31604e-18 0
1e-06 11 71968.6 -4.99673e-19 0
1e-06 11 111588 -1.91747e-19 0
1e-06 11 173020 -7.25314e-20 0
1e-06 11 268270 -2.74322e-20 0
1e-06 11 415956 -1.01555e-20 0
1e-06 11 644947 -3.55148e-21 0
1e-06 11 1e+06 -1.07522e-21 0

2.43835e-06 11 1e-06 -0.000958685 0
2.43835e-06 11 1.55052e-06 -0.000958683 0
2.43835e-06 11 2.4041e-06 -0.00095868 0
2.43835e-06 11 3.72759e-06 -0.000958676 0
2.43835e-06 11 5.77969e-06 -0.000958668 0
2.43835e-06 11 8.96151e-06 -0.000958657 0
2.43835e-06 11 1.3895e-05 -0.00095864 0
2.43835e-06 11 2.15443e-05 -0.000958613 0
2.43835e-06 11 3.34048e-05 -0.000958571 0
2.43835e-06 11 5.17947e-05 -0.000958505 0
2.43835e-06 11 8.03086e-05 -0.000958404 0
2.43835e-06 11 0.00012452 -0.000958248 0
2.43835e-06 11 0.00019307 -0.000958005 0
2.43835e-06 11 0.000299358 -0.000957629 0
2.43835e-06 11 0.000464159 -0.000957046 0
2.43835e-06 11 0.000719686 -0.000956143 0
2.43835e-06 11 0.00111588 -0.000954744 0
2.43835e-06 11 0.0017302 -0.000952579 0
2.43835e-06 11 0.0026827 -0.000949232 0
2.43835e-06 11 0.00415956 -0.000944066 0
2.43835e-06 11 0.00644947 -0.000936112 0
2.43835e-06 11 0.01 -0.000923913 0
2.43835e-06 11 0.0155052 -0.000905316 0
2.43835e-06 11 0.024041 -0.000877224 0
2.43835e-06 11 0.0372759 -0.000835398 0
2.43835e-06 11 0.0577969 -0.000774522 0
2.43835e-06 11 0.0896151 -0.000688904 0
2.43835e-06 11 0.13895 -0.000574785 0
2.43835e-06 11 0.215443 -0.000434925 0
2.43835e-06 11 0.334048 -0.000283926 0
2.43835e-06 11 0.517947 -0.000149308 0
2.43835e-06 11 0.803086 -5.81993e-05 0
2.43835e-06 11 1.2452 -1.47973e-05 0
2.43835e-06 11 1.9307 -1.89442e-06 0
2.43835e-06 11 2.99358 -4.49636e-07 0
2.43835e-06 11 4.64159 -9.03026e-08 0
2.43835e-06 11 7.19686 -2.58958e-08 0
2.43835e-06 11 11.1588 -7.30206e-09 0
2.43835e-06 11 17.302 -1.59007e-09 0
2.43835e-06 11 26.827 -3.92425e-10 0
2.43835e-06 11 41.5956 -1.06906e-10 0
2.43835e-06 11 64.4947 -2.95022e-11 0
2.43835e-06 11 100 -8.25582e-12 0
2.43835e-06 11 155.052 -2.41368e-12 0
2.43835e-06 11 240.41 -7.14279e-13 0
2.43835e-06 11 372.759 -2.12499e-13 0
2.43835e-06 11 577.969 -6.63167e-14 0
2.43835e-06 11 896.151 -2.18493e-14 0
2.43835e-06 11 1389.5 -7.17513e-15 0
2.43835e-06 11 2154.43 -2.40811e-15 0
2.43835e-06 11 3340.48 -8.39526e-16 0
2.43835e-06 11 5179.47 -3.00769e-16 0
2.43835e-06 11 8030.86 -1.09673e-16 0
2.43835e-06 11 12452 -3.98665e-17 0
2.43835e-06 11 19307 -1.46287e-17 0
2.43835e-06 11 29935.8 -5.45589e-18 0
2.43835e-06 11 46415.9 -2.05502e-18 0
2.43835e-06 11 71968.6 -7.80245e-19 0
2.43835e-06 11 111588 -2.99412e-19 0
2.43835e-06 11 173020 -1.13255e-19 0
2.43835e-06 11 268270 -4.28328e-20 0
2.43835e-06 11 415956 -1.58568e-20 0
2.43835e-06 11 644947 -5.54531e-21 0
2.43835e-06 11 1e+06 -1.67888e-21 0

5.94557e-06 11 1e-06 -0.001497 0
5.94557e-06 11 1.55052e-06 -0.001497 0
5.94557e-06 11 2.4041e-06 -0.00149699 0
5.94557e-06 11 3.72759e-06 -0.00149699 0
5.94557e-06 11 5.77969e-06 -0.00149698 0
5.94557e-06 11 8.96151e-06 -0.00149696 0
5.94557e-06 11 1.3895e-05 -0.00149693 0
5.94557e-06 11 2.15443e-05 -0.00149689 0
5.94557e-06 11 3.34048e-05 -0.00149682 0
5.94557e-06 11 5.17947e-05 -0.00149672 0
5.94557e-06 11 8.03086e-05 -0.00149656 0
5.94557e-06 11 0.00012452 -0.00149632 0
5.94557e-06 11 0.00019307 -0.00149594 0
5.94557e-06 11 0.000299358 -0.00149535 0
5.94557e-06 11 0.000464159 -0.00149444 0
5.94557e-06 11 0.000719686 -0.00149303 0
5.94557e-06 11 0.00111588 -0.00149085 0
5.94557e-06 11 0.0017302 -0.00148747 0
5.94557e-06 11 0.0026827 -0.00148224 0
5.94557e-06 11 0.00415956 -0.00147417 0
5.94557e-06 11 0.00644947 -0.00146175 0
5.94557e-06 11 0.01 -0.0014427 0
5.94557e-06 11 0.0155052 -0.00141366 0
5.94557e-06 11 0.024041 -0.0013698 0
5.94557e-06 11 0.0372759 -0.00130449 0
5.94557e-06 11 0.0577969 -0.00120943 0
5.94557e-06 11 0.0896151 -0.00107574 0
5.94557e-06 11 0.13895 -0.000897536 0
5.94557e-06 11 0.215443 -0.000679144 0
5.94557e-06 11 0.334048 -0.000443356 0
5.94557e-06 11 0.517947 -0.000233147 0
5.94557e-06 11 0.803086 -9.08793e-05 0
5.94557e-06 11 1.2452 -2.31062e-05 0
5.94557e-06 11 1.9307 -2.95817e-06 0
5.94557e-06 11 2.99358 -7.02117e-07 0
5.94557e-06 11 4.64159 -1.41009e-07 0
5.94557e-06 11 7.19686 -4.04368e-08 0
5.94557e-06 11 11.1588 -1.14023e-08 0
5.94557e-06 11 17.302 -2.48292e-09 0
5.94557e-06 11 26.827 -6.12781e-10 0
5.94557e-06 11 41.5956 -1.66937e-10 0
5.94557e-06 11 64.4947 -4.60683e-11 0
5.94557e-06 11 100 -1.28916e-11 0
5.94557e-06 11 155.052 -3.76902e-12 0
5.94557e-06 11 240.41 -1.11536e-12 0
5.94557e-06 11 372.759 -3.31822e-13 0
5.94557e-06 11 577.969 -1.03555e-13 0
5.94557e-06 11 896.151 -3.41182e-14 0
5.94557e-06 11 1389.5 -1.12041e-14 0
5.94557e-06 11 2154.43 -3.76031e-15 0
5.94557e-06 11 3340.48 -1.31094e-15 0
5.94557e-06 11 5179.47 -4.69658e-16 0
5.94557e-06 11 8030.86 -1.71257e-16 0
5.94557e-06 11 12452 -6.22525e-17 0
5.94557e-06 11 19307 -2.28431e-17 0
5.94557e-06 11 29935.8 -8.51949e-18 0
5.94557e-06 11 46415.9 -3.20895e-18 0
5.94557e-06 11 71968.6 -1.21836e-18 0
5.94557e-06 11 111588 -4.67531e-19 0
5.94557e-06 11 173020 -1.76842e-19 0
5.94557e-06 11 268270 -6.68781e-20 0
5.94557e-06 11 415956 -2.47583e-20 0
5.94557e-06 11 644947 -8.65849e-21 0
5.94557e-06 11 1e+06 -2.62145e-21 0

1.44974e-05 11 1e-06 -0.00233755 0
1.44974e-05 11 1.55052e-06 -0.00233755 0
1.44974e-05 11 2.4041e-06 -0.00233754 0
1.44974e-05 11 3.72759e-06 -0.00233753 0
1.44974e-05 11 5.77969e-06 -0.00233751 0
1.44974e-05 11 8.96151e-06 -0.00233748 0
1.44974e-05 11 1.3895e-05 -0.00233744 0
1.44974e-05 11 2.15443e-05 -0.00233737 0
1.44974e-05 11 3.34048e-05 -0.00233727 0
1.44974e-05 11 5.17947e-05 -0.00233711 0
1.44974e-05 11 8.03086e-05 -0.00233687 0
1.44974e-05 11 0.00012452 -0.00233648 0
1.44974e-05 11 0.00019307 -0.00233589 0
1.44974e-05 11 0.000299358 -0.00233497 0
1.44974e-05 11 0.000464159 -0.00233355 0
1.44974e-05 11 0.000719686 -0.00233135 0
1.44974e-05 11 0.00111588 -0.00232794 0
1.44974e-05 11 0.0017302 -0.00232266 0
1.44974e-05 11 0.0026827 -0.0023145 0
1.44974e-05 11 0.00415956 -0.0023019 0
1.44974e-05 11 0.00644947 -0.00228251 0
1.44974e-05 11 0.01 -0.00225276 0
1.44974e-05 11 0.0155052 -0.00220742 0
1.44974e-05 11 0.024041 -0.00213892 0
1.44974e-05 11 0.0372759 -0.00203693 0
1.44974e-05 11 0.0577969 -0.0018885 0
1.44974e-05 11 0.0896151 -0.00167973 0
1.44974e-05 11 0.13895 -0.00140147 0
1.44974e-05 11 0.215443 -0.00106045 0
1.44974e-05 11 0.334048 -0.000692281 0
1.44974e-05 11 0.517947 -0.000364051 0
1.44974e-05 11 0.803086 -0.00014191 0
1.44974e-05 11 1.2452 -3.60832e-05 0
1.44974e-05 11 1.9307 -4.61974e-06 0
1.44974e-05 11 2.99358 -1.09642e-06 0
1.44974e-05 11 4.64159 -2.20209e-07 0
1.44974e-05 11 7.19686 -6.31492e-08 0
1.44974e-05 11 11.1588 -1.78068e-08 0
1.44974e-05 11 17.302 -3.87764e-09 0
1.44974e-05 11 26.827 -9.57004e-10 0
1.44974e-05 11 41.5956 -2.6071e-10 0
1.44974e-05 11 64.4947 -7.19457e-11 0
1.44974e-05 11 100 -2.01329e-11 0
1.44974e-05 11 155.052 -5.886e-12 0
1.44974e-05 11 240.41 -1.74182e-12 0
1.44974e-05 11 372.759 -5.18187e-13 0
1.44974e-05 11 577.969 -1.61714e-13 0
1.44974e-05 11 896.151 -5.32789e-14 0
1.44974e-05 11 1389.5 -1.74962e-14 0
1.44974e-05 11 2154.43 -5.87199e-15 0
1.44974e-05 11 3340.48 -2.04711e-15 0
1.44974e-05 11 5179.47 -7.33393e-16 0
1.44974e-05 11 8030.86 -2.67425e-16 0
1.44974e-05 11 12452 -9.72094e-17 0
1.44974e-05 11 19307 -3.56701e-17 0
1.44974e-05 11 29935.8 -1.33034e-17 0
1.44974e-05 11 46415.9 -5.01086e-18 0
1.44974e-05 11 71968.6 -1.9025e-18 0
1.44974e-05 11 111588 -7.30052e-19 0
1.44974e-05 11 173020 -2.76134e-19 0
1.44974e-05 11 268270 -1.04426e-19 0
1.44974e-05 11 415956 -3.86582e-20 0
1.44974e-05 11 644947 -1.35198e-20 0
1.44974e-05 11 1e+06 -4.09331e-21 0

3.53498e-05 11 1e-06 -0.00364981 0
3.53498e-05 11 1.55052e-06 -0.0036498 0
3.53498e-05 11 2.4041e-06 -0.00364979 0
3.53498e-05 11 3.72759e-06 -0.00364977 0
3.53498e-05 11 5.77969e-06 -0.00364974 0
3.53498e-05 11 8.96151e-06 -0.0036497 0
3.53498e-05 11 1.3895e-05 -0.00364963 0
3.53498e-05 11 2.15443e-05 -0.00364953 0
3.53498e-05 11 3.34048e-05 -0.00364937 0
3.53498e-05 11 5.17947e-05 -0.00364912 0
3.53498e-05 11 8.03086e-05 -0.00364874 0
3.53498e-05 11 0.00012452 -0.00364814 0
3.53498e-05 11 0.00019307 -0.00364722 0
3.53498e-05 11 0.000299358 -0.00364578 0
3.53498e-05 11 0.000464159 -0.00364356 0
3.53498e-05 11 0.000719686 -0.00364012 0
3.53498e-05 11 0.00111588 -0.0036348 0
3.53498e-05 11 0.0017302 -0.00362655 0
3.53498e-05 11 0.0026827 -0.00361381 0
3.53498e-05 11 0.00415956 -0.00359414 0
3.53498e-05 11 0.00644947 -0.00356385 0
3.53498e-05 11 0.01 -0.00351739 0
3.53498e-05 11 0.0155052 -0.00344657 0
3.53498e-05 11 0.024041 -0.0033396 0
3.53498e-05 11 0.0372759 -0.00318032 0
3.53498e-05 11 0.0577969 -0.00294851 0
3.53498e-05 11 0.0896151 -0.00262248 0
3.53498e-05 11 0.13895 -0.00218795 0
3.53498e-05 11 0.215443 -0.00165544 0
3.53498e-05 11 0.334048 -0.00108058 0
3.53498e-05 11 0.517947 -0.000568174 0
3.53498e-05 11 0.803086 -0.000221464 0
3.53498e-05 11 1.2452 -5.63137e-05 0
3.53498e-05 11 1.9307 -7.20656e-06 0
3.53498e-05 11 2.99358 -1.71163e-06 0
3.53498e-05 11 4.64159 -3.44153e-07 0
3.53498e-05 11 7.19686 -9.869e-08 0
3.53498e-05 11 11.1588 -2.78261e-08 0
3.53498e-05 11 17.302 -6.06036e-09 0
3.53498e-05 11 26.827 -1.49576e-09 0
3.53498e-05 11 41.5956 -4.07456e-10 0
3.53498e-05 11 64.4947 -1.12434e-10 0
3.53498e-05 11 100 -3.14608e-11 0
3.53498e-05 11 155.052 -9.19693e-12 0
3.53498e-05 11 240.41 -2.72137e-12 0
3.53498e-05 11 372.759 -8.0954e-13 0
3.53498e-05 11 577.969 -2.52617e-13 0
3.53498e-05 11 896.151 -8.32211e-14 0
3.53498e-05 11 1389.5 -2.73271e-14 0
3.53498e-05 11 2154.43 -9.17089e-15 0
3.53498e-05 11 3340.48 -3.19703e-15 0
3.53498e-05 11 5179.47 -1.14532e-15 0
3.53498e-05 11 8030.86 -4.17619e-16 0
3.53498e-05 11 12452 -1.51802e-16 0
3.53498e-05 11 19307 -5.57016e-17 0
3.53498e-05 11 29935.8 -2.07741e-17 0
3.53498e-05 11 46415.9 -7.82469e-18 0
3.53498e-05 11 71968.6 -2.97082e-18 0
3.53498e-05 11 111588 -1.13999e-18 0
3.53498e-05 11 173020 -4.3118e-19 0
3.53498e-05 11 268270 -1.63053e-19 0
3.53498e-05 11 415956 -6.03621e-20 0
3.53498e-05 11 644947 -2.11107e-20 0
3.53498e-05 11 1e+06 -6.39163e-21 0

8.61954e-05 11 1e-06 -0.00569906 0
8.61954e-05 11 1.55052e-06 -0.00569905 0
8.61954e-05 11 2.4041e-06 -0.00569903 0
8.61954e-05 11 3.72759e-06 -0.005699 0
8.61954e-05 11 5.77969e-06 -0.00569896 0
8.61954e-05 11 8.96151e-06 -0.00569889 0
8.61954e-05 11 1.3895e-05 -0.00569879 0
8.61954e-05 11 2.15443e-05 -0.00569863 0
8.61954e-05 11 3.34048e-05 -0.00569838 0
8.61954e-05 11 5.17947e-05 -0.00569799 0
8.61954e-05 11 8.03086e-05 -0.00569739 0
8.61954e-05 11 0.00012452 -0.00569646 0
8.61954e-05 11 0.00019307 -0.00569501 0
8.61954e-05 11 0.000299358 -0.00569278 0
8.61954e-05 11 0.000464159 -0.00568931 0
8.61954e-05 11 0.000719686 -0.00568394 0
8.61954e-05 11 0.00111588 -0.00567561 0
8.61954e-05 11 0.0017302 -0.00566274 0
8.61954e-05 11 0.0026827 -0.00564283 0
8.61954e-05 11 0.00415956 -0.0056121 0
8.61954e-05 11 0.00644947 -0.00556478 0
8.61954e-05 11 0.01 -0.00549222 0
8.61954e-05 11 0.0155052 -0.00538159 0
8.61954e-05 11 0.024041 -0.00521449 0
8.61954e-05 11 0.0372759 -0.0049657 0
8.61954e-05 11 0.0577969 -0.00460359 0
8.61954e-05 11 0.0896151 -0.00409436 0
8.61954e-05 11 0.13895 -0.00341566 0
8.61954e-05 11 0.215443 -0.00258402 0
8.61954e-05 11 0.334048 -0.00168641 0
8.61954e-05 11 0.517947 -0.000886581 0
8.61954e-05 11 0.803086 -0.000345622 0
8.61954e-05 11 1.2452 -8.79546e-05 0
8.61954e-05 11 1.9307 -1.12394e-05 0
8.61954e-05 11 2.99358 -2.66465e-06 0
8.61954e-05 11 4.64159 -5.37976e-07 0
8.61954e-05 11 7.19686 -1.54309e-07 0
8.61954e-05 11 11.1588 -4.34983e-08 0
8.61954e-05 11 17.302 -9.47521e-09 0
8.61954e-05 11 26.827 -2.33863e-09 0
8.61954e-05 11 41.5956 -6.36999e-10 0
8.61954e-05 11 64.4947 -1.75757e-10 0
8.61954e-05 11 100 -4.91745e-11 0
8.61954e-05 11 155.052 -1.43733e-11 0
8.61954e-05 11 240.41 -4.25257e-12 0
8.61954e-05 11 372.759 -1.2649e-12 0
8.61954e-05 11 577.969 -3.94668e-13 0
8.61954e-05 11 896.151 -1.30003e-13 0
8.61954e-05 11 1389.5 -4.26851e-14 0
8.61954e-05 11 2154.43 -1.4324e-14 0
8.61954e-05 11 3340.48 -4.99311e-15 0
8.61954e-05 11 5179.47 -1.78867e-15 0
8.61954e-05 11 8030.86 -6.5218e-16 0
8.61954e-05 11 12452 -2.37058e-16 0
8.61954e-05 11 19307 -8.69833e-17 0
8.61954e-05 11 29935.8 -3.24402e-17 0
8.61954e-05 11 46415.9 -1.22187e-17 0
8.61954e-05 11 71968.6 -4.63906e-18 0
8.61954e-05 11 111588 -1.78013e-18 0
8.61954e-05 11 173020 -6.73288e-19 0
8.61954e-05 11 268270 -2.54599e-19 0
8.61954e-05 11 415956 -9.4253e-20 0
8.61954e-05 11 644947 -3.29641e-20 0
8.61954e-05 11 1e+06 -9.98051e-21 0

0.000210175 11 1e-06 -0.00891512 0
0.000210175 11 1.55052e-06 -0.0089151 0
0.000210175 11 2.4041e-06 -0.00891508 0
0.000210175 11 3.72759e-06 -0.00891503 0
0.000210175 11 5.77969e-06 -0.00891496 0
0.000210175 11 8.96151e-06 -0.00891486 0
0.000210175 11 1.3895e-05 -0.0089147 0
0.000210175 11 2.15443e-05 -0.00891444 0
0.000210175 11 3.34048e-05 -0.00891405 0
0.000210175 11 5.17947e-05 -0.00891345 0
0.000210175 11 8.03086e-05 -0.0089125 0
0.000210175 11 0.00012452 -0.00891105 0
0.000210175 11 0.00019307 -0.00890878 0
0.000210175 11 0.000299358 -0.00890528 0
0.000210175 11 0.000464159 -0.00889985 0
0.000210175 11 0.000719686 -0.00889143 0
0.000210175 11 0.00111588 -0.0088784 0
0.000210175 11 0.0017302 -0.00885823 0
0.000210175 11 0.0026827 -0.00882704 0
0.000210175 11 0.00415956 -0.00877891 0
0.000210175 11 0.00644947 -0.0087048 0
0.000210175 11 0.01 -0.00859115 0
0.000210175 11 0.0155052 -0.00841788 0
0.000210175 11 0.024041 -0.00815618 0
0.000210175 11 0.0372759 -0.00776655 0
0.000210175 11 0.0577969 -0.00719952 0
0.000210175 11 0.0896151 -0.00640219 0
0.000210175 11 0.13895 -0.00533976 0
0.000210175 11 0.215443 -0.00403833 0
0.000210175 11 0.334048 -0.0026344 0
0.000210175 11 0.517947 -0.00138441 0
0.000210175 11 0.803086 -0.00053994 0
0.000210175 11 1.2452 -0.000137876 0
0.000210175 11 1.9307 -1.77229e-05 0
0.000210175 11 2.99358 -4.15296e-06 0
0.000210175 11 4.64159 -8.40314e-07 0
0.000210175 11 7.19686 -2.41325e-07 0
0.000210175 11 11.1588 -6.80086e-08 0
0.000210175 11 17.302 -1.48172e-08 0
0.000210175 11 26.827 -3.65724e-09 0
0.000210175 11 41.5956 -9.96056e-10 0
0.000210175 11 64.4947 -2.74796e-10 0
0.000210175 11 100 -7.68752e-11 0
0.000210175 11 155.052 -2.24667e-11 0
0.000210175 11 240.41 -6.6462e-12 0
0.000210175 11 372.759 -1.97664e-12 0
0.000210175 11 577.969 -6.16657e-13 0
0.000210175 11 896.151 -2.03099e-13 0
0.000210175 11 1389.5 -6.66784e-14 0
0.000210175 11 2154.43 -2.23736e-14 0
0.000210175 11 3340.48 -7.7985e-15 0
0.000210175 11 5179.47 -2.79347e-15 0
0.000210175 11 8030.86 -1.0185e-15 0
0.000210175 11 12452 -3.70199e-16 0
0.000210175 11 19307 -1.35834e-16 0
0.000210175 11 29935.8 -5.06581e-17 0
0.000210175 11 46415.9 -1.90803e-17 0
0.000210175 11 71968.6 -7.24412e-18 0
0.000210175 11 111588 -2.77974e-18 0
0.000210175 11 173020 -1.05135e-18 0
0.000210175 11 268270 -3.97553e-19 0
0.000210175 11 415956 -1.47175e-19 0
0.000210175 11 644947 -5.14735e-20 0
0.000210175 11 1e+06 -1.55847e-20 0

0.000512481 11 1e-06 -0.0139669 0
0.000512481 11 1.55052e-06 -0.0139669 0
0.000512481 11 2.4041e-06 -0.0139668 0
0.000512481 11 3.72759e-06 -0.0139668 0
0.000512481 11 5.77969e-06 -0.0139667 0
0.000512481 11 8.96151e-06 -0.0139665 0
0.000512481 11 1.3895e-05 -0.0139662 0
0.000512481 11 2.15443e-05 -0.0139658 0
0.000512481 11 3.34048e-05 -0.0139652 0
0.000512481 11 5.17947e-05 -0.0139643 0
0.000512481 11 8.03086e-05 -0.0139628 0
0.000512481 11 0.00012452 -0.0139605 0
0.000512481 11 0.00019307 -0.013957 0
0.000512481 11 0.000299358 -0.0139515 0
0.000512481 11 0.000464159 -0.013943 0
0.000512481 11 0.000719686 -0.0139298 0
0.000512481 11 0.00111588 -0.0139093 0
0.000512481 11 0.0017302 -0.0138777 0
0.000512481 11 0.0026827 -0.0138288 0
0.000512481 11 0.00415956 -0.0137533 0
0.000512481 11 0.00644947 -0.013637 0
0.000512481 11 0.01 -0.0134587 0
0.000512481 11 0.0155052 -0.013187 0
0.000512481 11 0.024041 -0.0127765 0
0.000512481 11 0.0372759 -0.0121654 0
0.000512481 11 0.0577969 -0.0112761 0
0.000512481 11 0.0896151 -0.0100258 0
0.000512481 11 0.13895 -0.00836009 0
0.000512481 11 0.215443 -0.00632023 0
0.000512481 11 0.334048 -0.00412074 0
0.000512481 11 0.517947 -0.00216401 0
0.000512481 11 0.803086 -0.00084371 0
0.000512481 11 1.2452 -0.00021578 0
0.000512481 11 1.9307 -2.78292e-05 0
0.000512481 11 2.99358 -6.47548e-06 0
0.000512481 11 4.64159 -1.31348e-06 0
0.000512481 11 7.19686 -3.77636e-07 0
0.000512481 11 11.1588 -1.06395e-07 0
0.000512481 11 17.302 -2.31884e-08 0
0.000512481 11 26.827 -5.72395e-09 0
0.000512481 11 41.5956 -1.5587e-09 0
0.000512481 11 64.4947 -4.29948e-10 0
0.000512481 11 100 -1.20258e-10 0
0.000512481 11 155.052 -3.51373e-11 0
0.000512481 11 240.41 -1.03922e-11 0
0.000512481 11 372.759 -3.09016e-12 0
0.000512481 11 577.969 -9.63844e-13 0
0.000512481 11 896.151 -3.1738e-13 0
0.000512481 11 1389.5 -1.04181e-13 0
0.000512481 11 2154.43 -3.49524e-14 0
0.000512481 11 3340.48 -1.21816e-14 0
0.000512481 11 5179.47 -4.36311e-15 0
0.000512481 11 8030.86 -1.59068e-15 0
0.000512481 11 12452 -5.78144e-16 0
0.000512481 11 19307 -2.12126e-16 0
0.000512481 11 29935.8 -7.91084e-17 0
0.000512481 11 46415.9 -2.97955e-17 0
0.000512481 11 71968.6 -1.13122e-17 0
0.000512481 11 111588 -4.3407e-18 0
0.000512481 11 173020 -1.64171e-18 0
0.000512481 11 268270 -6.20781e-19 0
0.000512481 11 415956 -2.29814e-19 0
0.000512481 11 644947 -8.03766e-20 0
0.000512481 11 1e+06 -2.43357e-20 0

0.00124961 11 1e-06 -0.0218548 0
0.00124961 11 1.55052e-06 -0.0218548 0
0.00124961 11 2.4041e-06 -0.0218547 0
0.00124961 11 3.72759e-06 -0.0218546 0
0.00124961 11 5.77969e-06 -0.0218544 0
0.00124961 11 8.96151e-06 -0.0218542 0
0.00124961 11 1.3895e-05 -0.0218538 0
0.00124961 11 2.15443e-05 -0.0218531 0
0.00124961 11 3.34048e-05 -0.0218522 0
0.00124961 11 5.17947e-05 -0.0218507 0
0.00124961 11 8.03086e-05 -0.0218484 0
0.00124961 11 0.00012452 -0.0218448 0
0.00124961 11 0.00019307 -0.0218393 0
0.00124961 11 0.000299358 -0.0218306 0
0.00124961 11 0.000464159 -0.0218173 0
0.00124961 11 0.000719686 -0.0217967 0
0.00124961 11 0.00111588 -0.0217647 0
0.00124961 11 0.0017302 -0.0217151 0
0.00124961 11 0.0026827 -0.0216386 0
0.00124961 11 0.00415956 -0.0215205 0
0.00124961 11 0.00644947 -0.0213385 0
0.00124961 11 0.01 -0.0210596 0
0.00124961 11 0.0155052 -0.0206343 0
0.00124961 11 0.024041 -0.0199919 0
0.00124961 11 0.0372759 -0.0190355 0
0.00124961 11 0.0577969 -0.0176437 0
0.00124961 11 0.0896151 -0.0156867 0
0.00124961 11 0.13895 -0.0130794 0
0.00124961 11 0.215443 -0.00988659 0
0.00124961 11 0.334048 -0.00644419 0
0.00124961 11 0.517947 -0.00338267 0
0.00124961 11 0.803086 -0.00131842 0
0.00124961 11 1.2452 -0.000337513 0
0.00124961 11 1.9307 -4.36208e-05 0
0.00124961 11 2.99358 -1.00867e-05 0
0.00124961 11 4.64159 -2.05139e-06 0
0.00124961 11 7.19686 -5.91417e-07 0
0.00124961 11 11.1588 -1.66562e-07 0
0.00124961 11 17.302 -3.63173e-08 0
0.00124961 11 26.827 -8.96559e-09 0
0.00124961 11 41.5956 -2.44092e-09 0
0.00124961 11 64.4947 -6.73147e-10 0
0.00124961 11 100 -1.88237e-10 0
0.00124961 11 155.052 -5.49826e-11 0
0.00124961 11 240.41 -1.6257e-11 0
0.00124961 11 372.759 -4.83285e-12 0
0.00124961 11 577.969 -1.50699e-12 0
0.00124961 11 896.151 -4.96089e-13 0
0.00124961 11 1389.5 -1.62807e-13 0
0.00124961 11 2154.43 -5.46117e-14 0
0.00124961 11 3340.48 -1.90302e-14 0
0.00124961 11 5179.47 -6.81526e-15 0
0.00124961 11 8030.86 -2.48445e-15 0
0.00124961 11 12452 -9.0293e-16 0
0.00124961 11 19307 -3.31277e-16 0
0.00124961 11 29935.8 -1.23539e-16 0
0.00124961 11 46415.9 -4.65288e-17 0
0.00124961 11 71968.6 -1.76649e-17 0
0.00124961 11 111588 -6.77826e-18 0
0.00124961 11 173020 -2.56361e-18 0
0.00124961 11 268270 -9.69363e-19 0
0.00124961 11 415956 -3.58859e-19 0
0.00124961 11 644947 -1.2551e-19 0
0.00124961 11 1e+06 -3.80008e-20 0

0.00304699 11 1e-06 -0.0341016 0
0.00304699 11 1.55052e-06 -0.0341015 0
0.00304699 11 2.4041e-06 -0.0341014 0
0.00304699 11 3.72759e-06 -0.0341012 0
0.00304699 11 5.77969e-06 -0.034101 0
0.00304699 11 8.96151e-06 -0.0341006 0
0.00304699 11 1.3895e-05 -0.0340999 0
0.00304699 11 2.15443e-05 -0.034099 0
0.00304699 11 3.34048e-05 -0.0340975 0
0.00304699 11 5.17947e-05 -0.0340951 0
0.00304699 11 8.03086e-05 -0.0340915 0
0.00304699 11 0.00012452 -0.034086 0
0.00304699 11 0.00019307 -0.0340773 0
0.00304699 11 0.000299358 -0.0340639 0
0.00304699 11 0.000464159 -0.0340431 0
0.00304699 11 0.000719686 -0.0340109 0
0.00304699 11 0.00111588 -0.033961 0
0.00304699 11 0.0017302 -0.0338838 0
0.00304699 11 0.0026827 -0.0337645 0
0.00304699 11 0.00415956 -0.0335803 0
0.00304699 11 0.00644947 -0.0332966 0
0.00304699 11 0.01 -0.0328616 0
0.00304699 11 0.0155052 -0.0321985 0
0.00304699 11 0.024041 -0.0311968 0
0.00304699 11 0.0372759 -0.0297054 0
0.00304699 11 0.0577969 -0.0275349 0
0.00304699 11 0.0896151 -0.0244825 0
0.00304699 11 0.13895 -0.0204152 0
0.00304699 11 0.215443 -0.0154331 0
0.00304699 11 0.334048 -0.0100603 0
0.00304699 11 0.517947 -0.00528117 0
0.00304699 11 0.803086 -0.00205904 0
0.00304699 11 1.2452 -0.0005281 0
0.00304699 11 1.9307 -6.86741e-05 0
0.00304699 11 2.99358 -1.5863e-05 0
0.00304699 11 4.64159 -3.20203e-06 0
0.00304699 11 7.19686 -9.26941e-07 0
0.00304699 11 11.1588 -2.60982e-07 0
0.00304699 11 17.302 -5.69349e-08 0
0.00304699 11 26.827 -1.40571e-08 0
0.00304699 11 41.5956 -3.82605e-09 0
0.00304699 11 64.4947 -1.05482e-09 0
0.00304699 11 100 -2.94876e-10 0
0.00304699 11 155.052 -8.60957e-11 0
0.00304699 11 240.41 -2.54468e-11 0
0.00304699 11 372.759 -7.56222e-12 0
0.00304699 11 577.969 -2.35719e-12 0
0.00304699 11 896.151 -7.75679e-13 0
0.00304699 11 1389.5 -2.5449e-13 0
0.00304699 11 2154.43 -8.53452e-14 0
0.00304699 11 3340.48 -2.97336e-14 0
0.00304699 11 5179.47 -1.06467e-14 0
0.00304699 11 8030.86 -3.8807e-15 0
0.00304699 11 12452 -1.41025e-15 0
0.00304699 11 19307 -5.17374e-16 0
0.00304699 11 29935.8 -1.9293e-16 0
0.00304699 11 46415.9 -7.26611e-17 0
0.00304699 11 71968.6 -2.75854e-17 0
0.00304699 11 111588 -1.05848e-17 0
0.00304699 11 173020 -4.00321e-18 0
0.00304699 11 268270 -1.51369e-18 0
0.00304699 11 415956 -5.60369e-19 0
0.00304699 11 644947 -1.95987e-19 0
0.00304699 11 1e+06 -5.93394e-20 0

0.00742964 11 1e-06 -0.0530469 0
0.00742964 11 1.55052e-06 -0.0530468 0
0.00742964 11 2.4041e-06 -0.0530466 0
0.00742964 11 3.72759e-06 -0.0530464 0
0.00742964 11 5.77969e-06 -0.053046 0
0.00742964 11 8.96151e-06 -0.0530453 0
0.00742964 11 1.3895e-05 -0.0530444 0
0.00742964 11 2.15443e-05 -0.0530429 0
0.00742964 11 3.34048e-05 -0.0530405 0
0.00742964 11 5.17947e-05 -0.0530369 0
0.00742964 11 8.03086e-05 -0.0530313 0
0.00742964 11 0.00012452 -0.0530226 0
0.00742964 11 0.00019307 -0.0530092 0
0.00742964 11 0.000299358 -0.0529883 0
0.00742964 11 0.000464159 -0.052956 0
0.00742964 11 0.000719686 -0.0529059 0
0.00742964 11 0.00111588 -0.0528284 0
0.00742964 11 0.0017302 -0.0527084 0
0.00742964 11 0.0026827 -0.0525228 0
0.00742964 11 0.00415956 -0.0522365 0
0.00742964 11 0.00644947 -0.0517955 0
0.00742964 11 0.01 -0.0511193 0
0.00742964 11 0.0155052 -0.0500883 0
0.00742964 11 0.024041 -0.048531 0
0.00742964 11 0.0372759 -0.0462124 0
0.00742964 11 0.0577969 -0.0428377 0
0.00742964 11 0.0896151 -0.0380918 0
0.00742964 11 0.13895 -0.0317672 0
0.00742964 11 0.215443 -0.0240191 0
0.00742964 11 0.334048 -0.0156615 0
0.00742964 11 0.517947 -0.00822518 0
0.00742964 11 0.803086 -0.00320941 0
0.00742964 11 1.2452 -0.000824567 0
0.00742964 11 1.9307 -0.000107722 0
0.00742964 11 2.99358 -2.49301e-05 0
0.00742964 11 4.64159 -4.99498e-06 0
0.00742964 11 7.19686 -1.45252e-06 0
0.00742964 11 11.1588 -4.08965e-07 0
0.00742964 11 17.302 -8.9281e-08 0
0.00742964 11 26.827 -2.20477e-08 0
0.00742964 11 41.5956 -5.99943e-09 0
0.00742964 11 64.4947 -1.6535e-09 0
0.00742964 11 100 -4.62077e-10 0
0.00742964 11 155.052 -1.34851e-10 0
0.00742964 11 240.41 -3.98397e-11 0
0.00742964 11 372.759 -1.1835e-11 0
0.00742964 11 577.969 -3.68755e-12 0
0.00742964 11 896.151 -1.21297e-12 0
0.00742964 11 1389.5 -3.97836e-13 0
0.00742964 11 2154.43 -1.33383e-13 0
0.00742964 11 3340.48 -4.64591e-14 0
0.00742964 11 5179.47 -1.66327e-14 0
0.00742964 11 8030.86 -6.06176e-15 0
0.00742964 11 12452 -2.20265e-15 0
0.00742964 11 19307 -8.08024e-16 0
0.00742964 11 29935.8 -3.01299e-16 0
0.00742964 11 46415.9 -1.13471e-16 0
0.00742964 11 71968.6 -4.30776e-17 0
0.00742964 11 111588 -1.65289e-17 0
0.00742964 11 173020 -6.25125e-18 0
0.00742964 11 268270 -2.3637e-18 0
0.00742964 11 415956 -8.75035e-19 0
0.00742964 11 644947 -3.06041e-19 0
0.00742964 11 1e+06 -9.26603e-20 0

0.0181161 11 1e-06 -0.0821052 0
0.0181161 11 1.55052e-06 -0.082105 0
0.0181161 11 2.4041e-06 -0.0821048 0
0.0181161 11 3.72759e-06 -0.0821044 0
0.0181161 11 5.77969e-06 -0.0821038 0
0.0181161 11 8.96151e-06 -0.0821028 0
0.0181161 11 1.3895e-05 -0.0821013 0
0.0181161 11 2.15443e-05 -0.082099 0
0.0181161 11 3.34048e-05 -0.0820954 0
0.0181161 11 5.17947e-05 -0.0820898 0
0.0181161 11 8.03086e-05 -0.0820811 0
0.0181161 11 0.00012452 -0.0820677 0
0.0181161 11 0.00019307 -0.0820469 0
0.0181161 11 0.000299358 -0.0820146 0
0.0181161 11 0.000464159 -0.0819647 0
0.0181161 11 0.000719686 -0.0818872 0
0.0181161 11 0.00111588 -0.0817673 0
0.0181161 11 0.0017302 -0.0815817 0
0.0181161 11 0.0026827 -0.0812948 0
0.0181161 11 0.00415956 -0.080852 0
0.0181161 11 0.00644947 -0.0801701 0
0.0181161 11 0.01 -0.0791243 0
0.0181161 11 0.0155052 -0.0775299 0
0.0181161 11 0.024041 -0.0751216 0
0.0181161 11 0.0372759 -0.0715357 0
0.0181161 11 0.0577969 -0.0663162 0
0.0181161 11 0.0896151 -0.0589754 0
0.0181161 11 0.13895 -0.0491911 0
0.0181161 11 0.215443 -0.0372024 0
0.0181161 11 0.334048 -0.0242671 0
0.0181161 11 0.517947 -0.012753 0
0.0181161 11 0.803086 -0.00498201 0
0.0181161 11 1.2452 -0.00128277 0
0.0181161 11 1.9307 -0.000168585 0
0.0181161 11 2.99358 -3.93329e-05 0
0.0181161 11 4.64159 -7.78606e-06 0
0.0181161 11 7.19686 -2.27404e-06 0
0.0181161 11 11.1588 -6.40686e-07 0
0.0181161 11 17.302 -1.39963e-07 0
0.0181161 11 26.827 -3.45692e-08 0
0.0181161 11 41.5956 -9.40441e-09 0
0.0181161 11 64.4947 -2.59119e-09 0
0.0181161 11 100 -7.23867e-10 0
0.0181161 11 155.052 -2.11153e-10 0
0.0181161 11 240.41 -6.23564e-11 0
0.0181161 11 372.759 -1.85178e-11 0
0.0181161 11 577.969 -5.76774e-12 0
0.0181161 11 896.151 -1.89654e-12 0
0.0181161 11 1389.5 -6.21864e-13 0
0.0181161 11 2154.43 -2.08444e-13 0
0.0181161 11 3340.48 -7.25893e-14 0
0.0181161 11 5179.47 -2.59833e-14 0
0.0181161 11 8030.86 -9.46843e-15 0
0.0181161 11 12452 -3.44022e-15 0
0.0181161 11 19307 -1.26194e-15 0
0.0181161 11 29935.8 -4.70535e-16 0
0.0181161 11 46415.9 -1.772e-16 0
0.0181161 11 71968.6 -6.72701e-17 0
0.0181161 11 111588 -2.58112e-17 0
0.0181161 11 173020 -9.76169e-18 0
0.0181161 11 268270 -3.69102e-18 0
0.0181161 11 415956 -1.3664e-18 0
0.0181161 11 644947 -4.77893e-19 0
0.0181161 11 1e+06 -1.44692e-19 0

0.0441734 11 1e-06 -0.125481 0
0.0441734 11 1.55052e-06 -0.12548 0
0.0441734 11 2.4041e-06 -0.12548 0
0.0441734 11 3.72759e-06 -0.125479 0
0.0441734 11 5.77969e-06 -0.125478 0
0.0441734 11 8.96151e-06 -0.125477 0
0.0441734 11 1.3895e-05 -0.125475 0
0.0441734 11 2.15443e-05 -0.125471 0
0.0441734 11 3.34048e-05 -0.125466 0
0.0441734 11 5.17947e-05 -0.125457 0
0.0441734 11 8.03086e-05 -0.125444 0
0.0441734 11 0.00012452 -0.125423 0
0.0441734 11 0.00019307 -0.125392 0
0.0441734 11 0.000299358 -0.125342 0
0.0441734 11 0.000464159 -0.125266 0
0.0441734 11 0.000719686 -0.125148 0
0.0441734 11 0.00111588 -0.124965 0
0.0441734 11 0.0017302 -0.124682 0
0.0441734 11 0.0026827 -0.124245 0
0.0441734 11 0.00415956 -0.123569 0
0.0441734 11 0.00644947 -0.12253 0
0.0441734 11 0.01 -0.120935 0
0.0441734 11 0.0155052 -0.118503 0
0.0441734 11 0.024041 -0.11483 0
0.0441734 11 0.0372759 -0.109361 0
0.0441734 11 0.0577969 -0.101398 0
0.0441734 11 0.0896151 -0.0901968 0
0.0441734 11 0.13895 -0.0752622 0
0.0441734 11 0.215443 -0.0569538 0
0.0441734 11 0.334048 -0.0371856 0
0.0441734 11 0.517947 -0.0195712 0
0.0441734 11 0.803086 -0.00766436 0
0.0441734 11 1.2452 -0.00198126 0
0.0441734 11 1.9307 -0.000262458 0
0.0441734 11 2.99358 -6.17674e-05 0
0.0441734 11 4.64159 -1.21767e-05 0
0.0441734 11 7.19686 -3.54994e-06 0
0.0441734 11 11.1588 -1.00135e-06 0
0.0441734 11 17.302 -2.18877e-07 0
0.0441734 11 26.827 -5.40644e-08 0
0.0441734 11 41.5956 -1.47075e-08 0
0.0441734 11 64.4947 -4.05204e-09 0
0.0441734 11 100 -1.13179e-09 0
0.0441734 11 155.052 -3.30065e-10 0
0.0441734 11 240.41 -9.74599e-11 0
0.0441734 11 372.759 -2.894e-11 0
0.0441734 11 577.969 -9.01296e-12 0
0.0441734 11 896.151 -2.96323e-12 0
0.0441734 11 1389.5 -9.71518e-13 0
0.0441734 11 2154.43 -3.25612e-13 0
0.0441734 11 3340.48 -1.13382e-13 0
0.0441734 11 5179.47 -4.05821e-14 0
0.0441734 11 8030.86 -1.47874e-14 0
0.0441734 11 12452 -5.37258e-15 0
0.0441734 11 19307 -1.9707e-15 0
0.0441734 11 29935.8 -7.34792e-16 0
0.0441734 11 46415.9 -2.76713e-16 0
0.0441734 11 71968.6 -1.05047e-16 0
0.0441734 11 111588 -4.03055e-17 0
0.0441734 11 173020 -1.52433e-17 0
0.0441734 11 268270 -5.76365e-18 0
0.0441734 11 415956 -2.13367e-18 0
0.0441734 11 644947 -7.46243e-19 0
0.0441734 11 1e+06 -2.25941e-19 0

0.107711 11 1e-06 -0.185998 0
0.107711 11 1.55052e-06 -0.185997 0
0.107711 11 2.4041e-06 -0.185997 0
0.107711 11 3.72759e-06 -0.185996 0
0.107711 11 5.77969e-06 -0.185994 0
0.107711 11 8.96151e-06 -0.185992 0
0.107711 11 1.3895e-05 -0.185989 0
0.107711 11 2.15443e-05 -0.185984 0
0.107711 11 3.34048e-05 -0.185976 0
0.107711 11 5.17947e-05 -0.185963 0
0.107711 11 8.03086e-05 -0.185944 0
0.107711 11 0.00012452 -0.185913 0
0.107711 11 0.00019307 -0.185867 0
0.107711 11 0.000299358 -0.185794 0
0.107711 11 0.000464159 -0.185682 0
0.107711 11 0.000719686 -0.185507 0
0.107711 11 0.00111588 -0.185238 0
0.107711 11 0.0017302 -0.18482 0
0.107711 11 0.0026827 -0.184175 0
0.107711 11 0.00415956 -0.183179 0
0.107711 11 0.00644947 -0.181646 0
0.107711 11 0.01 -0.179293 0
0.107711 11 0.0155052 -0.175707 0
0.107711 11 0.024041 -0.170287 0
0.107711 11 0.0372759 -0.162216 0
0.107711 11 0.0577969 -0.150462 0
0.107711 11 0.0896151 -0.133919 0
0.107711 11 0.13895 -0.111845 0
0.107711 11 0.215443 -0.0847533 0
0.107711 11 0.334048 -0.055453 0
0.107711 11 0.517947 -0.0292817 0
0.107711 11 0.803086 -0.0115247 0
0.107711 11 1.2452 -0.00299916 0
0.107711 11 1.9307 -0.000401516 0
0.107711 11 2.99358 -9.61944e-05 0
0.107711 11 4.64159 -1.89614e-05 0
0.107711 11 7.19686 -5.50759e-06 0
0.107711 11 11.1588 -1.55801e-06 0
0.107711 11 17.302 -3.40761e-07 0
0.107711 11 26.827 -8.41974e-08 0
0.107711 11 41.5956 -2.29174e-08 0
0.107711 11 64.4947 -6.31637e-09 0
0.107711 11 100 -1.76467e-09 0
0.107711 11 155.052 -5.1474e-10 0
0.107711 11 240.41 -1.52029e-10 0
0.107711 11 372.759 -4.51553e-11 0
0.107711 11 577.969 -1.40662e-11 0
0.107711 11 896.151 -4.62544e-12 0
0.107711 11 1389.5 -1.51666e-12 0
0.107711 11 2154.43 -5.08363e-13 0
0.107711 11 3340.48 -1.77029e-13 0
0.107711 11 5179.47 -6.33655e-14 0
0.107711 11 8030.86 -2.30899e-14 0
0.107711 11 12452 -8.38919e-15 0
0.107711 11 19307 -3.07725e-15 0
0.107711 11 29935.8 -1.14738e-15 0
0.107711 11 46415.9 -4.32092e-16 0
0.107711 11 71968.6 -1.64032e-16 0
0.107711 11 111588 -6.29379e-17 0
0.107711 11 173020 -2.38027e-17 0
0.107711 11 268270 -9.00005e-18 0
0.107711 11 415956 -3.33178e-18 0
0.107711 11 644947 -1.16528e-18 0
0.107711 11 1e+06 -3.52812e-19 0

0.262636 11 1e-06 -0.256594 0
0.262636 11 1.55052e-06 -0.256593 0
0.262636 11 2.4041e-06 -0.256592 0
0.262636 11 3.72759e-06 -0.256591 0
0.262636 11 5.77969e-06 -0.256589 0
0.262636 11 8.96151e-06 -0.256586 0
0.262636 11 1.3895e-05 -0.256582 0
0.262636 11 2.15443e-05 -0.256574 0
0.262636 11 3.34048e-05 -0.256563 0
0.262636 11 5.17947e-05 -0.256546 0
0.262636 11 8.03086e-05 -0.25652 0
0.262636 11 0.00012452 -0.256479 0
0.262636 11 0.00019307 -0.256415 0
0.262636 11 0.000299358 -0.256316 0
0.262636 11 0.000464159 -0.256162 0
0.262636 11 0.000719686 -0.255925 0
0.262636 11 0.00111588 -0.255557 0
0.262636 11 0.0017302 -0.254988 0
0.262636 11 0.0026827 -0.254107 0
0.262636 11 0.00415956 -0.252748 0
0.262636 11 0.00644947 -0.250656 0
0.262636 11 0.01 -0.247446 0
0.262636 11 0.0155052 -0.24255 0
0.262636 11 0.024041 -0.235152 0
0.262636 11 0.0372759 -0.224126 0
0.262636 11 0.0577969 -0.208059 0
0.262636 11 0.0896151 -0.185419 0
0.262636 11 0.13895 -0.155159 0
0.262636 11 0.215443 -0.117929 0
0.262636 11 0.334048 -0.0775196 0
0.262636 11 0.517947 -0.0412362 0
0.262636 11 0.803086 -0.0164162 0
0.262636 11 1.2452 -0.00433757 0
0.262636 11 1.9307 -0.000590179 0
0.262636 11 2.99358 -0.00014467 0
0.262636 11 4.64159 -2.91924e-05 0
0.262636 11 7.19686 -8.45409e-06 0
0.262636 11 11.1588 -2.40508e-06 0
0.262636 11 17.302 -5.26766e-07 0
0.262636 11 26.827 -1.30316e-07 0
0.262636 11 41.5956 -3.55304e-08 0
0.262636 11 64.4947 -9.8041e-09 0
0.262636 11 100 -2.74137e-09 0
0.262636 11 155.052 -8.0033e-10 0
0.262636 11 240.41 -2.36595e-10 0
0.262636 11 372.759 -7.0326e-11 0
0.262636 11 577.969 -2.19216e-11 0
0.262636 11 896.151 -7.2126e-12 0
0.262636 11 1389.5 -2.36585e-12 0
0.262636 11 2154.43 -7.93225e-13 0
0.262636 11 3340.48 -2.76291e-13 0
0.262636 11 5179.47 -9.89119e-14 0
0.262636 11 8030.86 -3.60471e-14 0
0.262636 11 12452 -1.30979e-14 0
0.262636 11 19307 -4.80472e-15 0
0.262636 11 29935.8 -1.79155e-15 0
0.262636 11 46415.9 -6.74694e-16 0
0.262636 11 71968.6 -2.56134e-16 0
0.262636 11 111588 -9.82774e-17 0
0.262636 11 173020 -3.71681e-17 0
0.262636 11 268270 -1.40537e-17 0
0.262636 11 415956 -5.20262e-18 0
0.262636 11 644947 -1.8196e-18 0
0.262636 11 1e+06 -5.50922e-19 0

0.6404 11 1e-06 -0.299893 0
0.6404 11 1.55052e-06 -0.299893 0
0.6404 11 2.4041e-06 -0.299892 0
0.6404 11 3.72759e-06 -0.29989 0
0.6404 11 5.77969e-06 -0.299888 0
0.6404 11 8.96151e-06 -0.299885 0
0.6404 11 1.3895e-05 -0.299879 0
0.6404 11 2.15443e-05 -0.299871 0
0.6404 11 3.34048e-05 -0.299859 0
0.6404 11 5.17947e-05 -0.299839 0
0.6404 11 8.03086e-05 -0.299809 0
0.6404 11 0.00012452 -0.299762 0
0.6404 11 0.00019307 -0.299689 0
0.6404 11 0.000299358 -0.299576 0
0.6404 11 0.000464159 -0.2994 0
0.6404 11 0.000719686 -0.299129 0
0.6404 11 0.00111588 -0.298708 0
0.6404 11 0.0017302 -0.298058 0
0.6404 11 0.0026827 -0.297051 0
0.6404 11 0.00415956 -0.295498 0
0.6404 11 0.00644947 -0.293105 0
0.6404 11 0.01 -0.289434 0
0.6404 11 0.0155052 -0.283832 0
0.6404 11 0.024041 -0.275362 0
0.6404 11 0.0372759 -0.262728 0
0.6404 11 0.0577969 -0.244289 0
0.6404 11 0.0896151 -0.218252 0
0.6404 11 0.13895 -0.183344 0
0.6404 11 0.215443 -0.140189 0
0.6404 11 0.334048 -0.0930281 0
0.6404 11 0.517947 -0.0502502 0
0.6404 11 0.803086 -0.0205002 0
0.6404 11 1.2452 -0.00559541 0
0.6404 11 1.9307 -0.000785569 0
0.6404 11 2.99358 -0.000203547 0
0.6404 11 4.64159 -4.32986e-05 0
0.6404 11 7.19686 -1.26401e-05 0
0.6404 11 11.1588 -3.64358e-06 0
0.6404 11 17.302 -8.0111e-07 0
0.6404 11 26.827 -1.98871e-07 0
0.6404 11 41.5956 -5.44673e-08 0
0.6404 11 64.4947 -1.50789e-08 0
0.6404 11 100 -4.22702e-09 0
0.6404 11 155.052 -1.2372e-09 0
0.6404 11 240.41 -3.66618e-10 0
0.6404 11 372.759 -1.09164e-10 0
0.6404 11 577.969 -3.40786e-11 0
0.6404 11 896.151 -1.12265e-11 0
0.6404 11 1389.5 -3.68553e-12 0
0.6404 11 2154.43 -1.23648e-12 0
0.6404 11 3340.48 -4.30916e-13 0
0.6404 11 5179.47 -1.5433e-13 0
0.6404 11 8030.86 -5.626e-14 0
0.6404 11 12452 -2.04461e-14 0
0.6404 11 19307 -7.50118e-15 0
0.6404 11 29935.8 -2.79721e-15 0
0.6404 11 46415.9 -1.05347e-15 0
0.6404 11 71968.6 -3.9994e-16 0
0.6404 11 111588 -1.53458e-16 0
0.6404 11 173020 -5.80379e-17 0
0.6404 11 268270 -2.19449e-17 0
0.6404 11 415956 -8.12396e-18 0
0.6404 11 644947 -2.84133e-18 0
0.6404 11 1e+06 -8.60275e-19 0

1.56152 11 1e-06 -0.241703 0
1.56152 11 1.55052e-06 -0.241702 0
1.56152 11 2.4041e-06 -0.241702 0
1.56152 11 3.72759e-06 -0.241701 0
1.56152 11 5.77969e-06 -0.241699 0
1.56152 11 8.96151e-06 -0.241696 0
1.56152 11 1.3895e-05 -0.241692 0
1.56152 11 2.15443e-05 -0.241686 0
1.56152 11 3.34048e-05 -0.241676 0
1.56152 11 5.17947e-05 -0.241661 0
1.56152 11 8.03086e-05 -0.241637 0
1.56152 11 0.00012452 -0.241601 0
1.56152 11 0.00019307 -0.241544 0
1.56152 11 0.000299358 -0.241456 0
1.56152 11 0.000464159 -0.24132 0
1.56152 11 0.000719686 -0.241109 0
1.56152 11 0.00111588 -0.240783 0
1.56152 11 0.0017302 -0.240277 0
1.56152 11 0.0026827 -0.239496 0
1.56152 11 0.00415956 -0.238289 0
1.56152 11 0.00644947 -0.23643 0
1.56152 11 0.01 -0.233576 0
1.56152 11 0.0155052 -0.22922 0
1.56152 11 0.024041 -0.222626 0
1.56152 11 0.0372759 -0.212776 0
1.56152 11 0.0577969 -0.198368 0
1.56152 11 0.0896151 -0.177958 0
1.56152 11 0.13895 -0.150461 0
1.56152 11 0.215443 -0.116226 0
1.56152 11 0.334048 -0.0784274 0
1.56152 11 0.517947 -0.0436085 0
1.56152 11 0.803086 -0.01871 0
1.56152 11 1.2452 -0.00548941 0
1.56152 11 1.9307 -0.000832728 0
1.56152 11 2.99358 -0.000245061 0
1.56152 11 4.64159 -5.77215e-05 0
1.56152 11 7.19686 -1.72851e-05 0
1.56152 11 11.1588 -5.22529e-06 0
1.56152 11 17.302 -1.16716e-06 0
1.56152 11 26.827 -2.92273e-07 0
1.56152 11 41.5956 -8.09925e-08 0
1.56152 11 64.4947 -2.2622e-08 0
1.56152 11 100 -6.38634e-09 0
1.56152 11 155.052 -1.88208e-09 0
1.56152 11 240.41 -5.60846e-10 0
1.56152 11 372.759 -1.677e-10 0
1.56152 11 577.969 -5.25562e-11 0
1.56152 11 896.151 -1.73723e-11 0
1.56152 11 1389.5 -5.7161e-12 0
1.56152 11 2154.43 -1.92121e-12 0
1.56152 11 3340.48 -6.70564e-13 0
1.56152 11 5179.47 -2.40437e-13 0
1.56152 11 8030.86 -8.7721e-14 0
1.56152 11 12452 -3.18962e-14 0
1.56152 11 19307 -1.17058e-14 0
1.56152 11 29935.8 -4.36607e-15 0
1.56152 11 46415.9 -1.64457e-15 0
1.56152 11 71968.6 -6.24406e-16 0
1.56152 11 111588 -2.39602e-16 0
1.56152 11 173020 -9.06209e-17 0
1.56152 11 268270 -3.42659e-17 0
1.56152 11 415956 -1.26853e-17 0
1.56152 11 644947 -4.43671e-18 0
1.56152 11 1e+06 -1.34331e-18 0

3.80755 11 1e-06 -0.08647 0
3.80755 11 1.55052e-06 -0.0864699 0
3.80755 11 2.4041e-06 -0.0864696 0
3.80755 11 3.72759e-06 -0.0864693 0
3.80755 11 5.77969e-06 -0.0864687 0
3.80755 11 8.96151e-06 -0.0864678 0
3.80755 11 1.3895e-05 -0.0864664 0
3.80755 11 2.15443e-05 -0.0864643 0
3.80755 11 3.34048e-05 -0.086461 0
3.80755 11 5.17947e-05 -0.0864558 0
3.80755 11 8.03086e-05 -0.0864479 0
3.80755 11 0.00012452 -0.0864355 0
3.80755 11 0.00019307 -0.0864164 0
3.80755 11 0.000299358 -0.0863867 0
3.80755 11 0.000464159 -0.0863408 0
3.80755 11 0.000719686 -0.0862695 0
3.80755 11 0.00111588 -0.0861592 0
3.80755 11 0.0017302 -0.0859884 0
3.80755 11 0.0026827 -0.0857243 0
3.80755 11 0.00415956 -0.0853164 0
3.80755 11 0.00644947 -0.0846877 0
3.80755 11 0.01 -0.083722 0
3.80755 11 0.0155052 -0.0822466 0
3.80755 11 0.024041 -0.0800104 0
3.80755 11 0.0372759 -0.0766638 0
3.80755 11 0.0577969 -0.0717539 0
3.80755 11 0.0896151 -0.0647689 0
3.80755 11 0.13895 -0.0553027 0
3.80755 11 0.215443 -0.0434215 0
3.80755 11 0.334048 -0.0301639 0
3.80755 11 0.517947 -0.0177465 0
3.80755 11 0.803086 -0.0084831 0
3.80755 11 1.2452 -0.00291067 0
3.80755 11 1.9307 -0.00053671 0
3.80755 11 2.99358 -0.00021316 0
3.80755 11 4.64159 -6.22498e-05 0
3.80755 11 7.19686 -1.94742e-05 0
3.80755 11 11.1588 -6.52316e-06 0
3.80755 11 17.302 -1.51474e-06 0
3.80755 11 26.827 -3.88727e-07 0
3.80755 11 41.5956 -1.11076e-07 0
3.80755 11 64.4947 -3.17457e-08 0
3.80755 11 100 -9.1259e-09 0
3.80755 11 155.052 -2.73711e-09 0
3.80755 11 240.41 -8.27271e-10 0
3.80755 11 372.759 -2.50043e-10 0
3.80755 11 577.969 -7.9171e-11 0
3.80755 11 896.151 -2.64121e-11 0
3.80755 11 1389.5 -8.74648e-12 0
3.80755 11 2154.43 -2.95513e-12 0
3.80755 11 3340.48 -1.03596e-12 0
3.80755 11 5179.47 -3.72692e-13 0
3.80755 11 8030.86 -1.363e-13 0
3.80755 11 12452 -4.96365e-14 0
3.80755 11 19307 -1.82357e-14 0
3.80755 11 29935.8 -6.80678e-15 0
3.80755 11 46415.9 -2.56526e-15 0
3.80755 11 71968.6 -9.74321e-16 0
3.80755 11 111588 -3.73965e-16 0
3.80755 11 173020 -1.41461e-16 0
3.80755 11 268270 -5.34953e-17 0
3.80755 11 415956 -1.98055e-17 0
3.80755 11 644947 -6.92727e-18 0
3.80755 11 1e+06 -2.09742e-18 0

9.28415 11 1e-06 -0.00688587 0
9.28415 11 1.55052e-06 -0.00688586 0
9.28415 11 2.4041e-06 -0.00688584 0
9.28415 11 3.72759e-06 -0.00688581 0
9.28415 11 5.77969e-06 -0.00688577 0
9.28415 11 8.96151e-06 -0.0068857 0
9.28415 11 1.3895e-05 -0.0068856 0
9.28415 11 2.15443e-05 -0.00688543 0
9.28415 11 3.34048e-05 -0.00688518 0
9.28415 11 5.17947e-05 -0.00688479 0
9.28415 11 8.03086e-05 -0.00688419 0
9.28415 11 0.00012452 -0.00688325 0
9.28415 11 0.00019307 -0.0068818 0
9.28415 11 0.000299358 -0.00687954 0
9.28415 11 0.000464159 -0.00687605 0
9.28415 11 0.000719686 -0.00687064 0
9.28415 11 0.00111588 -0.00686226 0
9.28415 11 0.0017302 -0.00684929 0
9.28415 11 0.0026827 -0.00682922 0
9.28415 11 0.00415956 -0.00679822 0
9.28415 11 0.00644947 -0.00675044 0
9.28415 11 0.01 -0.00667703 0
9.28415 11 0.0155052 -0.00656483 0
9.28415 11 0.024041 -0.00639467 0
9.28415 11 0.0372759 -0.00613985 0
9.28415 11 0.0577969 -0.00576584 0
9.28415 11 0.0896151 -0.00523401 0
9.28415 11 0.13895 -0.00451567 0
9.28415 11 0.215443 -0.00362336 0
9.28415 11 0.334048 -0.00265122 0
9.28415 11 0.517947 -0.00177286 0
9.28415 11 0.803086 -0.00109372 0
9.28415 11 1.2452 -0.000523616 0
9.28415 11 1.9307 -0.000163114 0
9.28415 11 2.99358 -0.000102476 0
9.28415 11 4.64159 -4.36654e-05 0
9.28415 11 7.19686 -1.48748e-05 0
9.28415 11 11.1588 -6.16028e-06 0
9.28415 11 17.302 -1.58145e-06 0
9.28415 11 26.827 -4.30124e-07 0
9.28415 11 41.5956 -1.31859e-07 0
9.28415 11 64.4947 -3.97254e-08 0
9.28415 11 100 -1.18925e-08 0
9.28415 11 155.052 -3.70385e-09 0
9.28415 11 240.41 -1.15301e-09 0
9.28415 11 372.759 -3.56291e-10 0
9.28415 11 577.969 -1.15165e-10 0
9.28415 11 896.151 -3.91316e-11 0
9.28415 11 1389.5 -1.31267e-11 0
9.28415 11 2154.43 -4.48096e-12 0
9.28415 11 3340.48 -1.58415e-12 0
9.28415 11 5179.47 -5.73519e-13 0
9.28415 11 8030.86 -2.10705e-13 0
9.28415 11 12452 -7.69665e-14 0
9.28415 11 19307 -2.83369e-14 0
9.28415 11 29935.8 -1.05935e-14 0
9.28415 11 46415.9 -3.99664e-15 0
9.28415 11 71968.6 -1.51909e-15 0
9.28415 11 111588 -5.83357e-16 0
9.28415 11 173020 -2.20741e-16 0
9.28415 11 268270 -8.34947e-17 0
9.28415 11 415956 -3.09166e-17 0
9.28415 11 644947 -1.08145e-17 0
9.28415 11 1e+06 -3.27449e-18 0

22.638 11 1e-06 -0.000115672 0
22.638 11 1.55052e-06 -0.000115672 0
22.638 11 2.4041e-06 -0.000115671 0
22.638 11 3.72759e-06 -0.000115671 0
22.638 11 5.77969e-06 -0.00011567 0
22.638 11 8.96151e-06 -0.000115669 0
22.638 11 1.3895e-05 -0.000115668 0
22.638 11 2.15443e-05 -0.000115665 0
22.638 11 3.34048e-05 -0.000115662 0
22.638 11 5.17947e-05 -0.000115656 0
22.638 11 8.03086e-05 -0.000115647 0
22.638 11 0.00012452 -0.000115633 0
22.638 11 0.00019307 -0.000115611 0
22.638 11 0.000299358 -0.000115578 0
22.638 11 0.000464159 -0.000115525 0
22.638 11 0.000719686 -0.000115445 0
22.638 11 0.00111588 -0.00011532 0
22.638 11 0.0017302 -0.000115126 0
22.638 11 0.0026827 -0.000114827 0
22.638 11 0.00415956 -0.000114366 0
22.638 11 0.00644947 -0.000113655 0
22.638 11 0.01 -0.000112565 0
22.638 11 0.0155052 -0.000110905 0
22.638 11 0.024041 -0.000108402 0
22.638 11 0.0372759 -0.000104689 0
22.638 11 0.0577969 -9.93346e-05 0
22.638 11 0.0896151 -9.19732e-05 0
22.638 11 0.13895 -8.26916e-05 0
22.638 11 0.215443 -7.28111e-05 0
22.638 11 0.334048 -6.55918e-05 0
22.638 11 0.517947 -6.44595e-05 0
22.638 11 0.803086 -6.482e-05 0
22.638 11 1.2452 -5.15699e-05 0
22.638 11 1.9307 -3.2483e-05 0
22.638 11 2.99358 -2.47422e-05 0
22.638 11 4.64159 -1.59851e-05 0
22.638 11 7.19686 -6.54655e-06 0
22.638 11 11.1588 -3.67143e-06 0
22.638 11 17.302 -1.17048e-06 0
22.638 11 26.827 -3.57758e-07 0
22.638 11 41.5956 -1.25758e-07 0
22.638 11 64.4947 -4.20564e-08 0
22.638 11 100 -1.36199e-08 0
22.638 11 155.052 -4.54872e-09 0
22.638 11 240.41 -1.49446e-09 0
22.638 11 372.759 -4.80231e-10 0
22.638 11 577.969 -1.60718e-10 0
22.638 11 896.151 -5.62786e-11 0
22.638 11 1389.5 -1.92762e-11 0
22.638 11 2154.43 -6.68776e-12 0
22.638 11 3340.48 -2.3951e-12 0
22.638 11 5179.47 -8.75516e-13 0
22.638 11 8030.86 -3.23899e-13 0
22.638 11 12452 -1.1887e-13 0
22.638 11 19307 -4.39096e-14 0
22.638 11 29935.8 -1.64544e-14 0
22.638 11 46415.9 -6.2182e-15 0
22.638 11 71968.6 -2.36625e-15 0
22.638 11 111588 -9.09411e-16 0
22.638 11 173020 -3.44301e-16 0
22.638 11 268270 -1.30277e-16 0
22.638 11 415956 -4.82506e-17 0
22.638 11 644947 -1.68802e-17 0
22.638 11 1e+06 -5.11142e-18 0

55.1995 11 1e-06 -6.34785e-06 0
55.1995 11 1.55052e-06 -6.34784e-06 0
55.1995 11 2.4041e-06 -6.34783e-06 0
55.1995 11 3.72759e-06 -6.34782e-06 0
55.1995 11 5.77969e-06 -6.3478e-06 0
55.1995 11 8.96151e-06 -6.34778e-06 0
55.1995 11 1.3895e-05 -6.34773e-06 0
55.1995 11 2.15443e-05 -6.34766e-06 0
55.1995 11 3.34048e-05 -6.34756e-06 0
55.1995 11 5.17947e-05 -6.34739e-06 0
55.1995 11 8.03086e-05 -6.34714e-06 0
55.1995 11 0.00012452 -6.34674e-06 0
55.1995 11 0.00019307 -6.34613e-06 0
55.1995 11 0.000299358 -6.34518e-06 0
55.1995 11 0.000464159 -6.34371e-06 0
55.1995 11 0.000719686 -6.34143e-06 0
55.1995 11 0.00111588 -6.33791e-06 0
55.1995 11 0.0017302 -6.33245e-06 0
55.1995 11 0.0026827 -6.32401e-06 0
55.1995 11 0.00415956 -6.31098e-06 0
55.1995 11 0.00644947 -6.29092e-06 0
55.1995 11 0.01 -6.26017e-06 0
55.1995 11 0.0155052 -6.21333e-06 0
55.1995 11 0.024041 -6.14277e-06 0
55.1995 11 0.0372759 -6.03841e-06 0
55.1995 11 0.0577969 -5.88903e-06 0
55.1995 11 0.0896151 -5.68768e-06 0
55.1995 11 0.13895 -5.44757e-06 0
55.1995 11 0.215443 -5.23586e-06 0
55.1995 11 0.334048 -5.20784e-06 0
55.1995 11 0.517947 -5.52513e-06 0
55.1995 11 0.803086 -5.92334e-06 0
55.1995 11 1.2452 -5.45786e-06 0
55.1995 11 1.9307 -4.29297e-06 0
55.1995 11 2.99358 -3.70303e-06 0
55.1995 11 4.64159 -3.28919e-06 0
55.1995 11 7.19686 -1.82131e-06 0
55.1995 11 11.1588 -1.34849e-06 0
55.1995 11 17.302 -6.08847e-07 0
55.1995 11 26.827 -2.30142e-07 0
55.1995 11 41.5956 -1.00324e-07 0
55.1995 11 64.4947 -3.98263e-08 0
55.1995 11 100 -1.46237e-08 0
55.1995 11 155.052 -5.40804e-09 0
55.1995 11 240.41 -1.91726e-09 0
55.1995 11 372.759 -6.48635e-10 0
55.1995 11 577.969 -2.25992e-10 0
55.1995 11 896.151 -8.1689e-11 0
55.1995 11 1389.5 -2.85737e-11 0
55.1995 11 2154.43 -1.00643e-11 0
55.1995 11 3340.48 -3.64512e-12 0
55.1995 11 5179.47 -1.34322e-12 0
55.1995 11 8030.86 -4.99768e-13 0
55.1995 11 12452 -1.841e-13 0
55.1995 11 19307 -6.81799e-14 0
55.1995 11 29935.8 -2.55956e-14 0
55.1995 11 46415.9 -9.68494e-15 0
55.1995 11 71968.6 -3.68864e-15 0
55.1995 11 111588 -1.41847e-15 0
55.1995 11 173020 -5.37226e-16 0
55.1995 11 268270 -2.03327e-16 0
55.1995 11 415956 -7.53179e-17 0
55.1995 11 644947 -2.63521e-17 0
55.1995 11 1e+06 -7.97987e-18 0

134.596 11 1e-06 -4.4308e-07 0
134.596 11 1.55052e-06 -4.43079e-07 0
134.596 11 2.4041e-06 -4.43079e-07 0
134.596 11 3.72759e-06 -4.43079e-07 0
134.596 11 5.77969e-06 -4.43078e-07 0
134.596 11 8.96151e-06 -4.43076e-07 0
134.596 11 1.3895e-05 -4.43074e-07 0
134.596 11 2.15443e-05 -4.43071e-07 0
134.596 11 3.34048e-05 -4.43067e-07 0
134.596 11 5.17947e-05 -4.43059e-07 0
134.596 11 8.03086e-05 -4.43048e-07 0
134.596 11 0.00012452 -4.4303e-07 0
134.596 11 0.00019307 -4.43003e-07 0
134.596 11 0.000299358 -4.4296e-07 0
134.596 11 0.000464159 -4.42894e-07 0
134.596 11 0.000719686 -4.42791e-07 0
134.596 11 0.00111588 -4.42633e-07 0
134.596 11 0.0017302 -4.42388e-07 0
134.596 11 0.0026827 -4.42008e-07 0
134.596 11 0.00415956 -4.41423e-07 0
134.596 11 0.00644947 -4.40523e-07 0
134.596 11 0.01 -4.39144e-07 0
134.596 11 0.0155052 -4.37047e-07 0
134.596 11 0.024041 -4.33896e-07 0
134.596 11 0.0372759 -4.29256e-07 0
134.596 11 0.0577969 -4.22672e-07 0
134.596 11 0.0896151 -4.1396e-07 0
134.596 11 0.13895 -4.04044e-07 0
134.596 11 0.215443 -3.96764e-07 0
134.596 11 0.334048 -4.00863e-07 0
134.596 11 0.517947 -4.26268e-07 0
134.596 11 0.803086 -4.61536e-07 0
134.596 11 1.2452 -4.55102e-07 0
134.596 11 1.9307 -4.00491e-07 0
134.596 11 2.99358 -3.83374e-07 0
134.596 11 4.64159 -3.96456e-07 0
134.596 11 7.19686 -2.87252e-07 0
134.596 11 11.1588 -2.54669e-07 0
134.596 11 17.302 -1.65188e-07 0
134.596 11 26.827 -8.31743e-08 0
134.596 11 41.5956 -4.76274e-08 0
134.596 11 64.4947 -2.43112e-08 0
134.596 11 100 -1.09105e-08 0
134.596 11 155.052 -4.80083e-09 0
134.596 11 240.41 -1.9654e-09 0
134.596 11 372.759 -7.36122e-10 0
134.596 11 577.969 -2.7811e-10 0
134.596 11 896.151 -1.07506e-10 0
134.596 11 1389.5 -3.93918e-11 0
134.596 11 2154.43 -1.435e-11 0
134.596 11 3340.48 -5.33183e-12 0
134.596 11 5179.47 -2.00255e-12 0
134.596 11 8030.86 -7.55561e-13 0
134.596 11 12452 -2.81006e-13 0
134.596 11 19307 -1.04769e-13 0
134.596 11 29935.8 -3.95236e-14 0
134.596 11 46415.9 -1.5007e-14 0
134.596 11 71968.6 -5.72946e-15 0
134.596 11 111588 -2.20697e-15 0
134.596 11 173020 -8.36784e-16 0
134.596 11 268270 -3.16943e-16 0
134.596 11 415956 -1.17464e-16 0
134.596 11 644947 -4.11107e-17 0
134.596 11 1e+06 -1.24507e-17 0

328.193 11 1e-06 -4.33885e-08 0
328.193 11 1.55052e-06 -4.33885e-08 0
328.193 11 2.4041e-06 -4.33885e-08 0
328.193 11 3.72759e-06 -4.33884e-08 0
328.193 11 5.77969e-06 -4.33884e-08 0
328.193 11 8.96151e-06 -4.33883e-08 0
328.193 11 1.3895e-05 -4.33882e-08 0
328.193 11 2.15443e-05 -4.3388e-08 0
328.193 11 3.34048e-05 -4.33877e-08 0
328.193 11 5.17947e-05 -4.33873e-08 0
328.193 11 8.03086e-05 -4.33867e-08 0
328.193 11 0.00012452 -4.33856e-08 0
328.193 11 0.00019307 -4.33841e-08 0
328.193 11 0.000299358 -4.33816e-08 0
328.193 11 0.000464159 -4.33778e-08 0
328.193 11 0.000719686 -4.33719e-08 0
328.193 11 0.00111588 -4.33628e-08 0
328.193 11 0.0017302 -4.33486e-08 0
328.193 11 0.0026827 -4.33268e-08 0
328.193 11 0.00415956 -4.32931e-08 0
328.193 11 0.00644947 -4.32413e-08 0
328.193 11 0.01 -4.3162e-08 0
328.193 11 0.0155052 -4.30414e-08 0
328.193 11 0.024041 -4.28604e-08 0
328.193 11 0.0372759 -4.25943e-08 0
328.193 11 0.0577969 -4.22176e-08 0
328.193 11 0.0896151 -4.17216e-08 0
328.193 11 0.13895 -4.11635e-08 0
328.193 11 0.215443 -4.07743e-08 0
328.193 11 0.334048 -4.1082e-08 0
328.193 11 0.517947 -4.27193e-08 0
328.193 11 0.803086 -4.51355e-08 0
328.193 11 1.2452 -4.53453e-08 0
328.193 11 1.9307 -4.24752e-08 0
328.193 11 2.99358 -4.22965e-08 0
328.193 11 4.64159 -4.49322e-08 0
328.193 11 7.19686 -3.85597e-08 0
328.193 11 11.1588 -3.72538e-08 0
328.193 11 17.302 -3.09812e-08 0
328.193 11 26.827 -2.06348e-08 0
328.193 11 41.5956 -1.5059e-08 0
328.193 11 64.4947 -1.00362e-08 0
328.193 11 100 -5.79369e-09 0
328.193 11 155.052 -3.21213e-09 0
328.193 11 240.41 -1.62521e-09 0
328.193 11 372.759 -7.12284e-10 0
328.193 11 577.969 -3.04465e-10 0
328.193 11 896.151 -1.3039e-10 0
328.193 11 1389.5 -5.13437e-11 0
328.193 11 2154.43 -1.9672e-11 0
328.193 11 3340.48 -7.58414e-12 0
328.193 11 5179.47 -2.92726e-12 0
328.193 11 8030.86 -1.12685e-12 0
328.193 11 12452 -4.24925e-13 0
328.193 11 19307 -1.59952e-13 0
328.193 11 29935.8 -6.07568e-14 0
328.193 11 46415.9 -2.31802e-14 0
328.193 11 71968.6 -8.8797e-15 0
328.193 11 111588 -3.42846e-15 0
328.193 11 173020 -1.30193e-15 0
328.193 11 268270 -4.93657e-16 0
328.193 11 415956 -1.8309e-16 0
328.193 11 644947 -6.41082e-17 0
328.193 11 1e+06 -1.94195e-17 0

800.25 11 1e-06 -5.88221e-09 0
800.25 11 1.55052e-06 -5.88221e-09 0
800.25 11 2.4041e-06 -5.88221e-09 0
800.25 11 3.72759e-06 -5.8822e-09 0
800.25 11 5.77969e-06 -5.8822e-09 0
800.25 11 8.96151e-06 -5.8822e-09 0
800.25 11 1.3895e-05 -5.88219e-09 0
800.25 11 2.15443e-05 -5.88217e-09 0
800.25 11 3.34048e-05 -5.88215e-09 0
800.25 11 5.17947e-05 -5.88212e-09 0
800.25 11 8.03086e-05 -5.88207e-09 0
800.25 11 0.00012452 -5.882e-09 0
800.25 11 0.00019307 -5.88188e-09 0
800.25 11 0.000299358 -5.8817e-09 0
800.25 11 0.000464159 -5.88142e-09 0
800.25 11 0.000719686 -5.88098e-09 0
800.25 11 0.00111588 -5.8803e-09 0
800.25 11 0.0017302 -5.87926e-09 0
800.25 11 0.0026827 -5.87764e-09 0
800.25 11 0.00415956 -5.87514e-09 0
800.25 11 0.00644947 -5.87131e-09 0
800.25 11 0.01 -5.86543e-09 0
800.25 11 0.0155052 -5.8565e-09 0
800.25 11 0.024041 -5.8431e-09 0
800.25 11 0.0372759 -5.82341e-09 0
800.25 11 0.0577969 -5.79553e-09 0
800.25 11 0.0896151 -5.75881e-09 0
800.25 11 0.13895 -5.7174e-09 0
800.25 11 0.215443 -5.6881e-09 0
800.25 11 0.334048 -5.70955e-09 0
800.25 11 0.517947 -5.82932e-09 0
800.25 11 0.803086 -6.01301e-09 0
800.25 11 1.2452 -6.05004e-09 0
800.25 11 1.9307 -5.86275e-09 0
800.25 11 2.99358 -5.88588e-09 0
800.25 11 4.64159 -6.14976e-09 0
800.25 11 7.19686 -5.74562e-09 0
800.25 11 11.1588 -5.72285e-09 0
800.25 11 17.302 -5.35792e-09 0
800.25 11 26.827 -4.35108e-09 0
800.25 11 41.5956 -3.74276e-09 0
800.25 11 64.4947 -3.05845e-09 0
800.25 11 100 -2.23863e-09 0
800.25 11 155.052 -1.56278e-09 0
800.25 11 240.41 -1.00172e-09 0
800.25 11 372.759 -5.39465e-10 0
800.25 11 577.969 -2.7379e-10 0
800.25 11 896.151 -1.36195e-10 0
800.25 11 1389.5 -6.00417e-11 0
800.25 11 2154.43 -2.49173e-11 0
800.25 11 3340.48 -1.01823e-11 0
800.25 11 5179.47 -4.10581e-12 0
800.25 11 8030.86 -1.63306e-12 0
800.25 11 12452 -6.2992e-13 0
800.25 11 19307 -2.40835e-13 0
800.25 11 29935.8 -9.24944e-14 0
800.25 11 46415.9 -3.5562e-14 0
800.25 11 71968.6 -1.36973e-14 0
800.25 11 111588 -5.30861e-15 0
800.25 11 173020 -2.02101e-15 0
800.25 11 268270 -7.67676e-16 0
800.25 11 415956 -2.85057e-16 0
800.25 11 644947 -9.98845e-17 0
800.25 11 1e+06 -3.02667e-17 0

1951.29 11 1e-06 -9.58886e-10 0
1951.29 11 1.55052e-06 -9.58885e-10 0
1951.29 11 2.4041e-06 -9.58885e-10 0
1951.29 11 3.72759e-06 -9.58885e-10 0
1951.29 11 5.77969e-06 -9.58885e-10 0
1951.29 11 8.96151e-06 -9.58884e-10 0
1951.29 11 1.3895e-05 -9.58884e-10 0
1951.29 11 2.15443e-05 -9.58883e-10 0
1951.29 11 3.34048e-05 -9.58881e-10 0
1951.29 11 5.17947e-05 -9.58878e-10 0
1951.29 11 8.03086e-05 -9.58874e-10 0
1951.29 11 0.00012452 -9.58868e-10 0
1951.29 11 0.00019307 -9.58858e-10 0
1951.29 11 0.000299358 -9.58842e-10 0
1951.29 11 0.000464159 -9.58818e-10 0
1951.29 11 0.000719686 -9.58781e-10 0
1951.29 11 0.00111588 -9.58724e-10 0
1951.29 11 0.0017302 -9.58636e-10 0
1951.29 11 0.0026827 -9.58499e-10 0
1951.29 11 0.00415956 -9.58288e-10 0
1951.29 11 0.00644947 -9.57963e-10 0
1951.29 11 0.01 -9.57465e-10 0
1951.29 11 0.0155052 -9.5671e-10 0
1951.29 11 0.024041 -9.55576e-10 0
1951.29 11 0.0372759 -9.53909e-10 0
1951.29 11 0.0577969 -9.51549e-10 0
1951.29 11 0.0896151 -9.48435e-10 0
1951.29 11 0.13895 -9.44907e-10 0
1951.29 11 0.215443 -9.42347e-10 0
1951.29 11 0.334048 -9.4395e-10 0
1951.29 11 0.517947 -9.53716e-10 0
1951.29 11 0.803086 -9.69122e-10 0
1951.29 11 1.2452 -9.73299e-10 0
1951.29 11 1.9307 -9.59427e-10 0
1951.29 11 2.99358 -9.63171e-10 0
1951.29 11 4.64159 -9.87872e-10 0
1951.29 11 7.19686 -9.59219e-10 0
1951.29 11 11.1588 -9.62667e-10 0
1951.29 11 17.302 -9.42469e-10 0
1951.29 11 26.827 -8.54894e-10 0
1951.29 11 41.5956 -8.01923e-10 0
1951.29 11 64.4947 -7.34693e-10 0
1951.29 11 100 -6.30978e-10 0
1951.29 11 155.052 -5.23911e-10 0
1951.29 11 240.41 -4.10849e-10 0
1951.29 11 372.759 -2.78075e-10 0
1951.29 11 577.969 -1.75164e-10 0
1951.29 11 896.151 -1.06618e-10 0
1951.29 11 1389.5 -5.59208e-11 0
1951.29 11 2154.43 -2.64827e-11 0
1951.29 11 3340.48 -1.19672e-11 0
1951.29 11 5179.47 -5.22238e-12 0
1951.29 11 8030.86 -2.20837e-12 0
1951.29 11 12452 -8.89538e-13 0
1951.29 11 19307 -3.5045e-13 0
1951.29 11 29935.8 -1.37463e-13 0
1951.29 11 46415.9 -5.36426e-14 0
1951.29 11 71968.6 -2.0881e-14 0
1951.29 11 111588 -8.15288e-15 0
1951.29 11 173020 -3.11924e-15 0
1951.29 11 268270 -1.18894e-15 0
1951.29 11 415956 -4.42502e-16 0
1951.29 11 644947 -1.55278e-16 0
1951.29 11 1e+06 -4.70837e-17 0

4757.94 11 1e-06 -1.86692e-10 0
4757.94 11 1.55052e-06 -1.86692e-10 0
4757.94 11 2.4041e-06 -1.86692e-10 0
4757.94 11 3.72759e-06 -1.86692e-10 0
4757.94 11 5.77969e-06 -1.86692e-10 0
4757.94 11 8.96151e-06 -1.86692e-10 0
4757.94 11 1.3895e-05 -1.86692e-10 0
4757.94 11 2.15443e-05 -1.86691e-10 0
4757.94 11 3.34048e-05 -1.86691e-10 0
4757.94 11 5.17947e-05 -1.86691e-10 0
4757.94 11 8.03086e-05 -1.86691e-10 0
4757.94 11 0.00012452 -1.8669e-10 0
4757.94 11 0.00019307 -1.86689e-10 0
4757.94 11 0.000299358 -1.86688e-10 0
4757.94 11 0.000464159 -1.86685e-10 0
4757.94 11 0.000719686 -1.86682e-10 0
4757.94 11 0.00111588 -1.86677e-10 0
4757.94 11 0.0017302 -1.86669e-10 0
4757.94 11 0.0026827 -1.86656e-10 0
4757.94 11 0.00415956 -1.86636e-10 0
4757.94 11 0.00644947 -1.86606e-10 0
4757.94 11 0.01 -1.8656e-10 0
4757.94 11 0.0155052 -1.8649e-10 0
4757.94 11 0.024041 -1.86384e-10 0
4757.94 11 0.0372759 -1.86229e-10 0
4757.94 11 0.0577969 -1.8601e-10 0
4757.94 11 0.0896151 -1.8572e-10 0
4757.94 11 0.13895 -1.8539e-10 0
4757.94 11 0.215443 -1.85145e-10 0
4757.94 11 0.334048 -1.85277e-10 0
4757.94 11 0.517947 -1.86152e-10 0
4757.94 11 0.803086 -1.87559e-10 0
4757.94 11 1.2452 -1.87994e-10 0
4757.94 11 1.9307 -1.86824e-10 0
4757.94 11 2.99358 -1.87241e-10 0
4757.94 11 4.64159 -1.89586e-10 0
4757.94 11 7.19686 -1.87252e-10 0
4757.94 11 11.1588 -1.87855e-10 0
4757.94 11 17.302 -1.86635e-10 0
4757.94 11 26.827 -1.7883e-10 0
4757.94 11 41.5956 -1.74335e-10 0
4757.94 11 64.4947 -1.68349e-10 0
4757.94 11 100 -1.57556e-10 0
4757.94 11 155.052 -1.44944e-10 0
4757.94 11 240.41 -1.29421e-10 0
4757.94 11 372.759 -1.0539e-10 0
4757.94 11 577.969 -8.07689e-11 0
4757.94 11 896.151 -5.95562e-11 0
4757.94 11 1389.5 -3.82976e-11 0
4757.94 11 2154.43 -2.17077e-11 0
4757.94 11 3340.48 -1.13937e-11 0
4757.94 11 5179.47 -5.64412e-12 0
4757.94 11 8030.86 -2.6501e-12 0
4757.94 11 12452 -1.15361e-12 0
4757.94 11 19307 -4.80032e-13 0
4757.94 11 29935.8 -1.95709e-13 0
4757.94 11 46415.9 -7.84962e-14 0
4757.94 11 71968.6 -3.11615e-14 0
4757.94 11 111588 -1.23365e-14 0
4757.94 11 173020 -4.76415e-15 0
4757.94 11 268270 -1.82777e-15 0
4757.94 11 415956 -6.83226e-16 0
4757.94 11 644947 -2.40418e-16 0
4757.94 11 1e+06 -7.29998e-17 0

11601.6 11 1e-06 -3.68393e-11 0
11601.6 11 1.55052e-06 -3.68393e-11 0
11601.6 11 2.4041e-06 -3.68393e-11 0
11601.6 11 3.72759e-06 -3.68393e-11 0
11601.6 11 5.77969e-06 -3.68393e-11 0
11601.6 11 8.96151e-06 -3.68393e-11 0
11601.6 11 1.3895e-05 -3.68393e-11 0
11601.6 11 2.15443e-05 -3.68393e-11 0
11601.6 11 3.34048e-05 -3.68393e-11 0
11601.6 11 5.17947e-05 -3.68393e-11 0
11601.6 11 8.03086e-05 -3.68392e-11 0
11601.6 11 0.00012452 -3.68392e-11 0
11601.6 11 0.00019307 -3.68391e-11 0
11601.6 11 0.000299358 -3.6839e-11 0
11601.6 11 0.000464159 -3.68387e-11 0
11601.6 11 0.000719686 -3.68384e-11 0
11601.6 11 0.00111588 -3.68379e-11 0
11601.6 11 0.0017302 -3.68371e-11 0
11601.6 11 0.0026827 -3.68359e-11 0
11601.6 11 0.00415956 -3.6834e-11 0
11601.6 11 0.00644947 -3.68312e-11 0
11601.6 11 0.01 -3.68268e-11 0
11601.6 11 0.0155052 -3.68201e-11 0
11601.6 11 0.024041 -3.68101e-11 0
11601.6 11 0.0372759 -3.67954e-11 0
11601.6 11 0.0577969 -3.67745e-11 0
11601.6 11 0.0896151 -3.67468e-11 0
11601.6 11 0.13895 -3.67152e-11 0
11601.6 11 0.215443 -3.66913e-11 0
11601.6 11 0.334048 -3.67021e-11 0
11601.6 11 0.517947 -3.67821e-11 0
11601.6 11 0.803086 -3.6913e-11 0
11601.6 11 1.2452 -3.69575e-11 0
11601.6 11 1.9307 -3.68564e-11 0
11601.6 11 2.99358 -3.69004e-11 0
11601.6 11 4.64159 -3.71223e-11 0
11601.6 11 7.19686 -3.69259e-11 0
11601.6 11 11.1588 -3.70033e-11 0
11601.6 11 17.302 -3.6933e-11 0
11601.6 11 26.827 -3.62505e-11 0
11601.6 11 41.5956 -3.5894e-11 0
11601.6 11 64.4947 -3.54176e-11 0
11601.6 11 100 -3.44638e-11 0
11601.6 11 155.052 -3.33036e-11 0
11601.6 11 240.41 -3.17735e-11 0
11601.6 11 372.759 -2.89006e-11 0
11601.6 11 577.969 -2.53511e-11 0
11601.6 11 896.151 -2.16709e-11 0
11601.6 11 1389.5 -1.68899e-11 0
11601.6 11 2154.43 -1.17837e-11 0
11601.6 11 3340.48 -7.54225e-12 0
11601.6 11 5179.47 -4.49952e-12 0
11601.6 11 8030.86 -2.5003e-12 0
11601.6 11 12452 -1.24763e-12 0
11601.6 11 19307 -5.74882e-13 0
11601.6 11 29935.8 -2.52597e-13 0
11601.6 11 46415.9 -1.07024e-13 0
11601.6 11 71968.6 -4.42235e-14 0
11601.6 11 111588 -1.80164e-14 0
11601.6 11 173020 -7.09416e-15 0
11601.6 11 268270 -2.75926e-15 0
11601.6 11 415956 -1.04107e-15 0
11601.6 11 644947 -3.6853e-16 0
11601.6 11 1e+06 -1.1223e-16 0

28288.7 11 1e-06 -7.83881e-12 0
28288.7 11 1.55052e-06 -7.83881e-12 0
28288.7 11 2.4041e-06 -7.83881e-12 0
28288.7 11 3.72759e-06 -7.83881e-12 0
28288.7 11 5.77969e-06 -7.83881e-12 0
28288.7 11 8.96151e-06 -7.83881e-12 0
28288.7 11 1.3895e-05 -7.83881e-12 0
28288.7 11 2.15443e-05 -7.83881e-12 0
28288.7 11 3.34048e-05 -7.83881e-12 0
28288.7 11 5.17947e-05 -7.8388e-12 0
28288.7 11 8.03086e-05 -7.8388e-12 0
28288.7 11 0.00012452 -7.83879e-12 0
28288.7 11 0.00019307 -7.83879e-12 0
28288.7 11 0.000299358 -7.83877e-12 0
28288.7 11 0.000464159 -7.83875e-12 0
28288.7 11 0.000719686 -7.83872e-12 0
28288.7 11 0.00111588 -7.83867e-12 0
28288.7 11 0.0017302 -7.83859e-12 0
28288.7 11 0.0026827 -7.83848e-12 0
28288.7 11 0.00415956 -7.83829e-12 0
28288.7 11 0.00644947 -7.83801e-12 0
28288.7 11 0.01 -7.83758e-12 0
28288.7 11 0.0155052 -7.83693e-12 0
28288.7 11 0.024041 -7.83594e-12 0
28288.7 11 0.0372759 -7.8345e-12 0
28288.7 11 0.0577969 -7.83245e-12 0
28288.7 11 0.0896151 -7.82973e-12 0
28288.7 11 0.13895 -7.82662e-12 0
28288.7 11 0.215443 -7.82421e-12 0
28288.7 11 0.334048 -7.82513e-12 0
28288.7 11 0.517947 -7.83271e-12 0
28288.7 11 0.803086 -7.84527e-12 0
28288.7 11 1.2452 -7.84981e-12 0
28288.7 11 1.9307 -7.84063e-12 0
28288.7 11 2.99358 -7.8451e-12 0
28288.7 11 4.64159 -7.86648e-12 0
28288.7 11 7.19686 -7.84891e-12 0
28288.7 11 11.1588 -7.85755e-12 0
28288.7 11 17.302 -7.85328e-12 0
28288.7 11 26.827 -7.79117e-12 0
28288.7 11 41.5956 -7.76146e-12 0
28288.7 11 64.4947 -7.72223e-12 0
28288.7 11 100 -7.63796e-12 0
28288.7 11 155.052 -7.53527e-12 0
28288.7 11 240.41 -7.39715e-12 0
28288.7 11 372.759 -7.10468e-12 0
28288.7 11 577.969 -6.70571e-12 0
28288.7 11 896.151 -6.25006e-12 0
28288.7 11 1389.5 -5.54642e-12 0
28288.7 11 2154.43 -4.58365e-12 0
28288.7 11 3340.48 -3.53721e-12 0
28288.7 11 5179.47 -2.56269e-12 0
28288.7 11 8030.86 -1.73114e-12 0
28288.7 11 12452 -1.03857e-12 0
28288.7 11 19307 -5.58568e-13 0
28288.7 11 29935.8 -2.77507e-13 0
28288.7 11 46415.9 -1.29348e-13 0
28288.7 11 71968.6 -5.74803e-14 0
28288.7 11 111588 -2.47025e-14 0
28288.7 11 173020 -1.00922e-14 0
28288.7 11 268270 -4.03016e-15 0
28288.7 11 415956 -1.54832e-15 0
28288.7 11 644947 -5.54564e-16 0
28288.7 11 1e+06 -1.69902e-16 0

68977.9 11 1e-06 -1.6789e-12 0
68977.9 11 1.55052e-06 -1.6789e-12 0
68977.9 11 2.4041e-06 -1.6789e-12 0
68977.9 11 3.72759e-06 -1.6789e-12 0
68977.9 11 5.77969e-06 -1.6789e-12 0
68977.9 11 8.96151e-06 -1.6789e-12 0
68977.9 11 1.3895e-05 -1.6789e-12 0
68977.9 11 2.15443e-05 -1.6789e-12 0
68977.9 11 3.34048e-05 -1.6789e-12 0
68977.9 11 5.17947e-05 -1.67889e-12 0
68977.9 11 8.03086e-05 -1.67889e-12 0
68977.9 11 0.00012452 -1.67889e-12 0
68977.9 11 0.00019307 -1.67889e-12 0
68977.9 11 0.000299358 -1.67889e-12 0
68977.9 11 0.000464159 -1.67889e-12 0
68977.9 11 0.000719686 -1.67889e-12 0
68977.9 11 0.00111588 -1.67888e-12 0
68977.9 11 0.0017302 -1.67887e-12 0
68977.9 11 0.0026827 -1.67886e-12 0
68977.9 11 0.00415956 -1.67884e-12 0
68977.9 11 0.00644947 -1.67882e-12 0
68977.9 11 0.01 -1.67877e-12 0
68977.9 11 0.0155052 -1.67871e-12 0
68977.9 11 0.024041 -1.67861e-12 0
68977.9 11 0.0372759 -1.67847e-12 0
68977.9 11 0.0577969 -1.67827e-12 0
68977.9 11 0.0896151 -1.678e-12 0
68977.9 11 0.13895 -1.67769e-12 0
68977.9 11 0.215443 -1.67744e-12 0
68977.9 11 0.334048 -1.67752e-12 0
68977.9 11 0.517947 -1.67825e-12 0
68977.9 11 0.803086 -1.67946e-12 0
68977.9 11 1.2452 -1.67993e-12 0
68977.9 11 1.9307 -1.67909e-12 0
68977.9 11 2.99358 -1.67954e-12 0
68977.9 11 4.64159 -1.68162e-12 0
68977.9 11 7.19686 -1.68004e-12 0
68977.9 11 11.1588 -1.68099e-12 0
68977.9 11 17.302 -1.6808e-12 0
68977.9 11 26.827 -1.67516e-12 0
68977.9 11 41.5956 -1.67277e-12 0
68977.9 11 64.4947 -1.66971e-12 0
68977.9 11 100 -1.66261e-12 0
68977.9 11 155.052 -1.6542e-12 0
68977.9 11 240.41 -1.643e-12 0
68977.9 11 372.759 -1.61672e-12 0
68977.9 11 577.969 -1.57931e-12 0
68977.9 11 896.151 -1.53559e-12 0
68977.9 11 1389.5 -1.46027e-12 0
68977.9 11 2154.43 -1.33876e-12 0
68977.9 11 3340.48 -1.17885e-12 0
68977.9 11 5179.47 -9.96184e-13 0
68977.9 11 8030.86 -8.00817e-13 0
68977.9 11 12452 -5.85616e-13 0
68977.9 11 19307 -3.8407e-13 0
68977.9 11 29935.8 -2.28472e-13 0
68977.9 11 46415.9 -1.24307e-13 0
68977.9 11 71968.6 -6.27245e-14 0
68977.9 11 111588 -2.97373e-14 0
68977.9 11 173020 -1.30375e-14 0
68977.9 11 268270 -5.4837e-15 0
68977.9 11 415956 -2.18467e-15 0
68977.9 11 644947 -8.01432e-16 0
68977.9 11 1e+06 -2.48671e-16 0

168192 11 1e-06 -3.62976e-13 0
168192 11 1.55052e-06 -3.62975e-13 0
168192 11 2.4041e-06 -3.62975e-13 0
168192 11 3.72759e-06 -3.62975e-13 0
168192 11 5.77969e-06 -3.62976e-13 0
168192 11 8.96151e-06 -3.62975e-13 0
168192 11 1.3895e-05 -3.62975e-13 0
168192 11 2.15443e-05 -3.62975e-13 0
168192 11 3.34048e-05 -3.62975e-13 0
168192 11 5.17947e-05 -3.62975e-13 0
168192 11 8.03086e-05 -3.62975e-13 0
168192 11 0.00012452 -3.62975e-13 0
168192 11 0.00019307 -3.62975e-13 0
168192 11 0.000299358 -3.62975e-13 0
168192 11 0.000464159 -3.62975e-13 0
168192 11 0.000719686 -3.62975e-13 0
168192 11 0.00111588 -3.62974e-13 0
168192 11 0.0017302 -3.62973e-13 0
168192 11 0.0026827 -3.62972e-13 0
168192 11 0.00415956 -3.6297e-13 0
168192 11 0.00644947 -3.62968e-13 0
168192 11 0.01 -3.62963e-13 0
168192 11 0.0155052 -3.62957e-13 0
168192 11 0.024041 -3.62947e-13 0
168192 11 0.0372759 -3.62933e-13 0
168192 11 0.0577969 -3.62913e-13 0
168192 11 0.0896151 -3.62886e-13 0
168192 11 0.13895 -3.62854e-13 0
168192 11 0.215443 -3.6283e-13 0
168192 11 0.334048 -3.62836e-13 0
168192 11 0.517947 -3.62906e-13 0
168192 11 0.803086 -3.63025e-13 0
168192 11 1.2452 -3.63073e-13 0
168192 11 1.9307 -3.62995e-13 0
168192 11 2.99358 -3.63041e-13 0
168192 11 4.64159 -3.63243e-13 0
168192 11 7.19686 -3.63098e-13 0
168192 11 11.1588 -3.63199e-13 0
168192 11 17.302 -3.63197e-13 0
168192 11 26.827 -3.62678e-13 0
168192 11 41.5956 -3.62484e-13 0
168192 11 64.4947 -3.62245e-13 0
168192 11 100 -3.61643e-13 0
168192 11 155.052 -3.60957e-13 0
168192 11 240.41 -3.60069e-13 0
168192 11 372.759 -3.57779e-13 0
168192 11 577.969 -3.54475e-13 0
168192 11 896.151 -3.50683e-13 0
168192 11 1389.5 -3.43701e-13 0
168192 11 2154.43 -3.31308e-13 0
168192 11 3340.48 -3.13182e-13 0
168192 11 5179.47 -2.8994e-13 0
168192 11 8030.86 -2.61375e-13 0
168192 11 12452 -2.2278e-13 0
168192 11 19307 -1.75806e-13 0
168192 11 29935.8 -1.27559e-13 0
168192 11 46415.9 -8.4541e-14 0
168192 11 71968.6 -5.12073e-14 0
168192 11 111588 -2.8347e-14 0
168192 11 173020 -1.40348e-14 0
168192 11 268270 -6.4899e-15 0
168192 11 415956 -2.77053e-15 0
168192 11 644947 -1.06529e-15 0
168192 11 1e+06 -3.39296e-16 0

410113 11 1e-06 -8.02291e-14 0
410113 11 1.55052e-06 -8.02288e-14 0
410113 11 2.4041e-06 -8.02287e-14 0
410113 11 3.72759e-06 -8.02287e-14 0
410113 11 5.77969e-06 -8.02287e-14 0
410113 11 8.96151e-06 -8.02287e-14 0
410113 11 1.3895e-05 -8.02287e-14 0
410113 11 2.15443e-05 -8.02287e-14 0
410113 11 3.34048e-05 -8.02287e-14 0
410113 11 5.17947e-05 -8.02287e-14 0
410113 11 8.03086e-05 -8.02287e-14 0
410113 11 0.00012452 -8.02287e-14 0
410113 11 0.00019307 -8.02287e-14 0
410113 11 0.000299358 -8.02287e-14 0
410113 11 0.000464159 -8.02286e-14 0
410113 11 0.000719686 -8.02286e-14 0
410113 11 0.00111588 -8.02286e-14 0
410113 11 0.0017302 -8.02285e-14 0
410113 11 0.0026827 -8.02284e-14 0
410113 11 0.00415956 -8.02282e-14 0
410113 11 0.00644947 -8.02279e-14 0
410113 11 0.01 -8.02275e-14 0
410113 11 0.0155052 -8.02268e-14 0
410113 11 0.024041 -8.02258e-14 0
410113 11 0.0372759 -8.02244e-14 0
410113 11 0.0577969 -8.02224e-14 0
410113 11 0.0896151 -8.02196e-14 0
410113 11 0.13895 -8.02165e-14 0
410113 11 0.215443 -8.02139e-14 0
410113 11 0.334048 -8.02145e-14 0
410113 11 0.517947 -8.02213e-14 0
410113 11 0.803086 -8.0233e-14 0
410113 11 1.2452 -8.02379e-14 0
410113 11 1.9307 -8.02306e-14 0
410113 11 2.99358 -8.02352e-14 0
410113 11 4.64159 -8.0255e-14 0
410113 11 7.19686 -8.02414e-14 0
410113 11 11.1588 -8.0252e-14 0
410113 11 17.302 -8.02531e-14 0
410113 11 26.827 -8.02043e-14 0
410113 11 41.5956 -8.01882e-14 0
410113 11 64.4947 -8.01691e-14 0
410113 11 100 -8.01169e-14 0
410113 11 155.052 -8.00601e-14 0
410113 11 240.41 -7.99889e-14 0
410113 11 372.759 -7.97876e-14 0
410113 11 577.969 -7.9497e-14 0
410113 11 896.151 -7.9175e-14 0
410113 11 1389.5 -7.85541e-14 0
410113 11 2154.43 -7.73877e-14 0
410113 11 3340.48 -7.55911e-14 0
410113 11 5179.47 -7.31642e-14 0
410113 11 8030.86 -6.99811e-14 0
410113 11 12452 -6.51405e-14 0
410113 11 19307 -5.81377e-14 0
410113 11 29935.8 -4.92145e-14 0
410113 11 46415.9 -3.9e-14 0
410113 11 71968.6 -2.86038e-14 0
410113 11 111588 -1.90878e-14 0
410113 11 173020 -1.12156e-14 0
410113 11 268270 -6.00846e-15 0
410113 11 415956 -2.88005e-15 0
410113 11 644947 -1.20418e-15 0
410113 11 1e+06 -4.03125e-16 0

1e+06 11 1e-06 -1.70262e-14 0
1e+06 11 1.55052e-06 -1.70263e-14 0
1e+06 11 2.4041e-06 -1.70263e-14 0
1e+06 11 3.72759e-06 -1.70263e-14 0
1e+06 11 5.77969e-06 -1.70263e-14 0
1e+06 11 8.96151e-06 -1.70263e-14 0
1e+06 11 1.3895e-05 -1.70263e-14 0
1e+06 11 2.15443e-05 -1.70263e-14 0
1e+06 11 3.34048e-05 -1.70263e-14 0
1e+06 11 5.17947e-05 -1.70263e-14 0
1e+06 11 8.03086e-05 -1.70263e-14 0
1e+06 11 0.00012452 -1.70263e-14 0
1e+06 11 0.00019307 -1.70263e-14 0
1e+06 11 0.000299358 -1.70263e-14 0
1e+06 11 0.000464159 -1.70263e-14 0
1e+06 11 0.000719686 -1.70263e-14 0
1e+06 11 0.00111588 -1.70263e-14 0
1e+06 11 0.0017302 -1.70263e-14 0
1e+06 11 0.0026827 -1.70262e-14 0
1e+06 11 0.00415956 -1.70262e-14 0
1e+06 11 0.00644947 -1.70262e-14 0
1e+06 11 0.01 -1.70262e-14 0
1e+06 11 0.0155052 -1.70261e-14 0
1e+06 11 0.024041 -1.7026e-14 0
1e+06 11 0.0372759 -1.70258e-14 0
1e+06 11 0.0577969 -1.70256e-14 0
1e+06 11 0.0896151 -1.70254e-14 0
1e+06 11 0.13895 -1.70251e-14 0
1e+06 11 0.215443 -1.70248e-14 0
1e+06 11 0.334048 -1.70248e-14 0
1e+06 11 0.517947 -1.70255e-14 0
1e+06 11 0.803086 -1.70266e-14 0
1e+06 11 1.2452 -1.70271e-14 0
1e+06 11 1.9307 -1.70264e-14 0
1e+06 11 2.99358 -1.70269e-14 0
1e+06 11 4.64159 -1.70288e-14 0
1e+06 11 7.19686 -1.70275e-14 0
1e+06 11 11.1588 -1.70286e-14 0
1e+06 11 17.302 -1.70288e-14 0
1e+06 11 26.827 -1.70243e-14 0
1e+06 11 41.5956 -1.7023e-14 0
1e+06 11 64.4947 -1.70215e-14 0
1e+06 11 100 -1.7017e-14 0
1e+06 11 155.052 -1.70124e-14 0
1e+06 11 240.41 -1.70068e-14 0
1e+06 11 372.759 -1.69895e-14 0
1e+06 11 577.969 -1.69646e-14 0
1e+06 11 896.151 -1.69382e-14 0
1e+06 11 1389.5 -1.68852e-14 0
1e+06 11 2154.43 -1.67815e-14 0
1e+06 11 3340.48 -1.6618e-14 0
1e+06 11 5179.47 -1.63933e-14 0
1e+06 11 8030.86 -1.60926e-14 0
1e+06 11 12452 -1.5607e-14 0
1e+06 11 19307 -1.48354e-14 0
1e+06 11 29935.8 -1.37209e-14 0
1e+06 11 46415.9 -1.22216e-14 0
1e+06 11 71968.6 -1.03584e-14 0
1e+06 11 111588 -8.17288e-15 0
1e+06 11 173020 -5.78699e-15 0
1e+06 11 268270 -3.71696e-15 0
1e+06 11 415956 -2.09181e-15 0
1e+06 11 644947 -9.93591e-16 0
1e+06 11 1e+06 -3.6124e-16 0

