#q_sq i k_sq Re(w) Im(w)
1e-06 0 1e-06 1.54826 0
1e-06 0 1.55052e-06 1.54826 0
1e-06 0 2.4041e-06 1.54826 0
1e-06 0 3.72759e-06 1.54826 0
1e-06 0 5.77969e-06 1.54826 0
1e-06 0 8.96151e-06 1.54826 0
1e-06 0 1.3895e-05 1.54826 0
1e-06 0 2.15443e-05 1.54826 0
1e-06 0 3.34048e-05 1.54827 0
1e-06 0 5.17947e-05 1.54827 0
1e-06 0 8.03086e-05 1.54827 0
1e-06 0 0.00012452 1.54828 0
1e-06 0 0.00019307 1.54829 0
1e-06 0 0.000299358 1.5483 0
1e-06 0 0.000464159 1.54832 0
1e-06 0 0.000719686 1.54836 0
1e-06 0 0.00111588 1.54841 0
1e-06 0 0.0017302 1.54849 0
1e-06 0 0.0026827 1.54861 0
1e-06 0 0.00415956 1.5488 0
1e-06 0 0.00644947 1.54909 0
1e-06 0 0.01 1.54953 0
1e-06 0 0.0155052 1.55017 0
1e-06 0 0.024041 1.5511 0
1e-06 0 0.0372759 1.55237 0
1e-06 0 0.0577969 1.55396 0
1e-06 0 0.0896151 1.55554 0
1e-06 0 0.13895 1.55613 0
1e-06 0 0.215443 1.55327 0
1e-06 0 0.334048 1.54211 0
1e-06 0 0.517947 1.51504 0
1e-06 0 0.803086 1.46465 0
1e-06 0 1.2452 1.39108 0
1e-06 0 1.9307 1.30722 0
1e-06 0 2.99358 1.22997 0
1e-06 0 4.64159 1.16742 0
1e-06 0 7.19686 1.11969 0
1e-06 0 11.1588 1.08446 0
1e-06 0 17.302 1.059 0
1e-06 0 26.827 1.04082 0
1e-06 0 41.5956 1.02787 0
1e-06 0 64.4947 1.0186 0
1e-06 0 100 1.01186 0
1e-06 0 155.052 1.00673 0
1e-06 0 240.41 1.00268 0
1e-06 0 372.759 0.999685 0
1e-06 0 577.969 0.997613 0
1e-06 0 896.151 0.996016 0
1e-06 0 1389.5 0.994625 0
1e-06 0 2154.43 0.993375 0
1e-06 0 3340.48 0.992248 0
1e-06 0 5179.47 0.991227 0
1e-06 0 8030.86 0.990297 0
1e-06 0 12452 0.989448 0
1e-06 0 19307 0.988669 0
1e-06 0 29935.8 0.987951 0
1e-06 0 46415.9 0.987286 0
1e-06 0 71968.6 0.98667 0
1e-06 0 111588 0.986097 0
1e-06 0 173020 0.985562 0
1e-06 0 268270 0.98506 0
1e-06 0 415956 0.984591 0
1e-06 0 644947 0.984149 0
1e-06 0 1e+06 0.983729 0

2.43835e-06 0 1e-06 1.54826 0
2.43835e-06 0 1.55052e-06 1.54826 0
2.43835e-06 0 2.4041e-06 1.54826 0
2.43835e-06 0 3.72759e-06 1.54826 0
2.43835e-06 0 5.77969e-06 1.54826 0
2.43835e-06 0 8.96151e-06 1.54826 0
2.43835e-06 0 1.3895e-05 1.54826 0
2.43835e-06 0 2.15443e-05 1.54826 0
2.43835e-06 0 3.34048e-05 1.54827 0
2.43835e-06 0 5.17947e-05 1.54827 0
2.43835e-06 0 8.03086e-05 1.54827 0
2.43835e-06 0 0.00012452 1.54828 0
2.43835e-06 0 0.00019307 1.54829 0
2.43835e-06 0 0.000299358 1.5483 0
2.43835e-06 0 0.000464159 1.54832 0
2.43835e-06 0 0.000719686 1.54836 0
2.43835e-06 0 0.00111588 1.54841 0
2.43835e-06 0 0.0017302 1.54849 0
2.43835e-06 0 0.0026827 1.54861 0
2.43835e-06 0 0.00415956 1.5488 0
2.43835e-06 0 0.00644947 1.54909 0
2.43835e-06 0 0.01 1.54953 0
2.43835e-06 0 0.0155052 1.55017 0
2.43835e-06 0 0.024041 1.5511 0
2.43835e-06 0 0.0372759 1.55237 0
2.43835e-06 0 0.0577969 1.55396 0
2.43835e-06 0 0.0896151 1.55554 0
2.43835e-06 0 0.13895 1.55613 0
2.43835e-06 0 0.215443 1.55327 0
2.43835e-06 0 0.334048 1.54211 0
2.43835e-06 0 0.517947 1.51504 0
2.43835e-06 0 0.803086 1.46465 0
2.43835e-06 0 1.2452 1.39108 0
2.43835e-06 0 1.9307 1.30722 0
2.43835e-06 0 2.99358 1.22997 0
2.43835e-06 0 4.64159 1.16742 0
2.43835e-06 0 7.19686 1.11969 0
2.43835e-06 0 11.1588 1.08446 0
2.43835e-06 0 17.302 1.059 0
2.43835e-06 0 26.827 1.04082 0
2.43835e-06 0 41.5956 1.02787 0
2.43835e-06 0 64.4947 1.0186 0
2.43835e-06 0 100 1.01186 0
2.43835e-06 0 155.052 1.00673 0
2.43835e-06 0 240.41 1.00268 0
2.43835e-06 0 372.759 0.999685 0
2.43835e-06 0 577.969 0.997613 0
2.43835e-06 0 896.151 0.996016 0
2.43835e-06 0 1389.5 0.994625 0
2.43835e-06 0 2154.43 0.993375 0
2.43835e-06 0 3340.48 0.992248 0
2.43835e-06 0 5179.47 0.991227 0
2.43835e-06 0 8030.86 0.990297 0
2.43835e-06 0 12452 0.989448 0
2.43835e-06 0 19307 0.988669 0
2.43835e-06 0 29935.8 0.987951 0
2.43835e-06 0 46415.9 0.987286 0
2.43835e-06 0 71968.6 0.98667 0
2.43835e-06 0 111588 0.986097 0
2.43835e-06 0 173020 0.985562 0
2.43835e-06 0 268270 0.98506 0
2.43835e-06 0 415956 0.984591 0
2.43835e-06 0 644947 0.984149 0
2.43835e-06 0 1e+06 0.983729 0

5.94557e-06 0 1e-06 1.54826 0
5.94557e-06 0 1.55052e-06 1.54826 0
5.94557e-06 0 2.4041e-06 1.54826 0
5.94557e-06 0 3.72759e-06 1.54826 0
5.94557e-06 0 5.77969e-06 1.54826 0
5.94557e-06 0 8.96151e-06 1.54826 0
5.94557e-06 0 1.3895e-05 1.54826 0
5.94557e-06 0 2.15443e-05 1.54826 0
5.94557e-06 0 3.34048e-05 1.54827 0
5.94557e-06 0 5.17947e-05 1.54827 0
5.94557e-06 0 8.03086e-05 1.54827 0
5.94557e-06 0 0.00012452 1.54828 0
5.94557e-06 0 0.00019307 1.54829 0
5.94557e-06 0 0.000299358 1.5483 0
5.94557e-06 0 0.000464159 1.54832 0
5.94557e-06 0 0.000719686 1.54836 0
5.94557e-06 0 0.00111588 1.54841 0
5.94557e-06 0 0.0017302 1.54849 0
5.94557e-06 0 0.0026827 1.54861 0
5.94557e-06 0 0.00415956 1.5488 0
5.94557e-06 0 0.00644947 1.54909 0
5.94557e-06 0 0.01 1.54953 0
5.94557e-06 0 0.0155052 1.55017 0
5.94557e-06 0 0.024041 1.5511 0
5.94557e-06 0 0.0372759 1.55237 0
5.94557e-06 0 0.0577969 1.55396 0
5.94557e-06 0 0.0896151 1.55554 0
5.94557e-06 0 0.13895 1.55613 0
5.94557e-06 0 0.215443 1.55327 0
5.94557e-06 0 0.334048 1.54211 0
5.94557e-06 0 0.517947 1.51504 0
5.94557e-06 0 0.803086 1.46465 0
5.94557e-06 0 1.2452 1.39108 0
5.94557e-06 0 1.9307 1.30722 0
5.94557e-06 0 2.99358 1.22997 0
5.94557e-06 0 4.64159 1.16742 0
5.94557e-06 0 7.19686 1.11969 0
5.94557e-06 0 11.1588 1.08446 0
5.94557e-06 0 17.302 1.059 0
5.94557e-06 0 26.827 1.04082 0
5.94557e-06 0 41.5956 1.02787 0
5.94557e-06 0 64.4947 1.0186 0
5.94557e-06 0 100 1.01186 0
5.94557e-06 0 155.052 1.00673 0
5.94557e-06 0 240.41 1.00268 0
5.94557e-06 0 372.759 0.999685 0
5.94557e-06 0 577.969 0.997613 0
5.94557e-06 0 896.151 0.996016 0
5.94557e-06 0 1389.5 0.994625 0
5.94557e-06 0 2154.43 0.993375 0
5.94557e-06 0 3340.48 0.992248 0
5.94557e-06 0 5179.47 0.991227 0
5.94557e-06 0 8030.86 0.990297 0
5.94557e-06 0 12452 0.989448 0
5.94557e-06 0 19307 0.988669 0
5.94557e-06 0 29935.8 0.987951 0
5.94557e-06 0 46415.9 0.987286 0
5.94557e-06 0 71968.6 0.98667 0
5.94557e-06 0 111588 0.986097 0
5.94557e-06 0 173020 0.985562 0
5.94557e-06 0 268270 0.98506 0
5.94557e-06 0 415956 0.984591 0
5.94557e-06 0 644947 0.984149 0
5.94557e-06 0 1e+06 0.983729 0

1.44974e-05 0 1e-06 1.54826 0
1.44974e-05 0 1.55052e-06 1.54826 0
1.44974e-05 0 2.4041e-06 1.54826 0
1.44974e-05 0 3.72759e-06 1.54826 0
1.44974e-05 0 5.77969e-06 1.54826 0
1.44974e-05 0 8.96151e-06 1.54826 0
1.44974e-05 0 1.3895e-05 1.54826 0
1.44974e-05 0 2.15443e-05 1.54826 0
1.44974e-05 0 3.34048e-05 1.54827 0
1.44974e-05 0 5.17947e-05 1.54827 0
1.44974e-05 0 8.03086e-05 1.54827 0
1.44974e-05 0 0.00012452 1.54828 0
1.44974e-05 0 0.00019307 1.54829 0
1.44974e-05 0 0.000299358 1.5483 0
1.44974e-05 0 0.000464159 1.54832 0
1.44974e-05 0 0.000719686 1.54836 0
1.44974e-05 0 0.00111588 1.54841 0
1.44974e-05 0 0.0017302 1.54849 0
1.44974e-05 0 0.0026827 1.54861 0
1.44974e-05 0 0.00415956 1.5488 0
1.44974e-05 0 0.00644947 1.54909 0
1.44974e-05 0 0.01 1.54953 0
1.44974e-05 0 0.0155052 1.55017 0
1.44974e-05 0 0.024041 1.5511 0
1.44974e-05 0 0.0372759 1.55237 0
1.44974e-05 0 0.0577969 1.55396 0
1.44974e-05 0 0.0896151 1.55554 0
1.44974e-05 0 0.13895 1.55613 0
1.44974e-05 0 0.215443 1.55327 0
1.44974e-05 0 0.334048 1.54211 0
1.44974e-05 0 0.517947 1.51504 0
1.44974e-05 0 0.803086 1.46465 0
1.44974e-05 0 1.2452 1.39107 0
1.44974e-05 0 1.9307 1.30722 0
1.44974e-05 0 2.99358 1.22997 0
1.44974e-05 0 4.64159 1.16742 0
1.44974e-05 0 7.19686 1.11969 0
1.44974e-05 0 11.1588 1.08446 0
1.44974e-05 0 17.302 1.059 0
1.44974e-05 0 26.827 1.04082 0
1.44974e-05 0 41.5956 1.02787 0
1.44974e-05 0 64.4947 1.0186 0
1.44974e-05 0 100 1.01186 0
1.44974e-05 0 155.052 1.00673 0
1.44974e-05 0 240.41 1.00268 0
1.44974e-05 0 372.759 0.999685 0
1.44974e-05 0 577.969 0.997613 0
1.44974e-05 0 896.151 0.996016 0
1.44974e-05 0 1389.5 0.994625 0
1.44974e-05 0 2154.43 0.993375 0
1.44974e-05 0 3340.48 0.992248 0
1.44974e-05 0 5179.47 0.991227 0
1.44974e-05 0 8030.86 0.990297 0
1.44974e-05 0 12452 0.989448 0
1.44974e-05 0 19307 0.988669 0
1.44974e-05 0 29935.8 0.987951 0
1.44974e-05 0 46415.9 0.987286 0
1.44974e-05 0 71968.6 0.98667 0
1.44974e-05 0 111588 0.986097 0
1.44974e-05 0 173020 0.985562 0
1.44974e-05 0 268270 0.98506 0
1.44974e-05 0 415956 0.984591 0
1.44974e-05 0 644947 0.984149 0
1.44974e-05 0 1e+06 0.983729 0

3.53498e-05 0 1e-06 1.54826 0
3.53498e-05 0 1.55052e-06 1.54826 0
3.53498e-05 0 2.4041e-06 1.54826 0
3.53498e-05 0 3.72759e-06 1.54826 0
3.53498e-05 0 5.77969e-06 1.54826 0
3.53498e-05 0 8.96151e-06 1.54826 0
3.53498e-05 0 1.3895e-05 1.54826 0
3.53498e-05 0 2.15443e-05 1.54826 0
3.53498e-05 0 3.34048e-05 1.54827 0
3.53498e-05 0 5.17947e-05 1.54827 0
3.53498e-05 0 8.03086e-05 1.54827 0
3.53498e-05 0 0.00012452 1.54828 0
3.53498e-05 0 0.00019307 1.54829 0
3.53498e-05 0 0.000299358 1.5483 0
3.53498e-05 0 0.000464159 1.54832 0
3.53498e-05 0 0.000719686 1.54836 0
3.53498e-05 0 0.00111588 1.54841 0
3.53498e-05 0 0.0017302 1.54849 0
3.53498e-05 0 0.0026827 1.54861 0
3.53498e-05 0 0.00415956 1.5488 0
3.53498e-05 0 0.00644947 1.54909 0
3.53498e-05 0 0.01 1.54953 0
3.53498e-05 0 0.0155052 1.55017 0
3.53498e-05 0 0.024041 1.5511 0
3.53498e-05 0 0.0372759 1.55237 0
3.53498e-05 0 0.0577969 1.55396 0
3.53498e-05 0 0.0896151 1.55554 0
3.53498e-05 0 0.13895 1.55613 0
3.53498e-05 0 0.215443 1.55327 0
3.53498e-05 0 0.334048 1.54211 0
3.53498e-05 0 0.517947 1.51504 0
3.53498e-05 0 0.803086 1.46465 0
3.53498e-05 0 1.2452 1.39107 0
3.53498e-05 0 1.9307 1.30722 0
3.53498e-05 0 2.99358 1.22997 0
3.53498e-05 0 4.64159 1.16742 0
3.53498e-05 0 7.19686 1.11969 0
3.53498e-05 0 11.1588 1.08446 0
3.53498e-05 0 17.302 1.059 0
3.53498e-05 0 26.827 1.04082 0
3.53498e-05 0 41.5956 1.02787 0
3.53498e-05 0 64.4947 1.0186 0
3.53498e-05 0 100 1.01186 0
3.53498e-05 0 155.052 1.00673 0
3.53498e-05 0 240.41 1.00268 0
3.53498e-05 0 372.759 0.999685 0
3.53498e-05 0 577.969 0.997613 0
3.53498e-05 0 896.151 0.996016 0
3.53498e-05 0 1389.5 0.994625 0
3.53498e-05 0 2154.43 0.993375 0
3.53498e-05 0 3340.48 0.992248 0
3.53498e-05 0 5179.47 0.991227 0
3.53498e-05 0 8030.86 0.990297 0
3.53498e-05 0 12452 0.989448 0
3.53498e-05 0 19307 0.988669 0
3.53498e-05 0 29935.8 0.987951 0
3.53498e-05 0 46415.9 0.987286 0
3.53498e-05 0 71968.6 0.98667 0
3.53498e-05 0 111588 0.986097 0
3.53498e-05 0 173020 0.985562 0
3.53498e-05 0 268270 0.98506 0
3.53498e-05 0 415956 0.984591 0
3.53498e-05 0 644947 0.984149 0
3.53498e-05 0 1e+06 0.983729 0

8.61954e-05 0 1e-06 1.54826 0
8.61954e-05 0 1.55052e-06 1.54826 0
8.61954e-05 0 2.4041e-06 1.54826 0
8.61954e-05 0 3.72759e-06 1.54826 0
8.61954e-05 0 5.77969e-06 1.54826 0
8.61954e-05 0 8.96151e-06 1.54826 0
8.61954e-05 0 1.3895e-05 1.54827 0
8.61954e-05 0 2.15443e-05 1.54827 0
8.61954e-05 0 3.34048e-05 1.54827 0
8.61954e-05 0 5.17947e-05 1.54827 0
8.61954e-05 0 8.03086e-05 1.54827 0
8.61954e-05 0 0.00012452 1.54828 0
8.61954e-05 0 0.00019307 1.54829 0
8.61954e-05 0 0.000299358 1.5483 0
8.61954e-05 0 0.000464159 1.54833 0
8.61954e-05 0 0.000719686 1.54836 0
8.61954e-05 0 0.00111588 1.54841 0
8.61954e-05 0 0.0017302 1.54849 0
8.61954e-05 0 0.0026827 1.54862 0
8.61954e-05 0 0.00415956 1.54881 0
8.61954e-05 0 0.00644947 1.54909 0
8.61954e-05 0 0.01 1.54953 0
8.61954e-05 0 0.0155052 1.55018 0
8.61954e-05 0 0.024041 1.5511 0
8.61954e-05 0 0.0372759 1.55237 0
8.61954e-05 0 0.0577969 1.55396 0
8.61954e-05 0 0.0896151 1.55554 0
8.61954e-05 0 0.13895 1.55613 0
8.61954e-05 0 0.215443 1.55327 0
8.61954e-05 0 0.334048 1.5421 0
8.61954e-05 0 0.517947 1.51504 0
8.61954e-05 0 0.803086 1.46465 0
8.61954e-05 0 1.2452 1.39107 0
8.61954e-05 0 1.9307 1.30722 0
8.61954e-05 0 2.99358 1.22997 0
8.61954e-05 0 4.64159 1.16742 0
8.61954e-05 0 7.19686 1.11969 0
8.61954e-05 0 11.1588 1.08446 0
8.61954e-05 0 17.302 1.059 0
8.61954e-05 0 26.827 1.04082 0
8.61954e-05 0 41.5956 1.02787 0
8.61954e-05 0 64.4947 1.0186 0
8.61954e-05 0 100 1.01186 0
8.61954e-05 0 155.052 1.00673 0
8.61954e-05 0 240.41 1.00268 0
8.61954e-05 0 372.759 0.999685 0
8.61954e-05 0 577.969 0.997613 0
8.61954e-05 0 896.151 0.996016 0
8.61954e-05 0 1389.5 0.994625 0
8.61954e-05 0 2154.43 0.993375 0
8.61954e-05 0 3340.48 0.992248 0
8.61954e-05 0 5179.47 0.991227 0
8.61954e-05 0 8030.86 0.990297 0
8.61954e-05 0 12452 0.989448 0
8.61954e-05 0 19307 0.988669 0
8.61954e-05 0 29935.8 0.987951 0
8.61954e-05 0 46415.9 0.987286 0
8.61954e-05 0 71968.6 0.98667 0
8.61954e-05 0 111588 0.986097 0
8.61954e-05 0 173020 0.985562 0
8.61954e-05 0 268270 0.98506 0
8.61954e-05 0 415956 0.984591 0
8.61954e-05 0 644947 0.984149 0
8.61954e-05 0 1e+06 0.983729 0

0.000210175 0 1e-06 1.54827 0
0.000210175 0 1.55052e-06 1.54827 0
0.000210175 0 2.4041e-06 1.54827 0
0.000210175 0 3.72759e-06 1.54827 0
0.000210175 0 5.77969e-06 1.54827 0
0.000210175 0 8.96151e-06 1.54827 0
0.000210175 0 1.3895e-05 1.54827 0
0.000210175 0 2.15443e-05 1.54827 0
0.000210175 0 3.34048e-05 1.54827 0
0.000210175 0 5.17947e-05 1.54827 0
0.000210175 0 8.03086e-05 1.54828 0
0.000210175 0 0.00012452 1.54828 0
0.000210175 0 0.00019307 1.54829 0
0.000210175 0 0.000299358 1.54831 0
0.000210175 0 0.000464159 1.54833 0
0.000210175 0 0.000719686 1.54836 0
0.000210175 0 0.00111588 1.54842 0
0.000210175 0 0.0017302 1.5485 0
0.000210175 0 0.0026827 1.54862 0
0.000210175 0 0.00415956 1.54881 0
0.000210175 0 0.00644947 1.5491 0
0.000210175 0 0.01 1.54953 0
0.000210175 0 0.0155052 1.55018 0
0.000210175 0 0.024041 1.55111 0
0.000210175 0 0.0372759 1.55238 0
0.000210175 0 0.0577969 1.55396 0
0.000210175 0 0.0896151 1.55554 0
0.000210175 0 0.13895 1.55613 0
0.000210175 0 0.215443 1.55327 0
0.000210175 0 0.334048 1.5421 0
0.000210175 0 0.517947 1.51504 0
0.000210175 0 0.803086 1.46464 0
0.000210175 0 1.2452 1.39107 0
0.000210175 0 1.9307 1.30722 0
0.000210175 0 2.99358 1.22997 0
0.000210175 0 4.64159 1.16742 0
0.000210175 0 7.19686 1.11969 0
0.000210175 0 11.1588 1.08446 0
0.000210175 0 17.302 1.059 0
0.000210175 0 26.827 1.04082 0
0.000210175 0 41.5956 1.02787 0
0.000210175 0 64.4947 1.0186 0
0.000210175 0 100 1.01186 0
0.000210175 0 155.052 1.00673 0
0.000210175 0 240.41 1.00268 0
0.000210175 0 372.759 0.999685 0
0.000210175 0 577.969 0.997613 0
0.000210175 0 896.151 0.996016 0
0.000210175 0 1389.5 0.994625 0
0.000210175 0 2154.43 0.993375 0
0.000210175 0 3340.48 0.992248 0
0.000210175 0 5179.47 0.991227 0
0.000210175 0 8030.86 0.990297 0
0.000210175 0 12452 0.989448 0
0.000210175 0 19307 0.988669 0
0.000210175 0 29935.8 0.987951 0
0.000210175 0 46415.9 0.987286 0
0.000210175 0 71968.6 0.98667 0
0.000210175 0 111588 0.986097 0
0.000210175 0 173020 0.985562 0
0.000210175 0 268270 0.98506 0
0.000210175 0 415956 0.984591 0
0.000210175 0 644947 0.984149 0
0.000210175 0 1e+06 0.983729 0

0.000512481 0 1e-06 1.54828 0
0.000512481 0 1.55052e-06 1.54828 0
0.000512481 0 2.4041e-06 1.54828 0
0.000512481 0 3.72759e-06 1.54828 0
0.000512481 0 5.77969e-06 1.54828 0
0.000512481 0 8.96151e-06 1.54828 0
0.000512481 0 1.3895e-05 1.54828 0
0.000512481 0 2.15443e-05 1.54828 0
0.000512481 0 3.34048e-05 1.54828 0
0.000512481 0 5.17947e-05 1.54828 0
0.000512481 0 8.03086e-05 1.54829 0
0.000512481 0 0.00012452 1.54829 0
0.000512481 0 0.00019307 1.5483 0
0.000512481 0 0.000299358 1.54832 0
0.000512481 0 0.000464159 1.54834 0
0.000512481 0 0.000719686 1.54837 0
0.000512481 0 0.00111588 1.54843 0
0.000512481 0 0.0017302 1.54851 0
0.000512481 0 0.0026827 1.54863 0
0.000512481 0 0.00415956 1.54882 0
0.000512481 0 0.00644947 1.54911 0
0.000512481 0 0.01 1.54954 0
0.000512481 0 0.0155052 1.55019 0
0.000512481 0 0.024041 1.55111 0
0.000512481 0 0.0372759 1.55238 0
0.000512481 0 0.0577969 1.55396 0
0.000512481 0 0.0896151 1.55554 0
0.000512481 0 0.13895 1.55613 0
0.000512481 0 0.215443 1.55327 0
0.000512481 0 0.334048 1.54209 0
0.000512481 0 0.517947 1.51502 0
0.000512481 0 0.803086 1.46463 0
0.000512481 0 1.2452 1.39106 0
0.000512481 0 1.9307 1.30721 0
0.000512481 0 2.99358 1.22997 0
0.000512481 0 4.64159 1.16742 0
0.000512481 0 7.19686 1.11969 0
0.000512481 0 11.1588 1.08446 0
0.000512481 0 17.302 1.059 0
0.000512481 0 26.827 1.04082 0
0.000512481 0 41.5956 1.02787 0
0.000512481 0 64.4947 1.0186 0
0.000512481 0 100 1.01186 0
0.000512481 0 155.052 1.00673 0
0.000512481 0 240.41 1.00268 0
0.000512481 0 372.759 0.999685 0
0.000512481 0 577.969 0.997613 0
0.000512481 0 896.151 0.996016 0
0.000512481 0 1389.5 0.994625 0
0.000512481 0 2154.43 0.993375 0
0.000512481 0 3340.48 0.992248 0
0.000512481 0 5179.47 0.991227 0
0.000512481 0 8030.86 0.990297 0
0.000512481 0 12452 0.989448 0
0.000512481 0 19307 0.988669 0
0.000512481 0 29935.8 0.987951 0
0.000512481 0 46415.9 0.987286 0
0.000512481 0 71968.6 0.98667 0
0.000512481 0 111588 0.986097 0
0.000512481 0 173020 0.985562 0
0.000512481 0 268270 0.98506 0
0.000512481 0 415956 0.984591 0
0.000512481 0 644947 0.984149 0
0.000512481 0 1e+06 0.983729 0

0.00124961 0 1e-06 1.5483 0
0.00124961 0 1.55052e-06 1.5483 0
0.00124961 0 2.4041e-06 1.5483 0
0.00124961 0 3.72759e-06 1.5483 0
0.00124961 0 5.77969e-06 1.5483 0
0.00124961 0 8.96151e-06 1.5483 0
0.00124961 0 1.3895e-05 1.5483 0
0.00124961 0 2.15443e-05 1.54831 0
0.00124961 0 3.34048e-05 1.54831 0
0.00124961 0 5.17947e-05 1.54831 0
0.00124961 0 8.03086e-05 1.54831 0
0.00124961 0 0.00012452 1.54832 0
0.00124961 0 0.00019307 1.54833 0
0.00124961 0 0.000299358 1.54834 0
0.00124961 0 0.000464159 1.54836 0
0.00124961 0 0.000719686 1.5484 0
0.00124961 0 0.00111588 1.54845 0
0.00124961 0 0.0017302 1.54853 0
0.00124961 0 0.0026827 1.54865 0
0.00124961 0 0.00415956 1.54884 0
0.00124961 0 0.00644947 1.54913 0
0.00124961 0 0.01 1.54957 0
0.00124961 0 0.0155052 1.55021 0
0.00124961 0 0.024041 1.55113 0
0.00124961 0 0.0372759 1.5524 0
0.00124961 0 0.0577969 1.55398 0
0.00124961 0 0.0896151 1.55555 0
0.00124961 0 0.13895 1.55613 0
0.00124961 0 0.215443 1.55326 0
0.00124961 0 0.334048 1.54207 0
0.00124961 0 0.517947 1.515 0
0.00124961 0 0.803086 1.46459 0
0.00124961 0 1.2452 1.39103 0
0.00124961 0 1.9307 1.30719 0
0.00124961 0 2.99358 1.22996 0
0.00124961 0 4.64159 1.16741 0
0.00124961 0 7.19686 1.11969 0
0.00124961 0 11.1588 1.08446 0
0.00124961 0 17.302 1.059 0
0.00124961 0 26.827 1.04082 0
0.00124961 0 41.5956 1.02787 0
0.00124961 0 64.4947 1.0186 0
0.00124961 0 100 1.01186 0
0.00124961 0 155.052 1.00673 0
0.00124961 0 240.41 1.00268 0
0.00124961 0 372.759 0.999685 0
0.00124961 0 577.969 0.997613 0
0.00124961 0 896.151 0.996016 0
0.00124961 0 1389.5 0.994625 0
0.00124961 0 2154.43 0.993375 0
0.00124961 0 3340.48 0.992248 0
0.00124961 0 5179.47 0.991227 0
0.00124961 0 8030.86 0.990297 0
0.00124961 0 12452 0.989448 0
0.00124961 0 19307 0.988669 0
0.00124961 0 29935.8 0.987951 0
0.00124961 0 46415.9 0.987286 0
0.00124961 0 71968.6 0.98667 0
0.00124961 0 111588 0.986097 0
0.00124961 0 173020 0.985562 0
0.00124961 0 268270 0.98506 0
0.00124961 0 415956 0.984591 0
0.00124961 0 644947 0.984149 0
0.00124961 0 1e+06 0.983729 0

0.00304699 0 1e-06 1.54836 0
0.00304699 0 1.55052e-06 1.54836 0
0.00304699 0 2.4041e-06 1.54836 0
0.00304699 0 3.72759e-06 1.54836 0
0.00304699 0 5.77969e-06 1.54836 0
0.00304699 0 8.96151e-06 1.54836 0
0.00304699 0 1.3895e-05 1.54836 0
0.00304699 0 2.15443e-05 1.54836 0
0.00304699 0 3.34048e-05 1.54837 0
0.00304699 0 5.17947e-05 1.54837 0
0.00304699 0 8.03086e-05 1.54837 0
0.00304699 0 0.00012452 1.54838 0
0.00304699 0 0.00019307 1.54839 0
0.00304699 0 0.000299358 1.5484 0
0.00304699 0 0.000464159 1.54842 0
0.00304699 0 0.000719686 1.54846 0
0.00304699 0 0.00111588 1.54851 0
0.00304699 0 0.0017302 1.54859 0
0.00304699 0 0.0026827 1.54871 0
0.00304699 0 0.00415956 1.5489 0
0.00304699 0 0.00644947 1.54919 0
0.00304699 0 0.01 1.54962 0
0.00304699 0 0.0155052 1.55026 0
0.00304699 0 0.024041 1.55118 0
0.00304699 0 0.0372759 1.55244 0
0.00304699 0 0.0577969 1.554 0
0.00304699 0 0.0896151 1.55557 0
0.00304699 0 0.13895 1.55612 0
0.00304699 0 0.215443 1.55323 0
0.00304699 0 0.334048 1.54202 0
0.00304699 0 0.517947 1.51492 0
0.00304699 0 0.803086 1.4645 0
0.00304699 0 1.2452 1.39096 0
0.00304699 0 1.9307 1.30715 0
0.00304699 0 2.99358 1.22993 0
0.00304699 0 4.64159 1.1674 0
0.00304699 0 7.19686 1.11968 0
0.00304699 0 11.1588 1.08445 0
0.00304699 0 17.302 1.059 0
0.00304699 0 26.827 1.04082 0
0.00304699 0 41.5956 1.02787 0
0.00304699 0 64.4947 1.0186 0
0.00304699 0 100 1.01186 0
0.00304699 0 155.052 1.00673 0
0.00304699 0 240.41 1.00268 0
0.00304699 0 372.759 0.999685 0
0.00304699 0 577.969 0.997613 0
0.00304699 0 896.151 0.996016 0
0.00304699 0 1389.5 0.994625 0
0.00304699 0 2154.43 0.993375 0
0.00304699 0 3340.48 0.992248 0
0.00304699 0 5179.47 0.991227 0
0.00304699 0 8030.86 0.990297 0
0.00304699 0 12452 0.989448 0
0.00304699 0 19307 0.988669 0
0.00304699 0 29935.8 0.987951 0
0.00304699 0 46415.9 0.987286 0
0.00304699 0 71968.6 0.98667 0
0.00304699 0 111588 0.986097 0
0.00304699 0 173020 0.985562 0
0.00304699 0 268270 0.98506 0
0.00304699 0 415956 0.984591 0
0.00304699 0 644947 0.984149 0
0.00304699 0 1e+06 0.983729 0

0.00742964 0 1e-06 1.54851 0
0.00742964 0 1.55052e-06 1.54851 0
0.00742964 0 2.4041e-06 1.54851 0
0.00742964 0 3.72759e-06 1.54851 0
0.00742964 0 5.77969e-06 1.54851 0
0.00742964 0 8.96151e-06 1.54851 0
0.00742964 0 1.3895e-05 1.54851 0
0.00742964 0 2.15443e-05 1.54851 0
0.00742964 0 3.34048e-05 1.54851 0
0.00742964 0 5.17947e-05 1.54851 0
0.00742964 0 8.03086e-05 1.54852 0
0.00742964 0 0.00012452 1.54852 0
0.00742964 0 0.00019307 1.54853 0
0.00742964 0 0.000299358 1.54854 0
0.00742964 0 0.000464159 1.54857 0
0.00742964 0 0.000719686 1.5486 0
0.00742964 0 0.00111588 1.54865 0
0.00742964 0 0.0017302 1.54873 0
0.00742964 0 0.0026827 1.54885 0
0.00742964 0 0.00415956 1.54904 0
0.00742964 0 0.00644947 1.54932 0
0.00742964 0 0.01 1.54975 0
0.00742964 0 0.0155052 1.55038 0
0.00742964 0 0.024041 1.55129 0
0.00742964 0 0.0372759 1.55253 0
0.00742964 0 0.0577969 1.55407 0
0.00742964 0 0.0896151 1.5556 0
0.00742964 0 0.13895 1.55611 0
0.00742964 0 0.215443 1.55315 0
0.00742964 0 0.334048 1.54187 0
0.00742964 0 0.517947 1.51472 0
0.00742964 0 0.803086 1.46429 0
0.00742964 0 1.2452 1.39079 0
0.00742964 0 1.9307 1.30705 0
0.00742964 0 2.99358 1.22988 0
0.00742964 0 4.64159 1.16737 0
0.00742964 0 7.19686 1.11967 0
0.00742964 0 11.1588 1.08445 0
0.00742964 0 17.302 1.059 0
0.00742964 0 26.827 1.04082 0
0.00742964 0 41.5956 1.02787 0
0.00742964 0 64.4947 1.0186 0
0.00742964 0 100 1.01186 0
0.00742964 0 155.052 1.00673 0
0.00742964 0 240.41 1.00268 0
0.00742964 0 372.759 0.999685 0
0.00742964 0 577.969 0.997613 0
0.00742964 0 896.151 0.996016 0
0.00742964 0 1389.5 0.994625 0
0.00742964 0 2154.43 0.993375 0
0.00742964 0 3340.48 0.992248 0
0.00742964 0 5179.47 0.991227 0
0.00742964 0 8030.86 0.990297 0
0.00742964 0 12452 0.989448 0
0.00742964 0 19307 0.988669 0
0.00742964 0 29935.8 0.987951 0
0.00742964 0 46415.9 0.987286 0
0.00742964 0 71968.6 0.98667 0
0.00742964 0 111588 0.986097 0
0.00742964 0 173020 0.985562 0
0.00742964 0 268270 0.98506 0
0.00742964 0 415956 0.984591 0
0.00742964 0 644947 0.984149 0
0.00742964 0 1e+06 0.983729 0

0.0181161 0 1e-06 1.54885 0
0.0181161 0 1.55052e-06 1.54885 0
0.0181161 0 2.4041e-06 1.54885 0
0.0181161 0 3.72759e-06 1.54885 0
0.0181161 0 5.77969e-06 1.54885 0
0.0181161 0 8.96151e-06 1.54885 0
0.0181161 0 1.3895e-05 1.54885 0
0.0181161 0 2.15443e-05 1.54885 0
0.0181161 0 3.34048e-05 1.54885 0
0.0181161 0 5.17947e-05 1.54886 0
0.0181161 0 8.03086e-05 1.54886 0
0.0181161 0 0.00012452 1.54887 0
0.0181161 0 0.00019307 1.54887 0
0.0181161 0 0.000299358 1.54889 0
0.0181161 0 0.000464159 1.54891 0
0.0181161 0 0.000719686 1.54894 0
0.0181161 0 0.00111588 1.54899 0
0.0181161 0 0.0017302 1.54907 0
0.0181161 0 0.0026827 1.54919 0
0.0181161 0 0.00415956 1.54937 0
0.0181161 0 0.00644947 1.54964 0
0.0181161 0 0.01 1.55006 0
0.0181161 0 0.0155052 1.55067 0
0.0181161 0 0.024041 1.55156 0
0.0181161 0 0.0372759 1.55276 0
0.0181161 0 0.0577969 1.55424 0
0.0181161 0 0.0896151 1.55568 0
0.0181161 0 0.13895 1.55607 0
0.0181161 0 0.215443 1.55296 0
0.0181161 0 0.334048 1.54152 0
0.0181161 0 0.517947 1.51424 0
0.0181161 0 0.803086 1.46379 0
0.0181161 0 1.2452 1.39039 0
0.0181161 0 1.9307 1.30679 0
0.0181161 0 2.99358 1.22974 0
0.0181161 0 4.64159 1.1673 0
0.0181161 0 7.19686 1.11964 0
0.0181161 0 11.1588 1.08443 0
0.0181161 0 17.302 1.05899 0
0.0181161 0 26.827 1.04082 0
0.0181161 0 41.5956 1.02787 0
0.0181161 0 64.4947 1.0186 0
0.0181161 0 100 1.01186 0
0.0181161 0 155.052 1.00673 0
0.0181161 0 240.41 1.00268 0
0.0181161 0 372.759 0.999685 0
0.0181161 0 577.969 0.997613 0
0.0181161 0 896.151 0.996016 0
0.0181161 0 1389.5 0.994625 0
0.0181161 0 2154.43 0.993375 0
0.0181161 0 3340.48 0.992248 0
0.0181161 0 5179.47 0.991227 0
0.0181161 0 8030.86 0.990297 0
0.0181161 0 12452 0.989448 0
0.0181161 0 19307 0.988669 0
0.0181161 0 29935.8 0.987951 0
0.0181161 0 46415.9 0.987286 0
0.0181161 0 71968.6 0.98667 0
0.0181161 0 111588 0.986097 0
0.0181161 0 173020 0.985562 0
0.0181161 0 268270 0.98506 0
0.0181161 0 415956 0.984591 0
0.0181161 0 644947 0.984149 0
0.0181161 0 1e+06 0.983729 0

0.0441734 0 1e-06 1.54965 0
0.0441734 0 1.55052e-06 1.54965 0
0.0441734 0 2.4041e-06 1.54965 0
0.0441734 0 3.72759e-06 1.54965 0
0.0441734 0 5.77969e-06 1.54965 0
0.0441734 0 8.96151e-06 1.54965 0
0.0441734 0 1.3895e-05 1.54965 0
0.0441734 0 2.15443e-05 1.54966 0
0.0441734 0 3.34048e-05 1.54966 0
0.0441734 0 5.17947e-05 1.54966 0
0.0441734 0 8.03086e-05 1.54966 0
0.0441734 0 0.00012452 1.54967 0
0.0441734 0 0.00019307 1.54968 0
0.0441734 0 0.000299358 1.54969 0
0.0441734 0 0.000464159 1.54971 0
0.0441734 0 0.000719686 1.54974 0
0.0441734 0 0.00111588 1.54978 0
0.0441734 0 0.0017302 1.54986 0
0.0441734 0 0.0026827 1.54997 0
0.0441734 0 0.00415956 1.55014 0
0.0441734 0 0.00644947 1.5504 0
0.0441734 0 0.01 1.55078 0
0.0441734 0 0.0155052 1.55135 0
0.0441734 0 0.024041 1.55217 0
0.0441734 0 0.0372759 1.55327 0
0.0441734 0 0.0577969 1.55461 0
0.0441734 0 0.0896151 1.55584 0
0.0441734 0 0.13895 1.55596 0
0.0441734 0 0.215443 1.55252 0
0.0441734 0 0.334048 1.5407 0
0.0441734 0 0.517947 1.51313 0
0.0441734 0 0.803086 1.46261 0
0.0441734 0 1.2452 1.38943 0
0.0441734 0 1.9307 1.30618 0
0.0441734 0 2.99358 1.2294 0
0.0441734 0 4.64159 1.16713 0
0.0441734 0 7.19686 1.11955 0
0.0441734 0 11.1588 1.08439 0
0.0441734 0 17.302 1.05897 0
0.0441734 0 26.827 1.04081 0
0.0441734 0 41.5956 1.02787 0
0.0441734 0 64.4947 1.0186 0
0.0441734 0 100 1.01186 0
0.0441734 0 155.052 1.00673 0
0.0441734 0 240.41 1.00268 0
0.0441734 0 372.759 0.999685 0
0.0441734 0 577.969 0.997613 0
0.0441734 0 896.151 0.996016 0
0.0441734 0 1389.5 0.994625 0
0.0441734 0 2154.43 0.993375 0
0.0441734 0 3340.48 0.992248 0
0.0441734 0 5179.47 0.991227 0
0.0441734 0 8030.86 0.990297 0
0.0441734 0 12452 0.989448 0
0.0441734 0 19307 0.988669 0
0.0441734 0 29935.8 0.987951 0
0.0441734 0 46415.9 0.987286 0
0.0441734 0 71968.6 0.98667 0
0.0441734 0 111588 0.986097 0
0.0441734 0 173020 0.985562 0
0.0441734 0 268270 0.98506 0
0.0441734 0 415956 0.984591 0
0.0441734 0 644947 0.984149 0
0.0441734 0 1e+06 0.983729 0

0.107711 0 1e-06 1.5514 0
0.107711 0 1.55052e-06 1.5514 0
0.107711 0 2.4041e-06 1.5514 0
0.107711 0 3.72759e-06 1.5514 0
0.107711 0 5.77969e-06 1.5514 0
0.107711 0 8.96151e-06 1.5514 0
0.107711 0 1.3895e-05 1.5514 0
0.107711 0 2.15443e-05 1.5514 0
0.107711 0 3.34048e-05 1.5514 0
0.107711 0 5.17947e-05 1.5514 0
0.107711 0 8.03086e-05 1.5514 0
0.107711 0 0.00012452 1.55141 0
0.107711 0 0.00019307 1.55141 0
0.107711 0 0.000299358 1.55143 0
0.107711 0 0.000464159 1.55144 0
0.107711 0 0.000719686 1.55147 0
0.107711 0 0.00111588 1.55151 0
0.107711 0 0.0017302 1.55157 0
0.107711 0 0.0026827 1.55166 0
0.107711 0 0.00415956 1.5518 0
0.107711 0 0.00644947 1.55201 0
0.107711 0 0.01 1.55234 0
0.107711 0 0.0155052 1.5528 0
0.107711 0 0.024041 1.55347 0
0.107711 0 0.0372759 1.55434 0
0.107711 0 0.0577969 1.55534 0
0.107711 0 0.0896151 1.55609 0
0.107711 0 0.13895 1.55555 0
0.107711 0 0.215443 1.5513 0
0.107711 0 0.334048 1.53865 0
0.107711 0 0.517947 1.5105 0
0.107711 0 0.803086 1.45981 0
0.107711 0 1.2452 1.38711 0
0.107711 0 1.9307 1.30467 0
0.107711 0 2.99358 1.22858 0
0.107711 0 4.64159 1.16672 0
0.107711 0 7.19686 1.11935 0
0.107711 0 11.1588 1.0843 0
0.107711 0 17.302 1.05893 0
0.107711 0 26.827 1.04079 0
0.107711 0 41.5956 1.02786 0
0.107711 0 64.4947 1.0186 0
0.107711 0 100 1.01186 0
0.107711 0 155.052 1.00673 0
0.107711 0 240.41 1.00267 0
0.107711 0 372.759 0.999685 0
0.107711 0 577.969 0.997613 0
0.107711 0 896.151 0.996016 0
0.107711 0 1389.5 0.994625 0
0.107711 0 2154.43 0.993375 0
0.107711 0 3340.48 0.992248 0
0.107711 0 5179.47 0.991227 0
0.107711 0 8030.86 0.990297 0
0.107711 0 12452 0.989448 0
0.107711 0 19307 0.988669 0
0.107711 0 29935.8 0.987951 0
0.107711 0 46415.9 0.987286 0
0.107711 0 71968.6 0.98667 0
0.107711 0 111588 0.986097 0
0.107711 0 173020 0.985562 0
0.107711 0 268270 0.98506 0
0.107711 0 415956 0.984591 0
0.107711 0 644947 0.984149 0
0.107711 0 1e+06 0.983729 0

0.262636 0 1e-06 1.55444 0
0.262636 0 1.55052e-06 1.55444 0
0.262636 0 2.4041e-06 1.55444 0
0.262636 0 3.72759e-06 1.55444 0
0.262636 0 5.77969e-06 1.55444 0
0.262636 0 8.96151e-06 1.55444 0
0.262636 0 1.3895e-05 1.55444 0
0.262636 0 2.15443e-05 1.55444 0
0.262636 0 3.34048e-05 1.55444 0
0.262636 0 5.17947e-05 1.55445 0
0.262636 0 8.03086e-05 1.55445 0
0.262636 0 0.00012452 1.55445 0
0.262636 0 0.00019307 1.55445 0
0.262636 0 0.000299358 1.55446 0
0.262636 0 0.000464159 1.55447 0
0.262636 0 0.000719686 1.55448 0
0.262636 0 0.00111588 1.5545 0
0.262636 0 0.0017302 1.55454 0
0.262636 0 0.0026827 1.55459 0
0.262636 0 0.00415956 1.55467 0
0.262636 0 0.00644947 1.55479 0
0.262636 0 0.01 1.55496 0
0.262636 0 0.0155052 1.5552 0
0.262636 0 0.024041 1.55552 0
0.262636 0 0.0372759 1.55587 0
0.262636 0 0.0577969 1.55611 0
0.262636 0 0.0896151 1.5558 0
0.262636 0 0.13895 1.55382 0
0.262636 0 0.215443 1.54781 0
0.262636 0 0.334048 1.53332 0
0.262636 0 0.517947 1.50376 0
0.262636 0 0.803086 1.45292 0
0.262636 0 1.2452 1.38154 0
0.262636 0 1.9307 1.30106 0
0.262636 0 2.99358 1.2266 0
0.262636 0 4.64159 1.16572 0
0.262636 0 7.19686 1.11887 0
0.262636 0 11.1588 1.08407 0
0.262636 0 17.302 1.05882 0
0.262636 0 26.827 1.04074 0
0.262636 0 41.5956 1.02783 0
0.262636 0 64.4947 1.01858 0
0.262636 0 100 1.01185 0
0.262636 0 155.052 1.00673 0
0.262636 0 240.41 1.00267 0
0.262636 0 372.759 0.999684 0
0.262636 0 577.969 0.997612 0
0.262636 0 896.151 0.996016 0
0.262636 0 1389.5 0.994625 0
0.262636 0 2154.43 0.993375 0
0.262636 0 3340.48 0.992248 0
0.262636 0 5179.47 0.991227 0
0.262636 0 8030.86 0.990297 0
0.262636 0 12452 0.989448 0
0.262636 0 19307 0.988669 0
0.262636 0 29935.8 0.987951 0
0.262636 0 46415.9 0.987286 0
0.262636 0 71968.6 0.98667 0
0.262636 0 111588 0.986097 0
0.262636 0 173020 0.985562 0
0.262636 0 268270 0.98506 0
0.262636 0 415956 0.984591 0
0.262636 0 644947 0.984149 0
0.262636 0 1e+06 0.983729 0

0.6404 0 1e-06 1.55575 0
0.6404 0 1.55052e-06 1.55575 0
0.6404 0 2.4041e-06 1.55575 0
0.6404 0 3.72759e-06 1.55575 0
0.6404 0 5.77969e-06 1.55575 0
0.6404 0 8.96151e-06 1.55575 0
0.6404 0 1.3895e-05 1.55575 0
0.6404 0 2.15443e-05 1.55575 0
0.6404 0 3.34048e-05 1.55575 0
0.6404 0 5.17947e-05 1.55575 0
0.6404 0 8.03086e-05 1.55575 0
0.6404 0 0.00012452 1.55575 0
0.6404 0 0.00019307 1.55575 0
0.6404 0 0.000299358 1.55575 0
0.6404 0 0.000464159 1.55574 0
0.6404 0 0.000719686 1.55573 0
0.6404 0 0.00111588 1.55572 0
0.6404 0 0.0017302 1.55571 0
0.6404 0 0.0026827 1.55568 0
0.6404 0 0.00415956 1.55564 0
0.6404 0 0.00644947 1.55556 0
0.6404 0 0.01 1.55544 0
0.6404 0 0.0155052 1.55525 0
0.6404 0 0.024041 1.55488 0
0.6404 0 0.0372759 1.55424 0
0.6404 0 0.0577969 1.55303 0
0.6404 0 0.0896151 1.55061 0
0.6404 0 0.13895 1.54588 0
0.6404 0 0.215443 1.53659 0
0.6404 0 0.334048 1.51874 0
0.6404 0 0.517947 1.48707 0
0.6404 0 0.803086 1.4366 0
0.6404 0 1.2452 1.36847 0
0.6404 0 1.9307 1.29264 0
0.6404 0 2.99358 1.22195 0
0.6404 0 4.64159 1.16332 0
0.6404 0 7.19686 1.1177 0
0.6404 0 11.1588 1.08352 0
0.6404 0 17.302 1.05856 0
0.6404 0 26.827 1.04062 0
0.6404 0 41.5956 1.02778 0
0.6404 0 64.4947 1.01856 0
0.6404 0 100 1.01184 0
0.6404 0 155.052 1.00672 0
0.6404 0 240.41 1.00267 0
0.6404 0 372.759 0.999683 0
0.6404 0 577.969 0.997612 0
0.6404 0 896.151 0.996016 0
0.6404 0 1389.5 0.994624 0
0.6404 0 2154.43 0.993375 0
0.6404 0 3340.48 0.992248 0
0.6404 0 5179.47 0.991227 0
0.6404 0 8030.86 0.990297 0
0.6404 0 12452 0.989448 0
0.6404 0 19307 0.988669 0
0.6404 0 29935.8 0.987951 0
0.6404 0 46415.9 0.987286 0
0.6404 0 71968.6 0.98667 0
0.6404 0 111588 0.986097 0
0.6404 0 173020 0.985562 0
0.6404 0 268270 0.98506 0
0.6404 0 415956 0.984591 0
0.6404 0 644947 0.984149 0
0.6404 0 1e+06 0.983729 0

1.56152 0 1e-06 1.53471 0
1.56152 0 1.55052e-06 1.53471 0
1.56152 0 2.4041e-06 1.53471 0
1.56152 0 3.72759e-06 1.53471 0
1.56152 0 5.77969e-06 1.53471 0
1.56152 0 8.96151e-06 1.53471 0
1.56152 0 1.3895e-05 1.53471 0
1.56152 0 2.15443e-05 1.53471 0
1.56152 0 3.34048e-05 1.53471 0
1.56152 0 5.17947e-05 1.5347 0
1.56152 0 8.03086e-05 1.5347 0
1.56152 0 0.00012452 1.53469 0
1.56152 0 0.00019307 1.53469 0
1.56152 0 0.000299358 1.53467 0
1.56152 0 0.000464159 1.53465 0
1.56152 0 0.000719686 1.53462 0
1.56152 0 0.00111588 1.53456 0
1.56152 0 0.0017302 1.53448 0
1.56152 0 0.0026827 1.53435 0
1.56152 0 0.00415956 1.53416 0
1.56152 0 0.00644947 1.53381 0
1.56152 0 0.01 1.53328 0
1.56152 0 0.0155052 1.53248 0
1.56152 0 0.024041 1.53126 0
1.56152 0 0.0372759 1.52928 0
1.56152 0 0.0577969 1.52615 0
1.56152 0 0.0896151 1.52112 0
1.56152 0 0.13895 1.51299 0
1.56152 0 0.215443 1.49978 0
1.56152 0 0.334048 1.4787 0
1.56152 0 0.517947 1.44612 0
1.56152 0 0.803086 1.39935 0
1.56152 0 1.2452 1.33962 0
1.56152 0 1.9307 1.27388 0
1.56152 0 2.99358 1.21135 0
1.56152 0 4.64159 1.15785 0
1.56152 0 7.19686 1.11498 0
1.56152 0 11.1588 1.0822 0
1.56152 0 17.302 1.05794 0
1.56152 0 26.827 1.04033 0
1.56152 0 41.5956 1.02764 0
1.56152 0 64.4947 1.0185 0
1.56152 0 100 1.01181 0
1.56152 0 155.052 1.00671 0
1.56152 0 240.41 1.00266 0
1.56152 0 372.759 0.999679 0
1.56152 0 577.969 0.99761 0
1.56152 0 896.151 0.996015 0
1.56152 0 1389.5 0.994624 0
1.56152 0 2154.43 0.993375 0
1.56152 0 3340.48 0.992248 0
1.56152 0 5179.47 0.991227 0
1.56152 0 8030.86 0.990297 0
1.56152 0 12452 0.989448 0
1.56152 0 19307 0.988669 0
1.56152 0 29935.8 0.987951 0
1.56152 0 46415.9 0.987286 0
1.56152 0 71968.6 0.98667 0
1.56152 0 111588 0.986097 0
1.56152 0 173020 0.985562 0
1.56152 0 268270 0.98506 0
1.56152 0 415956 0.984591 0
1.56152 0 644947 0.984149 0
1.56152 0 1e+06 0.983729 0

3.80755 0 1e-06 1.43843 0
3.80755 0 1.55052e-06 1.43843 0
3.80755 0 2.4041e-06 1.43843 0
3.80755 0 3.72759e-06 1.43843 0
3.80755 0 5.77969e-06 1.43843 0
3.80755 0 8.96151e-06 1.43843 0
3.80755 0 1.3895e-05 1.43843 0
3.80755 0 2.15443e-05 1.43842 0
3.80755 0 3.34048e-05 1.43842 0
3.80755 0 5.17947e-05 1.43842 0
3.80755 0 8.03086e-05 1.43841 0
3.80755 0 0.00012452 1.43841 0
3.80755 0 0.00019307 1.4384 0
3.80755 0 0.000299358 1.43838 0
3.80755 0 0.000464159 1.43835 0
3.80755 0 0.000719686 1.43831 0
3.80755 0 0.00111588 1.43824 0
3.80755 0 0.0017302 1.43812 0
3.80755 0 0.0026827 1.43795 0
3.80755 0 0.00415956 1.43769 0
3.80755 0 0.00644947 1.43729 0
3.80755 0 0.01 1.43668 0
3.80755 0 0.0155052 1.43573 0
3.80755 0 0.024041 1.43429 0
3.80755 0 0.0372759 1.43208 0
3.80755 0 0.0577969 1.42864 0
3.80755 0 0.0896151 1.42332 0
3.80755 0 0.13895 1.41531 0
3.80755 0 0.215443 1.40325 0
3.80755 0 0.334048 1.3855 0
3.80755 0 0.517947 1.36029 0
3.80755 0 0.803086 1.32636 0
3.80755 0 1.2452 1.28429 0
3.80755 0 1.9307 1.23709 0
3.80755 0 2.99358 1.18952 0
3.80755 0 4.64159 1.1459 0
3.80755 0 7.19686 1.10882 0
3.80755 0 11.1588 1.07918 0
3.80755 0 17.302 1.05651 0
3.80755 0 26.827 1.03966 0
3.80755 0 41.5956 1.02733 0
3.80755 0 64.4947 1.01835 0
3.80755 0 100 1.01174 0
3.80755 0 155.052 1.00667 0
3.80755 0 240.41 1.00265 0
3.80755 0 372.759 0.999671 0
3.80755 0 577.969 0.997606 0
3.80755 0 896.151 0.996013 0
3.80755 0 1389.5 0.994623 0
3.80755 0 2154.43 0.993374 0
3.80755 0 3340.48 0.992247 0
3.80755 0 5179.47 0.991226 0
3.80755 0 8030.86 0.990297 0
3.80755 0 12452 0.989448 0
3.80755 0 19307 0.988669 0
3.80755 0 29935.8 0.98795 0
3.80755 0 46415.9 0.987286 0
3.80755 0 71968.6 0.98667 0
3.80755 0 111588 0.986097 0
3.80755 0 173020 0.985562 0
3.80755 0 268270 0.98506 0
3.80755 0 415956 0.984591 0
3.80755 0 644947 0.984149 0
3.80755 0 1e+06 0.983729 0

9.28415 0 1e-06 1.27328 0
9.28415 0 1.55052e-06 1.27328 0
9.28415 0 2.4041e-06 1.27328 0
9.28415 0 3.72759e-06 1.27328 0
9.28415 0 5.77969e-06 1.27328 0
9.28415 0 8.96151e-06 1.27328 0
9.28415 0 1.3895e-05 1.27328 0
9.28415 0 2.15443e-05 1.27328 0
9.28415 0 3.34048e-05 1.27328 0
9.28415 0 5.17947e-05 1.27327 0
9.28415 0 8.03086e-05 1.27327 0
9.28415 0 0.00012452 1.27327 0
9.28415 0 0.00019307 1.27326 0
9.28415 0 0.000299358 1.27326 0
9.28415 0 0.000464159 1.27324 0
9.28415 0 0.000719686 1.27322 0
9.28415 0 0.00111588 1.27319 0
9.28415 0 0.0017302 1.27315 0
9.28415 0 0.0026827 1.27308 0
9.28415 0 0.00415956 1.27297 0
9.28415 0 0.00644947 1.27279 0
9.28415 0 0.01 1.27253 0
9.28415 0 0.0155052 1.27212 0
9.28415 0 0.024041 1.27148 0
9.28415 0 0.0372759 1.2705 0
9.28415 0 0.0577969 1.26899 0
9.28415 0 0.0896151 1.26668 0
9.28415 0 0.13895 1.26322 0
9.28415 0 0.215443 1.25799 0
9.28415 0 0.334048 1.25028 0
9.28415 0 0.517947 1.23928 0
9.28415 0 0.803086 1.22406 0
9.28415 0 1.2452 1.20406 0
9.28415 0 1.9307 1.17963 0
9.28415 0 2.99358 1.15205 0
9.28415 0 4.64159 1.12346 0
9.28415 0 7.19686 1.09642 0
9.28415 0 11.1588 1.07271 0
9.28415 0 17.302 1.05328 0
9.28415 0 26.827 1.03809 0
9.28415 0 41.5956 1.02659 0
9.28415 0 64.4947 1.018 0
9.28415 0 100 1.01157 0
9.28415 0 155.052 1.00659 0
9.28415 0 240.41 1.0026 0
9.28415 0 372.759 0.999651 0
9.28415 0 577.969 0.997597 0
9.28415 0 896.151 0.996008 0
9.28415 0 1389.5 0.99462 0
9.28415 0 2154.43 0.993372 0
9.28415 0 3340.48 0.992246 0
9.28415 0 5179.47 0.991226 0
9.28415 0 8030.86 0.990297 0
9.28415 0 12452 0.989448 0
9.28415 0 19307 0.988669 0
9.28415 0 29935.8 0.98795 0
9.28415 0 46415.9 0.987286 0
9.28415 0 71968.6 0.98667 0
9.28415 0 111588 0.986097 0
9.28415 0 173020 0.985562 0
9.28415 0 268270 0.98506 0
9.28415 0 415956 0.984591 0
9.28415 0 644947 0.984149 0
9.28415 0 1e+06 0.983729 0

22.638 0 1e-06 1.14415 0
22.638 0 1.55052e-06 1.14415 0
22.638 0 2.4041e-06 1.14415 0
22.638 0 3.72759e-06 1.14415 0
22.638 0 5.77969e-06 1.14415 0
22.638 0 8.96151e-06 1.14415 0
22.638 0 1.3895e-05 1.14415 0
22.638 0 2.15443e-05 1.14415 0
22.638 0 3.34048e-05 1.14415 0
22.638 0 5.17947e-05 1.14415 0
22.638 0 8.03086e-05 1.14415 0
22.638 0 0.00012452 1.14415 0
22.638 0 0.00019307 1.14414 0
22.638 0 0.000299358 1.14414 0
22.638 0 0.000464159 1.14414 0
22.638 0 0.000719686 1.14413 0
22.638 0 0.00111588 1.14413 0
22.638 0 0.0017302 1.14411 0
22.638 0 0.0026827 1.1441 0
22.638 0 0.00415956 1.14407 0
22.638 0 0.00644947 1.14402 0
22.638 0 0.01 1.14396 0
22.638 0 0.0155052 1.14385 0
22.638 0 0.024041 1.14369 0
22.638 0 0.0372759 1.14344 0
22.638 0 0.0577969 1.14305 0
22.638 0 0.0896151 1.14245 0
22.638 0 0.13895 1.14155 0
22.638 0 0.215443 1.14019 0
22.638 0 0.334048 1.13811 0
22.638 0 0.517947 1.13498 0
22.638 0 0.803086 1.13048 0
22.638 0 1.2452 1.12405 0
22.638 0 1.9307 1.11532 0
22.638 0 2.99358 1.10411 0
22.638 0 4.64159 1.09064 0
22.638 0 7.19686 1.07576 0
22.638 0 11.1588 1.06073 0
22.638 0 17.302 1.04681 0
22.638 0 26.827 1.03476 0
22.638 0 41.5956 1.02493 0
22.638 0 64.4947 1.01718 0
22.638 0 100 1.01116 0
22.638 0 155.052 1.00637 0
22.638 0 240.41 1.0025 0
22.638 0 372.759 0.999603 0
22.638 0 577.969 0.997574 0
22.638 0 896.151 0.995995 0
22.638 0 1389.5 0.994613 0
22.638 0 2154.43 0.993368 0
22.638 0 3340.48 0.992244 0
22.638 0 5179.47 0.991224 0
22.638 0 8030.86 0.990296 0
22.638 0 12452 0.989448 0
22.638 0 19307 0.988668 0
22.638 0 29935.8 0.98795 0
22.638 0 46415.9 0.987286 0
22.638 0 71968.6 0.98667 0
22.638 0 111588 0.986097 0
22.638 0 173020 0.985562 0
22.638 0 268270 0.98506 0
22.638 0 415956 0.984591 0
22.638 0 644947 0.984149 0
22.638 0 1e+06 0.983729 0

55.1995 0 1e-06 1.07106 0
55.1995 0 1.55052e-06 1.07106 0
55.1995 0 2.4041e-06 1.07106 0
55.1995 0 3.72759e-06 1.07106 0
55.1995 0 5.77969e-06 1.07106 0
55.1995 0 8.96151e-06 1.07106 0
55.1995 0 1.3895e-05 1.07106 0
55.1995 0 2.15443e-05 1.07106 0
55.1995 0 3.34048e-05 1.07106 0
55.1995 0 5.17947e-05 1.07106 0
55.1995 0 8.03086e-05 1.07106 0
55.1995 0 0.00012452 1.07106 0
55.1995 0 0.00019307 1.07106 0
55.1995 0 0.000299358 1.07106 0
55.1995 0 0.000464159 1.07106 0
55.1995 0 0.000719686 1.07106 0
55.1995 0 0.00111588 1.07106 0
55.1995 0 0.0017302 1.07105 0
55.1995 0 0.0026827 1.07105 0
55.1995 0 0.00415956 1.07104 0
55.1995 0 0.00644947 1.07103 0
55.1995 0 0.01 1.07102 0
55.1995 0 0.0155052 1.071 0
55.1995 0 0.024041 1.07096 0
55.1995 0 0.0372759 1.0709 0
55.1995 0 0.0577969 1.07082 0
55.1995 0 0.0896151 1.07069 0
55.1995 0 0.13895 1.0705 0
55.1995 0 0.215443 1.0702 0
55.1995 0 0.334048 1.06973 0
55.1995 0 0.517947 1.06902 0
55.1995 0 0.803086 1.06792 0
55.1995 0 1.2452 1.06634 0
55.1995 0 1.9307 1.064 0
55.1995 0 2.99358 1.0607 0
55.1995 0 4.64159 1.05622 0
55.1995 0 7.19686 1.05052 0
55.1995 0 11.1588 1.0437 0
55.1995 0 17.302 1.0362 0
55.1995 0 26.827 1.02864 0
55.1995 0 41.5956 1.02159 0
55.1995 0 64.4947 1.01544 0
55.1995 0 100 1.01026 0
55.1995 0 155.052 1.00589 0
55.1995 0 240.41 1.00225 0
55.1995 0 372.759 0.999489 0
55.1995 0 577.969 0.99752 0
55.1995 0 896.151 0.995966 0
55.1995 0 1389.5 0.994596 0
55.1995 0 2154.43 0.993358 0
55.1995 0 3340.48 0.992238 0
55.1995 0 5179.47 0.991221 0
55.1995 0 8030.86 0.990294 0
55.1995 0 12452 0.989446 0
55.1995 0 19307 0.988668 0
55.1995 0 29935.8 0.98795 0
55.1995 0 46415.9 0.987286 0
55.1995 0 71968.6 0.98667 0
55.1995 0 111588 0.986097 0
55.1995 0 173020 0.985562 0
55.1995 0 268270 0.98506 0
55.1995 0 415956 0.984591 0
55.1995 0 644947 0.984149 0
55.1995 0 1e+06 0.983729 0

134.596 0 1e-06 1.03358 0
134.596 0 1.55052e-06 1.03358 0
134.596 0 2.4041e-06 1.03358 0
134.596 0 3.72759e-06 1.03358 0
134.596 0 5.77969e-06 1.03358 0
134.596 0 8.96151e-06 1.03358 0
134.596 0 1.3895e-05 1.03358 0
134.596 0 2.15443e-05 1.03358 0
134.596 0 3.34048e-05 1.03358 0
134.596 0 5.17947e-05 1.03358 0
134.596 0 8.03086e-05 1.03358 0
134.596 0 0.00012452 1.03358 0
134.596 0 0.00019307 1.03358 0
134.596 0 0.000299358 1.03358 0
134.596 0 0.000464159 1.03358 0
134.596 0 0.000719686 1.03358 0
134.596 0 0.00111588 1.03358 0
134.596 0 0.0017302 1.03358 0
134.596 0 0.0026827 1.03358 0
134.596 0 0.00415956 1.03357 0
134.596 0 0.00644947 1.03357 0
134.596 0 0.01 1.03357 0
134.596 0 0.0155052 1.03356 0
134.596 0 0.024041 1.03356 0
134.596 0 0.0372759 1.03355 0
134.596 0 0.0577969 1.03353 0
134.596 0 0.0896151 1.0335 0
134.596 0 0.13895 1.03346 0
134.596 0 0.215443 1.0334 0
134.596 0 0.334048 1.0333 0
134.596 0 0.517947 1.03315 0
134.596 0 0.803086 1.03292 0
134.596 0 1.2452 1.03256 0
134.596 0 1.9307 1.03204 0
134.596 0 2.99358 1.03124 0
134.596 0 4.64159 1.03008 0
134.596 0 7.19686 1.02844 0
134.596 0 11.1588 1.02622 0
134.596 0 17.302 1.02335 0
134.596 0 26.827 1.01992 0
134.596 0 41.5956 1.01612 0
134.596 0 64.4947 1.0122 0
134.596 0 100 1.0084 0
134.596 0 155.052 1.00483 0
134.596 0 240.41 1.00169 0
134.596 0 372.759 0.999229 0
134.596 0 577.969 0.997394 0
134.596 0 896.151 0.995896 0
134.596 0 1389.5 0.994555 0
134.596 0 2154.43 0.993334 0
134.596 0 3340.48 0.992224 0
134.596 0 5179.47 0.991213 0
134.596 0 8030.86 0.990289 0
134.596 0 12452 0.989443 0
134.596 0 19307 0.988666 0
134.596 0 29935.8 0.987949 0
134.596 0 46415.9 0.987285 0
134.596 0 71968.6 0.98667 0
134.596 0 111588 0.986096 0
134.596 0 173020 0.985561 0
134.596 0 268270 0.98506 0
134.596 0 415956 0.984591 0
134.596 0 644947 0.984149 0
134.596 0 1e+06 0.983729 0

328.193 0 1e-06 1.01466 0
328.193 0 1.55052e-06 1.01466 0
328.193 0 2.4041e-06 1.01466 0
328.193 0 3.72759e-06 1.01466 0
328.193 0 5.77969e-06 1.01466 0
328.193 0 8.96151e-06 1.01466 0
328.193 0 1.3895e-05 1.01466 0
328.193 0 2.15443e-05 1.01466 0
328.193 0 3.34048e-05 1.01466 0
328.193 0 5.17947e-05 1.01466 0
328.193 0 8.03086e-05 1.01466 0
328.193 0 0.00012452 1.01465 0
328.193 0 0.00019307 1.01465 0
328.193 0 0.000299358 1.01465 0
328.193 0 0.000464159 1.01465 0
328.193 0 0.000719686 1.01465 0
328.193 0 0.00111588 1.01465 0
328.193 0 0.0017302 1.01465 0
328.193 0 0.0026827 1.01465 0
328.193 0 0.00415956 1.01465 0
328.193 0 0.00644947 1.01465 0
328.193 0 0.01 1.01465 0
328.193 0 0.0155052 1.01465 0
328.193 0 0.024041 1.01465 0
328.193 0 0.0372759 1.01465 0
328.193 0 0.0577969 1.01464 0
328.193 0 0.0896151 1.01464 0
328.193 0 0.13895 1.01463 0
328.193 0 0.215443 1.01462 0
328.193 0 0.334048 1.01459 0
328.193 0 0.517947 1.01456 0
328.193 0 0.803086 1.01451 0
328.193 0 1.2452 1.01443 0
328.193 0 1.9307 1.01432 0
328.193 0 2.99358 1.01414 0
328.193 0 4.64159 1.01386 0
328.193 0 7.19686 1.01345 0
328.193 0 11.1588 1.01286 0
328.193 0 17.302 1.01201 0
328.193 0 26.827 1.01084 0
328.193 0 41.5956 1.0093 0
328.193 0 64.4947 1.0074 0
328.193 0 100 1.0052 0
328.193 0 155.052 1.00284 0
328.193 0 240.41 1.0006 0
328.193 0 372.759 0.99868 0
328.193 0 577.969 0.997108 0
328.193 0 896.151 0.995731 0
328.193 0 1389.5 0.994457 0
328.193 0 2154.43 0.993277 0
328.193 0 3340.48 0.99219 0
328.193 0 5179.47 0.991193 0
328.193 0 8030.86 0.990277 0
328.193 0 12452 0.989436 0
328.193 0 19307 0.988662 0
328.193 0 29935.8 0.987946 0
328.193 0 46415.9 0.987284 0
328.193 0 71968.6 0.986669 0
328.193 0 111588 0.986096 0
328.193 0 173020 0.985561 0
328.193 0 268270 0.98506 0
328.193 0 415956 0.984591 0
328.193 0 644947 0.984149 0
328.193 0 1e+06 0.983729 0

800.25 0 1e-06 1.00425 0
800.25 0 1.55052e-06 1.00425 0
800.25 0 2.4041e-06 1.00425 0
800.25 0 3.72759e-06 1.00425 0
800.25 0 5.77969e-06 1.00425 0
800.25 0 8.96151e-06 1.00425 0
800.25 0 1.3895e-05 1.00425 0
800.25 0 2.15443e-05 1.00425 0
800.25 0 3.34048e-05 1.00425 0
800.25 0 5.17947e-05 1.00425 0
800.25 0 8.03086e-05 1.00425 0
800.25 0 0.00012452 1.00425 0
800.25 0 0.00019307 1.00425 0
800.25 0 0.000299358 1.00425 0
800.25 0 0.000464159 1.00425 0
800.25 0 0.000719686 1.00425 0
800.25 0 0.00111588 1.00425 0
800.25 0 0.0017302 1.00425 0
800.25 0 0.0026827 1.00425 0
800.25 0 0.00415956 1.00425 0
800.25 0 0.00644947 1.00425 0
800.25 0 0.01 1.00425 0
800.25 0 0.0155052 1.00425 0
800.25 0 0.024041 1.00425 0
800.25 0 0.0372759 1.00425 0
800.25 0 0.0577969 1.00425 0
800.25 0 0.0896151 1.00425 0
800.25 0 0.13895 1.00424 0
800.25 0 0.215443 1.00424 0
800.25 0 0.334048 1.00424 0
800.25 0 0.517947 1.00423 0
800.25 0 0.803086 1.00422 0
800.25 0 1.2452 1.0042 0
800.25 0 1.9307 1.00417 0
800.25 0 2.99358 1.00412 0
800.25 0 4.64159 1.00405 0
800.25 0 7.19686 1.00394 0
800.25 0 11.1588 1.00378 0
800.25 0 17.302 1.00354 0
800.25 0 26.827 1.00318 0
800.25 0 41.5956 1.00267 0
800.25 0 64.4947 1.00198 0
800.25 0 100 1.00108 0
800.25 0 155.052 1.00001 0
800.25 0 240.41 0.99885 0
800.25 0 372.759 0.997675 0
800.25 0 577.969 0.996517 0
800.25 0 896.151 0.995368 0
800.25 0 1389.5 0.994235 0
800.25 0 2154.43 0.993142 0
800.25 0 3340.48 0.99211 0
800.25 0 5179.47 0.991145 0
800.25 0 8030.86 0.990249 0
800.25 0 12452 0.989419 0
800.25 0 19307 0.988652 0
800.25 0 29935.8 0.98794 0
800.25 0 46415.9 0.98728 0
800.25 0 71968.6 0.986667 0
800.25 0 111588 0.986094 0
800.25 0 173020 0.98556 0
800.25 0 268270 0.985059 0
800.25 0 415956 0.984591 0
800.25 0 644947 0.984149 0
800.25 0 1e+06 0.983729 0

1951.29 0 1e-06 0.998333 0
1951.29 0 1.55052e-06 0.998333 0
1951.29 0 2.4041e-06 0.998333 0
1951.29 0 3.72759e-06 0.998333 0
1951.29 0 5.77969e-06 0.998333 0
1951.29 0 8.96151e-06 0.998333 0
1951.29 0 1.3895e-05 0.998333 0
1951.29 0 2.15443e-05 0.998333 0
1951.29 0 3.34048e-05 0.998333 0
1951.29 0 5.17947e-05 0.998333 0
1951.29 0 8.03086e-05 0.998333 0
1951.29 0 0.00012452 0.998333 0
1951.29 0 0.00019307 0.998333 0
1951.29 0 0.000299358 0.998333 0
1951.29 0 0.000464159 0.998333 0
1951.29 0 0.000719686 0.998333 0
1951.29 0 0.00111588 0.998333 0
1951.29 0 0.0017302 0.998333 0
1951.29 0 0.0026827 0.998333 0
1951.29 0 0.00415956 0.998333 0
1951.29 0 0.00644947 0.998333 0
1951.29 0 0.01 0.998333 0
1951.29 0 0.0155052 0.998333 0
1951.29 0 0.024041 0.998333 0
1951.29 0 0.0372759 0.998333 0
1951.29 0 0.0577969 0.998332 0
1951.29 0 0.0896151 0.998332 0
1951.29 0 0.13895 0.998332 0
1951.29 0 0.215443 0.998331 0
1951.29 0 0.334048 0.99833 0
1951.29 0 0.517947 0.998328 0
1951.29 0 0.803086 0.998326 0
1951.29 0 1.2452 0.998322 0
1951.29 0 1.9307 0.998315 0
1951.29 0 2.99358 0.998306 0
1951.29 0 4.64159 0.998291 0
1951.29 0 7.19686 0.998268 0
1951.29 0 11.1588 0.998234 0
1951.29 0 17.302 0.998182 0
1951.29 0 26.827 0.998103 0
1951.29 0 41.5956 0.997983 0
1951.29 0 64.4947 0.99781 0
1951.29 0 100 0.997561 0
1951.29 0 155.052 0.997216 0
1951.29 0 240.41 0.996756 0
1951.29 0 372.759 0.996172 0
1951.29 0 577.969 0.995466 0
1951.29 0 896.151 0.994652 0
1951.29 0 1389.5 0.993766 0
1951.29 0 2154.43 0.992845 0
1951.29 0 3340.48 0.991926 0
1951.29 0 5179.47 0.991033 0
1951.29 0 8030.86 0.990181 0
1951.29 0 12452 0.989379 0
1951.29 0 19307 0.988627 0
1951.29 0 29935.8 0.987926 0
1951.29 0 46415.9 0.987271 0
1951.29 0 71968.6 0.986661 0
1951.29 0 111588 0.986091 0
1951.29 0 173020 0.985558 0
1951.29 0 268270 0.985058 0
1951.29 0 415956 0.98459 0
1951.29 0 644947 0.984149 0
1951.29 0 1e+06 0.983729 0

4757.94 0 1e-06 0.9951 0
4757.94 0 1.55052e-06 0.9951 0
4757.94 0 2.4041e-06 0.9951 0
4757.94 0 3.72759e-06 0.9951 0
4757.94 0 5.77969e-06 0.9951 0
4757.94 0 8.96151e-06 0.9951 0
4757.94 0 1.3895e-05 0.9951 0
4757.94 0 2.15443e-05 0.9951 0
4757.94 0 3.34048e-05 0.9951 0
4757.94 0 5.17947e-05 0.9951 0
4757.94 0 8.03086e-05 0.9951 0
4757.94 0 0.00012452 0.9951 0
4757.94 0 0.00019307 0.9951 0
4757.94 0 0.000299358 0.9951 0
4757.94 0 0.000464159 0.9951 0
4757.94 0 0.000719686 0.9951 0
4757.94 0 0.00111588 0.9951 0
4757.94 0 0.0017302 0.9951 0
4757.94 0 0.0026827 0.9951 0
4757.94 0 0.00415956 0.9951 0
4757.94 0 0.00644947 0.9951 0
4757.94 0 0.01 0.9951 0
4757.94 0 0.0155052 0.9951 0
4757.94 0 0.024041 0.9951 0
4757.94 0 0.0372759 0.9951 0
4757.94 0 0.0577969 0.9951 0
4757.94 0 0.0896151 0.9951 0
4757.94 0 0.13895 0.9951 0
4757.94 0 0.215443 0.995099 0
4757.94 0 0.334048 0.995099 0
4757.94 0 0.517947 0.995099 0
4757.94 0 0.803086 0.995098 0
4757.94 0 1.2452 0.995097 0
4757.94 0 1.9307 0.995095 0
4757.94 0 2.99358 0.995093 0
4757.94 0 4.64159 0.995088 0
4757.94 0 7.19686 0.995082 0
4757.94 0 11.1588 0.995072 0
4757.94 0 17.302 0.995056 0
4757.94 0 26.827 0.995032 0
4757.94 0 41.5956 0.994996 0
4757.94 0 64.4947 0.99494 0
4757.94 0 100 0.994856 0
4757.94 0 155.052 0.994731 0
4757.94 0 240.41 0.994549 0
4757.94 0 372.759 0.99429 0
4757.94 0 577.969 0.993937 0
4757.94 0 896.151 0.993478 0
4757.94 0 1389.5 0.992914 0
4757.94 0 2154.43 0.992258 0
4757.94 0 3340.48 0.991538 0
4757.94 0 5179.47 0.990785 0
4757.94 0 8030.86 0.990027 0
4757.94 0 12452 0.989284 0
4757.94 0 19307 0.988569 0
4757.94 0 29935.8 0.987891 0
4757.94 0 46415.9 0.98725 0
4757.94 0 71968.6 0.986648 0
4757.94 0 111588 0.986084 0
4757.94 0 173020 0.985554 0
4757.94 0 268270 0.985055 0
4757.94 0 415956 0.984588 0
4757.94 0 644947 0.984148 0
4757.94 0 1e+06 0.983728 0

11601.6 0 1e-06 0.992599 0
11601.6 0 1.55052e-06 0.992599 0
11601.6 0 2.4041e-06 0.992599 0
11601.6 0 3.72759e-06 0.992599 0
11601.6 0 5.77969e-06 0.992599 0
11601.6 0 8.96151e-06 0.992599 0
11601.6 0 1.3895e-05 0.992599 0
11601.6 0 2.15443e-05 0.992599 0
11601.6 0 3.34048e-05 0.992599 0
11601.6 0 5.17947e-05 0.992599 0
11601.6 0 8.03086e-05 0.992599 0
11601.6 0 0.00012452 0.992599 0
11601.6 0 0.00019307 0.992599 0
11601.6 0 0.000299358 0.992599 0
11601.6 0 0.000464159 0.992599 0
11601.6 0 0.000719686 0.992599 0
11601.6 0 0.00111588 0.992599 0
11601.6 0 0.0017302 0.992599 0
11601.6 0 0.0026827 0.992599 0
11601.6 0 0.00415956 0.992599 0
11601.6 0 0.00644947 0.992599 0
11601.6 0 0.01 0.992599 0
11601.6 0 0.0155052 0.992599 0
11601.6 0 0.024041 0.992599 0
11601.6 0 0.0372759 0.992599 0
11601.6 0 0.0577969 0.992599 0
11601.6 0 0.0896151 0.992599 0
11601.6 0 0.13895 0.992599 0
11601.6 0 0.215443 0.992599 0
11601.6 0 0.334048 0.992599 0
11601.6 0 0.517947 0.992598 0
11601.6 0 0.803086 0.992598 0
11601.6 0 1.2452 0.992598 0
11601.6 0 1.9307 0.992597 0
11601.6 0 2.99358 0.992596 0
11601.6 0 4.64159 0.992595 0
11601.6 0 7.19686 0.992593 0
11601.6 0 11.1588 0.992589 0
11601.6 0 17.302 0.992584 0
11601.6 0 26.827 0.992576 0
11601.6 0 41.5956 0.992564 0
11601.6 0 64.4947 0.992545 0
11601.6 0 100 0.992515 0
11601.6 0 155.052 0.992471 0
11601.6 0 240.41 0.992403 0
11601.6 0 372.759 0.992303 0
11601.6 0 577.969 0.992157 0
11601.6 0 896.151 0.991949 0
11601.6 0 1389.5 0.991665 0
11601.6 0 2154.43 0.991293 0
11601.6 0 3340.48 0.990833 0
11601.6 0 5179.47 0.990295 0
11601.6 0 8030.86 0.989701 0
11601.6 0 12452 0.989074 0
11601.6 0 19307 0.988437 0
11601.6 0 29935.8 0.987809 0
11601.6 0 46415.9 0.9872 0
11601.6 0 71968.6 0.986618 0
11601.6 0 111588 0.986065 0
11601.6 0 173020 0.985542 0
11601.6 0 268270 0.985048 0
11601.6 0 415956 0.984584 0
11601.6 0 644947 0.984145 0
11601.6 0 1e+06 0.983727 0

28288.7 0 1e-06 0.990558 0
28288.7 0 1.55052e-06 0.990558 0
28288.7 0 2.4041e-06 0.990558 0
28288.7 0 3.72759e-06 0.990558 0
28288.7 0 5.77969e-06 0.990558 0
28288.7 0 8.96151e-06 0.990558 0
28288.7 0 1.3895e-05 0.990558 0
28288.7 0 2.15443e-05 0.990558 0
28288.7 0 3.34048e-05 0.990558 0
28288.7 0 5.17947e-05 0.990558 0
28288.7 0 8.03086e-05 0.990558 0
28288.7 0 0.00012452 0.990558 0
28288.7 0 0.00019307 0.990558 0
28288.7 0 0.000299358 0.990558 0
28288.7 0 0.000464159 0.990558 0
28288.7 0 0.000719686 0.990558 0
28288.7 0 0.00111588 0.990558 0
28288.7 0 0.0017302 0.990558 0
28288.7 0 0.0026827 0.990558 0
28288.7 0 0.00415956 0.990558 0
28288.7 0 0.00644947 0.990558 0
28288.7 0 0.01 0.990558 0
28288.7 0 0.0155052 0.990558 0
28288.7 0 0.024041 0.990558 0
28288.7 0 0.0372759 0.990558 0
28288.7 0 0.0577969 0.990558 0
28288.7 0 0.0896151 0.990558 0
28288.7 0 0.13895 0.990558 0
28288.7 0 0.215443 0.990558 0
28288.7 0 0.334048 0.990558 0
28288.7 0 0.517947 0.990558 0
28288.7 0 0.803086 0.990558 0
28288.7 0 1.2452 0.990558 0
28288.7 0 1.9307 0.990558 0
28288.7 0 2.99358 0.990557 0
28288.7 0 4.64159 0.990557 0
28288.7 0 7.19686 0.990556 0
28288.7 0 11.1588 0.990555 0
28288.7 0 17.302 0.990553 0
28288.7 0 26.827 0.990551 0
28288.7 0 41.5956 0.990546 0
28288.7 0 64.4947 0.99054 0
28288.7 0 100 0.99053 0
28288.7 0 155.052 0.990514 0
28288.7 0 240.41 0.99049 0
28288.7 0 372.759 0.990454 0
28288.7 0 577.969 0.990399 0
28288.7 0 896.151 0.990318 0
28288.7 0 1389.5 0.990198 0
28288.7 0 2154.43 0.990028 0
28288.7 0 3340.48 0.989795 0
28288.7 0 5179.47 0.989488 0
28288.7 0 8030.86 0.989107 0
28288.7 0 12452 0.988658 0
28288.7 0 19307 0.988159 0
28288.7 0 29935.8 0.987628 0
28288.7 0 46415.9 0.987086 0
28288.7 0 71968.6 0.986546 0
28288.7 0 111588 0.986021 0
28288.7 0 173020 0.985515 0
28288.7 0 268270 0.985032 0
28288.7 0 415956 0.984574 0
28288.7 0 644947 0.984139 0
28288.7 0 1e+06 0.983723 0

68977.9 0 1e-06 0.988863 0
68977.9 0 1.55052e-06 0.988863 0
68977.9 0 2.4041e-06 0.988863 0
68977.9 0 3.72759e-06 0.988863 0
68977.9 0 5.77969e-06 0.988863 0
68977.9 0 8.96151e-06 0.988863 0
68977.9 0 1.3895e-05 0.988863 0
68977.9 0 2.15443e-05 0.988863 0
68977.9 0 3.34048e-05 0.988863 0
68977.9 0 5.17947e-05 0.988863 0
68977.9 0 8.03086e-05 0.988863 0
68977.9 0 0.00012452 0.988863 0
68977.9 0 0.00019307 0.988863 0
68977.9 0 0.000299358 0.988863 0
68977.9 0 0.000464159 0.988863 0
68977.9 0 0.000719686 0.988863 0
68977.9 0 0.00111588 0.988863 0
68977.9 0 0.0017302 0.988863 0
68977.9 0 0.0026827 0.988863 0
68977.9 0 0.00415956 0.988863 0
68977.9 0 0.00644947 0.988863 0
68977.9 0 0.01 0.988863 0
68977.9 0 0.0155052 0.988863 0
68977.9 0 0.024041 0.988863 0
68977.9 0 0.0372759 0.988863 0
68977.9 0 0.0577969 0.988863 0
68977.9 0 0.0896151 0.988863 0
68977.9 0 0.13895 0.988863 0
68977.9 0 0.215443 0.988863 0
68977.9 0 0.334048 0.988863 0
68977.9 0 0.517947 0.988863 0
68977.9 0 0.803086 0.988863 0
68977.9 0 1.2452 0.988863 0
68977.9 0 1.9307 0.988863 0
68977.9 0 2.99358 0.988863 0
68977.9 0 4.64159 0.988863 0
68977.9 0 7.19686 0.988863 0
68977.9 0 11.1588 0.988862 0
68977.9 0 17.302 0.988862 0
68977.9 0 26.827 0.988861 0
68977.9 0 41.5956 0.988859 0
68977.9 0 64.4947 0.988857 0
68977.9 0 100 0.988854 0
68977.9 0 155.052 0.988848 0
68977.9 0 240.41 0.98884 0
68977.9 0 372.759 0.988827 0
68977.9 0 577.969 0.988807 0
68977.9 0 896.151 0.988777 0
68977.9 0 1389.5 0.988732 0
68977.9 0 2154.43 0.988664 0
68977.9 0 3340.48 0.988565 0
68977.9 0 5179.47 0.988424 0
68977.9 0 8030.86 0.988228 0
68977.9 0 12452 0.987971 0
68977.9 0 19307 0.98765 0
68977.9 0 29935.8 0.98727 0
68977.9 0 46415.9 0.986844 0
68977.9 0 71968.6 0.986389 0
68977.9 0 111588 0.98592 0
68977.9 0 173020 0.985452 0
68977.9 0 268270 0.984993 0
68977.9 0 415956 0.98455 0
68977.9 0 644947 0.984124 0
68977.9 0 1e+06 0.983714 0

168192 0 1e-06 0.987432 0
168192 0 1.55052e-06 0.987432 0
168192 0 2.4041e-06 0.987432 0
168192 0 3.72759e-06 0.987432 0
168192 0 5.77969e-06 0.987432 0
168192 0 8.96151e-06 0.987432 0
168192 0 1.3895e-05 0.987432 0
168192 0 2.15443e-05 0.987432 0
168192 0 3.34048e-05 0.987432 0
168192 0 5.17947e-05 0.987432 0
168192 0 8.03086e-05 0.987432 0
168192 0 0.00012452 0.987432 0
168192 0 0.00019307 0.987432 0
168192 0 0.000299358 0.987432 0
168192 0 0.000464159 0.987432 0
168192 0 0.000719686 0.987432 0
168192 0 0.00111588 0.987432 0
168192 0 0.0017302 0.987432 0
168192 0 0.0026827 0.987432 0
168192 0 0.00415956 0.987432 0
168192 0 0.00644947 0.987432 0
168192 0 0.01 0.987432 0
168192 0 0.0155052 0.987432 0
168192 0 0.024041 0.987432 0
168192 0 0.0372759 0.987432 0
168192 0 0.0577969 0.987432 0
168192 0 0.0896151 0.987432 0
168192 0 0.13895 0.987432 0
168192 0 0.215443 0.987432 0
168192 0 0.334048 0.987432 0
168192 0 0.517947 0.987432 0
168192 0 0.803086 0.987432 0
168192 0 1.2452 0.987432 0
168192 0 1.9307 0.987432 0
168192 0 2.99358 0.987432 0
168192 0 4.64159 0.987432 0
168192 0 7.19686 0.987431 0
168192 0 11.1588 0.987431 0
168192 0 17.302 0.987431 0
168192 0 26.827 0.987431 0
168192 0 41.5956 0.98743 0
168192 0 64.4947 0.987429 0
168192 0 100 0.987428 0
168192 0 155.052 0.987426 0
168192 0 240.41 0.987423 0
168192 0 372.759 0.987419 0
168192 0 577.969 0.987412 0
168192 0 896.151 0.987401 0
168192 0 1389.5 0.987385 0
168192 0 2154.43 0.987359 0
168192 0 3340.48 0.987321 0
168192 0 5179.47 0.987264 0
168192 0 8030.86 0.987181 0
168192 0 12452 0.987061 0
168192 0 19307 0.986895 0
168192 0 29935.8 0.986677 0
168192 0 46415.9 0.986402 0
168192 0 71968.6 0.986076 0
168192 0 111588 0.985708 0
168192 0 173020 0.985313 0
168192 0 268270 0.984903 0
168192 0 415956 0.984494 0
168192 0 644947 0.984089 0
168192 0 1e+06 0.983692 0

410113 0 1e-06 0.986204 0
410113 0 1.55052e-06 0.986204 0
410113 0 2.4041e-06 0.986204 0
410113 0 3.72759e-06 0.986204 0
410113 0 5.77969e-06 0.986204 0
410113 0 8.96151e-06 0.986204 0
410113 0 1.3895e-05 0.986204 0
410113 0 2.15443e-05 0.986204 0
410113 0 3.34048e-05 0.986204 0
410113 0 5.17947e-05 0.986204 0
410113 0 8.03086e-05 0.986204 0
410113 0 0.00012452 0.986204 0
410113 0 0.00019307 0.986204 0
410113 0 0.000299358 0.986204 0
410113 0 0.000464159 0.986204 0
410113 0 0.000719686 0.986204 0
410113 0 0.00111588 0.986204 0
410113 0 0.0017302 0.986204 0
410113 0 0.0026827 0.986204 0
410113 0 0.00415956 0.986204 0
410113 0 0.00644947 0.986204 0
410113 0 0.01 0.986204 0
410113 0 0.0155052 0.986204 0
410113 0 0.024041 0.986204 0
410113 0 0.0372759 0.986204 0
410113 0 0.0577969 0.986204 0
410113 0 0.0896151 0.986204 0
410113 0 0.13895 0.986204 0
410113 0 0.215443 0.986204 0
410113 0 0.334048 0.986204 0
410113 0 0.517947 0.986204 0
410113 0 0.803086 0.986204 0
410113 0 1.2452 0.986204 0
410113 0 1.9307 0.986204 0
410113 0 2.99358 0.986204 0
410113 0 4.64159 0.986204 0
410113 0 7.19686 0.986204 0
410113 0 11.1588 0.986204 0
410113 0 17.302 0.986204 0
410113 0 26.827 0.986204 0
410113 0 41.5956 0.986204 0
410113 0 64.4947 0.986204 0
410113 0 100 0.986203 0
410113 0 155.052 0.986202 0
410113 0 240.41 0.986201 0
410113 0 372.759 0.9862 0
410113 0 577.969 0.986197 0
410113 0 896.151 0.986193 0
410113 0 1389.5 0.986187 0
410113 0 2154.43 0.986178 0
410113 0 3340.48 0.986164 0
410113 0 5179.47 0.986143 0
410113 0 8030.86 0.98611 0
410113 0 12452 0.986062 0
410113 0 19307 0.98599 0
410113 0 29935.8 0.985888 0
410113 0 46415.9 0.985746 0
410113 0 71968.6 0.985558 0
410113 0 111588 0.98532 0
410113 0 173020 0.985036 0
410113 0 268270 0.984715 0
410113 0 415956 0.98437 0
410113 0 644947 0.984008 0
410113 0 1e+06 0.983641 0

1e+06 0 1e-06 0.985138 0
1e+06 0 1.55052e-06 0.985138 0
1e+06 0 2.4041e-06 0.985138 0
1e+06 0 3.72759e-06 0.985138 0
1e+06 0 5.77969e-06 0.985138 0
1e+06 0 8.96151e-06 0.985138 0
1e+06 0 1.3895e-05 0.985138 0
1e+06 0 2.15443e-05 0.985138 0
1e+06 0 3.34048e-05 0.985138 0
1e+06 0 5.17947e-05 0.985138 0
1e+06 0 8.03086e-05 0.985138 0
1e+06 0 0.00012452 0.985138 0
1e+06 0 0.00019307 0.985138 0
1e+06 0 0.000299358 0.985138 0
1e+06 0 0.000464159 0.985138 0
1e+06 0 0.000719686 0.985138 0
1e+06 0 0.00111588 0.985138 0
1e+06 0 0.0017302 0.985138 0
1e+06 0 0.0026827 0.985138 0
1e+06 0 0.00415956 0.985138 0
1e+06 0 0.00644947 0.985138 0
1e+06 0 0.01 0.985138 0
1e+06 0 0.0155052 0.985138 0
1e+06 0 0.024041 0.985138 0
1e+06 0 0.0372759 0.985138 0
1e+06 0 0.0577969 0.985138 0
1e+06 0 0.0896151 0.985138 0
1e+06 0 0.13895 0.985138 0
1e+06 0 0.215443 0.985138 0
1e+06 0 0.334048 0.985138 0
1e+06 0 0.517947 0.985138 0
1e+06 0 0.803086 0.985138 0
1e+06 0 1.2452 0.985138 0
1e+06 0 1.9307 0.985138 0
1e+06 0 2.99358 0.985138 0
1e+06 0 4.64159 0.985138 0
1e+06 0 7.19686 0.985138 0
1e+06 0 11.1588 0.985138 0
1e+06 0 17.302 0.985138 0
1e+06 0 26.827 0.985138 0
1e+06 0 41.5956 0.985138 0
1e+06 0 64.4947 0.985138 0
1e+06 0 100 0.985138 0
1e+06 0 155.052 0.985138 0
1e+06 0 240.41 0.985137 0
1e+06 0 372.759 0.985137 0
1e+06 0 577.969 0.985136 0
1e+06 0 896.151 0.985135 0
1e+06 0 1389.5 0.985132 0
1e+06 0 2154.43 0.985129 0
1e+06 0 3340.48 0.985124 0
1e+06 0 5179.47 0.985116 0
1e+06 0 8030.86 0.985104 0
1e+06 0 12452 0.985085 0
1e+06 0 19307 0.985057 0
1e+06 0 29935.8 0.985015 0
1e+06 0 46415.9 0.984954 0
1e+06 0 71968.6 0.984865 0
1e+06 0 111588 0.984742 0
1e+06 0 173020 0.984579 0
1e+06 0 268270 0.984372 0
1e+06 0 415956 0.984123 0
1e+06 0 644947 0.983837 0
1e+06 0 1e+06 0.98353 0

