#q_sq i k_sq Re(fg) Im(fg)
1e-06 6 1e-06 -8.15498e+09 -0
1e-06 6 1.41873e-06 -5.74811e+09 -0
1e-06 6 2.01279e-06 -4.0516e+09 -0
1e-06 6 2.85559e-06 -2.85581e+09 -0
1e-06 6 4.0513e-06 -2.01295e+09 -0
1e-06 6 5.74769e-06 -1.41885e+09 -0
1e-06 6 8.15441e-06 -1.0001e+09 -0
1e-06 6 1.15689e-05 -7.04935e+08 -0
1e-06 6 1.64131e-05 -4.96887e+08 -0
1e-06 6 2.32857e-05 -3.50244e+08 -0
1e-06 6 3.3036e-05 -2.46881e+08 -0
1e-06 6 4.6869e-05 -1.74025e+08 -0
1e-06 6 6.64944e-05 -1.22671e+08 -0
1e-06 6 9.43373e-05 -8.64748e+07 -0
1e-06 6 0.000133839 -6.09613e+07 -0
1e-06 6 0.000189881 -4.2978e+07 -0
1e-06 6 0.000269389 -3.03022e+07 -0
1e-06 6 0.000382189 -2.13677e+07 -0
1e-06 6 0.000542222 -1.507e+07 -0
1e-06 6 0.000769265 -1.06311e+07 -0
1e-06 6 0.00109138 -7.50229e+06 -0
1e-06 6 0.00154837 -5.29688e+06 -0
1e-06 6 0.00219671 -3.74236e+06 -0
1e-06 6 0.00311653 -2.64658e+06 -0
1e-06 6 0.0044215 -1.87415e+06 -0
1e-06 6 0.0062729 -1.3296e+06 -0
1e-06 6 0.00889953 -945640 -0
1e-06 6 0.012626 -674811 -0
1e-06 6 0.0179128 -483656 -0
1e-06 6 0.0254134 -348561 -0
1e-06 6 0.0360547 -252854 -0
1e-06 6 0.0511518 -184751 -0
1e-06 6 0.0725704 -135917 -0
1e-06 6 0.102958 -100454 -0
1e-06 6 0.146069 -74223 -0
1e-06 6 0.207231 -54371.1 -0
1e-06 6 0.294005 -38999.6 -0
1e-06 6 0.417112 -26942.7 -0
1e-06 6 0.591769 -17572.9 -0
1e-06 6 0.839558 -10602.2 -0
1e-06 6 1.1911 -5909.93 -0
1e-06 6 1.68985 -3058.76 -0
1e-06 6 2.39743 -1129.95 -0
1e-06 6 3.4013 -4.28919 -0
1e-06 6 4.82552 101.05 -0
1e-06 6 6.8461 421.856 -0
1e-06 6 9.71274 383.073 -0
1e-06 6 13.7797 132.24 -0
1e-06 6 19.5497 242.124 -0
1e-06 6 27.7356 84.5061 -0
1e-06 6 39.3493 -4.46307 -0
1e-06 6 55.8259 -10.7568 -0
1e-06 6 79.2016 -14.6103 -0
1e-06 6 112.365 -10.9006 -0
1e-06 6 159.416 -6.77992 -0
1e-06 6 226.168 -4.27387 -0
1e-06 6 320.87 -3.00943 -0
1e-06 6 455.227 -2.04202 -0
1e-06 6 645.842 -1.15056 -0
1e-06 6 916.274 -0.781181 -0
1e-06 6 1299.94 -0.52184 -0
1e-06 6 1844.26 -0.339349 -0
1e-06 6 2616.5 -0.191207 -0
1e-06 6 3712.11 -0.119027 -0
1e-06 6 5266.46 -0.0737962 -0
1e-06 6 7471.67 -0.0443586 -0
1e-06 6 10600.3 -0.0258778 -0
1e-06 6 15038.9 -0.0145227 -0
1e-06 6 21336 -0.00770421 -0
1e-06 6 30270 -0.003743 -0
1e-06 6 42944.9 -0.00155535 -0
1e-06 6 60927 -0.000442525 -0
1e-06 6 86438.8 4.60309e-05 -0
1e-06 6 122633 0.000206755 -0
1e-06 6 173983 0.000261378 -0
1e-06 6 246834 0.000263126 -0
1e-06 6 350190 0.000200558 -0
1e-06 6 496824 0.000147102 -0
1e-06 6 704857 0.000106168 -0
1e-06 6 1e+06 3.42742e-05 -0

2.43835e-06 6 1e-06 -3.34446e+09 -0
2.43835e-06 6 1.41873e-06 -2.35737e+09 -0
2.43835e-06 6 2.01279e-06 -1.66161e+09 -0
2.43835e-06 6 2.85559e-06 -1.17121e+09 -0
2.43835e-06 6 4.0513e-06 -8.25536e+08 -0
2.43835e-06 6 5.74769e-06 -5.81889e+08 -0
2.43835e-06 6 8.15441e-06 -4.10152e+08 -0
2.43835e-06 6 1.15689e-05 -2.89103e+08 -0
2.43835e-06 6 1.64131e-05 -2.0378e+08 -0
2.43835e-06 6 2.32857e-05 -1.43639e+08 -0
2.43835e-06 6 3.3036e-05 -1.01249e+08 -0
2.43835e-06 6 4.6869e-05 -7.13697e+07 -0
2.43835e-06 6 6.64944e-05 -5.03091e+07 -0
2.43835e-06 6 9.43373e-05 -3.54644e+07 -0
2.43835e-06 6 0.000133839 -2.5001e+07 -0
2.43835e-06 6 0.000189881 -1.76258e+07 -0
2.43835e-06 6 0.000269389 -1.24273e+07 -0
2.43835e-06 6 0.000382189 -8.76315e+06 -0
2.43835e-06 6 0.000542222 -6.18042e+06 -0
2.43835e-06 6 0.000769265 -4.35996e+06 -0
2.43835e-06 6 0.00109138 -3.07678e+06 -0
2.43835e-06 6 0.00154837 -2.17232e+06 -0
2.43835e-06 6 0.00219671 -1.53479e+06 -0
2.43835e-06 6 0.00311653 -1.0854e+06 -0
2.43835e-06 6 0.0044215 -768615 -0
2.43835e-06 6 0.0062729 -545288 -0
2.43835e-06 6 0.00889953 -387819 -0
2.43835e-06 6 0.012626 -276749 -0
2.43835e-06 6 0.0179128 -198353 -0
2.43835e-06 6 0.0254134 -142949 -0
2.43835e-06 6 0.0360547 -103699 -0
2.43835e-06 6 0.0511518 -75768.9 -0
2.43835e-06 6 0.0725704 -55741.3 -0
2.43835e-06 6 0.102958 -41197.7 -0
2.43835e-06 6 0.146069 -30439.9 -0
2.43835e-06 6 0.207231 -22298.3 -0
2.43835e-06 6 0.294005 -15994.3 -0
2.43835e-06 6 0.417112 -11049.6 -0
2.43835e-06 6 0.591769 -7206.88 -0
2.43835e-06 6 0.839558 -4348.11 -0
2.43835e-06 6 1.1911 -2423.74 -0
2.43835e-06 6 1.68985 -1254.44 -0
2.43835e-06 6 2.39743 -463.404 -0
2.43835e-06 6 3.4013 -1.75851 -0
2.43835e-06 6 4.82552 41.4421 -0
2.43835e-06 6 6.8461 173.008 -0
2.43835e-06 6 9.71274 157.103 -0
2.43835e-06 6 13.7797 54.2334 -0
2.43835e-06 6 19.5497 99.2981 -0
2.43835e-06 6 27.7356 34.657 -0
2.43835e-06 6 39.3493 -1.83036 -0
2.43835e-06 6 55.8259 -4.4115 -0
2.43835e-06 6 79.2016 -5.99187 -0
2.43835e-06 6 112.365 -4.47047 -0
2.43835e-06 6 159.416 -2.78053 -0
2.43835e-06 6 226.168 -1.75277 -0
2.43835e-06 6 320.87 -1.2342 -0
2.43835e-06 6 455.227 -0.837457 -0
2.43835e-06 6 645.842 -0.471859 -0
2.43835e-06 6 916.274 -0.320372 -0
2.43835e-06 6 1299.94 -0.214013 -0
2.43835e-06 6 1844.26 -0.139171 -0
2.43835e-06 6 2616.5 -0.0784165 -0
2.43835e-06 6 3712.11 -0.0488147 -0
2.43835e-06 6 5266.46 -0.0302647 -0
2.43835e-06 6 7471.67 -0.018192 -0
2.43835e-06 6 10600.3 -0.0106128 -0
2.43835e-06 6 15038.9 -0.00595595 -0
2.43835e-06 6 21336 -0.00315959 -0
2.43835e-06 6 30270 -0.00153505 -0
2.43835e-06 6 42944.9 -0.000637871 -0
2.43835e-06 6 60927 -0.000181485 -0
2.43835e-06 6 86438.8 1.88779e-05 -0
2.43835e-06 6 122633 8.47929e-05 -0
2.43835e-06 6 173983 0.000107195 -0
2.43835e-06 6 246834 0.000107911 -0
2.43835e-06 6 350190 8.22513e-05 -0
2.43835e-06 6 496824 6.03283e-05 -0
2.43835e-06 6 704857 4.35408e-05 -0
2.43835e-06 6 1e+06 1.40563e-05 -0

5.94557e-06 6 1e-06 -1.37161e+09 -0
5.94557e-06 6 1.41873e-06 -9.66788e+08 -0
5.94557e-06 6 2.01279e-06 -6.81449e+08 -0
5.94557e-06 6 2.85559e-06 -4.80326e+08 -0
5.94557e-06 6 4.0513e-06 -3.38563e+08 -0
5.94557e-06 6 5.74769e-06 -2.3864e+08 -0
5.94557e-06 6 8.15441e-06 -1.68209e+08 -0
5.94557e-06 6 1.15689e-05 -1.18565e+08 -0
5.94557e-06 6 1.64131e-05 -8.35727e+07 -0
5.94557e-06 6 2.32857e-05 -5.89083e+07 -0
5.94557e-06 6 3.3036e-05 -4.15235e+07 -0
5.94557e-06 6 4.6869e-05 -2.92696e+07 -0
5.94557e-06 6 6.64944e-05 -2.06324e+07 -0
5.94557e-06 6 9.43373e-05 -1.45444e+07 -0
5.94557e-06 6 0.000133839 -1.02532e+07 -0
5.94557e-06 6 0.000189881 -7.22857e+06 -0
5.94557e-06 6 0.000269389 -5.09661e+06 -0
5.94557e-06 6 0.000382189 -3.59388e+06 -0
5.94557e-06 6 0.000542222 -2.53467e+06 -0
5.94557e-06 6 0.000769265 -1.78807e+06 -0
5.94557e-06 6 0.00109138 -1.26183e+06 -0
5.94557e-06 6 0.00154837 -890896 -0
5.94557e-06 6 0.00219671 -629436 -0
5.94557e-06 6 0.00311653 -445136 -0
5.94557e-06 6 0.0044215 -315219 -0
5.94557e-06 6 0.0062729 -223630 -0
5.94557e-06 6 0.00889953 -159050 -0
5.94557e-06 6 0.012626 -113498 -0
5.94557e-06 6 0.0179128 -81347.4 -0
5.94557e-06 6 0.0254134 -58625.5 -0
5.94557e-06 6 0.0360547 -42528.3 -0
5.94557e-06 6 0.0511518 -31073.9 -0
5.94557e-06 6 0.0725704 -22860.3 -0
5.94557e-06 6 0.102958 -16895.8 -0
5.94557e-06 6 0.146069 -12483.9 -0
5.94557e-06 6 0.207231 -9144.9 -0
5.94557e-06 6 0.294005 -6559.51 -0
5.94557e-06 6 0.417112 -4531.6 -0
5.94557e-06 6 0.591769 -2955.65 -0
5.94557e-06 6 0.839558 -1783.22 -0
5.94557e-06 6 1.1911 -994.006 -0
5.94557e-06 6 1.68985 -514.458 -0
5.94557e-06 6 2.39743 -190.047 -0
5.94557e-06 6 3.4013 -0.72065 -0
5.94557e-06 6 4.82552 16.996 -0
5.94557e-06 6 6.8461 70.9529 -0
5.94557e-06 6 9.71274 64.4299 -0
5.94557e-06 6 13.7797 22.2418 -0
5.94557e-06 6 19.5497 40.7234 -0
5.94557e-06 6 27.7356 14.2133 -0
5.94557e-06 6 39.3493 -0.750661 -0
5.94557e-06 6 55.8259 -1.80921 -0
5.94557e-06 6 79.2016 -2.45734 -0
5.94557e-06 6 112.365 -1.8334 -0
5.94557e-06 6 159.416 -1.14033 -0
5.94557e-06 6 226.168 -0.718833 -0
5.94557e-06 6 320.87 -0.506163 -0
5.94557e-06 6 455.227 -0.343452 -0
5.94557e-06 6 645.842 -0.193515 -0
5.94557e-06 6 916.274 -0.131389 -0
5.94557e-06 6 1299.94 -0.0877695 -0
5.94557e-06 6 1844.26 -0.0570759 -0
5.94557e-06 6 2616.5 -0.0321596 -0
5.94557e-06 6 3712.11 -0.0200195 -0
5.94557e-06 6 5266.46 -0.012412 -0
5.94557e-06 6 7471.67 -0.00746078 -0
5.94557e-06 6 10600.3 -0.00435245 -0
5.94557e-06 6 15038.9 -0.00244261 -0
5.94557e-06 6 21336 -0.00129579 -0
5.94557e-06 6 30270 -0.000629544 -0
5.94557e-06 6 42944.9 -0.000261599 -0
5.94557e-06 6 60927 -7.44294e-05 -0
5.94557e-06 6 86438.8 7.74206e-06 -0
5.94557e-06 6 122633 3.47746e-05 -0
5.94557e-06 6 173983 4.39619e-05 -0
5.94557e-06 6 246834 4.42558e-05 -0
5.94557e-06 6 350190 3.37323e-05 -0
5.94557e-06 6 496824 2.47414e-05 -0
5.94557e-06 6 704857 1.78566e-05 -0
5.94557e-06 6 1e+06 5.76466e-06 -0

1.44974e-05 6 1e-06 -5.62514e+08 -0
1.44974e-05 6 1.41873e-06 -3.96493e+08 -0
1.44974e-05 6 2.01279e-06 -2.79471e+08 -0
1.44974e-05 6 2.85559e-06 -1.96988e+08 -0
1.44974e-05 6 4.0513e-06 -1.38849e+08 -0
1.44974e-05 6 5.74769e-06 -9.78694e+07 -0
1.44974e-05 6 8.15441e-06 -6.89846e+07 -0
1.44974e-05 6 1.15689e-05 -4.86249e+07 -0
1.44974e-05 6 1.64131e-05 -3.42743e+07 -0
1.44974e-05 6 2.32857e-05 -2.41591e+07 -0
1.44974e-05 6 3.3036e-05 -1.70293e+07 -0
1.44974e-05 6 4.6869e-05 -1.20039e+07 -0
1.44974e-05 6 6.64944e-05 -8.46162e+06 -0
1.44974e-05 6 9.43373e-05 -5.96485e+06 -0
1.44974e-05 6 0.000133839 -4.20499e+06 -0
1.44974e-05 6 0.000189881 -2.96453e+06 -0
1.44974e-05 6 0.000269389 -2.09019e+06 -0
1.44974e-05 6 0.000382189 -1.4739e+06 -0
1.44974e-05 6 0.000542222 -1.0395e+06 -0
1.44974e-05 6 0.000769265 -733313 -0
1.44974e-05 6 0.00109138 -517492 -0
1.44974e-05 6 0.00154837 -365368 -0
1.44974e-05 6 0.00219671 -258140 -0
1.44974e-05 6 0.00311653 -182556 -0
1.44974e-05 6 0.0044215 -129275 -0
1.44974e-05 6 0.0062729 -91713.5 -0
1.44974e-05 6 0.00889953 -65228.4 -0
1.44974e-05 6 0.012626 -46547.2 -0
1.44974e-05 6 0.0179128 -33361.7 -0
1.44974e-05 6 0.0254134 -24043.2 -0
1.44974e-05 6 0.0360547 -17441.5 -0
1.44974e-05 6 0.0511518 -12743.9 -0
1.44974e-05 6 0.0725704 -9375.39 -0
1.44974e-05 6 0.102958 -6929.26 -0
1.44974e-05 6 0.146069 -5119.86 -0
1.44974e-05 6 0.207231 -3750.5 -0
1.44974e-05 6 0.294005 -2690.18 -0
1.44974e-05 6 0.417112 -1858.5 -0
1.44974e-05 6 0.591769 -1212.17 -0
1.44974e-05 6 0.839558 -731.329 -0
1.44974e-05 6 1.1911 -407.655 -0
1.44974e-05 6 1.68985 -210.984 -0
1.44974e-05 6 2.39743 -77.9393 -0
1.44974e-05 6 3.4013 -0.295009 -0
1.44974e-05 6 4.82552 6.97037 -0
1.44974e-05 6 6.8461 29.0986 -0
1.44974e-05 6 9.71274 26.4235 -0
1.44974e-05 6 13.7797 9.1216 -0
1.44974e-05 6 19.5497 16.7012 -0
1.44974e-05 6 27.7356 5.82903 -0
1.44974e-05 6 39.3493 -0.30786 -0
1.44974e-05 6 55.8259 -0.741984 -0
1.44974e-05 6 79.2016 -1.00779 -0
1.44974e-05 6 112.365 -0.7519 -0
1.44974e-05 6 159.416 -0.467665 -0
1.44974e-05 6 226.168 -0.294803 -0
1.44974e-05 6 320.87 -0.207584 -0
1.44974e-05 6 455.227 -0.140854 -0
1.44974e-05 6 645.842 -0.0793631 -0
1.44974e-05 6 916.274 -0.0538842 -0
1.44974e-05 6 1299.94 -0.0359954 -0
1.44974e-05 6 1844.26 -0.0234076 -0
1.44974e-05 6 2616.5 -0.0131891 -0
1.44974e-05 6 3712.11 -0.00821026 -0
1.44974e-05 6 5266.46 -0.0050903 -0
1.44974e-05 6 7471.67 -0.00305976 -0
1.44974e-05 6 10600.3 -0.001785 -0
1.44974e-05 6 15038.9 -0.00100175 -0
1.44974e-05 6 21336 -0.00053142 -0
1.44974e-05 6 30270 -0.000258184 -0
1.44974e-05 6 42944.9 -0.000107285 -0
1.44974e-05 6 60927 -3.05244e-05 -0
1.44974e-05 6 86438.8 3.17512e-06 -0
1.44974e-05 6 122633 1.42615e-05 -0
1.44974e-05 6 173983 1.80293e-05 -0
1.44974e-05 6 246834 1.81499e-05 -0
1.44974e-05 6 350190 1.3834e-05 -0
1.44974e-05 6 496824 1.01468e-05 -0
1.44974e-05 6 704857 7.32324e-06 -0
1.44974e-05 6 1e+06 2.36416e-06 -0

3.53498e-05 6 1e-06 -2.30694e+08 -0
3.53498e-05 6 1.41873e-06 -1.62607e+08 -0
3.53498e-05 6 2.01279e-06 -1.14615e+08 -0
3.53498e-05 6 2.85559e-06 -8.07874e+07 -0
3.53498e-05 6 4.0513e-06 -5.69439e+07 -0
3.53498e-05 6 5.74769e-06 -4.01376e+07 -0
3.53498e-05 6 8.15441e-06 -2.82915e+07 -0
3.53498e-05 6 1.15689e-05 -1.99417e+07 -0
3.53498e-05 6 1.64131e-05 -1.40563e+07 -0
3.53498e-05 6 2.32857e-05 -9.90796e+06 -0
3.53498e-05 6 3.3036e-05 -6.98395e+06 -0
3.53498e-05 6 4.6869e-05 -4.92294e+06 -0
3.53498e-05 6 6.64944e-05 -3.47023e+06 -0
3.53498e-05 6 9.43373e-05 -2.44627e+06 -0
3.53498e-05 6 0.000133839 -1.72452e+06 -0
3.53498e-05 6 0.000189881 -1.21579e+06 -0
3.53498e-05 6 0.000269389 -857213 -0
3.53498e-05 6 0.000382189 -604465 -0
3.53498e-05 6 0.000542222 -426313 -0
3.53498e-05 6 0.000769265 -300741 -0
3.53498e-05 6 0.00109138 -212231 -0
3.53498e-05 6 0.00154837 -149843 -0
3.53498e-05 6 0.00219671 -105867 -0
3.53498e-05 6 0.00311653 -74868.8 -0
3.53498e-05 6 0.0044215 -53017.7 -0
3.53498e-05 6 0.0062729 -37613 -0
3.53498e-05 6 0.00889953 -26751.2 -0
3.53498e-05 6 0.012626 -19089.7 -0
3.53498e-05 6 0.0179128 -13682.2 -0
3.53498e-05 6 0.0254134 -9860.52 -0
3.53498e-05 6 0.0360547 -7153.09 -0
3.53498e-05 6 0.0511518 -5226.53 -0
3.53498e-05 6 0.0725704 -3845.06 -0
3.53498e-05 6 0.102958 -2841.86 -0
3.53498e-05 6 0.146069 -2099.79 -0
3.53498e-05 6 0.207231 -1538.19 -0
3.53498e-05 6 0.294005 -1103.33 -0
3.53498e-05 6 0.417112 -762.228 -0
3.53498e-05 6 0.591769 -497.144 -0
3.53498e-05 6 0.839558 -299.934 -0
3.53498e-05 6 1.1911 -167.184 -0
3.53498e-05 6 1.68985 -86.5253 -0
3.53498e-05 6 2.39743 -31.9626 -0
3.53498e-05 6 3.4013 -0.120448 -0
3.53498e-05 6 4.82552 2.85873 -0
3.53498e-05 6 6.8461 11.9337 -0
3.53498e-05 6 9.71274 10.8366 -0
3.53498e-05 6 13.7797 3.74085 -0
3.53498e-05 6 19.5497 6.84934 -0
3.53498e-05 6 27.7356 2.39055 -0
3.53498e-05 6 39.3493 -0.126262 -0
3.53498e-05 6 55.8259 -0.304299 -0
3.53498e-05 6 79.2016 -0.413308 -0
3.53498e-05 6 112.365 -0.308364 -0
3.53498e-05 6 159.416 -0.191796 -0
3.53498e-05 6 226.168 -0.120902 -0
3.53498e-05 6 320.87 -0.0851329 -0
3.53498e-05 6 455.227 -0.057766 -0
3.53498e-05 6 645.842 -0.0325478 -0
3.53498e-05 6 916.274 -0.0220986 -0
3.53498e-05 6 1299.94 -0.0147622 -0
3.53498e-05 6 1844.26 -0.00959974 -0
3.53498e-05 6 2616.5 -0.00540901 -0
3.53498e-05 6 3712.11 -0.00336713 -0
3.53498e-05 6 5266.46 -0.0020876 -0
3.53498e-05 6 7471.67 -0.00125485 -0
3.53498e-05 6 10600.3 -0.000732049 -0
3.53498e-05 6 15038.9 -0.000410829 -0
3.53498e-05 6 21336 -0.000217942 -0
3.53498e-05 6 30270 -0.000105885 -0
3.53498e-05 6 42944.9 -4.39989e-05 -0
3.53498e-05 6 60927 -1.25185e-05 -0
3.53498e-05 6 86438.8 1.30215e-06 -0
3.53498e-05 6 122633 5.84883e-06 -0
3.53498e-05 6 173983 7.39406e-06 -0
3.53498e-05 6 246834 7.4435e-06 -0
3.53498e-05 6 350190 5.67351e-06 -0
3.53498e-05 6 496824 4.16131e-06 -0
3.53498e-05 6 704857 3.00335e-06 -0
3.53498e-05 6 1e+06 9.69573e-07 -0

8.61954e-05 6 1e-06 -9.46111e+07 -0
8.61954e-05 6 1.41873e-06 -6.66874e+07 -0
8.61954e-05 6 2.01279e-06 -4.70052e+07 -0
8.61954e-05 6 2.85559e-06 -3.31321e+07 -0
8.61954e-05 6 4.0513e-06 -2.33535e+07 -0
8.61954e-05 6 5.74769e-06 -1.6461e+07 -0
8.61954e-05 6 8.15441e-06 -1.16028e+07 -0
8.61954e-05 6 1.15689e-05 -8.17839e+06 -0
8.61954e-05 6 1.64131e-05 -5.7647e+06 -0
8.61954e-05 6 2.32857e-05 -4.0634e+06 -0
8.61954e-05 6 3.3036e-05 -2.86422e+06 -0
8.61954e-05 6 4.6869e-05 -2.01897e+06 -0
8.61954e-05 6 6.64944e-05 -1.42319e+06 -0
8.61954e-05 6 9.43373e-05 -1.00325e+06 -0
8.61954e-05 6 0.000133839 -707251 -0
8.61954e-05 6 0.000189881 -498615 -0
8.61954e-05 6 0.000269389 -351556 -0
8.61954e-05 6 0.000382189 -247900 -0
8.61954e-05 6 0.000542222 -174837 -0
8.61954e-05 6 0.000769265 -123339 -0
8.61954e-05 6 0.00109138 -87039 -0
8.61954e-05 6 0.00154837 -61452.7 -0
8.61954e-05 6 0.00219671 -43417.6 -0
8.61954e-05 6 0.00311653 -30704.9 -0
8.61954e-05 6 0.0044215 -21743.4 -0
8.61954e-05 6 0.0062729 -15425.8 -0
8.61954e-05 6 0.00889953 -10971.1 -0
8.61954e-05 6 0.012626 -7829.09 -0
8.61954e-05 6 0.0179128 -5611.37 -0
8.61954e-05 6 0.0254134 -4044.05 -0
8.61954e-05 6 0.0360547 -2933.69 -0
8.61954e-05 6 0.0511518 -2143.57 -0
8.61954e-05 6 0.0725704 -1577.01 -0
8.61954e-05 6 0.102958 -1165.57 -0
8.61954e-05 6 0.146069 -861.23 -0
8.61954e-05 6 0.207231 -630.897 -0
8.61954e-05 6 0.294005 -452.539 -0
8.61954e-05 6 0.417112 -312.634 -0
8.61954e-05 6 0.591769 -203.904 -0
8.61954e-05 6 0.839558 -123.014 -0
8.61954e-05 6 1.1911 -68.5644 -0
8.61954e-05 6 1.68985 -35.4833 -0
8.61954e-05 6 2.39743 -13.107 -0
8.61954e-05 6 3.4013 -0.0488588 -0
8.61954e-05 6 4.82552 1.17249 -0
8.61954e-05 6 6.8461 4.89412 -0
8.61954e-05 6 9.71274 4.44416 -0
8.61954e-05 6 13.7797 1.53414 -0
8.61954e-05 6 19.5497 2.80898 -0
8.61954e-05 6 27.7356 0.980385 -0
8.61954e-05 6 39.3493 -0.0517865 -0
8.61954e-05 6 55.8259 -0.124799 -0
8.61954e-05 6 79.2016 -0.169504 -0
8.61954e-05 6 112.365 -0.126465 -0
8.61954e-05 6 159.416 -0.0786581 -0
8.61954e-05 6 226.168 -0.0495837 -0
8.61954e-05 6 320.87 -0.0349141 -0
8.61954e-05 6 455.227 -0.0236906 -0
8.61954e-05 6 645.842 -0.0133483 -0
8.61954e-05 6 916.274 -0.00906293 -0
8.61954e-05 6 1299.94 -0.00605416 -0
8.61954e-05 6 1844.26 -0.00393698 -0
8.61954e-05 6 2616.5 -0.0022183 -0
8.61954e-05 6 3712.11 -0.0013809 -0
8.61954e-05 6 5266.46 -0.00085615 -0
8.61954e-05 6 7471.67 -0.000514629 -0
8.61954e-05 6 10600.3 -0.000300223 -0
8.61954e-05 6 15038.9 -0.000168486 -0
8.61954e-05 6 21336 -8.93808e-05 -0
8.61954e-05 6 30270 -4.34246e-05 -0
8.61954e-05 6 42944.9 -1.80445e-05 -0
8.61954e-05 6 60927 -5.13398e-06 -0
8.61954e-05 6 86438.8 5.3403e-07 -0
8.61954e-05 6 122633 2.39868e-06 -0
8.61954e-05 6 173983 3.0324e-06 -0
8.61954e-05 6 246834 3.05267e-06 -0
8.61954e-05 6 350190 2.32678e-06 -0
8.61954e-05 6 496824 1.70661e-06 -0
8.61954e-05 6 704857 1.23171e-06 -0
8.61954e-05 6 1e+06 3.97634e-07 -0

0.000210175 6 1e-06 -3.88016e+07 -0
0.000210175 6 1.41873e-06 -2.73496e+07 -0
0.000210175 6 2.01279e-06 -1.92776e+07 -0
0.000210175 6 2.85559e-06 -1.3588e+07 -0
0.000210175 6 4.0513e-06 -9.57767e+06 -0
0.000210175 6 5.74769e-06 -6.75093e+06 -0
0.000210175 6 8.15441e-06 -4.75849e+06 -0
0.000210175 6 1.15689e-05 -3.3541e+06 -0
0.000210175 6 1.64131e-05 -2.3642e+06 -0
0.000210175 6 2.32857e-05 -1.66647e+06 -0
0.000210175 6 3.3036e-05 -1.17467e+06 -0
0.000210175 6 4.6869e-05 -828014 -0
0.000210175 6 6.64944e-05 -583674 -0
0.000210175 6 9.43373e-05 -411450 -0
0.000210175 6 0.000133839 -290056 -0
0.000210175 6 0.000189881 -204490 -0
0.000210175 6 0.000269389 -144179 -0
0.000210175 6 0.000382189 -101668 -0
0.000210175 6 0.000542222 -71703.9 -0
0.000210175 6 0.000769265 -50583.3 -0
0.000210175 6 0.00109138 -35696.3 -0
0.000210175 6 0.00154837 -25202.9 -0
0.000210175 6 0.00219671 -17806.4 -0
0.000210175 6 0.00311653 -12592.7 -0
0.000210175 6 0.0044215 -8917.48 -0
0.000210175 6 0.0062729 -6326.49 -0
0.000210175 6 0.00889953 -4499.58 -0
0.000210175 6 0.012626 -3210.97 -0
0.000210175 6 0.0179128 -2301.44 -0
0.000210175 6 0.0254134 -1658.65 -0
0.000210175 6 0.0360547 -1203.27 -0
0.000210175 6 0.0511518 -879.227 -0
0.000210175 6 0.0725704 -646.862 -0
0.000210175 6 0.102958 -478.118 -0
0.000210175 6 0.146069 -353.29 -0
0.000210175 6 0.207231 -258.812 -0
0.000210175 6 0.294005 -185.648 -0
0.000210175 6 0.417112 -128.252 -0
0.000210175 6 0.591769 -83.644 -0
0.000210175 6 0.839558 -50.4567 -0
0.000210175 6 1.1911 -28.1192 -0
0.000210175 6 1.68985 -14.5503 -0
0.000210175 6 2.39743 -5.37408 -0
0.000210175 6 3.4013 -0.0194991 -0
0.000210175 6 4.82552 0.480939 -0
0.000210175 6 6.8461 2.0071 -0
0.000210175 6 9.71274 1.82256 -0
0.000210175 6 13.7797 0.629137 -0
0.000210175 6 19.5497 1.15198 -0
0.000210175 6 27.7356 0.402058 -0
0.000210175 6 39.3493 -0.0212431 -0
0.000210175 6 55.8259 -0.0511842 -0
0.000210175 6 79.2016 -0.0695169 -0
0.000210175 6 112.365 -0.0518653 -0
0.000210175 6 159.416 -0.0322589 -0
0.000210175 6 226.168 -0.0203351 -0
0.000210175 6 320.87 -0.0143188 -0
0.000210175 6 455.227 -0.00971585 -0
0.000210175 6 645.842 -0.00547432 -0
0.000210175 6 916.274 -0.00371683 -0
0.000210175 6 1299.94 -0.00248289 -0
0.000210175 6 1844.26 -0.00161461 -0
0.000210175 6 2616.5 -0.000909755 -0
0.000210175 6 3712.11 -0.000566327 -0
0.000210175 6 5266.46 -0.000351118 -0
0.000210175 6 7471.67 -0.000211056 -0
0.000210175 6 10600.3 -0.000123125 -0
0.000210175 6 15038.9 -6.90983e-05 -0
0.000210175 6 21336 -3.66562e-05 -0
0.000210175 6 30270 -1.7809e-05 -0
0.000210175 6 42944.9 -7.40029e-06 -0
0.000210175 6 60927 -2.10551e-06 -0
0.000210175 6 86438.8 2.19012e-07 -0
0.000210175 6 122633 9.83729e-07 -0
0.000210175 6 173983 1.24362e-06 -0
0.000210175 6 246834 1.25194e-06 -0
0.000210175 6 350190 9.54242e-07 -0
0.000210175 6 496824 6.99901e-07 -0
0.000210175 6 704857 5.05141e-07 -0
0.000210175 6 1e+06 1.63075e-07 -0

0.000512481 6 1e-06 -1.59135e+07 -0
0.000512481 6 1.41873e-06 -1.12167e+07 -0
0.000512481 6 2.01279e-06 -7.90622e+06 -0
0.000512481 6 2.85559e-06 -5.57278e+06 -0
0.000512481 6 4.0513e-06 -3.92803e+06 -0
0.000512481 6 5.74769e-06 -2.76872e+06 -0
0.000512481 6 8.15441e-06 -1.95157e+06 -0
0.000512481 6 1.15689e-05 -1.3756e+06 -0
0.000512481 6 1.64131e-05 -969617 -0
0.000512481 6 2.32857e-05 -683459 -0
0.000512481 6 3.3036e-05 -481759 -0
0.000512481 6 4.6869e-05 -339589 -0
0.000512481 6 6.64944e-05 -239379 -0
0.000512481 6 9.43373e-05 -168746 -0
0.000512481 6 0.000133839 -118959 -0
0.000512481 6 0.000189881 -83866.6 -0
0.000512481 6 0.000269389 -59131.5 -0
0.000512481 6 0.000382189 -41696.7 -0
0.000512481 6 0.000542222 -29407.7 -0
0.000512481 6 0.000769265 -20745.6 -0
0.000512481 6 0.00109138 -14640.1 -0
0.000512481 6 0.00154837 -10336.5 -0
0.000512481 6 0.00219671 -7303 -0
0.000512481 6 0.00311653 -5164.74 -0
0.000512481 6 0.0044215 -3657.43 -0
0.000512481 6 0.0062729 -2594.81 -0
0.000512481 6 0.00889953 -1845.54 -0
0.000512481 6 0.012626 -1317.05 -0
0.000512481 6 0.0179128 -944.028 -0
0.000512481 6 0.0254134 -680.403 -0
0.000512481 6 0.0360547 -493.635 -0
0.000512481 6 0.0511518 -360.73 -0
0.000512481 6 0.0725704 -265.423 -0
0.000512481 6 0.102958 -196.205 -0
0.000512481 6 0.146069 -144.996 -0
0.000512481 6 0.207231 -106.23 -0
0.000512481 6 0.294005 -76.2022 -0
0.000512481 6 0.417112 -52.6412 -0
0.000512481 6 0.591769 -34.3265 -0
0.000512481 6 0.839558 -20.701 -0
0.000512481 6 1.1911 -11.5322 -0
0.000512481 6 1.68985 -5.96537 -0
0.000512481 6 2.39743 -2.20271 -0
0.000512481 6 3.4013 -0.00745845 -0
0.000512481 6 4.82552 0.197326 -0
0.000512481 6 6.8461 0.823102 -0
0.000512481 6 9.71274 0.74741 -0
0.000512481 6 13.7797 0.257984 -0
0.000512481 6 19.5497 0.47242 -0
0.000512481 6 27.7356 0.164879 -0
0.000512481 6 39.3493 -0.00871683 -0
0.000512481 6 55.8259 -0.0209936 -0
0.000512481 6 79.2016 -0.0285109 -0
0.000512481 6 112.365 -0.0212712 -0
0.000512481 6 159.416 -0.0132301 -0
0.000512481 6 226.168 -0.00833979 -0
0.000512481 6 320.87 -0.00587238 -0
0.000512481 6 455.227 -0.00398462 -0
0.000512481 6 645.842 -0.0022451 -0
0.000512481 6 916.274 -0.00152433 -0
0.000512481 6 1299.94 -0.00101827 -0
0.000512481 6 1844.26 -0.000662172 -0
0.000512481 6 2616.5 -0.000373103 -0
0.000512481 6 3712.11 -0.000232258 -0
0.000512481 6 5266.46 -0.000143998 -0
0.000512481 6 7471.67 -8.65568e-05 -0
0.000512481 6 10600.3 -5.04952e-05 -0
0.000512481 6 15038.9 -2.83381e-05 -0
0.000512481 6 21336 -1.50332e-05 -0
0.000512481 6 30270 -7.3037e-06 -0
0.000512481 6 42944.9 -3.03496e-06 -0
0.000512481 6 60927 -8.63498e-07 -0
0.000512481 6 86438.8 8.98194e-08 -0
0.000512481 6 122633 4.0344e-07 -0
0.000512481 6 173983 5.10026e-07 -0
0.000512481 6 246834 5.13437e-07 -0
0.000512481 6 350190 3.91347e-07 -0
0.000512481 6 496824 2.87038e-07 -0
0.000512481 6 704857 2.07165e-07 -0
0.000512481 6 1e+06 6.6879e-08 -0

0.00124961 6 1e-06 -6.5268e+06 -0
0.00124961 6 1.41873e-06 -4.60047e+06 -0
0.00124961 6 2.01279e-06 -3.24268e+06 -0
0.00124961 6 2.85559e-06 -2.28564e+06 -0
0.00124961 6 4.0513e-06 -1.61106e+06 -0
0.00124961 6 5.74769e-06 -1.13557e+06 -0
0.00124961 6 8.15441e-06 -800423 -0
0.00124961 6 1.15689e-05 -564192 -0
0.00124961 6 1.64131e-05 -397682 -0
0.00124961 6 2.32857e-05 -280316 -0
0.00124961 6 3.3036e-05 -197590 -0
0.00124961 6 4.6869e-05 -139280 -0
0.00124961 6 6.64944e-05 -98179.9 -0
0.00124961 6 9.43373e-05 -69210.1 -0
0.00124961 6 0.000133839 -48790.5 -0
0.00124961 6 0.000189881 -34397.5 -0
0.00124961 6 0.000269389 -24252.6 -0
0.00124961 6 0.000382189 -17101.8 -0
0.00124961 6 0.000542222 -12061.6 -0
0.00124961 6 0.000769265 -8508.89 -0
0.00124961 6 0.00109138 -6004.74 -0
0.00124961 6 0.00154837 -4239.66 -0
0.00124961 6 0.00219671 -2995.5 -0
0.00124961 6 0.00311653 -2118.5 -0
0.00124961 6 0.0044215 -1500.29 -0
0.00124961 6 0.0062729 -1064.46 -0
0.00124961 6 0.00889953 -757.151 -0
0.00124961 6 0.012626 -540.391 -0
0.00124961 6 0.0179128 -387.395 -0
0.00124961 6 0.0254134 -279.265 -0
0.00124961 6 0.0360547 -202.657 -0
0.00124961 6 0.0511518 -148.137 -0
0.00124961 6 0.0725704 -109.034 -0
0.00124961 6 0.102958 -80.6282 -0
0.00124961 6 0.146069 -59.6035 -0
0.00124961 6 0.207231 -43.6784 -0
0.00124961 6 0.294005 -31.3343 -0
0.00124961 6 0.417112 -21.6421 -0
0.00124961 6 0.591769 -14.1054 -0
0.00124961 6 0.839558 -8.49936 -0
0.00124961 6 1.1911 -4.72989 -0
0.00124961 6 1.68985 -2.44459 -0
0.00124961 6 2.39743 -0.902082 -0
0.00124961 6 3.4013 -0.0025207 -0
0.00124961 6 4.82552 0.0810132 -0
0.00124961 6 6.8461 0.337528 -0
0.00124961 6 9.71274 0.306476 -0
0.00124961 6 13.7797 0.10577 -0
0.00124961 6 19.5497 0.193725 -0
0.00124961 6 27.7356 0.067609 -0
0.00124961 6 39.3493 -0.00357951 -0
0.00124961 6 55.8259 -0.00861201 -0
0.00124961 6 79.2016 -0.0116937 -0
0.00124961 6 112.365 -0.00872411 -0
0.00124961 6 159.416 -0.00542608 -0
0.00124961 6 226.168 -0.00342038 -0
0.00124961 6 320.87 -0.0024084 -0
0.00124961 6 455.227 -0.00163417 -0
0.00124961 6 645.842 -0.00092076 -0
0.00124961 6 916.274 -0.000625152 -0
0.00124961 6 1299.94 -0.000417608 -0
0.00124961 6 1844.26 -0.000271567 -0
0.00124961 6 2616.5 -0.000153015 -0
0.00124961 6 3712.11 -9.52524e-05 -0
0.00124961 6 5266.46 -5.90557e-05 -0
0.00124961 6 7471.67 -3.54981e-05 -0
0.00124961 6 10600.3 -2.07088e-05 -0
0.00124961 6 15038.9 -1.16218e-05 -0
0.00124961 6 21336 -6.16531e-06 -0
0.00124961 6 30270 -2.99534e-06 -0
0.00124961 6 42944.9 -1.24468e-06 -0
0.00124961 6 60927 -3.54132e-07 -0
0.00124961 6 86438.8 3.68358e-08 -0
0.00124961 6 122633 1.65456e-07 -0
0.00124961 6 173983 2.09168e-07 -0
0.00124961 6 246834 2.10567e-07 -0
0.00124961 6 350190 1.60496e-07 -0
0.00124961 6 496824 1.17718e-07 -0
0.00124961 6 704857 8.49609e-08 -0
0.00124961 6 1e+06 2.74279e-08 -0

0.00304699 6 1e-06 -2.67728e+06 -0
0.00304699 6 1.41873e-06 -1.8871e+06 -0
0.00304699 6 2.01279e-06 -1.33014e+06 -0
0.00304699 6 2.85559e-06 -937562 -0
0.00304699 6 4.0513e-06 -660851 -0
0.00304699 6 5.74769e-06 -465809 -0
0.00304699 6 8.15441e-06 -328332 -0
0.00304699 6 1.15689e-05 -231430 -0
0.00304699 6 1.64131e-05 -163128 -0
0.00304699 6 2.32857e-05 -114985 -0
0.00304699 6 3.3036e-05 -81051.2 -0
0.00304699 6 4.6869e-05 -57132.6 -0
0.00304699 6 6.64944e-05 -40273.4 -0
0.00304699 6 9.43373e-05 -28390 -0
0.00304699 6 0.000133839 -20014 -0
0.00304699 6 0.000189881 -14110 -0
0.00304699 6 0.000269389 -9948.62 -0
0.00304699 6 0.000382189 -7015.4 -0
0.00304699 6 0.000542222 -4947.9 -0
0.00304699 6 0.000769265 -3490.6 -0
0.00304699 6 0.00109138 -2463.41 -0
0.00304699 6 0.00154837 -1739.37 -0
0.00304699 6 0.00219671 -1229.02 -0
0.00304699 6 0.00311653 -869.277 -0
0.00304699 6 0.0044215 -615.687 -0
0.00304699 6 0.0062729 -436.909 -0
0.00304699 6 0.00889953 -310.851 -0
0.00304699 6 0.012626 -221.933 -0
0.00304699 6 0.0179128 -159.17 -0
0.00304699 6 0.0254134 -114.809 -0
0.00304699 6 0.0360547 -83.3756 -0
0.00304699 6 0.0511518 -60.9998 -0
0.00304699 6 0.0725704 -44.9439 -0
0.00304699 6 0.102958 -33.2706 -0
0.00304699 6 0.146069 -24.6197 -0
0.00304699 6 0.207231 -18.0551 -0
0.00304699 6 0.294005 -12.9558 -0
0.00304699 6 0.417112 -8.94378 -0
0.00304699 6 0.591769 -5.82053 -0
0.00304699 6 0.839558 -3.49853 -0
0.00304699 6 1.1911 -1.94097 -0
0.00304699 6 1.68985 -1.00073 -0
0.00304699 6 2.39743 -0.36867 -0
0.00304699 6 3.4013 -0.000496345 -0
0.00304699 6 4.82552 0.0333107 -0
0.00304699 6 6.8461 0.138388 -0
0.00304699 6 9.71274 0.125644 -0
0.00304699 6 13.7797 0.0433451 -0
0.00304699 6 19.5497 0.0794285 -0
0.00304699 6 27.7356 0.0277174 -0
0.00304699 6 39.3493 -0.00147259 -0
0.00304699 6 55.8259 -0.00353415 -0
0.00304699 6 79.2016 -0.00479683 -0
0.00304699 6 112.365 -0.0035784 -0
0.00304699 6 159.416 -0.00222557 -0
0.00304699 6 226.168 -0.00140287 -0
0.00304699 6 320.87 -0.000987778 -0
0.00304699 6 455.227 -0.000670226 -0
0.00304699 6 645.842 -0.00037763 -0
0.00304699 6 916.274 -0.00025639 -0
0.00304699 6 1299.94 -0.00017127 -0
0.00304699 6 1844.26 -0.000111375 -0
0.00304699 6 2616.5 -6.27542e-05 -0
0.00304699 6 3712.11 -3.90646e-05 -0
0.00304699 6 5266.46 -2.42197e-05 -0
0.00304699 6 7471.67 -1.45583e-05 -0
0.00304699 6 10600.3 -8.49297e-06 -0
0.00304699 6 15038.9 -4.76628e-06 -0
0.00304699 6 21336 -2.52848e-06 -0
0.00304699 6 30270 -1.22843e-06 -0
0.00304699 6 42944.9 -5.10459e-07 -0
0.00304699 6 60927 -1.45235e-07 -0
0.00304699 6 86438.8 1.51065e-08 -0
0.00304699 6 122633 6.78553e-08 -0
0.00304699 6 173983 8.57825e-08 -0
0.00304699 6 246834 8.63561e-08 -0
0.00304699 6 350190 6.58216e-08 -0
0.00304699 6 496824 4.82777e-08 -0
0.00304699 6 704857 3.48436e-08 -0
0.00304699 6 1e+06 1.12485e-08 -0

0.00742964 6 1e-06 -1.09856e+06 -0
0.00742964 6 1.41873e-06 -774333 -0
0.00742964 6 2.01279e-06 -545796 -0
0.00742964 6 2.85559e-06 -384709 -0
0.00742964 6 4.0513e-06 -271167 -0
0.00742964 6 5.74769e-06 -191135 -0
0.00742964 6 8.15441e-06 -134724 -0
0.00742964 6 1.15689e-05 -94962.8 -0
0.00742964 6 1.64131e-05 -66936.6 -0
0.00742964 6 2.32857e-05 -47182.1 -0
0.00742964 6 3.3036e-05 -33258 -0
0.00742964 6 4.6869e-05 -23443.4 -0
0.00742964 6 6.64944e-05 -16525.6 -0
0.00742964 6 9.43373e-05 -11649.5 -0
0.00742964 6 0.000133839 -8212.59 -0
0.00742964 6 0.000189881 -5790.04 -0
0.00742964 6 0.000269389 -4082.48 -0
0.00742964 6 0.000382189 -2878.89 -0
0.00742964 6 0.000542222 -2030.54 -0
0.00742964 6 0.000769265 -1432.56 -0
0.00742964 6 0.00109138 -1011.08 -0
0.00742964 6 0.00154837 -713.984 -0
0.00742964 6 0.00219671 -504.571 -0
0.00742964 6 0.00311653 -356.957 -0
0.00742964 6 0.0044215 -252.901 -0
0.00742964 6 0.0062729 -179.542 -0
0.00742964 6 0.00889953 -127.814 -0
0.00742964 6 0.012626 -91.3252 -0
0.00742964 6 0.0179128 -65.5675 -0
0.00742964 6 0.0254134 -47.359 -0
0.00742964 6 0.0360547 -34.4528 -0
0.00742964 6 0.0511518 -25.2601 -0
0.00742964 6 0.0725704 -18.6569 -0
0.00742964 6 0.102958 -13.8473 -0
0.00742964 6 0.146069 -10.2724 -0
0.00742964 6 0.207231 -7.54837 -0
0.00742964 6 0.294005 -5.42144 -0
0.00742964 6 0.417112 -3.73967 -0
0.00742964 6 0.591769 -2.42622 -0
0.00742964 6 0.839558 -1.44998 -0
0.00742964 6 1.1911 -0.798255 -0
0.00742964 6 1.68985 -0.40883 -0
0.00742964 6 2.39743 -0.149922 -0
0.00742964 6 3.4013 0.000339245 -0
0.00742964 6 4.82552 0.0137498 -0
0.00742964 6 6.8461 0.0567192 -0
0.00742964 6 9.71274 0.0514833 -0
0.00742964 6 13.7797 0.0177442 -0
0.00742964 6 19.5497 0.0325544 -0
0.00742964 6 27.7356 0.0113575 -0
0.00742964 6 39.3493 -0.000608492 -0
0.00742964 6 55.8259 -0.00145164 -0
0.00742964 6 79.2016 -0.00196832 -0
0.00742964 6 112.365 -0.00146808 -0
0.00742964 6 159.416 -0.000913 -0
0.00742964 6 226.168 -0.000575464 -0
0.00742964 6 320.87 -0.000405162 -0
0.00742964 6 455.227 -0.000274899 -0
0.00742964 6 645.842 -0.000154886 -0
0.00742964 6 916.274 -0.000105156 -0
0.00742964 6 1299.94 -7.02432e-05 -0
0.00742964 6 1844.26 -4.56778e-05 -0
0.00742964 6 2616.5 -2.57371e-05 -0
0.00742964 6 3712.11 -1.60213e-05 -0
0.00742964 6 5266.46 -9.93297e-06 -0
0.00742964 6 7471.67 -5.97063e-06 -0
0.00742964 6 10600.3 -3.48311e-06 -0
0.00742964 6 15038.9 -1.95473e-06 -0
0.00742964 6 21336 -1.03697e-06 -0
0.00742964 6 30270 -5.03799e-07 -0
0.00742964 6 42944.9 -2.09347e-07 -0
0.00742964 6 60927 -5.95633e-08 -0
0.00742964 6 86438.8 6.1951e-09 -0
0.00742964 6 122633 2.78282e-08 -0
0.00742964 6 173983 3.51804e-08 -0
0.00742964 6 246834 3.54157e-08 -0
0.00742964 6 350190 2.69943e-08 -0
0.00742964 6 496824 1.97993e-08 -0
0.00742964 6 704857 1.42898e-08 -0
0.00742964 6 1e+06 4.61317e-09 -0

0.0181161 6 1e-06 -451105 -0
0.0181161 6 1.41873e-06 -317965 -0
0.0181161 6 2.01279e-06 -224121 -0
0.0181161 6 2.85559e-06 -157974 -0
0.0181161 6 4.0513e-06 -111350 -0
0.0181161 6 5.74769e-06 -78486.2 -0
0.0181161 6 8.15441e-06 -55322.2 -0
0.0181161 6 1.15689e-05 -38994.9 -0
0.0181161 6 1.64131e-05 -27486.5 -0
0.0181161 6 2.32857e-05 -19374.7 -0
0.0181161 6 3.3036e-05 -13657 -0
0.0181161 6 4.6869e-05 -9626.86 -0
0.0181161 6 6.64944e-05 -6786.19 -0
0.0181161 6 9.43373e-05 -4783.92 -0
0.0181161 6 0.000133839 -3372.6 -0
0.0181161 6 0.000189881 -2377.82 -0
0.0181161 6 0.000269389 -1676.65 -0
0.0181161 6 0.000382189 -1182.42 -0
0.0181161 6 0.000542222 -834.058 -0
0.0181161 6 0.000769265 -588.512 -0
0.0181161 6 0.00109138 -415.436 -0
0.0181161 6 0.00154837 -293.44 -0
0.0181161 6 0.00219671 -207.448 -0
0.0181161 6 0.00311653 -146.833 -0
0.0181161 6 0.0044215 -104.103 -0
0.0181161 6 0.0062729 -73.9777 -0
0.0181161 6 0.00889953 -52.7346 -0
0.0181161 6 0.012626 -37.7484 -0
0.0181161 6 0.0179128 -27.1674 -0
0.0181161 6 0.0254134 -19.6847 -0
0.0181161 6 0.0360547 -14.3772 -0
0.0181161 6 0.0511518 -10.5916 -0
0.0181161 6 0.0725704 -7.86572 -0
0.0181161 6 0.102958 -5.8718 -0
0.0181161 6 0.146069 -4.37981 -0
0.0181161 6 0.207231 -3.23212 -0
0.0181161 6 0.294005 -2.3258 -0
0.0181161 6 0.417112 -1.60141 -0
0.0181161 6 0.591769 -1.03183 -0
0.0181161 6 0.839558 -0.608817 -0
0.0181161 6 1.1911 -0.329317 -0
0.0181161 6 1.68985 -0.166011 -0
0.0181161 6 2.39743 -0.06017 -0
0.0181161 6 3.4013 0.000701558 -0
0.0181161 6 4.82552 0.00573756 -0
0.0181161 6 6.8461 0.0232317 -0
0.0181161 6 9.71274 0.021072 -0
0.0181161 6 13.7797 0.00724647 -0
0.0181161 6 19.5497 0.0133313 -0
0.0181161 6 27.7356 0.00464827 -0
0.0181161 6 39.3493 -0.000254056 -0
0.0181161 6 55.8259 -0.000597574 -0
0.0181161 6 79.2016 -0.000808308 -0
0.0181161 6 112.365 -0.000602611 -0
0.0181161 6 159.416 -0.000374698 -0
0.0181161 6 226.168 -0.000236134 -0
0.0181161 6 320.87 -0.000166224 -0
0.0181161 6 455.227 -0.00011277 -0
0.0181161 6 645.842 -6.35353e-05 -0
0.0181161 6 916.274 -4.31327e-05 -0
0.0181161 6 1299.94 -2.8811e-05 -0
0.0181161 6 1844.26 -1.87347e-05 -0
0.0181161 6 2616.5 -1.05559e-05 -0
0.0181161 6 3712.11 -6.57089e-06 -0
0.0181161 6 5266.46 -4.07381e-06 -0
0.0181161 6 7471.67 -2.44872e-06 -0
0.0181161 6 10600.3 -1.42851e-06 -0
0.0181161 6 15038.9 -8.01678e-07 -0
0.0181161 6 21336 -4.25283e-07 -0
0.0181161 6 30270 -2.06618e-07 -0
0.0181161 6 42944.9 -8.58576e-08 -0
0.0181161 6 60927 -2.44284e-08 -0
0.0181161 6 86438.8 2.5404e-09 -0
0.0181161 6 122633 1.14126e-08 -0
0.0181161 6 173983 1.44279e-08 -0
0.0181161 6 246834 1.45244e-08 -0
0.0181161 6 350190 1.10707e-08 -0
0.0181161 6 496824 8.11994e-09 -0
0.0181161 6 704857 5.86042e-09 -0
0.0181161 6 1e+06 1.89192e-09 -0

0.0441734 6 1e-06 -185543 -0
0.0441734 6 1.41873e-06 -130782 -0
0.0441734 6 2.01279e-06 -92182.9 -0
0.0441734 6 2.85559e-06 -64976.1 -0
0.0441734 6 4.0513e-06 -45799.2 -0
0.0441734 6 5.74769e-06 -32282.3 -0
0.0441734 6 8.15441e-06 -22754.7 -0
0.0441734 6 1.15689e-05 -16039.2 -0
0.0441734 6 1.64131e-05 -11305.7 -0
0.0441734 6 2.32857e-05 -7969.21 -0
0.0441734 6 3.3036e-05 -5617.49 -0
0.0441734 6 4.6869e-05 -3959.86 -0
0.0441734 6 6.64944e-05 -2791.47 -0
0.0441734 6 9.43373e-05 -1967.92 -0
0.0441734 6 0.000133839 -1387.43 -0
0.0441734 6 0.000189881 -978.273 -0
0.0441734 6 0.000269389 -689.874 -0
0.0441734 6 0.000382189 -486.593 -0
0.0441734 6 0.000542222 -343.309 -0
0.0441734 6 0.000769265 -242.314 -0
0.0441734 6 0.00109138 -171.126 -0
0.0441734 6 0.00154837 -120.948 -0
0.0441734 6 0.00219671 -85.5783 -0
0.0441734 6 0.00311653 -60.646 -0
0.0441734 6 0.0044215 -43.0698 -0
0.0441734 6 0.0062729 -30.6777 -0
0.0441734 6 0.00889953 -21.9381 -0
0.0441734 6 0.012626 -15.7713 -0
0.0441734 6 0.0179128 -11.4151 -0
0.0441734 6 0.0254134 -8.33174 -0
0.0441734 6 0.0360547 -6.14084 -0
0.0441734 6 0.0511518 -4.57309 -0
0.0441734 6 0.0725704 -3.43748 -0
0.0441734 6 0.102958 -2.59846 -0
0.0441734 6 0.146069 -1.96082 -0
0.0441734 6 0.207231 -1.45977 -0
0.0441734 6 0.294005 -1.05428 -0
0.0441734 6 0.417112 -0.722807 -0
0.0441734 6 0.591769 -0.458669 -0
0.0441734 6 0.839558 -0.262925 -0
0.0441734 6 1.1911 -0.136427 -0
0.0441734 6 1.68985 -0.0661117 -0
0.0441734 6 2.39743 -0.0232119 -0
0.0441734 6 3.4013 0.000899252 -0
0.0441734 6 4.82552 0.00246148 -0
0.0441734 6 6.8461 0.00949953 -0
0.0441734 6 9.71274 0.00860016 -0
0.0441734 6 13.7797 0.00294121 -0
0.0441734 6 19.5497 0.0054476 -0
0.0441734 6 27.7356 0.00189664 -0
0.0441734 6 39.3493 -0.000108767 -0
0.0441734 6 55.8259 -0.000247342 -0
0.0441734 6 79.2016 -0.000332584 -0
0.0441734 6 112.365 -0.000247674 -0
0.0441734 6 159.416 -0.000153934 -0
0.0441734 6 226.168 -9.69703e-05 -0
0.0441734 6 320.87 -6.82327e-05 -0
0.0441734 6 455.227 -4.62785e-05 -0
0.0441734 6 645.842 -2.60713e-05 -0
0.0441734 6 916.274 -1.76963e-05 -0
0.0441734 6 1299.94 -1.18191e-05 -0
0.0441734 6 1844.26 -7.68494e-06 -0
0.0441734 6 2616.5 -4.32988e-06 -0
0.0441734 6 3712.11 -2.69518e-06 -0
0.0441734 6 5266.46 -1.6709e-06 -0
0.0441734 6 7471.67 -1.00433e-06 -0
0.0441734 6 10600.3 -5.85888e-07 -0
0.0441734 6 15038.9 -3.28796e-07 -0
0.0441734 6 21336 -1.74422e-07 -0
0.0441734 6 30270 -8.47404e-08 -0
0.0441734 6 42944.9 -3.52129e-08 -0
0.0441734 6 60927 -1.00191e-08 -0
0.0441734 6 86438.8 1.04156e-09 -0
0.0441734 6 122633 4.68033e-09 -0
0.0441734 6 173983 5.91702e-09 -0
0.0441734 6 246834 5.95663e-09 -0
0.0441734 6 350190 4.54022e-09 -0
0.0441734 6 496824 3.33009e-09 -0
0.0441734 6 704857 2.40343e-09 -0
0.0441734 6 1e+06 7.759e-10 -0

0.107711 6 1e-06 -76564.1 -0
0.107711 6 1.41873e-06 -53967 -0
0.107711 6 2.01279e-06 -38039.2 -0
0.107711 6 2.85559e-06 -26812.5 -0
0.107711 6 4.0513e-06 -18899.2 -0
0.107711 6 5.74769e-06 -13321.4 -0
0.107711 6 8.15441e-06 -9389.92 -0
0.107711 6 1.15689e-05 -6618.76 -0
0.107711 6 1.64131e-05 -4665.49 -0
0.107711 6 2.32857e-05 -3288.72 -0
0.107711 6 3.3036e-05 -2318.29 -0
0.107711 6 4.6869e-05 -1634.27 -0
0.107711 6 6.64944e-05 -1152.14 -0
0.107711 6 9.43373e-05 -812.304 -0
0.107711 6 0.000133839 -572.768 -0
0.107711 6 0.000189881 -403.93 -0
0.107711 6 0.000269389 -284.923 -0
0.107711 6 0.000382189 -201.04 -0
0.107711 6 0.000542222 -141.914 -0
0.107711 6 0.000769265 -100.238 -0
0.107711 6 0.00109138 -70.8626 -0
0.107711 6 0.00154837 -50.1564 -0
0.107711 6 0.00219671 -35.5607 -0
0.107711 6 0.00311653 -25.2717 -0
0.107711 6 0.0044215 -18.0179 -0
0.107711 6 0.0062729 -12.9029 -0
0.107711 6 0.00889953 -9.29453 -0
0.107711 6 0.012626 -6.74692 -0
0.107711 6 0.0179128 -4.94535 -0
0.107711 6 0.0254134 -3.66741 -0
0.107711 6 0.0360547 -2.75562 -0
0.107711 6 0.0511518 -2.09816 -0
0.107711 6 0.0725704 -1.61542 -0
0.107711 6 0.102958 -1.25069 -0
0.107711 6 0.146069 -0.964109 -0
0.107711 6 0.207231 -0.729044 -0
0.107711 6 0.294005 -0.52981 -0
0.107711 6 0.417112 -0.36042 -0
0.107711 6 0.591769 -0.222433 -0
0.107711 6 0.839558 -0.120589 -0
0.107711 6 1.1911 -0.0572334 -0
0.107711 6 1.68985 -0.0251671 -0
0.107711 6 2.39743 -0.00806194 -0
0.107711 6 3.4013 0.000988849 -0
0.107711 6 4.82552 0.00112685 -0
0.107711 6 6.8461 0.003872 -0
0.107711 6 9.71274 0.00348556 -0
0.107711 6 13.7797 0.00117533 -0
0.107711 6 19.5497 0.00221421 -0
0.107711 6 27.7356 0.000768047 -0
0.107711 6 39.3493 -4.92419e-05 -0
0.107711 6 55.8259 -0.000103731 -0
0.107711 6 79.2016 -0.000137491 -0
0.107711 6 112.365 -0.000102112 -0
0.107711 6 159.416 -6.3397e-05 -0
0.107711 6 226.168 -3.9898e-05 -0
0.107711 6 320.87 -2.80453e-05 -0
0.107711 6 455.227 -1.90097e-05 -0
0.107711 6 645.842 -1.07069e-05 -0
0.107711 6 916.274 -7.26446e-06 -0
0.107711 6 1299.94 -4.85052e-06 -0
0.107711 6 1844.26 -3.15331e-06 -0
0.107711 6 2616.5 -1.77652e-06 -0
0.107711 6 3712.11 -1.1057e-06 -0
0.107711 6 5266.46 -6.85432e-07 -0
0.107711 6 7471.67 -4.11972e-07 -0
0.107711 6 10600.3 -2.40319e-07 -0
0.107711 6 15038.9 -1.34861e-07 -0
0.107711 6 21336 -7.15409e-08 -0
0.107711 6 30270 -3.47568e-08 -0
0.107711 6 42944.9 -1.44429e-08 -0
0.107711 6 60927 -4.10964e-09 -0
0.107711 6 86438.8 4.26872e-10 -0
0.107711 6 122633 1.91935e-09 -0
0.107711 6 173983 2.4266e-09 -0
0.107711 6 246834 2.44287e-09 -0
0.107711 6 350190 1.862e-09 -0
0.107711 6 496824 1.36571e-09 -0
0.107711 6 704857 9.85678e-10 -0
0.107711 6 1e+06 3.18206e-10 -0

0.262636 6 1e-06 -31713.5 -0
0.262636 6 1.41873e-06 -22353.6 -0
0.262636 6 2.01279e-06 -15756.3 -0
0.262636 6 2.85559e-06 -11106.1 -0
0.262636 6 4.0513e-06 -7828.36 -0
0.262636 6 5.74769e-06 -5518.03 -0
0.262636 6 8.15441e-06 -3889.58 -0
0.262636 6 1.15689e-05 -2741.75 -0
0.262636 6 1.64131e-05 -1932.7 -0
0.262636 6 2.32857e-05 -1362.43 -0
0.262636 6 3.3036e-05 -960.475 -0
0.262636 6 4.6869e-05 -677.152 -0
0.262636 6 6.64944e-05 -477.45 -0
0.262636 6 9.43373e-05 -336.689 -0
0.262636 6 0.000133839 -237.472 -0
0.262636 6 0.000189881 -167.538 -0
0.262636 6 0.000269389 -118.245 -0
0.262636 6 0.000382189 -83.5001 -0
0.262636 6 0.000542222 -59.0098 -0
0.262636 6 0.000769265 -41.7474 -0
0.262636 6 0.00109138 -29.5796 -0
0.262636 6 0.00154837 -21.0026 -0
0.262636 6 0.00219671 -14.9565 -0
0.262636 6 0.00311653 -10.6941 -0
0.262636 6 0.0044215 -7.6886 -0
0.262636 6 0.0062729 -5.56858 -0
0.262636 6 0.00889953 -4.07207 -0
0.262636 6 0.012626 -3.01416 -0
0.262636 6 0.0179128 -2.2642 -0
0.262636 6 0.0254134 -1.72967 -0
0.262636 6 0.0360547 -1.34483 -0
0.262636 6 0.0511518 -1.06273 -0
0.262636 6 0.0725704 -0.849667 -0
0.262636 6 0.102958 -0.681443 -0
0.262636 6 0.146069 -0.541063 -0
0.262636 6 0.207231 -0.417595 -0
0.262636 6 0.294005 -0.305737 -0
0.262636 6 0.417112 -0.205686 -0
0.262636 6 0.591769 -0.122056 -0
0.262636 6 0.839558 -0.0607174 -0
0.262636 6 1.1911 -0.0244076 -0
0.262636 6 1.68985 -0.00843858 -0
0.262636 6 2.39743 -0.0019396 -0
0.262636 6 3.4013 0.000983934 -0
0.262636 6 4.82552 0.000570088 -0
0.262636 6 6.8461 0.00156315 -0
0.262636 6 9.71274 0.00138825 -0
0.262636 6 13.7797 0.000451329 -0
0.262636 6 19.5497 0.000888246 -0
0.262636 6 27.7356 0.000305191 -0
0.262636 6 39.3493 -2.48392e-05 -0
0.262636 6 55.8259 -4.48397e-05 -0
0.262636 6 79.2016 -5.74823e-05 -0
0.262636 6 112.365 -4.2416e-05 -0
0.262636 6 159.416 -2.62667e-05 -0
0.262636 6 226.168 -1.64919e-05 -0
0.262636 6 320.87 -1.15639e-05 -0
0.262636 6 455.227 -7.82639e-06 -0
0.262636 6 645.842 -4.40576e-06 -0
0.262636 6 916.274 -2.98624e-06 -0
0.262636 6 1299.94 -1.99261e-06 -0
0.262636 6 1844.26 -1.29483e-06 -0
0.262636 6 2616.5 -7.29356e-07 -0
0.262636 6 3712.11 -4.53831e-07 -0
0.262636 6 5266.46 -2.8128e-07 -0
0.262636 6 7471.67 -1.69038e-07 -0
0.262636 6 10600.3 -9.85967e-08 -0
0.262636 6 15038.9 -5.53264e-08 -0
0.262636 6 21336 -2.9348e-08 -0
0.262636 6 30270 -1.42579e-08 -0
0.262636 6 42944.9 -5.92481e-09 -0
0.262636 6 60927 -1.6861e-09 -0
0.262636 6 86438.8 1.74779e-10 -0
0.262636 6 122633 7.87032e-10 -0
0.262636 6 173983 9.95132e-10 -0
0.262636 6 246834 1.00183e-09 -0
0.262636 6 350190 7.63621e-10 -0
0.262636 6 496824 5.60092e-10 -0
0.262636 6 704857 4.04238e-10 -0
0.262636 6 1e+06 1.305e-10 -0

0.6404 6 1e-06 -13010.6 -0
0.6404 6 1.41873e-06 -9170.7 -0
0.6404 6 2.01279e-06 -6464.15 -0
0.6404 6 2.85559e-06 -4556.42 -0
0.6404 6 4.0513e-06 -3211.74 -0
0.6404 6 5.74769e-06 -2263.93 -0
0.6404 6 8.15441e-06 -1595.86 -0
0.6404 6 1.15689e-05 -1124.97 -0
0.6404 6 1.64131e-05 -793.056 -0
0.6404 6 2.32857e-05 -559.105 -0
0.6404 6 3.3036e-05 -394.203 -0
0.6404 6 4.6869e-05 -277.97 -0
0.6404 6 6.64944e-05 -196.043 -0
0.6404 6 9.43373e-05 -138.296 -0
0.6404 6 0.000133839 -97.5923 -0
0.6404 6 0.000189881 -68.9021 -0
0.6404 6 0.000269389 -48.6796 -0
0.6404 6 0.000382189 -34.4255 -0
0.6404 6 0.000542222 -24.3783 -0
0.6404 6 0.000769265 -17.2963 -0
0.6404 6 0.00109138 -12.3043 -0
0.6404 6 0.00154837 -8.78535 -0
0.6404 6 0.00219671 -6.3046 -0
0.6404 6 0.00311653 -4.55545 -0
0.6404 6 0.0044215 -3.32173 -0
0.6404 6 0.0062729 -2.45099 -0
0.6404 6 0.00889953 -1.83562 -0
0.6404 6 0.012626 -1.39962 -0
0.6404 6 0.0179128 -1.08916 -0
0.6404 6 0.0254134 -0.865985 -0
0.6404 6 0.0360547 -0.702748 -0
0.6404 6 0.0511518 -0.57972 -0
0.6404 6 0.0725704 -0.48254 -0
0.6404 6 0.102958 -0.400754 -0
0.6404 6 0.146069 -0.327028 -0
0.6404 6 0.207231 -0.256959 -0
0.6404 6 0.294005 -0.189257 -0
0.6404 6 0.417112 -0.125981 -0
0.6404 6 0.591769 -0.0719562 -0
0.6404 6 0.839558 -0.0325099 -0
0.6404 6 1.1911 -0.0101376 -0
0.6404 6 1.68985 -0.00169506 -0
0.6404 6 2.39743 0.000404783 -0
0.6404 6 3.4013 0.000906197 -0
0.6404 6 4.82552 0.000322222 -0
0.6404 6 6.8461 0.000612428 -0
0.6404 6 9.71274 0.000528271 -0
0.6404 6 13.7797 0.000154941 -0
0.6404 6 19.5497 0.000344728 -0
0.6404 6 27.7356 0.000115484 -0
0.6404 6 39.3493 -1.47834e-05 -0
0.6404 6 55.8259 -2.06692e-05 -0
0.6404 6 79.2016 -2.46626e-05 -0
0.6404 6 112.365 -1.7931e-05 -0
0.6404 6 159.416 -1.10379e-05 -0
0.6404 6 226.168 -6.89226e-06 -0
0.6404 6 320.87 -4.80446e-06 -0
0.6404 6 455.227 -3.2399e-06 -0
0.6404 6 645.842 -1.82154e-06 -0
0.6404 6 916.274 -1.23167e-06 -0
0.6404 6 1299.94 -8.20545e-07 -0
0.6404 6 1844.26 -5.32647e-07 -0
0.6404 6 2616.5 -2.99899e-07 -0
0.6404 6 3712.11 -1.86492e-07 -0
0.6404 6 5266.46 -1.15532e-07 -0
0.6404 6 7471.67 -6.94073e-08 -0
0.6404 6 10600.3 -4.04746e-08 -0
0.6404 6 15038.9 -2.2708e-08 -0
0.6404 6 21336 -1.20442e-08 -0
0.6404 6 30270 -5.85101e-09 -0
0.6404 6 42944.9 -2.43145e-09 -0
0.6404 6 60927 -6.9218e-10 -0
0.6404 6 86438.8 7.13922e-11 -0
0.6404 6 122633 3.22655e-10 -0
0.6404 6 173983 4.0807e-10 -0
0.6404 6 246834 4.10847e-10 -0
0.6404 6 350190 3.13164e-10 -0
0.6404 6 496824 2.29698e-10 -0
0.6404 6 704857 1.65782e-10 -0
0.6404 6 1e+06 5.35196e-11 -0

1.56152 6 1e-06 -4956.57 -0
1.56152 6 1.41873e-06 -3493.74 -0
1.56152 6 2.01279e-06 -2462.65 -0
1.56152 6 2.85559e-06 -1735.87 -0
1.56152 6 4.0513e-06 -1223.6 -0
1.56152 6 5.74769e-06 -862.525 -0
1.56152 6 8.15441e-06 -608.017 -0
1.56152 6 1.15689e-05 -428.625 -0
1.56152 6 1.64131e-05 -302.179 -0
1.56152 6 2.32857e-05 -213.053 -0
1.56152 6 3.3036e-05 -150.231 -0
1.56152 6 4.6869e-05 -105.951 -0
1.56152 6 6.64944e-05 -74.7402 -0
1.56152 6 9.43373e-05 -52.7408 -0
1.56152 6 0.000133839 -37.2343 -0
1.56152 6 0.000189881 -26.3045 -0
1.56152 6 0.000269389 -18.6005 -0
1.56152 6 0.000382189 -13.1702 -0
1.56152 6 0.000542222 -9.34256 -0
1.56152 6 0.000769265 -6.64456 -0
1.56152 6 0.00109138 -4.74275 -0
1.56152 6 0.00154837 -3.4021 -0
1.56152 6 0.00219671 -2.45692 -0
1.56152 6 0.00311653 -1.7904 -0
1.56152 6 0.0044215 -1.32018 -0
1.56152 6 0.0062729 -0.988145 -0
1.56152 6 0.00889953 -0.753273 -0
1.56152 6 0.012626 -0.586552 -0
1.56152 6 0.0179128 -0.467407 -0
1.56152 6 0.0254134 -0.381173 -0
1.56152 6 0.0360547 -0.317311 -0
1.56152 6 0.0511518 -0.268153 -0
1.56152 6 0.0725704 -0.228052 -0
1.56152 6 0.102958 -0.192844 -0
1.56152 6 0.146069 -0.159596 -0
1.56152 6 0.207231 -0.126613 -0
1.56152 6 0.294005 -0.0936267 -0
1.56152 6 0.417112 -0.0620012 -0
1.56152 6 0.591769 -0.0345235 -0
1.56152 6 0.839558 -0.0143072 -0
1.56152 6 1.1911 -0.00303751 -0
1.56152 6 1.68985 0.000686516 -0
1.56152 6 2.39743 0.000996315 -0
1.56152 6 3.4013 0.000722578 -0
1.56152 6 4.82552 0.000187172 -0
1.56152 6 6.8461 0.000218416 -0
1.56152 6 9.71274 0.000176488 -0
1.56152 6 13.7797 3.46644e-05 -0
1.56152 6 19.5497 0.000122469 -0
1.56152 6 27.7356 3.79947e-05 -0
1.56152 6 39.3493 -1.05326e-05 -0
1.56152 6 55.8259 -1.0706e-05 -0
1.56152 6 79.2016 -1.11831e-05 -0
1.56152 6 112.365 -7.88158e-06 -0
1.56152 6 159.416 -4.7892e-06 -0
1.56152 6 226.168 -2.95409e-06 -0
1.56152 6 320.87 -2.03184e-06 -0
1.56152 6 455.227 -1.35873e-06 -0
1.56152 6 645.842 -7.61649e-07 -0
1.56152 6 916.274 -5.12077e-07 -0
1.56152 6 1299.94 -3.39855e-07 -0
1.56152 6 1844.26 -2.20061e-07 -0
1.56152 6 2616.5 -1.23772e-07 -0
1.56152 6 3712.11 -7.68528e-08 -0
1.56152 6 5266.46 -4.75561e-08 -0
1.56152 6 7471.67 -2.85475e-08 -0
1.56152 6 10600.3 -1.66379e-08 -0
1.56152 6 15038.9 -9.33082e-09 -0
1.56152 6 21336 -4.94768e-09 -0
1.56152 6 30270 -2.40325e-09 -0
1.56152 6 42944.9 -9.98778e-10 -0
1.56152 6 60927 -2.8456e-10 -0
1.56152 6 86438.8 2.89921e-11 -0
1.56152 6 122633 1.32209e-10 -0
1.56152 6 173983 1.67308e-10 -0
1.56152 6 246834 1.68476e-10 -0
1.56152 6 350190 1.28426e-10 -0
1.56152 6 496824 9.41998e-11 -0
1.56152 6 704857 6.79886e-11 -0
1.56152 6 1e+06 2.19488e-11 -0

3.80755 6 1e-06 -1591.71 -0
3.80755 6 1.41873e-06 -1121.94 -0
3.80755 6 2.01279e-06 -790.822 -0
3.80755 6 2.85559e-06 -557.429 -0
3.80755 6 4.0513e-06 -392.92 -0
3.80755 6 5.74769e-06 -276.965 -0
3.80755 6 8.15441e-06 -195.233 -0
3.80755 6 1.15689e-05 -137.624 -0
3.80755 6 1.64131e-05 -97.0174 -0
3.80755 6 2.32857e-05 -68.3957 -0
3.80755 6 3.3036e-05 -48.2215 -0
3.80755 6 4.6869e-05 -34.0016 -0
3.80755 6 6.64944e-05 -23.9785 -0
3.80755 6 9.43373e-05 -16.9137 -0
3.80755 6 0.000133839 -11.934 -0
3.80755 6 0.000189881 -8.42406 -0
3.80755 6 0.000269389 -5.95002 -0
3.80755 6 0.000382189 -4.20617 -0
3.80755 6 0.000542222 -2.97699 -0
3.80755 6 0.000769265 -2.11058 -0
3.80755 6 0.00109138 -1.49987 -0
3.80755 6 0.00154837 -1.06937 -0
3.80755 6 0.00219671 -0.765888 -0
3.80755 6 0.00311653 -0.551916 -0
3.80755 6 0.0044215 -0.401012 -0
3.80755 6 0.0062729 -0.294526 -0
3.80755 6 0.00889953 -0.2193 -0
3.80755 6 0.012626 -0.166041 -0
3.80755 6 0.0179128 -0.128171 -0
3.80755 6 0.0254134 -0.101022 -0
3.80755 6 0.0360547 -0.0812612 -0
3.80755 6 0.0511518 -0.0664888 -0
3.80755 6 0.0725704 -0.0549608 -0
3.80755 6 0.102958 -0.0454039 -0
3.80755 6 0.146069 -0.0369096 -0
3.80755 6 0.207231 -0.0288971 -0
3.80755 6 0.294005 -0.0211285 -0
3.80755 6 0.417112 -0.0137477 -0
3.80755 6 0.591769 -0.00727076 -0
3.80755 6 0.839558 -0.00241813 -0
3.80755 6 1.1911 0.000241589 -0
3.80755 6 1.68985 0.000884649 -0
3.80755 6 2.39743 0.000667943 -0
3.80755 6 3.4013 0.000404997 -0
3.80755 6 4.82552 7.56778e-05 -0
3.80755 6 6.8461 5.07413e-05 -0
3.80755 6 9.71274 3.52747e-05 -0
3.80755 6 13.7797 -1.15739e-05 -0
3.80755 6 19.5497 3.28967e-05 -0
3.80755 6 27.7356 6.90945e-06 -0
3.80755 6 39.3493 -8.50941e-06 -0
3.80755 6 55.8259 -6.50895e-06 -0
3.80755 6 79.2016 -5.61239e-06 -0
3.80755 6 112.365 -3.74384e-06 -0
3.80755 6 159.416 -2.2203e-06 -0
3.80755 6 226.168 -1.33664e-06 -0
3.80755 6 320.87 -8.93883e-07 -0
3.80755 6 455.227 -5.86917e-07 -0
3.80755 6 645.842 -3.2686e-07 -0
3.80755 6 916.274 -2.16923e-07 -0
3.80755 6 1299.94 -1.42704e-07 -0
3.80755 6 1844.26 -9.18603e-08 -0
3.80755 6 2616.5 -5.15386e-08 -0
3.80755 6 3712.11 -3.18876e-08 -0
3.80755 6 5266.46 -1.96782e-08 -0
3.80755 6 7471.67 -1.17903e-08 -0
3.80755 6 10600.3 -6.86216e-09 -0
3.80755 6 15038.9 -3.84465e-09 -0
3.80755 6 21336 -2.0373e-09 -0
3.80755 6 30270 -9.89273e-10 -0
3.80755 6 42944.9 -4.1122e-10 -0
3.80755 6 60927 -1.1739e-10 -0
3.80755 6 86438.8 1.16034e-11 -0
3.80755 6 122633 5.4104e-11 -0
3.80755 6 173983 6.85691e-11 -0
3.80755 6 246834 6.90761e-11 -0
3.80755 6 350190 5.26623e-11 -0
3.80755 6 496824 3.86301e-11 -0
3.80755 6 704857 2.78822e-11 -0
3.80755 6 1e+06 9.00127e-12 -0

9.28415 6 1e-06 -451.922 -0
9.28415 6 1.41873e-06 -318.541 -0
9.28415 6 2.01279e-06 -224.526 -0
9.28415 6 2.85559e-06 -158.259 -0
9.28415 6 4.0513e-06 -111.55 -0
9.28415 6 5.74769e-06 -78.6272 -0
9.28415 6 8.15441e-06 -55.4212 -0
9.28415 6 1.15689e-05 -39.0642 -0
9.28415 6 1.64131e-05 -27.5349 -0
9.28415 6 2.32857e-05 -19.4084 -0
9.28415 6 3.3036e-05 -13.6803 -0
9.28415 6 4.6869e-05 -9.64289 -0
9.28415 6 6.64944e-05 -6.79707 -0
9.28415 6 9.43373e-05 -4.79116 -0
9.28415 6 0.000133839 -3.37729 -0
9.28415 6 0.000189881 -2.38071 -0
9.28415 6 0.000269389 -1.67826 -0
9.28415 6 0.000382189 -1.18314 -0
9.28415 6 0.000542222 -0.834142 -0
9.28415 6 0.000769265 -0.588151 -0
9.28415 6 0.00109138 -0.414762 -0
9.28415 6 0.00154837 -0.292547 -0
9.28415 6 0.00219671 -0.206401 -0
9.28415 6 0.00311653 -0.145679 -0
9.28415 6 0.0044215 -0.102877 -0
9.28415 6 0.0062729 -0.0727036 -0
9.28415 6 0.00889953 -0.0514311 -0
9.28415 6 0.012626 -0.0364305 -0
9.28415 6 0.0179128 -0.0258479 -0
9.28415 6 0.0254134 -0.0183757 -0
9.28415 6 0.0360547 -0.013091 -0
9.28415 6 0.0511518 -0.00934134 -0
9.28415 6 0.0725704 -0.00666502 -0
9.28415 6 0.102958 -0.00473439 -0
9.28415 6 0.146069 -0.00331652 -0
9.28415 6 0.207231 -0.00224675 -0
9.28415 6 0.294005 -0.00141159 -0
9.28415 6 0.417112 -0.000740562 -0
9.28415 6 0.591769 -0.000207917 -0
9.28415 6 0.839558 0.000162109 -0
9.28415 6 1.1911 0.000309678 -0
9.28415 6 1.68985 0.000243874 -0
9.28415 6 2.39743 0.000143793 -0
9.28415 6 3.4013 8.87476e-05 -0
9.28415 6 4.82552 -1.74616e-05 -0
9.28415 6 6.8461 -1.98811e-05 -0
9.28415 6 9.71274 -1.56027e-05 -0
9.28415 6 13.7797 -2.45229e-05 -0
9.28415 6 19.5497 -6.29272e-07 -0
9.28415 6 27.7356 -4.40847e-06 -0
9.28415 6 39.3493 -7.09216e-06 -0
9.28415 6 55.8259 -4.55027e-06 -0
9.28415 6 79.2016 -3.2356e-06 -0
9.28415 6 112.365 -2.0112e-06 -0
9.28415 6 159.416 -1.15308e-06 -0
9.28415 6 226.168 -6.68189e-07 -0
9.28415 6 320.87 -4.25303e-07 -0
9.28415 6 455.227 -2.69694e-07 -0
9.28415 6 645.842 -1.48297e-07 -0
9.28415 6 916.274 -9.5786e-08 -0
9.28415 6 1299.94 -6.18179e-08 -0
9.28415 6 1844.26 -3.92721e-08 -0
9.28415 6 2616.5 -2.19106e-08 -0
9.28415 6 3712.11 -1.34454e-08 -0
9.28415 6 5266.46 -8.2447e-09 -0
9.28415 6 7471.67 -4.91781e-09 -0
9.28415 6 10600.3 -2.85295e-09 -0
9.28415 6 15038.9 -1.59468e-09 -0
9.28415 6 21336 -8.43718e-10 -0
9.28415 6 30270 -4.09384e-10 -0
9.28415 6 42944.9 -1.70255e-10 -0
9.28415 6 60927 -4.8831e-11 -0
9.28415 6 86438.8 4.47202e-12 -0
9.28415 6 122633 2.20723e-11 -0
9.28415 6 173983 2.80748e-11 -0
9.28415 6 246834 2.8311e-11 -0
9.28415 6 350190 2.15908e-11 -0
9.28415 6 496824 1.58403e-11 -0
9.28415 6 704857 1.1434e-11 -0
9.28415 6 1e+06 3.69131e-12 -0

22.638 6 1e-06 -131.275 -0
22.638 6 1.41873e-06 -92.5303 -0
22.638 6 2.01279e-06 -65.2207 -0
22.638 6 2.85559e-06 -45.9712 -0
22.638 6 4.0513e-06 -32.4031 -0
22.638 6 5.74769e-06 -22.8396 -0
22.638 6 8.15441e-06 -16.0986 -0
22.638 6 1.15689e-05 -11.3472 -0
22.638 6 1.64131e-05 -7.99813 -0
22.638 6 2.32857e-05 -5.63751 -0
22.638 6 3.3036e-05 -3.97361 -0
22.638 6 4.6869e-05 -2.8008 -0
22.638 6 6.64944e-05 -1.97414 -0
22.638 6 9.43373e-05 -1.39146 -0
22.638 6 0.000133839 -0.98075 -0
22.638 6 0.000189881 -0.69126 -0
22.638 6 0.000269389 -0.487211 -0
22.638 6 0.000382189 -0.343386 -0
22.638 6 0.000542222 -0.24201 -0
22.638 6 0.000769265 -0.170554 -0
22.638 6 0.00109138 -0.120188 -0
22.638 6 0.00154837 -0.0846868 -0
22.638 6 0.00219671 -0.0596638 -0
22.638 6 0.00311653 -0.0420263 -0
22.638 6 0.0044215 -0.0295944 -0
22.638 6 0.0062729 -0.020832 -0
22.638 6 0.00889953 -0.014656 -0
22.638 6 0.012626 -0.0103031 -0
22.638 6 0.0179128 -0.0072355 -0
22.638 6 0.0254134 -0.00507397 -0
22.638 6 0.0360547 -0.00355134 -0
22.638 6 0.0511518 -0.00247932 -0
22.638 6 0.0725704 -0.00172521 -0
22.638 6 0.102958 -0.00119544 -0
22.638 6 0.146069 -0.00082383 -0
22.638 6 0.207231 -0.000563311 -0
22.638 6 0.294005 -0.000380074 -0
22.638 6 0.417112 -0.000249757 -0
22.638 6 0.591769 -0.0001564 -0
22.638 6 0.839558 -9.37342e-05 -0
22.638 6 1.1911 -6.40716e-05 -0
22.638 6 1.68985 -6.16825e-05 -0
22.638 6 2.39743 -5.46686e-05 -0
22.638 6 3.4013 -3.67941e-05 -0
22.638 6 4.82552 -4.56516e-05 -0
22.638 6 6.8461 -3.46247e-05 -0
22.638 6 9.71274 -2.3862e-05 -0
22.638 6 13.7797 -2.09662e-05 -0
22.638 6 19.5497 -9.25993e-06 -0
22.638 6 27.7356 -6.66996e-06 -0
22.638 6 39.3493 -5.47708e-06 -0
22.638 6 55.8259 -3.30686e-06 -0
22.638 6 79.2016 -2.08285e-06 -0
22.638 6 112.365 -1.22914e-06 -0
22.638 6 159.416 -6.87164e-07 -0
22.638 6 226.168 -3.83224e-07 -0
22.638 6 320.87 -2.29049e-07 -0
22.638 6 455.227 -1.38066e-07 -0
22.638 6 645.842 -7.44995e-08 -0
22.638 6 916.274 -4.59003e-08 -0
22.638 6 1299.94 -2.85707e-08 -0
22.638 6 1844.26 -1.76782e-08 -0
22.638 6 2616.5 -9.75025e-09 -0
22.638 6 3712.11 -5.87867e-09 -0
22.638 6 5266.46 -3.55453e-09 -0
22.638 6 7471.67 -2.09893e-09 -0
22.638 6 10600.3 -1.20861e-09 -0
22.638 6 15038.9 -6.71908e-10 -0
22.638 6 21336 -3.54201e-10 -0
22.638 6 30270 -1.71561e-10 -0
22.638 6 42944.9 -7.14318e-11 -0
22.638 6 60927 -2.07141e-11 -0
22.638 6 86438.8 1.54736e-12 -0
22.638 6 122633 8.93568e-12 -0
22.638 6 173983 1.14675e-11 -0
22.638 6 246834 1.15928e-11 -0
22.638 6 350190 8.84792e-12 -0
22.638 6 496824 6.49387e-12 -0
22.638 6 704857 4.68842e-12 -0
22.638 6 1e+06 1.51363e-12 -0

55.1995 6 1e-06 -40.5415 -0
55.1995 6 1.41873e-06 -28.5759 -0
55.1995 6 2.01279e-06 -20.142 -0
55.1995 6 2.85559e-06 -14.1972 -0
55.1995 6 4.0513e-06 -10.007 -0
55.1995 6 5.74769e-06 -7.05353 -0
55.1995 6 8.15441e-06 -4.97174 -0
55.1995 6 1.15689e-05 -3.50438 -0
55.1995 6 1.64131e-05 -2.47009 -0
55.1995 6 2.32857e-05 -1.74107 -0
55.1995 6 3.3036e-05 -1.22721 -0
55.1995 6 4.6869e-05 -0.865017 -0
55.1995 6 6.64944e-05 -0.60972 -0
55.1995 6 9.43373e-05 -0.429773 -0
55.1995 6 0.000133839 -0.302935 -0
55.1995 6 0.000189881 -0.213533 -0
55.1995 6 0.000269389 -0.150517 -0
55.1995 6 0.000382189 -0.1061 -0
55.1995 6 0.000542222 -0.074792 -0
55.1995 6 0.000769265 -0.0527245 -0
55.1995 6 0.00109138 -0.03717 -0
55.1995 6 0.00154837 -0.0262064 -0
55.1995 6 0.00219671 -0.0184786 -0
55.1995 6 0.00311653 -0.0130316 -0
55.1995 6 0.0044215 -0.00919223 -0
55.1995 6 0.0062729 -0.00648606 -0
55.1995 6 0.00889953 -0.00457863 -0
55.1995 6 0.012626 -0.0032342 -0
55.1995 6 0.0179128 -0.00228662 -0
55.1995 6 0.0254134 -0.00161879 -0
55.1995 6 0.0360547 -0.00114815 -0
55.1995 6 0.0511518 -0.000816539 -0
55.1995 6 0.0725704 -0.000582935 -0
55.1995 6 0.102958 -0.000418418 -0
55.1995 6 0.146069 -0.000302556 -0
55.1995 6 0.207231 -0.000220867 -0
55.1995 6 0.294005 -0.000163025 -0
55.1995 6 0.417112 -0.00012163 -0
55.1995 6 0.591769 -9.15802e-05 -0
55.1995 6 0.839558 -6.99722e-05 -0
55.1995 6 1.1911 -5.5737e-05 -0
55.1995 6 1.68985 -4.70947e-05 -0
55.1995 6 2.39743 -3.84636e-05 -0
55.1995 6 3.4013 -2.84827e-05 -0
55.1995 6 4.82552 -2.52706e-05 -0
55.1995 6 6.8461 -2.0133e-05 -0
55.1995 6 9.71274 -1.43032e-05 -0
55.1995 6 13.7797 -1.1346e-05 -0
55.1995 6 19.5497 -7.2427e-06 -0
55.1995 6 27.7356 -4.82473e-06 -0
55.1995 6 39.3493 -3.48191e-06 -0
55.1995 6 55.8259 -2.16732e-06 -0
55.1995 6 79.2016 -1.33379e-06 -0
55.1995 6 112.365 -7.89057e-07 -0
55.1995 6 159.416 -4.45978e-07 -0
55.1995 6 226.168 -2.46225e-07 -0
55.1995 6 320.87 -1.40675e-07 -0
55.1995 6 455.227 -8.10311e-08 -0
55.1995 6 645.842 -4.30741e-08 -0
55.1995 6 916.274 -2.50102e-08 -0
55.1995 6 1299.94 -1.47765e-08 -0
55.1995 6 1844.26 -8.76404e-09 -0
55.1995 6 2616.5 -4.74214e-09 -0
55.1995 6 3712.11 -2.76804e-09 -0
55.1995 6 5266.46 -1.62843e-09 -0
55.1995 6 7471.67 -9.41977e-10 -0
55.1995 6 10600.3 -5.33933e-10 -0
55.1995 6 15038.9 -2.93366e-10 -0
55.1995 6 21336 -1.53413e-10 -0
55.1995 6 30270 -7.40171e-11 -0
55.1995 6 42944.9 -3.09003e-11 -0
55.1995 6 60927 -9.18231e-12 -0
55.1995 6 86438.8 3.48059e-13 -0
55.1995 6 122633 3.54819e-12 -0
55.1995 6 173983 4.6567e-12 -0
55.1995 6 246834 4.73637e-12 -0
55.1995 6 350190 3.62192e-12 -0
55.1995 6 496824 2.66078e-12 -0
55.1995 6 704857 1.92197e-12 -0
55.1995 6 1e+06 6.20532e-13 -0

134.596 6 1e-06 -13.0578 -0
134.596 6 1.41873e-06 -9.20391 -0
134.596 6 2.01279e-06 -6.48744 -0
134.596 6 2.85559e-06 -4.57273 -0
134.596 6 4.0513e-06 -3.22312 -0
134.596 6 5.74769e-06 -2.27184 -0
134.596 6 8.15441e-06 -1.60133 -0
134.596 6 1.15689e-05 -1.12871 -0
134.596 6 1.64131e-05 -0.795582 -0
134.596 6 2.32857e-05 -0.560774 -0
134.596 6 3.3036e-05 -0.395268 -0
134.596 6 4.6869e-05 -0.27861 -0
134.596 6 6.64944e-05 -0.196382 -0
134.596 6 9.43373e-05 -0.138424 -0
134.596 6 0.000133839 -0.0975711 -0
134.596 6 0.000189881 -0.0687759 -0
134.596 6 0.000269389 -0.0484794 -0
134.596 6 0.000382189 -0.0341732 -0
134.596 6 0.000542222 -0.0240894 -0
134.596 6 0.000769265 -0.0169818 -0
134.596 6 0.00109138 -0.0119719 -0
134.596 6 0.00154837 -0.00844068 -0
134.596 6 0.00219671 -0.00595166 -0
134.596 6 0.00311653 -0.00419725 -0
134.596 6 0.0044215 -0.00296065 -0
134.596 6 0.0062729 -0.00208902 -0
134.596 6 0.00889953 -0.00147466 -0
134.596 6 0.012626 -0.00104162 -0
134.596 6 0.0179128 -0.000736396 -0
134.596 6 0.0254134 -0.000521268 -0
134.596 6 0.0360547 -0.000369645 -0
134.596 6 0.0511518 -0.000262787 -0
134.596 6 0.0725704 -0.000187485 -0
134.596 6 0.102958 -0.000134425 -0
134.596 6 0.146069 -9.70366e-05 -0
134.596 6 0.207231 -7.06759e-05 -0
134.596 6 0.294005 -5.20539e-05 -0
134.596 6 0.417112 -3.88305e-05 -0
134.596 6 0.591769 -2.93627e-05 -0
134.596 6 0.839558 -2.25751e-05 -0
134.596 6 1.1911 -1.78449e-05 -0
134.596 6 1.68985 -1.46364e-05 -0
134.596 6 2.39743 -1.19653e-05 -0
134.596 6 3.4013 -9.32535e-06 -0
134.596 6 4.82552 -7.95534e-06 -0
134.596 6 6.8461 -6.73794e-06 -0
134.596 6 9.71274 -5.10607e-06 -0
134.596 6 13.7797 -4.02072e-06 -0
134.596 6 19.5497 -3.16664e-06 -0
134.596 6 27.7356 -2.226e-06 -0
134.596 6 39.3493 -1.62727e-06 -0
134.596 6 55.8259 -1.11e-06 -0
134.596 6 79.2016 -7.25712e-07 -0
134.596 6 112.365 -4.59617e-07 -0
134.596 6 159.416 -2.76948e-07 -0
134.596 6 226.168 -1.59246e-07 -0
134.596 6 320.87 -9.14774e-08 -0
134.596 6 455.227 -5.23172e-08 -0
134.596 6 645.842 -2.80621e-08 -0
134.596 6 916.274 -1.56227e-08 -0
134.596 6 1299.94 -8.80639e-09 -0
134.596 6 1844.26 -4.99032e-09 -0
134.596 6 2616.5 -2.64453e-09 -0
134.596 6 3712.11 -1.47642e-09 -0
134.596 6 5266.46 -8.32791e-10 -0
134.596 6 7471.67 -4.65465e-10 -0
134.596 6 10600.3 -2.56534e-10 -0
134.596 6 15038.9 -1.3788e-10 -0
134.596 6 21336 -7.09873e-11 -0
134.596 6 30270 -3.39876e-11 -0
134.596 6 42944.9 -1.427e-11 -0
134.596 6 60927 -4.45072e-12 -0
134.596 6 86438.8 -1.4319e-13 -0
134.596 6 122633 1.33886e-12 -0
134.596 6 173983 1.86352e-12 -0
134.596 6 246834 1.92449e-12 -0
134.596 6 350190 1.47866e-12 -0
134.596 6 496824 1.08879e-12 -0
134.596 6 704857 7.87406e-13 -0
134.596 6 1e+06 2.54263e-13 -0

328.193 6 1e-06 -4.28473 -0
328.193 6 1.41873e-06 -3.02012 -0
328.193 6 2.01279e-06 -2.12876 -0
328.193 6 2.85559e-06 -1.50047 -0
328.193 6 4.0513e-06 -1.05762 -0
328.193 6 5.74769e-06 -0.74547 -0
328.193 6 8.15441e-06 -0.525451 -0
328.193 6 1.15689e-05 -0.370368 -0
328.193 6 1.64131e-05 -0.261057 -0
328.193 6 2.32857e-05 -0.184009 -0
328.193 6 3.3036e-05 -0.1297 -0
328.193 6 4.6869e-05 -0.0914206 -0
328.193 6 6.64944e-05 -0.0644389 -0
328.193 6 9.43373e-05 -0.0454206 -0
328.193 6 0.000133839 -0.0320155 -0
328.193 6 0.000189881 -0.0225668 -0
328.193 6 0.000269389 -0.0159068 -0
328.193 6 0.000382189 -0.0112124 -0
328.193 6 0.000542222 -0.00790356 -0
328.193 6 0.000769265 -0.0055713 -0
328.193 6 0.00109138 -0.00392738 -0
328.193 6 0.00154837 -0.00276866 -0
328.193 6 0.00219671 -0.00195192 -0
328.193 6 0.00311653 -0.00137624 -0
328.193 6 0.0044215 -0.000970466 -0
328.193 6 0.0062729 -0.000684454 -0
328.193 6 0.00889953 -0.000482857 -0
328.193 6 0.012626 -0.00034076 -0
328.193 6 0.0179128 -0.000240604 -0
328.193 6 0.0254134 -0.000170009 -0
328.193 6 0.0360547 -0.000120252 -0
328.193 6 0.0511518 -8.51828e-05 -0
328.193 6 0.0725704 -6.0467e-05 -0
328.193 6 0.102958 -4.30491e-05 -0
328.193 6 0.146069 -3.07744e-05 -0
328.193 6 0.207231 -2.21229e-05 -0
328.193 6 0.294005 -1.60208e-05 -0
328.193 6 0.417112 -1.17078e-05 -0
328.193 6 0.591769 -8.64786e-06 -0
328.193 6 0.839558 -6.4733e-06 -0
328.193 6 1.1911 -4.94452e-06 -0
328.193 6 1.68985 -3.88717e-06 -0
328.193 6 2.39743 -3.094e-06 -0
328.193 6 3.4013 -2.41204e-06 -0
328.193 6 4.82552 -1.99351e-06 -0
328.193 6 6.8461 -1.70547e-06 -0
328.193 6 9.71274 -1.3445e-06 -0
328.193 6 13.7797 -1.06013e-06 -0
328.193 6 19.5497 -9.34602e-07 -0
328.193 6 27.7356 -7.05292e-07 -0
328.193 6 39.3493 -5.34561e-07 -0
328.193 6 55.8259 -4.05323e-07 -0
328.193 6 79.2016 -2.94333e-07 -0
328.193 6 112.365 -2.09208e-07 -0
328.193 6 159.416 -1.41022e-07 -0
328.193 6 226.168 -8.91939e-08 -0
328.193 6 320.87 -5.48407e-08 -0
328.193 6 455.227 -3.30046e-08 -0
328.193 6 645.842 -1.86225e-08 -0
328.193 6 916.274 -1.04174e-08 -0
328.193 6 1299.94 -5.81113e-09 -0
328.193 6 1844.26 -3.2266e-09 -0
328.193 6 2616.5 -1.70091e-09 -0
328.193 6 3712.11 -9.15358e-10 -0
328.193 6 5266.46 -4.94877e-10 -0
328.193 6 7471.67 -2.65803e-10 -0
328.193 6 10600.3 -1.41249e-10 -0
328.193 6 15038.9 -7.358e-11 -0
328.193 6 21336 -3.70013e-11 -0
328.193 6 30270 -1.75107e-11 -0
328.193 6 42944.9 -7.43039e-12 -0
328.193 6 60927 -2.50431e-12 -0
328.193 6 86438.8 -3.42921e-13 -0
328.193 6 122633 4.33271e-13 -0
328.193 6 173983 7.18124e-13 -0
328.193 6 246834 7.71326e-13 -0
328.193 6 350190 5.99695e-13 -0
328.193 6 496824 4.44094e-13 -0
328.193 6 704857 3.22109e-13 -0
328.193 6 1e+06 1.0405e-13 -0

800.25 6 1e-06 -1.4064 -0
800.25 6 1.41873e-06 -0.991312 -0
800.25 6 2.01279e-06 -0.698733 -0
800.25 6 2.85559e-06 -0.492508 -0
800.25 6 4.0513e-06 -0.347148 -0
800.25 6 5.74769e-06 -0.24469 -0
800.25 6 8.15441e-06 -0.172471 -0
800.25 6 1.15689e-05 -0.121568 -0
800.25 6 1.64131e-05 -0.085688 -0
800.25 6 2.32857e-05 -0.0603979 -0
800.25 6 3.3036e-05 -0.042572 -0
800.25 6 4.6869e-05 -0.0300073 -0
800.25 6 6.64944e-05 -0.0211509 -0
800.25 6 9.43373e-05 -0.0149084 -0
800.25 6 0.000133839 -0.0105084 -0
800.25 6 0.000189881 -0.00740699 -0
800.25 6 0.000269389 -0.00522094 -0
800.25 6 0.000382189 -0.00368009 -0
800.25 6 0.000542222 -0.00259401 -0
800.25 6 0.000769265 -0.00182847 -0
800.25 6 0.00109138 -0.00128888 -0
800.25 6 0.00154837 -0.000908549 -0
800.25 6 0.00219671 -0.000640467 -0
800.25 6 0.00311653 -0.000451507 -0
800.25 6 0.0044215 -0.000318318 -0
800.25 6 0.0062729 -0.000224439 -0
800.25 6 0.00889953 -0.000158267 -0
800.25 6 0.012626 -0.000111626 -0
800.25 6 0.0179128 -7.87505e-05 -0
800.25 6 0.0254134 -5.55783e-05 -0
800.25 6 0.0360547 -3.92456e-05 -0
800.25 6 0.0511518 -2.77338e-05 -0
800.25 6 0.0725704 -1.96201e-05 -0
800.25 6 0.102958 -1.39016e-05 -0
800.25 6 0.146069 -9.87143e-06 -0
800.25 6 0.207231 -7.03094e-06 -0
800.25 6 0.294005 -5.02841e-06 -0
800.25 6 0.417112 -3.61539e-06 -0
800.25 6 0.591769 -2.61662e-06 -0
800.25 6 0.839558 -1.90992e-06 -0
800.25 6 1.1911 -1.41223e-06 -0
800.25 6 1.68985 -1.06508e-06 -0
800.25 6 2.39743 -8.14832e-07 -0
800.25 6 3.4013 -6.18869e-07 -0
800.25 6 4.82552 -4.89377e-07 -0
800.25 6 6.8461 -4.04832e-07 -0
800.25 6 9.71274 -3.18566e-07 -0
800.25 6 13.7797 -2.47577e-07 -0
800.25 6 19.5497 -2.23585e-07 -0
800.25 6 27.7356 -1.75768e-07 -0
800.25 6 39.3493 -1.35857e-07 -0
800.25 6 55.8259 -1.10916e-07 -0
800.25 6 79.2016 -8.81829e-08 -0
800.25 6 112.365 -6.98415e-08 -0
800.25 6 159.416 -5.31574e-08 -0
800.25 6 226.168 -3.81211e-08 -0
800.25 6 320.87 -2.63252e-08 -0
800.25 6 455.227 -1.75877e-08 -0
800.25 6 645.842 -1.09299e-08 -0
800.25 6 916.274 -6.50477e-09 -0
800.25 6 1299.94 -3.79105e-09 -0
800.25 6 1844.26 -2.16405e-09 -0
800.25 6 2616.5 -1.17411e-09 -0
800.25 6 3712.11 -6.29872e-10 -0
800.25 6 5266.46 -3.34857e-10 -0
800.25 6 7471.67 -1.7579e-10 -0
800.25 6 10600.3 -9.09544e-11 -0
800.25 6 15038.9 -4.6119e-11 -0
800.25 6 21336 -2.26795e-11 -0
800.25 6 30270 -1.06223e-11 -0
800.25 6 42944.9 -4.58223e-12 -0
800.25 6 60927 -1.69235e-12 -0
800.25 6 86438.8 -4.20645e-13 -0
800.25 6 122633 6.31035e-14 -0
800.25 6 173983 2.48728e-13 -0
800.25 6 246834 2.98494e-13 -0
800.25 6 350190 2.39242e-13 -0
800.25 6 496824 1.79702e-13 -0
800.25 6 704857 1.31286e-13 -0
800.25 6 1e+06 4.24468e-14 -0

1951.29 6 1e-06 -0.455245 -0
1951.29 6 1.41873e-06 -0.320883 -0
1951.29 6 2.01279e-06 -0.226177 -0
1951.29 6 2.85559e-06 -0.159422 -0
1951.29 6 4.0513e-06 -0.11237 -0
1951.29 6 5.74769e-06 -0.0792048 -0
1951.29 6 8.15441e-06 -0.0558281 -0
1951.29 6 1.15689e-05 -0.0393509 -0
1951.29 6 1.64131e-05 -0.0277368 -0
1951.29 6 2.32857e-05 -0.0195505 -0
1951.29 6 3.3036e-05 -0.0137803 -0
1951.29 6 4.6869e-05 -0.00971317 -0
1951.29 6 6.64944e-05 -0.00684641 -0
1951.29 6 9.43373e-05 -0.00482575 -0
1951.29 6 0.000133839 -0.00340148 -0
1951.29 6 0.000189881 -0.00239757 -0
1951.29 6 0.000269389 -0.00168996 -0
1951.29 6 0.000382189 -0.00119119 -0
1951.29 6 0.000542222 -0.00083963 -0
1951.29 6 0.000769265 -0.000591831 -0
1951.29 6 0.00109138 -0.000417168 -0
1951.29 6 0.00154837 -0.000294055 -0
1951.29 6 0.00219671 -0.000207278 -0
1951.29 6 0.00311653 -0.000146113 -0
1951.29 6 0.0044215 -0.000103 -0
1951.29 6 0.0062729 -7.26118e-05 -0
1951.29 6 0.00889953 -5.11924e-05 -0
1951.29 6 0.012626 -3.60948e-05 -0
1951.29 6 0.0179128 -2.54531e-05 -0
1951.29 6 0.0254134 -1.79523e-05 -0
1951.29 6 0.0360547 -1.26654e-05 -0
1951.29 6 0.0511518 -8.93889e-06 -0
1951.29 6 0.0725704 -6.31235e-06 -0
1951.29 6 0.102958 -4.4611e-06 -0
1951.29 6 0.146069 -3.15632e-06 -0
1951.29 6 0.207231 -2.23669e-06 -0
1951.29 6 0.294005 -1.58843e-06 -0
1951.29 6 0.417112 -1.13129e-06 -0
1951.29 6 0.591769 -8.08649e-07 -0
1951.29 6 0.839558 -5.80807e-07 -0
1951.29 6 1.1911 -4.20272e-07 -0
1951.29 6 1.68985 -3.0776e-07 -0
1951.29 6 2.39743 -2.27734e-07 -0
1951.29 6 3.4013 -1.68142e-07 -0
1951.29 6 4.82552 -1.27448e-07 -0
1951.29 6 6.8461 -1.00364e-07 -0
1951.29 6 9.71274 -7.6901e-08 -0
1951.29 6 13.7797 -5.82001e-08 -0
1951.29 6 19.5497 -5.07067e-08 -0
1951.29 6 27.7356 -3.98611e-08 -0
1951.29 6 39.3493 -3.06271e-08 -0
1951.29 6 55.8259 -2.55004e-08 -0
1951.29 6 79.2016 -2.11266e-08 -0
1951.29 6 112.365 -1.78256e-08 -0
1951.29 6 159.416 -1.48696e-08 -0
1951.29 6 226.168 -1.19671e-08 -0
1951.29 6 320.87 -9.34297e-09 -0
1951.29 6 455.227 -7.05367e-09 -0
1951.29 6 645.842 -4.96026e-09 -0
1951.29 6 916.274 -3.29315e-09 -0
1951.29 6 1299.94 -2.11581e-09 -0
1951.29 6 1844.26 -1.31125e-09 -0
1951.29 6 2616.5 -7.65588e-10 -0
1951.29 6 3712.11 -4.29503e-10 -0
1951.29 6 5266.46 -2.34582e-10 -0
1951.29 6 7471.67 -1.24926e-10 -0
1951.29 6 10600.3 -6.48909e-11 -0
1951.29 6 15038.9 -3.28063e-11 -0
1951.29 6 21336 -1.60582e-11 -0
1951.29 6 30270 -7.53416e-12 -0
1951.29 6 42944.9 -3.32483e-12 -0
1951.29 6 60927 -1.33016e-12 -0
1951.29 6 86438.8 -4.43343e-13 -0
1951.29 6 122633 -8.59341e-14 -0
1951.29 6 173983 5.70295e-14 -0
1951.29 6 246834 1.04805e-13 -0
1951.29 6 350190 9.14773e-14 -0
1951.29 6 496824 7.12876e-14 -0
1951.29 6 704857 5.30309e-14 -0
1951.29 6 1e+06 1.71832e-14 -0

4757.94 6 1e-06 -0.143472 -0
4757.94 6 1.41873e-06 -0.101127 -0
4757.94 6 2.01279e-06 -0.0712805 -0
4757.94 6 2.85559e-06 -0.0502426 -0
4757.94 6 4.0513e-06 -0.0354138 -0
4757.94 6 5.74769e-06 -0.0249617 -0
4757.94 6 8.15441e-06 -0.0175944 -0
4757.94 6 1.15689e-05 -0.0124016 -0
4757.94 6 1.64131e-05 -0.00874135 -0
4757.94 6 2.32857e-05 -0.0061614 -0
4757.94 6 3.3036e-05 -0.00434291 -0
4757.94 6 4.6869e-05 -0.00306114 -0
4757.94 6 6.64944e-05 -0.00215767 -0
4757.94 6 9.43373e-05 -0.00152085 -0
4757.94 6 0.000133839 -0.00107198 -0
4757.94 6 0.000189881 -0.000755597 -0
4757.94 6 0.000269389 -0.00053259 -0
4757.94 6 0.000382189 -0.000375402 -0
4757.94 6 0.000542222 -0.000264607 -0
4757.94 6 0.000769265 -0.000186512 -0
4757.94 6 0.00109138 -0.000131466 -0
4757.94 6 0.00154837 -9.26666e-05 -0
4757.94 6 0.00219671 -6.53186e-05 -0
4757.94 6 0.00311653 -4.60421e-05 -0
4757.94 6 0.0044215 -3.24549e-05 -0
4757.94 6 0.0062729 -2.28779e-05 -0
4757.94 6 0.00889953 -1.61275e-05 -0
4757.94 6 0.012626 -1.13694e-05 -0
4757.94 6 0.0179128 -8.01566e-06 -0
4757.94 6 0.0254134 -5.65174e-06 -0
4757.94 6 0.0360547 -3.98552e-06 -0
4757.94 6 0.0511518 -2.81108e-06 -0
4757.94 6 0.0725704 -1.98329e-06 -0
4757.94 6 0.102958 -1.39982e-06 -0
4757.94 6 0.146069 -9.88582e-07 -0
4757.94 6 0.207231 -6.98723e-07 -0
4757.94 6 0.294005 -4.94409e-07 -0
4757.94 6 0.417112 -3.50363e-07 -0
4757.94 6 0.591769 -2.48765e-07 -0
4757.94 6 0.839558 -1.77084e-07 -0
4757.94 6 1.1911 -1.2657e-07 -0
4757.94 6 1.68985 -9.10746e-08 -0
4757.94 6 2.39743 -6.59507e-08 -0
4757.94 6 3.4013 -4.77155e-08 -0
4757.94 6 4.82552 -3.50714e-08 -0
4757.94 6 6.8461 -2.64625e-08 -0
4757.94 6 9.71274 -1.9672e-08 -0
4757.94 6 13.7797 -1.44877e-08 -0
4757.94 6 19.5497 -1.18923e-08 -0
4757.94 6 27.7356 -9.11244e-09 -0
4757.94 6 39.3493 -6.83772e-09 -0
4757.94 6 55.8259 -5.55462e-09 -0
4757.94 6 79.2016 -4.55536e-09 -0
4757.94 6 112.365 -3.86307e-09 -0
4757.94 6 159.416 -3.32342e-09 -0
4757.94 6 226.168 -2.83617e-09 -0
4757.94 6 320.87 -2.39161e-09 -0
4757.94 6 455.227 -1.98659e-09 -0
4757.94 6 645.842 -1.57872e-09 -0
4757.94 6 916.274 -1.19829e-09 -0
4757.94 6 1299.94 -8.81112e-10 -0
4757.94 6 1844.26 -6.19986e-10 -0
4757.94 6 2616.5 -4.07028e-10 -0
4757.94 6 3712.11 -2.51195e-10 -0
4757.94 6 5266.46 -1.48253e-10 -0
4757.94 6 7471.67 -8.39623e-11 -0
4757.94 6 10600.3 -4.57058e-11 -0
4757.94 6 15038.9 -2.39238e-11 -0
4757.94 6 21336 -1.20255e-11 -0
4757.94 6 30270 -5.78247e-12 -0
4757.94 6 42944.9 -2.63797e-12 -0
4757.94 6 60927 -1.12373e-12 -0
4757.94 6 86438.8 -4.33891e-13 -0
4757.94 6 122633 -1.41225e-13 -0
4757.94 6 173983 -1.98453e-14 -0
4757.94 6 246834 2.58738e-14 -0
4757.94 6 350190 3.10169e-14 -0
4757.94 6 496824 2.68631e-14 -0
4757.94 6 704857 2.09473e-14 -0
4757.94 6 1e+06 6.82468e-15 -0

11601.6 6 1e-06 -0.0434919 -0
11601.6 6 1.41873e-06 -0.0306556 -0
11601.6 6 2.01279e-06 -0.0216078 -0
11601.6 6 2.85559e-06 -0.0152304 -0
11601.6 6 4.0513e-06 -0.0107353 -0
11601.6 6 5.74769e-06 -0.00756684 -0
11601.6 6 8.15441e-06 -0.00533354 -0
11601.6 6 1.15689e-05 -0.00375939 -0
11601.6 6 1.64131e-05 -0.00264983 -0
11601.6 6 2.32857e-05 -0.00186775 -0
11601.6 6 3.3036e-05 -0.0013165 -0
11601.6 6 4.6869e-05 -0.000927945 -0
11601.6 6 6.64944e-05 -0.000654069 -0
11601.6 6 9.43373e-05 -0.000461026 -0
11601.6 6 0.000133839 -0.000324958 -0
11601.6 6 0.000189881 -0.000229049 -0
11601.6 6 0.000269389 -0.000161447 -0
11601.6 6 0.000382189 -0.000113798 -0
11601.6 6 0.000542222 -8.02114e-05 -0
11601.6 6 0.000769265 -5.65379e-05 -0
11601.6 6 0.00109138 -3.98515e-05 -0
11601.6 6 0.00154837 -2.80899e-05 -0
11601.6 6 0.00219671 -1.97997e-05 -0
11601.6 6 0.00311653 -1.39562e-05 -0
11601.6 6 0.0044215 -9.83745e-06 -0
11601.6 6 0.0062729 -6.93429e-06 -0
11601.6 6 0.00889953 -4.88798e-06 -0
11601.6 6 0.012626 -3.44563e-06 -0
11601.6 6 0.0179128 -2.42897e-06 -0
11601.6 6 0.0254134 -1.71238e-06 -0
11601.6 6 0.0360547 -1.20728e-06 -0
11601.6 6 0.0511518 -8.51264e-07 -0
11601.6 6 0.0725704 -6.00324e-07 -0
11601.6 6 0.102958 -4.23449e-07 -0
11601.6 6 0.146069 -2.9878e-07 -0
11601.6 6 0.207231 -2.10908e-07 -0
11601.6 6 0.294005 -1.4897e-07 -0
11601.6 6 0.417112 -1.05307e-07 -0
11601.6 6 0.591769 -7.45198e-08 -0
11601.6 6 0.839558 -5.28083e-08 -0
11601.6 6 1.1911 -3.75066e-08 -0
11601.6 6 1.68985 -2.67399e-08 -0
11601.6 6 2.39743 -1.91345e-08 -0
11601.6 6 3.4013 -1.36859e-08 -0
11601.6 6 4.82552 -9.87976e-09 -0
11601.6 6 6.8461 -7.25035e-09 -0
11601.6 6 9.71274 -5.27651e-09 -0
11601.6 6 13.7797 -3.81578e-09 -0
11601.6 6 19.5497 -2.97153e-09 -0
11601.6 6 27.7356 -2.21583e-09 -0
11601.6 6 39.3493 -1.62626e-09 -0
11601.6 6 55.8259 -1.27147e-09 -0
11601.6 6 79.2016 -1.00865e-09 -0
11601.6 6 112.365 -8.30497e-10 -0
11601.6 6 159.416 -7.03607e-10 -0
11601.6 6 226.168 -6.03605e-10 -0
11601.6 6 320.87 -5.20961e-10 -0
11601.6 6 455.227 -4.52615e-10 -0
11601.6 6 645.842 -3.88723e-10 -0
11601.6 6 916.274 -3.25136e-10 -0
11601.6 6 1299.94 -2.66653e-10 -0
11601.6 6 1844.26 -2.11069e-10 -0
11601.6 6 2616.5 -1.57279e-10 -0
11601.6 6 3712.11 -1.10072e-10 -0
11601.6 6 5266.46 -7.31901e-11 -0
11601.6 6 7471.67 -4.61893e-11 -0
11601.6 6 10600.3 -2.76364e-11 -0
11601.6 6 15038.9 -1.56738e-11 -0
11601.6 6 21336 -8.42555e-12 -0
11601.6 6 30270 -4.29068e-12 -0
11601.6 6 42944.9 -2.06567e-12 -0
11601.6 6 60927 -9.35487e-13 -0
11601.6 6 86438.8 -3.94904e-13 -0
11601.6 6 122633 -1.52559e-13 -0
11601.6 6 173983 -4.7867e-14 -0
11601.6 6 246834 -5.45534e-15 -0
11601.6 6 350190 6.51905e-15 -0
11601.6 6 496824 8.72652e-15 -0
11601.6 6 704857 7.81125e-15 -0
11601.6 6 1e+06 2.5819e-15 -0

28288.7 6 1e-06 -0.0124728 -0
28288.7 6 1.41873e-06 -0.00879153 -0
28288.7 6 2.01279e-06 -0.00619678 -0
28288.7 6 2.85559e-06 -0.00436784 -0
28288.7 6 4.0513e-06 -0.00307871 -0
28288.7 6 5.74769e-06 -0.00217005 -0
28288.7 6 8.15441e-06 -0.00152958 -0
28288.7 6 1.15689e-05 -0.00107813 -0
28288.7 6 1.64131e-05 -0.00075993 -0
28288.7 6 2.32857e-05 -0.000535642 -0
28288.7 6 3.3036e-05 -0.000377551 -0
28288.7 6 4.6869e-05 -0.00026612 -0
28288.7 6 6.64944e-05 -0.000187577 -0
28288.7 6 9.43373e-05 -0.000132215 -0
28288.7 6 0.000133839 -9.31927e-05 -0
28288.7 6 0.000189881 -6.56876e-05 -0
28288.7 6 0.000269389 -4.63004e-05 -0
28288.7 6 0.000382189 -3.26352e-05 -0
28288.7 6 0.000542222 -2.30032e-05 -0
28288.7 6 0.000769265 -1.62141e-05 -0
28288.7 6 0.00109138 -1.14286e-05 -0
28288.7 6 0.00154837 -8.05561e-06 -0
28288.7 6 0.00219671 -5.6781e-06 -0
28288.7 6 0.00311653 -4.0023e-06 -0
28288.7 6 0.0044215 -2.8211e-06 -0
28288.7 6 0.0062729 -1.98852e-06 -0
28288.7 6 0.00889953 -1.40167e-06 -0
28288.7 6 0.012626 -9.88024e-07 -0
28288.7 6 0.0179128 -6.96464e-07 -0
28288.7 6 0.0254134 -4.90955e-07 -0
28288.7 6 0.0360547 -3.46101e-07 -0
28288.7 6 0.0511518 -2.44e-07 -0
28288.7 6 0.0725704 -1.72034e-07 -0
28288.7 6 0.102958 -1.21308e-07 -0
28288.7 6 0.146069 -8.55542e-08 -0
28288.7 6 0.207231 -6.0353e-08 -0
28288.7 6 0.294005 -4.25897e-08 -0
28288.7 6 0.417112 -3.00682e-08 -0
28288.7 6 0.591769 -2.12406e-08 -0
28288.7 6 0.839558 -1.50166e-08 -0
28288.7 6 1.1911 -1.06298e-08 -0
28288.7 6 1.68985 -7.541e-09 -0
28288.7 6 2.39743 -5.36115e-09 -0
28288.7 6 3.4013 -3.80995e-09 -0
28288.7 6 4.82552 -2.7223e-09 -0
28288.7 6 6.8461 -1.96478e-09 -0
28288.7 6 9.71274 -1.41067e-09 -0
28288.7 6 13.7797 -1.00824e-09 -0
28288.7 6 19.5497 -7.56254e-10 -0
28288.7 6 27.7356 -5.5159e-10 -0
28288.7 6 39.3493 -3.97479e-10 -0
28288.7 6 55.8259 -2.99569e-10 -0
28288.7 6 79.2016 -2.28663e-10 -0
28288.7 6 112.365 -1.8029e-10 -0
28288.7 6 159.416 -1.46634e-10 -0
28288.7 6 226.168 -1.21926e-10 -0
28288.7 6 320.87 -1.03161e-10 -0
28288.7 6 455.227 -8.92381e-11 -0
28288.7 6 645.842 -7.82294e-11 -0
28288.7 6 916.274 -6.80873e-11 -0
28288.7 6 1299.94 -5.92107e-11 -0
28288.7 6 1844.26 -5.07794e-11 -0
28288.7 6 2616.5 -4.21081e-11 -0
28288.7 6 3712.11 -3.33789e-11 -0
28288.7 6 5266.46 -2.53725e-11 -0
28288.7 6 7471.67 -1.83487e-11 -0
28288.7 6 10600.3 -1.25328e-11 -0
28288.7 6 15038.9 -8.04408e-12 -0
28288.7 6 21336 -4.83545e-12 -0
28288.7 6 30270 -2.71788e-12 -0
28288.7 6 42944.9 -1.4278e-12 -0
28288.7 6 60927 -7.00954e-13 -0
28288.7 6 86438.8 -3.21456e-13 -0
28288.7 6 122633 -1.37465e-13 -0
28288.7 6 173983 -5.29345e-14 -0
28288.7 6 246834 -1.63112e-14 -0
28288.7 6 350190 -2.93782e-15 -0
28288.7 6 496824 1.45665e-15 -0
28288.7 6 704857 2.46978e-15 -0
28288.7 6 1e+06 8.53352e-16 -0

68977.9 6 1e-06 -0.00334479 -0
68977.9 6 1.41873e-06 -0.0023576 -0
68977.9 6 2.01279e-06 -0.00166177 -0
68977.9 6 2.85559e-06 -0.00117131 -0
68977.9 6 4.0513e-06 -0.000825607 -0
68977.9 6 5.74769e-06 -0.000581935 -0
68977.9 6 8.15441e-06 -0.000410181 -0
68977.9 6 1.15689e-05 -0.000289119 -0
68977.9 6 1.64131e-05 -0.000203788 -0
68977.9 6 2.32857e-05 -0.000143641 -0
68977.9 6 3.3036e-05 -0.000101247 -0
68977.9 6 4.6869e-05 -7.13645e-05 -0
68977.9 6 6.64944e-05 -5.03018e-05 -0
68977.9 6 9.43373e-05 -3.54556e-05 -0
68977.9 6 0.000133839 -2.49912e-05 -0
68977.9 6 0.000189881 -1.76152e-05 -0
68977.9 6 0.000269389 -1.24162e-05 -0
68977.9 6 0.000382189 -8.75167e-06 -0
68977.9 6 0.000542222 -6.16869e-06 -0
68977.9 6 0.000769265 -4.34805e-06 -0
68977.9 6 0.00109138 -3.06477e-06 -0
68977.9 6 0.00154837 -2.16023e-06 -0
68977.9 6 0.00219671 -1.52266e-06 -0
68977.9 6 0.00311653 -1.07327e-06 -0
68977.9 6 0.0044215 -7.56507e-07 -0
68977.9 6 0.0062729 -5.33237e-07 -0
68977.9 6 0.00889953 -3.75864e-07 -0
68977.9 6 0.012626 -2.64938e-07 -0
68977.9 6 0.0179128 -1.86751e-07 -0
68977.9 6 0.0254134 -1.3164e-07 -0
68977.9 6 0.0360547 -9.2795e-08 -0
68977.9 6 0.0511518 -6.54148e-08 -0
68977.9 6 0.0725704 -4.61158e-08 -0
68977.9 6 0.102958 -3.25127e-08 -0
68977.9 6 0.146069 -2.29246e-08 -0
68977.9 6 0.207231 -1.61664e-08 -0
68977.9 6 0.294005 -1.14028e-08 -0
68977.9 6 0.417112 -8.04498e-09 -0
68977.9 6 0.591769 -5.67792e-09 -0
68977.9 6 0.839558 -4.00917e-09 -0
68977.9 6 1.1911 -2.83301e-09 -0
68977.9 6 1.68985 -2.00452e-09 -0
68977.9 6 2.39743 -1.42011e-09 -0
68977.9 6 3.4013 -1.00572e-09 -0
68977.9 6 4.82552 -7.14588e-10 -0
68977.9 6 6.8461 -5.10927e-10 -0
68977.9 6 9.71274 -3.63991e-10 -0
68977.9 6 13.7797 -2.58419e-10 -0
68977.9 6 19.5497 -1.89359e-10 -0
68977.9 6 27.7356 -1.36134e-10 -0
68977.9 6 39.3493 -9.69426e-11 -0
68977.9 6 55.8259 -7.11528e-11 -0
68977.9 6 79.2016 -5.26742e-11 -0
68977.9 6 112.365 -3.99481e-11 -0
68977.9 6 159.416 -3.11013e-11 -0
68977.9 6 226.168 -2.47626e-11 -0
68977.9 6 320.87 -2.01283e-11 -0
68977.9 6 455.227 -1.68406e-11 -0
68977.9 6 645.842 -1.44827e-11 -0
68977.9 6 916.274 -1.25432e-11 -0
68977.9 6 1299.94 -1.10297e-11 -0
68977.9 6 1844.26 -9.76398e-12 -0
68977.9 6 2616.5 -8.59085e-12 -0
68977.9 6 3712.11 -7.38947e-12 -0
68977.9 6 5266.46 -6.21604e-12 -0
68977.9 6 7471.67 -5.0611e-12 -0
68977.9 6 10600.3 -3.94258e-12 -0
68977.9 6 15038.9 -2.9067e-12 -0
68977.9 6 21336 -2.0086e-12 -0
68977.9 6 30270 -1.2913e-12 -0
68977.9 6 42944.9 -7.68903e-13 -0
68977.9 6 60927 -4.23501e-13 -0
68977.9 6 86438.8 -2.16121e-13 -0
68977.9 6 122633 -1.02579e-13 -0
68977.9 6 173983 -4.48325e-14 -0
68977.9 6 246834 -1.7375e-14 -0
68977.9 6 350190 -5.75515e-15 -0
68977.9 6 496824 -1.20848e-15 -0
68977.9 6 704857 3.68163e-16 -0
68977.9 6 1e+06 1.67127e-16 -0

168192 6 1e-06 -0.00082781 -0
168192 6 1.41873e-06 -0.000583488 -0
168192 6 2.01279e-06 -0.000411276 -0
168192 6 2.85559e-06 -0.000289891 -0
168192 6 4.0513e-06 -0.000204332 -0
168192 6 5.74769e-06 -0.000144025 -0
168192 6 8.15441e-06 -0.000101517 -0
168192 6 1.15689e-05 -7.15549e-05 -0
168192 6 1.64131e-05 -5.0436e-05 -0
168192 6 2.32857e-05 -3.55502e-05 -0
168192 6 3.3036e-05 -2.50578e-05 -0
168192 6 4.6869e-05 -1.76622e-05 -0
168192 6 6.64944e-05 -1.24493e-05 -0
168192 6 9.43373e-05 -8.775e-06 -0
168192 6 0.000133839 -6.18513e-06 -0
168192 6 0.000189881 -4.35963e-06 -0
168192 6 0.000269389 -3.07292e-06 -0
168192 6 0.000382189 -2.16597e-06 -0
168192 6 0.000542222 -1.5267e-06 -0
168192 6 0.000769265 -1.07611e-06 -0
168192 6 0.00109138 -7.58505e-07 -0
168192 6 0.00154837 -5.34639e-07 -0
168192 6 0.00219671 -3.76845e-07 -0
168192 6 0.00311653 -2.65623e-07 -0
168192 6 0.0044215 -1.87228e-07 -0
168192 6 0.0062729 -1.3197e-07 -0
168192 6 0.00889953 -9.30211e-08 -0
168192 6 0.012626 -6.55678e-08 -0
168192 6 0.0179128 -4.62171e-08 -0
168192 6 0.0254134 -3.25776e-08 -0
168192 6 0.0360547 -2.29637e-08 -0
168192 6 0.0511518 -1.61873e-08 -0
168192 6 0.0725704 -1.14109e-08 -0
168192 6 0.102958 -8.04425e-09 -0
168192 6 0.146069 -5.67125e-09 -0
168192 6 0.207231 -3.99862e-09 -0
168192 6 0.294005 -2.81966e-09 -0
168192 6 0.417112 -1.98863e-09 -0
168192 6 0.591769 -1.40283e-09 -0
168192 6 0.839558 -9.89874e-10 -0
168192 6 1.1911 -6.98809e-10 -0
168192 6 1.68985 -4.9374e-10 -0
168192 6 2.39743 -3.49123e-10 -0
168192 6 3.4013 -2.46774e-10 -0
168192 6 4.82552 -1.74793e-10 -0
168192 6 6.8461 -1.24317e-10 -0
168192 6 9.71274 -8.81708e-11 -0
168192 6 13.7797 -6.23556e-11 -0
168192 6 19.5497 -4.50608e-11 -0
168192 6 27.7356 -3.21066e-11 -0
168192 6 39.3493 -2.26928e-11 -0
168192 6 55.8259 -1.63679e-11 -0
168192 6 79.2016 -1.18605e-11 -0
168192 6 112.365 -8.73551e-12 -0
168192 6 159.416 -6.557e-12 -0
168192 6 226.168 -5.00866e-12 -0
168192 6 320.87 -3.89379e-12 -0
168192 6 455.227 -3.11182e-12 -0
168192 6 645.842 -2.56696e-12 -0
168192 6 916.274 -2.14778e-12 -0
168192 6 1299.94 -1.84287e-12 -0
168192 6 1844.26 -1.61564e-12 -0
168192 6 2616.5 -1.43765e-12 -0
168192 6 3712.11 -1.27422e-12 -0
168192 6 5266.46 -1.12678e-12 -0
168192 6 7471.67 -9.85435e-13 -0
168192 6 10600.3 -8.42778e-13 -0
168192 6 15038.9 -6.96238e-13 -0
168192 6 21336 -5.48387e-13 -0
168192 6 30270 -4.06649e-13 -0
168192 6 42944.9 -2.80903e-13 -0
168192 6 60927 -1.79489e-13 -0
168192 6 86438.8 -1.05833e-13 -0
168192 6 122633 -5.76949e-14 -0
168192 6 173983 -2.89313e-14 -0
168192 6 246834 -1.30856e-14 -0
168192 6 350190 -5.28167e-15 -0
168192 6 496824 -1.77769e-15 -0
168192 6 704857 -3.38149e-16 -0
168192 6 1e+06 -7.36002e-17 -0

410113 6 1e-06 -0.000187348 -0
410113 6 1.41873e-06 -0.000132054 -0
410113 6 2.01279e-06 -9.30792e-05 -0
410113 6 2.85559e-06 -6.56076e-05 -0
410113 6 4.0513e-06 -4.6244e-05 -0
410113 6 5.74769e-06 -3.25954e-05 -0
410113 6 8.15441e-06 -2.29751e-05 -0
410113 6 1.15689e-05 -1.61942e-05 -0
410113 6 1.64131e-05 -1.14146e-05 -0
410113 6 2.32857e-05 -8.04566e-06 -0
410113 6 3.3036e-05 -5.67104e-06 -0
410113 6 4.6869e-05 -3.99728e-06 -0
410113 6 6.64944e-05 -2.81751e-06 -0
410113 6 9.43373e-05 -1.98594e-06 -0
410113 6 0.000133839 -1.39981e-06 -0
410113 6 0.000189881 -9.86664e-07 -0
410113 6 0.000269389 -6.95458e-07 -0
410113 6 0.000382189 -4.90199e-07 -0
410113 6 0.000542222 -3.4552e-07 -0
410113 6 0.000769265 -2.43543e-07 -0
410113 6 0.00109138 -1.71663e-07 -0
410113 6 0.00154837 -1.20998e-07 -0
410113 6 0.00219671 -8.52866e-08 -0
410113 6 0.00311653 -6.01151e-08 -0
410113 6 0.0044215 -4.23727e-08 -0
410113 6 0.0062729 -2.98669e-08 -0
410113 6 0.00889953 -2.10521e-08 -0
410113 6 0.012626 -1.48389e-08 -0
410113 6 0.0179128 -1.04595e-08 -0
410113 6 0.0254134 -7.37261e-09 -0
410113 6 0.0360547 -5.19681e-09 -0
410113 6 0.0511518 -3.66319e-09 -0
410113 6 0.0725704 -2.5822e-09 -0
410113 6 0.102958 -1.82027e-09 -0
410113 6 0.146069 -1.28321e-09 -0
410113 6 0.207231 -9.04662e-10 -0
410113 6 0.294005 -6.3784e-10 -0
410113 6 0.417112 -4.49764e-10 -0
410113 6 0.591769 -3.1719e-10 -0
410113 6 0.839558 -2.23736e-10 -0
410113 6 1.1911 -1.57866e-10 -0
410113 6 1.68985 -1.11452e-10 -0
410113 6 2.39743 -7.87244e-11 -0
410113 6 3.4013 -5.55868e-11 -0
410113 6 4.82552 -3.93051e-11 -0
410113 6 6.8461 -2.78725e-11 -0
410113 6 9.71274 -1.97188e-11 -0
410113 6 13.7797 -1.39149e-11 -0
410113 6 19.5497 -9.9755e-12 -0
410113 6 27.7356 -7.07048e-12 -0
410113 6 39.3493 -4.97523e-12 -0
410113 6 55.8259 -3.55067e-12 -0
410113 6 79.2016 -2.53836e-12 -0
410113 6 112.365 -1.8337e-12 -0
410113 6 159.416 -1.34129e-12 -0
410113 6 226.168 -9.92349e-13 -0
410113 6 320.87 -7.4272e-13 -0
410113 6 455.227 -5.67892e-13 -0
410113 6 645.842 -4.46618e-13 -0
410113 6 916.274 -3.56026e-13 -0
410113 6 1299.94 -2.91674e-13 -0
410113 6 1844.26 -2.45908e-13 -0
410113 6 2616.5 -2.13247e-13 -0
410113 6 3712.11 -1.86478e-13 -0
410113 6 5266.46 -1.65223e-13 -0
410113 6 7471.67 -1.47445e-13 -0
410113 6 10600.3 -1.31355e-13 -0
410113 6 15038.9 -1.15636e-13 -0
410113 6 21336 -9.94124e-14 -0
410113 6 30270 -8.24015e-14 -0
410113 6 42944.9 -6.50313e-14 -0
410113 6 60927 -4.83344e-14 -0
410113 6 86438.8 -3.35643e-14 -0
410113 6 122633 -2.16632e-14 -0
410113 6 173983 -1.28446e-14 -0
410113 6 246834 -6.84915e-15 -0
410113 6 350190 -3.25282e-15 -0
410113 6 496824 -1.33511e-15 -0
410113 6 704857 -4.06375e-16 -0
410113 6 1e+06 -1.11519e-16 -0

1e+06 6 1e-06 -3.86496e-05 -0
1e+06 6 1.41873e-06 -2.72425e-05 -0
1e+06 6 2.01279e-06 -1.92021e-05 -0
1e+06 6 2.85559e-06 -1.35347e-05 -0
1e+06 6 4.0513e-06 -9.54004e-06 -0
1e+06 6 5.74769e-06 -6.72437e-06 -0
1e+06 6 8.15441e-06 -4.73972e-06 -0
1e+06 6 1.15689e-05 -3.34083e-06 -0
1e+06 6 1.64131e-05 -2.35481e-06 -0
1e+06 6 2.32857e-05 -1.6598e-06 -0
1e+06 6 3.3036e-05 -1.16992e-06 -0
1e+06 6 4.6869e-05 -8.2463e-07 -0
1e+06 6 6.64944e-05 -5.81247e-07 -0
1e+06 6 9.43373e-05 -4.09696e-07 -0
1e+06 6 0.000133839 -2.88777e-07 -0
1e+06 6 0.000189881 -2.03547e-07 -0
1e+06 6 0.000269389 -1.43472e-07 -0
1e+06 6 0.000382189 -1.01127e-07 -0
1e+06 6 0.000542222 -7.12801e-08 -0
1e+06 6 0.000769265 -5.02424e-08 -0
1e+06 6 0.00109138 -3.54137e-08 -0
1e+06 6 0.00154837 -2.49617e-08 -0
1e+06 6 0.00219671 -1.75944e-08 -0
1e+06 6 0.00311653 -1.24016e-08 -0
1e+06 6 0.0044215 -8.74138e-09 -0
1e+06 6 0.0062729 -6.16145e-09 -0
1e+06 6 0.00889953 -4.34297e-09 -0
1e+06 6 0.012626 -3.0612e-09 -0
1e+06 6 0.0179128 -2.15774e-09 -0
1e+06 6 0.0254134 -1.52092e-09 -0
1e+06 6 0.0360547 -1.07206e-09 -0
1e+06 6 0.0511518 -7.55677e-10 -0
1e+06 6 0.0725704 -5.32672e-10 -0
1e+06 6 0.102958 -3.75485e-10 -0
1e+06 6 0.146069 -2.64691e-10 -0
1e+06 6 0.207231 -1.86597e-10 -0
1e+06 6 0.294005 -1.31552e-10 -0
1e+06 6 0.417112 -9.27529e-11 -0
1e+06 6 0.591769 -6.54035e-11 -0
1e+06 6 0.839558 -4.61246e-11 -0
1e+06 6 1.1911 -3.25361e-11 -0
1e+06 6 1.68985 -2.29607e-11 -0
1e+06 6 2.39743 -1.62093e-11 -0
1e+06 6 3.4013 -1.14389e-11 -0
1e+06 6 4.82552 -8.08098e-12 -0
1e+06 6 6.8461 -5.72147e-12 -0
1e+06 6 9.71274 -4.04232e-12 -0
1e+06 6 13.7797 -2.84924e-12 -0
1e+06 6 19.5497 -2.03375e-12 -0
1e+06 6 27.7356 -1.43739e-12 -0
1e+06 6 39.3493 -1.00903e-12 -0
1e+06 6 55.8259 -7.15891e-13 -0
1e+06 6 79.2016 -5.07896e-13 -0
1e+06 6 112.365 -3.62789e-13 -0
1e+06 6 159.416 -2.6124e-13 -0
1e+06 6 226.168 -1.89366e-13 -0
1e+06 6 320.87 -1.38102e-13 -0
1e+06 6 455.227 -1.02184e-13 -0
1e+06 6 645.842 -7.72498e-14 -0
1e+06 6 916.274 -5.886e-14 -0
1e+06 6 1299.94 -4.58771e-14 -0
1e+06 6 1844.26 -3.67588e-14 -0
1e+06 6 2616.5 -3.04346e-14 -0
1e+06 6 3712.11 -2.5526e-14 -0
1e+06 6 5266.46 -2.18869e-14 -0
1e+06 6 7471.67 -1.91413e-14 -0
1e+06 6 10600.3 -1.6975e-14 -0
1e+06 6 15038.9 -1.51541e-14 -0
1e+06 6 21336 -1.34941e-14 -0
1e+06 6 30270 -1.18594e-14 -0
1e+06 6 42944.9 -1.01744e-14 -0
1e+06 6 60927 -8.43103e-15 -0
1e+06 6 86438.8 -6.68293e-15 -0
1e+06 6 122633 -5.01702e-15 -0
1e+06 6 173983 -3.50212e-15 -0
1e+06 6 246834 -2.21051e-15 -0
1e+06 6 350190 -1.23937e-15 -0
1e+06 6 496824 -5.9873e-16 -0
1e+06 6 704857 -2.18767e-16 -0
1e+06 6 1e+06 -6.26541e-17 -0

