#q_sq i k_sq Re(fg) Im(fg)
1e-06 7 1e-06 1723.17 -0
1e-06 7 1.41873e-06 1214.25 -0
1e-06 7 2.01279e-06 855.54 -0
1e-06 7 2.85559e-06 602.699 -0
1e-06 7 4.0513e-06 424.481 -0
1e-06 7 5.74769e-06 298.864 -0
1e-06 7 8.15441e-06 210.321 -0
1e-06 7 1.15689e-05 147.911 -0
1e-06 7 1.64131e-05 103.921 -0
1e-06 7 2.32857e-05 72.9145 -0
1e-06 7 3.3036e-05 51.0592 -0
1e-06 7 4.6869e-05 35.6543 -0
1e-06 7 6.64944e-05 24.7962 -0
1e-06 7 9.43373e-05 17.1427 -0
1e-06 7 0.000133839 11.7482 -0
1e-06 7 0.000189881 7.94601 -0
1e-06 7 0.000269389 5.26613 -0
1e-06 7 0.000382189 3.37741 -0
1e-06 7 0.000542222 2.04643 -0
1e-06 7 0.000769265 1.10872 -0
1e-06 7 0.00109138 0.448385 -0
1e-06 7 0.00154837 -0.0161896 0
1e-06 7 0.00219671 -0.342419 0
1e-06 7 0.00311653 -0.570621 0
1e-06 7 0.0044215 -0.72901 0
1e-06 7 0.0062729 -0.837193 0
1e-06 7 0.00889953 -0.908586 0
1e-06 7 0.012626 -0.9521 0
1e-06 7 0.0179128 -0.973326 0
1e-06 7 0.0254134 -0.975274 0
1e-06 7 0.0360547 -0.958889 0
1e-06 7 0.0511518 -0.92363 0
1e-06 7 0.0725704 -0.867858 0
1e-06 7 0.102958 -0.789542 0
1e-06 7 0.146069 -0.687832 0
1e-06 7 0.207231 -0.56474 0
1e-06 7 0.294005 -0.427326 0
1e-06 7 0.417112 -0.289315 0
1e-06 7 0.591769 -0.168824 0
1e-06 7 0.839558 -0.0815355 0
1e-06 7 1.1911 -0.0318116 0
1e-06 7 1.68985 -0.0103212 0
1e-06 7 2.39743 -0.00315734 0
1e-06 7 3.4013 -0.0011576 0
1e-06 7 4.82552 -0.000508065 0
1e-06 7 6.8461 -0.000235684 0
1e-06 7 9.71274 -0.000114999 0
1e-06 7 13.7797 -5.52719e-05 0
1e-06 7 19.5497 -2.63831e-05 0
1e-06 7 27.7356 -1.27815e-05 0
1e-06 7 39.3493 -6.16299e-06 0
1e-06 7 55.8259 -2.96439e-06 0
1e-06 7 79.2016 -1.42854e-06 0
1e-06 7 112.365 -6.88001e-07 0
1e-06 7 159.416 -3.31248e-07 0
1e-06 7 226.168 -1.5971e-07 0
1e-06 7 320.87 -7.70413e-08 0
1e-06 7 455.227 -3.71347e-08 0
1e-06 7 645.842 -1.78879e-08 0
1e-06 7 916.274 -8.61685e-09 0
1e-06 7 1299.94 -4.14071e-09 0
1e-06 7 1844.26 -1.98313e-09 0
1e-06 7 2616.5 -9.45515e-10 0
1e-06 7 3712.11 -4.48193e-10 0
1e-06 7 5266.46 -2.10527e-10 0
1e-06 7 7471.67 -9.769e-11 0
1e-06 7 10600.3 -4.46243e-11 0
1e-06 7 15038.9 -1.99875e-11 0
1e-06 7 21336 -8.74326e-12 0
1e-06 7 30270 -3.72227e-12 0
1e-06 7 42944.9 -1.53872e-12 0
1e-06 7 60927 -6.17235e-13 0
1e-06 7 86438.8 -2.40534e-13 0
1e-06 7 122633 -9.13045e-14 0
1e-06 7 173983 -3.38804e-14 0
1e-06 7 246834 -1.23395e-14 0
1e-06 7 350190 -4.42955e-15 0
1e-06 7 496824 -1.57207e-15 0
1e-06 7 704857 -5.53347e-16 0
1e-06 7 1e+06 -1.93917e-16 0

2.43835e-06 7 1e-06 1723.17 -0
2.43835e-06 7 1.41873e-06 1214.25 -0
2.43835e-06 7 2.01279e-06 855.539 -0
2.43835e-06 7 2.85559e-06 602.698 -0
2.43835e-06 7 4.0513e-06 424.481 -0
2.43835e-06 7 5.74769e-06 298.863 -0
2.43835e-06 7 8.15441e-06 210.321 -0
2.43835e-06 7 1.15689e-05 147.911 -0
2.43835e-06 7 1.64131e-05 103.921 -0
2.43835e-06 7 2.32857e-05 72.9144 -0
2.43835e-06 7 3.3036e-05 51.0591 -0
2.43835e-06 7 4.6869e-05 35.6543 -0
2.43835e-06 7 6.64944e-05 24.7961 -0
2.43835e-06 7 9.43373e-05 17.1427 -0
2.43835e-06 7 0.000133839 11.7482 -0
2.43835e-06 7 0.000189881 7.94601 -0
2.43835e-06 7 0.000269389 5.26613 -0
2.43835e-06 7 0.000382189 3.37741 -0
2.43835e-06 7 0.000542222 2.04644 -0
2.43835e-06 7 0.000769265 1.10873 -0
2.43835e-06 7 0.00109138 0.448392 -0
2.43835e-06 7 0.00154837 -0.0161817 0
2.43835e-06 7 0.00219671 -0.34241 0
2.43835e-06 7 0.00311653 -0.570612 0
2.43835e-06 7 0.0044215 -0.729001 0
2.43835e-06 7 0.0062729 -0.837185 0
2.43835e-06 7 0.00889953 -0.908578 0
2.43835e-06 7 0.012626 -0.952091 0
2.43835e-06 7 0.0179128 -0.973317 0
2.43835e-06 7 0.0254134 -0.975266 0
2.43835e-06 7 0.0360547 -0.958881 0
2.43835e-06 7 0.0511518 -0.923623 0
2.43835e-06 7 0.0725704 -0.867851 0
2.43835e-06 7 0.102958 -0.789537 0
2.43835e-06 7 0.146069 -0.687828 0
2.43835e-06 7 0.207231 -0.564737 0
2.43835e-06 7 0.294005 -0.427324 0
2.43835e-06 7 0.417112 -0.289313 0
2.43835e-06 7 0.591769 -0.168824 0
2.43835e-06 7 0.839558 -0.0815354 0
2.43835e-06 7 1.1911 -0.0318116 0
2.43835e-06 7 1.68985 -0.0103211 0
2.43835e-06 7 2.39743 -0.00315733 0
2.43835e-06 7 3.4013 -0.00115759 0
2.43835e-06 7 4.82552 -0.000508064 0
2.43835e-06 7 6.8461 -0.000235684 0
2.43835e-06 7 9.71274 -0.000114999 0
2.43835e-06 7 13.7797 -5.52718e-05 0
2.43835e-06 7 19.5497 -2.6383e-05 0
2.43835e-06 7 27.7356 -1.27814e-05 0
2.43835e-06 7 39.3493 -6.16299e-06 0
2.43835e-06 7 55.8259 -2.96438e-06 0
2.43835e-06 7 79.2016 -1.42854e-06 0
2.43835e-06 7 112.365 -6.88e-07 0
2.43835e-06 7 159.416 -3.31248e-07 0
2.43835e-06 7 226.168 -1.5971e-07 0
2.43835e-06 7 320.87 -7.70412e-08 0
2.43835e-06 7 455.227 -3.71346e-08 0
2.43835e-06 7 645.842 -1.78879e-08 0
2.43835e-06 7 916.274 -8.61685e-09 0
2.43835e-06 7 1299.94 -4.14071e-09 0
2.43835e-06 7 1844.26 -1.98313e-09 0
2.43835e-06 7 2616.5 -9.45514e-10 0
2.43835e-06 7 3712.11 -4.48192e-10 0
2.43835e-06 7 5266.46 -2.10527e-10 0
2.43835e-06 7 7471.67 -9.76899e-11 0
2.43835e-06 7 10600.3 -4.46243e-11 0
2.43835e-06 7 15038.9 -1.99875e-11 0
2.43835e-06 7 21336 -8.74325e-12 0
2.43835e-06 7 30270 -3.72227e-12 0
2.43835e-06 7 42944.9 -1.53872e-12 0
2.43835e-06 7 60927 -6.17235e-13 0
2.43835e-06 7 86438.8 -2.40533e-13 0
2.43835e-06 7 122633 -9.13044e-14 0
2.43835e-06 7 173983 -3.38804e-14 0
2.43835e-06 7 246834 -1.23395e-14 0
2.43835e-06 7 350190 -4.42955e-15 0
2.43835e-06 7 496824 -1.57207e-15 0
2.43835e-06 7 704857 -5.53347e-16 0
2.43835e-06 7 1e+06 -1.93917e-16 0

5.94557e-06 7 1e-06 1723.16 -0
5.94557e-06 7 1.41873e-06 1214.25 -0
5.94557e-06 7 2.01279e-06 855.537 -0
5.94557e-06 7 2.85559e-06 602.696 -0
5.94557e-06 7 4.0513e-06 424.48 -0
5.94557e-06 7 5.74769e-06 298.862 -0
5.94557e-06 7 8.15441e-06 210.32 -0
5.94557e-06 7 1.15689e-05 147.911 -0
5.94557e-06 7 1.64131e-05 103.921 -0
5.94557e-06 7 2.32857e-05 72.9142 -0
5.94557e-06 7 3.3036e-05 51.059 -0
5.94557e-06 7 4.6869e-05 35.6542 -0
5.94557e-06 7 6.64944e-05 24.7961 -0
5.94557e-06 7 9.43373e-05 17.1427 -0
5.94557e-06 7 0.000133839 11.7482 -0
5.94557e-06 7 0.000189881 7.946 -0
5.94557e-06 7 0.000269389 5.26613 -0
5.94557e-06 7 0.000382189 3.37741 -0
5.94557e-06 7 0.000542222 2.04645 -0
5.94557e-06 7 0.000769265 1.10874 -0
5.94557e-06 7 0.00109138 0.448404 -0
5.94557e-06 7 0.00154837 -0.0161686 0
5.94557e-06 7 0.00219671 -0.342396 0
5.94557e-06 7 0.00311653 -0.570597 0
5.94557e-06 7 0.0044215 -0.728986 0
5.94557e-06 7 0.0062729 -0.837169 0
5.94557e-06 7 0.00889953 -0.908562 0
5.94557e-06 7 0.012626 -0.952076 0
5.94557e-06 7 0.0179128 -0.973303 0
5.94557e-06 7 0.0254134 -0.975252 0
5.94557e-06 7 0.0360547 -0.958868 0
5.94557e-06 7 0.0511518 -0.92361 0
5.94557e-06 7 0.0725704 -0.86784 0
5.94557e-06 7 0.102958 -0.789527 0
5.94557e-06 7 0.146069 -0.68782 0
5.94557e-06 7 0.207231 -0.564731 0
5.94557e-06 7 0.294005 -0.42732 0
5.94557e-06 7 0.417112 -0.289312 0
5.94557e-06 7 0.591769 -0.168823 0
5.94557e-06 7 0.839558 -0.0815351 0
5.94557e-06 7 1.1911 -0.0318115 0
5.94557e-06 7 1.68985 -0.0103211 0
5.94557e-06 7 2.39743 -0.00315732 0
5.94557e-06 7 3.4013 -0.00115759 0
5.94557e-06 7 4.82552 -0.000508063 0
5.94557e-06 7 6.8461 -0.000235683 0
5.94557e-06 7 9.71274 -0.000114999 0
5.94557e-06 7 13.7797 -5.52717e-05 0
5.94557e-06 7 19.5497 -2.6383e-05 0
5.94557e-06 7 27.7356 -1.27814e-05 0
5.94557e-06 7 39.3493 -6.16297e-06 0
5.94557e-06 7 55.8259 -2.96438e-06 0
5.94557e-06 7 79.2016 -1.42854e-06 0
5.94557e-06 7 112.365 -6.87999e-07 0
5.94557e-06 7 159.416 -3.31247e-07 0
5.94557e-06 7 226.168 -1.5971e-07 0
5.94557e-06 7 320.87 -7.7041e-08 0
5.94557e-06 7 455.227 -3.71345e-08 0
5.94557e-06 7 645.842 -1.78879e-08 0
5.94557e-06 7 916.274 -8.61683e-09 0
5.94557e-06 7 1299.94 -4.1407e-09 0
5.94557e-06 7 1844.26 -1.98312e-09 0
5.94557e-06 7 2616.5 -9.45512e-10 0
5.94557e-06 7 3712.11 -4.48191e-10 0
5.94557e-06 7 5266.46 -2.10527e-10 0
5.94557e-06 7 7471.67 -9.76897e-11 0
5.94557e-06 7 10600.3 -4.46242e-11 0
5.94557e-06 7 15038.9 -1.99875e-11 0
5.94557e-06 7 21336 -8.74323e-12 0
5.94557e-06 7 30270 -3.72226e-12 0
5.94557e-06 7 42944.9 -1.53872e-12 0
5.94557e-06 7 60927 -6.17234e-13 0
5.94557e-06 7 86438.8 -2.40533e-13 0
5.94557e-06 7 122633 -9.13042e-14 0
5.94557e-06 7 173983 -3.38803e-14 0
5.94557e-06 7 246834 -1.23395e-14 0
5.94557e-06 7 350190 -4.42954e-15 0
5.94557e-06 7 496824 -1.57207e-15 0
5.94557e-06 7 704857 -5.53346e-16 0
5.94557e-06 7 1e+06 -1.93917e-16 0

1.44974e-05 7 1e-06 1723.15 -0
1.44974e-05 7 1.41873e-06 1214.24 -0
1.44974e-05 7 2.01279e-06 855.53 -0
1.44974e-05 7 2.85559e-06 602.692 -0
1.44974e-05 7 4.0513e-06 424.477 -0
1.44974e-05 7 5.74769e-06 298.86 -0
1.44974e-05 7 8.15441e-06 210.319 -0
1.44974e-05 7 1.15689e-05 147.91 -0
1.44974e-05 7 1.64131e-05 103.92 -0
1.44974e-05 7 2.32857e-05 72.9137 -0
1.44974e-05 7 3.3036e-05 51.0586 -0
1.44974e-05 7 4.6869e-05 35.654 -0
1.44974e-05 7 6.64944e-05 24.7959 -0
1.44974e-05 7 9.43373e-05 17.1426 -0
1.44974e-05 7 0.000133839 11.7482 -0
1.44974e-05 7 0.000189881 7.94598 -0
1.44974e-05 7 0.000269389 5.26612 -0
1.44974e-05 7 0.000382189 3.37742 -0
1.44974e-05 7 0.000542222 2.04647 -0
1.44974e-05 7 0.000769265 1.10877 -0
1.44974e-05 7 0.00109138 0.448436 -0
1.44974e-05 7 0.00154837 -0.0161335 0
1.44974e-05 7 0.00219671 -0.342359 0
1.44974e-05 7 0.00311653 -0.570559 0
1.44974e-05 7 0.0044215 -0.728947 0
1.44974e-05 7 0.0062729 -0.837129 0
1.44974e-05 7 0.00889953 -0.908522 0
1.44974e-05 7 0.012626 -0.952036 0
1.44974e-05 7 0.0179128 -0.973264 0
1.44974e-05 7 0.0254134 -0.975214 0
1.44974e-05 7 0.0360547 -0.958832 0
1.44974e-05 7 0.0511518 -0.923578 0
1.44974e-05 7 0.0725704 -0.867811 0
1.44974e-05 7 0.102958 -0.789502 0
1.44974e-05 7 0.146069 -0.6878 0
1.44974e-05 7 0.207231 -0.564717 0
1.44974e-05 7 0.294005 -0.427311 0
1.44974e-05 7 0.417112 -0.289306 0
1.44974e-05 7 0.591769 -0.168821 0
1.44974e-05 7 0.839558 -0.0815343 0
1.44974e-05 7 1.1911 -0.0318112 0
1.44974e-05 7 1.68985 -0.0103211 0
1.44974e-05 7 2.39743 -0.00315731 0
1.44974e-05 7 3.4013 -0.00115758 0
1.44974e-05 7 4.82552 -0.00050806 0
1.44974e-05 7 6.8461 -0.000235682 0
1.44974e-05 7 9.71274 -0.000114998 0
1.44974e-05 7 13.7797 -5.52714e-05 0
1.44974e-05 7 19.5497 -2.63828e-05 0
1.44974e-05 7 27.7356 -1.27813e-05 0
1.44974e-05 7 39.3493 -6.16294e-06 0
1.44974e-05 7 55.8259 -2.96436e-06 0
1.44974e-05 7 79.2016 -1.42853e-06 0
1.44974e-05 7 112.365 -6.87995e-07 0
1.44974e-05 7 159.416 -3.31246e-07 0
1.44974e-05 7 226.168 -1.59709e-07 0
1.44974e-05 7 320.87 -7.70406e-08 0
1.44974e-05 7 455.227 -3.71343e-08 0
1.44974e-05 7 645.842 -1.78878e-08 0
1.44974e-05 7 916.274 -8.61678e-09 0
1.44974e-05 7 1299.94 -4.14068e-09 0
1.44974e-05 7 1844.26 -1.98311e-09 0
1.44974e-05 7 2616.5 -9.45507e-10 0
1.44974e-05 7 3712.11 -4.48189e-10 0
1.44974e-05 7 5266.46 -2.10526e-10 0
1.44974e-05 7 7471.67 -9.76892e-11 0
1.44974e-05 7 10600.3 -4.4624e-11 0
1.44974e-05 7 15038.9 -1.99874e-11 0
1.44974e-05 7 21336 -8.74319e-12 0
1.44974e-05 7 30270 -3.72224e-12 0
1.44974e-05 7 42944.9 -1.53871e-12 0
1.44974e-05 7 60927 -6.1723e-13 0
1.44974e-05 7 86438.8 -2.40532e-13 0
1.44974e-05 7 122633 -9.13037e-14 0
1.44974e-05 7 173983 -3.38802e-14 0
1.44974e-05 7 246834 -1.23394e-14 0
1.44974e-05 7 350190 -4.42952e-15 0
1.44974e-05 7 496824 -1.57206e-15 0
1.44974e-05 7 704857 -5.53343e-16 0
1.44974e-05 7 1e+06 -1.93916e-16 0

3.53498e-05 7 1e-06 1723.12 -0
3.53498e-05 7 1.41873e-06 1214.22 -0
3.53498e-05 7 2.01279e-06 855.514 -0
3.53498e-05 7 2.85559e-06 602.68 -0
3.53498e-05 7 4.0513e-06 424.468 -0
3.53498e-05 7 5.74769e-06 298.855 -0
3.53498e-05 7 8.15441e-06 210.315 -0
3.53498e-05 7 1.15689e-05 147.907 -0
3.53498e-05 7 1.64131e-05 103.918 -0
3.53498e-05 7 2.32857e-05 72.9124 -0
3.53498e-05 7 3.3036e-05 51.0578 -0
3.53498e-05 7 4.6869e-05 35.6534 -0
3.53498e-05 7 6.64944e-05 24.7956 -0
3.53498e-05 7 9.43373e-05 17.1424 -0
3.53498e-05 7 0.000133839 11.7481 -0
3.53498e-05 7 0.000189881 7.94594 -0
3.53498e-05 7 0.000269389 5.26614 -0
3.53498e-05 7 0.000382189 3.37748 -0
3.53498e-05 7 0.000542222 2.04655 -0
3.53498e-05 7 0.000769265 1.10887 -0
3.53498e-05 7 0.00109138 0.448552 -0
3.53498e-05 7 0.00154837 -0.0160087 0
3.53498e-05 7 0.00219671 -0.342228 0
3.53498e-05 7 0.00311653 -0.570424 0
3.53498e-05 7 0.0044215 -0.72881 0
3.53498e-05 7 0.0062729 -0.836992 0
3.53498e-05 7 0.00889953 -0.908385 0
3.53498e-05 7 0.012626 -0.951901 0
3.53498e-05 7 0.0179128 -0.973132 0
3.53498e-05 7 0.0254134 -0.975087 0
3.53498e-05 7 0.0360547 -0.958712 0
3.53498e-05 7 0.0511518 -0.923467 0
3.53498e-05 7 0.0725704 -0.867713 0
3.53498e-05 7 0.102958 -0.789419 0
3.53498e-05 7 0.146069 -0.687734 0
3.53498e-05 7 0.207231 -0.564669 0
3.53498e-05 7 0.294005 -0.42728 0
3.53498e-05 7 0.417112 -0.28929 0
3.53498e-05 7 0.591769 -0.168813 0
3.53498e-05 7 0.839558 -0.0815319 0
3.53498e-05 7 1.1911 -0.0318106 0
3.53498e-05 7 1.68985 -0.0103209 0
3.53498e-05 7 2.39743 -0.00315725 0
3.53498e-05 7 3.4013 -0.00115756 0
3.53498e-05 7 4.82552 -0.00050805 0
3.53498e-05 7 6.8461 -0.000235678 0
3.53498e-05 7 9.71274 -0.000114996 0
3.53498e-05 7 13.7797 -5.52704e-05 0
3.53498e-05 7 19.5497 -2.63823e-05 0
3.53498e-05 7 27.7356 -1.27811e-05 0
3.53498e-05 7 39.3493 -6.16283e-06 0
3.53498e-05 7 55.8259 -2.96431e-06 0
3.53498e-05 7 79.2016 -1.42851e-06 0
3.53498e-05 7 112.365 -6.87983e-07 0
3.53498e-05 7 159.416 -3.3124e-07 0
3.53498e-05 7 226.168 -1.59706e-07 0
3.53498e-05 7 320.87 -7.70393e-08 0
3.53498e-05 7 455.227 -3.71337e-08 0
3.53498e-05 7 645.842 -1.78875e-08 0
3.53498e-05 7 916.274 -8.61664e-09 0
3.53498e-05 7 1299.94 -4.14061e-09 0
3.53498e-05 7 1844.26 -1.98308e-09 0
3.53498e-05 7 2616.5 -9.45492e-10 0
3.53498e-05 7 3712.11 -4.48182e-10 0
3.53498e-05 7 5266.46 -2.10522e-10 0
3.53498e-05 7 7471.67 -9.76876e-11 0
3.53498e-05 7 10600.3 -4.46233e-11 0
3.53498e-05 7 15038.9 -1.9987e-11 0
3.53498e-05 7 21336 -8.74305e-12 0
3.53498e-05 7 30270 -3.72218e-12 0
3.53498e-05 7 42944.9 -1.53869e-12 0
3.53498e-05 7 60927 -6.17221e-13 0
3.53498e-05 7 86438.8 -2.40528e-13 0
3.53498e-05 7 122633 -9.13023e-14 0
3.53498e-05 7 173983 -3.38797e-14 0
3.53498e-05 7 246834 -1.23392e-14 0
3.53498e-05 7 350190 -4.42945e-15 0
3.53498e-05 7 496824 -1.57204e-15 0
3.53498e-05 7 704857 -5.53335e-16 0
3.53498e-05 7 1e+06 -1.93913e-16 0

8.61954e-05 7 1e-06 1723.03 -0
8.61954e-05 7 1.41873e-06 1214.16 -0
8.61954e-05 7 2.01279e-06 855.473 -0
8.61954e-05 7 2.85559e-06 602.652 -0
8.61954e-05 7 4.0513e-06 424.449 -0
8.61954e-05 7 5.74769e-06 298.841 -0
8.61954e-05 7 8.15441e-06 210.305 -0
8.61954e-05 7 1.15689e-05 147.9 -0
8.61954e-05 7 1.64131e-05 103.913 -0
8.61954e-05 7 2.32857e-05 72.9092 -0
8.61954e-05 7 3.3036e-05 51.0556 -0
8.61954e-05 7 4.6869e-05 35.652 -0
8.61954e-05 7 6.64944e-05 24.7947 -0
8.61954e-05 7 9.43373e-05 17.1418 -0
8.61954e-05 7 0.000133839 11.7478 -0
8.61954e-05 7 0.000189881 7.94584 -0
8.61954e-05 7 0.000269389 5.26617 -0
8.61954e-05 7 0.000382189 3.3776 -0
8.61954e-05 7 0.000542222 2.04673 -0
8.61954e-05 7 0.000769265 1.10909 -0
8.61954e-05 7 0.00109138 0.448803 -0
8.61954e-05 7 0.00154837 -0.0157358 0
8.61954e-05 7 0.00219671 -0.341941 0
8.61954e-05 7 0.00311653 -0.570127 0
8.61954e-05 7 0.0044215 -0.728508 0
8.61954e-05 7 0.0062729 -0.836687 0
8.61954e-05 7 0.00889953 -0.908081 0
8.61954e-05 7 0.012626 -0.9516 0
8.61954e-05 7 0.0179128 -0.972837 0
8.61954e-05 7 0.0254134 -0.974803 0
8.61954e-05 7 0.0360547 -0.958443 0
8.61954e-05 7 0.0511518 -0.923217 0
8.61954e-05 7 0.0725704 -0.86749 0
8.61954e-05 7 0.102958 -0.789228 0
8.61954e-05 7 0.146069 -0.687582 0
8.61954e-05 7 0.207231 -0.564557 0
8.61954e-05 7 0.294005 -0.427209 0
8.61954e-05 7 0.417112 -0.289251 0
8.61954e-05 7 0.591769 -0.168796 0
8.61954e-05 7 0.839558 -0.081526 0
8.61954e-05 7 1.1911 -0.0318089 0
8.61954e-05 7 1.68985 -0.0103204 0
8.61954e-05 7 2.39743 -0.00315711 0
8.61954e-05 7 3.4013 -0.00115751 0
8.61954e-05 7 4.82552 -0.000508026 0
8.61954e-05 7 6.8461 -0.000235667 0
8.61954e-05 7 9.71274 -0.000114991 0
8.61954e-05 7 13.7797 -5.52679e-05 0
8.61954e-05 7 19.5497 -2.63812e-05 0
8.61954e-05 7 27.7356 -1.27806e-05 0
8.61954e-05 7 39.3493 -6.16257e-06 0
8.61954e-05 7 55.8259 -2.96418e-06 0
8.61954e-05 7 79.2016 -1.42845e-06 0
8.61954e-05 7 112.365 -6.87955e-07 0
8.61954e-05 7 159.416 -3.31226e-07 0
8.61954e-05 7 226.168 -1.59699e-07 0
8.61954e-05 7 320.87 -7.70362e-08 0
8.61954e-05 7 455.227 -3.71322e-08 0
8.61954e-05 7 645.842 -1.78868e-08 0
8.61954e-05 7 916.274 -8.6163e-09 0
8.61954e-05 7 1299.94 -4.14045e-09 0
8.61954e-05 7 1844.26 -1.983e-09 0
8.61954e-05 7 2616.5 -9.45454e-10 0
8.61954e-05 7 3712.11 -4.48164e-10 0
8.61954e-05 7 5266.46 -2.10514e-10 0
8.61954e-05 7 7471.67 -9.76838e-11 0
8.61954e-05 7 10600.3 -4.46215e-11 0
8.61954e-05 7 15038.9 -1.99863e-11 0
8.61954e-05 7 21336 -8.74272e-12 0
8.61954e-05 7 30270 -3.72204e-12 0
8.61954e-05 7 42944.9 -1.53863e-12 0
8.61954e-05 7 60927 -6.17198e-13 0
8.61954e-05 7 86438.8 -2.40519e-13 0
8.61954e-05 7 122633 -9.12989e-14 0
8.61954e-05 7 173983 -3.38784e-14 0
8.61954e-05 7 246834 -1.23388e-14 0
8.61954e-05 7 350190 -4.42929e-15 0
8.61954e-05 7 496824 -1.57198e-15 0
8.61954e-05 7 704857 -5.53314e-16 0
8.61954e-05 7 1e+06 -1.93906e-16 0

0.000210175 7 1e-06 1722.83 -0
0.000210175 7 1.41873e-06 1214.01 -0
0.000210175 7 2.01279e-06 855.372 -0
0.000210175 7 2.85559e-06 602.581 -0
0.000210175 7 4.0513e-06 424.399 -0
0.000210175 7 5.74769e-06 298.806 -0
0.000210175 7 8.15441e-06 210.281 -0
0.000210175 7 1.15689e-05 147.883 -0
0.000210175 7 1.64131e-05 103.902 -0
0.000210175 7 2.32857e-05 72.9011 -0
0.000210175 7 3.3036e-05 51.0501 -0
0.000210175 7 4.6869e-05 35.6484 -0
0.000210175 7 6.64944e-05 24.7923 -0
0.000210175 7 9.43373e-05 17.1404 -0
0.000210175 7 0.000133839 11.747 -0
0.000210175 7 0.000189881 7.94551 -0
0.000210175 7 0.000269389 5.26616 -0
0.000210175 7 0.000382189 3.37781 -0
0.000210175 7 0.000542222 2.0471 -0
0.000210175 7 0.000769265 1.10957 -0
0.000210175 7 0.00109138 0.449366 -0
0.000210175 7 0.00154837 -0.0151197 0
0.000210175 7 0.00219671 -0.341288 0
0.000210175 7 0.00311653 -0.56945 0
0.000210175 7 0.0044215 -0.727816 0
0.000210175 7 0.0062729 -0.835989 0
0.000210175 7 0.00889953 -0.907383 0
0.000210175 7 0.012626 -0.950908 0
0.000210175 7 0.0179128 -0.972159 0
0.000210175 7 0.0254134 -0.974147 0
0.000210175 7 0.0360547 -0.957819 0
0.000210175 7 0.0511518 -0.922638 0
0.000210175 7 0.0725704 -0.866969 0
0.000210175 7 0.102958 -0.788781 0
0.000210175 7 0.146069 -0.68722 0
0.000210175 7 0.207231 -0.56429 0
0.000210175 7 0.294005 -0.427034 0
0.000210175 7 0.417112 -0.289154 0
0.000210175 7 0.591769 -0.168753 0
0.000210175 7 0.839558 -0.081511 0
0.000210175 7 1.1911 -0.0318048 0
0.000210175 7 1.68985 -0.0103193 0
0.000210175 7 2.39743 -0.00315676 0
0.000210175 7 3.4013 -0.00115737 0
0.000210175 7 4.82552 -0.000507963 0
0.000210175 7 6.8461 -0.000235637 0
0.000210175 7 9.71274 -0.000114977 0
0.000210175 7 13.7797 -5.52613e-05 0
0.000210175 7 19.5497 -2.63781e-05 0
0.000210175 7 27.7356 -1.27791e-05 0
0.000210175 7 39.3493 -6.16186e-06 0
0.000210175 7 55.8259 -2.96385e-06 0
0.000210175 7 79.2016 -1.42829e-06 0
0.000210175 7 112.365 -6.87878e-07 0
0.000210175 7 159.416 -3.3119e-07 0
0.000210175 7 226.168 -1.59682e-07 0
0.000210175 7 320.87 -7.70278e-08 0
0.000210175 7 455.227 -3.71282e-08 0
0.000210175 7 645.842 -1.78848e-08 0
0.000210175 7 916.274 -8.61537e-09 0
0.000210175 7 1299.94 -4.14001e-09 0
0.000210175 7 1844.26 -1.98279e-09 0
0.000210175 7 2616.5 -9.45355e-10 0
0.000210175 7 3712.11 -4.48117e-10 0
0.000210175 7 5266.46 -2.10492e-10 0
0.000210175 7 7471.67 -9.76737e-11 0
0.000210175 7 10600.3 -4.46169e-11 0
0.000210175 7 15038.9 -1.99842e-11 0
0.000210175 7 21336 -8.74182e-12 0
0.000210175 7 30270 -3.72166e-12 0
0.000210175 7 42944.9 -1.53847e-12 0
0.000210175 7 60927 -6.17135e-13 0
0.000210175 7 86438.8 -2.40495e-13 0
0.000210175 7 122633 -9.12897e-14 0
0.000210175 7 173983 -3.3875e-14 0
0.000210175 7 246834 -1.23375e-14 0
0.000210175 7 350190 -4.42885e-15 0
0.000210175 7 496824 -1.57182e-15 0
0.000210175 7 704857 -5.5326e-16 0
0.000210175 7 1e+06 -1.93887e-16 0

0.000512481 7 1e-06 1722.34 -0
0.000512481 7 1.41873e-06 1213.67 -0
0.000512481 7 2.01279e-06 855.131 -0
0.000512481 7 2.85559e-06 602.411 -0
0.000512481 7 4.0513e-06 424.279 -0
0.000512481 7 5.74769e-06 298.722 -0
0.000512481 7 8.15441e-06 210.222 -0
0.000512481 7 1.15689e-05 147.842 -0
0.000512481 7 1.64131e-05 103.873 -0
0.000512481 7 2.32857e-05 72.8815 -0
0.000512481 7 3.3036e-05 51.0367 -0
0.000512481 7 4.6869e-05 35.6393 -0
0.000512481 7 6.64944e-05 24.7863 -0
0.000512481 7 9.43373e-05 17.1366 -0
0.000512481 7 0.000133839 11.7447 -0
0.000512481 7 0.000189881 7.94431 -0
0.000512481 7 0.000269389 5.26572 -0
0.000512481 7 0.000382189 3.37791 -0
0.000512481 7 0.000542222 2.04757 -0
0.000512481 7 0.000769265 1.11031 -0
0.000512481 7 0.00109138 0.450288 -0
0.000512481 7 0.00154837 -0.0140678 0
0.000512481 7 0.00219671 -0.340147 0
0.000512481 7 0.00311653 -0.568249 0
0.000512481 7 0.0044215 -0.726576 0
0.000512481 7 0.0062729 -0.834727 0
0.000512481 7 0.00889953 -0.906113 0
0.000512481 7 0.012626 -0.949644 0
0.000512481 7 0.0179128 -0.970913 0
0.000512481 7 0.0254134 -0.972934 0
0.000512481 7 0.0360547 -0.956657 0
0.000512481 7 0.0511518 -0.921547 0
0.000512481 7 0.0725704 -0.865974 0
0.000512481 7 0.102958 -0.78791 0
0.000512481 7 0.146069 -0.686501 0
0.000512481 7 0.207231 -0.563741 0
0.000512481 7 0.294005 -0.426659 0
0.000512481 7 0.417112 -0.288935 0
0.000512481 7 0.591769 -0.16865 0
0.000512481 7 0.839558 -0.0814733 0
0.000512481 7 1.1911 -0.0317941 0
0.000512481 7 1.68985 -0.0103165 0
0.000512481 7 2.39743 -0.00315588 0
0.000512481 7 3.4013 -0.00115702 0
0.000512481 7 4.82552 -0.000507803 0
0.000512481 7 6.8461 -0.000235563 0
0.000512481 7 9.71274 -0.000114941 0
0.000512481 7 13.7797 -5.52446e-05 0
0.000512481 7 19.5497 -2.63702e-05 0
0.000512481 7 27.7356 -1.27753e-05 0
0.000512481 7 39.3493 -6.16007e-06 0
0.000512481 7 55.8259 -2.96299e-06 0
0.000512481 7 79.2016 -1.42788e-06 0
0.000512481 7 112.365 -6.87684e-07 0
0.000512481 7 159.416 -3.31097e-07 0
0.000512481 7 226.168 -1.59637e-07 0
0.000512481 7 320.87 -7.70065e-08 0
0.000512481 7 455.227 -3.7118e-08 0
0.000512481 7 645.842 -1.788e-08 0
0.000512481 7 916.274 -8.61303e-09 0
0.000512481 7 1299.94 -4.13889e-09 0
0.000512481 7 1844.26 -1.98226e-09 0
0.000512481 7 2616.5 -9.45101e-10 0
0.000512481 7 3712.11 -4.47998e-10 0
0.000512481 7 5266.46 -2.10436e-10 0
0.000512481 7 7471.67 -9.76478e-11 0
0.000512481 7 10600.3 -4.46052e-11 0
0.000512481 7 15038.9 -1.9979e-11 0
0.000512481 7 21336 -8.73954e-12 0
0.000512481 7 30270 -3.72069e-12 0
0.000512481 7 42944.9 -1.53808e-12 0
0.000512481 7 60927 -6.16976e-13 0
0.000512481 7 86438.8 -2.40433e-13 0
0.000512481 7 122633 -9.12664e-14 0
0.000512481 7 173983 -3.38664e-14 0
0.000512481 7 246834 -1.23344e-14 0
0.000512481 7 350190 -4.42773e-15 0
0.000512481 7 496824 -1.57143e-15 0
0.000512481 7 704857 -5.53122e-16 0
0.000512481 7 1e+06 -1.93839e-16 0

0.00124961 7 1e-06 1721.36 -0
0.00124961 7 1.41873e-06 1212.98 -0
0.00124961 7 2.01279e-06 854.645 -0
0.00124961 7 2.85559e-06 602.069 -0
0.00124961 7 4.0513e-06 424.038 -0
0.00124961 7 5.74769e-06 298.553 -0
0.00124961 7 8.15441e-06 210.103 -0
0.00124961 7 1.15689e-05 147.759 -0
0.00124961 7 1.64131e-05 103.815 -0
0.00124961 7 2.32857e-05 72.8406 -0
0.00124961 7 3.3036e-05 51.0083 -0
0.00124961 7 4.6869e-05 35.6196 -0
0.00124961 7 6.64944e-05 24.7728 -0
0.00124961 7 9.43373e-05 17.1274 -0
0.00124961 7 0.000133839 11.7386 -0
0.00124961 7 0.000189881 7.94037 -0
0.00124961 7 0.000269389 5.2633 -0
0.00124961 7 0.000382189 3.37656 -0
0.00124961 7 0.000542222 2.04698 -0
0.00124961 7 0.000769265 1.11025 -0
0.00124961 7 0.00109138 0.450606 -0
0.00124961 7 0.00154837 -0.0134864 0
0.00124961 7 0.00219671 -0.339381 0
0.00124961 7 0.00311653 -0.567354 0
0.00124961 7 0.0044215 -0.725593 0
0.00124961 7 0.0062729 -0.833684 0
0.00124961 7 0.00889953 -0.905033 0
0.00124961 7 0.012626 -0.948544 0
0.00124961 7 0.0179128 -0.969808 0
0.00124961 7 0.0254134 -0.971837 0
0.00124961 7 0.0360547 -0.955582 0
0.00124961 7 0.0511518 -0.920513 0
0.00124961 7 0.0725704 -0.864999 0
0.00124961 7 0.102958 -0.787018 0
0.00124961 7 0.146069 -0.68572 0
0.00124961 7 0.207231 -0.563101 0
0.00124961 7 0.294005 -0.426181 0
0.00124961 7 0.417112 -0.288624 0
0.00124961 7 0.591769 -0.168483 0
0.00124961 7 0.839558 -0.0814043 0
0.00124961 7 1.1911 -0.0317728 0
0.00124961 7 1.68985 -0.010311 0
0.00124961 7 2.39743 -0.00315427 0
0.00124961 7 3.4013 -0.0011564 0
0.00124961 7 4.82552 -0.000507524 0
0.00124961 7 6.8461 -0.000235433 0
0.00124961 7 9.71274 -0.00011488 0
0.00124961 7 13.7797 -5.52154e-05 0
0.00124961 7 19.5497 -2.63564e-05 0
0.00124961 7 27.7356 -1.27688e-05 0
0.00124961 7 39.3493 -6.15695e-06 0
0.00124961 7 55.8259 -2.96151e-06 0
0.00124961 7 79.2016 -1.42717e-06 0
0.00124961 7 112.365 -6.87346e-07 0
0.00124961 7 159.416 -3.30935e-07 0
0.00124961 7 226.168 -1.5956e-07 0
0.00124961 7 320.87 -7.69695e-08 0
0.00124961 7 455.227 -3.71003e-08 0
0.00124961 7 645.842 -1.78715e-08 0
0.00124961 7 916.274 -8.60896e-09 0
0.00124961 7 1299.94 -4.13694e-09 0
0.00124961 7 1844.26 -1.98133e-09 0
0.00124961 7 2616.5 -9.44661e-10 0
0.00124961 7 3712.11 -4.4779e-10 0
0.00124961 7 5266.46 -2.10339e-10 0
0.00124961 7 7471.67 -9.7603e-11 0
0.00124961 7 10600.3 -4.45848e-11 0
0.00124961 7 15038.9 -1.99699e-11 0
0.00124961 7 21336 -8.73558e-12 0
0.00124961 7 30270 -3.71901e-12 0
0.00124961 7 42944.9 -1.53738e-12 0
0.00124961 7 60927 -6.167e-13 0
0.00124961 7 86438.8 -2.40326e-13 0
0.00124961 7 122633 -9.1226e-14 0
0.00124961 7 173983 -3.38514e-14 0
0.00124961 7 246834 -1.2329e-14 0
0.00124961 7 350190 -4.42579e-15 0
0.00124961 7 496824 -1.57074e-15 0
0.00124961 7 704857 -5.52881e-16 0
0.00124961 7 1e+06 -1.93755e-16 0

0.00304699 7 1e-06 1719.3 -0
0.00304699 7 1.41873e-06 1211.53 -0
0.00304699 7 2.01279e-06 853.62 -0
0.00304699 7 2.85559e-06 601.347 -0
0.00304699 7 4.0513e-06 423.53 -0
0.00304699 7 5.74769e-06 298.195 -0
0.00304699 7 8.15441e-06 209.851 -0
0.00304699 7 1.15689e-05 147.582 -0
0.00304699 7 1.64131e-05 103.69 -0
0.00304699 7 2.32857e-05 72.7533 -0
0.00304699 7 3.3036e-05 50.9471 -0
0.00304699 7 4.6869e-05 35.5769 -0
0.00304699 7 6.64944e-05 24.7432 -0
0.00304699 7 9.43373e-05 17.107 -0
0.00304699 7 0.000133839 11.7246 -0
0.00304699 7 0.000189881 7.9309 -0
0.00304699 7 0.000269389 5.25704 -0
0.00304699 7 0.000382189 3.37256 -0
0.00304699 7 0.000542222 2.04458 -0
0.00304699 7 0.000769265 1.10897 -0
0.00304699 7 0.00109138 0.450118 -0
0.00304699 7 0.00154837 -0.013418 0
0.00304699 7 0.00219671 -0.338921 0
0.00304699 7 0.00311653 -0.566621 0
0.00304699 7 0.0044215 -0.72467 0
0.00304699 7 0.0062729 -0.832631 0
0.00304699 7 0.00889953 -0.903893 0
0.00304699 7 0.012626 -0.947351 0
0.00304699 7 0.0179128 -0.968587 0
0.00304699 7 0.0254134 -0.970611 0
0.00304699 7 0.0360547 -0.954373 0
0.00304699 7 0.0511518 -0.919342 0
0.00304699 7 0.0725704 -0.86389 0
0.00304699 7 0.102958 -0.785999 0
0.00304699 7 0.146069 -0.68482 0
0.00304699 7 0.207231 -0.562348 0
0.00304699 7 0.294005 -0.425601 0
0.00304699 7 0.417112 -0.288226 0
0.00304699 7 0.591769 -0.168251 0
0.00304699 7 0.839558 -0.0812971 0
0.00304699 7 1.1911 -0.0317357 0
0.00304699 7 1.68985 -0.0103011 0
0.00304699 7 2.39743 -0.00315166 0
0.00304699 7 3.4013 -0.00115549 0
0.00304699 7 4.82552 -0.000507131 0
0.00304699 7 6.8461 -0.000235253 0
0.00304699 7 9.71274 -0.000114795 0
0.00304699 7 13.7797 -5.51753e-05 0
0.00304699 7 19.5497 -2.63375e-05 0
0.00304699 7 27.7356 -1.27597e-05 0
0.00304699 7 39.3493 -6.15266e-06 0
0.00304699 7 55.8259 -2.95947e-06 0
0.00304699 7 79.2016 -1.4262e-06 0
0.00304699 7 112.365 -6.86881e-07 0
0.00304699 7 159.416 -3.30713e-07 0
0.00304699 7 226.168 -1.59454e-07 0
0.00304699 7 320.87 -7.69185e-08 0
0.00304699 7 455.227 -3.70758e-08 0
0.00304699 7 645.842 -1.78597e-08 0
0.00304699 7 916.274 -8.60335e-09 0
0.00304699 7 1299.94 -4.13426e-09 0
0.00304699 7 1844.26 -1.98005e-09 0
0.00304699 7 2616.5 -9.44055e-10 0
0.00304699 7 3712.11 -4.47504e-10 0
0.00304699 7 5266.46 -2.10205e-10 0
0.00304699 7 7471.67 -9.75412e-11 0
0.00304699 7 10600.3 -4.45567e-11 0
0.00304699 7 15038.9 -1.99573e-11 0
0.00304699 7 21336 -8.73012e-12 0
0.00304699 7 30270 -3.7167e-12 0
0.00304699 7 42944.9 -1.53643e-12 0
0.00304699 7 60927 -6.1632e-13 0
0.00304699 7 86438.8 -2.40178e-13 0
0.00304699 7 122633 -9.11702e-14 0
0.00304699 7 173983 -3.38308e-14 0
0.00304699 7 246834 -1.23215e-14 0
0.00304699 7 350190 -4.42312e-15 0
0.00304699 7 496824 -1.5698e-15 0
0.00304699 7 704857 -5.5255e-16 0
0.00304699 7 1e+06 -1.93639e-16 0

0.00742964 7 1e-06 1714.22 -0
0.00742964 7 1.41873e-06 1207.95 -0
0.00742964 7 2.01279e-06 851.099 -0
0.00742964 7 2.85559e-06 599.571 -0
0.00742964 7 4.0513e-06 422.28 -0
0.00742964 7 5.74769e-06 297.314 -0
0.00742964 7 8.15441e-06 209.232 -0
0.00742964 7 1.15689e-05 147.146 -0
0.00742964 7 1.64131e-05 103.385 -0
0.00742964 7 2.32857e-05 72.5391 -0
0.00742964 7 3.3036e-05 50.7973 -0
0.00742964 7 4.6869e-05 35.4725 -0
0.00742964 7 6.64944e-05 24.6708 -0
0.00742964 7 9.43373e-05 17.0571 -0
0.00742964 7 0.000133839 11.6906 -0
0.00742964 7 0.000189881 7.90815 -0
0.00742964 7 0.000269389 5.24219 -0
0.00742964 7 0.000382189 3.36328 -0
0.00742964 7 0.000542222 2.03922 -0
0.00742964 7 0.000769265 1.10638 -0
0.00742964 7 0.00109138 0.449467 -0
0.00742964 7 0.00154837 -0.0127013 0
0.00742964 7 0.00219671 -0.337245 0
0.00742964 7 0.00311653 -0.564276 0
0.00742964 7 0.0044215 -0.721862 0
0.00742964 7 0.0062729 -0.829511 0
0.00742964 7 0.00889953 -0.900572 0
0.00742964 7 0.012626 -0.943913 0
0.00742964 7 0.0179128 -0.965105 0
0.00742964 7 0.0254134 -0.967147 0
0.00742964 7 0.0360547 -0.95099 0
0.00742964 7 0.0511518 -0.916106 0
0.00742964 7 0.0725704 -0.860876 0
0.00742964 7 0.102958 -0.783286 0
0.00742964 7 0.146069 -0.68249 0
0.00742964 7 0.207231 -0.560473 0
0.00742964 7 0.294005 -0.424221 0
0.00742964 7 0.417112 -0.287326 0
0.00742964 7 0.591769 -0.167753 0
0.00742964 7 0.839558 -0.0810739 0
0.00742964 7 1.1911 -0.031657 0
0.00742964 7 1.68985 -0.0102784 0
0.00742964 7 2.39743 -0.00314526 0
0.00742964 7 3.4013 -0.00115315 0
0.00742964 7 4.82552 -0.000506079 0
0.00742964 7 6.8461 -0.000234755 0
0.00742964 7 9.71274 -0.000114552 0
0.00742964 7 13.7797 -5.50584e-05 0
0.00742964 7 19.5497 -2.62816e-05 0
0.00742964 7 27.7356 -1.27328e-05 0
0.00742964 7 39.3493 -6.13973e-06 0
0.00742964 7 55.8259 -2.95327e-06 0
0.00742964 7 79.2016 -1.42323e-06 0
0.00742964 7 112.365 -6.85457e-07 0
0.00742964 7 159.416 -3.3003e-07 0
0.00742964 7 226.168 -1.59126e-07 0
0.00742964 7 320.87 -7.67613e-08 0
0.00742964 7 455.227 -3.70005e-08 0
0.00742964 7 645.842 -1.78236e-08 0
0.00742964 7 916.274 -8.58604e-09 0
0.00742964 7 1299.94 -4.12598e-09 0
0.00742964 7 1844.26 -1.97611e-09 0
0.00742964 7 2616.5 -9.42182e-10 0
0.00742964 7 3712.11 -4.4662e-10 0
0.00742964 7 5266.46 -2.09792e-10 0
0.00742964 7 7471.67 -9.73503e-11 0
0.00742964 7 10600.3 -4.44698e-11 0
0.00742964 7 15038.9 -1.99186e-11 0
0.00742964 7 21336 -8.71325e-12 0
0.00742964 7 30270 -3.70955e-12 0
0.00742964 7 42944.9 -1.53349e-12 0
0.00742964 7 60927 -6.15144e-13 0
0.00742964 7 86438.8 -2.39722e-13 0
0.00742964 7 122633 -9.09978e-14 0
0.00742964 7 173983 -3.37671e-14 0
0.00742964 7 246834 -1.22984e-14 0
0.00742964 7 350190 -4.41486e-15 0
0.00742964 7 496824 -1.56688e-15 0
0.00742964 7 704857 -5.51526e-16 0
0.00742964 7 1e+06 -1.93283e-16 0

0.0181161 7 1e-06 1701.87 -0
0.0181161 7 1.41873e-06 1199.25 -0
0.0181161 7 2.01279e-06 844.97 -0
0.0181161 7 2.85559e-06 595.254 -0
0.0181161 7 4.0513e-06 419.239 -0
0.0181161 7 5.74769e-06 295.174 -0
0.0181161 7 8.15441e-06 207.726 -0
0.0181161 7 1.15689e-05 146.088 -0
0.0181161 7 1.64131e-05 102.642 -0
0.0181161 7 2.32857e-05 72.0182 -0
0.0181161 7 3.3036e-05 50.433 -0
0.0181161 7 4.6869e-05 35.2186 -0
0.0181161 7 6.64944e-05 24.4947 -0
0.0181161 7 9.43373e-05 16.9359 -0
0.0181161 7 0.000133839 11.6081 -0
0.0181161 7 0.000189881 7.85282 -0
0.0181161 7 0.000269389 5.20607 -0
0.0181161 7 0.000382189 3.34069 -0
0.0181161 7 0.000542222 2.02617 -0
0.0181161 7 0.000769265 1.10004 -0
0.0181161 7 0.00109138 0.447858 -0
0.0181161 7 0.00154837 -0.0109843 0
0.0181161 7 0.00219671 -0.333196 0
0.0181161 7 0.00311653 -0.558598 0
0.0181161 7 0.0044215 -0.71506 0
0.0181161 7 0.0062729 -0.821948 0
0.0181161 7 0.00889953 -0.892518 0
0.0181161 7 0.012626 -0.935577 0
0.0181161 7 0.0179128 -0.956656 0
0.0181161 7 0.0254134 -0.95874 0
0.0181161 7 0.0360547 -0.942776 0
0.0181161 7 0.0511518 -0.908245 0
0.0181161 7 0.0725704 -0.853547 0
0.0181161 7 0.102958 -0.776685 0
0.0181161 7 0.146069 -0.676818 0
0.0181161 7 0.207231 -0.555906 0
0.0181161 7 0.294005 -0.42086 0
0.0181161 7 0.417112 -0.285142 0
0.0181161 7 0.591769 -0.166551 0
0.0181161 7 0.839558 -0.0805397 0
0.0181161 7 1.1911 -0.0314698 0
0.0181161 7 1.68985 -0.0102238 0
0.0181161 7 2.39743 -0.00312968 0
0.0181161 7 3.4013 -0.00114778 0
0.0181161 7 4.82552 -0.00050379 0
0.0181161 7 6.8461 -0.000233695 0
0.0181161 7 9.71274 -0.000114043 0
0.0181161 7 13.7797 -5.48168e-05 0
0.0181161 7 19.5497 -2.61672e-05 0
0.0181161 7 27.7356 -1.26781e-05 0
0.0181161 7 39.3493 -6.11358e-06 0
0.0181161 7 55.8259 -2.94079e-06 0
0.0181161 7 79.2016 -1.41726e-06 0
0.0181161 7 112.365 -6.82604e-07 0
0.0181161 7 159.416 -3.28666e-07 0
0.0181161 7 226.168 -1.58472e-07 0
0.0181161 7 320.87 -7.64479e-08 0
0.0181161 7 455.227 -3.68502e-08 0
0.0181161 7 645.842 -1.77516e-08 0
0.0181161 7 916.274 -8.55155e-09 0
0.0181161 7 1299.94 -4.10949e-09 0
0.0181161 7 1844.26 -1.96825e-09 0
0.0181161 7 2616.5 -9.38452e-10 0
0.0181161 7 3712.11 -4.44861e-10 0
0.0181161 7 5266.46 -2.08969e-10 0
0.0181161 7 7471.67 -9.69702e-11 0
0.0181161 7 10600.3 -4.4297e-11 0
0.0181161 7 15038.9 -1.98415e-11 0
0.0181161 7 21336 -8.67967e-12 0
0.0181161 7 30270 -3.69531e-12 0
0.0181161 7 42944.9 -1.52763e-12 0
0.0181161 7 60927 -6.12804e-13 0
0.0181161 7 86438.8 -2.38814e-13 0
0.0181161 7 122633 -9.06547e-14 0
0.0181161 7 173983 -3.36403e-14 0
0.0181161 7 246834 -1.22524e-14 0
0.0181161 7 350190 -4.39842e-15 0
0.0181161 7 496824 -1.56107e-15 0
0.0181161 7 704857 -5.49489e-16 0
0.0181161 7 1e+06 -1.92572e-16 0

0.0441734 7 1e-06 1671.96 -0
0.0441734 7 1.41873e-06 1178.17 -0
0.0441734 7 2.01279e-06 830.12 -0
0.0441734 7 2.85559e-06 584.794 -0
0.0441734 7 4.0513e-06 411.873 -0
0.0441734 7 5.74769e-06 289.989 -0
0.0441734 7 8.15441e-06 204.079 -0
0.0441734 7 1.15689e-05 143.524 -0
0.0441734 7 1.64131e-05 100.841 -0
0.0441734 7 2.32857e-05 70.7561 -0
0.0441734 7 3.3036e-05 49.5504 -0
0.0441734 7 4.6869e-05 34.6035 -0
0.0441734 7 6.64944e-05 24.068 -0
0.0441734 7 9.43373e-05 16.6421 -0
0.0441734 7 0.000133839 11.4079 -0
0.0441734 7 0.000189881 7.71872 -0
0.0441734 7 0.000269389 5.11849 -0
0.0441734 7 0.000382189 3.2859 -0
0.0441734 7 0.000542222 1.99448 -0
0.0441734 7 0.000769265 1.08463 -0
0.0441734 7 0.00109138 0.443908 -0
0.0441734 7 0.00154837 -0.00687717 0
0.0441734 7 0.00219671 -0.323437 0
0.0441734 7 0.00311653 -0.544895 0
0.0441734 7 0.0044215 -0.698632 0
0.0441734 7 0.0062729 -0.803677 0
0.0441734 7 0.00889953 -0.873056 0
0.0441734 7 0.012626 -0.915428 0
0.0441734 7 0.0179128 -0.936235 0
0.0441734 7 0.0254134 -0.938417 0
0.0441734 7 0.0360547 -0.922917 0
0.0441734 7 0.0511518 -0.88924 0
0.0441734 7 0.0725704 -0.835824 0
0.0441734 7 0.102958 -0.760719 0
0.0441734 7 0.146069 -0.663096 0
0.0441734 7 0.207231 -0.544852 0
0.0441734 7 0.294005 -0.412723 0
0.0441734 7 0.417112 -0.279849 0
0.0441734 7 0.591769 -0.16364 0
0.0441734 7 0.839558 -0.0792492 0
0.0441734 7 1.1911 -0.0310217 0
0.0441734 7 1.68985 -0.0100952 0
0.0441734 7 2.39743 -0.00309314 0
0.0441734 7 3.4013 -0.00113513 0
0.0441734 7 4.82552 -0.000498639 0
0.0441734 7 6.8461 -0.0002314 0
0.0441734 7 9.71274 -0.000112963 0
0.0441734 7 13.7797 -5.43106e-05 0
0.0441734 7 19.5497 -2.593e-05 0
0.0441734 7 27.7356 -1.25655e-05 0
0.0441734 7 39.3493 -6.06014e-06 0
0.0441734 7 55.8259 -2.9154e-06 0
0.0441734 7 79.2016 -1.40516e-06 0
0.0441734 7 112.365 -6.7683e-07 0
0.0441734 7 159.416 -3.25907e-07 0
0.0441734 7 226.168 -1.57153e-07 0
0.0441734 7 320.87 -7.58156e-08 0
0.0441734 7 455.227 -3.65473e-08 0
0.0441734 7 645.842 -1.76065e-08 0
0.0441734 7 916.274 -8.48207e-09 0
0.0441734 7 1299.94 -4.07628e-09 0
0.0441734 7 1844.26 -1.95242e-09 0
0.0441734 7 2616.5 -9.30941e-10 0
0.0441734 7 3712.11 -4.41318e-10 0
0.0441734 7 5266.46 -2.07313e-10 0
0.0441734 7 7471.67 -9.62049e-11 0
0.0441734 7 10600.3 -4.39489e-11 0
0.0441734 7 15038.9 -1.96863e-11 0
0.0441734 7 21336 -8.61206e-12 0
0.0441734 7 30270 -3.66665e-12 0
0.0441734 7 42944.9 -1.51583e-12 0
0.0441734 7 60927 -6.08093e-13 0
0.0441734 7 86438.8 -2.36987e-13 0
0.0441734 7 122633 -8.99639e-14 0
0.0441734 7 173983 -3.33851e-14 0
0.0441734 7 246834 -1.21598e-14 0
0.0441734 7 350190 -4.36532e-15 0
0.0441734 7 496824 -1.54937e-15 0
0.0441734 7 704857 -5.45386e-16 0
0.0441734 7 1e+06 -1.91142e-16 0

0.107711 7 1e-06 1600.31 -0
0.107711 7 1.41873e-06 1127.68 -0
0.107711 7 2.01279e-06 794.55 -0
0.107711 7 2.85559e-06 559.739 -0
0.107711 7 4.0513e-06 394.23 -0
0.107711 7 5.74769e-06 277.57 -0
0.107711 7 8.15441e-06 195.341 -0
0.107711 7 1.15689e-05 137.382 -0
0.107711 7 1.64131e-05 96.5286 -0
0.107711 7 2.32857e-05 67.7329 -0
0.107711 7 3.3036e-05 47.4361 -0
0.107711 7 4.6869e-05 33.1298 -0
0.107711 7 6.64944e-05 23.0459 -0
0.107711 7 9.43373e-05 15.9382 -0
0.107711 7 0.000133839 10.9284 -0
0.107711 7 0.000189881 7.39728 -0
0.107711 7 0.000269389 4.90849 -0
0.107711 7 0.000382189 3.15444 -0
0.107711 7 0.000542222 1.91836 -0
0.107711 7 0.000769265 1.0475 -0
0.107711 7 0.00109138 0.434222 -0
0.107711 7 0.00154837 0.00273617 -0
0.107711 7 0.00219671 -0.300286 0
0.107711 7 0.00311653 -0.512295 0
0.107711 7 0.0044215 -0.659502 0
0.107711 7 0.0062729 -0.76013 0
0.107711 7 0.00889953 -0.826655 0
0.107711 7 0.012626 -0.867377 0
0.107711 7 0.0179128 -0.887523 0
0.107711 7 0.0254134 -0.88993 0
0.107711 7 0.0360547 -0.875529 0
0.107711 7 0.0511518 -0.843877 0
0.107711 7 0.0725704 -0.793512 0
0.107711 7 0.102958 -0.722588 0
0.107711 7 0.146069 -0.630303 0
0.107711 7 0.207231 -0.518414 0
0.107711 7 0.294005 -0.393237 0
0.107711 7 0.417112 -0.267153 0
0.107711 7 0.591769 -0.156638 0
0.107711 7 0.839558 -0.0761353 0
0.107711 7 1.1911 -0.029939 0
0.107711 7 1.68985 -0.00978741 0
0.107711 7 2.39743 -0.00300753 0
0.107711 7 3.4013 -0.00110538 0
0.107711 7 4.82552 -0.000486275 0
0.107711 7 6.8461 -0.000225886 0
0.107711 7 9.71274 -0.000110375 0
0.107711 7 13.7797 -5.31001e-05 0
0.107711 7 19.5497 -2.53628e-05 0
0.107711 7 27.7356 -1.22964e-05 0
0.107711 7 39.3493 -5.93242e-06 0
0.107711 7 55.8259 -2.85472e-06 0
0.107711 7 79.2016 -1.37624e-06 0
0.107711 7 112.365 -6.63029e-07 0
0.107711 7 159.416 -3.19315e-07 0
0.107711 7 226.168 -1.53997e-07 0
0.107711 7 320.87 -7.43041e-08 0
0.107711 7 455.227 -3.58232e-08 0
0.107711 7 645.842 -1.72597e-08 0
0.107711 7 916.274 -8.31595e-09 0
0.107711 7 1299.94 -3.99688e-09 0
0.107711 7 1844.26 -1.91458e-09 0
0.107711 7 2616.5 -9.12983e-10 0
0.107711 7 3712.11 -4.32847e-10 0
0.107711 7 5266.46 -2.03352e-10 0
0.107711 7 7471.67 -9.43752e-11 0
0.107711 7 10600.3 -4.31167e-11 0
0.107711 7 15038.9 -1.93151e-11 0
0.107711 7 21336 -8.4504e-12 0
0.107711 7 30270 -3.59813e-12 0
0.107711 7 42944.9 -1.48763e-12 0
0.107711 7 60927 -5.96829e-13 0
0.107711 7 86438.8 -2.32616e-13 0
0.107711 7 122633 -8.83121e-14 0
0.107711 7 173983 -3.27747e-14 0
0.107711 7 246834 -1.19384e-14 0
0.107711 7 350190 -4.28618e-15 0
0.107711 7 496824 -1.52139e-15 0
0.107711 7 704857 -5.35577e-16 0
0.107711 7 1e+06 -1.87724e-16 0

0.262636 7 1e-06 1434.13 -0
0.262636 7 1.41873e-06 1010.59 -0
0.262636 7 2.01279e-06 712.054 -0
0.262636 7 2.85559e-06 501.629 -0
0.262636 7 4.0513e-06 353.309 -0
0.262636 7 5.74769e-06 248.764 -0
0.262636 7 8.15441e-06 175.075 -0
0.262636 7 1.15689e-05 123.135 -0
0.262636 7 1.64131e-05 86.5249 -0
0.262636 7 2.32857e-05 60.7198 -0
0.262636 7 3.3036e-05 42.5309 -0
0.262636 7 4.6869e-05 29.7103 -0
0.262636 7 6.64944e-05 20.6737 -0
0.262636 7 9.43373e-05 14.3042 -0
0.262636 7 0.000133839 9.81468 -0
0.262636 7 0.000189881 6.65028 -0
0.262636 7 0.000269389 4.41996 -0
0.262636 7 0.000382189 2.84806 -0
0.262636 7 0.000542222 1.74034 -0
0.262636 7 0.000769265 0.959897 -0
0.262636 7 0.00109138 0.410277 -0
0.262636 7 0.00154837 0.0235549 -0
0.262636 7 0.00219671 -0.248065 0
0.262636 7 0.00311653 -0.438151 0
0.262636 7 0.0044215 -0.570205 0
0.262636 7 0.0062729 -0.660571 0
0.262636 7 0.00889953 -0.720453 0
0.262636 7 0.012626 -0.757319 0
0.262636 7 0.0179128 -0.77589 0
0.262636 7 0.0254134 -0.778761 0
0.262636 7 0.0360547 -0.76683 0
0.262636 7 0.0511518 -0.739771 0
0.262636 7 0.0725704 -0.696343 0
0.262636 7 0.102958 -0.634943 0
0.262636 7 0.146069 -0.554836 0
0.262636 7 0.207231 -0.457467 0
0.262636 7 0.294005 -0.348204 0
0.262636 7 0.417112 -0.237707 0
0.262636 7 0.591769 -0.140316 0
0.262636 7 0.839558 -0.0688297 0
0.262636 7 1.1911 -0.0273812 0
0.262636 7 1.68985 -0.00905835 0
0.262636 7 2.39743 -0.00280655 0
0.262636 7 3.4013 -0.00103639 0
0.262636 7 4.82552 -0.000457412 0
0.262636 7 6.8461 -0.000212919 0
0.262636 7 9.71274 -0.000104286 0
0.262636 7 13.7797 -5.02518e-05 0
0.262636 7 19.5497 -2.40286e-05 0
0.262636 7 27.7356 -1.16634e-05 0
0.262636 7 39.3493 -5.63204e-06 0
0.262636 7 55.8259 -2.71201e-06 0
0.262636 7 79.2016 -1.30823e-06 0
0.262636 7 112.365 -6.30579e-07 0
0.262636 7 159.416 -3.03813e-07 0
0.262636 7 226.168 -1.46579e-07 0
0.262636 7 320.87 -7.07501e-08 0
0.262636 7 455.227 -3.41205e-08 0
0.262636 7 645.842 -1.64441e-08 0
0.262636 7 916.274 -7.92535e-09 0
0.262636 7 1299.94 -3.81017e-09 0
0.262636 7 1844.26 -1.8256e-09 0
0.262636 7 2616.5 -8.70759e-10 0
0.262636 7 3712.11 -4.12929e-10 0
0.262636 7 5266.46 -1.94039e-10 0
0.262636 7 7471.67 -9.0073e-11 0
0.262636 7 10600.3 -4.116e-11 0
0.262636 7 15038.9 -1.84425e-11 0
0.262636 7 21336 -8.07033e-12 0
0.262636 7 30270 -3.43702e-12 0
0.262636 7 42944.9 -1.42132e-12 0
0.262636 7 60927 -5.70346e-13 0
0.262636 7 86438.8 -2.22341e-13 0
0.262636 7 122633 -8.44287e-14 0
0.262636 7 173983 -3.13398e-14 0
0.262636 7 246834 -1.14179e-14 0
0.262636 7 350190 -4.10012e-15 0
0.262636 7 496824 -1.45561e-15 0
0.262636 7 704857 -5.12515e-16 0
0.262636 7 1e+06 -1.79686e-16 0

0.6404 7 1e-06 1087.39 -0
0.6404 7 1.41873e-06 766.267 -0
0.6404 7 2.01279e-06 539.918 -0
0.6404 7 2.85559e-06 380.374 -0
0.6404 7 4.0513e-06 267.918 -0
0.6404 7 5.74769e-06 188.653 -0
0.6404 7 8.15441e-06 132.783 -0
0.6404 7 1.15689e-05 93.4017 -0
0.6404 7 1.64131e-05 65.6439 -0
0.6404 7 2.32857e-05 46.0785 -0
0.6404 7 3.3036e-05 32.2878 -0
0.6404 7 4.6869e-05 22.5673 -0
0.6404 7 6.64944e-05 15.7157 -0
0.6404 7 9.43373e-05 10.8864 -0
0.6404 7 0.000133839 7.48245 -0
0.6404 7 0.000189881 5.08321 -0
0.6404 7 0.000269389 3.39217 -0
0.6404 7 0.000382189 2.20034 -0
0.6404 7 0.000542222 1.36044 -0
0.6404 7 0.000769265 0.768665 -0
0.6404 7 0.00109138 0.351882 -0
0.6404 7 0.00154837 0.0585817 -0
0.6404 7 0.00219671 -0.147486 0
0.6404 7 0.00311653 -0.291788 0
0.6404 7 0.0044215 -0.392164 0
0.6404 7 0.0062729 -0.461036 0
0.6404 7 0.00889953 -0.50694 0
0.6404 7 0.012626 -0.535593 0
0.6404 7 0.0179128 -0.550651 0
0.6404 7 0.0254134 -0.554173 0
0.6404 7 0.0360547 -0.546965 0
0.6404 7 0.0511518 -0.528913 0
0.6404 7 0.0725704 -0.499211 0
0.6404 7 0.102958 -0.456745 0
0.6404 7 0.146069 -0.400935 0
0.6404 7 0.207231 -0.332641 0
0.6404 7 0.294005 -0.255405 0
0.6404 7 0.417112 -0.176494 0
0.6404 7 0.591769 -0.105966 0
0.6404 7 0.839558 -0.0531988 0
0.6404 7 1.1911 -0.0218058 0
0.6404 7 1.68985 -0.00744977 0
0.6404 7 2.39743 -0.00236434 0
0.6404 7 3.4013 -0.000885354 0
0.6404 7 4.82552 -0.000394234 0
0.6404 7 6.8461 -0.000184494 0
0.6404 7 9.71274 -9.09262e-05 0
0.6404 7 13.7797 -4.40026e-05 0
0.6404 7 19.5497 -2.11022e-05 0
0.6404 7 27.7356 -1.02753e-05 0
0.6404 7 39.3493 -4.97351e-06 0
0.6404 7 55.8259 -2.39921e-06 0
0.6404 7 79.2016 -1.15918e-06 0
0.6404 7 112.365 -5.5946e-07 0
0.6404 7 159.416 -2.69841e-07 0
0.6404 7 226.168 -1.30321e-07 0
0.6404 7 320.87 -6.29619e-08 0
0.6404 7 455.227 -3.03894e-08 0
0.6404 7 645.842 -1.46569e-08 0
0.6404 7 916.274 -7.06945e-09 0
0.6404 7 1299.94 -3.40106e-09 0
0.6404 7 1844.26 -1.63062e-09 0
0.6404 7 2616.5 -7.78237e-10 0
0.6404 7 3712.11 -3.69284e-10 0
0.6404 7 5266.46 -1.73633e-10 0
0.6404 7 7471.67 -8.0646e-11 0
0.6404 7 10600.3 -3.68724e-11 0
0.6404 7 15038.9 -1.65303e-11 0
0.6404 7 21336 -7.23748e-12 0
0.6404 7 30270 -3.08399e-12 0
0.6404 7 42944.9 -1.27602e-12 0
0.6404 7 60927 -5.12315e-13 0
0.6404 7 86438.8 -1.99825e-13 0
0.6404 7 122633 -7.59191e-14 0
0.6404 7 173983 -2.81954e-14 0
0.6404 7 246834 -1.02774e-14 0
0.6404 7 350190 -3.69239e-15 0
0.6404 7 496824 -1.31148e-15 0
0.6404 7 704857 -4.6198e-16 0
0.6404 7 1e+06 -1.62072e-16 0

1.56152 7 1e-06 558.613 -0
1.56152 7 1.41873e-06 393.658 -0
1.56152 7 2.01279e-06 277.389 -0
1.56152 7 2.85559e-06 195.436 -0
1.56152 7 4.0513e-06 137.67 -0
1.56152 7 5.74769e-06 96.9541 -0
1.56152 7 8.15441e-06 68.2549 -0
1.56152 7 1.15689e-05 48.026 -0
1.56152 7 1.64131e-05 33.7676 -0
1.56152 7 2.32857e-05 23.7174 -0
1.56152 7 3.3036e-05 16.6335 -0
1.56152 7 4.6869e-05 11.6403 -0
1.56152 7 6.64944e-05 8.12087 -0
1.56152 7 9.43373e-05 5.64016 -0
1.56152 7 0.000133839 3.89164 -0
1.56152 7 0.000189881 2.6592 -0
1.56152 7 0.000269389 1.79054 -0
1.56152 7 0.000382189 1.17831 -0
1.56152 7 0.000542222 0.746841 -0
1.56152 7 0.000769265 0.442813 -0
1.56152 7 0.00109138 0.228653 -0
1.56152 7 0.00154837 0.0778928 -0
1.56152 7 0.00219671 -0.0280991 0
1.56152 7 0.00311653 -0.102422 0
1.56152 7 0.0044215 -0.154264 0
1.56152 7 0.0062729 -0.190038 0
1.56152 7 0.00889953 -0.214174 0
1.56152 7 0.012626 -0.229673 0
1.56152 7 0.0179128 -0.238492 0
1.56152 7 0.0254134 -0.2418 0
1.56152 7 0.0360547 -0.240147 0
1.56152 7 0.0511518 -0.233627 0
1.56152 7 0.0725704 -0.221986 0
1.56152 7 0.102958 -0.204779 0
1.56152 7 0.146069 -0.181704 0
1.56152 7 0.207231 -0.152978 0
1.56152 7 0.294005 -0.119864 0
1.56152 7 0.417112 -0.0852024 0
1.56152 7 0.591769 -0.0532034 0
1.56152 7 0.839558 -0.0281978 0
1.56152 7 1.1911 -0.0124239 0
1.56152 7 1.68985 -0.00461288 0
1.56152 7 2.39743 -0.00157184 0
1.56152 7 3.4013 -0.000616358 0
1.56152 7 4.82552 -0.000281962 0
1.56152 7 6.8461 -0.000133952 0
1.56152 7 9.71274 -6.71555e-05 0
1.56152 7 13.7797 -3.28855e-05 0
1.56152 7 19.5497 -1.58984e-05 0
1.56152 7 27.7356 -7.80834e-06 0
1.56152 7 39.3493 -3.80363e-06 0
1.56152 7 55.8259 -1.84371e-06 0
1.56152 7 79.2016 -8.94564e-07 0
1.56152 7 112.365 -4.33232e-07 0
1.56152 7 159.416 -2.09553e-07 0
1.56152 7 226.168 -1.01474e-07 0
1.56152 7 320.87 -4.91439e-08 0
1.56152 7 455.227 -2.37701e-08 0
1.56152 7 645.842 -1.14865e-08 0
1.56152 7 916.274 -5.55111e-09 0
1.56152 7 1299.94 -2.67532e-09 0
1.56152 7 1844.26 -1.28476e-09 0
1.56152 7 2616.5 -6.14114e-10 0
1.56152 7 3712.11 -2.91863e-10 0
1.56152 7 5266.46 -1.37435e-10 0
1.56152 7 7471.67 -6.39239e-11 0
1.56152 7 10600.3 -2.9267e-11 0
1.56152 7 15038.9 -1.31385e-11 0
1.56152 7 21336 -5.76016e-12 0
1.56152 7 30270 -2.45778e-12 0
1.56152 7 42944.9 -1.01828e-12 0
1.56152 7 60927 -4.09379e-13 0
1.56152 7 86438.8 -1.59887e-13 0
1.56152 7 122633 -6.08246e-14 0
1.56152 7 173983 -2.26179e-14 0
1.56152 7 246834 -8.25427e-15 0
1.56152 7 350190 -2.96917e-15 0
1.56152 7 496824 -1.05581e-15 0
1.56152 7 704857 -3.72339e-16 0
1.56152 7 1e+06 -1.30829e-16 0

3.80755 7 1e-06 143.698 -0
3.80755 7 1.41873e-06 101.272 -0
3.80755 7 2.01279e-06 71.367 -0
3.80755 7 2.85559e-06 50.2884 -0
3.80755 7 4.0513e-06 35.431 -0
3.80755 7 5.74769e-06 24.9587 -0
3.80755 7 8.15441e-06 17.5772 -0
3.80755 7 1.15689e-05 12.3742 -0
3.80755 7 1.64131e-05 8.70692 -0
3.80755 7 2.32857e-05 6.12199 -0
3.80755 7 3.3036e-05 4.29998 -0
3.80755 7 4.6869e-05 3.01573 -0
3.80755 7 6.64944e-05 2.11051 -0
3.80755 7 9.43373e-05 1.47246 -0
3.80755 7 0.000133839 1.02274 -0
3.80755 7 0.000189881 0.705745 -0
3.80755 7 0.000269389 0.482317 -0
3.80755 7 0.000382189 0.324839 -0
3.80755 7 0.000542222 0.21385 -0
3.80755 7 0.000769265 0.135634 -0
3.80755 7 0.00109138 0.0805232 -0
3.80755 7 0.00154837 0.0417079 -0
3.80755 7 0.00219671 0.0143907 -0
3.80755 7 0.00311653 -0.00480437 0
3.80755 7 0.0044215 -0.0182499 0
3.80755 7 0.0062729 -0.0276084 0
3.80755 7 0.00889953 -0.0340376 0
3.80755 7 0.012626 -0.0383345 0
3.80755 7 0.0179128 -0.0410359 0
3.80755 7 0.0254134 -0.0424862 0
3.80755 7 0.0360547 -0.0428839 0
3.80755 7 0.0511518 -0.0423191 0
3.80755 7 0.0725704 -0.0407979 0
3.80755 7 0.102958 -0.0382697 0
3.80755 7 0.146069 -0.0346791 0
3.80755 7 0.207231 -0.0300221 0
3.80755 7 0.294005 -0.0244345 0
3.80755 7 0.417112 -0.0183048 0
3.80755 7 0.591769 -0.0122993 0
3.80755 7 0.839558 -0.00723026 0
3.80755 7 1.1911 -0.00368124 0
3.80755 7 1.68985 -0.00163383 0
3.80755 7 2.39743 -0.000664015 0
3.80755 7 3.4013 -0.000299306 0
3.80755 7 4.82552 -0.000148976 0
3.80755 7 6.8461 -7.37876e-05 0
3.80755 7 9.71274 -3.86705e-05 0
3.80755 7 13.7797 -1.95326e-05 0
3.80755 7 19.5497 -9.64297e-06 0
3.80755 7 27.7356 -4.8419e-06 0
3.80755 7 39.3493 -2.39733e-06 0
3.80755 7 55.8259 -1.17627e-06 0
3.80755 7 79.2016 -5.76752e-07 0
3.80755 7 112.365 -2.81684e-07 0
3.80755 7 159.416 -1.37195e-07 0
3.80755 7 226.168 -6.68577e-08 0
3.80755 7 320.87 -3.25654e-08 0
3.80755 7 455.227 -1.58292e-08 0
3.80755 7 645.842 -7.68338e-09 0
3.80755 7 916.274 -3.72992e-09 0
3.80755 7 1299.94 -1.80487e-09 0
3.80755 7 1844.26 -8.69935e-10 0
3.80755 7 2616.5 -4.17274e-10 0
3.80755 7 3712.11 -1.99012e-10 0
3.80755 7 5266.46 -9.40233e-11 0
3.80755 7 7471.67 -4.38691e-11 0
3.80755 7 10600.3 -2.01459e-11 0
3.80755 7 15038.9 -9.0707e-12 0
3.80755 7 21336 -3.98844e-12 0
3.80755 7 30270 -1.70677e-12 0
3.80755 7 42944.9 -7.09177e-13 0
3.80755 7 60927 -2.85929e-13 0
3.80755 7 86438.8 -1.1199e-13 0
3.80755 7 122633 -4.27221e-14 0
3.80755 7 173983 -1.59289e-14 0
3.80755 7 246834 -5.82799e-15 0
3.80755 7 350190 -2.10183e-15 0
3.80755 7 496824 -7.49189e-16 0
3.80755 7 704857 -2.64836e-16 0
3.80755 7 1e+06 -9.33599e-17 0

9.28415 7 1e-06 15.7965 -0
9.28415 7 1.41873e-06 11.1335 -0
9.28415 7 2.01279e-06 7.84677 -0
9.28415 7 2.85559e-06 5.5301 -0
9.28415 7 4.0513e-06 3.89718 -0
9.28415 7 5.74769e-06 2.7462 -0
9.28415 7 8.15441e-06 1.93492 -0
9.28415 7 1.15689e-05 1.36309 -0
9.28415 7 1.64131e-05 0.96003 -0
9.28415 7 2.32857e-05 0.675929 -0
9.28415 7 3.3036e-05 0.475679 -0
9.28415 7 4.6869e-05 0.334531 -0
9.28415 7 6.64944e-05 0.235042 -0
9.28415 7 9.43373e-05 0.164917 -0
9.28415 7 0.000133839 0.115488 -0
9.28415 7 0.000189881 0.0806483 -0
9.28415 7 0.000269389 0.0560913 -0
9.28415 7 0.000382189 0.0387824 -0
9.28415 7 0.000542222 0.0265825 -0
9.28415 7 0.000769265 0.0179838 -0
9.28415 7 0.00109138 0.0119236 -0
9.28415 7 0.00154837 0.0076531 -0
9.28415 7 0.00219671 0.00464445 -0
9.28415 7 0.00311653 0.00252584 -0
9.28415 7 0.0044215 0.00103543 -0
9.28415 7 0.0062729 -1.09878e-05 0
9.28415 7 0.00889953 -0.000742769 0
9.28415 7 0.012626 -0.0012504 0
9.28415 7 0.0179128 -0.00159678 0
9.28415 7 0.0254134 -0.00182498 0
9.28415 7 0.0360547 -0.00196366 0
9.28415 7 0.0511518 -0.00203103 0
9.28415 7 0.0725704 -0.00203737 0
9.28415 7 0.102958 -0.00198689 0
9.28415 7 0.146069 -0.00188021 0
9.28415 7 0.207231 -0.00171624 0
9.28415 7 0.294005 -0.0014956 0
9.28415 7 0.417112 -0.00122763 0
9.28415 7 0.591769 -0.000936459 0
9.28415 7 0.839558 -0.000661507 0
9.28415 7 1.1911 -0.000437279 0
9.28415 7 1.68985 -0.000265856 0
9.28415 7 2.39743 -0.000147874 0
9.28415 7 3.4013 -8.78423e-05 0
9.28415 7 4.82552 -5.27904e-05 0
9.28415 7 6.8461 -2.86187e-05 0
9.28415 7 9.71274 -1.65431e-05 0
9.28415 7 13.7797 -8.97274e-06 0
9.28415 7 19.5497 -4.64444e-06 0
9.28415 7 27.7356 -2.45411e-06 0
9.28415 7 39.3493 -1.26153e-06 0
9.28415 7 55.8259 -6.36369e-07 0
9.28415 7 79.2016 -3.19482e-07 0
9.28415 7 112.365 -1.58977e-07 0
9.28415 7 159.416 -7.8605e-08 0
9.28415 7 226.168 -3.88294e-08 0
9.28415 7 320.87 -1.91426e-08 0
9.28415 7 455.227 -9.4003e-09 0
9.28415 7 645.842 -4.60453e-09 0
9.28415 7 916.274 -2.2556e-09 0
9.28415 7 1299.94 -1.10022e-09 0
9.28415 7 1844.26 -5.34138e-10 0
9.28415 7 2616.5 -2.57935e-10 0
9.28415 7 3712.11 -1.2385e-10 0
9.28415 7 5266.46 -5.88823e-11 0
9.28415 7 7471.67 -2.76353e-11 0
9.28415 7 10600.3 -1.27626e-11 0
9.28415 7 15038.9 -5.77795e-12 0
9.28415 7 21336 -2.55429e-12 0
9.28415 7 30270 -1.09885e-12 0
9.28415 7 42944.9 -4.58971e-13 0
9.28415 7 60927 -1.86002e-13 0
9.28415 7 86438.8 -7.32186e-14 0
9.28415 7 122633 -2.80689e-14 0
9.28415 7 173983 -1.05144e-14 0
9.28415 7 246834 -3.86403e-15 0
9.28415 7 350190 -1.39975e-15 0
9.28415 7 496824 -5.00996e-16 0
9.28415 7 704857 -1.77818e-16 0
9.28415 7 1e+06 -6.30305e-17 0

22.638 7 1e-06 1.40953 -0
22.638 7 1.41873e-06 0.993499 -0
22.638 7 2.01279e-06 0.700258 -0
22.638 7 2.85559e-06 0.493565 -0
22.638 7 4.0513e-06 0.347876 -0
22.638 7 5.74769e-06 0.245186 -0
22.638 7 8.15441e-06 0.172804 -0
22.638 7 1.15689e-05 0.121786 -0
22.638 7 1.64131e-05 0.0858246 -0
22.638 7 2.32857e-05 0.0604772 -0
22.638 7 3.3036e-05 0.0426109 -0
22.638 7 4.6869e-05 0.0300177 -0
22.638 7 6.64944e-05 0.0211413 -0
22.638 7 9.43373e-05 0.0148847 -0
22.638 7 0.000133839 0.0104747 -0
22.638 7 0.000189881 0.00736622 -0
22.638 7 0.000269389 0.00517523 -0
22.638 7 0.000382189 0.00363089 -0
22.638 7 0.000542222 0.00254235 -0
22.638 7 0.000769265 0.00177508 -0
22.638 7 0.00109138 0.00123427 -0
22.638 7 0.00154837 0.00085308 -0
22.638 7 0.00219671 0.000584397 -0
22.638 7 0.00311653 0.000395019 -0
22.638 7 0.0044215 0.000261542 -0
22.638 7 0.0062729 0.000167469 -0
22.638 7 0.00889953 0.000101175 -0
22.638 7 0.012626 5.44695e-05 -0
22.638 7 0.0179128 2.15796e-05 -0
22.638 7 0.0254134 -1.55629e-06 0
22.638 7 0.0360547 -1.77864e-05 0
22.638 7 0.0511518 -2.91073e-05 0
22.638 7 0.0725704 -3.68897e-05 0
22.638 7 0.102958 -4.20239e-05 0
22.638 7 0.146069 -4.50461e-05 0
22.638 7 0.207231 -4.61542e-05 0
22.638 7 0.294005 -4.52706e-05 0
22.638 7 0.417112 -4.24177e-05 0
22.638 7 0.591769 -3.827e-05 0
22.638 7 0.839558 -3.44545e-05 0
22.638 7 1.1911 -3.15601e-05 0
22.638 7 1.68985 -2.64216e-05 0
22.638 7 2.39743 -1.90217e-05 0
22.638 7 3.4013 -1.49641e-05 0
22.638 7 4.82552 -1.15546e-05 0
22.638 7 6.8461 -7.04729e-06 0
22.638 7 9.71274 -4.83113e-06 0
22.638 7 13.7797 -3.0049e-06 0
22.638 7 19.5497 -1.69632e-06 0
22.638 7 27.7356 -9.95551e-07 0
22.638 7 39.3493 -5.53448e-07 0
22.638 7 55.8259 -2.95696e-07 0
22.638 7 79.2016 -1.5591e-07 0
22.638 7 112.365 -8.06196e-08 0
22.638 7 159.416 -4.1095e-08 0
22.638 7 226.168 -2.0855e-08 0
22.638 7 320.87 -1.05255e-08 0
22.638 7 455.227 -5.27044e-09 0
22.638 7 645.842 -2.62586e-09 0
22.638 7 916.274 -1.30781e-09 0
22.638 7 1299.94 -6.47135e-10 0
22.638 7 1844.26 -3.18193e-10 0
22.638 7 2616.5 -1.55457e-10 0
22.638 7 3712.11 -7.55066e-11 0
22.638 7 5266.46 -3.62787e-11 0
22.638 7 7471.67 -1.7193e-11 0
22.638 7 10600.3 -8.01322e-12 0
22.638 7 15038.9 -3.6598e-12 0
22.638 7 21336 -1.63172e-12 0
22.638 7 30270 -7.07787e-13 0
22.638 7 42944.9 -2.98013e-13 0
22.638 7 60927 -1.21718e-13 0
22.638 7 86438.8 -4.82772e-14 0
22.638 7 122633 -1.86425e-14 0
22.638 7 173983 -7.03129e-15 0
22.638 7 246834 -2.60062e-15 0
22.638 7 350190 -9.48111e-16 0
22.638 7 496824 -3.41334e-16 0
22.638 7 704857 -1.21839e-16 0
22.638 7 1e+06 -4.35197e-17 0

55.1995 7 1e-06 0.217819 -0
55.1995 7 1.41873e-06 0.15353 -0
55.1995 7 2.01279e-06 0.108216 -0
55.1995 7 2.85559e-06 0.0762763 -0
55.1995 7 4.0513e-06 0.0537632 -0
55.1995 7 5.74769e-06 0.0378946 -0
55.1995 7 8.15441e-06 0.0267095 -0
55.1995 7 1.15689e-05 0.0188257 -0
55.1995 7 1.64131e-05 0.0132687 -0
55.1995 7 2.32857e-05 0.00935176 -0
55.1995 7 3.3036e-05 0.0065909 -0
55.1995 7 4.6869e-05 0.0046449 -0
55.1995 7 6.64944e-05 0.00327324 -0
55.1995 7 9.43373e-05 0.00230641 -0
55.1995 7 0.000133839 0.00162494 -0
55.1995 7 0.000189881 0.0011446 -0
55.1995 7 0.000269389 0.000806027 -0
55.1995 7 0.000382189 0.000567381 -0
55.1995 7 0.000542222 0.00039917 -0
55.1995 7 0.000769265 0.000280605 -0
55.1995 7 0.00109138 0.000197033 -0
55.1995 7 0.00154837 0.000138125 -0
55.1995 7 0.00219671 9.66029e-05 -0
55.1995 7 0.00311653 6.73339e-05 -0
55.1995 7 0.0044215 4.67012e-05 -0
55.1995 7 0.0062729 3.2155e-05 -0
55.1995 7 0.00889953 2.18975e-05 -0
55.1995 7 0.012626 1.46615e-05 -0
55.1995 7 0.0179128 9.55278e-06 -0
55.1995 7 0.0254134 5.94067e-06 -0
55.1995 7 0.0360547 3.3806e-06 -0
55.1995 7 0.0511518 1.55852e-06 -0
55.1995 7 0.0725704 2.54972e-07 -0
55.1995 7 0.102958 -6.78087e-07 0
55.1995 7 0.146069 -1.33549e-06 0
55.1995 7 0.207231 -1.76243e-06 0
55.1995 7 0.294005 -1.96354e-06 0
55.1995 7 0.417112 -1.95587e-06 0
55.1995 7 0.591769 -1.85616e-06 0
55.1995 7 0.839558 -1.92608e-06 0
55.1995 7 1.1911 -2.23711e-06 0
55.1995 7 1.68985 -2.17303e-06 0
55.1995 7 2.39743 -1.56787e-06 0
55.1995 7 3.4013 -1.53571e-06 0
55.1995 7 4.82552 -1.55887e-06 0
55.1995 7 6.8461 -9.96844e-07 0
55.1995 7 9.71274 -8.47076e-07 0
55.1995 7 13.7797 -6.46917e-07 0
55.1995 7 19.5497 -4.03653e-07 0
55.1995 7 27.7356 -2.84737e-07 0
55.1995 7 39.3493 -1.82445e-07 0
55.1995 7 55.8259 -1.08119e-07 0
55.1995 7 79.2016 -6.25629e-08 0
55.1995 7 112.365 -3.48227e-08 0
55.1995 7 159.416 -1.88176e-08 0
55.1995 7 226.168 -1.00582e-08 0
55.1995 7 320.87 -5.30906e-09 0
55.1995 7 455.227 -2.75722e-09 0
55.1995 7 645.842 -1.41732e-09 0
55.1995 7 916.274 -7.27389e-10 0
55.1995 7 1299.94 -3.69173e-10 0
55.1995 7 1844.26 -1.85546e-10 0
55.1995 7 2616.5 -9.24519e-11 0
55.1995 7 3712.11 -4.57652e-11 0
55.1995 7 5266.46 -2.23665e-11 0
55.1995 7 7471.67 -1.07638e-11 0
55.1995 7 10600.3 -5.08839e-12 0
55.1995 7 15038.9 -2.35515e-12 0
55.1995 7 21336 -1.06341e-12 0
55.1995 7 30270 -4.66864e-13 0
55.1995 7 42944.9 -1.98847e-13 0
55.1995 7 60927 -8.21114e-14 0
55.1995 7 86438.8 -3.29098e-14 0
55.1995 7 122633 -1.28345e-14 0
55.1995 7 173983 -4.88517e-15 0
55.1995 7 246834 -1.82216e-15 0
55.1995 7 350190 -6.6983e-16 0
55.1995 7 496824 -2.42959e-16 0
55.1995 7 704857 -8.73477e-17 0
55.1995 7 1e+06 -3.14982e-17 0

134.596 7 1e-06 0.0450678 -0
134.596 7 1.41873e-06 0.0317664 -0
134.596 7 2.01279e-06 0.0223907 -0
134.596 7 2.85559e-06 0.0157822 -0
134.596 7 4.0513e-06 0.0111242 -0
134.596 7 5.74769e-06 0.00784092 -0
134.596 7 8.15441e-06 0.00552669 -0
134.596 7 1.15689e-05 0.00389549 -0
134.596 7 1.64131e-05 0.00274572 -0
134.596 7 2.32857e-05 0.00193531 -0
134.596 7 3.3036e-05 0.00136407 -0
134.596 7 4.6869e-05 0.000961439 -0
134.596 7 6.64944e-05 0.000677638 -0
134.596 7 9.43373e-05 0.000477599 -0
134.596 7 0.000133839 0.0003366 -0
134.596 7 0.000189881 0.000237215 -0
134.596 7 0.000269389 0.000167164 -0
134.596 7 0.000382189 0.000117787 -0
134.596 7 0.000542222 8.29837e-05 -0
134.596 7 0.000769265 5.84521e-05 -0
134.596 7 0.00109138 4.11608e-05 -0
134.596 7 0.00154837 2.89727e-05 -0
134.596 7 0.00219671 2.03817e-05 -0
134.596 7 0.00311653 1.4326e-05 -0
134.596 7 0.0044215 1.00572e-05 -0
134.596 7 0.0062729 7.04776e-06 -0
134.596 7 0.00889953 4.92581e-06 -0
134.596 7 0.012626 3.42913e-06 -0
134.596 7 0.0179128 2.37278e-06 -0
134.596 7 0.0254134 1.62631e-06 -0
134.596 7 0.0360547 1.09775e-06 -0
134.596 7 0.0511518 7.22147e-07 -0
134.596 7 0.0725704 4.5396e-07 -0
134.596 7 0.102958 2.62025e-07 -0
134.596 7 0.146069 1.25778e-07 -0
134.596 7 0.207231 3.38802e-08 -0
134.596 7 0.294005 -1.77784e-08 0
134.596 7 0.417112 -3.4524e-08 0
134.596 7 0.591769 -3.69601e-08 0
134.596 7 0.839558 -6.84744e-08 0
134.596 7 1.1911 -1.42545e-07 0
134.596 7 1.68985 -1.59284e-07 0
134.596 7 2.39743 -8.19184e-08 0
134.596 7 3.4013 -1.11959e-07 0
134.596 7 4.82552 -1.64365e-07 0
134.596 7 6.8461 -9.37959e-08 0
134.596 7 9.71274 -9.95904e-08 0
134.596 7 13.7797 -9.96901e-08 0
134.596 7 19.5497 -6.53885e-08 0
134.596 7 27.7356 -5.96752e-08 0
134.596 7 39.3493 -4.70506e-08 0
134.596 7 55.8259 -3.23089e-08 0
134.596 7 79.2016 -2.15697e-08 0
134.596 7 112.365 -1.34961e-08 0
134.596 7 159.416 -8.00975e-09 0
134.596 7 226.168 -4.65666e-09 0
134.596 7 320.87 -2.6422e-09 0
134.596 7 455.227 -1.45341e-09 0
134.596 7 645.842 -7.83793e-10 0
134.596 7 916.274 -4.20772e-10 0
134.596 7 1299.94 -2.21564e-10 0
134.596 7 1844.26 -1.14847e-10 0
134.596 7 2616.5 -5.8781e-11 0
134.596 7 3712.11 -2.98395e-11 0
134.596 7 5266.46 -1.49064e-11 0
134.596 7 7471.67 -7.31281e-12 0
134.596 7 10600.3 -3.51731e-12 0
134.596 7 15038.9 -1.65398e-12 0
134.596 7 21336 -7.57849e-13 0
134.596 7 30270 -3.37294e-13 0
134.596 7 42944.9 -1.45505e-13 0
134.596 7 60927 -6.08037e-14 0
134.596 7 86438.8 -2.46419e-14 0
134.596 7 122633 -9.70954e-15 0
134.596 7 173983 -3.73046e-15 0
134.596 7 246834 -1.40332e-15 0
134.596 7 350190 -5.20106e-16 0
134.596 7 496824 -1.9003e-16 0
134.596 7 704857 -6.87908e-17 0
134.596 7 1e+06 -2.50305e-17 0

328.193 7 1e-06 0.0114986 -0
328.193 7 1.41873e-06 0.00810487 -0
328.193 7 2.01279e-06 0.00571278 -0
328.193 7 2.85559e-06 0.00402669 -0
328.193 7 4.0513e-06 0.00283824 -0
328.193 7 5.74769e-06 0.00200055 -0
328.193 7 8.15441e-06 0.0014101 -0
328.193 7 1.15689e-05 0.000993916 -0
328.193 7 1.64131e-05 0.000700566 -0
328.193 7 2.32857e-05 0.000493796 -0
328.193 7 3.3036e-05 0.000348053 -0
328.193 7 4.6869e-05 0.000245325 -0
328.193 7 6.64944e-05 0.000172916 -0
328.193 7 9.43373e-05 0.000121878 -0
328.193 7 0.000133839 8.59038e-05 -0
328.193 7 0.000189881 6.05469e-05 -0
328.193 7 0.000269389 4.2674e-05 -0
328.193 7 0.000382189 3.00761e-05 -0
328.193 7 0.000542222 2.11963e-05 -0
328.193 7 0.000769265 1.49374e-05 -0
328.193 7 0.00109138 1.05257e-05 -0
328.193 7 0.00154837 7.41608e-06 -0
328.193 7 0.00219671 5.22421e-06 -0
328.193 7 0.00311653 3.67921e-06 -0
328.193 7 0.0044215 2.59015e-06 -0
328.193 7 0.0062729 1.82243e-06 -0
328.193 7 0.00889953 1.28119e-06 -0
328.193 7 0.012626 8.99531e-07 -0
328.193 7 0.0179128 6.30302e-07 -0
328.193 7 0.0254134 4.40242e-07 -0
328.193 7 0.0360547 3.05904e-07 -0
328.193 7 0.0511518 2.10746e-07 -0
328.193 7 0.0725704 1.43142e-07 -0
328.193 7 0.102958 9.50422e-08 -0
328.193 7 0.146069 6.09896e-08 -0
328.193 7 0.207231 3.76216e-08 -0
328.193 7 0.294005 2.31572e-08 -0
328.193 7 0.417112 1.59525e-08 -0
328.193 7 0.591769 1.21998e-08 -0
328.193 7 0.839558 4.66263e-09 -0
328.193 7 1.1911 -9.14326e-09 0
328.193 7 1.68985 -1.35343e-08 0
328.193 7 2.39743 -2.05332e-09 0
328.193 7 3.4013 -8.48658e-09 0
328.193 7 4.82552 -1.9594e-08 0
328.193 7 6.8461 -9.25804e-09 0
328.193 7 9.71274 -1.1635e-08 0
328.193 7 13.7797 -1.51052e-08 0
328.193 7 19.5497 -9.90042e-09 0
328.193 7 27.7356 -1.13569e-08 0
328.193 7 39.3493 -1.10225e-08 0
328.193 7 55.8259 -8.82766e-09 0
328.193 7 79.2016 -6.92109e-09 0
328.193 7 112.365 -5.00039e-09 0
328.193 7 159.416 -3.3522e-09 0
328.193 7 226.168 -2.17632e-09 0
328.193 7 320.87 -1.35932e-09 0
328.193 7 455.227 -8.06671e-10 0
328.193 7 645.842 -4.6262e-10 0
328.193 7 916.274 -2.62655e-10 0
328.193 7 1299.94 -1.44594e-10 0
328.193 7 1844.26 -7.76938e-11 0
328.193 7 2616.5 -4.09835e-11 0
328.193 7 3712.11 -2.13832e-11 0
328.193 7 5266.46 -1.09324e-11 0
328.193 7 7471.67 -5.47019e-12 0
328.193 7 10600.3 -2.67694e-12 0
328.193 7 15038.9 -1.27841e-12 0
328.193 7 21336 -5.94012e-13 0
328.193 7 30270 -2.67767e-13 0
328.193 7 42944.9 -1.16866e-13 0
328.193 7 60927 -4.93606e-14 0
328.193 7 86438.8 -2.02009e-14 0
328.193 7 122633 -8.03097e-15 0
328.193 7 173983 -3.11023e-15 0
328.193 7 246834 -1.17836e-15 0
328.193 7 350190 -4.39697e-16 0
328.193 7 496824 -1.61607e-16 0
328.193 7 704857 -5.88264e-17 0
328.193 7 1e+06 -2.15578e-17 0

800.25 7 1e-06 0.00338823 -0
800.25 7 1.41873e-06 0.00238822 -0
800.25 7 2.01279e-06 0.00168335 -0
800.25 7 2.85559e-06 0.00118652 -0
800.25 7 4.0513e-06 0.00083633 -0
800.25 7 5.74769e-06 0.000589493 -0
800.25 7 8.15441e-06 0.000415509 -0
800.25 7 1.15689e-05 0.000292875 -0
800.25 7 1.64131e-05 0.000206435 -0
800.25 7 2.32857e-05 0.000145507 -0
800.25 7 3.3036e-05 0.000102562 -0
800.25 7 4.6869e-05 7.22917e-05 -0
800.25 7 6.64944e-05 5.09554e-05 -0
800.25 7 9.43373e-05 3.59164e-05 -0
800.25 7 0.000133839 2.53161e-05 -0
800.25 7 0.000189881 1.78443e-05 -0
800.25 7 0.000269389 1.25778e-05 -0
800.25 7 0.000382189 8.86565e-06 -0
800.25 7 0.000542222 6.24911e-06 -0
800.25 7 0.000769265 4.40483e-06 -0
800.25 7 0.00109138 3.10487e-06 -0
800.25 7 0.00154837 2.18858e-06 -0
800.25 7 0.00219671 1.54272e-06 -0
800.25 7 0.00311653 1.08748e-06 -0
800.25 7 0.0044215 7.66585e-07 -0
800.25 7 0.0062729 5.40389e-07 -0
800.25 7 0.00889953 3.80935e-07 -0
800.25 7 0.012626 2.68518e-07 -0
800.25 7 0.0179128 1.89246e-07 -0
800.25 7 0.0254134 1.33325e-07 -0
800.25 7 0.0360547 9.38494e-08 -0
800.25 7 0.0511518 6.59507e-08 -0
800.25 7 0.0725704 4.62024e-08 -0
800.25 7 0.102958 3.2212e-08 -0
800.25 7 0.146069 2.23277e-08 -0
800.25 7 0.207231 1.54617e-08 -0
800.25 7 0.294005 1.09397e-08 -0
800.25 7 0.417112 8.22441e-09 -0
800.25 7 0.591769 6.51485e-09 -0
800.25 7 0.839558 4.5197e-09 -0
800.25 7 1.1911 1.74129e-09 -0
800.25 7 1.68985 6.25448e-10 -0
800.25 7 2.39743 2.21027e-09 -0
800.25 7 3.4013 9.33647e-10 -0
800.25 7 4.82552 -1.12831e-09 0
800.25 7 6.8461 3.9599e-10 -0
800.25 7 9.71274 -1.13378e-10 0
800.25 7 13.7797 -1.02612e-09 0
800.25 7 19.5497 -2.70283e-10 0
800.25 7 27.7356 -8.43642e-10 0
800.25 7 39.3493 -1.19623e-09 0
800.25 7 55.8259 -1.10142e-09 0
800.25 7 79.2016 -1.0405e-09 0
800.25 7 112.365 -8.90905e-10 0
800.25 7 159.416 -6.94351e-10 0
800.25 7 226.168 -5.32017e-10 0
800.25 7 320.87 -3.92168e-10 0
800.25 7 455.227 -2.67001e-10 0
800.25 7 645.842 -1.72429e-10 0
800.25 7 916.274 -1.10376e-10 0
800.25 7 1299.94 -6.69174e-11 0
800.25 7 1844.26 -3.88902e-11 0
800.25 7 2616.5 -2.19173e-11 0
800.25 7 3712.11 -1.21505e-11 0
800.25 7 5266.46 -6.53418e-12 0
800.25 7 7471.67 -3.41071e-12 0
800.25 7 10600.3 -1.7309e-12 0
800.25 7 15038.9 -8.5336e-13 0
800.25 7 21336 -4.07864e-13 0
800.25 7 30270 -1.88545e-13 0
800.25 7 42944.9 -8.41661e-14 0
800.25 7 60927 -3.62752e-14 0
800.25 7 86438.8 -1.51175e-14 0
800.25 7 122633 -6.10822e-15 0
800.25 7 173983 -2.39946e-15 0
800.25 7 246834 -9.20501e-16 0
800.25 7 350190 -3.47511e-16 0
800.25 7 496824 -1.29019e-16 0
800.25 7 704857 -4.74011e-17 0
800.25 7 1e+06 -1.75758e-17 0

1951.29 7 1e-06 0.00108579 -0
1951.29 7 1.41873e-06 0.000765328 -0
1951.29 7 2.01279e-06 0.000539447 -0
1951.29 7 2.85559e-06 0.000380233 -0
1951.29 7 4.0513e-06 0.00026801 -0
1951.29 7 5.74769e-06 0.000188909 -0
1951.29 7 8.15441e-06 0.000133154 -0
1951.29 7 1.15689e-05 9.38546e-05 -0
1951.29 7 1.64131e-05 6.61542e-05 -0
1951.29 7 2.32857e-05 4.66293e-05 -0
1951.29 7 3.3036e-05 3.2867e-05 -0
1951.29 7 4.6869e-05 2.31666e-05 -0
1951.29 7 6.64944e-05 1.63292e-05 -0
1951.29 7 9.43373e-05 1.15098e-05 -0
1951.29 7 0.000133839 8.1128e-06 -0
1951.29 7 0.000189881 5.7184e-06 -0
1951.29 7 0.000269389 4.0307e-06 -0
1951.29 7 0.000382189 2.8411e-06 -0
1951.29 7 0.000542222 2.00261e-06 -0
1951.29 7 0.000769265 1.41159e-06 -0
1951.29 7 0.00109138 9.95006e-07 -0
1951.29 7 0.00154837 7.01373e-07 -0
1951.29 7 0.00219671 4.94403e-07 -0
1951.29 7 0.00311653 3.48517e-07 -0
1951.29 7 0.0044215 2.45687e-07 -0
1951.29 7 0.0062729 1.73205e-07 -0
1951.29 7 0.00889953 1.22112e-07 -0
1951.29 7 0.012626 8.60952e-08 -0
1951.29 7 0.0179128 6.07029e-08 -0
1951.29 7 0.0254134 4.27976e-08 -0
1951.29 7 0.0360547 3.01677e-08 -0
1951.29 7 0.0511518 2.12535e-08 -0
1951.29 7 0.0725704 1.49571e-08 -0
1951.29 7 0.102958 1.05078e-08 -0
1951.29 7 0.146069 7.36808e-09 -0
1951.29 7 0.207231 5.1712e-09 -0
1951.29 7 0.294005 3.67338e-09 -0
1951.29 7 0.417112 2.69285e-09 -0
1951.29 7 0.591769 2.03411e-09 -0
1951.29 7 0.839558 1.44332e-09 -0
1951.29 7 1.1911 8.07142e-10 -0
1951.29 7 1.68985 4.93359e-10 -0
1951.29 7 2.39743 6.54931e-10 -0
1951.29 7 3.4013 3.82771e-10 -0
1951.29 7 4.82552 -6.79071e-13 0
1951.29 7 6.8461 2.11865e-10 -0
1951.29 7 9.71274 1.10004e-10 -0
1951.29 7 13.7797 -6.76746e-11 0
1951.29 7 19.5497 4.87494e-11 -0
1951.29 7 27.7356 -6.39055e-11 0
1951.29 7 39.3493 -1.50534e-10 0
1951.29 7 55.8259 -1.52793e-10 0
1951.29 7 79.2016 -1.6399e-10 0
1951.29 7 112.365 -1.57595e-10 0
1951.29 7 159.416 -1.36335e-10 0
1951.29 7 226.168 -1.18572e-10 0
1951.29 7 320.87 -1.01113e-10 0
1951.29 7 455.227 -7.84561e-11 0
1951.29 7 645.842 -5.72122e-11 0
1951.29 7 916.274 -4.20629e-11 0
1951.29 7 1299.94 -2.86496e-11 0
1951.29 7 1844.26 -1.83416e-11 0
1951.29 7 2616.5 -1.12299e-11 0
1951.29 7 3712.11 -6.73231e-12 0
1951.29 7 5266.46 -3.8643e-12 0
1951.29 7 7471.67 -2.12884e-12 0
1951.29 7 10600.3 -1.13078e-12 0
1951.29 7 15038.9 -5.79801e-13 0
1951.29 7 21336 -2.86735e-13 0
1951.29 7 30270 -1.36567e-13 0
1951.29 7 42944.9 -6.25827e-14 0
1951.29 7 60927 -2.76018e-14 0
1951.29 7 86438.8 -1.17384e-14 0
1951.29 7 122633 -4.8279e-15 0
1951.29 7 173983 -1.9257e-15 0
1951.29 7 246834 -7.4854e-16 0
1951.29 7 350190 -2.86024e-16 0
1951.29 7 496824 -1.07283e-16 0
1951.29 7 704857 -3.97814e-17 0
1951.29 7 1e+06 -1.49204e-17 0

4757.94 7 1e-06 0.000362095 -0
4757.94 7 1.41873e-06 0.000255225 -0
4757.94 7 2.01279e-06 0.000179898 -0
4757.94 7 2.85559e-06 0.000126802 -0
4757.94 7 4.0513e-06 8.93774e-05 -0
4757.94 7 5.74769e-06 6.29983e-05 -0
4757.94 7 8.15441e-06 4.44049e-05 -0
4757.94 7 1.15689e-05 3.12991e-05 -0
4757.94 7 1.64131e-05 2.20614e-05 -0
4757.94 7 2.32857e-05 1.55502e-05 -0
4757.94 7 3.3036e-05 1.09607e-05 -0
4757.94 7 4.6869e-05 7.72571e-06 -0
4757.94 7 6.64944e-05 5.44553e-06 -0
4757.94 7 9.43373e-05 3.83833e-06 -0
4757.94 7 0.000133839 2.70548e-06 -0
4757.94 7 0.000189881 1.90699e-06 -0
4757.94 7 0.000269389 1.34416e-06 -0
4757.94 7 0.000382189 9.47452e-07 -0
4757.94 7 0.000542222 6.67827e-07 -0
4757.94 7 0.000769265 4.70731e-07 -0
4757.94 7 0.00109138 3.31806e-07 -0
4757.94 7 0.00154837 2.33884e-07 -0
4757.94 7 0.00219671 1.64863e-07 -0
4757.94 7 0.00311653 1.16213e-07 -0
4757.94 7 0.0044215 8.19212e-08 -0
4757.94 7 0.0062729 5.775e-08 -0
4757.94 7 0.00889953 4.07124e-08 -0
4757.94 7 0.012626 2.87027e-08 -0
4757.94 7 0.0179128 2.02366e-08 -0
4757.94 7 0.0254134 1.42681e-08 -0
4757.94 7 0.0360547 1.00597e-08 -0
4757.94 7 0.0511518 7.09145e-09 -0
4757.94 7 0.0725704 4.99714e-09 -0
4757.94 7 0.102958 3.51916e-09 -0
4757.94 7 0.146069 2.47683e-09 -0
4757.94 7 0.207231 1.74472e-09 -0
4757.94 7 0.294005 1.23681e-09 -0
4757.94 7 0.417112 8.90842e-10 -0
4757.94 7 0.591769 6.52163e-10 -0
4757.94 7 0.839558 4.63645e-10 -0
4757.94 7 1.1911 2.95513e-10 -0
4757.94 7 1.68985 1.98592e-10 -0
4757.94 7 2.39743 1.9189e-10 -0
4757.94 7 3.4013 1.25065e-10 -0
4757.94 7 4.82552 4.68713e-11 -0
4757.94 7 6.8461 6.96278e-11 -0
4757.94 7 9.71274 4.54917e-11 -0
4757.94 7 13.7797 1.03132e-11 -0
4757.94 7 19.5497 2.558e-11 -0
4757.94 7 27.7356 3.94698e-12 -0
4757.94 7 39.3493 -1.3756e-11 0
4757.94 7 55.8259 -1.65706e-11 0
4757.94 7 79.2016 -2.10079e-11 0
4757.94 7 112.365 -2.24851e-11 0
4757.94 7 159.416 -2.1047e-11 0
4757.94 7 226.168 -2.02639e-11 0
4757.94 7 320.87 -1.96216e-11 0
4757.94 7 455.227 -1.71254e-11 0
4757.94 7 645.842 -1.40265e-11 0
4757.94 7 916.274 -1.1995e-11 0
4757.94 7 1299.94 -9.37014e-12 0
4757.94 7 1844.26 -6.7708e-12 0
4757.94 7 2616.5 -4.62534e-12 0
4757.94 7 3712.11 -3.09885e-12 0
4757.94 7 5266.46 -1.95693e-12 0
4757.94 7 7471.67 -1.1676e-12 0
4757.94 7 10600.3 -6.63472e-13 0
4757.94 7 15038.9 -3.60408e-13 0
4757.94 7 21336 -1.87338e-13 0
4757.94 7 30270 -9.31604e-14 0
4757.94 7 42944.9 -4.43197e-14 0
4757.94 7 60927 -2.01923e-14 0
4757.94 7 86438.8 -8.83253e-15 0
4757.94 7 122633 -3.72196e-15 0
4757.94 7 173983 -1.51534e-15 0
4757.94 7 246834 -5.99366e-16 0
4757.94 7 350190 -2.32642e-16 0
4757.94 7 496824 -8.84079e-17 0
4757.94 7 704857 -3.31646e-17 0
4757.94 7 1e+06 -1.26144e-17 0

11601.6 7 1e-06 0.000121567 -0
11601.6 7 1.41873e-06 8.56876e-05 -0
11601.6 7 2.01279e-06 6.03975e-05 -0
11601.6 7 2.85559e-06 4.25716e-05 -0
11601.6 7 4.0513e-06 3.00069e-05 -0
11601.6 7 5.74769e-06 2.11506e-05 -0
11601.6 7 8.15441e-06 1.49082e-05 -0
11601.6 7 1.15689e-05 1.05081e-05 -0
11601.6 7 1.64131e-05 7.40674e-06 -0
11601.6 7 2.32857e-05 5.22069e-06 -0
11601.6 7 3.3036e-05 3.67985e-06 -0
11601.6 7 4.6869e-05 2.59377e-06 -0
11601.6 7 6.64944e-05 1.82824e-06 -0
11601.6 7 9.43373e-05 1.28865e-06 -0
11601.6 7 0.000133839 9.08315e-07 -0
11601.6 7 0.000189881 6.40234e-07 -0
11601.6 7 0.000269389 4.51276e-07 -0
11601.6 7 0.000382189 3.18086e-07 -0
11601.6 7 0.000542222 2.24207e-07 -0
11601.6 7 0.000769265 1.58036e-07 -0
11601.6 7 0.00109138 1.11394e-07 -0
11601.6 7 0.00154837 7.85185e-08 -0
11601.6 7 0.00219671 5.53458e-08 -0
11601.6 7 0.00311653 3.90124e-08 -0
11601.6 7 0.0044215 2.74996e-08 -0
11601.6 7 0.0062729 1.93847e-08 -0
11601.6 7 0.00889953 1.36648e-08 -0
11601.6 7 0.012626 9.63292e-09 -0
11601.6 7 0.0179128 6.79091e-09 -0
11601.6 7 0.0254134 4.78751e-09 -0
11601.6 7 0.0360547 3.37516e-09 -0
11601.6 7 0.0511518 2.37934e-09 -0
11601.6 7 0.0725704 1.6771e-09 -0
11601.6 7 0.102958 1.18183e-09 -0
11601.6 7 0.146069 8.32639e-10 -0
11601.6 7 0.207231 5.86929e-10 -0
11601.6 7 0.294005 4.15043e-10 -0
11601.6 7 0.417112 2.95824e-10 -0
11601.6 7 0.591769 2.12625e-10 -0
11601.6 7 0.839558 1.50716e-10 -0
11601.6 7 1.1911 1.01405e-10 -0
11601.6 7 1.68985 7.0122e-11 -0
11601.6 7 2.39743 5.80058e-11 -0
11601.6 7 3.4013 3.94583e-11 -0
11601.6 7 4.82552 2.13578e-11 -0
11601.6 7 6.8461 2.11648e-11 -0
11601.6 7 9.71274 1.45782e-11 -0
11601.6 7 13.7797 6.93476e-12 -0
11601.6 7 19.5497 8.08959e-12 -0
11601.6 7 27.7356 3.61854e-12 -0
11601.6 7 39.3493 -1.53278e-14 0
11601.6 7 55.8259 -9.97616e-13 0
11601.6 7 79.2016 -2.14665e-12 0
11601.6 7 112.365 -2.74209e-12 0
11601.6 7 159.416 -2.78516e-12 0
11601.6 7 226.168 -2.92961e-12 0
11601.6 7 320.87 -3.13631e-12 0
11601.6 7 455.227 -2.97312e-12 0
11601.6 7 645.842 -2.64092e-12 0
11601.6 7 916.274 -2.55823e-12 0
11601.6 7 1299.94 -2.26263e-12 0
11601.6 7 1844.26 -1.84366e-12 0
11601.6 7 2616.5 -1.41796e-12 0
11601.6 7 3712.11 -1.08696e-12 0
11601.6 7 5266.46 -7.77391e-13 0
11601.6 7 7471.67 -5.17331e-13 0
11601.6 7 10600.3 -3.23392e-13 0
11601.6 7 15038.9 -1.90993e-13 0
11601.6 7 21336 -1.06841e-13 0
11601.6 7 30270 -5.66606e-14 0
11601.6 7 42944.9 -2.85108e-14 0
11601.6 7 60927 -1.36369e-14 0
11601.6 7 86438.8 -6.22027e-15 0
11601.6 7 122633 -2.71657e-15 0
11601.6 7 173983 -1.13951e-15 0
11601.6 7 246834 -4.62113e-16 0
11601.6 7 350190 -1.83392e-16 0
11601.6 7 496824 -7.09705e-17 0
11601.6 7 704857 -2.70484e-17 0
11601.6 7 1e+06 -1.04821e-17 0

28288.7 7 1e-06 3.97829e-05 -0
28288.7 7 1.41873e-06 2.80413e-05 -0
28288.7 7 2.01279e-06 1.97651e-05 -0
28288.7 7 2.85559e-06 1.39316e-05 -0
28288.7 7 4.0513e-06 9.81978e-06 -0
28288.7 7 5.74769e-06 6.92155e-06 -0
28288.7 7 8.15441e-06 4.8787e-06 -0
28288.7 7 1.15689e-05 3.43879e-06 -0
28288.7 7 1.64131e-05 2.42386e-06 -0
28288.7 7 2.32857e-05 1.70847e-06 -0
28288.7 7 3.3036e-05 1.20423e-06 -0
28288.7 7 4.6869e-05 8.48812e-07 -0
28288.7 7 6.64944e-05 5.98291e-07 -0
28288.7 7 9.43373e-05 4.2171e-07 -0
28288.7 7 0.000133839 2.97246e-07 -0
28288.7 7 0.000189881 2.09516e-07 -0
28288.7 7 0.000269389 1.47679e-07 -0
28288.7 7 0.000382189 1.04093e-07 -0
28288.7 7 0.000542222 7.33712e-08 -0
28288.7 7 0.000769265 5.17165e-08 -0
28288.7 7 0.00109138 3.64531e-08 -0
28288.7 7 0.00154837 2.56945e-08 -0
28288.7 7 0.00219671 1.81112e-08 -0
28288.7 7 0.00311653 1.27661e-08 -0
28288.7 7 0.0044215 8.99857e-09 -0
28288.7 7 0.0062729 6.34297e-09 -0
28288.7 7 0.00889953 4.47114e-09 -0
28288.7 7 0.012626 3.15176e-09 -0
28288.7 7 0.0179128 2.22175e-09 -0
28288.7 7 0.0254134 1.5662e-09 -0
28288.7 7 0.0360547 1.1041e-09 -0
28288.7 7 0.0511518 7.78326e-10 -0
28288.7 7 0.0725704 5.4865e-10 -0
28288.7 7 0.102958 3.86715e-10 -0
28288.7 7 0.146069 2.72558e-10 -0
28288.7 7 0.207231 1.92162e-10 -0
28288.7 7 0.294005 1.35704e-10 -0
28288.7 7 0.417112 9.62223e-11 -0
28288.7 7 0.591769 6.85276e-11 -0
28288.7 7 0.839558 4.84795e-11 -0
28288.7 7 1.1911 3.34319e-11 -0
28288.7 7 1.68985 2.33868e-11 -0
28288.7 7 2.39743 1.79118e-11 -0
28288.7 7 3.4013 1.24357e-11 -0
28288.7 7 4.82552 7.76247e-12 -0
28288.7 7 6.8461 6.49996e-12 -0
28288.7 7 9.71274 4.56936e-12 -0
28288.7 7 13.7797 2.71886e-12 -0
28288.7 7 19.5497 2.4775e-12 -0
28288.7 7 27.7356 1.44922e-12 -0
28288.7 7 39.3493 6.40599e-13 -0
28288.7 7 55.8259 3.27354e-13 -0
28288.7 7 79.2016 2.85513e-14 -0
28288.7 7 112.365 -1.5128e-13 0
28288.7 7 159.416 -2.19212e-13 0
28288.7 7 226.168 -2.9219e-13 0
28288.7 7 320.87 -3.72629e-13 0
28288.7 7 455.227 -3.84939e-13 0
28288.7 7 645.842 -3.63136e-13 0
28288.7 7 916.274 -3.94794e-13 0
28288.7 7 1299.94 -3.87024e-13 0
28288.7 7 1844.26 -3.47579e-13 0
28288.7 7 2616.5 -2.9581e-13 0
28288.7 7 3712.11 -2.59733e-13 0
28288.7 7 5266.46 -2.13321e-13 0
28288.7 7 7471.67 -1.62049e-13 0
28288.7 7 10600.3 -1.14761e-13 0
28288.7 7 15038.9 -7.61527e-14 0
28288.7 7 21336 -4.74514e-14 0
28288.7 7 30270 -2.77698e-14 0
28288.7 7 42944.9 -1.52643e-14 0
28288.7 7 60927 -7.89179e-15 0
28288.7 7 86438.8 -3.85062e-15 0
28288.7 7 122633 -1.78086e-15 0
28288.7 7 173983 -7.83287e-16 0
28288.7 7 246834 -3.30421e-16 0
28288.7 7 350190 -1.35754e-16 0
28288.7 7 496824 -5.40251e-17 0
28288.7 7 704857 -2.10892e-17 0
28288.7 7 1e+06 -8.40032e-18 0

68977.9 7 1e-06 1.23693e-05 -0
68977.9 7 1.41873e-06 8.7186e-06 -0
68977.9 7 2.01279e-06 6.14537e-06 -0
68977.9 7 2.85559e-06 4.33161e-06 -0
68977.9 7 4.0513e-06 3.05317e-06 -0
68977.9 7 5.74769e-06 2.15205e-06 -0
68977.9 7 8.15441e-06 1.51689e-06 -0
68977.9 7 1.15689e-05 1.06919e-06 -0
68977.9 7 1.64131e-05 7.53625e-07 -0
68977.9 7 2.32857e-05 5.31198e-07 -0
68977.9 7 3.3036e-05 3.74419e-07 -0
68977.9 7 4.6869e-05 2.63912e-07 -0
68977.9 7 6.64944e-05 1.86021e-07 -0
68977.9 7 9.43373e-05 1.31118e-07 -0
68977.9 7 0.000133839 9.24196e-08 -0
68977.9 7 0.000189881 6.51427e-08 -0
68977.9 7 0.000269389 4.59163e-08 -0
68977.9 7 0.000382189 3.23645e-08 -0
68977.9 7 0.000542222 2.28124e-08 -0
68977.9 7 0.000769265 1.60796e-08 -0
68977.9 7 0.00109138 1.13339e-08 -0
68977.9 7 0.00154837 7.9888e-09 -0
68977.9 7 0.00219671 5.63102e-09 -0
68977.9 7 0.00311653 3.96912e-09 -0
68977.9 7 0.0044215 2.79771e-09 -0
68977.9 7 0.0062729 1.97204e-09 -0
68977.9 7 0.00889953 1.39005e-09 -0
68977.9 7 0.012626 9.79835e-10 -0
68977.9 7 0.0179128 6.90686e-10 -0
68977.9 7 0.0254134 4.86872e-10 -0
68977.9 7 0.0360547 3.43205e-10 -0
68977.9 7 0.0511518 2.41933e-10 -0
68977.9 7 0.0725704 1.70542e-10 -0
68977.9 7 0.102958 1.20214e-10 -0
68977.9 7 0.146069 8.4737e-11 -0
68977.9 7 0.207231 5.97419e-11 -0
68977.9 7 0.294005 4.2158e-11 -0
68977.9 7 0.417112 2.98145e-11 -0
68977.9 7 0.591769 2.11358e-11 -0
68977.9 7 0.839558 1.49332e-11 -0
68977.9 7 1.1911 1.04129e-11 -0
68977.9 7 1.68985 7.31754e-12 -0
68977.9 7 2.39743 5.3958e-12 -0
68977.9 7 3.4013 3.77938e-12 -0
68977.9 7 4.82552 2.50823e-12 -0
68977.9 7 6.8461 1.94132e-12 -0
68977.9 7 9.71274 1.3733e-12 -0
68977.9 7 13.7797 8.93302e-13 -0
68977.9 7 19.5497 7.27521e-13 -0
68977.9 7 27.7356 4.71422e-13 -0
68977.9 7 39.3493 2.76952e-13 -0
68977.9 7 55.8259 1.81578e-13 -0
68977.9 7 79.2016 1.01459e-13 -0
68977.9 7 112.365 4.97348e-14 -0
68977.9 7 159.416 2.26979e-14 -0
68977.9 7 226.168 -8.53255e-16 0
68977.9 7 320.87 -2.30185e-14 0
68977.9 7 455.227 -3.18965e-14 0
68977.9 7 645.842 -3.36408e-14 0
68977.9 7 916.274 -4.46458e-14 0
68977.9 7 1299.94 -4.89674e-14 0
68977.9 7 1844.26 -4.74268e-14 0
68977.9 7 2616.5 -4.32232e-14 0
68977.9 7 3712.11 -4.26992e-14 0
68977.9 7 5266.46 -3.97131e-14 0
68977.9 7 7471.67 -3.42325e-14 0
68977.9 7 10600.3 -2.75963e-14 0
68977.9 7 15038.9 -2.08987e-14 0
68977.9 7 21336 -1.48803e-14 0
68977.9 7 30270 -9.93722e-15 0
68977.9 7 42944.9 -6.19942e-15 0
68977.9 7 60927 -3.60316e-15 0
68977.9 7 86438.8 -1.95169e-15 0
68977.9 7 122633 -9.87848e-16 0
68977.9 7 173983 -4.68352e-16 0
68977.9 7 246834 -2.10386e-16 0
68977.9 7 350190 -9.13757e-17 0
68977.9 7 496824 -3.80184e-17 0
68977.9 7 704857 -1.54104e-17 0
68977.9 7 1e+06 -6.40261e-18 0

168192 7 1e-06 3.5824e-06 -0
168192 7 1.41873e-06 2.52508e-06 -0
168192 7 2.01279e-06 1.77982e-06 -0
168192 7 2.85559e-06 1.25452e-06 -0
168192 7 4.0513e-06 8.84258e-07 -0
168192 7 5.74769e-06 6.23276e-07 -0
168192 7 8.15441e-06 4.39321e-07 -0
168192 7 1.15689e-05 3.09658e-07 -0
168192 7 1.64131e-05 2.18265e-07 -0
168192 7 2.32857e-05 1.53846e-07 -0
168192 7 3.3036e-05 1.08439e-07 -0
168192 7 4.6869e-05 7.64342e-08 -0
168192 7 6.64944e-05 5.38753e-08 -0
168192 7 9.43373e-05 3.79744e-08 -0
168192 7 0.000133839 2.67665e-08 -0
168192 7 0.000189881 1.88666e-08 -0
168192 7 0.000269389 1.32983e-08 -0
168192 7 0.000382189 9.3734e-09 -0
168192 7 0.000542222 6.60692e-09 -0
168192 7 0.000769265 4.65694e-09 -0
168192 7 0.00109138 3.28249e-09 -0
168192 7 0.00154837 2.3137e-09 -0
168192 7 0.00219671 1.63084e-09 -0
168192 7 0.00311653 1.14952e-09 -0
168192 7 0.0044215 8.10255e-10 -0
168192 7 0.0062729 5.71124e-10 -0
168192 7 0.00889953 4.0257e-10 -0
168192 7 0.012626 2.83763e-10 -0
168192 7 0.0179128 2.0002e-10 -0
168192 7 0.0254134 1.40993e-10 -0
168192 7 0.0360547 9.93857e-11 -0
168192 7 0.0511518 7.00575e-11 -0
168192 7 0.0725704 4.93839e-11 -0
168192 7 0.102958 3.48107e-11 -0
168192 7 0.146069 2.45382e-11 -0
168192 7 0.207231 1.72994e-11 -0
168192 7 0.294005 1.22026e-11 -0
168192 7 0.417112 8.61826e-12 -0
168192 7 0.591769 6.09536e-12 -0
168192 7 0.839558 4.30322e-12 -0
168192 7 1.1911 3.01593e-12 -0
168192 7 1.68985 2.12332e-12 -0
168192 7 2.39743 1.53637e-12 -0
168192 7 3.4013 1.08015e-12 -0
168192 7 4.82552 7.37179e-13 -0
168192 7 6.8461 5.4885e-13 -0
168192 7 9.71274 3.88775e-13 -0
168192 7 13.7797 2.63002e-13 -0
168192 7 19.5497 2.02381e-13 -0
168192 7 27.7356 1.37035e-13 -0
168192 7 39.3493 8.86859e-14 -0
168192 7 55.8259 6.13836e-14 -0
168192 7 79.2016 4.00308e-14 -0
168192 7 112.365 2.57368e-14 -0
168192 7 159.416 1.7186e-14 -0
168192 7 226.168 1.04038e-14 -0
168192 7 320.87 4.6637e-15 -0
168192 7 455.227 1.68531e-15 -0
168192 7 645.842 2.93068e-16 -0
168192 7 916.274 -2.43387e-15 0
168192 7 1299.94 -3.92372e-15 0
168192 7 1844.26 -4.32955e-15 0
168192 7 2616.5 -4.21582e-15 0
168192 7 3712.11 -4.843e-15 0
168192 7 5266.46 -5.11022e-15 0
168192 7 7471.67 -4.92646e-15 0
168192 7 10600.3 -4.44643e-15 0
168192 7 15038.9 -3.80062e-15 0
168192 7 21336 -3.09017e-15 0
168192 7 30270 -2.38493e-15 0
168192 7 42944.9 -1.73338e-15 0
168192 7 60927 -1.17439e-15 0
168192 7 86438.8 -7.35869e-16 0
168192 7 122633 -4.24641e-16 0
168192 7 173983 -2.25199e-16 0
168192 7 246834 -1.11498e-16 0
168192 7 350190 -5.29261e-17 0
168192 7 496824 -2.36589e-17 0
168192 7 704857 -1.01922e-17 0
168192 7 1e+06 -4.52961e-18 0

410113 7 1e-06 9.5094e-07 -0
410113 7 1.41873e-06 6.70277e-07 -0
410113 7 2.01279e-06 4.7245e-07 -0
410113 7 2.85559e-06 3.3301e-07 -0
410113 7 4.0513e-06 2.34724e-07 -0
410113 7 5.74769e-06 1.65447e-07 -0
410113 7 8.15441e-06 1.16617e-07 -0
410113 7 1.15689e-05 8.21982e-08 -0
410113 7 1.64131e-05 5.7938e-08 -0
410113 7 2.32857e-05 4.0838e-08 -0
410113 7 3.3036e-05 2.8785e-08 -0
410113 7 4.6869e-05 2.02893e-08 -0
410113 7 6.64944e-05 1.43011e-08 -0
410113 7 9.43373e-05 1.00802e-08 -0
410113 7 0.000133839 7.10512e-09 -0
410113 7 0.000189881 5.0081e-09 -0
410113 7 0.000269389 3.53e-09 -0
410113 7 0.000382189 2.48815e-09 -0
410113 7 0.000542222 1.75379e-09 -0
410113 7 0.000769265 1.23617e-09 -0
410113 7 0.00109138 8.71328e-10 -0
410113 7 0.00154837 6.14164e-10 -0
410113 7 0.00219671 4.32899e-10 -0
410113 7 0.00311653 3.05134e-10 -0
410113 7 0.0044215 2.15078e-10 -0
410113 7 0.0062729 1.51601e-10 -0
410113 7 0.00889953 1.06859e-10 -0
410113 7 0.012626 7.53216e-11 -0
410113 7 0.0179128 5.30924e-11 -0
410113 7 0.0254134 3.74239e-11 -0
410113 7 0.0360547 2.63797e-11 -0
410113 7 0.0511518 1.85948e-11 -0
410113 7 0.0725704 1.31074e-11 -0
410113 7 0.102958 9.23936e-12 -0
410113 7 0.146069 6.51287e-12 -0
410113 7 0.207231 4.59137e-12 -0
410113 7 0.294005 3.23788e-12 -0
410113 7 0.417112 2.28521e-12 -0
410113 7 0.591769 1.61428e-12 -0
410113 7 0.839558 1.13912e-12 -0
410113 7 1.1911 8.00278e-13 -0
410113 7 1.68985 5.63844e-13 -0
410113 7 2.39743 4.04057e-13 -0
410113 7 3.4013 2.84516e-13 -0
410113 7 4.82552 1.96776e-13 -0
410113 7 6.8461 1.43621e-13 -0
410113 7 9.71274 1.01709e-13 -0
410113 7 13.7797 7.00605e-14 -0
410113 7 19.5497 5.23144e-14 -0
410113 7 27.7356 3.61257e-14 -0
410113 7 39.3493 2.43408e-14 -0
410113 7 55.8259 1.71373e-14 -0
410113 7 79.2016 1.1716e-14 -0
410113 7 112.365 8.01705e-15 -0
410113 7 159.416 5.65777e-15 -0
410113 7 226.168 3.8706e-15 -0
410113 7 320.87 2.45146e-15 -0
410113 7 455.227 1.62361e-15 -0
410113 7 645.842 1.15426e-15 -0
410113 7 916.274 5.29439e-16 -0
410113 7 1299.94 1.51398e-16 -0
410113 7 1844.26 -1.65371e-17 0
410113 7 2616.5 -7.68399e-17 0
410113 7 3712.11 -2.59264e-16 0
410113 7 5266.46 -3.84747e-16 0
410113 7 7471.67 -4.38224e-16 0
410113 7 10600.3 -4.44258e-16 0
410113 7 15038.9 -4.21803e-16 0
410113 7 21336 -3.84342e-16 0
410113 7 30270 -3.39175e-16 0
410113 7 42944.9 -2.88372e-16 0
410113 7 60927 -2.32464e-16 0
410113 7 86438.8 -1.74287e-16 0
410113 7 122633 -1.1942e-16 0
410113 7 173983 -7.38406e-17 0
410113 7 246834 -4.22227e-17 0
410113 7 350190 -2.3111e-17 0
410113 7 496824 -1.16302e-17 0
410113 7 704857 -5.55707e-18 0
410113 7 1e+06 -2.77672e-18 0

1e+06 7 1e-06 2.30238e-07 -0
1e+06 7 1.41873e-06 1.62285e-07 -0
1e+06 7 2.01279e-06 1.14388e-07 -0
1e+06 7 2.85559e-06 8.06272e-08 -0
1e+06 7 4.0513e-06 5.68306e-08 -0
1e+06 7 5.74769e-06 4.00575e-08 -0
1e+06 7 8.15441e-06 2.82348e-08 -0
1e+06 7 1.15689e-05 1.99015e-08 -0
1e+06 7 1.64131e-05 1.40277e-08 -0
1e+06 7 2.32857e-05 9.88756e-09 -0
1e+06 7 3.3036e-05 6.96932e-09 -0
1e+06 7 4.6869e-05 4.91238e-09 -0
1e+06 7 6.64944e-05 3.46252e-09 -0
1e+06 7 9.43373e-05 2.44059e-09 -0
1e+06 7 0.000133839 1.72027e-09 -0
1e+06 7 0.000189881 1.21254e-09 -0
1e+06 7 0.000269389 8.5467e-10 -0
1e+06 7 0.000382189 6.02421e-10 -0
1e+06 7 0.000542222 4.24621e-10 -0
1e+06 7 0.000769265 2.99298e-10 -0
1e+06 7 0.00109138 2.10962e-10 -0
1e+06 7 0.00154837 1.48699e-10 -0
1e+06 7 0.00219671 1.04812e-10 -0
1e+06 7 0.00311653 7.38776e-11 -0
1e+06 7 0.0044215 5.20735e-11 -0
1e+06 7 0.0062729 3.67047e-11 -0
1e+06 7 0.00889953 2.58718e-11 -0
1e+06 7 0.012626 1.82362e-11 -0
1e+06 7 0.0179128 1.28542e-11 -0
1e+06 7 0.0254134 9.0606e-12 -0
1e+06 7 0.0360547 6.38664e-12 -0
1e+06 7 0.0511518 4.50184e-12 -0
1e+06 7 0.0725704 3.17329e-12 -0
1e+06 7 0.102958 2.23682e-12 -0
1e+06 7 0.146069 1.57673e-12 -0
1e+06 7 0.207231 1.1115e-12 -0
1e+06 7 0.294005 7.83735e-13 -0
1e+06 7 0.417112 5.52922e-13 -0
1e+06 7 0.591769 3.90326e-13 -0
1e+06 7 0.839558 2.75351e-13 -0
1e+06 7 1.1911 1.93672e-13 -0
1e+06 7 1.68985 1.3649e-13 -0
1e+06 7 2.39743 9.73053e-14 -0
1e+06 7 3.4013 6.8558e-14 -0
1e+06 7 4.82552 4.77276e-14 -0
1e+06 7 6.8461 3.44621e-14 -0
1e+06 7 9.71274 2.4387e-14 -0
1e+06 7 13.7797 1.69419e-14 -0
1e+06 7 19.5497 1.2438e-14 -0
1e+06 7 27.7356 8.66335e-15 -0
1e+06 7 39.3493 5.94162e-15 -0
1e+06 7 55.8259 4.20313e-15 -0
1e+06 7 79.2016 2.92162e-15 -0
1e+06 7 112.365 2.03824e-15 -0
1e+06 7 159.416 1.45603e-15 -0
1e+06 7 226.168 1.02535e-15 -0
1e+06 7 320.87 6.95606e-16 -0
1e+06 7 455.227 4.91283e-16 -0
1e+06 7 645.842 3.6591e-16 -0
1e+06 7 916.274 2.2905e-16 -0
1e+06 7 1299.94 1.42369e-16 -0
1e+06 7 1844.26 9.71208e-17 -0
1e+06 7 2616.5 7.4502e-17 -0
1e+06 7 3712.11 3.43239e-17 -0
1e+06 7 5266.46 4.98365e-18 -0
1e+06 7 7471.67 -1.16817e-17 0
1e+06 7 10600.3 -2.01942e-17 0
1e+06 7 15038.9 -2.40044e-17 0
1e+06 7 21336 -2.56366e-17 0
1e+06 7 30270 -2.65463e-17 0
1e+06 7 42944.9 -2.70303e-17 0
1e+06 7 60927 -2.65341e-17 0
1e+06 7 86438.8 -2.43304e-17 0
1e+06 7 122633 -2.01643e-17 0
1e+06 7 173983 -1.47493e-17 0
1e+06 7 246834 -1.00591e-17 0
1e+06 7 350190 -6.72794e-18 0
1e+06 7 496824 -4.02856e-18 0
1e+06 7 704857 -2.26466e-18 0
1e+06 7 1e+06 -1.3783e-18 0

