#q_sq i k_sq Re(fg) Im(fg)
1e-06 1 1e-06 -1.72429e+09 0
1e-06 1 1.41873e-06 -1.21537e+09 0
1e-06 1 2.01279e-06 -8.56661e+08 0
1e-06 1 2.85559e-06 -6.0382e+08 0
1e-06 1 4.0513e-06 -4.25602e+08 0
1e-06 1 5.74769e-06 -2.99985e+08 0
1e-06 1 8.15441e-06 -2.11442e+08 0
1e-06 1 1.15689e-05 -1.49032e+08 0
1e-06 1 1.64131e-05 -1.05042e+08 0
1e-06 1 2.32857e-05 -7.40353e+07 0
1e-06 1 3.3036e-05 -5.218e+07 0
1e-06 1 4.6869e-05 -3.67751e+07 0
1e-06 1 6.64944e-05 -2.59169e+07 0
1e-06 1 9.43373e-05 -1.82634e+07 0
1e-06 1 0.000133839 -1.28687e+07 0
1e-06 1 0.000189881 -9.06627e+06 0
1e-06 1 0.000269389 -6.38609e+06 0
1e-06 1 0.000382189 -4.49695e+06 0
1e-06 1 0.000542222 -3.16538e+06 0
1e-06 1 0.000769265 -2.22682e+06 0
1e-06 1 0.00109138 -1.56528e+06 0
1e-06 1 0.00154837 -1.09901e+06 0
1e-06 1 0.00219671 -770372 0
1e-06 1 0.00311653 -538762 0
1e-06 1 0.0044215 -375552 0
1e-06 1 0.0062729 -260574 0
1e-06 1 0.00889953 -179614 0
1e-06 1 0.012626 -122666 0
1e-06 1 0.0179128 -82686.9 0
1e-06 1 0.0254134 -54724.6 0
1e-06 1 0.0360547 -35308.4 0
1e-06 1 0.0511518 -22003.5 0
1e-06 1 0.0725704 -13103.1 0
1e-06 1 0.102958 -7408.82 0
1e-06 1 0.146069 -4037.69 0
1e-06 1 0.207231 -2296.74 0
1e-06 1 0.294005 -1607.93 0
1e-06 1 0.417112 -1436.64 0
1e-06 1 0.591769 -1354.15 0
1e-06 1 0.839558 -1137.36 0
1e-06 1 1.1911 -782.019 0
1e-06 1 1.68985 -434.457 0
1e-06 1 2.39743 -198.832 0
1e-06 1 3.4013 -69.0135 0
1e-06 1 4.82552 -19.2427 0
1e-06 1 6.8461 -6.72519 0
1e-06 1 9.71274 -1.79401 0
1e-06 1 13.7797 -0.56586 0
1e-06 1 19.5497 -0.341858 0
1e-06 1 27.7356 -0.0773644 0
1e-06 1 39.3493 -0.0185937 0
1e-06 1 55.8259 -0.00555817 0
1e-06 1 79.2016 -0.00112684 0
1e-06 1 112.365 -0.000437417 0
1e-06 1 159.416 -0.000232125 0
1e-06 1 226.168 -9.60722e-05 0
1e-06 1 320.87 -3.65965e-05 0
1e-06 1 455.227 -1.73526e-05 0
1e-06 1 645.842 -9.05683e-06 0
1e-06 1 916.274 -3.15408e-06 0
1e-06 1 1299.94 -1.38905e-06 0
1e-06 1 1844.26 -6.66463e-07 0
1e-06 1 2616.5 -3.37698e-07 0
1e-06 1 3712.11 -1.29682e-07 0
1e-06 1 5266.46 -5.59226e-08 0
1e-06 1 7471.67 -2.56364e-08 0
1e-06 1 10600.3 -1.16768e-08 0
1e-06 1 15038.9 -5.21841e-09 0
1e-06 1 21336 -2.29995e-09 0
1e-06 1 30270 -1.01251e-09 0
1e-06 1 42944.9 -4.503e-10 0
1e-06 1 60927 -2.02526e-10 0
1e-06 1 86438.8 -9.11543e-11 0
1e-06 1 122633 -4.06522e-11 0
1e-06 1 173983 -1.83768e-11 0
1e-06 1 246834 -8.34361e-12 0
1e-06 1 350190 -3.47124e-12 0
1e-06 1 496824 -1.46293e-12 0
1e-06 1 704857 -5.68692e-13 0
1e-06 1 1e+06 -1.02656e-13 0

2.43835e-06 1 1e-06 -7.07152e+08 0
2.43835e-06 1 1.41873e-06 -4.9844e+08 0
2.43835e-06 1 2.01279e-06 -3.51327e+08 0
2.43835e-06 1 2.85559e-06 -2.47634e+08 0
2.43835e-06 1 4.0513e-06 -1.74545e+08 0
2.43835e-06 1 5.74769e-06 -1.23027e+08 0
2.43835e-06 1 8.15441e-06 -8.6715e+07 0
2.43835e-06 1 1.15689e-05 -6.11199e+07 0
2.43835e-06 1 1.64131e-05 -4.3079e+07 0
2.43835e-06 1 2.32857e-05 -3.03628e+07 0
2.43835e-06 1 3.3036e-05 -2.13997e+07 0
2.43835e-06 1 4.6869e-05 -1.50819e+07 0
2.43835e-06 1 6.64944e-05 -1.06288e+07 0
2.43835e-06 1 9.43373e-05 -7.49003e+06 0
2.43835e-06 1 0.000133839 -5.27762e+06 0
2.43835e-06 1 0.000189881 -3.71819e+06 0
2.43835e-06 1 0.000269389 -2.61901e+06 0
2.43835e-06 1 0.000382189 -1.84425e+06 0
2.43835e-06 1 0.000542222 -1.29816e+06 0
2.43835e-06 1 0.000769265 -913247 0
2.43835e-06 1 0.00109138 -641942 0
2.43835e-06 1 0.00154837 -450717 0
2.43835e-06 1 0.00219671 -315939 0
2.43835e-06 1 0.00311653 -220953 0
2.43835e-06 1 0.0044215 -154019 0
2.43835e-06 1 0.0062729 -106865 0
2.43835e-06 1 0.00889953 -73662.1 0
2.43835e-06 1 0.012626 -50307.2 0
2.43835e-06 1 0.0179128 -33911.1 0
2.43835e-06 1 0.0254134 -22443.4 0
2.43835e-06 1 0.0360547 -14480.5 0
2.43835e-06 1 0.0511518 -9024 0
2.43835e-06 1 0.0725704 -5373.82 0
2.43835e-06 1 0.102958 -3038.49 0
2.43835e-06 1 0.146069 -1655.92 0
2.43835e-06 1 0.207231 -941.918 0
2.43835e-06 1 0.294005 -659.416 0
2.43835e-06 1 0.417112 -589.162 0
2.43835e-06 1 0.591769 -555.336 0
2.43835e-06 1 0.839558 -466.435 0
2.43835e-06 1 1.1911 -320.712 0
2.43835e-06 1 1.68985 -178.175 0
2.43835e-06 1 2.39743 -81.5431 0
2.43835e-06 1 3.4013 -28.3032 0
2.43835e-06 1 4.82552 -7.89168 0
2.43835e-06 1 6.8461 -2.75808 0
2.43835e-06 1 9.71274 -0.735746 0
2.43835e-06 1 13.7797 -0.232066 0
2.43835e-06 1 19.5497 -0.1402 0
2.43835e-06 1 27.7356 -0.031728 0
2.43835e-06 1 39.3493 -0.0076255 0
2.43835e-06 1 55.8259 -0.00227947 0
2.43835e-06 1 79.2016 -0.00046213 0
2.43835e-06 1 112.365 -0.000179389 0
2.43835e-06 1 159.416 -9.51969e-05 0
2.43835e-06 1 226.168 -3.94003e-05 0
2.43835e-06 1 320.87 -1.50086e-05 0
2.43835e-06 1 455.227 -7.11652e-06 0
2.43835e-06 1 645.842 -3.71431e-06 0
2.43835e-06 1 916.274 -1.29353e-06 0
2.43835e-06 1 1299.94 -5.69666e-07 0
2.43835e-06 1 1844.26 -2.73325e-07 0
2.43835e-06 1 2616.5 -1.38494e-07 0
2.43835e-06 1 3712.11 -5.31842e-08 0
2.43835e-06 1 5266.46 -2.29345e-08 0
2.43835e-06 1 7471.67 -1.05138e-08 0
2.43835e-06 1 10600.3 -4.7888e-09 0
2.43835e-06 1 15038.9 -2.14013e-09 0
2.43835e-06 1 21336 -9.43237e-10 0
2.43835e-06 1 30270 -4.15244e-10 0
2.43835e-06 1 42944.9 -1.84674e-10 0
2.43835e-06 1 60927 -8.30586e-11 0
2.43835e-06 1 86438.8 -3.73835e-11 0
2.43835e-06 1 122633 -1.6672e-11 0
2.43835e-06 1 173983 -7.53657e-12 0
2.43835e-06 1 246834 -3.42182e-12 0
2.43835e-06 1 350190 -1.4236e-12 0
2.43835e-06 1 496824 -5.99965e-13 0
2.43835e-06 1 704857 -2.33228e-13 0
2.43835e-06 1 1e+06 -4.21007e-14 0

5.94557e-06 1 1e-06 -2.90011e+08 0
5.94557e-06 1 1.41873e-06 -2.04416e+08 0
5.94557e-06 1 2.01279e-06 -1.44083e+08 0
5.94557e-06 1 2.85559e-06 -1.01557e+08 0
5.94557e-06 1 4.0513e-06 -7.15828e+07 0
5.94557e-06 1 5.74769e-06 -5.04549e+07 0
5.94557e-06 1 8.15441e-06 -3.55628e+07 0
5.94557e-06 1 1.15689e-05 -2.5066e+07 0
5.94557e-06 1 1.64131e-05 -1.76672e+07 0
5.94557e-06 1 2.32857e-05 -1.24521e+07 0
5.94557e-06 1 3.3036e-05 -8.77625e+06 0
5.94557e-06 1 4.6869e-05 -6.18527e+06 0
5.94557e-06 1 6.64944e-05 -4.359e+06 0
5.94557e-06 1 9.43373e-05 -3.07175e+06 0
5.94557e-06 1 0.000133839 -2.16441e+06 0
5.94557e-06 1 0.000189881 -1.52487e+06 0
5.94557e-06 1 0.000269389 -1.07409e+06 0
5.94557e-06 1 0.000382189 -756350 0
5.94557e-06 1 0.000542222 -532391 0
5.94557e-06 1 0.000769265 -374533 0
5.94557e-06 1 0.00109138 -263268 0
5.94557e-06 1 0.00154837 -184844 0
5.94557e-06 1 0.00219671 -129570 0
5.94557e-06 1 0.00311653 -90615.4 0
5.94557e-06 1 0.0044215 -63165 0
5.94557e-06 1 0.0062729 -43826.5 0
5.94557e-06 1 0.00889953 -30209.8 0
5.94557e-06 1 0.012626 -20631.6 0
5.94557e-06 1 0.0179128 -13907.4 0
5.94557e-06 1 0.0254134 -9204.33 0
5.94557e-06 1 0.0360547 -5938.66 0
5.94557e-06 1 0.0511518 -3700.84 0
5.94557e-06 1 0.0725704 -2203.85 0
5.94557e-06 1 0.102958 -1246.09 0
5.94557e-06 1 0.146069 -679.079 0
5.94557e-06 1 0.207231 -386.252 0
5.94557e-06 1 0.294005 -270.395 0
5.94557e-06 1 0.417112 -241.59 0
5.94557e-06 1 0.591769 -227.728 0
5.94557e-06 1 0.839558 -191.28 0
5.94557e-06 1 1.1911 -131.524 0
5.94557e-06 1 1.68985 -73.0708 0
5.94557e-06 1 2.39743 -33.4416 0
5.94557e-06 1 3.4013 -11.6075 0
5.94557e-06 1 4.82552 -3.23646 0
5.94557e-06 1 6.8461 -1.13112 0
5.94557e-06 1 9.71274 -0.301737 0
5.94557e-06 1 13.7797 -0.0951726 0
5.94557e-06 1 19.5497 -0.0574975 0
5.94557e-06 1 27.7356 -0.013012 0
5.94557e-06 1 39.3493 -0.00312729 0
5.94557e-06 1 55.8259 -0.000934831 0
5.94557e-06 1 79.2016 -0.000189523 0
5.94557e-06 1 112.365 -7.35691e-05 0
5.94557e-06 1 159.416 -3.90412e-05 0
5.94557e-06 1 226.168 -1.61585e-05 0
5.94557e-06 1 320.87 -6.1552e-06 0
5.94557e-06 1 455.227 -2.91856e-06 0
5.94557e-06 1 645.842 -1.52328e-06 0
5.94557e-06 1 916.274 -5.3049e-07 0
5.94557e-06 1 1299.94 -2.33627e-07 0
5.94557e-06 1 1844.26 -1.12094e-07 0
5.94557e-06 1 2616.5 -5.6798e-08 0
5.94557e-06 1 3712.11 -2.18115e-08 0
5.94557e-06 1 5266.46 -9.40572e-09 0
5.94557e-06 1 7471.67 -4.31184e-09 0
5.94557e-06 1 10600.3 -1.96394e-09 0
5.94557e-06 1 15038.9 -8.77695e-10 0
5.94557e-06 1 21336 -3.86833e-10 0
5.94557e-06 1 30270 -1.70297e-10 0
5.94557e-06 1 42944.9 -7.57369e-11 0
5.94557e-06 1 60927 -3.40633e-11 0
5.94557e-06 1 86438.8 -1.53315e-11 0
5.94557e-06 1 122633 -6.83739e-12 0
5.94557e-06 1 173983 -3.09084e-12 0
5.94557e-06 1 246834 -1.40333e-12 0
5.94557e-06 1 350190 -5.83836e-13 0
5.94557e-06 1 496824 -2.46053e-13 0
5.94557e-06 1 704857 -9.56496e-14 0
5.94557e-06 1 1e+06 -1.7266e-14 0

1.44974e-05 1 1e-06 -1.18936e+08 0
1.44974e-05 1 1.41873e-06 -8.38329e+07 0
1.44974e-05 1 2.01279e-06 -5.909e+07 0
1.44974e-05 1 2.85559e-06 -4.16497e+07 0
1.44974e-05 1 4.0513e-06 -2.93568e+07 0
1.44974e-05 1 5.74769e-06 -2.06921e+07 0
1.44974e-05 1 8.15441e-06 -1.45847e+07 0
1.44974e-05 1 1.15689e-05 -1.02798e+07 0
1.44974e-05 1 1.64131e-05 -7.24549e+06 0
1.44974e-05 1 2.32857e-05 -5.10674e+06 0
1.44974e-05 1 3.3036e-05 -3.59922e+06 0
1.44974e-05 1 4.6869e-05 -2.53664e+06 0
1.44974e-05 1 6.64944e-05 -1.78767e+06 0
1.44974e-05 1 9.43373e-05 -1.25975e+06 0
1.44974e-05 1 0.000133839 -887647 0
1.44974e-05 1 0.000189881 -625365 0
1.44974e-05 1 0.000269389 -440494 0
1.44974e-05 1 0.000382189 -310187 0
1.44974e-05 1 0.000542222 -218339 0
1.44974e-05 1 0.000769265 -153600 0
1.44974e-05 1 0.00109138 -107969 0
1.44974e-05 1 0.00154837 -75806.6 0
1.44974e-05 1 0.00219671 -53138.3 0
1.44974e-05 1 0.00311653 -37162.5 0
1.44974e-05 1 0.0044215 -25904.8 0
1.44974e-05 1 0.0062729 -17973.9 0
1.44974e-05 1 0.00889953 -12389.5 0
1.44974e-05 1 0.012626 -8461.43 0
1.44974e-05 1 0.0179128 -5703.74 0
1.44974e-05 1 0.0254134 -3774.95 0
1.44974e-05 1 0.0360547 -2435.64 0
1.44974e-05 1 0.0511518 -1517.87 0
1.44974e-05 1 0.0725704 -903.907 0
1.44974e-05 1 0.102958 -511.092 0
1.44974e-05 1 0.146069 -278.525 0
1.44974e-05 1 0.207231 -158.41 0
1.44974e-05 1 0.294005 -110.879 0
1.44974e-05 1 0.417112 -99.0587 0
1.44974e-05 1 0.591769 -93.3769 0
1.44974e-05 1 0.839558 -78.4365 0
1.44974e-05 1 1.1911 -53.9359 0
1.44974e-05 1 1.68985 -29.9662 0
1.44974e-05 1 2.39743 -13.7146 0
1.44974e-05 1 3.4013 -4.76031 0
1.44974e-05 1 4.82552 -1.3273 0
1.44974e-05 1 6.8461 -0.463882 0
1.44974e-05 1 9.71274 -0.123745 0
1.44974e-05 1 13.7797 -0.0390309 0
1.44974e-05 1 19.5497 -0.0235803 0
1.44974e-05 1 27.7356 -0.00533632 0
1.44974e-05 1 39.3493 -0.00128252 0
1.44974e-05 1 55.8259 -0.000383379 0
1.44974e-05 1 79.2016 -7.77235e-05 0
1.44974e-05 1 112.365 -3.01708e-05 0
1.44974e-05 1 159.416 -1.6011e-05 0
1.44974e-05 1 226.168 -6.62668e-06 0
1.44974e-05 1 320.87 -2.52429e-06 0
1.44974e-05 1 455.227 -1.19692e-06 0
1.44974e-05 1 645.842 -6.24712e-07 0
1.44974e-05 1 916.274 -2.17559e-07 0
1.44974e-05 1 1299.94 -9.58125e-08 0
1.44974e-05 1 1844.26 -4.59707e-08 0
1.44974e-05 1 2616.5 -2.32934e-08 0
1.44974e-05 1 3712.11 -8.94511e-09 0
1.44974e-05 1 5266.46 -3.85739e-09 0
1.44974e-05 1 7471.67 -1.76833e-09 0
1.44974e-05 1 10600.3 -8.05434e-10 0
1.44974e-05 1 15038.9 -3.59952e-10 0
1.44974e-05 1 21336 -1.58645e-10 0
1.44974e-05 1 30270 -6.98406e-11 0
1.44974e-05 1 42944.9 -3.10606e-11 0
1.44974e-05 1 60927 -1.39698e-11 0
1.44974e-05 1 86438.8 -6.28761e-12 0
1.44974e-05 1 122633 -2.8041e-12 0
1.44974e-05 1 173983 -1.26759e-12 0
1.44974e-05 1 246834 -5.75524e-13 0
1.44974e-05 1 350190 -2.39438e-13 0
1.44974e-05 1 496824 -1.0091e-13 0
1.44974e-05 1 704857 -3.92271e-14 0
1.44974e-05 1 1e+06 -7.08102e-15 0

3.53498e-05 1 1e-06 -4.87764e+07 0
3.53498e-05 1 1.41873e-06 -3.43803e+07 0
3.53498e-05 1 2.01279e-06 -2.42331e+07 0
3.53498e-05 1 2.85559e-06 -1.70807e+07 0
3.53498e-05 1 4.0513e-06 -1.20394e+07 0
3.53498e-05 1 5.74769e-06 -8.48591e+06 0
3.53498e-05 1 8.15441e-06 -5.98123e+06 0
3.53498e-05 1 1.15689e-05 -4.21579e+06 0
3.53498e-05 1 1.64131e-05 -2.97141e+06 0
3.53498e-05 1 2.32857e-05 -2.0943e+06 0
3.53498e-05 1 3.3036e-05 -1.47606e+06 0
3.53498e-05 1 4.6869e-05 -1.04029e+06 0
3.53498e-05 1 6.64944e-05 -733132 0
3.53498e-05 1 9.43373e-05 -516631 0
3.53498e-05 1 0.000133839 -364029 0
3.53498e-05 1 0.000189881 -256466 0
3.53498e-05 1 0.000269389 -180649 0
3.53498e-05 1 0.000382189 -127210 0
3.53498e-05 1 0.000542222 -89542.5 0
3.53498e-05 1 0.000769265 -62992.8 0
3.53498e-05 1 0.00109138 -44279.3 0
3.53498e-05 1 0.00154837 -31089.3 0
3.53498e-05 1 0.00219671 -21793 0
3.53498e-05 1 0.00311653 -15241.2 0
3.53498e-05 1 0.0044215 -10624.4 0
3.53498e-05 1 0.0062729 -7371.84 0
3.53498e-05 1 0.00889953 -5081.66 0
3.53498e-05 1 0.012626 -3470.71 0
3.53498e-05 1 0.0179128 -2339.74 0
3.53498e-05 1 0.0254134 -1548.7 0
3.53498e-05 1 0.0360547 -999.39 0
3.53498e-05 1 0.0511518 -622.944 0
3.53498e-05 1 0.0725704 -371.084 0
3.53498e-05 1 0.102958 -209.908 0
3.53498e-05 1 0.146069 -114.447 0
3.53498e-05 1 0.207231 -65.1038 0
3.53498e-05 1 0.294005 -45.5408 0
3.53498e-05 1 0.417112 -40.6454 0
3.53498e-05 1 0.591769 -38.2929 0
3.53498e-05 1 0.839558 -32.1619 0
3.53498e-05 1 1.1911 -22.1167 0
3.53498e-05 1 1.68985 -12.2886 0
3.53498e-05 1 2.39743 -5.6243 0
3.53498e-05 1 3.4013 -1.95221 0
3.53498e-05 1 4.82552 -0.544328 0
3.53498e-05 1 6.8461 -0.190239 0
3.53498e-05 1 9.71274 -0.0507477 0
3.53498e-05 1 13.7797 -0.0160066 0
3.53498e-05 1 19.5497 -0.00967036 0
3.53498e-05 1 27.7356 -0.00218843 0
3.53498e-05 1 39.3493 -0.000525958 0
3.53498e-05 1 55.8259 -0.000157222 0
3.53498e-05 1 79.2016 -3.18732e-05 0
3.53498e-05 1 112.365 -1.23726e-05 0
3.53498e-05 1 159.416 -6.56601e-06 0
3.53498e-05 1 226.168 -2.71758e-06 0
3.53498e-05 1 320.87 -1.0352e-06 0
3.53498e-05 1 455.227 -4.90859e-07 0
3.53498e-05 1 645.842 -2.56196e-07 0
3.53498e-05 1 916.274 -8.92213e-08 0
3.53498e-05 1 1299.94 -3.9293e-08 0
3.53498e-05 1 1844.26 -1.88528e-08 0
3.53498e-05 1 2616.5 -9.55276e-09 0
3.53498e-05 1 3712.11 -3.66844e-09 0
3.53498e-05 1 5266.46 -1.58193e-09 0
3.53498e-05 1 7471.67 -7.25202e-10 0
3.53498e-05 1 10600.3 -3.30313e-10 0
3.53498e-05 1 15038.9 -1.47619e-10 0
3.53498e-05 1 21336 -6.50612e-11 0
3.53498e-05 1 30270 -2.86421e-11 0
3.53498e-05 1 42944.9 -1.27382e-11 0
3.53498e-05 1 60927 -5.72913e-12 0
3.53498e-05 1 86438.8 -2.57861e-12 0
3.53498e-05 1 122633 -1.14999e-12 0
3.53498e-05 1 173983 -5.19853e-13 0
3.53498e-05 1 246834 -2.36029e-13 0
3.53498e-05 1 350190 -9.81964e-14 0
3.53498e-05 1 496824 -4.13842e-14 0
3.53498e-05 1 704857 -1.60875e-14 0
3.53498e-05 1 1e+06 -2.90401e-15 0

8.61954e-05 1 1e-06 -2.00029e+07 0
8.61954e-05 1 1.41873e-06 -1.40991e+07 0
8.61954e-05 1 2.01279e-06 -9.93782e+06 0
8.61954e-05 1 2.85559e-06 -7.0047e+06 0
8.61954e-05 1 4.0513e-06 -4.93726e+06 0
8.61954e-05 1 5.74769e-06 -3.48002e+06 0
8.61954e-05 1 8.15441e-06 -2.45286e+06 0
8.61954e-05 1 1.15689e-05 -1.72887e+06 0
8.61954e-05 1 1.64131e-05 -1.21856e+06 0
8.61954e-05 1 2.32857e-05 -858858 0
8.61954e-05 1 3.3036e-05 -605323 0
8.61954e-05 1 4.6869e-05 -426616 0
8.61954e-05 1 6.64944e-05 -300653 0
8.61954e-05 1 9.43373e-05 -211868 0
8.61954e-05 1 0.000133839 -149286 0
8.61954e-05 1 0.000189881 -105176 0
8.61954e-05 1 0.000269389 -74083.8 0
8.61954e-05 1 0.000382189 -52168.5 0
8.61954e-05 1 0.000542222 -36721.5 0
8.61954e-05 1 0.000769265 -25833.6 0
8.61954e-05 1 0.00109138 -18159.3 0
8.61954e-05 1 0.00154837 -12750.2 0
8.61954e-05 1 0.00219671 -8937.82 0
8.61954e-05 1 0.00311653 -6250.98 0
8.61954e-05 1 0.0044215 -4357.64 0
8.61954e-05 1 0.0062729 -3023.8 0
8.61954e-05 1 0.00889953 -2084.6 0
8.61954e-05 1 0.012626 -1423.94 0
8.61954e-05 1 0.0179128 -960.118 0
8.61954e-05 1 0.0254134 -635.687 0
8.61954e-05 1 0.0360547 -410.38 0
8.61954e-05 1 0.0511518 -255.948 0
8.61954e-05 1 0.0725704 -152.594 0
8.61954e-05 1 0.102958 -86.4172 0
8.61954e-05 1 0.146069 -47.1821 0
8.61954e-05 1 0.207231 -26.8602 0
8.61954e-05 1 0.294005 -18.7616 0
8.61954e-05 1 0.417112 -16.6997 0
8.61954e-05 1 0.591769 -15.7071 0
8.61954e-05 1 0.839558 -13.1856 0
8.61954e-05 1 1.1911 -9.0676 0
8.61954e-05 1 1.68985 -5.03886 0
8.61954e-05 1 2.39743 -2.30639 0
8.61954e-05 1 3.4013 -0.800572 0
8.61954e-05 1 4.82552 -0.223223 0
8.61954e-05 1 6.8461 -0.0780153 0
8.61954e-05 1 9.71274 -0.0208109 0
8.61954e-05 1 13.7797 -0.00656401 0
8.61954e-05 1 19.5497 -0.00396574 0
8.61954e-05 1 27.7356 -0.000897441 0
8.61954e-05 1 39.3493 -0.000215682 0
8.61954e-05 1 55.8259 -6.44719e-05 0
8.61954e-05 1 79.2016 -1.30694e-05 0
8.61954e-05 1 112.365 -5.07342e-06 0
8.61954e-05 1 159.416 -2.69252e-06 0
8.61954e-05 1 226.168 -1.11441e-06 0
8.61954e-05 1 320.87 -4.24512e-07 0
8.61954e-05 1 455.227 -2.01293e-07 0
8.61954e-05 1 645.842 -1.05063e-07 0
8.61954e-05 1 916.274 -3.65885e-08 0
8.61954e-05 1 1299.94 -1.61136e-08 0
8.61954e-05 1 1844.26 -7.73136e-09 0
8.61954e-05 1 2616.5 -3.91753e-09 0
8.61954e-05 1 3712.11 -1.5044e-09 0
8.61954e-05 1 5266.46 -6.48741e-10 0
8.61954e-05 1 7471.67 -2.97401e-10 0
8.61954e-05 1 10600.3 -1.3546e-10 0
8.61954e-05 1 15038.9 -6.05379e-11 0
8.61954e-05 1 21336 -2.66815e-11 0
8.61954e-05 1 30270 -1.17461e-11 0
8.61954e-05 1 42944.9 -5.22395e-12 0
8.61954e-05 1 60927 -2.34953e-12 0
8.61954e-05 1 86438.8 -1.0575e-12 0
8.61954e-05 1 122633 -4.71618e-13 0
8.61954e-05 1 173983 -2.13196e-13 0
8.61954e-05 1 246834 -9.67974e-14 0
8.61954e-05 1 350190 -4.02713e-14 0
8.61954e-05 1 496824 -1.69721e-14 0
8.61954e-05 1 704857 -6.59765e-15 0
8.61954e-05 1 1e+06 -1.19096e-15 0

0.000210175 1 1e-06 -8.20246e+06 0
0.000210175 1 1.41873e-06 -5.78154e+06 0
0.000210175 1 2.01279e-06 -4.07514e+06 0
0.000210175 1 2.85559e-06 -2.87237e+06 0
0.000210175 1 4.0513e-06 -2.02459e+06 0
0.000210175 1 5.74769e-06 -1.42703e+06 0
0.000210175 1 8.15441e-06 -1.00583e+06 0
0.000210175 1 1.15689e-05 -708948 0
0.000210175 1 1.64131e-05 -499687 0
0.000210175 1 2.32857e-05 -352188 0
0.000210175 1 3.3036e-05 -248222 0
0.000210175 1 4.6869e-05 -174941 0
0.000210175 1 6.64944e-05 -123288 0
0.000210175 1 9.43373e-05 -86880.6 0
0.000210175 1 0.000133839 -61218.2 0
0.000210175 1 0.000189881 -43130 0
0.000210175 1 0.000269389 -30380.4 0
0.000210175 1 0.000382189 -21393.7 0
0.000210175 1 0.000542222 -15059.4 0
0.000210175 1 0.000769265 -10594.7 0
0.000210175 1 0.00109138 -7447.75 0
0.000210175 1 0.00154837 -5229.67 0
0.000210175 1 0.00219671 -3666.34 0
0.000210175 1 0.00311653 -2564.56 0
0.000210175 1 0.0044215 -1788.16 0
0.000210175 1 0.0062729 -1241.19 0
0.000210175 1 0.00889953 -856.038 0
0.000210175 1 0.012626 -585.101 0
0.000210175 1 0.0179128 -394.868 0
0.000210175 1 0.0254134 -261.781 0
0.000210175 1 0.0360547 -169.324 0
0.000210175 1 0.0511518 -105.909 0
0.000210175 1 0.0725704 -63.413 0
0.000210175 1 0.102958 -36.1372 0
0.000210175 1 0.146069 -19.8895 0
0.000210175 1 0.207231 -11.3902 0
0.000210175 1 0.294005 -7.91592 0
0.000210175 1 0.417112 -6.9517 0
0.000210175 1 0.591769 -6.4739 0
0.000210175 1 0.839558 -5.41174 0
0.000210175 1 1.1911 -3.71769 0
0.000210175 1 1.68985 -2.06596 0
0.000210175 1 2.39743 -0.945735 0
0.000210175 1 3.4013 -0.328287 0
0.000210175 1 4.82552 -0.0915372 0
0.000210175 1 6.8461 -0.0319922 0
0.000210175 1 9.71274 -0.00853384 0
0.000210175 1 13.7797 -0.00269165 0
0.000210175 1 19.5497 -0.00162625 0
0.000210175 1 27.7356 -0.000368006 0
0.000210175 1 39.3493 -8.84395e-05 0
0.000210175 1 55.8259 -2.64358e-05 0
0.000210175 1 79.2016 -5.3584e-06 0
0.000210175 1 112.365 -2.08011e-06 0
0.000210175 1 159.416 -1.10401e-06 0
0.000210175 1 226.168 -4.56949e-07 0
0.000210175 1 320.87 -1.74065e-07 0
0.000210175 1 455.227 -8.25393e-08 0
0.000210175 1 645.842 -4.30818e-08 0
0.000210175 1 916.274 -1.50032e-08 0
0.000210175 1 1299.94 -6.60744e-09 0
0.000210175 1 1844.26 -3.1703e-09 0
0.000210175 1 2616.5 -1.60643e-09 0
0.000210175 1 3712.11 -6.16893e-10 0
0.000210175 1 5266.46 -2.66022e-10 0
0.000210175 1 7471.67 -1.21953e-10 0
0.000210175 1 10600.3 -5.55471e-11 0
0.000210175 1 15038.9 -2.48245e-11 0
0.000210175 1 21336 -1.09412e-11 0
0.000210175 1 30270 -4.81676e-12 0
0.000210175 1 42944.9 -2.14222e-12 0
0.000210175 1 60927 -9.63502e-13 0
0.000210175 1 86438.8 -4.33668e-13 0
0.000210175 1 122633 -1.93407e-13 0
0.000210175 1 173983 -8.74309e-14 0
0.000210175 1 246834 -3.96967e-14 0
0.000210175 1 350190 -1.65154e-14 0
0.000210175 1 496824 -6.96033e-15 0
0.000210175 1 704857 -2.70574e-15 0
0.000210175 1 1e+06 -4.88415e-16 0

0.000512481 1 1e-06 -3.36298e+06 0
0.000512481 1 1.41873e-06 -2.37041e+06 0
0.000512481 1 2.01279e-06 -1.67079e+06 0
0.000512481 1 2.85559e-06 -1.17766e+06 0
0.000512481 1 4.0513e-06 -830077 0
0.000512481 1 5.74769e-06 -585078 0
0.000512481 1 8.15441e-06 -412389 0
0.000512481 1 1.15689e-05 -290667 0
0.000512481 1 1.64131e-05 -204871 0
0.000512481 1 2.32857e-05 -144397 0
0.000512481 1 3.3036e-05 -101771 0
0.000512481 1 4.6869e-05 -71726.3 0
0.000512481 1 6.64944e-05 -50548.8 0
0.000512481 1 9.43373e-05 -35621.8 0
0.000512481 1 0.000133839 -25100.3 0
0.000512481 1 0.000189881 -17684.2 0
0.000512481 1 0.000269389 -12456.9 0
0.000512481 1 0.000382189 -8772.41 0
0.000512481 1 0.000542222 -6175.38 0
0.000512481 1 0.000769265 -4344.86 0
0.000512481 1 0.00109138 -3054.62 0
0.000512481 1 0.00154837 -2145.21 0
0.000512481 1 0.00219671 -1504.25 0
0.000512481 1 0.00311653 -1052.52 0
0.000512481 1 0.0044215 -734.191 0
0.000512481 1 0.0062729 -509.925 0
0.000512481 1 0.00889953 -352.002 0
0.000512481 1 0.012626 -240.902 0
0.000512481 1 0.0179128 -162.883 0
0.000512481 1 0.0254134 -108.284 0
0.000512481 1 0.0360547 -70.3315 0
0.000512481 1 0.0511518 -44.2693 0
0.000512481 1 0.0725704 -26.7641 0
0.000512481 1 0.102958 -15.4763 0
0.000512481 1 0.146069 -8.68853 0
0.000512481 1 0.207231 -5.06358 0
0.000512481 1 0.294005 -3.49944 0
0.000512481 1 0.417112 -2.98487 0
0.000512481 1 0.591769 -2.7075 0
0.000512481 1 0.839558 -2.23201 0
0.000512481 1 1.1911 -1.52565 0
0.000512481 1 1.68985 -0.847027 0
0.000512481 1 2.39743 -0.387767 0
0.000512481 1 3.4013 -0.13461 0
0.000512481 1 4.82552 -0.0375349 0
0.000512481 1 6.8461 -0.0131186 0
0.000512481 1 9.71274 -0.00349922 0
0.000512481 1 13.7797 -0.00110364 0
0.000512481 1 19.5497 -0.000666814 0
0.000512481 1 27.7356 -0.000150878 0
0.000512481 1 39.3493 -3.62514e-05 0
0.000512481 1 55.8259 -1.08329e-05 0
0.000512481 1 79.2016 -2.19369e-06 0
0.000512481 1 112.365 -8.51375e-07 0
0.000512481 1 159.416 -4.52051e-07 0
0.000512481 1 226.168 -1.87118e-07 0
0.000512481 1 320.87 -7.12795e-08 0
0.000512481 1 455.227 -3.38098e-08 0
0.000512481 1 645.842 -1.76528e-08 0
0.000512481 1 916.274 -6.14729e-09 0
0.000512481 1 1299.94 -2.70763e-09 0
0.000512481 1 1844.26 -1.29933e-09 0
0.000512481 1 2616.5 -6.58473e-10 0
0.000512481 1 3712.11 -2.52863e-10 0
0.000512481 1 5266.46 -1.09045e-10 0
0.000512481 1 7471.67 -4.99923e-11 0
0.000512481 1 10600.3 -2.27715e-11 0
0.000512481 1 15038.9 -1.01772e-11 0
0.000512481 1 21336 -4.48566e-12 0
0.000512481 1 30270 -1.97484e-12 0
0.000512481 1 42944.9 -8.7833e-13 0
0.000512481 1 60927 -3.95061e-13 0
0.000512481 1 86438.8 -1.77822e-13 0
0.000512481 1 122633 -7.93074e-14 0
0.000512481 1 173983 -3.58526e-14 0
0.000512481 1 246834 -1.62787e-14 0
0.000512481 1 350190 -6.7727e-15 0
0.000512481 1 496824 -2.85436e-15 0
0.000512481 1 704857 -1.1096e-15 0
0.000512481 1 1e+06 -2.0029e-16 0

0.00124961 1 1e-06 -1.37842e+06 0
0.00124961 1 1.41873e-06 -971583 0
0.00124961 1 2.01279e-06 -684824 0
0.00124961 1 2.85559e-06 -482700 0
0.00124961 1 4.0513e-06 -340231 0
0.00124961 1 5.74769e-06 -239811 0
0.00124961 1 8.15441e-06 -169029 0
0.00124961 1 1.15689e-05 -119138 0
0.00124961 1 1.64131e-05 -83972.1 0
0.00124961 1 2.32857e-05 -59185 0
0.00124961 1 3.3036e-05 -41713.7 0
0.00124961 1 4.6869e-05 -29398.9 0
0.00124961 1 6.64944e-05 -20718.7 0
0.00124961 1 9.43373e-05 -14600.4 0
0.00124961 1 0.000133839 -10287.8 0
0.00124961 1 0.000189881 -7248.13 0
0.00124961 1 0.000269389 -5105.57 0
0.00124961 1 0.000382189 -3595.37 0
0.00124961 1 0.000542222 -2530.9 0
0.00124961 1 0.000769265 -1780.61 0
0.00124961 1 0.00109138 -1251.77 0
0.00124961 1 0.00154837 -879.021 0
0.00124961 1 0.00219671 -616.305 0
0.00124961 1 0.00311653 -431.152 0
0.00124961 1 0.0044215 -300.679 0
0.00124961 1 0.0062729 -208.761 0
0.00124961 1 0.00889953 -144.037 0
0.00124961 1 0.012626 -98.507 0
0.00124961 1 0.0179128 -66.5392 0
0.00124961 1 0.0254134 -44.1749 0
0.00124961 1 0.0360547 -28.6381 0
0.00124961 1 0.0511518 -17.9807 0
0.00124961 1 0.0725704 -10.8364 0
0.00124961 1 0.102958 -6.24509 0
0.00124961 1 0.146069 -3.49974 0
0.00124961 1 0.207231 -2.0474 0
0.00124961 1 0.294005 -1.43068 0
0.00124961 1 0.417112 -1.23112 0
0.00124961 1 0.591769 -1.11715 0
0.00124961 1 0.839558 -0.917422 0
0.00124961 1 1.1911 -0.625115 0
0.00124961 1 1.68985 -0.346811 0
0.00124961 1 2.39743 -0.158856 0
0.00124961 1 3.4013 -0.0551642 0
0.00124961 1 4.82552 -0.0153836 0
0.00124961 1 6.8461 -0.005377 0
0.00124961 1 9.71274 -0.00143405 0
0.00124961 1 13.7797 -0.00045226 0
0.00124961 1 19.5497 -0.000273315 0
0.00124961 1 27.7356 -6.18245e-05 0
0.00124961 1 39.3493 -1.48464e-05 0
0.00124961 1 55.8259 -4.43347e-06 0
0.00124961 1 79.2016 -8.95977e-07 0
0.00124961 1 112.365 -3.47805e-07 0
0.00124961 1 159.416 -1.8492e-07 0
0.00124961 1 226.168 -7.65807e-08 0
0.00124961 1 320.87 -2.91795e-08 0
0.00124961 1 455.227 -1.3847e-08 0
0.00124961 1 645.842 -7.23259e-09 0
0.00124961 1 916.274 -2.5186e-09 0
0.00124961 1 1299.94 -1.10948e-09 0
0.00124961 1 1844.26 -5.32488e-10 0
0.00124961 1 2616.5 -2.69886e-10 0
0.00124961 1 3712.11 -1.03639e-10 0
0.00124961 1 5266.46 -4.46951e-11 0
0.00124961 1 7471.67 -2.04916e-11 0
0.00124961 1 10600.3 -9.33432e-12 0
0.00124961 1 15038.9 -4.1719e-12 0
0.00124961 1 21336 -1.83887e-12 0
0.00124961 1 30270 -8.09609e-13 0
0.00124961 1 42944.9 -3.60101e-13 0
0.00124961 1 60927 -1.61977e-13 0
0.00124961 1 86438.8 -7.29112e-14 0
0.00124961 1 122633 -3.25194e-14 0
0.00124961 1 173983 -1.47016e-14 0
0.00124961 1 246834 -6.67543e-15 0
0.00124961 1 350190 -2.77734e-15 0
0.00124961 1 496824 -1.17054e-15 0
0.00124961 1 704857 -4.55039e-16 0
0.00124961 1 1e+06 -8.2135e-17 0

0.00304699 1 1e-06 -564627 0
0.00304699 1 1.41873e-06 -397980 0
0.00304699 1 2.01279e-06 -280518 0
0.00304699 1 2.85559e-06 -197723 0
0.00304699 1 4.0513e-06 -139365 0
0.00304699 1 5.74769e-06 -98231.2 0
0.00304699 1 8.15441e-06 -69237.4 0
0.00304699 1 1.15689e-05 -48801 0
0.00304699 1 1.64131e-05 -34396.2 0
0.00304699 1 2.32857e-05 -24242.9 0
0.00304699 1 3.3036e-05 -17086.3 0
0.00304699 1 4.6869e-05 -12041.9 0
0.00304699 1 6.64944e-05 -8486.27 0
0.00304699 1 9.43373e-05 -5980.08 0
0.00304699 1 0.000133839 -4213.58 0
0.00304699 1 0.000189881 -2968.45 0
0.00304699 1 0.000269389 -2090.81 0
0.00304699 1 0.000382189 -1472.21 0
0.00304699 1 0.000542222 -1036.18 0
0.00304699 1 0.000769265 -728.841 0
0.00304699 1 0.00109138 -512.217 0
0.00304699 1 0.00154837 -359.534 0
0.00304699 1 0.00219671 -251.921 0
0.00304699 1 0.00311653 -176.08 0
0.00304699 1 0.0044215 -122.639 0
0.00304699 1 0.0062729 -84.9907 0
0.00304699 1 0.00889953 -58.4837 0
0.00304699 1 0.012626 -39.841 0
0.00304699 1 0.0179128 -26.7566 0
0.00304699 1 0.0254134 -17.61 0
0.00304699 1 0.0360547 -11.2654 0
0.00304699 1 0.0511518 -6.92674 0
0.00304699 1 0.0725704 -4.03608 0
0.00304699 1 0.102958 -2.20176 0
0.00304699 1 0.146069 -1.13462 0
0.00304699 1 0.207231 -0.606275 0
0.00304699 1 0.294005 -0.424001 0
0.00304699 1 0.417112 -0.40748 0
0.00304699 1 0.591769 -0.410946 0
0.00304699 1 0.839558 -0.358767 0
0.00304699 1 1.1911 -0.251424 0
0.00304699 1 1.68985 -0.141002 0
0.00304699 1 2.39743 -0.0648478 0
0.00304699 1 3.4013 -0.0225528 0
0.00304699 1 4.82552 -0.00629156 0
0.00304699 1 6.8461 -0.00219991 0
0.00304699 1 9.71274 -0.000586405 0
0.00304699 1 13.7797 -0.000184914 0
0.00304699 1 19.5497 -0.000111891 0
0.00304699 1 27.7356 -2.5293e-05 0
0.00304699 1 39.3493 -6.06869e-06 0
0.00304699 1 55.8259 -1.81125e-06 0
0.00304699 1 79.2016 -3.65287e-07 0
0.00304699 1 112.365 -1.42003e-07 0
0.00304699 1 159.416 -7.56404e-08 0
0.00304699 1 226.168 -3.13435e-08 0
0.00304699 1 320.87 -1.19461e-08 0
0.00304699 1 455.227 -5.67148e-09 0
0.00304699 1 645.842 -2.96339e-09 0
0.00304699 1 916.274 -1.03197e-09 0
0.00304699 1 1299.94 -4.54667e-10 0
0.00304699 1 1844.26 -2.18245e-10 0
0.00304699 1 2616.5 -1.10628e-10 0
0.00304699 1 3712.11 -4.24843e-11 0
0.00304699 1 5266.46 -1.83227e-11 0
0.00304699 1 7471.67 -8.40098e-12 0
0.00304699 1 10600.3 -3.827e-12 0
0.00304699 1 15038.9 -1.71053e-12 0
0.00304699 1 21336 -7.53993e-13 0
0.00304699 1 30270 -3.3198e-13 0
0.00304699 1 42944.9 -1.47665e-13 0
0.00304699 1 60927 -6.64236e-14 0
0.00304699 1 86438.8 -2.99003e-14 0
0.00304699 1 122633 -1.33362e-14 0
0.00304699 1 173983 -6.02924e-15 0
0.00304699 1 246834 -2.73766e-15 0
0.00304699 1 350190 -1.13903e-15 0
0.00304699 1 496824 -4.80056e-16 0
0.00304699 1 704857 -1.8662e-16 0
0.00304699 1 1e+06 -3.36867e-17 0

0.00742964 1 1e-06 -230877 0
0.00742964 1 1.41873e-06 -162734 0
0.00742964 1 2.01279e-06 -114704 0
0.00742964 1 2.85559e-06 -80849.2 0
0.00742964 1 4.0513e-06 -56986.4 0
0.00742964 1 5.74769e-06 -40166.6 0
0.00742964 1 8.15441e-06 -28311.1 0
0.00742964 1 1.15689e-05 -19954.6 0
0.00742964 1 1.64131e-05 -14064.5 0
0.00742964 1 2.32857e-05 -9912.75 0
0.00742964 1 3.3036e-05 -6986.39 0
0.00742964 1 4.6869e-05 -4923.73 0
0.00742964 1 6.64944e-05 -3469.84 0
0.00742964 1 9.43373e-05 -2445.06 0
0.00742964 1 0.000133839 -1722.74 0
0.00742964 1 0.000189881 -1213.6 0
0.00742964 1 0.000269389 -854.732 0
0.00742964 1 0.000382189 -601.782 0
0.00742964 1 0.000542222 -423.49 0
0.00742964 1 0.000769265 -297.82 0
0.00742964 1 0.00109138 -209.242 0
0.00742964 1 0.00154837 -146.81 0
0.00742964 1 0.00219671 -102.808 0
0.00742964 1 0.00311653 -71.7968 0
0.00742964 1 0.0044215 -49.9452 0
0.00742964 1 0.0062729 -34.552 0
0.00742964 1 0.00889953 -23.7148 0
0.00742964 1 0.012626 -16.094 0
0.00742964 1 0.0179128 -10.7468 0
0.00742964 1 0.0254134 -7.01094 0
0.00742964 1 0.0360547 -4.42253 0
0.00742964 1 0.0511518 -2.6565 0
0.00742964 1 0.0725704 -1.48542 0
0.00742964 1 0.102958 -0.749872 0
0.00742964 1 0.146069 -0.332257 0
0.00742964 1 0.207231 -0.139355 0
0.00742964 1 0.294005 -0.0914761 0
0.00742964 1 0.417112 -0.112442 0
0.00742964 1 0.591769 -0.138612 0
0.00742964 1 0.839558 -0.134845 0
0.00742964 1 1.1911 -0.0997728 0
0.00742964 1 1.68985 -0.0572468 0
0.00742964 1 2.39743 -0.0264859 0
0.00742964 1 3.4013 -0.00923278 0
0.00742964 1 4.82552 -0.00258518 0
0.00742964 1 6.8461 -0.000906037 0
0.00742964 1 9.71274 -0.000242306 0
0.00742964 1 13.7797 -7.65787e-05 0
0.00742964 1 19.5497 -4.61589e-05 0
0.00742964 1 27.7356 -1.04808e-05 0
0.00742964 1 39.3493 -2.53005e-06 0
0.00742964 1 55.8259 -7.57758e-07 0
0.00742964 1 79.2016 -1.55272e-07 0
0.00742964 1 112.365 -6.01497e-08 0
0.00742964 1 159.416 -3.16678e-08 0
0.00742964 1 226.168 -1.30722e-08 0
0.00742964 1 320.87 -4.97234e-09 0
0.00742964 1 455.227 -2.34984e-09 0
0.00742964 1 645.842 -1.2229e-09 0
0.00742964 1 916.274 -4.25733e-10 0
0.00742964 1 1299.94 -1.87248e-10 0
0.00742964 1 1844.26 -8.97342e-11 0
0.00742964 1 2616.5 -4.54288e-11 0
0.00742964 1 3712.11 -1.74395e-11 0
0.00742964 1 5266.46 -7.51751e-12 0
0.00742964 1 7471.67 -3.44526e-12 0
0.00742964 1 10600.3 -1.569e-12 0
0.00742964 1 15038.9 -7.01166e-13 0
0.00742964 1 21336 -3.09046e-13 0
0.00742964 1 30270 -1.3607e-13 0
0.00742964 1 42944.9 -6.05262e-14 0
0.00742964 1 60927 -2.72278e-14 0
0.00742964 1 86438.8 -1.22574e-14 0
0.00742964 1 122633 -5.4675e-15 0
0.00742964 1 173983 -2.47202e-15 0
0.00742964 1 246834 -1.12253e-15 0
0.00742964 1 350190 -4.67061e-16 0
0.00742964 1 496824 -1.96855e-16 0
0.00742964 1 704857 -7.65288e-17 0
0.00742964 1 1e+06 -1.38145e-17 0

0.0181161 1 1e-06 -94003.1 0
0.0181161 1 1.41873e-06 -66258.5 0
0.0181161 1 2.01279e-06 -46702.4 0
0.0181161 1 2.85559e-06 -32918.2 0
0.0181161 1 4.0513e-06 -23202.3 0
0.0181161 1 5.74769e-06 -16354 0
0.0181161 1 8.15441e-06 -11526.9 0
0.0181161 1 1.15689e-05 -8124.47 0
0.0181161 1 1.64131e-05 -5726.25 0
0.0181161 1 2.32857e-05 -4035.85 0
0.0181161 1 3.3036e-05 -2844.36 0
0.0181161 1 4.6869e-05 -2004.53 0
0.0181161 1 6.64944e-05 -1412.57 0
0.0181161 1 9.43373e-05 -995.32 0
0.0181161 1 0.000133839 -701.219 0
0.0181161 1 0.000189881 -493.92 0
0.0181161 1 0.000269389 -347.804 0
0.0181161 1 0.000382189 -244.814 0
0.0181161 1 0.000542222 -172.221 0
0.0181161 1 0.000769265 -121.053 0
0.0181161 1 0.00109138 -84.9885 0
0.0181161 1 0.00154837 -59.569 0
0.0181161 1 0.00219671 -41.6534 0
0.0181161 1 0.00311653 -29.0277 0
0.0181161 1 0.0044215 -20.1316 0
0.0181161 1 0.0062729 -13.8654 0
0.0181161 1 0.00889953 -9.45471 0
0.0181161 1 0.012626 -6.35432 0
0.0181161 1 0.0179128 -4.18068 0
0.0181161 1 0.0254134 -2.66449 0
0.0181161 1 0.0360547 -1.61731 0
0.0181161 1 0.0511518 -0.907378 0
0.0181161 1 0.0725704 -0.442726 0
0.0181161 1 0.102958 -0.159032 0
0.0181161 1 0.146069 -0.00876325 0
0.0181161 1 0.207231 0.0462831 0
0.0181161 1 0.294005 0.0398234 0
0.0181161 1 0.417112 0.00536309 0
0.0181161 1 0.591769 -0.0278345 0
0.0181161 1 0.839558 -0.0425215 0
0.0181161 1 1.1911 -0.0372051 0
0.0181161 1 1.68985 -0.0231503 0
0.0181161 1 2.39743 -0.0110267 0
0.0181161 1 3.4013 -0.00380615 0
0.0181161 1 4.82552 -0.00104768 0
0.0181161 1 6.8461 -0.00036655 0
0.0181161 1 9.71274 -9.76483e-05 0
0.0181161 1 13.7797 -3.08117e-05 0
0.0181161 1 19.5497 -1.8713e-05 0
0.0181161 1 27.7356 -4.22756e-06 0
0.0181161 1 39.3493 -1.01428e-06 0
0.0181161 1 55.8259 -3.0271e-07 0
0.0181161 1 79.2016 -6.0891e-08 0
0.0181161 1 112.365 -2.36628e-08 0
0.0181161 1 159.416 -1.26206e-08 0
0.0181161 1 226.168 -5.23018e-09 0
0.0181161 1 320.87 -1.99321e-09 0
0.0181161 1 455.227 -9.47249e-10 0
0.0181161 1 645.842 -4.95523e-10 0
0.0181161 1 916.274 -1.72535e-10 0
0.0181161 1 1299.94 -7.60529e-11 0
0.0181161 1 1844.26 -3.65279e-11 0
0.0181161 1 2616.5 -1.85266e-11 0
0.0181161 1 3712.11 -7.11549e-12 0
0.0181161 1 5266.46 -3.06957e-12 0
0.0181161 1 7471.67 -1.40785e-12 0
0.0181161 1 10600.3 -6.41542e-13 0
0.0181161 1 15038.9 -2.86843e-13 0
0.0181161 1 21336 -1.26486e-13 0
0.0181161 1 30270 -5.57142e-14 0
0.0181161 1 42944.9 -2.47921e-14 0
0.0181161 1 60927 -1.11563e-14 0
0.0181161 1 86438.8 -5.02362e-15 0
0.0181161 1 122633 -2.24127e-15 0
0.0181161 1 173983 -1.0135e-15 0
0.0181161 1 246834 -4.60272e-16 0
0.0181161 1 350190 -1.91527e-16 0
0.0181161 1 496824 -8.07284e-17 0
0.0181161 1 704857 -3.13852e-17 0
0.0181161 1 1e+06 -5.66658e-18 0

0.0441734 1 1e-06 -37874 0
0.0441734 1 1.41873e-06 -26695.6 0
0.0441734 1 2.01279e-06 -18816.4 0
0.0441734 1 2.85559e-06 -13262.7 0
0.0441734 1 4.0513e-06 -9348.08 0
0.0441734 1 5.74769e-06 -6588.87 0
0.0441734 1 8.15441e-06 -4644.02 0
0.0441734 1 1.15689e-05 -3273.17 0
0.0441734 1 1.64131e-05 -2306.92 0
0.0441734 1 2.32857e-05 -1625.86 0
0.0441734 1 3.3036e-05 -1145.8 0
0.0441734 1 4.6869e-05 -807.429 0
0.0441734 1 6.64944e-05 -568.925 0
0.0441734 1 9.43373e-05 -400.815 0
0.0441734 1 0.000133839 -282.321 0
0.0441734 1 0.000189881 -198.799 0
0.0441734 1 0.000269389 -139.929 0
0.0441734 1 0.000382189 -98.4337 0
0.0441734 1 0.000542222 -69.1857 0
0.0441734 1 0.000769265 -48.5704 0
0.0441734 1 0.00109138 -34.0399 0
0.0441734 1 0.00154837 -23.7986 0
0.0441734 1 0.00219671 -16.5808 0
0.0441734 1 0.00311653 -11.4945 0
0.0441734 1 0.0044215 -7.91111 0
0.0441734 1 0.0062729 -5.38768 0
0.0441734 1 0.00889953 -3.61236 0
0.0441734 1 0.012626 -2.36565 0
0.0441734 1 0.0179128 -1.49331 0
0.0441734 1 0.0254134 -0.887196 0
0.0441734 1 0.0360547 -0.471831 0
0.0441734 1 0.0511518 -0.194691 0
0.0441734 1 0.0725704 -0.0193438 0
0.0441734 1 0.102958 0.0795477 0
0.0441734 1 0.146069 0.120803 0
0.0441734 1 0.207231 0.120082 0
0.0441734 1 0.294005 0.0922573 0
0.0441734 1 0.417112 0.0533327 0
0.0441734 1 0.591769 0.0183976 0
0.0441734 1 0.839558 -0.00290435 0
0.0441734 1 1.1911 -0.00951789 0
0.0441734 1 1.68985 -0.00778432 0
0.0441734 1 2.39743 -0.00423799 0
0.0441734 1 3.4013 -0.00155331 0
0.0441734 1 4.82552 -0.000421141 0
0.0441734 1 6.8461 -0.000142874 0
0.0441734 1 9.71274 -3.69874e-05 0
0.0441734 1 13.7797 -1.15596e-05 0
0.0441734 1 19.5497 -7.2912e-06 0
0.0441734 1 27.7356 -1.60414e-06 0
0.0441734 1 39.3493 -3.7193e-07 0
0.0441734 1 55.8259 -1.09041e-07 0
0.0441734 1 79.2016 -1.98339e-08 0
0.0441734 1 112.365 -7.93638e-09 0
0.0441734 1 159.416 -4.5655e-09 0
0.0441734 1 226.168 -1.93611e-09 0
0.0441734 1 320.87 -7.46285e-10 0
0.0441734 1 455.227 -3.6393e-10 0
0.0441734 1 645.842 -1.94626e-10 0
0.0441734 1 916.274 -6.78461e-11 0
0.0441734 1 1299.94 -3.01782e-11 0
0.0441734 1 1844.26 -1.46225e-11 0
0.0441734 1 2616.5 -7.46842e-12 0
0.0441734 1 3712.11 -2.87383e-12 0
0.0441734 1 5266.46 -1.2433e-12 0
0.0441734 1 7471.67 -5.71795e-13 0
0.0441734 1 10600.3 -2.61108e-13 0
0.0441734 1 15038.9 -1.16936e-13 0
0.0441734 1 21336 -5.16342e-14 0
0.0441734 1 30270 -2.27701e-14 0
0.0441734 1 42944.9 -1.01423e-14 0
0.0441734 1 60927 -4.56754e-15 0
0.0441734 1 86438.8 -2.05791e-15 0
0.0441734 1 122633 -9.18522e-16 0
0.0441734 1 173983 -4.1548e-16 0
0.0441734 1 246834 -1.88723e-16 0
0.0441734 1 350190 -7.85437e-17 0
0.0441734 1 496824 -3.31089e-17 0
0.0441734 1 704857 -1.2873e-17 0
0.0441734 1 1e+06 -2.32545e-18 0

0.107711 1 1e-06 -14866.7 0
0.107711 1 1.41873e-06 -10478.7 0
0.107711 1 2.01279e-06 -7385.89 0
0.107711 1 2.85559e-06 -5205.86 0
0.107711 1 4.0513e-06 -3669.26 0
0.107711 1 5.74769e-06 -2586.17 0
0.107711 1 8.15441e-06 -1822.74 0
0.107711 1 1.15689e-05 -1284.64 0
0.107711 1 1.64131e-05 -905.351 0
0.107711 1 2.32857e-05 -638.008 0
0.107711 1 3.3036e-05 -449.569 0
0.107711 1 4.6869e-05 -316.747 0
0.107711 1 6.64944e-05 -223.126 0
0.107711 1 9.43373e-05 -157.136 0
0.107711 1 0.000133839 -110.623 0
0.107711 1 0.000189881 -77.8383 0
0.107711 1 0.000269389 -54.7296 0
0.107711 1 0.000382189 -38.4414 0
0.107711 1 0.000542222 -26.9606 0
0.107711 1 0.000769265 -18.8685 0
0.107711 1 0.00109138 -13.165 0
0.107711 1 0.00154837 -9.14526 0
0.107711 1 0.00219671 -6.31245 0
0.107711 1 0.00311653 -4.3165 0
0.107711 1 0.0044215 -2.91074 0
0.107711 1 0.0062729 -1.92142 0
0.107711 1 0.00889953 -1.22625 0
0.107711 1 0.012626 -0.739268 0
0.107711 1 0.0179128 -0.400191 0
0.107711 1 0.0254134 -0.166916 0
0.107711 1 0.0360547 -0.0102657 0
0.107711 1 0.0511518 0.0898346 0
0.107711 1 0.0725704 0.147079 0
0.107711 1 0.102958 0.170847 0
0.107711 1 0.146069 0.1682 0
0.107711 1 0.207231 0.145536 0
0.107711 1 0.294005 0.10994 0
0.107711 1 0.417112 0.0701421 0
0.107711 1 0.591769 0.0353371 0
0.107711 1 0.839558 0.0120577 0
0.107711 1 1.1911 0.00126112 0
0.107711 1 1.68985 -0.00144973 0
0.107711 1 2.39743 -0.00119668 0
0.107711 1 3.4013 -0.000508933 0
0.107711 1 4.82552 -0.000151915 0
0.107711 1 6.8461 -5.25996e-05 0
0.107711 1 9.71274 -1.26652e-05 0
0.107711 1 13.7797 -3.84001e-06 0
0.107711 1 19.5497 -2.66831e-06 0
0.107711 1 27.7356 -5.49773e-07 0
0.107711 1 39.3493 -1.16265e-07 0
0.107711 1 55.8259 -3.24376e-08 0
0.107711 1 79.2016 -4.02516e-09 0
0.107711 1 112.365 -1.85639e-09 0
0.107711 1 159.416 -1.39168e-09 0
0.107711 1 226.168 -6.29811e-10 0
0.107711 1 320.87 -2.50138e-10 0
0.107711 1 455.227 -1.29902e-10 0
0.107711 1 645.842 -7.30074e-11 0
0.107711 1 916.274 -2.55252e-11 0
0.107711 1 1299.94 -1.15769e-11 0
0.107711 1 1844.26 -5.71274e-12 0
0.107711 1 2616.5 -2.95911e-12 0
0.107711 1 3712.11 -1.14324e-12 0
0.107711 1 5266.46 -4.97456e-13 0
0.107711 1 7471.67 -2.30024e-13 0
0.107711 1 10600.3 -1.05479e-13 0
0.107711 1 15038.9 -4.73947e-14 0
0.107711 1 21336 -2.09858e-14 0
0.107711 1 30270 -9.27682e-15 0
0.107711 1 42944.9 -4.14044e-15 0
0.107711 1 60927 -1.86753e-15 0
0.107711 1 86438.8 -8.42381e-16 0
0.107711 1 122633 -3.763e-16 0
0.107711 1 173983 -1.70311e-16 0
0.107711 1 246834 -7.73862e-17 0
0.107711 1 350190 -3.22178e-17 0
0.107711 1 496824 -1.35829e-17 0
0.107711 1 704857 -5.28204e-18 0
0.107711 1 1e+06 -9.55583e-19 0

0.262636 1 1e-06 -5463.63 0
0.262636 1 1.41873e-06 -3850.98 0
0.262636 1 2.01279e-06 -2714.29 0
0.262636 1 2.85559e-06 -1913.08 0
0.262636 1 4.0513e-06 -1348.35 0
0.262636 1 5.74769e-06 -950.288 0
0.262636 1 8.15441e-06 -669.714 0
0.262636 1 1.15689e-05 -471.949 0
0.262636 1 1.64131e-05 -332.553 0
0.262636 1 2.32857e-05 -234.299 0
0.262636 1 3.3036e-05 -165.044 0
0.262636 1 4.6869e-05 -116.229 0
0.262636 1 6.64944e-05 -81.8211 0
0.262636 1 9.43373e-05 -57.5687 0
0.262636 1 0.000133839 -40.4742 0
0.262636 1 0.000189881 -28.425 0
0.262636 1 0.000269389 -19.9321 0
0.262636 1 0.000382189 -13.9459 0
0.262636 1 0.000542222 -9.72662 0
0.262636 1 0.000769265 -6.75275 0
0.262636 1 0.00109138 -4.65679 0
0.262636 1 0.00154837 -3.17972 0
0.262636 1 0.00219671 -2.139 0
0.262636 1 0.00311653 -1.406 0
0.262636 1 0.0044215 -0.890144 0
0.262636 1 0.0062729 -0.527658 0
0.262636 1 0.00889953 -0.273732 0
0.262636 1 0.012626 -0.096952 0
0.262636 1 0.0179128 0.0245985 0
0.262636 1 0.0254134 0.106073 0
0.262636 1 0.0360547 0.157786 0
0.262636 1 0.0511518 0.186617 0
0.262636 1 0.0725704 0.197041 0
0.262636 1 0.102958 0.191987 0
0.262636 1 0.146069 0.173744 0
0.262636 1 0.207231 0.14488 0
0.262636 1 0.294005 0.109114 0
0.262636 1 0.417112 0.0718636 0
0.262636 1 0.591769 0.0394814 0
0.262636 1 0.839558 0.0169119 0
0.262636 1 1.1911 0.00511043 0
0.262636 1 1.68985 0.000846316 0
0.262636 1 2.39743 -7.82081e-05 0
0.262636 1 3.4013 -9.00052e-05 0
0.262636 1 4.82552 -3.16872e-05 0
0.262636 1 6.8461 -1.35893e-05 0
0.262636 1 9.71274 -2.7066e-06 0
0.262636 1 13.7797 -7.29584e-07 0
0.262636 1 19.5497 -7.92519e-07 0
0.262636 1 27.7356 -1.24328e-07 0
0.262636 1 39.3493 -1.38591e-08 0
0.262636 1 55.8259 -1.88496e-09 0
0.262636 1 79.2016 2.15463e-09 0
0.262636 1 112.365 5.31566e-10 0
0.262636 1 159.416 -1.2618e-10 0
0.262636 1 226.168 -1.06362e-10 0
0.262636 1 320.87 -5.08702e-11 0
0.262636 1 455.227 -3.53902e-11 0
0.262636 1 645.842 -2.36483e-11 0
0.262636 1 916.274 -8.34981e-12 0
0.262636 1 1299.94 -4.01279e-12 0
0.262636 1 1844.26 -2.08235e-12 0
0.262636 1 2616.5 -1.11881e-12 0
0.262636 1 3712.11 -4.36985e-13 0
0.262636 1 5266.46 -1.92984e-13 0
0.262636 1 7471.67 -9.04447e-14 0
0.262636 1 10600.3 -4.18994e-14 0
0.262636 1 15038.9 -1.89774e-14 0
0.262636 1 21336 -8.45872e-15 0
0.262636 1 30270 -3.76012e-15 0
0.262636 1 42944.9 -1.68575e-15 0
0.262636 1 60927 -7.62841e-16 0
0.262636 1 86438.8 -3.44865e-16 0
0.262636 1 122633 -1.54294e-16 0
0.262636 1 173983 -6.98971e-17 0
0.262636 1 246834 -3.17731e-17 0
0.262636 1 350190 -1.32354e-17 0
0.262636 1 496824 -5.58084e-18 0
0.262636 1 704857 -2.17087e-18 0
0.262636 1 1e+06 -3.94436e-19 0

0.6404 1 1e-06 -1698.75 0
0.6404 1 1.41873e-06 -1197.3 0
0.6404 1 2.01279e-06 -843.853 0
0.6404 1 2.85559e-06 -594.721 0
0.6404 1 4.0513e-06 -419.119 0
0.6404 1 5.74769e-06 -295.345 0
0.6404 1 8.15441e-06 -208.102 0
0.6404 1 1.15689e-05 -146.608 0
0.6404 1 1.64131e-05 -103.263 0
0.6404 1 2.32857e-05 -72.7114 0
0.6404 1 3.3036e-05 -51.1768 0
0.6404 1 4.6869e-05 -35.998 0
0.6404 1 6.64944e-05 -25.2991 0
0.6404 1 9.43373e-05 -17.7579 0
0.6404 1 0.000133839 -12.4424 0
0.6404 1 0.000189881 -8.69583 0
0.6404 1 0.000269389 -6.05505 0
0.6404 1 0.000382189 -4.19372 0
0.6404 1 0.000542222 -2.88181 0
0.6404 1 0.000769265 -1.9572 0
0.6404 1 0.00109138 -1.30562 0
0.6404 1 0.00154837 -0.846548 0
0.6404 1 0.00219671 -0.523241 0
0.6404 1 0.00311653 -0.295746 0
0.6404 1 0.0044215 -0.135944 0
0.6404 1 0.0062729 -0.0240808 0
0.6404 1 0.00889953 0.053679 0
0.6404 1 0.012626 0.106967 0
0.6404 1 0.0179128 0.142414 0
0.6404 1 0.0254134 0.164486 0
0.6404 1 0.0360547 0.176077 0
0.6404 1 0.0511518 0.178942 0
0.6404 1 0.0725704 0.174042 0
0.6404 1 0.102958 0.161881 0
0.6404 1 0.146069 0.142918 0
0.6404 1 0.207231 0.118087 0
0.6404 1 0.294005 0.0893487 0
0.6404 1 0.417112 0.0600346 0
0.6404 1 0.591769 0.0343869 0
0.6404 1 0.839558 0.0159723 0
0.6404 1 1.1911 0.00571804 0
0.6404 1 1.68985 0.0015195 0
0.6404 1 2.39743 0.000294799 0
0.6404 1 3.4013 5.02516e-05 0
0.6404 1 4.82552 1.03667e-05 0
0.6404 1 6.8461 1.60877e-06 0
0.6404 1 9.71274 1.21023e-06 0
0.6404 1 13.7797 4.85274e-07 0
0.6404 1 19.5497 -4.52176e-08 0
0.6404 1 27.7356 4.2767e-08 0
0.6404 1 39.3493 2.57166e-08 0
0.6404 1 55.8259 9.83087e-09 0
0.6404 1 79.2016 4.42357e-09 0
0.6404 1 112.365 1.42057e-09 0
0.6404 1 159.416 3.61291e-10 0
0.6404 1 226.168 9.72581e-11 0
0.6404 1 320.87 2.69424e-11 0
0.6404 1 455.227 1.93744e-12 0
0.6404 1 645.842 -3.94908e-12 0
0.6404 1 916.274 -1.50504e-12 0
0.6404 1 1299.94 -9.87838e-13 0
0.6404 1 1844.26 -6.24762e-13 0
0.6404 1 2616.5 -3.77273e-13 0
0.6404 1 3712.11 -1.5269e-13 0
0.6404 1 5266.46 -7.03595e-14 0
0.6404 1 7471.67 -3.41559e-14 0
0.6404 1 10600.3 -1.62284e-14 0
0.6404 1 15038.9 -7.4914e-15 0
0.6404 1 21336 -3.38996e-15 0
0.6404 1 30270 -1.52515e-15 0
0.6404 1 42944.9 -6.89816e-16 0
0.6404 1 60927 -3.13928e-16 0
0.6404 1 86438.8 -1.4238e-16 0
0.6404 1 122633 -6.38146e-17 0
0.6404 1 173983 -2.89204e-17 0
0.6404 1 246834 -1.31391e-17 0
0.6404 1 350190 -5.47554e-18 0
0.6404 1 496824 -2.3077e-18 0
0.6404 1 704857 -8.97864e-19 0
0.6404 1 1e+06 -1.65229e-19 0

1.56152 1 1e-06 -357.794 0
1.56152 1 1.41873e-06 -252.158 0
1.56152 1 2.01279e-06 -177.699 0
1.56152 1 2.85559e-06 -125.216 0
1.56152 1 4.0513e-06 -88.2228 0
1.56152 1 5.74769e-06 -62.1481 0
1.56152 1 8.15441e-06 -43.7691 0
1.56152 1 1.15689e-05 -30.8145 0
1.56152 1 1.64131e-05 -21.6834 0
1.56152 1 2.32857e-05 -15.2473 0
1.56152 1 3.3036e-05 -10.7107 0
1.56152 1 4.6869e-05 -7.51307 0
1.56152 1 6.64944e-05 -5.25921 0
1.56152 1 9.43373e-05 -3.67056 0
1.56152 1 0.000133839 -2.5508 0
1.56152 1 0.000189881 -1.76154 0
1.56152 1 0.000269389 -1.20524 0
1.56152 1 0.000382189 -0.813148 0
1.56152 1 0.000542222 -0.536811 0
1.56152 1 0.000769265 -0.342079 0
1.56152 1 0.00109138 -0.204883 0
1.56152 1 0.00154837 -0.10827 0
1.56152 1 0.00219671 -0.0402989 0
1.56152 1 0.00311653 0.007431 0
1.56152 1 0.0044215 0.0408196 0
1.56152 1 0.0062729 0.0639955 0
1.56152 1 0.00889953 0.0798279 0
1.56152 1 0.012626 0.0902832 0
1.56152 1 0.0179128 0.0966726 0
1.56152 1 0.0254134 0.0998237 0
1.56152 1 0.0360547 0.1002 0
1.56152 1 0.0511518 0.0979892 0
1.56152 1 0.0725704 0.0931882 0
1.56152 1 0.102958 0.0856982 0
1.56152 1 0.146069 0.0754726 0
1.56152 1 0.207231 0.0627257 0
1.56152 1 0.294005 0.0481847 0
1.56152 1 0.417112 0.0332618 0
1.56152 1 0.591769 0.0199008 0
1.56152 1 0.839558 0.00989646 0
1.56152 1 1.1911 0.0039352 0
1.56152 1 1.68985 0.00122959 0
1.56152 1 2.39743 0.000312412 0
1.56152 1 3.4013 7.58908e-05 0
1.56152 1 4.82552 1.99628e-05 0
1.56152 1 6.8461 5.79204e-06 0
1.56152 1 9.71274 2.29866e-06 0
1.56152 1 13.7797 8.32699e-07 0
1.56152 1 19.5497 2.1098e-07 0
1.56152 1 27.7356 9.50466e-08 0
1.56152 1 39.3493 3.68137e-08 0
1.56152 1 55.8259 1.29718e-08 0
1.56152 1 79.2016 4.82089e-09 0
1.56152 1 112.365 1.60684e-09 0
1.56152 1 159.416 4.99727e-10 0
1.56152 1 226.168 1.597e-10 0
1.56152 1 320.87 5.16505e-11 0
1.56152 1 455.227 1.46958e-11 0
1.56152 1 645.842 3.19561e-12 0
1.56152 1 916.274 9.82421e-13 0
1.56152 1 1299.94 1.36703e-13 0
1.56152 1 1844.26 -7.08894e-14 0
1.56152 1 2616.5 -9.04694e-14 0
1.56152 1 3712.11 -4.22997e-14 0
1.56152 1 5266.46 -2.24127e-14 0
1.56152 1 7471.67 -1.19878e-14 0
1.56152 1 10600.3 -6.05864e-15 0
1.56152 1 15038.9 -2.91829e-15 0
1.56152 1 21336 -1.36252e-15 0
1.56152 1 30270 -6.27204e-16 0
1.56152 1 42944.9 -2.88001e-16 0
1.56152 1 60927 -1.3214e-16 0
1.56152 1 86438.8 -6.013e-17 0
1.56152 1 122633 -2.69689e-17 0
1.56152 1 173983 -1.21992e-17 0
1.56152 1 246834 -5.52385e-18 0
1.56152 1 350190 -2.30048e-18 0
1.56152 1 496824 -9.67414e-19 0
1.56152 1 704857 -3.76274e-19 0
1.56152 1 1e+06 -7.11742e-20 0

3.80755 1 1e-06 -37.7294 0
3.80755 1 1.41873e-06 -26.5866 0
3.80755 1 2.01279e-06 -18.7326 0
3.80755 1 2.85559e-06 -13.1966 0
3.80755 1 4.0513e-06 -9.29446 0
3.80755 1 5.74769e-06 -6.54404 0
3.80755 1 8.15441e-06 -4.60538 0
3.80755 1 1.15689e-05 -3.23891 0
3.80755 1 1.64131e-05 -2.27574 0
3.80755 1 2.32857e-05 -1.59684 0
3.80755 1 3.3036e-05 -1.11832 0
3.80755 1 4.6869e-05 -0.781027 0
3.80755 1 6.64944e-05 -0.543285 0
3.80755 1 9.43373e-05 -0.375712 0
3.80755 1 0.000133839 -0.257598 0
3.80755 1 0.000189881 -0.174347 0
3.80755 1 0.000269389 -0.115669 0
3.80755 1 0.000382189 -0.074314 0
3.80755 1 0.000542222 -0.0451699 0
3.80755 1 0.000769265 -0.0246354 0
3.80755 1 0.00109138 -0.0101728 0
3.80755 1 0.00154837 5.39671e-06 0
3.80755 1 0.00219671 0.00715704 0
3.80755 1 0.00311653 0.0121661 0
3.80755 1 0.0044215 0.0156517 0
3.80755 1 0.0062729 0.0180451 0
3.80755 1 0.00889953 0.0196429 0
3.80755 1 0.012626 0.020644 0
3.80755 1 0.0179128 0.0211754 0
3.80755 1 0.0254134 0.0213089 0
3.80755 1 0.0360547 0.0210729 0
3.80755 1 0.0511518 0.0204615 0
3.80755 1 0.0725704 0.0194432 0
3.80755 1 0.102958 0.017974 0
3.80755 1 0.146069 0.0160187 0
3.80755 1 0.207231 0.0135851 0
3.80755 1 0.294005 0.0107693 0
3.80755 1 0.417112 0.00779375 0
3.80755 1 0.591769 0.00499965 0
3.80755 1 0.839558 0.00274956 0
3.80755 1 1.1911 0.0012568 0
3.80755 1 1.68985 0.000469886 0
3.80755 1 2.39743 0.000148319 0
3.80755 1 3.4013 4.50793e-05 0
3.80755 1 4.82552 1.4303e-05 0
3.80755 1 6.8461 4.85504e-06 0
3.80755 1 9.71274 1.89538e-06 0
3.80755 1 13.7797 7.02426e-07 0
3.80755 1 19.5497 2.24249e-07 0
3.80755 1 27.7356 8.78097e-08 0
3.80755 1 39.3493 3.22364e-08 0
3.80755 1 55.8259 1.12995e-08 0
3.80755 1 79.2016 4.0324e-09 0
3.80755 1 112.365 1.36849e-09 0
3.80755 1 159.416 4.50262e-10 0
3.80755 1 226.168 1.49723e-10 0
3.80755 1 320.87 4.99383e-11 0
3.80755 1 455.227 1.59012e-11 0
3.80755 1 645.842 4.72599e-12 0
3.80755 1 916.274 1.55015e-12 0
3.80755 1 1299.94 4.46094e-13 0
3.80755 1 1844.26 1.04237e-13 0
3.80755 1 2616.5 8.83321e-15 0
3.80755 1 3712.11 -2.5029e-15 0
3.80755 1 5266.46 -4.39462e-15 0
3.80755 1 7471.67 -3.38195e-15 0
3.80755 1 10600.3 -2.01413e-15 0
3.80755 1 15038.9 -1.06432e-15 0
3.80755 1 21336 -5.27455e-16 0
3.80755 1 30270 -2.5276e-16 0
3.80755 1 42944.9 -1.19099e-16 0
3.80755 1 60927 -5.545e-17 0
3.80755 1 86438.8 -2.54123e-17 0
3.80755 1 122633 -1.143e-17 0
3.80755 1 173983 -5.16563e-18 0
3.80755 1 246834 -2.3317e-18 0
3.80755 1 350190 -9.70658e-19 0
3.80755 1 496824 -4.07221e-19 0
3.80755 1 704857 -1.58343e-19 0
3.80755 1 1e+06 -3.08971e-20 0

9.28415 1 1e-06 -1.70068 0
9.28415 1 1.41873e-06 -1.19843 0
9.28415 1 2.01279e-06 -0.84442 0
9.28415 1 2.85559e-06 -0.594891 0
9.28415 1 4.0513e-06 -0.419008 0
9.28415 1 5.74769e-06 -0.295035 0
9.28415 1 8.15441e-06 -0.207652 0
9.28415 1 1.15689e-05 -0.14606 0
9.28415 1 1.64131e-05 -0.102646 0
9.28415 1 2.32857e-05 -0.0720454 0
9.28415 1 3.3036e-05 -0.0504764 0
9.28415 1 4.6869e-05 -0.0352733 0
9.28415 1 6.64944e-05 -0.0245573 0
9.28415 1 9.43373e-05 -0.0170041 0
9.28415 1 0.000133839 -0.0116802 0
9.28415 1 0.000189881 -0.00792771 0
9.28415 1 0.000269389 -0.0052828 0
9.28415 1 0.000382189 -0.00341865 0
9.28415 1 0.000542222 -0.00210487 0
9.28415 1 0.000769265 -0.00117909 0
9.28415 1 0.00109138 -0.00052691 0
9.28415 1 0.00154837 -6.77266e-05 0
9.28415 1 0.00219671 0.00025521 0
9.28415 1 0.00311653 0.000481812 0
9.28415 1 0.0044215 0.000640089 0
9.28415 1 0.0062729 0.000749611 0
9.28415 1 0.00889953 0.000823935 0
9.28415 1 0.012626 0.000872287 0
9.28415 1 0.0179128 0.000900725 0
9.28415 1 0.0254134 0.000912925 0
9.28415 1 0.0360547 0.000910712 0
9.28415 1 0.0511518 0.00089443 0
9.28415 1 0.0725704 0.000863251 0
9.28415 1 0.102958 0.000815535 0
9.28415 1 0.146069 0.000749424 0
9.28415 1 0.207231 0.000663802 0
9.28415 1 0.294005 0.000559732 0
9.28415 1 0.417112 0.000442127 0
9.28415 1 0.591769 0.000320721 0
9.28415 1 0.839558 0.000208943 0
9.28415 1 1.1911 0.000119719 0
9.28415 1 1.68985 5.98065e-05 0
9.28415 1 2.39743 2.6933e-05 0
9.28415 1 3.4013 1.18109e-05 0
9.28415 1 4.82552 5.11117e-06 0
9.28415 1 6.8461 2.15158e-06 0
9.28415 1 9.71274 9.3389e-07 0
9.28415 1 13.7797 3.79476e-07 0
9.28415 1 19.5497 1.37103e-07 0
9.28415 1 27.7356 5.43457e-08 0
9.28415 1 39.3493 2.04215e-08 0
9.28415 1 55.8259 7.35488e-09 0
9.28415 1 79.2016 2.64746e-09 0
9.28415 1 112.365 9.19492e-10 0
9.28415 1 159.416 3.12409e-10 0
9.28415 1 226.168 1.06391e-10 0
9.28415 1 320.87 3.61764e-11 0
9.28415 1 455.227 1.19959e-11 0
9.28415 1 645.842 3.8518e-12 0
9.28415 1 916.274 1.29231e-12 0
9.28415 1 1299.94 4.09594e-13 0
9.28415 1 1844.26 1.21234e-13 0
9.28415 1 2616.5 3.09501e-14 0
9.28415 1 3712.11 8.1722e-15 0
9.28415 1 5266.46 1.3034e-15 0
9.28415 1 7471.67 -3.40066e-16 0
9.28415 1 10600.3 -4.7852e-16 0
9.28415 1 15038.9 -3.24473e-16 0
9.28415 1 21336 -1.81789e-16 0
9.28415 1 30270 -9.36689e-17 0
9.28415 1 42944.9 -4.61918e-17 0
9.28415 1 60927 -2.21242e-17 0
9.28415 1 86438.8 -1.03159e-17 0
9.28415 1 122633 -4.68884e-18 0
9.28415 1 173983 -2.13115e-18 0
9.28415 1 246834 -9.64233e-19 0
9.28415 1 350190 -4.02338e-19 0
9.28415 1 496824 -1.6886e-19 0
9.28415 1 704857 -6.57238e-20 0
9.28415 1 1e+06 -1.30507e-20 0

22.638 1 1e-06 -0.0622559 0
22.638 1 1.41873e-06 -0.0438784 0
22.638 1 2.01279e-06 -0.030925 0
22.638 1 2.85559e-06 -0.0217946 0
22.638 1 4.0513e-06 -0.0153591 0
22.638 1 5.74769e-06 -0.0108229 0
22.638 1 8.15441e-06 -0.00762553 0
22.638 1 1.15689e-05 -0.00537185 0
22.638 1 1.64131e-05 -0.00378332 0
22.638 1 2.32857e-05 -0.00266364 0
22.638 1 3.3036e-05 -0.00187443 0
22.638 1 4.6869e-05 -0.00131814 0
22.638 1 6.64944e-05 -0.000926041 0
22.638 1 9.43373e-05 -0.000649665 0
22.638 1 0.000133839 -0.00045486 0
22.638 1 0.000189881 -0.000317551 0
22.638 1 0.000269389 -0.000220768 0
22.638 1 0.000382189 -0.00015255 0
22.638 1 0.000542222 -0.000104467 0
22.638 1 0.000769265 -7.05763e-05 0
22.638 1 0.00109138 -4.66899e-05 0
22.638 1 0.00154837 -2.98557e-05 0
22.638 1 0.00219671 -1.79932e-05 0
22.638 1 0.00311653 -9.63645e-06 0
22.638 1 0.0044215 -3.75258e-06 0
22.638 1 0.0062729 3.85538e-07 0
22.638 1 0.00889953 3.28938e-06 0
22.638 1 0.012626 5.3179e-06 0
22.638 1 0.0179128 6.72204e-06 0
22.638 1 0.0254134 7.67574e-06 0
22.638 1 0.0360547 8.2977e-06 0
22.638 1 0.0511518 8.66646e-06 0
22.638 1 0.0725704 8.83081e-06 0
22.638 1 0.102958 8.81719e-06 0
22.638 1 0.146069 8.6355e-06 0
22.638 1 0.207231 8.28435e-06 0
22.638 1 0.294005 7.75734e-06 0
22.638 1 0.417112 7.05154e-06 0
22.638 1 0.591769 6.17686e-06 0
22.638 1 0.839558 5.16507e-06 0
22.638 1 1.1911 4.07732e-06 0
22.638 1 1.68985 3.01332e-06 0
22.638 1 2.39743 2.09779e-06 0
22.638 1 3.4013 1.38833e-06 0
22.638 1 4.82552 8.44307e-07 0
22.638 1 6.8461 4.65903e-07 0
22.638 1 9.71274 2.46953e-07 0
22.638 1 13.7797 1.20214e-07 0
22.638 1 19.5497 5.11961e-08 0
22.638 1 27.7356 2.25261e-08 0
22.638 1 39.3493 9.26466e-09 0
22.638 1 55.8259 3.58625e-09 0
22.638 1 79.2016 1.35934e-09 0
22.638 1 112.365 4.94391e-10 0
22.638 1 159.416 1.75065e-10 0
22.638 1 226.168 6.15628e-11 0
22.638 1 320.87 2.14804e-11 0
22.638 1 455.227 7.34256e-12 0
22.638 1 645.842 2.45513e-12 0
22.638 1 916.274 8.40484e-13 0
22.638 1 1299.94 2.7785e-13 0
22.638 1 1844.26 8.85266e-14 0
22.638 1 2616.5 2.64069e-14 0
22.638 1 3712.11 8.10293e-15 0
22.638 1 5266.46 2.1805e-15 0
22.638 1 7471.67 4.2924e-16 0
22.638 1 10600.3 -1.69507e-18 0
22.638 1 15038.9 -6.76297e-17 0
22.638 1 21336 -5.3055e-17 0
22.638 1 30270 -3.15527e-17 0
22.638 1 42944.9 -1.68217e-17 0
22.638 1 60927 -8.43847e-18 0
22.638 1 86438.8 -4.04781e-18 0
22.638 1 122633 -1.87295e-18 0
22.638 1 173983 -8.61066e-19 0
22.638 1 246834 -3.92275e-19 0
22.638 1 350190 -1.64415e-19 0
22.638 1 496824 -6.91799e-20 0
22.638 1 704857 -2.69767e-20 0
22.638 1 1e+06 -5.39104e-21 0

55.1995 1 1e-06 -0.00394589 0
55.1995 1 1.41873e-06 -0.00278123 0
55.1995 1 2.01279e-06 -0.00196032 0
55.1995 1 2.85559e-06 -0.00138169 0
55.1995 1 4.0513e-06 -0.00097384 0
55.1995 1 5.74769e-06 -0.000686364 0
55.1995 1 8.15441e-06 -0.000483734 0
55.1995 1 1.15689e-05 -0.000340909 0
55.1995 1 1.64131e-05 -0.000240238 0
55.1995 1 2.32857e-05 -0.000169279 0
55.1995 1 3.3036e-05 -0.000119263 0
55.1995 1 4.6869e-05 -8.40093e-05 0
55.1995 1 6.64944e-05 -5.91602e-05 0
55.1995 1 9.43373e-05 -4.16451e-05 0
55.1995 1 0.000133839 -2.92995e-05 0
55.1995 1 0.000189881 -2.05976e-05 0
55.1995 1 0.000269389 -1.4464e-05 0
55.1995 1 0.000382189 -1.01407e-05 0
55.1995 1 0.000542222 -7.09339e-06 0
55.1995 1 0.000769265 -4.94548e-06 0
55.1995 1 0.00109138 -3.43152e-06 0
55.1995 1 0.00154837 -2.3644e-06 0
55.1995 1 0.00219671 -1.61226e-06 0
55.1995 1 0.00311653 -1.08214e-06 0
55.1995 1 0.0044215 -7.08513e-07 0
55.1995 1 0.0062729 -4.45219e-07 0
55.1995 1 0.00889953 -2.59713e-07 0
55.1995 1 0.012626 -1.29071e-07 0
55.1995 1 0.0179128 -3.71447e-08 0
55.1995 1 0.0254134 2.74279e-08 0
55.1995 1 0.0360547 7.26311e-08 0
55.1995 1 0.0511518 1.0406e-07 0
55.1995 1 0.0725704 1.25617e-07 0
55.1995 1 0.102958 1.39996e-07 0
55.1995 1 0.146069 1.49034e-07 0
55.1995 1 0.207231 1.53956e-07 0
55.1995 1 0.294005 1.55546e-07 0
55.1995 1 0.417112 1.54262e-07 0
55.1995 1 0.591769 1.50226e-07 0
55.1995 1 0.839558 1.43081e-07 0
55.1995 1 1.1911 1.32059e-07 0
55.1995 1 1.68985 1.17066e-07 0
55.1995 1 2.39743 1.00178e-07 0
55.1995 1 3.4013 8.30308e-08 0
55.1995 1 4.82552 6.32512e-08 0
55.1995 1 6.8461 4.43938e-08 0
55.1995 1 9.71274 2.97574e-08 0
55.1995 1 13.7797 1.83667e-08 0
55.1995 1 19.5497 9.73518e-09 0
55.1995 1 27.7356 5.18696e-09 0
55.1995 1 39.3493 2.53696e-09 0
55.1995 1 55.8259 1.13059e-09 0
55.1995 1 79.2016 4.80531e-10 0
55.1995 1 112.365 1.91798e-10 0
55.1995 1 159.416 7.32862e-11 0
55.1995 1 226.168 2.73919e-11 0
55.1995 1 320.87 1.00381e-11 0
55.1995 1 455.227 3.58373e-12 0
55.1995 1 645.842 1.24994e-12 0
55.1995 1 916.274 4.41308e-13 0
55.1995 1 1299.94 1.51199e-13 0
55.1995 1 1844.26 5.03827e-14 0
55.1995 1 2616.5 1.60809e-14 0
55.1995 1 3712.11 5.2347e-15 0
55.1995 1 5266.46 1.5836e-15 0
55.1995 1 7471.67 4.22204e-16 0
55.1995 1 10600.3 8.5996e-17 0
55.1995 1 15038.9 2.23946e-18 0
55.1995 1 21336 -1.16287e-17 0
55.1995 1 30270 -9.60691e-18 0
55.1995 1 42944.9 -5.83303e-18 0
55.1995 1 60927 -3.12972e-18 0
55.1995 1 86438.8 -1.56033e-18 0
55.1995 1 122633 -7.3907e-19 0
55.1995 1 173983 -3.44912e-19 0
55.1995 1 246834 -1.58599e-19 0
55.1995 1 350190 -6.68401e-20 0
55.1995 1 496824 -2.82218e-20 0
55.1995 1 704857 -1.10292e-20 0
55.1995 1 1e+06 -2.20839e-21 0

134.596 1 1e-06 -0.000334834 0
134.596 1 1.41873e-06 -0.000236009 0
134.596 1 2.01279e-06 -0.000166351 0
134.596 1 2.85559e-06 -0.000117252 0
134.596 1 4.0513e-06 -8.26449e-05 0
134.596 1 5.74769e-06 -5.82514e-05 0
134.596 1 8.15441e-06 -4.10576e-05 0
134.596 1 1.15689e-05 -2.89383e-05 0
134.596 1 1.64131e-05 -2.0396e-05 0
134.596 1 2.32857e-05 -1.43749e-05 0
134.596 1 3.3036e-05 -1.01308e-05 0
134.596 1 4.6869e-05 -7.1394e-06 0
134.596 1 6.64944e-05 -5.03086e-06 0
134.596 1 9.43373e-05 -3.54464e-06 0
134.596 1 0.000133839 -2.49707e-06 0
134.596 1 0.000189881 -1.75868e-06 0
134.596 1 0.000269389 -1.23822e-06 0
134.596 1 0.000382189 -8.71371e-07 0
134.596 1 0.000542222 -6.12795e-07 0
134.596 1 0.000769265 -4.30535e-07 0
134.596 1 0.00109138 -3.02068e-07 0
134.596 1 0.00154837 -2.11518e-07 0
134.596 1 0.00219671 -1.47693e-07 0
134.596 1 0.00311653 -1.02706e-07 0
134.596 1 0.0044215 -7.09973e-08 0
134.596 1 0.0062729 -4.8648e-08 0
134.596 1 0.00889953 -3.28961e-08 0
134.596 1 0.012626 -2.1795e-08 0
134.596 1 0.0179128 -1.39728e-08 0
134.596 1 0.0254134 -8.46251e-09 0
134.596 1 0.0360547 -4.58317e-09 0
134.596 1 0.0511518 -1.85502e-09 0
134.596 1 0.0725704 5.96574e-11 0
134.596 1 0.102958 1.3984e-09 0
134.596 1 0.146069 2.32855e-09 0
134.596 1 0.207231 2.9683e-09 0
134.596 1 0.294005 3.40151e-09 0
134.596 1 0.417112 3.68819e-09 0
134.596 1 0.591769 3.8669e-09 0
134.596 1 0.839558 3.94892e-09 0
134.596 1 1.1911 3.91687e-09 0
134.596 1 1.68985 3.76487e-09 0
134.596 1 2.39743 3.57346e-09 0
134.596 1 3.4013 3.39112e-09 0
134.596 1 4.82552 3.00413e-09 0
134.596 1 6.8461 2.52049e-09 0
134.596 1 9.71274 2.09041e-09 0
134.596 1 13.7797 1.63296e-09 0
134.596 1 19.5497 1.09347e-09 0
134.596 1 27.7356 7.38218e-10 0
134.596 1 39.3493 4.57644e-10 0
134.596 1 55.8259 2.52144e-10 0
134.596 1 79.2016 1.29316e-10 0
134.596 1 112.365 6.06513e-11 0
134.596 1 159.416 2.65601e-11 0
134.596 1 226.168 1.11045e-11 0
134.596 1 320.87 4.45587e-12 0
134.596 1 455.227 1.71643e-12 0
134.596 1 645.842 6.40072e-13 0
134.596 1 916.274 2.37919e-13 0
134.596 1 1299.94 8.566e-14 0
134.596 1 1844.26 3.00691e-14 0
134.596 1 2616.5 1.02289e-14 0
134.596 1 3712.11 3.51147e-15 0
134.596 1 5266.46 1.15175e-15 0
134.596 1 7471.67 3.54831e-16 0
134.596 1 10600.3 9.98069e-17 0
134.596 1 15038.9 2.33805e-17 0
134.596 1 21336 2.86164e-18 0
134.596 1 30270 -1.41961e-18 0
134.596 1 42944.9 -1.58543e-18 0
134.596 1 60927 -1.03354e-18 0
134.596 1 86438.8 -5.64926e-19 0
134.596 1 122633 -2.81319e-19 0
134.596 1 173983 -1.35307e-19 0
134.596 1 246834 -6.33515e-20 0
134.596 1 350190 -2.69619e-20 0
134.596 1 496824 -1.14561e-20 0
134.596 1 704857 -4.49324e-21 0
134.596 1 1e+06 -8.99301e-22 0

328.193 1 1e-06 -3.5036e-05 0
328.193 1 1.41873e-06 -2.46953e-05 0
328.193 1 2.01279e-06 -1.74066e-05 0
328.193 1 2.85559e-06 -1.22691e-05 0
328.193 1 4.0513e-06 -8.64792e-06 0
328.193 1 5.74769e-06 -6.09549e-06 0
328.193 1 8.15441e-06 -4.2964e-06 0
328.193 1 1.15689e-05 -3.02829e-06 0
328.193 1 1.64131e-05 -2.13446e-06 0
328.193 1 2.32857e-05 -1.50443e-06 0
328.193 1 3.3036e-05 -1.06035e-06 0
328.193 1 4.6869e-05 -7.4734e-07 0
328.193 1 6.64944e-05 -5.26711e-07 0
328.193 1 9.43373e-05 -3.71199e-07 0
328.193 1 0.000133839 -2.61586e-07 0
328.193 1 0.000189881 -1.84324e-07 0
328.193 1 0.000269389 -1.29865e-07 0
328.193 1 0.000382189 -9.14792e-08 0
328.193 1 0.000542222 -6.44228e-08 0
328.193 1 0.000769265 -4.5352e-08 0
328.193 1 0.00109138 -3.19097e-08 0
328.193 1 0.00154837 -2.24348e-08 0
328.193 1 0.00219671 -1.57564e-08 0
328.193 1 0.00311653 -1.10491e-08 0
328.193 1 0.0044215 -7.73115e-09 0
328.193 1 0.0062729 -5.39248e-09 0
328.193 1 0.00889953 -3.74409e-09 0
328.193 1 0.012626 -2.58227e-09 0
328.193 1 0.0179128 -1.76343e-09 0
328.193 1 0.0254134 -1.18637e-09 0
328.193 1 0.0360547 -7.79764e-10 0
328.193 1 0.0511518 -4.93353e-10 0
328.193 1 0.0725704 -2.91714e-10 0
328.193 1 0.102958 -1.49885e-10 0
328.193 1 0.146069 -5.02474e-11 0
328.193 1 0.207231 1.96601e-11 0
328.193 1 0.294005 6.86965e-11 0
328.193 1 0.417112 1.03232e-10 0
328.193 1 0.591769 1.27713e-10 0
328.193 1 0.839558 1.44689e-10 0
328.193 1 1.1911 1.5482e-10 0
328.193 1 1.68985 1.58616e-10 0
328.193 1 2.39743 1.60608e-10 0
328.193 1 3.4013 1.6475e-10 0
328.193 1 4.82552 1.59709e-10 0
328.193 1 6.8461 1.48485e-10 0
328.193 1 9.71274 1.40999e-10 0
328.193 1 13.7797 1.30037e-10 0
328.193 1 19.5497 1.05266e-10 0
328.193 1 27.7356 8.74493e-11 0
328.193 1 39.3493 6.82989e-11 0
328.193 1 55.8259 4.76527e-11 0
328.193 1 79.2016 3.07045e-11 0
328.193 1 112.365 1.78849e-11 0
328.193 1 159.416 9.52451e-12 0
328.193 1 226.168 4.70405e-12 0
328.193 1 320.87 2.16613e-12 0
328.193 1 455.227 9.35127e-13 0
328.193 1 645.842 3.83597e-13 0
328.193 1 916.274 1.53022e-13 0
328.193 1 1299.94 5.86212e-14 0
328.193 1 1844.26 2.17952e-14 0
328.193 1 2616.5 7.87684e-15 0
328.193 1 3712.11 2.83086e-15 0
328.193 1 5266.46 9.85345e-16 0
328.193 1 7471.67 3.30961e-16 0
328.193 1 10600.3 1.06669e-16 0
328.193 1 15038.9 3.23996e-17 0
328.193 1 21336 8.89492e-18 0
328.193 1 30270 1.95722e-18 0
328.193 1 42944.9 1.58566e-19 0
328.193 1 60927 -1.74838e-19 0
328.193 1 86438.8 -1.57554e-19 0
328.193 1 122633 -9.40122e-20 0
328.193 1 173983 -4.95159e-20 0
328.193 1 246834 -2.43522e-20 0
328.193 1 350190 -1.06242e-20 0
328.193 1 496824 -4.58507e-21 0
328.193 1 704857 -1.81374e-21 0
328.193 1 1e+06 -3.61777e-22 0

800.25 1 1e-06 -4.23396e-06 0
800.25 1 1.41873e-06 -2.98433e-06 0
800.25 1 2.01279e-06 -2.10353e-06 0
800.25 1 2.85559e-06 -1.48269e-06 0
800.25 1 4.0513e-06 -1.04508e-06 0
800.25 1 5.74769e-06 -7.36633e-07 0
800.25 1 8.15441e-06 -5.1922e-07 0
800.25 1 1.15689e-05 -3.65975e-07 0
800.25 1 1.64131e-05 -2.57959e-07 0
800.25 1 2.32857e-05 -1.81823e-07 0
800.25 1 3.3036e-05 -1.28159e-07 0
800.25 1 4.6869e-05 -9.03325e-08 0
800.25 1 6.64944e-05 -6.36706e-08 0
800.25 1 9.43373e-05 -4.48777e-08 0
800.25 1 0.000133839 -3.16313e-08 0
800.25 1 0.000189881 -2.22946e-08 0
800.25 1 0.000269389 -1.57135e-08 0
800.25 1 0.000382189 -1.10748e-08 0
800.25 1 0.000542222 -7.80513e-09 0
800.25 1 0.000769265 -5.5005e-09 0
800.25 1 0.00109138 -3.87607e-09 0
800.25 1 0.00154837 -2.73107e-09 0
800.25 1 0.00219671 -1.92402e-09 0
800.25 1 0.00311653 -1.35516e-09 0
800.25 1 0.0044215 -9.54191e-10 0
800.25 1 0.0062729 -6.7157e-10 0
800.25 1 0.00889953 -4.72364e-10 0
800.25 1 0.012626 -3.31955e-10 0
800.25 1 0.0179128 -2.3299e-10 0
800.25 1 0.0254134 -1.63238e-10 0
800.25 1 0.0360547 -1.14079e-10 0
800.25 1 0.0511518 -7.94378e-11 0
800.25 1 0.0725704 -5.50303e-11 0
800.25 1 0.102958 -3.78383e-11 0
800.25 1 0.146069 -2.5732e-11 0
800.25 1 0.207231 -1.7207e-11 0
800.25 1 0.294005 -1.11974e-11 0
800.25 1 0.417112 -6.9426e-12 0
800.25 1 0.591769 -3.90466e-12 0
800.25 1 0.839558 -1.73115e-12 0
800.25 1 1.1911 -2.33082e-13 0
800.25 1 1.68985 7.19467e-13 0
800.25 1 2.39743 1.45618e-12 0
800.25 1 3.4013 2.30586e-12 0
800.25 1 4.82552 2.67429e-12 0
800.25 1 6.8461 2.69539e-12 0
800.25 1 9.71274 3.10469e-12 0
800.25 1 13.7797 3.48698e-12 0
800.25 1 19.5497 2.9698e-12 0
800.25 1 27.7356 3.01352e-12 0
800.25 1 39.3493 2.9639e-12 0
800.25 1 55.8259 2.53014e-12 0
800.25 1 79.2016 2.05006e-12 0
800.25 1 112.365 1.51626e-12 0
800.25 1 159.416 1.03401e-12 0
800.25 1 226.168 6.5371e-13 0
800.25 1 320.87 3.80033e-13 0
800.25 1 455.227 2.02595e-13 0
800.25 1 645.842 1.00366e-13 0
800.25 1 916.274 4.71641e-14 0
800.25 1 1299.94 2.07111e-14 0
800.25 1 1844.26 8.64892e-15 0
800.25 1 2616.5 3.45877e-15 0
800.25 1 3712.11 1.3536e-15 0
800.25 1 5266.46 5.08341e-16 0
800.25 1 7471.67 1.83779e-16 0
800.25 1 10600.3 6.39989e-17 0
800.25 1 15038.9 2.12994e-17 0
800.25 1 21336 6.65368e-18 0
800.25 1 30270 1.87691e-18 0
800.25 1 42944.9 4.31616e-19 0
800.25 1 60927 4.79834e-20 0
800.25 1 86438.8 -2.71385e-20 0
800.25 1 122633 -2.72659e-20 0
800.25 1 173983 -1.70224e-20 0
800.25 1 246834 -9.05912e-21 0
800.25 1 350190 -4.10238e-21 0
800.25 1 496824 -1.81197e-21 0
800.25 1 704857 -7.25833e-22 0
800.25 1 1e+06 -1.43868e-22 0

1951.29 1 1e-06 -5.56447e-07 0
1951.29 1 1.41873e-06 -3.92216e-07 0
1951.29 1 2.01279e-06 -2.76456e-07 0
1951.29 1 2.85559e-06 -1.94862e-07 0
1951.29 1 4.0513e-06 -1.3735e-07 0
1951.29 1 5.74769e-06 -9.68121e-08 0
1951.29 1 8.15441e-06 -6.82387e-08 0
1951.29 1 1.15689e-05 -4.80985e-08 0
1951.29 1 1.64131e-05 -3.39026e-08 0
1951.29 1 2.32857e-05 -2.38964e-08 0
1951.29 1 3.3036e-05 -1.68435e-08 0
1951.29 1 4.6869e-05 -1.18723e-08 0
1951.29 1 6.64944e-05 -8.36822e-09 0
1951.29 1 9.43373e-05 -5.89837e-09 0
1951.29 1 0.000133839 -4.15747e-09 0
1951.29 1 0.000189881 -2.93039e-09 0
1951.29 1 0.000269389 -2.06548e-09 0
1951.29 1 0.000382189 -1.45583e-09 0
1951.29 1 0.000542222 -1.02612e-09 0
1951.29 1 0.000769265 -7.23235e-10 0
1951.29 1 0.00109138 -5.09744e-10 0
1951.29 1 0.00154837 -3.59263e-10 0
1951.29 1 0.00219671 -2.53196e-10 0
1951.29 1 0.00311653 -1.78434e-10 0
1951.29 1 0.0044215 -1.25737e-10 0
1951.29 1 0.0062729 -8.85932e-11 0
1951.29 1 0.00889953 -6.24123e-11 0
1951.29 1 0.012626 -4.39587e-11 0
1951.29 1 0.0179128 -3.09517e-11 0
1951.29 1 0.0254134 -2.1784e-11 0
1951.29 1 0.0360547 -1.53224e-11 0
1951.29 1 0.0511518 -1.07683e-11 0
1951.29 1 0.0725704 -7.55899e-12 0
1951.29 1 0.102958 -5.29754e-12 0
1951.29 1 0.146069 -3.70421e-12 0
1951.29 1 0.207231 -2.58159e-12 0
1951.29 1 0.294005 -1.7902e-12 0
1951.29 1 0.417112 -1.23112e-12 0
1951.29 1 0.591769 -8.34443e-13 0
1951.29 1 0.839558 -5.52351e-13 0
1951.29 1 1.1911 -3.54719e-13 0
1951.29 1 1.68985 -2.2099e-13 0
1951.29 1 2.39743 -1.22388e-13 0
1951.29 1 3.4013 -3.053e-14 0
1951.29 1 4.82552 2.3109e-14 0
1951.29 1 6.8461 4.66523e-14 0
1951.29 1 9.71274 9.26075e-14 0
1951.29 1 13.7797 1.38554e-13 0
1951.29 1 19.5497 1.21547e-13 0
1951.29 1 27.7356 1.4499e-13 0
1951.29 1 39.3493 1.67074e-13 0
1951.29 1 55.8259 1.60348e-13 0
1951.29 1 79.2016 1.48874e-13 0
1951.29 1 112.365 1.28438e-13 0
1951.29 1 159.416 1.04235e-13 0
1951.29 1 226.168 7.99604e-14 0
1951.29 1 320.87 5.72167e-14 0
1951.29 1 455.227 3.77474e-14 0
1951.29 1 645.842 2.30912e-14 0
1951.29 1 916.274 1.31858e-14 0
1951.29 1 1299.94 6.88915e-15 0
1951.29 1 1844.26 3.35254e-15 0
1951.29 1 2616.5 1.53457e-15 0
1951.29 1 3712.11 6.72276e-16 0
1951.29 1 5266.46 2.78297e-16 0
1951.29 1 7471.67 1.09827e-16 0
1951.29 1 10600.3 4.15393e-17 0
1951.29 1 15038.9 1.50328e-17 0
1951.29 1 21336 5.168e-18 0
1951.29 1 30270 1.66422e-18 0
1951.29 1 42944.9 4.88719e-19 0
1951.29 1 60927 1.23191e-19 0
1951.29 1 86438.8 2.17326e-20 0
1951.29 1 122633 -1.17017e-21 0
1951.29 1 173983 -4.04131e-21 0
1951.29 1 246834 -2.87865e-21 0
1951.29 1 350190 -1.45106e-21 0
1951.29 1 496824 -6.80553e-22 0
1951.29 1 704857 -2.81084e-22 0
1951.29 1 1e+06 -5.47583e-23 0

4757.94 1 1e-06 -7.61033e-08 0
4757.94 1 1.41873e-06 -5.36419e-08 0
4757.94 1 2.01279e-06 -3.78099e-08 0
4757.94 1 2.85559e-06 -2.66506e-08 0
4757.94 1 4.0513e-06 -1.87849e-08 0
4757.94 1 5.74769e-06 -1.32407e-08 0
4757.94 1 8.15441e-06 -9.33277e-09 0
4757.94 1 1.15689e-05 -6.57827e-09 0
4757.94 1 1.64131e-05 -4.63674e-09 0
4757.94 1 2.32857e-05 -3.26824e-09 0
4757.94 1 3.3036e-05 -2.30364e-09 0
4757.94 1 4.6869e-05 -1.62374e-09 0
4757.94 1 6.64944e-05 -1.1445e-09 0
4757.94 1 9.43373e-05 -8.06711e-10 0
4757.94 1 0.000133839 -5.68616e-10 0
4757.94 1 0.000189881 -4.00792e-10 0
4757.94 1 0.000269389 -2.82501e-10 0
4757.94 1 0.000382189 -1.99122e-10 0
4757.94 1 0.000542222 -1.40352e-10 0
4757.94 1 0.000769265 -9.89271e-11 0
4757.94 1 0.00109138 -6.97287e-11 0
4757.94 1 0.00154837 -4.9148e-11 0
4757.94 1 0.00219671 -3.46415e-11 0
4757.94 1 0.00311653 -2.44165e-11 0
4757.94 1 0.0044215 -1.72094e-11 0
4757.94 1 0.0062729 -1.21294e-11 0
4757.94 1 0.00889953 -8.54868e-12 0
4757.94 1 0.012626 -6.02482e-12 0
4757.94 1 0.0179128 -4.24587e-12 0
4757.94 1 0.0254134 -2.99199e-12 0
4757.94 1 0.0360547 -2.1082e-12 0
4757.94 1 0.0511518 -1.48529e-12 0
4757.94 1 0.0725704 -1.04626e-12 0
4757.94 1 0.102958 -7.36847e-13 0
4757.94 1 0.146069 -5.18798e-13 0
4757.94 1 0.207231 -3.65132e-13 0
4757.94 1 0.294005 -2.56812e-13 0
4757.94 1 0.417112 -1.8038e-13 0
4757.94 1 0.591769 -1.26335e-13 0
4757.94 1 0.839558 -8.80692e-14 0
4757.94 1 1.1911 -6.11522e-14 0
4757.94 1 1.68985 -4.25191e-14 0
4757.94 1 2.39743 -2.91076e-14 0
4757.94 1 3.4013 -1.81749e-14 0
4757.94 1 4.82552 -1.10997e-14 0
4757.94 1 6.8461 -7.02899e-15 0
4757.94 1 9.71274 -2.15443e-15 0
4757.94 1 13.7797 2.37631e-15 0
4757.94 1 19.5497 2.36984e-15 0
4757.94 1 27.7356 4.96083e-15 0
4757.94 1 39.3493 7.55738e-15 0
4757.94 1 55.8259 8.15725e-15 0
4757.94 1 79.2016 8.49881e-15 0
4757.94 1 112.365 8.24181e-15 0
4757.94 1 159.416 7.62946e-15 0
4757.94 1 226.168 6.82728e-15 0
4757.94 1 320.87 5.84375e-15 0
4757.94 1 455.227 4.69981e-15 0
4757.94 1 645.842 3.54563e-15 0
4757.94 1 916.274 2.50506e-15 0
4757.94 1 1299.94 1.61618e-15 0
4757.94 1 1844.26 9.6112e-16 0
4757.94 1 2616.5 5.29837e-16 0
4757.94 1 3712.11 2.72966e-16 0
4757.94 1 5266.46 1.29923e-16 0
4757.94 1 7471.67 5.77932e-17 0
4757.94 1 10600.3 2.42439e-17 0
4757.94 1 15038.9 9.62011e-18 0
4757.94 1 21336 3.607e-18 0
4757.94 1 30270 1.27225e-18 0
4757.94 1 42944.9 4.18558e-19 0
4757.94 1 60927 1.26432e-19 0
4757.94 1 86438.8 3.39374e-20 0
4757.94 1 122633 7.38057e-21 0
4757.94 1 173983 7.08896e-22 0
4757.94 1 246834 -4.93088e-22 0
4757.94 1 350190 -4.01636e-22 0
4757.94 1 496824 -2.26027e-22 0
4757.94 1 704857 -1.01022e-22 0
4757.94 1 1e+06 -1.87634e-23 0

11601.6 1 1e-06 -1.04785e-08 0
11601.6 1 1.41873e-06 -7.38587e-09 0
11601.6 1 2.01279e-06 -5.20598e-09 0
11601.6 1 2.85559e-06 -3.66948e-09 0
11601.6 1 4.0513e-06 -2.58646e-09 0
11601.6 1 5.74769e-06 -1.82308e-09 0
11601.6 1 8.15441e-06 -1.28501e-09 0
11601.6 1 1.15689e-05 -9.05752e-10 0
11601.6 1 1.64131e-05 -6.38426e-10 0
11601.6 1 2.32857e-05 -4.49999e-10 0
11601.6 1 3.3036e-05 -3.17185e-10 0
11601.6 1 4.6869e-05 -2.2357e-10 0
11601.6 1 6.64944e-05 -1.57585e-10 0
11601.6 1 9.43373e-05 -1.11075e-10 0
11601.6 1 0.000133839 -7.8292e-11 0
11601.6 1 0.000189881 -5.51847e-11 0
11601.6 1 0.000269389 -3.88973e-11 0
11601.6 1 0.000382189 -2.7417e-11 0
11601.6 1 0.000542222 -1.93251e-11 0
11601.6 1 0.000769265 -1.36214e-11 0
11601.6 1 0.00109138 -9.60111e-12 0
11601.6 1 0.00154837 -6.76739e-12 0
11601.6 1 0.00219671 -4.77002e-12 0
11601.6 1 0.00311653 -3.36215e-12 0
11601.6 1 0.0044215 -2.36981e-12 0
11601.6 1 0.0062729 -1.67035e-12 0
11601.6 1 0.00889953 -1.17734e-12 0
11601.6 1 0.012626 -8.29829e-13 0
11601.6 1 0.0179128 -5.84887e-13 0
11601.6 1 0.0254134 -4.12239e-13 0
11601.6 1 0.0360547 -2.90548e-13 0
11601.6 1 0.0511518 -2.04775e-13 0
11601.6 1 0.0725704 -1.4432e-13 0
11601.6 1 0.102958 -1.0171e-13 0
11601.6 1 0.146069 -7.16794e-14 0
11601.6 1 0.207231 -5.05136e-14 0
11601.6 1 0.294005 -3.55942e-14 0
11601.6 1 0.417112 -2.50728e-14 0
11601.6 1 0.591769 -1.76454e-14 0
11601.6 1 0.839558 -1.23988e-14 0
11601.6 1 1.1911 -8.70377e-15 0
11601.6 1 1.68985 -6.1212e-15 0
11601.6 1 2.39743 -4.28311e-15 0
11601.6 1 3.4013 -2.89003e-15 0
11601.6 1 4.82552 -1.94751e-15 0
11601.6 1 6.8461 -1.34397e-15 0
11601.6 1 9.71274 -7.85299e-16 0
11601.6 1 13.7797 -3.14894e-16 0
11601.6 1 19.5497 -1.95205e-16 0
11601.6 1 27.7356 6.57489e-17 0
11601.6 1 39.3493 3.10009e-16 0
11601.6 1 55.8259 4.0556e-16 0
11601.6 1 79.2016 4.77135e-16 0
11601.6 1 112.365 5.05628e-16 0
11601.6 1 159.416 5.08268e-16 0
11601.6 1 226.168 4.97438e-16 0
11601.6 1 320.87 4.73562e-16 0
11601.6 1 455.227 4.31721e-16 0
11601.6 1 645.842 3.76326e-16 0
11601.6 1 916.274 3.14646e-16 0
11601.6 1 1299.94 2.45609e-16 0
11601.6 1 1844.26 1.78673e-16 0
11601.6 1 2616.5 1.20752e-16 0
11601.6 1 3712.11 7.55611e-17 0
11601.6 1 5266.46 4.30886e-17 0
11601.6 1 7471.67 2.25433e-17 0
11601.6 1 10600.3 1.09068e-17 0
11601.6 1 15038.9 4.90169e-18 0
11601.6 1 21336 2.05035e-18 0
11601.6 1 30270 7.98575e-19 0
11601.6 1 42944.9 2.89329e-19 0
11601.6 1 60927 9.72294e-20 0
11601.6 1 86438.8 3.00993e-20 0
11601.6 1 122633 8.43038e-21 0
11601.6 1 173983 1.99826e-21 0
11601.6 1 246834 3.13579e-22 0
11601.6 1 350190 -1.49522e-23 0
11601.6 1 496824 -5.05502e-23 0
11601.6 1 704857 -2.9875e-23 0
11601.6 1 1e+06 -4.65494e-24 0

28288.7 1 1e-06 -1.40632e-09 0
28288.7 1 1.41873e-06 -9.91255e-10 0
28288.7 1 2.01279e-06 -6.98693e-10 0
28288.7 1 2.85559e-06 -4.92479e-10 0
28288.7 1 4.0513e-06 -3.47127e-10 0
28288.7 1 5.74769e-06 -2.44675e-10 0
28288.7 1 8.15441e-06 -1.72461e-10 0
28288.7 1 1.15689e-05 -1.21561e-10 0
28288.7 1 1.64131e-05 -8.56829e-11 0
28288.7 1 2.32857e-05 -6.03942e-11 0
28288.7 1 3.3036e-05 -4.25693e-11 0
28288.7 1 4.6869e-05 -3.00053e-11 0
28288.7 1 6.64944e-05 -2.11495e-11 0
28288.7 1 9.43373e-05 -1.49073e-11 0
28288.7 1 0.000133839 -1.05076e-11 0
28288.7 1 0.000189881 -7.40633e-12 0
28288.7 1 0.000269389 -5.22041e-12 0
28288.7 1 0.000382189 -3.67964e-12 0
28288.7 1 0.000542222 -2.59362e-12 0
28288.7 1 0.000769265 -1.82814e-12 0
28288.7 1 0.00109138 -1.28858e-12 0
28288.7 1 0.00154837 -9.08263e-13 0
28288.7 1 0.00219671 -6.40196e-13 0
28288.7 1 0.00311653 -4.51248e-13 0
28288.7 1 0.0044215 -3.18066e-13 0
28288.7 1 0.0062729 -2.24192e-13 0
28288.7 1 0.00889953 -1.58024e-13 0
28288.7 1 0.012626 -1.11385e-13 0
28288.7 1 0.0179128 -7.85115e-14 0
28288.7 1 0.0254134 -5.53403e-14 0
28288.7 1 0.0360547 -3.9008e-14 0
28288.7 1 0.0511518 -2.74962e-14 0
28288.7 1 0.0725704 -1.93822e-14 0
28288.7 1 0.102958 -1.36631e-14 0
28288.7 1 0.146069 -9.63218e-15 0
28288.7 1 0.207231 -6.79105e-15 0
28288.7 1 0.294005 -4.78842e-15 0
28288.7 1 0.417112 -3.3765e-15 0
28288.7 1 0.591769 -2.38056e-15 0
28288.7 1 0.839558 -1.6778e-15 0
28288.7 1 1.1911 -1.18264e-15 0
28288.7 1 1.68985 -8.35064e-16 0
28288.7 1 2.39743 -5.88917e-16 0
28288.7 1 3.4013 -4.08964e-16 0
28288.7 1 4.82552 -2.84672e-16 0
28288.7 1 6.8461 -2.01103e-16 0
28288.7 1 9.71274 -1.33351e-16 0
28288.7 1 13.7797 -8.04004e-17 0
28288.7 1 19.5497 -5.7134e-17 0
28288.7 1 27.7356 -2.88933e-17 0
28288.7 1 39.3493 -4.7211e-18 0
28288.7 1 55.8259 7.38309e-18 0
28288.7 1 79.2016 1.64992e-17 0
28288.7 1 112.365 2.18597e-17 0
28288.7 1 159.416 2.49432e-17 0
28288.7 1 226.168 2.68707e-17 0
28288.7 1 320.87 2.79359e-17 0
28288.7 1 455.227 2.78082e-17 0
28288.7 1 645.842 2.66576e-17 0
28288.7 1 916.274 2.5018e-17 0
28288.7 1 1299.94 2.24192e-17 0
28288.7 1 1844.26 1.91176e-17 0
28288.7 1 2616.5 1.54243e-17 0
28288.7 1 3712.11 1.17083e-17 0
28288.7 1 5266.46 8.18253e-18 0
28288.7 1 7471.67 5.24412e-18 0
28288.7 1 10600.3 3.07992e-18 0
28288.7 1 15038.9 1.65619e-18 0
28288.7 1 21336 8.14847e-19 0
28288.7 1 30270 3.66825e-19 0
28288.7 1 42944.9 1.51296e-19 0
28288.7 1 60927 5.73001e-20 0
28288.7 1 86438.8 1.99649e-20 0
28288.7 1 122633 6.39003e-21 0
28288.7 1 173983 1.84781e-21 0
28288.7 1 246834 4.64721e-22 0
28288.7 1 350190 9.75132e-23 0
28288.7 1 496824 9.83012e-24 0
28288.7 1 704857 -3.56232e-24 0
28288.7 1 1e+06 4.31777e-25 0

68977.9 1 1e-06 -1.79323e-10 0
68977.9 1 1.41873e-06 -1.26397e-10 0
68977.9 1 2.01279e-06 -8.90919e-11 0
68977.9 1 2.85559e-06 -6.27971e-11 0
68977.9 1 4.0513e-06 -4.4263e-11 0
68977.9 1 5.74769e-06 -3.11991e-11 0
68977.9 1 8.15441e-06 -2.19909e-11 0
68977.9 1 1.15689e-05 -1.55005e-11 0
68977.9 1 1.64131e-05 -1.09256e-11 0
68977.9 1 2.32857e-05 -7.701e-12 0
68977.9 1 3.3036e-05 -5.42811e-12 0
68977.9 1 4.6869e-05 -3.82604e-12 0
68977.9 1 6.64944e-05 -2.69681e-12 0
68977.9 1 9.43373e-05 -1.90087e-12 0
68977.9 1 0.000133839 -1.33984e-12 0
68977.9 1 0.000189881 -9.44398e-13 0
68977.9 1 0.000269389 -6.65666e-13 0
68977.9 1 0.000382189 -4.692e-13 0
68977.9 1 0.000542222 -3.30719e-13 0
68977.9 1 0.000769265 -2.3311e-13 0
68977.9 1 0.00109138 -1.64309e-13 0
68977.9 1 0.00154837 -1.15815e-13 0
68977.9 1 0.00219671 -8.16332e-14 0
68977.9 1 0.00311653 -5.754e-14 0
68977.9 1 0.0044215 -4.05577e-14 0
68977.9 1 0.0062729 -2.85876e-14 0
68977.9 1 0.00889953 -2.01504e-14 0
68977.9 1 0.012626 -1.42033e-14 0
68977.9 1 0.0179128 -1.00115e-14 0
68977.9 1 0.0254134 -7.05691e-15 0
68977.9 1 0.0360547 -4.97433e-15 0
68977.9 1 0.0511518 -3.50641e-15 0
68977.9 1 0.0725704 -2.47175e-15 0
68977.9 1 0.102958 -1.74248e-15 0
68977.9 1 0.146069 -1.22846e-15 0
68977.9 1 0.207231 -8.66149e-16 0
68977.9 1 0.294005 -6.10772e-16 0
68977.9 1 0.417112 -4.30744e-16 0
68977.9 1 0.591769 -3.03801e-16 0
68977.9 1 0.839558 -2.14274e-16 0
68977.9 1 1.1911 -1.51182e-16 0
68977.9 1 1.68985 -1.06806e-16 0
68977.9 1 2.39743 -7.54517e-17 0
68977.9 1 3.4013 -5.29228e-17 0
68977.9 1 4.82552 -3.72107e-17 0
68977.9 1 6.8461 -2.64048e-17 0
68977.9 1 9.71274 -1.82001e-17 0
68977.9 1 13.7797 -1.2069e-17 0
68977.9 1 19.5497 -8.68193e-18 0
68977.9 1 27.7356 -5.50471e-18 0
68977.9 1 39.3493 -2.97507e-18 0
68977.9 1 55.8259 -1.51665e-18 0
68977.9 1 79.2016 -4.42426e-19 0
68977.9 1 112.365 2.53899e-19 0
68977.9 1 159.416 7.10728e-19 0
68977.9 1 226.168 1.0333e-18 0
68977.9 1 320.87 1.26637e-18 0
68977.9 1 455.227 1.40198e-18 0
68977.9 1 645.842 1.45907e-18 0
68977.9 1 916.274 1.48942e-18 0
68977.9 1 1299.94 1.46047e-18 0
68977.9 1 1844.26 1.37904e-18 0
68977.9 1 2616.5 1.25173e-18 0
68977.9 1 3712.11 1.09473e-18 0
68977.9 1 5266.46 9.03265e-19 0
68977.9 1 7471.67 6.9686e-19 0
68977.9 1 10600.3 4.98919e-19 0
68977.9 1 15038.9 3.28898e-19 0
68977.9 1 21336 1.98129e-19 0
68977.9 1 30270 1.08363e-19 0
68977.9 1 42944.9 5.36009e-20 0
68977.9 1 60927 2.39701e-20 0
68977.9 1 86438.8 9.71735e-21 0
68977.9 1 122633 3.58312e-21 0
68977.9 1 173983 1.19941e-21 0
68977.9 1 246834 3.62875e-22 0
68977.9 1 350190 1.00098e-22 0
68977.9 1 496824 2.34285e-23 0
68977.9 1 704857 4.43553e-24 0
68977.9 1 1e+06 1.8326e-24 0

168192 1 1e-06 -2.12994e-11 0
168192 1 1.41873e-06 -1.5013e-11 0
168192 1 2.01279e-06 -1.05821e-11 0
168192 1 2.85559e-06 -7.45884e-12 0
168192 1 4.0513e-06 -5.25742e-12 0
168192 1 5.74769e-06 -3.70573e-12 0
168192 1 8.15441e-06 -2.61201e-12 0
168192 1 1.15689e-05 -1.8411e-12 0
168192 1 1.64131e-05 -1.29771e-12 0
168192 1 2.32857e-05 -9.147e-13 0
168192 1 3.3036e-05 -6.44733e-13 0
168192 1 4.6869e-05 -4.54445e-13 0
168192 1 6.64944e-05 -3.20319e-13 0
168192 1 9.43373e-05 -2.25779e-13 0
168192 1 0.000133839 -1.59142e-13 0
168192 1 0.000189881 -1.12173e-13 0
168192 1 0.000269389 -7.90657e-14 0
168192 1 0.000382189 -5.57301e-14 0
168192 1 0.000542222 -3.92818e-14 0
168192 1 0.000769265 -2.76881e-14 0
168192 1 0.00109138 -1.95162e-14 0
168192 1 0.00154837 -1.37561e-14 0
168192 1 0.00219671 -9.69614e-15 0
168192 1 0.00311653 -6.83442e-15 0
168192 1 0.0044215 -4.81731e-15 0
168192 1 0.0062729 -3.39554e-15 0
168192 1 0.00889953 -2.3934e-15 0
168192 1 0.012626 -1.68703e-15 0
168192 1 0.0179128 -1.18914e-15 0
168192 1 0.0254134 -8.38196e-16 0
168192 1 0.0360547 -5.90833e-16 0
168192 1 0.0511518 -4.16478e-16 0
168192 1 0.0725704 -2.93583e-16 0
168192 1 0.102958 -2.06961e-16 0
168192 1 0.146069 -1.45905e-16 0
168192 1 0.207231 -1.0287e-16 0
168192 1 0.294005 -7.2536e-17 0
168192 1 0.417112 -5.11534e-17 0
168192 1 0.591769 -3.60785e-17 0
168192 1 0.839558 -2.54494e-17 0
168192 1 1.1911 -1.79582e-17 0
168192 1 1.68985 -1.26844e-17 0
168192 1 2.39743 -8.96198e-18 0
168192 1 3.4013 -6.30972e-18 0
168192 1 4.82552 -4.45137e-18 0
168192 1 6.8461 -3.15941e-18 0
168192 1 9.71274 -2.20962e-18 0
168192 1 13.7797 -1.51691e-18 0
168192 1 19.5497 -1.09088e-18 0
168192 1 27.7356 -7.37931e-19 0
168192 1 39.3493 -4.69664e-19 0
168192 1 55.8259 -3.02111e-19 0
168192 1 79.2016 -1.80745e-19 0
168192 1 112.365 -9.89963e-20 0
168192 1 159.416 -4.33234e-20 0
168192 1 226.168 -3.59391e-21 0
168192 1 320.87 2.54973e-20 0
168192 1 455.227 4.49806e-20 0
168192 1 645.842 5.71824e-20 0
168192 1 916.274 6.67648e-20 0
168192 1 1299.94 7.21979e-20 0
168192 1 1844.26 7.42148e-20 0
168192 1 2616.5 7.32646e-20 0
168192 1 3712.11 7.06886e-20 0
168192 1 5266.46 6.55507e-20 0
168192 1 7471.67 5.80825e-20 0
168192 1 10600.3 4.88438e-20 0
168192 1 15038.9 3.86252e-20 0
168192 1 21336 2.8409e-20 0
168192 1 30270 1.91982e-20 0
168192 1 42944.9 1.17799e-20 0
168192 1 60927 6.5041e-21 0
168192 1 86438.8 3.21738e-21 0
168192 1 122633 1.42595e-21 0
168192 1 173983 5.67035e-22 0
168192 1 246834 2.0349e-22 0
168192 1 350190 6.68124e-23 0
168192 1 496824 1.96484e-23 0
168192 1 704857 5.28676e-24 0
168192 1 1e+06 1.80154e-24 0

410113 1 1e-06 -2.31873e-12 0
410113 1 1.41873e-06 -1.63437e-12 0
410113 1 2.01279e-06 -1.152e-12 0
410113 1 2.85559e-06 -8.11996e-13 0
410113 1 4.0513e-06 -5.72341e-13 0
410113 1 5.74769e-06 -4.03419e-13 0
410113 1 8.15441e-06 -2.84353e-13 0
410113 1 1.15689e-05 -2.00428e-13 0
410113 1 1.64131e-05 -1.41273e-13 0
410113 1 2.32857e-05 -9.95775e-14 0
410113 1 3.3036e-05 -7.0188e-14 0
410113 1 4.6869e-05 -4.94725e-14 0
410113 1 6.64944e-05 -3.48711e-14 0
410113 1 9.43373e-05 -2.45791e-14 0
410113 1 0.000133839 -1.73248e-14 0
410113 1 0.000189881 -1.22115e-14 0
410113 1 0.000269389 -8.60737e-15 0
410113 1 0.000382189 -6.06697e-15 0
410113 1 0.000542222 -4.27635e-15 0
410113 1 0.000769265 -3.01422e-15 0
410113 1 0.00109138 -2.1246e-15 0
410113 1 0.00154837 -1.49754e-15 0
410113 1 0.00219671 -1.05556e-15 0
410113 1 0.00311653 -7.44018e-16 0
410113 1 0.0044215 -5.24429e-16 0
410113 1 0.0062729 -3.6965e-16 0
410113 1 0.00889953 -2.60553e-16 0
410113 1 0.012626 -1.83655e-16 0
410113 1 0.0179128 -1.29453e-16 0
410113 1 0.0254134 -9.12483e-17 0
410113 1 0.0360547 -6.43195e-17 0
410113 1 0.0511518 -4.53385e-17 0
410113 1 0.0725704 -3.19597e-17 0
410113 1 0.102958 -2.25296e-17 0
410113 1 0.146069 -1.58827e-17 0
410113 1 0.207231 -1.11977e-17 0
410113 1 0.294005 -7.89541e-18 0
410113 1 0.417112 -5.56766e-18 0
410113 1 0.591769 -3.92671e-18 0
410113 1 0.839558 -2.76984e-18 0
410113 1 1.1911 -1.95447e-18 0
410113 1 1.68985 -1.38018e-18 0
410113 1 2.39743 -9.75042e-19 0
410113 1 3.4013 -6.87578e-19 0
410113 1 4.82552 -4.85697e-19 0
410113 1 6.8461 -3.44596e-19 0
410113 1 9.71274 -2.42528e-19 0
410113 1 13.7797 -1.69031e-19 0
410113 1 19.5497 -1.2138e-19 0
410113 1 27.7356 -8.42776e-20 0
410113 1 39.3493 -5.68208e-20 0
410113 1 55.8259 -3.89031e-20 0
410113 1 79.2016 -2.60514e-20 0
410113 1 112.365 -1.72401e-20 0
410113 1 159.416 -1.1152e-20 0
410113 1 226.168 -6.81735e-21 0
410113 1 320.87 -3.67182e-21 0
410113 1 455.227 -1.50028e-21 0
410113 1 645.842 -4.51952e-23 0
410113 1 916.274 1.09158e-21 0
410113 1 1299.94 1.86602e-21 0
410113 1 1844.26 2.36692e-21 0
410113 1 2616.5 2.65165e-21 0
410113 1 3712.11 2.85015e-21 0
410113 1 5266.46 2.91656e-21 0
410113 1 7471.67 2.86097e-21 0
410113 1 10600.3 2.69649e-21 0
410113 1 15038.9 2.43503e-21 0
410113 1 21336 2.09332e-21 0
410113 1 30270 1.69605e-21 0
410113 1 42944.9 1.27813e-21 0
410113 1 60927 8.8283e-22 0
410113 1 86438.8 5.51598e-22 0
410113 1 122633 3.08904e-22 0
410113 1 173983 1.54369e-22 0
410113 1 246834 6.90641e-23 0
410113 1 350190 2.78494e-23 0
410113 1 496824 1.00022e-23 0
410113 1 704857 3.28336e-24 0
410113 1 1e+06 1.15898e-24 0

1e+06 1 1e-06 -2.30238e-13 0
1e+06 1 1.41873e-06 -1.62285e-13 0
1e+06 1 2.01279e-06 -1.14388e-13 0
1e+06 1 2.85559e-06 -8.06272e-14 0
1e+06 1 4.0513e-06 -5.68306e-14 0
1e+06 1 5.74769e-06 -4.00575e-14 0
1e+06 1 8.15441e-06 -2.82348e-14 0
1e+06 1 1.15689e-05 -1.99015e-14 0
1e+06 1 1.64131e-05 -1.40277e-14 0
1e+06 1 2.32857e-05 -9.88756e-15 0
1e+06 1 3.3036e-05 -6.96932e-15 0
1e+06 1 4.6869e-05 -4.91238e-15 0
1e+06 1 6.64944e-05 -3.46252e-15 0
1e+06 1 9.43373e-05 -2.44059e-15 0
1e+06 1 0.000133839 -1.72027e-15 0
1e+06 1 0.000189881 -1.21254e-15 0
1e+06 1 0.000269389 -8.54669e-16 0
1e+06 1 0.000382189 -6.0242e-16 0
1e+06 1 0.000542222 -4.24621e-16 0
1e+06 1 0.000769265 -2.99297e-16 0
1e+06 1 0.00109138 -2.10962e-16 0
1e+06 1 0.00154837 -1.48698e-16 0
1e+06 1 0.00219671 -1.04811e-16 0
1e+06 1 0.00311653 -7.38772e-17 0
1e+06 1 0.0044215 -5.20731e-17 0
1e+06 1 0.0062729 -3.67043e-17 0
1e+06 1 0.00889953 -2.58715e-17 0
1e+06 1 0.012626 -1.82359e-17 0
1e+06 1 0.0179128 -1.28539e-17 0
1e+06 1 0.0254134 -9.06037e-18 0
1e+06 1 0.0360547 -6.38647e-18 0
1e+06 1 0.0511518 -4.50175e-18 0
1e+06 1 0.0725704 -3.1733e-18 0
1e+06 1 0.102958 -2.23693e-18 0
1e+06 1 0.146069 -1.57693e-18 0
1e+06 1 0.207231 -1.11173e-18 0
1e+06 1 0.294005 -7.83821e-19 0
1e+06 1 0.417112 -5.52689e-19 0
1e+06 1 0.591769 -3.89758e-19 0
1e+06 1 0.839558 -2.74901e-19 0
1e+06 1 1.1911 -1.93946e-19 0
1e+06 1 1.68985 -1.36913e-19 0
1e+06 1 2.39743 -9.669e-20 0
1e+06 1 3.4013 -6.82115e-20 0
1e+06 1 4.82552 -4.81876e-20 0
1e+06 1 6.8461 -3.41537e-20 0
1e+06 1 9.71274 -2.40871e-20 0
1e+06 1 13.7797 -1.68877e-20 0
1e+06 1 19.5497 -1.20909e-20 0
1e+06 1 27.7356 -8.47472e-21 0
1e+06 1 39.3493 -5.83849e-21 0
1e+06 1 55.8259 -4.07629e-21 0
1e+06 1 79.2016 -2.81925e-21 0
1e+06 1 112.365 -1.94963e-21 0
1e+06 1 159.416 -1.34474e-21 0
1e+06 1 226.168 -9.1528e-22 0
1e+06 1 320.87 -6.06185e-22 0
1e+06 1 455.227 -3.90932e-22 0
1e+06 1 645.842 -2.43781e-22 0
1e+06 1 916.274 -1.31692e-22 0
1e+06 1 1299.94 -5.31847e-23 0
1e+06 1 1844.26 7.76588e-25 0
1e+06 1 2616.5 3.6207e-23 0
1e+06 1 3712.11 6.41102e-23 0
1e+06 1 5266.46 8.30107e-23 0
1e+06 1 7471.67 9.46192e-23 0
1e+06 1 10600.3 1.00419e-22 0
1e+06 1 15038.9 1.0131e-22 0
1e+06 1 21336 9.79077e-23 0
1e+06 1 30270 9.06416e-23 0
1e+06 1 42944.9 7.99059e-23 0
1e+06 1 60927 6.63489e-23 0
1e+06 1 86438.8 5.118e-23 0
1e+06 1 122633 3.61644e-23 0
1e+06 1 173983 2.3145e-23 0
1e+06 1 246834 1.33545e-23 0
1e+06 1 350190 6.90376e-24 0
1e+06 1 496824 3.14368e-24 0
1e+06 1 704857 1.28486e-24 0
1e+06 1 1e+06 5.14423e-25 0

