#q_sq i k_sq Re(fg) Im(fg)
1e-06 5 1e-06 -1.79241e+10 -0
1e-06 5 1.55052e-06 -1.15601e+10 -0
1e-06 5 2.4041e-06 -7.45563e+09 -0
1e-06 5 3.72759e-06 -4.80848e+09 -0
1e-06 5 5.77969e-06 -3.1012e+09 -0
1e-06 5 8.96151e-06 -2.0001e+09 -0
1e-06 5 1.3895e-05 -1.28995e+09 -0
1e-06 5 2.15443e-05 -8.31945e+08 -0
1e-06 5 3.34048e-05 -5.36553e+08 -0
1e-06 5 5.17947e-05 -3.46042e+08 -0
1e-06 5 8.03086e-05 -2.23172e+08 -0
1e-06 5 0.00012452 -1.43927e+08 -0
1e-06 5 0.00019307 -9.28186e+07 -0
1e-06 5 0.000299358 -5.98563e+07 -0
1e-06 5 0.000464159 -3.85974e+07 -0
1e-06 5 0.000719686 -2.48866e+07 -0
1e-06 5 0.00111588 -1.60439e+07 -0
1e-06 5 0.0017302 -1.03408e+07 -0
1e-06 5 0.0026827 -6.66266e+06 -0
1e-06 5 0.00415956 -4.29054e+06 -0
1e-06 5 0.00644947 -2.76076e+06 -0
1e-06 5 0.01 -1.77431e+06 -0
1e-06 5 0.0155052 -1.13836e+06 -0
1e-06 5 0.024041 -728609 -0
1e-06 5 0.0372759 -464921 -0
1e-06 5 0.0577969 -295672 -0
1e-06 5 0.0896151 -187599 -0
1e-06 5 0.13895 -119178 -0
1e-06 5 0.215443 -76229.1 -0
1e-06 5 0.334048 -49051.5 -0
1e-06 5 0.517947 -30815.2 -0
1e-06 5 0.803086 -17638.3 -0
1e-06 5 1.2452 -9066.12 -0
1e-06 5 1.9307 -4152.8 -0
1e-06 5 2.99358 -787.305 -0
1e-06 5 4.64159 430.48 -0
1e-06 5 7.19686 215.719 -0
1e-06 5 11.1588 505.301 -0
1e-06 5 17.302 115.651 -0
1e-06 5 26.827 -90.6365 -0
1e-06 5 41.5956 -64.0414 -0
1e-06 5 64.4947 -38.6635 -0
1e-06 5 100 -24.2276 -0
1e-06 5 155.052 -13.7935 -0
1e-06 5 240.41 -7.7011 -0
1e-06 5 372.759 -4.77352 -0
1e-06 5 577.969 -2.78335 -0
1e-06 5 896.151 -1.45011 -0
1e-06 5 1389.5 -0.819512 -0
1e-06 5 2154.43 -0.467064 -0
1e-06 5 3340.48 -0.256079 -0
1e-06 5 5179.47 -0.134069 -0
1e-06 5 8030.86 -0.0638952 -0
1e-06 5 12452 -0.0308432 -0
1e-06 5 19307 -0.0144356 -0
1e-06 5 29935.8 -0.0060136 -0
1e-06 5 46415.9 -0.00209263 -0
1e-06 5 71968.6 -0.000342771 -0
1e-06 5 111588 0.000380099 -0
1e-06 5 173020 0.000331133 -0
1e-06 5 268270 0.000303887 -0
1e-06 5 415956 0.000205471 -0
1e-06 5 644947 0.000114571 -0
1e-06 5 1e+06 1.93885e-05 -0

2.43835e-06 5 1e-06 -7.3509e+09 -0
2.43835e-06 5 1.55052e-06 -4.74094e+09 -0
2.43835e-06 5 2.4041e-06 -3.05765e+09 -0
2.43835e-06 5 3.72759e-06 -1.97202e+09 -0
2.43835e-06 5 5.77969e-06 -1.27184e+09 -0
2.43835e-06 5 8.96151e-06 -8.20268e+08 -0
2.43835e-06 5 1.3895e-05 -5.29027e+08 -0
2.43835e-06 5 2.15443e-05 -3.41191e+08 -0
2.43835e-06 5 3.34048e-05 -2.20047e+08 -0
2.43835e-06 5 5.17947e-05 -1.41916e+08 -0
2.43835e-06 5 8.03086e-05 -9.15255e+07 -0
2.43835e-06 5 0.00012452 -5.90263e+07 -0
2.43835e-06 5 0.00019307 -3.80661e+07 -0
2.43835e-06 5 0.000299358 -2.45478e+07 -0
2.43835e-06 5 0.000464159 -1.58293e+07 -0
2.43835e-06 5 0.000719686 -1.02063e+07 -0
2.43835e-06 5 0.00111588 -6.57979e+06 -0
2.43835e-06 5 0.0017302 -4.24089e+06 -0
2.43835e-06 5 0.0026827 -2.73244e+06 -0
2.43835e-06 5 0.00415956 -1.7596e+06 -0
2.43835e-06 5 0.00644947 -1.13222e+06 -0
2.43835e-06 5 0.01 -727666 -0
2.43835e-06 5 0.0155052 -466857 -0
2.43835e-06 5 0.024041 -298812 -0
2.43835e-06 5 0.0372759 -190670 -0
2.43835e-06 5 0.0577969 -121259 -0
2.43835e-06 5 0.0896151 -76936.4 -0
2.43835e-06 5 0.13895 -48876.1 -0
2.43835e-06 5 0.215443 -31262.4 -0
2.43835e-06 5 0.334048 -20116.5 -0
2.43835e-06 5 0.517947 -12637.6 -0
2.43835e-06 5 0.803086 -7233.64 -0
2.43835e-06 5 1.2452 -3718.11 -0
2.43835e-06 5 1.9307 -1703.11 -0
2.43835e-06 5 2.99358 -322.881 -0
2.43835e-06 5 4.64159 176.546 -0
2.43835e-06 5 7.19686 88.4691 -0
2.43835e-06 5 11.1588 207.23 -0
2.43835e-06 5 17.302 47.43 -0
2.43835e-06 5 26.827 -37.1711 -0
2.43835e-06 5 41.5956 -26.2642 -0
2.43835e-06 5 64.4947 -15.8564 -0
2.43835e-06 5 100 -9.93606 -0
2.43835e-06 5 155.052 -5.65689 -0
2.43835e-06 5 240.41 -3.15832 -0
2.43835e-06 5 372.759 -1.95768 -0
2.43835e-06 5 577.969 -1.14149 -0
2.43835e-06 5 896.151 -0.59471 -0
2.43835e-06 5 1389.5 -0.336092 -0
2.43835e-06 5 2154.43 -0.191549 -0
2.43835e-06 5 3340.48 -0.105021 -0
2.43835e-06 5 5179.47 -0.0549835 -0
2.43835e-06 5 8030.86 -0.0262042 -0
2.43835e-06 5 12452 -0.0126492 -0
2.43835e-06 5 19307 -0.00592021 -0
2.43835e-06 5 29935.8 -0.00246625 -0
2.43835e-06 5 46415.9 -0.000858214 -0
2.43835e-06 5 71968.6 -0.000140575 -0
2.43835e-06 5 111588 0.000155883 -0
2.43835e-06 5 173020 0.000135802 -0
2.43835e-06 5 268270 0.000124628 -0
2.43835e-06 5 415956 8.42664e-05 -0
2.43835e-06 5 644947 4.6987e-05 -0
2.43835e-06 5 1e+06 7.95146e-06 -0

5.94557e-06 5 1e-06 -3.0147e+09 -0
5.94557e-06 5 1.55052e-06 -1.94432e+09 -0
5.94557e-06 5 2.4041e-06 -1.25398e+09 -0
5.94557e-06 5 3.72759e-06 -8.0875e+08 -0
5.94557e-06 5 5.77969e-06 -5.21599e+08 -0
5.94557e-06 5 8.96151e-06 -3.36403e+08 -0
5.94557e-06 5 1.3895e-05 -2.16961e+08 -0
5.94557e-06 5 2.15443e-05 -1.39927e+08 -0
5.94557e-06 5 3.34048e-05 -9.02442e+07 -0
5.94557e-06 5 5.17947e-05 -5.82016e+07 -0
5.94557e-06 5 8.03086e-05 -3.75358e+07 -0
5.94557e-06 5 0.00012452 -2.42075e+07 -0
5.94557e-06 5 0.00019307 -1.56114e+07 -0
5.94557e-06 5 0.000299358 -1.00674e+07 -0
5.94557e-06 5 0.000464159 -6.4918e+06 -0
5.94557e-06 5 0.000719686 -4.18574e+06 -0
5.94557e-06 5 0.00111588 -2.69846e+06 -0
5.94557e-06 5 0.0017302 -1.73924e+06 -0
5.94557e-06 5 0.0026827 -1.12061e+06 -0
5.94557e-06 5 0.00415956 -721636 -0
5.94557e-06 5 0.00644947 -464339 -0
5.94557e-06 5 0.01 -298425 -0
5.94557e-06 5 0.0155052 -191464 -0
5.94557e-06 5 0.024041 -122546 -0
5.94557e-06 5 0.0372759 -78196 -0
5.94557e-06 5 0.0577969 -49729.5 -0
5.94557e-06 5 0.0896151 -31552.4 -0
5.94557e-06 5 0.13895 -20044.5 -0
5.94557e-06 5 0.215443 -12820.9 -0
5.94557e-06 5 0.334048 -8249.88 -0
5.94557e-06 5 0.517947 -5182.74 -0
5.94557e-06 5 0.803086 -2966.55 -0
5.94557e-06 5 1.2452 -1524.82 -0
5.94557e-06 5 1.9307 -698.457 -0
5.94557e-06 5 2.99358 -132.415 -0
5.94557e-06 5 4.64159 72.4045 -0
5.94557e-06 5 7.19686 36.2825 -0
5.94557e-06 5 11.1588 84.9878 -0
5.94557e-06 5 17.302 19.4517 -0
5.94557e-06 5 26.827 -15.2443 -0
5.94557e-06 5 41.5956 -10.7713 -0
5.94557e-06 5 64.4947 -6.5029 -0
5.94557e-06 5 100 -4.0749 -0
5.94557e-06 5 155.052 -2.31996 -0
5.94557e-06 5 240.41 -1.29527 -0
5.94557e-06 5 372.759 -0.80287 -0
5.94557e-06 5 577.969 -0.468139 -0
5.94557e-06 5 896.151 -0.243898 -0
5.94557e-06 5 1389.5 -0.137836 -0
5.94557e-06 5 2154.43 -0.0785567 -0
5.94557e-06 5 3340.48 -0.0430705 -0
5.94557e-06 5 5179.47 -0.0225494 -0
5.94557e-06 5 8030.86 -0.0107467 -0
5.94557e-06 5 12452 -0.0051876 -0
5.94557e-06 5 19307 -0.00242795 -0
5.94557e-06 5 29935.8 -0.00101144 -0
5.94557e-06 5 46415.9 -0.000351964 -0
5.94557e-06 5 71968.6 -5.76514e-05 -0
5.94557e-06 5 111588 6.39298e-05 -0
5.94557e-06 5 173020 5.5694e-05 -0
5.94557e-06 5 268270 5.11115e-05 -0
5.94557e-06 5 415956 3.45587e-05 -0
5.94557e-06 5 644947 1.927e-05 -0
5.94557e-06 5 1e+06 3.261e-06 -0

1.44974e-05 5 1e-06 -1.23637e+09 -0
1.44974e-05 5 1.55052e-06 -7.9739e+08 -0
1.44974e-05 5 2.4041e-06 -5.14274e+08 -0
1.44974e-05 5 3.72759e-06 -3.31679e+08 -0
1.44974e-05 5 5.77969e-06 -2.13915e+08 -0
1.44974e-05 5 8.96151e-06 -1.37963e+08 -0
1.44974e-05 5 1.3895e-05 -8.89784e+07 -0
1.44974e-05 5 2.15443e-05 -5.73858e+07 -0
1.44974e-05 5 3.34048e-05 -3.70103e+07 -0
1.44974e-05 5 5.17947e-05 -2.38692e+07 -0
1.44974e-05 5 8.03086e-05 -1.53939e+07 -0
1.44974e-05 5 0.00012452 -9.92779e+06 -0
1.44974e-05 5 0.00019307 -6.40243e+06 -0
1.44974e-05 5 0.000299358 -4.12876e+06 -0
1.44974e-05 5 0.000464159 -2.66237e+06 -0
1.44974e-05 5 0.000719686 -1.71663e+06 -0
1.44974e-05 5 0.00111588 -1.10667e+06 -0
1.44974e-05 5 0.0017302 -713286 -0
1.44974e-05 5 0.0026827 -459576 -0
1.44974e-05 5 0.00415956 -295952 -0
1.44974e-05 5 0.00644947 -190431 -0
1.44974e-05 5 0.01 -122388 -0
1.44974e-05 5 0.0155052 -78521.6 -0
1.44974e-05 5 0.024041 -50257.6 -0
1.44974e-05 5 0.0372759 -32069 -0
1.44974e-05 5 0.0577969 -20394.5 -0
1.44974e-05 5 0.0896151 -12939.8 -0
1.44974e-05 5 0.13895 -8220.31 -0
1.44974e-05 5 0.215443 -5257.84 -0
1.44974e-05 5 0.334048 -3383.24 -0
1.44974e-05 5 0.517947 -2125.42 -0
1.44974e-05 5 0.803086 -1216.58 -0
1.44974e-05 5 1.2452 -625.33 -0
1.44974e-05 5 1.9307 -286.438 -0
1.44974e-05 5 2.99358 -54.3031 -0
1.44974e-05 5 4.64159 29.6946 -0
1.44974e-05 5 7.19686 14.8801 -0
1.44974e-05 5 11.1588 34.8546 -0
1.44974e-05 5 17.302 7.97741 -0
1.44974e-05 5 26.827 -6.25188 -0
1.44974e-05 5 41.5956 -4.41742 -0
1.44974e-05 5 64.4947 -2.66692 -0
1.44974e-05 5 100 -1.67117 -0
1.44974e-05 5 155.052 -0.951445 -0
1.44974e-05 5 240.41 -0.531205 -0
1.44974e-05 5 372.759 -0.329267 -0
1.44974e-05 5 577.969 -0.19199 -0
1.44974e-05 5 896.151 -0.100026 -0
1.44974e-05 5 1389.5 -0.0565281 -0
1.44974e-05 5 2154.43 -0.0322171 -0
1.44974e-05 5 3340.48 -0.0176638 -0
1.44974e-05 5 5179.47 -0.00924781 -0
1.44974e-05 5 8030.86 -0.00440735 -0
1.44974e-05 5 12452 -0.0021275 -0
1.44974e-05 5 19307 -0.000995734 -0
1.44974e-05 5 29935.8 -0.000414805 -0
1.44974e-05 5 46415.9 -0.000144345 -0
1.44974e-05 5 71968.6 -2.36436e-05 -0
1.44974e-05 5 111588 2.62184e-05 -0
1.44974e-05 5 173020 2.28408e-05 -0
1.44974e-05 5 268270 2.09615e-05 -0
1.44974e-05 5 415956 1.4173e-05 -0
1.44974e-05 5 644947 7.90286e-06 -0
1.44974e-05 5 1e+06 1.33738e-06 -0

3.53498e-05 5 1e-06 -5.07051e+08 -0
3.53498e-05 5 1.55052e-06 -3.27021e+08 -0
3.53498e-05 5 2.4041e-06 -2.10911e+08 -0
3.53498e-05 5 3.72759e-06 -1.36026e+08 -0
3.53498e-05 5 5.77969e-06 -8.77293e+07 -0
3.53498e-05 5 8.96151e-06 -5.65805e+07 -0
3.53498e-05 5 1.3895e-05 -3.64912e+07 -0
3.53498e-05 5 2.15443e-05 -2.35347e+07 -0
3.53498e-05 5 3.34048e-05 -1.51784e+07 -0
3.53498e-05 5 5.17947e-05 -9.7891e+06 -0
3.53498e-05 5 8.03086e-05 -6.31326e+06 -0
3.53498e-05 5 0.00012452 -4.07152e+06 -0
3.53498e-05 5 0.00019307 -2.62573e+06 -0
3.53498e-05 5 0.000299358 -1.69326e+06 -0
3.53498e-05 5 0.000464159 -1.09187e+06 -0
3.53498e-05 5 0.000719686 -704011 -0
3.53498e-05 5 0.00111588 -453861 -0
3.53498e-05 5 0.0017302 -292528 -0
3.53498e-05 5 0.0026827 -188478 -0
3.53498e-05 5 0.00415956 -121374 -0
3.53498e-05 5 0.00644947 -78098.2 -0
3.53498e-05 5 0.01 -50192.7 -0
3.53498e-05 5 0.0155052 -32202.6 -0
3.53498e-05 5 0.024041 -20611.1 -0
3.53498e-05 5 0.0372759 -13151.7 -0
3.53498e-05 5 0.0577969 -8363.86 -0
3.53498e-05 5 0.0896151 -5306.6 -0
3.53498e-05 5 0.13895 -3371.07 -0
3.53498e-05 5 0.215443 -2156.14 -0
3.53498e-05 5 0.334048 -1387.38 -0
3.53498e-05 5 0.517947 -871.578 -0
3.53498e-05 5 0.803086 -498.898 -0
3.53498e-05 5 1.2452 -256.445 -0
3.53498e-05 5 1.9307 -117.467 -0
3.53498e-05 5 2.99358 -22.2685 -0
3.53498e-05 5 4.64159 12.1787 -0
3.53498e-05 5 7.19686 6.10271 -0
3.53498e-05 5 11.1588 14.2944 -0
3.53498e-05 5 17.302 3.27166 -0
3.53498e-05 5 26.827 -2.56396 -0
3.53498e-05 5 41.5956 -1.81163 -0
3.53498e-05 5 64.4947 -1.09373 -0
3.53498e-05 5 100 -0.685365 -0
3.53498e-05 5 155.052 -0.390199 -0
3.53498e-05 5 240.41 -0.217853 -0
3.53498e-05 5 372.759 -0.135036 -0
3.53498e-05 5 577.969 -0.0787373 -0
3.53498e-05 5 896.151 -0.0410218 -0
3.53498e-05 5 1389.5 -0.0231829 -0
3.53498e-05 5 2154.43 -0.0132126 -0
3.53498e-05 5 3340.48 -0.00724414 -0
3.53498e-05 5 5179.47 -0.00379264 -0
3.53498e-05 5 8030.86 -0.00180751 -0
3.53498e-05 5 12452 -0.000872514 -0
3.53498e-05 5 19307 -0.000408363 -0
3.53498e-05 5 29935.8 -0.000170117 -0
3.53498e-05 5 46415.9 -5.91977e-05 -0
3.53498e-05 5 71968.6 -9.69653e-06 -0
3.53498e-05 5 111588 1.07525e-05 -0
3.53498e-05 5 173020 9.36732e-06 -0
3.53498e-05 5 268270 8.59657e-06 -0
3.53498e-05 5 415956 5.81251e-06 -0
3.53498e-05 5 644947 3.24106e-06 -0
3.53498e-05 5 1e+06 5.48475e-07 -0

8.61954e-05 5 1e-06 -2.07949e+08 -0
8.61954e-05 5 1.55052e-06 -1.34116e+08 -0
8.61954e-05 5 2.4041e-06 -8.64977e+07 -0
8.61954e-05 5 3.72759e-06 -5.57863e+07 -0
8.61954e-05 5 5.77969e-06 -3.59791e+07 -0
8.61954e-05 5 8.96151e-06 -2.32045e+07 -0
8.61954e-05 5 1.3895e-05 -1.49656e+07 -0
8.61954e-05 5 2.15443e-05 -9.65195e+06 -0
8.61954e-05 5 3.34048e-05 -6.22491e+06 -0
8.61954e-05 5 5.17947e-05 -4.01466e+06 -0
8.61954e-05 5 8.03086e-05 -2.58916e+06 -0
8.61954e-05 5 0.00012452 -1.66979e+06 -0
8.61954e-05 5 0.00019307 -1.07685e+06 -0
8.61954e-05 5 0.000299358 -694433 -0
8.61954e-05 5 0.000464159 -447794 -0
8.61954e-05 5 0.000719686 -288726 -0
8.61954e-05 5 0.00111588 -186135 -0
8.61954e-05 5 0.0017302 -119970 -0
8.61954e-05 5 0.0026827 -77297.5 -0
8.61954e-05 5 0.00415956 -49777 -0
8.61954e-05 5 0.00644947 -32029 -0
8.61954e-05 5 0.01 -20584.5 -0
8.61954e-05 5 0.0155052 -13206.5 -0
8.61954e-05 5 0.024041 -8452.67 -0
8.61954e-05 5 0.0372759 -5393.46 -0
8.61954e-05 5 0.0577969 -3429.89 -0
8.61954e-05 5 0.0896151 -2176.08 -0
8.61954e-05 5 0.13895 -1382.31 -0
8.61954e-05 5 0.215443 -884.084 -0
8.61954e-05 5 0.334048 -568.846 -0
8.61954e-05 5 0.517947 -357.361 -0
8.61954e-05 5 0.803086 -204.568 -0
8.61954e-05 5 1.2452 -105.16 -0
8.61954e-05 5 1.9307 -48.1697 -0
8.61954e-05 5 2.99358 -9.1308 -0
8.61954e-05 5 4.64159 4.99524 -0
8.61954e-05 5 7.19686 2.50299 -0
8.61954e-05 5 11.1588 5.86235 -0
8.61954e-05 5 17.302 1.34178 -0
8.61954e-05 5 26.827 -1.0515 -0
8.61954e-05 5 41.5956 -0.742967 -0
8.61954e-05 5 64.4947 -0.448551 -0
8.61954e-05 5 100 -0.281075 -0
8.61954e-05 5 155.052 -0.160025 -0
8.61954e-05 5 240.41 -0.0893441 -0
8.61954e-05 5 372.759 -0.05538 -0
8.61954e-05 5 577.969 -0.0322911 -0
8.61954e-05 5 896.151 -0.0168235 -0
8.61954e-05 5 1389.5 -0.00950759 -0
8.61954e-05 5 2154.43 -0.00541866 -0
8.61954e-05 5 3340.48 -0.00297091 -0
8.61954e-05 5 5179.47 -0.00155541 -0
8.61954e-05 5 8030.86 -0.000741283 -0
8.61954e-05 5 12452 -0.000357829 -0
8.61954e-05 5 19307 -0.000167475 -0
8.61954e-05 5 29935.8 -6.9767e-05 -0
8.61954e-05 5 46415.9 -2.42777e-05 -0
8.61954e-05 5 71968.6 -3.97667e-06 -0
8.61954e-05 5 111588 4.40974e-06 -0
8.61954e-05 5 173020 3.84166e-06 -0
8.61954e-05 5 268270 3.52556e-06 -0
8.61954e-05 5 415956 2.38379e-06 -0
8.61954e-05 5 644947 1.3292e-06 -0
8.61954e-05 5 1e+06 2.24936e-07 -0

0.000210175 5 1e-06 -8.52842e+07 -0
0.000210175 5 1.55052e-06 -5.50037e+07 -0
0.000210175 5 2.4041e-06 -3.54744e+07 -0
0.000210175 5 3.72759e-06 -2.28791e+07 -0
0.000210175 5 5.77969e-06 -1.47558e+07 -0
0.000210175 5 8.96151e-06 -9.51665e+06 -0
0.000210175 5 1.3895e-05 -6.1377e+06 -0
0.000210175 5 2.15443e-05 -3.95846e+06 -0
0.000210175 5 3.34048e-05 -2.55296e+06 -0
0.000210175 5 5.17947e-05 -1.64649e+06 -0
0.000210175 5 8.03086e-05 -1.06187e+06 -0
0.000210175 5 0.00012452 -684815 -0
0.000210175 5 0.00019307 -441637 -0
0.000210175 5 0.000299358 -284800 -0
0.000210175 5 0.000464159 -183649 -0
0.000210175 5 0.000719686 -118412 -0
0.000210175 5 0.00111588 -76337.3 -0
0.000210175 5 0.0017302 -49201.7 -0
0.000210175 5 0.0026827 -31700.9 -0
0.000210175 5 0.00415956 -20414.2 -0
0.000210175 5 0.00644947 -13135.4 -0
0.000210175 5 0.01 -8441.76 -0
0.000210175 5 0.0155052 -5415.89 -0
0.000210175 5 0.024041 -3466.27 -0
0.000210175 5 0.0372759 -2211.64 -0
0.000210175 5 0.0577969 -1406.36 -0
0.000210175 5 0.0896151 -892.178 -0
0.000210175 5 0.13895 -566.679 -0
0.000210175 5 0.215443 -362.397 -0
0.000210175 5 0.334048 -233.169 -0
0.000210175 5 0.517947 -146.489 -0
0.000210175 5 0.803086 -83.8664 -0
0.000210175 5 1.2452 -43.1169 -0
0.000210175 5 1.9307 -19.7499 -0
0.000210175 5 2.99358 -3.74285 -0
0.000210175 5 4.64159 2.0492 -0
0.000210175 5 7.19686 1.0267 -0
0.000210175 5 11.1588 2.40427 -0
0.000210175 5 17.302 0.550307 -0
0.000210175 5 26.827 -0.431217 -0
0.000210175 5 41.5956 -0.304693 -0
0.000210175 5 64.4947 -0.183953 -0
0.000210175 5 100 -0.115271 -0
0.000210175 5 155.052 -0.0656274 -0
0.000210175 5 240.41 -0.0366408 -0
0.000210175 5 372.759 -0.0227119 -0
0.000210175 5 577.969 -0.0132429 -0
0.000210175 5 896.151 -0.00689951 -0
0.000210175 5 1389.5 -0.00389917 -0
0.000210175 5 2154.43 -0.00222226 -0
0.000210175 5 3340.48 -0.00121841 -0
0.000210175 5 5179.47 -0.000637893 -0
0.000210175 5 8030.86 -0.000304009 -0
0.000210175 5 12452 -0.00014675 -0
0.000210175 5 19307 -6.86835e-05 -0
0.000210175 5 29935.8 -2.86123e-05 -0
0.000210175 5 46415.9 -9.9566e-06 -0
0.000210175 5 71968.6 -1.63088e-06 -0
0.000210175 5 111588 1.80849e-06 -0
0.000210175 5 173020 1.57551e-06 -0
0.000210175 5 268270 1.44588e-06 -0
0.000210175 5 415956 9.77621e-07 -0
0.000210175 5 644947 5.45122e-07 -0
0.000210175 5 1e+06 9.22493e-08 -0

0.000512481 5 1e-06 -3.49778e+07 -0
0.000512481 5 1.55052e-06 -2.25588e+07 -0
0.000512481 5 2.4041e-06 -1.45492e+07 -0
0.000512481 5 3.72759e-06 -9.38344e+06 -0
0.000512481 5 5.77969e-06 -6.05181e+06 -0
0.000512481 5 8.96151e-06 -3.90308e+06 -0
0.000512481 5 1.3895e-05 -2.51726e+06 -0
0.000512481 5 2.15443e-05 -1.62349e+06 -0
0.000512481 5 3.34048e-05 -1.04705e+06 -0
0.000512481 5 5.17947e-05 -675278 -0
0.000512481 5 8.03086e-05 -435505 -0
0.000512481 5 0.00012452 -280864 -0
0.000512481 5 0.00019307 -181129 -0
0.000512481 5 0.000299358 -116805 -0
0.000512481 5 0.000464159 -75319.9 -0
0.000512481 5 0.000719686 -48564.1 -0
0.000512481 5 0.00111588 -31308 -0
0.000512481 5 0.0017302 -20178.9 -0
0.000512481 5 0.0026827 -13001.2 -0
0.000512481 5 0.00415956 -8372.18 -0
0.000512481 5 0.00644947 -5386.92 -0
0.000512481 5 0.01 -3461.92 -0
0.000512481 5 0.0155052 -2220.92 -0
0.000512481 5 0.024041 -1421.33 -0
0.000512481 5 0.0372759 -906.774 -0
0.000512481 5 0.0577969 -576.521 -0
0.000512481 5 0.0896151 -365.662 -0
0.000512481 5 0.13895 -232.197 -0
0.000512481 5 0.215443 -148.456 -0
0.000512481 5 0.334048 -95.5049 -0
0.000512481 5 0.517947 -60.0052 -0
0.000512481 5 0.803086 -34.3617 -0
0.000512481 5 1.2452 -17.6697 -0
0.000512481 5 1.9307 -8.09348 -0
0.000512481 5 2.99358 -1.53299 -0
0.000512481 5 4.64159 0.84103 -0
0.000512481 5 7.19686 0.421262 -0
0.000512481 5 11.1588 0.986073 -0
0.000512481 5 17.302 0.225717 -0
0.000512481 5 26.827 -0.176832 -0
0.000512481 5 41.5956 -0.124951 -0
0.000512481 5 64.4947 -0.0754377 -0
0.000512481 5 100 -0.0472724 -0
0.000512481 5 155.052 -0.0269139 -0
0.000512481 5 240.41 -0.0150265 -0
0.000512481 5 372.759 -0.00931428 -0
0.000512481 5 577.969 -0.00543102 -0
0.000512481 5 896.151 -0.00282955 -0
0.000512481 5 1389.5 -0.00159909 -0
0.000512481 5 2154.43 -0.00091137 -0
0.000512481 5 3340.48 -0.000499681 -0
0.000512481 5 5179.47 -0.000261607 -0
0.000512481 5 8030.86 -0.000124678 -0
0.000512481 5 12452 -6.01839e-05 -0
0.000512481 5 19307 -2.81679e-05 -0
0.000512481 5 29935.8 -1.17343e-05 -0
0.000512481 5 46415.9 -4.08332e-06 -0
0.000512481 5 71968.6 -6.68842e-07 -0
0.000512481 5 111588 7.41686e-07 -0
0.000512481 5 173020 6.46138e-07 -0
0.000512481 5 268270 5.92973e-07 -0
0.000512481 5 415956 4.00935e-07 -0
0.000512481 5 644947 2.23562e-07 -0
0.000512481 5 1e+06 3.78326e-08 -0

0.00124961 5 1e-06 -1.43463e+07 -0
0.00124961 5 1.55052e-06 -9.25261e+06 -0
0.00124961 5 2.4041e-06 -5.96744e+06 -0
0.00124961 5 3.72759e-06 -3.84867e+06 -0
0.00124961 5 5.77969e-06 -2.48218e+06 -0
0.00124961 5 8.96151e-06 -1.60087e+06 -0
0.00124961 5 1.3895e-05 -1.03247e+06 -0
0.00124961 5 2.15443e-05 -665883 -0
0.00124961 5 3.34048e-05 -429453 -0
0.00124961 5 5.17947e-05 -276969 -0
0.00124961 5 8.03086e-05 -178625 -0
0.00124961 5 0.00012452 -115198 -0
0.00124961 5 0.00019307 -74290.9 -0
0.00124961 5 0.000299358 -47908.1 -0
0.00124961 5 0.000464159 -30892.6 -0
0.00124961 5 0.000719686 -19918.6 -0
0.00124961 5 0.00111588 -12840.9 -0
0.00124961 5 0.0017302 -8276.21 -0
0.00124961 5 0.0026827 -5332.26 -0
0.00124961 5 0.00415956 -3433.63 -0
0.00124961 5 0.00644947 -2209.21 -0
0.00124961 5 0.01 -1419.67 -0
0.00124961 5 0.0155052 -910.666 -0
0.00124961 5 0.024041 -582.712 -0
0.00124961 5 0.0372759 -371.671 -0
0.00124961 5 0.0577969 -236.226 -0
0.00124961 5 0.0896151 -149.756 -0
0.00124961 5 0.13895 -95.0356 -0
0.00124961 5 0.215443 -60.7191 -0
0.00124961 5 0.334048 -39.0407 -0
0.00124961 5 0.517947 -24.5264 -0
0.00124961 5 0.803086 -14.0505 -0
0.00124961 5 1.2452 -7.22929 -0
0.00124961 5 1.9307 -3.31185 -0
0.00124961 5 2.99358 -0.626478 -0
0.00124961 5 4.64159 0.34558 -0
0.00124961 5 7.19686 0.172974 -0
0.00124961 5 11.1588 0.404455 -0
0.00124961 5 17.302 0.0925997 -0
0.00124961 5 26.827 -0.0725043 -0
0.00124961 5 41.5956 -0.0512361 -0
0.00124961 5 64.4947 -0.0309343 -0
0.00124961 5 100 -0.0193853 -0
0.00124961 5 155.052 -0.0110369 -0
0.00124961 5 240.41 -0.00616221 -0
0.00124961 5 372.759 -0.00381974 -0
0.00124961 5 577.969 -0.00222726 -0
0.00124961 5 896.151 -0.0011604 -0
0.00124961 5 1389.5 -0.000655792 -0
0.00124961 5 2154.43 -0.000373759 -0
0.00124961 5 3340.48 -0.000204923 -0
0.00124961 5 5179.47 -0.000107287 -0
0.00124961 5 8030.86 -5.11315e-05 -0
0.00124961 5 12452 -2.4682e-05 -0
0.00124961 5 19307 -1.1552e-05 -0
0.00124961 5 29935.8 -4.81235e-06 -0
0.00124961 5 46415.9 -1.67461e-06 -0
0.00124961 5 71968.6 -2.74298e-07 -0
0.00124961 5 111588 3.04175e-07 -0
0.00124961 5 173020 2.6499e-07 -0
0.00124961 5 268270 2.43186e-07 -0
0.00124961 5 415956 1.64428e-07 -0
0.00124961 5 644947 9.16854e-08 -0
0.00124961 5 1e+06 1.55156e-08 -0

0.00304699 5 1e-06 -5.88493e+06 -0
0.00304699 5 1.55052e-06 -3.79547e+06 -0
0.00304699 5 2.4041e-06 -2.44787e+06 -0
0.00304699 5 3.72759e-06 -1.57874e+06 -0
0.00304699 5 5.77969e-06 -1.0182e+06 -0
0.00304699 5 8.96151e-06 -656684 -0
0.00304699 5 1.3895e-05 -423524 -0
0.00304699 5 2.15443e-05 -273148 -0
0.00304699 5 3.34048e-05 -176164 -0
0.00304699 5 5.17947e-05 -113614 -0
0.00304699 5 8.03086e-05 -73272.4 -0
0.00304699 5 0.00012452 -47254.4 -0
0.00304699 5 0.00019307 -30474.2 -0
0.00304699 5 0.000299358 -19651.9 -0
0.00304699 5 0.000464159 -12672.1 -0
0.00304699 5 0.000719686 -8170.44 -0
0.00304699 5 0.00111588 -5267.15 -0
0.00304699 5 0.0017302 -3394.69 -0
0.00304699 5 0.0026827 -2187.07 -0
0.00304699 5 0.00415956 -1408.24 -0
0.00304699 5 0.00644947 -905.977 -0
0.00304699 5 0.01 -582.103 -0
0.00304699 5 0.0155052 -373.311 -0
0.00304699 5 0.024041 -238.786 -0
0.00304699 5 0.0372759 -152.222 -0
0.00304699 5 0.0577969 -96.671 -0
0.00304699 5 0.0896151 -61.2133 -0
0.00304699 5 0.13895 -38.786 -0
0.00304699 5 0.215443 -24.7366 -0
0.00304699 5 0.334048 -15.8809 -0
0.00304699 5 0.517947 -9.97135 -0
0.00304699 5 0.803086 -5.71653 -0
0.00304699 5 1.2452 -2.94538 -0
0.00304699 5 1.9307 -1.35017 -0
0.00304699 5 2.99358 -0.254556 -0
0.00304699 5 4.64159 0.142419 -0
0.00304699 5 7.19686 0.0711532 -0
0.00304699 5 11.1588 0.165928 -0
0.00304699 5 17.302 0.0380073 -0
0.00304699 5 26.827 -0.0297181 -0
0.00304699 5 41.5956 -0.0210047 -0
0.00304699 5 64.4947 -0.0126828 -0
0.00304699 5 100 -0.00794839 -0
0.00304699 5 155.052 -0.0045256 -0
0.00304699 5 240.41 -0.00252684 -0
0.00304699 5 372.759 -0.00156636 -0
0.00304699 5 577.969 -0.000913357 -0
0.00304699 5 896.151 -0.000475865 -0
0.00304699 5 1389.5 -0.000268935 -0
0.00304699 5 2154.43 -0.000153278 -0
0.00304699 5 3340.48 -8.40392e-05 -0
0.00304699 5 5179.47 -4.39989e-05 -0
0.00304699 5 8030.86 -2.09693e-05 -0
0.00304699 5 12452 -1.01223e-05 -0
0.00304699 5 19307 -4.73755e-06 -0
0.00304699 5 29935.8 -1.97358e-06 -0
0.00304699 5 46415.9 -6.86774e-07 -0
0.00304699 5 71968.6 -1.12491e-07 -0
0.00304699 5 111588 1.24747e-07 -0
0.00304699 5 173020 1.08676e-07 -0
0.00304699 5 268270 9.97337e-08 -0
0.00304699 5 415956 6.74342e-08 -0
0.00304699 5 644947 3.76014e-08 -0
0.00304699 5 1e+06 6.36316e-09 -0

0.00742964 5 1e-06 -2.41475e+06 -0
0.00742964 5 1.55052e-06 -1.55739e+06 -0
0.00742964 5 2.4041e-06 -1.00443e+06 -0
0.00742964 5 3.72759e-06 -647803 -0
0.00742964 5 5.77969e-06 -417797 -0
0.00742964 5 8.96151e-06 -269456 -0
0.00742964 5 1.3895e-05 -173784 -0
0.00742964 5 2.15443e-05 -112080 -0
0.00742964 5 3.34048e-05 -72284.6 -0
0.00742964 5 5.17947e-05 -46618.7 -0
0.00742964 5 8.03086e-05 -30065.5 -0
0.00742964 5 0.00012452 -19389.6 -0
0.00742964 5 0.00019307 -12504.2 -0
0.00742964 5 0.000299358 -8063.45 -0
0.00742964 5 0.000464159 -5199.43 -0
0.00742964 5 0.000719686 -3352.29 -0
0.00742964 5 0.00111588 -2160.99 -0
0.00742964 5 0.0017302 -1392.67 -0
0.00742964 5 0.0026827 -897.145 -0
0.00742964 5 0.00415956 -577.571 -0
0.00742964 5 0.00644947 -371.48 -0
0.00742964 5 0.01 -238.587 -0
0.00742964 5 0.0155052 -152.917 -0
0.00742964 5 0.024041 -97.7222 -0
0.00742964 5 0.0372759 -62.2097 -0
0.00742964 5 0.0577969 -39.4261 -0
0.00742964 5 0.0896151 -24.8924 -0
0.00742964 5 0.13895 -15.712 -0
0.00742964 5 0.215443 -9.97733 -0
0.00742964 5 0.334048 -6.38223 -0
0.00742964 5 0.517947 -4.00188 -0
0.00742964 5 0.803086 -2.29784 -0
0.00742964 5 1.2452 -1.18775 -0
0.00742964 5 1.9307 -0.545423 -0
0.00742964 5 2.99358 -0.10199 -0
0.00742964 5 4.64159 0.0591077 -0
0.00742964 5 7.19686 0.0293958 -0
0.00742964 5 11.1588 0.0681051 -0
0.00742964 5 17.302 0.0156184 -0
0.00742964 5 26.827 -0.0121709 -0
0.00742964 5 41.5956 -0.00860635 -0
0.00742964 5 64.4947 -0.00519762 -0
0.00742964 5 100 -0.00325798 -0
0.00742964 5 155.052 -0.00185521 -0
0.00742964 5 240.41 -0.00103593 -0
0.00742964 5 372.759 -0.000642225 -0
0.00742964 5 577.969 -0.000374508 -0
0.00742964 5 896.151 -0.000195128 -0
0.00742964 5 1389.5 -0.000110281 -0
0.00742964 5 2154.43 -6.28554e-05 -0
0.00742964 5 3340.48 -3.44632e-05 -0
0.00742964 5 5179.47 -1.80435e-05 -0
0.00742964 5 8030.86 -8.59937e-06 -0
0.00742964 5 12452 -4.15111e-06 -0
0.00742964 5 19307 -1.94287e-06 -0
0.00742964 5 29935.8 -8.09371e-07 -0
0.00742964 5 46415.9 -2.81647e-07 -0
0.00742964 5 71968.6 -4.61316e-08 -0
0.00742964 5 111588 5.1161e-08 -0
0.00742964 5 173020 4.45695e-08 -0
0.00742964 5 268270 4.09021e-08 -0
0.00742964 5 415956 2.76556e-08 -0
0.00742964 5 644947 1.54208e-08 -0
0.00742964 5 1e+06 2.60961e-09 -0

0.0181161 5 1e-06 -991553 -0
0.0181161 5 1.55052e-06 -639498 -0
0.0181161 5 2.4041e-06 -412442 -0
0.0181161 5 3.72759e-06 -266002 -0
0.0181161 5 5.77969e-06 -171557 -0
0.0181161 5 8.96151e-06 -110644 -0
0.0181161 5 1.3895e-05 -71359.2 -0
0.0181161 5 2.15443e-05 -46022.4 -0
0.0181161 5 3.34048e-05 -29681.4 -0
0.0181161 5 5.17947e-05 -19142.4 -0
0.0181161 5 8.03086e-05 -12345.3 -0
0.0181161 5 0.00012452 -7961.52 -0
0.0181161 5 0.00019307 -5134.22 -0
0.0181161 5 0.000299358 -3310.76 -0
0.0181161 5 0.000464159 -2134.73 -0
0.0181161 5 0.000719686 -1376.26 -0
0.0181161 5 0.00111588 -887.079 -0
0.0181161 5 0.0017302 -571.589 -0
0.0181161 5 0.0026827 -368.117 -0
0.0181161 5 0.00415956 -236.894 -0
0.0181161 5 0.00644947 -152.27 -0
0.0181161 5 0.01 -97.7031 -0
0.0181161 5 0.0155052 -62.5281 -0
0.0181161 5 0.024041 -39.8687 -0
0.0181161 5 0.0372759 -25.2936 -0
0.0181161 5 0.0577969 -15.9489 -0
0.0181161 5 0.0896151 -9.99674 -0
0.0181161 5 0.13895 -6.24941 -0
0.0181161 5 0.215443 -3.92533 -0
0.0181161 5 0.334048 -2.48833 -0
0.0181161 5 0.517947 -1.55565 -0
0.0181161 5 0.803086 -0.897202 -0
0.0181161 5 1.2452 -0.467438 -0
0.0181161 5 1.9307 -0.215493 -0
0.0181161 5 2.99358 -0.0394502 -0
0.0181161 5 4.64159 0.0249398 -0
0.0181161 5 7.19686 0.012269 -0
0.0181161 5 11.1588 0.027986 -0
0.0181161 5 17.302 0.00643607 -0
0.0181161 5 26.827 -0.00497468 -0
0.0181161 5 41.5956 -0.00352169 -0
0.0181161 5 64.4947 -0.00212787 -0
0.0181161 5 100 -0.00133439 -0
0.0181161 5 155.052 -0.000760054 -0
0.0181161 5 240.41 -0.000424493 -0
0.0181161 5 372.759 -0.000263224 -0
0.0181161 5 577.969 -0.00015352 -0
0.0181161 5 896.151 -7.99937e-05 -0
0.0181161 5 1389.5 -4.52142e-05 -0
0.0181161 5 2154.43 -2.57721e-05 -0
0.0181161 5 3340.48 -1.41314e-05 -0
0.0181161 5 5179.47 -7.3989e-06 -0
0.0181161 5 8030.86 -3.52632e-06 -0
0.0181161 5 12452 -1.70227e-06 -0
0.0181161 5 19307 -7.96737e-07 -0
0.0181161 5 29935.8 -3.31912e-07 -0
0.0181161 5 46415.9 -1.155e-07 -0
0.0181161 5 71968.6 -1.89168e-08 -0
0.0181161 5 111588 2.09825e-08 -0
0.0181161 5 173020 1.82788e-08 -0
0.0181161 5 268270 1.67745e-08 -0
0.0181161 5 415956 1.13419e-08 -0
0.0181161 5 644947 6.32427e-09 -0
0.0181161 5 1e+06 1.07024e-09 -0

0.0441734 5 1e-06 -407811 -0
0.0441734 5 1.55052e-06 -263016 -0
0.0441734 5 2.4041e-06 -169631 -0
0.0441734 5 3.72759e-06 -109403 -0
0.0441734 5 5.77969e-06 -70558.5 -0
0.0441734 5 8.96151e-06 -45506.2 -0
0.0441734 5 1.3895e-05 -29348.7 -0
0.0441734 5 2.15443e-05 -18928.1 -0
0.0441734 5 3.34048e-05 -12207.3 -0
0.0441734 5 5.17947e-05 -7872.72 -0
0.0441734 5 8.03086e-05 -5077.17 -0
0.0441734 5 0.00012452 -3274.19 -0
0.0441734 5 0.00019307 -2111.36 -0
0.0441734 5 0.000299358 -1361.4 -0
0.0441734 5 0.000464159 -877.716 -0
0.0441734 5 0.000719686 -565.765 -0
0.0441734 5 0.00111588 -364.574 -0
0.0441734 5 0.0017302 -234.818 -0
0.0441734 5 0.0026827 -151.134 -0
0.0441734 5 0.00415956 -97.1645 -0
0.0441734 5 0.00644947 -62.361 -0
0.0441734 5 0.01 -39.9206 -0
0.0441734 5 0.0155052 -25.4568 -0
0.0441734 5 0.024041 -16.1421 -0
0.0441734 5 0.0372759 -10.1548 -0
0.0441734 5 0.0577969 -6.32223 -0
0.0441734 5 0.0896151 -3.88993 -0
0.0441734 5 0.13895 -2.37104 -0
0.0441734 5 0.215443 -1.44571 -0
0.0441734 5 0.334048 -0.893577 -0
0.0441734 5 0.517947 -0.554179 -0
0.0441734 5 0.803086 -0.323996 -0
0.0441734 5 1.2452 -0.172669 -0
0.0441734 5 1.9307 -0.0803984 -0
0.0441734 5 2.99358 -0.0138638 -0
0.0441734 5 4.64159 0.0109167 -0
0.0441734 5 7.19686 0.0052465 -0
0.0441734 5 11.1588 0.0115323 -0
0.0441734 5 17.302 0.00267023 -0
0.0441734 5 26.827 -0.00202343 -0
0.0441734 5 41.5956 -0.00143641 -0
0.0441734 5 64.4947 -0.000868931 -0
0.0441734 5 100 -0.000545499 -0
0.0441734 5 155.052 -0.000310916 -0
0.0441734 5 240.41 -0.000173733 -0
0.0441734 5 372.759 -0.000107791 -0
0.0441734 5 577.969 -6.28897e-05 -0
0.0441734 5 896.151 -3.27758e-05 -0
0.0441734 5 1389.5 -1.85296e-05 -0
0.0441734 5 2154.43 -1.05638e-05 -0
0.0441734 5 3340.48 -5.79307e-06 -0
0.0441734 5 5179.47 -3.0334e-06 -0
0.0441734 5 8030.86 -1.44579e-06 -0
0.0441734 5 12452 -6.97967e-07 -0
0.0441734 5 19307 -3.26694e-07 -0
0.0441734 5 29935.8 -1.361e-07 -0
0.0441734 5 46415.9 -4.73608e-08 -0
0.0441734 5 71968.6 -7.75567e-09 -0
0.0441734 5 111588 8.60593e-09 -0
0.0441734 5 173020 7.49657e-09 -0
0.0441734 5 268270 6.87952e-09 -0
0.0441734 5 415956 4.65149e-09 -0
0.0441734 5 644947 2.59367e-09 -0
0.0441734 5 1e+06 4.3892e-10 -0

0.107711 5 1e-06 -168266 -0
0.107711 5 1.55052e-06 -108523 -0
0.107711 5 2.4041e-06 -69991.1 -0
0.107711 5 3.72759e-06 -45140.3 -0
0.107711 5 5.77969e-06 -29112.9 -0
0.107711 5 8.96151e-06 -18776 -0
0.107711 5 1.3895e-05 -12109.3 -0
0.107711 5 2.15443e-05 -7809.63 -0
0.107711 5 3.34048e-05 -5036.57 -0
0.107711 5 5.17947e-05 -3248.1 -0
0.107711 5 8.03086e-05 -2094.63 -0
0.107711 5 0.00012452 -1350.7 -0
0.107711 5 0.00019307 -870.906 -0
0.107711 5 0.000299358 -561.465 -0
0.107711 5 0.000464159 -361.892 -0
0.107711 5 0.000719686 -233.178 -0
0.107711 5 0.00111588 -150.165 -0
0.107711 5 0.0017302 -96.6269 -0
0.107711 5 0.0026827 -62.0985 -0
0.107711 5 0.00415956 -39.8311 -0
0.107711 5 0.00644947 -25.4722 -0
0.107711 5 0.01 -16.2152 -0
0.107711 5 0.0155052 -10.2505 -0
0.107711 5 0.024041 -6.41195 -0
0.107711 5 0.0372759 -3.94883 -0
0.107711 5 0.0577969 -2.37835 -0
0.107711 5 0.0896151 -1.39052 -0
0.107711 5 0.13895 -0.786027 -0
0.107711 5 0.215443 -0.434305 -0
0.107711 5 0.334048 -0.244364 -0
0.107711 5 0.517947 -0.14692 -0
0.107711 5 0.803086 -0.0907592 -0
0.107711 5 1.2452 -0.0524756 -0
0.107711 5 1.9307 -0.0252026 -0
0.107711 5 2.99358 -0.00342009 -0
0.107711 5 4.64159 0.0051496 -0
0.107711 5 7.19686 0.00236392 -0
0.107711 5 11.1588 0.00478435 -0
0.107711 5 17.302 0.00112582 -0
0.107711 5 26.827 -0.000813057 -0
0.107711 5 41.5956 -0.000581185 -0
0.107711 5 64.4947 -0.00035261 -0
0.107711 5 100 -0.000221959 -0
0.107711 5 155.052 -0.000126715 -0
0.107711 5 240.41 -7.0892e-05 -0
0.107711 5 372.759 -4.40452e-05 -0
0.107711 5 577.969 -2.57208e-05 -0
0.107711 5 896.151 -1.3411e-05 -0
0.107711 5 1389.5 -7.5859e-06 -0
0.107711 5 2154.43 -4.32664e-06 -0
0.107711 5 3340.48 -2.37342e-06 -0
0.107711 5 5179.47 -1.24305e-06 -0
0.107711 5 8030.86 -5.9254e-07 -0
0.107711 5 12452 -2.8609e-07 -0
0.107711 5 19307 -1.33923e-07 -0
0.107711 5 29935.8 -5.57954e-08 -0
0.107711 5 46415.9 -1.9416e-08 -0
0.107711 5 71968.6 -3.17835e-09 -0
0.107711 5 111588 3.53013e-09 -0
0.107711 5 173020 3.07466e-09 -0
0.107711 5 268270 2.82144e-09 -0
0.107711 5 415956 1.90766e-09 -0
0.107711 5 644947 1.0637e-09 -0
0.107711 5 1e+06 1.80008e-10 -0

0.262636 5 1e-06 -69691.7 -0
0.262636 5 1.55052e-06 -44947.2 -0
0.262636 5 2.4041e-06 -28988.4 -0
0.262636 5 3.72759e-06 -18695.8 -0
0.262636 5 5.77969e-06 -12057.6 -0
0.262636 5 8.96151e-06 -7776.34 -0
0.262636 5 1.3895e-05 -5015.14 -0
0.262636 5 2.15443e-05 -3234.32 -0
0.262636 5 3.34048e-05 -2085.79 -0
0.262636 5 5.17947e-05 -1345.04 -0
0.262636 5 8.03086e-05 -867.303 -0
0.262636 5 0.00012452 -559.186 -0
0.262636 5 0.00019307 -360.467 -0
0.262636 5 0.000299358 -232.304 -0
0.262636 5 0.000464159 -149.646 -0
0.262636 5 0.000719686 -96.3358 -0
0.262636 5 0.00111588 -61.954 -0
0.262636 5 0.0017302 -39.7801 -0
0.262636 5 0.0026827 -25.4799 -0
0.262636 5 0.00415956 -16.2581 -0
0.262636 5 0.00644947 -10.3123 -0
0.262636 5 0.01 -6.48033 -0
0.262636 5 0.0155052 -4.01304 -0
0.262636 5 0.024041 -2.42799 -0
0.262636 5 0.0372759 -1.41496 -0
0.262636 5 0.0577969 -0.775101 -0
0.262636 5 0.0896151 -0.381194 -0
0.262636 5 0.13895 -0.152023 -0
0.262636 5 0.215443 -0.034549 -0
0.262636 5 0.334048 0.009337 -0
0.262636 5 0.517947 0.0114037 -0
0.262636 5 0.803086 0.0003818 -0
0.262636 5 1.2452 -0.00482504 -0
0.262636 5 1.9307 -0.00303475 -0
0.262636 5 2.99358 0.000765631 -0
0.262636 5 4.64159 0.00276096 -0
0.262636 5 7.19686 0.00117581 -0
0.262636 5 11.1588 0.00201548 -0
0.262636 5 17.302 0.0004919 -0
0.262636 5 26.827 -0.000316868 -0
0.262636 5 41.5956 -0.000230523 -0
0.262636 5 64.4947 -0.00014089 -0
0.262636 5 100 -8.92833e-05 -0
0.262636 5 155.052 -5.11779e-05 -0
0.262636 5 240.41 -2.87179e-05 -0
0.262636 5 372.759 -1.79032e-05 -0
0.262636 5 577.969 -1.04778e-05 -0
0.262636 5 896.151 -5.46941e-06 -0
0.262636 5 1389.5 -3.09781e-06 -0
0.262636 5 2154.43 -1.76873e-06 -0
0.262636 5 3340.48 -9.70984e-07 -0
0.262636 5 5179.47 -5.08807e-07 -0
0.262636 5 8030.86 -2.42613e-07 -0
0.262636 5 12452 -1.17174e-07 -0
0.262636 5 19307 -5.4865e-08 -0
0.262636 5 29935.8 -2.28614e-08 -0
0.262636 5 46415.9 -7.95557e-09 -0
0.262636 5 71968.6 -1.30114e-09 -0
0.262636 5 111588 1.44848e-09 -0
0.262636 5 173020 1.26117e-09 -0
0.262636 5 268270 1.15717e-09 -0
0.262636 5 415956 7.82372e-10 -0
0.262636 5 644947 4.36243e-10 -0
0.262636 5 1e+06 7.3825e-11 -0

0.6404 5 1e-06 -28597.2 -0
0.6404 5 1.55052e-06 -18443.5 -0
0.6404 5 2.4041e-06 -11895 -0
0.6404 5 3.72759e-06 -7671.49 -0
0.6404 5 5.77969e-06 -4947.56 -0
0.6404 5 8.96151e-06 -3190.78 -0
0.6404 5 1.3895e-05 -2057.75 -0
0.6404 5 2.15443e-05 -1327 -0
0.6404 5 3.34048e-05 -855.709 -0
0.6404 5 5.17947e-05 -551.751 -0
0.6404 5 8.03086e-05 -355.714 -0
0.6404 5 0.00012452 -229.281 -0
0.6404 5 0.00019307 -147.739 -0
0.6404 5 0.000299358 -95.148 -0
0.6404 5 0.000464159 -61.23 -0
0.6404 5 0.000719686 -39.3548 -0
0.6404 5 0.00111588 -25.2468 -0
0.6404 5 0.0017302 -16.1482 -0
0.6404 5 0.0026827 -10.2806 -0
0.6404 5 0.00415956 -6.49721 -0
0.6404 5 0.00644947 -4.05844 -0
0.6404 5 0.01 -2.4876 -0
0.6404 5 0.0155052 -1.4776 -0
0.6404 5 0.024041 -0.830855 -0
0.6404 5 0.0372759 -0.420651 -0
0.6404 5 0.0577969 -0.166158 -0
0.6404 5 0.0896151 -0.0160244 -0
0.6404 5 0.13895 0.0622059 -0
0.6404 5 0.215443 0.089718 -0
0.6404 5 0.334048 0.0826481 -0
0.6404 5 0.517947 0.0562894 -0
0.6404 5 0.803086 0.0276695 -0
0.6404 5 1.2452 0.0109586 -0
0.6404 5 1.9307 0.00490792 -0
0.6404 5 2.99358 0.00221584 -0
0.6404 5 4.64159 0.00171558 -0
0.6404 5 7.19686 0.000674046 -0
0.6404 5 11.1588 0.000875733 -0
0.6404 5 17.302 0.000230299 -0
0.6404 5 26.827 -0.000114034 -0
0.6404 5 41.5956 -8.69787e-05 -0
0.6404 5 64.4947 -5.41693e-05 -0
0.6404 5 100 -3.49155e-05 -0
0.6404 5 155.052 -2.0217e-05 -0
0.6404 5 240.41 -1.14291e-05 -0
0.6404 5 372.759 -7.18501e-06 -0
0.6404 5 577.969 -4.2276e-06 -0
0.6404 5 896.151 -2.21293e-06 -0
0.6404 5 1389.5 -1.25737e-06 -0
0.6404 5 2154.43 -7.19775e-07 -0
0.6404 5 3340.48 -3.95855e-07 -0
0.6404 5 5179.47 -2.07696e-07 -0
0.6404 5 8030.86 -9.9107e-08 -0
0.6404 5 12452 -4.79013e-08 -0
0.6404 5 19307 -2.2443e-08 -0
0.6404 5 29935.8 -9.35493e-09 -0
0.6404 5 46415.9 -3.25554e-09 -0
0.6404 5 71968.6 -5.31287e-10 -0
0.6404 5 111588 5.94762e-10 -0
0.6404 5 173020 5.1744e-10 -0
0.6404 5 268270 4.74634e-10 -0
0.6404 5 415956 3.20878e-10 -0
0.6404 5 644947 1.78914e-10 -0
0.6404 5 1e+06 3.0278e-11 -0

1.56152 5 1e-06 -10909.7 -0
1.56152 5 1.55052e-06 -7036.11 -0
1.56152 5 2.4041e-06 -4537.84 -0
1.56152 5 3.72759e-06 -2926.6 -0
1.56152 5 5.77969e-06 -1887.43 -0
1.56152 5 8.96151e-06 -1217.22 -0
1.56152 5 1.3895e-05 -784.974 -0
1.56152 5 2.15443e-05 -506.197 -0
1.56152 5 3.34048e-05 -326.4 -0
1.56152 5 5.17947e-05 -210.441 -0
1.56152 5 8.03086e-05 -135.654 -0
1.56152 5 0.00012452 -87.4201 -0
1.56152 5 0.00019307 -56.3118 -0
1.56152 5 0.000299358 -36.2487 -0
1.56152 5 0.000464159 -23.3091 -0
1.56152 5 0.000719686 -14.9638 -0
1.56152 5 0.00111588 -9.58166 -0
1.56152 5 0.0017302 -6.11063 -0
1.56152 5 0.0026827 -3.87227 -0
1.56152 5 0.00415956 -2.42906 -0
1.56152 5 0.00644947 -1.49889 -0
1.56152 5 0.01 -0.899952 -0
1.56152 5 0.0155052 -0.515146 -0
1.56152 5 0.024041 -0.269178 -0
1.56152 5 0.0372759 -0.113828 -0
1.56152 5 0.0577969 -0.018425 -0
1.56152 5 0.0896151 0.03643 -0
1.56152 5 0.13895 0.0628645 -0
1.56152 5 0.215443 0.0686238 -0
1.56152 5 0.334048 0.0595461 -0
1.56152 5 0.517947 0.041455 -0
1.56152 5 0.803086 0.0224212 -0
1.56152 5 1.2452 0.0110475 -0
1.56152 5 1.9307 0.00598419 -0
1.56152 5 2.99358 0.0022624 -0
1.56152 5 4.64159 0.00114221 -0
1.56152 5 7.19686 0.000432163 -0
1.56152 5 11.1588 0.000397819 -0
1.56152 5 17.302 0.000119097 -0
1.56152 5 26.827 -3.24309e-05 -0
1.56152 5 41.5956 -2.87476e-05 -0
1.56152 5 64.4947 -1.88624e-05 -0
1.56152 5 100 -1.27227e-05 -0
1.56152 5 155.052 -7.56129e-06 -0
1.56152 5 240.41 -4.35536e-06 -0
1.56152 5 372.759 -2.79597e-06 -0
1.56152 5 577.969 -1.66695e-06 -0
1.56152 5 896.151 -8.78446e-07 -0
1.56152 5 1389.5 -5.02994e-07 -0
1.56152 5 2154.43 -2.89745e-07 -0
1.56152 5 3340.48 -1.6005e-07 -0
1.56152 5 5179.47 -8.42303e-08 -0
1.56152 5 8030.86 -4.02626e-08 -0
1.56152 5 12452 -1.94949e-08 -0
1.56152 5 19307 -9.14751e-09 -0
1.56152 5 29935.8 -3.81615e-09 -0
1.56152 5 46415.9 -1.32814e-09 -0
1.56152 5 71968.6 -2.15603e-10 -0
1.56152 5 111588 2.4463e-10 -0
1.56152 5 173020 2.12422e-10 -0
1.56152 5 268270 1.94715e-10 -0
1.56152 5 415956 1.31614e-10 -0
1.56152 5 644947 7.33797e-11 -0
1.56152 5 1e+06 1.24188e-11 -0

3.80755 5 1e-06 -3513.96 -0
3.80755 5 1.55052e-06 -2266.3 -0
3.80755 5 2.4041e-06 -1461.63 -0
3.80755 5 3.72759e-06 -942.657 -0
3.80755 5 5.77969e-06 -607.949 -0
3.80755 5 8.96151e-06 -392.079 -0
3.80755 5 1.3895e-05 -252.855 -0
3.80755 5 2.15443e-05 -163.063 -0
3.80755 5 3.34048e-05 -105.152 -0
3.80755 5 5.17947e-05 -67.8024 -0
3.80755 5 8.03086e-05 -43.7139 -0
3.80755 5 0.00012452 -28.1781 -0
3.80755 5 0.00019307 -18.1584 -0
3.80755 5 0.000299358 -11.6961 -0
3.80755 5 0.000464159 -7.52838 -0
3.80755 5 0.000719686 -4.84039 -0
3.80755 5 0.00111588 -3.1068 -0
3.80755 5 0.0017302 -1.98874 -0
3.80755 5 0.0026827 -1.26768 -0
3.80755 5 0.00415956 -0.802676 -0
3.80755 5 0.00644947 -0.502841 -0
3.80755 5 0.01 -0.309566 -0
3.80755 5 0.0155052 -0.185073 -0
3.80755 5 0.024041 -0.105019 -0
3.80755 5 0.0372759 -0.0537503 -0
3.80755 5 0.0577969 -0.0212374 -0
3.80755 5 0.0896151 -0.00108741 -0
3.80755 5 0.13895 0.0106551 -0
3.80755 5 0.215443 0.0162599 -0
3.80755 5 0.334048 0.0169135 -0
3.80755 5 0.517947 0.0134734 -0
3.80755 5 0.803086 0.00829653 -0
3.80755 5 1.2452 0.00535295 -0
3.80755 5 1.9307 0.00377896 -0
3.80755 5 2.99358 0.00147592 -0
3.80755 5 4.64159 0.000674412 -0
3.80755 5 7.19686 0.000272696 -0
3.80755 5 11.1588 0.000183999 -0
3.80755 5 17.302 6.64125e-05 -0
3.80755 5 26.827 -1.9078e-06 -0
3.80755 5 41.5956 -6.0751e-06 -0
3.80755 5 64.4947 -4.87842e-06 -0
3.80755 5 100 -3.82238e-06 -0
3.80755 5 155.052 -2.45197e-06 -0
3.80755 5 240.41 -1.4868e-06 -0
3.80755 5 372.759 -1.00893e-06 -0
3.80755 5 577.969 -6.21943e-07 -0
3.80755 5 896.151 -3.33197e-07 -0
3.80755 5 1389.5 -1.94419e-07 -0
3.80755 5 2154.43 -1.137e-07 -0
3.80755 5 3340.48 -6.34664e-08 -0
3.80755 5 5179.47 -3.36429e-08 -0
3.80755 5 8030.86 -1.61476e-08 -0
3.80755 5 12452 -7.85164e-09 -0
3.80755 5 19307 -3.6972e-09 -0
3.80755 5 29935.8 -1.54543e-09 -0
3.80755 5 46415.9 -5.3794e-10 -0
3.80755 5 71968.6 -8.62176e-11 -0
3.80755 5 111588 1.01012e-10 -0
3.80755 5 173020 8.73233e-11 -0
3.80755 5 268270 7.99152e-11 -0
3.80755 5 415956 5.39936e-11 -0
3.80755 5 644947 3.00988e-11 -0
3.80755 5 1e+06 5.09452e-12 -0

9.28415 5 1e-06 -1000.02 -0
9.28415 5 1.55052e-06 -644.958 -0
9.28415 5 2.4041e-06 -415.962 -0
9.28415 5 3.72759e-06 -268.272 -0
9.28415 5 5.77969e-06 -173.019 -0
9.28415 5 8.96151e-06 -111.586 -0
9.28415 5 1.3895e-05 -71.9656 -0
9.28415 5 2.15443e-05 -46.4123 -0
9.28415 5 3.34048e-05 -29.9318 -0
9.28415 5 5.17947e-05 -19.3027 -0
9.28415 5 8.03086e-05 -12.4475 -0
9.28415 5 0.00012452 -8.02629 -0
9.28415 5 0.00019307 -5.17483 -0
9.28415 5 0.000299358 -3.3358 -0
9.28415 5 0.000464159 -2.14971 -0
9.28415 5 0.000719686 -1.38475 -0
9.28415 5 0.00111588 -0.891387 -0
9.28415 5 0.0017302 -0.57319 -0
9.28415 5 0.0026827 -0.367962 -0
9.28415 5 0.00415956 -0.23559 -0
9.28415 5 0.00644947 -0.1502 -0
9.28415 5 0.01 -0.0951015 -0
9.28415 5 0.0155052 -0.0595275 -0
9.28415 5 0.024041 -0.0365269 -0
9.28415 5 0.0372759 -0.0216126 -0
9.28415 5 0.0577969 -0.0118914 -0
9.28415 5 0.0896151 -0.00550775 -0
9.28415 5 0.13895 -0.00132332 -0
9.28415 5 0.215443 0.00125475 -0
9.28415 5 0.334048 0.00240562 -0
9.28415 5 0.517947 0.00218176 -0
9.28415 5 0.803086 0.0013233 -0
9.28415 5 1.2452 0.00128593 -0
9.28415 5 1.9307 0.00131933 -0
9.28415 5 2.99358 0.000545473 -0
9.28415 5 4.64159 0.000261818 -0
9.28415 5 7.19686 0.000137491 -0
9.28415 5 11.1588 7.54575e-05 -0
9.28415 5 17.302 3.53847e-05 -0
9.28415 5 26.827 6.3866e-06 -0
9.28415 5 41.5956 1.41747e-06 -0
9.28415 5 64.4947 9.24726e-08 -0
9.28415 5 100 -4.89552e-07 -0
9.28415 5 155.052 -4.86198e-07 -0
9.28415 5 240.41 -3.62926e-07 -0
9.28415 5 372.759 -2.97198e-07 -0
9.28415 5 577.969 -2.01837e-07 -0
9.28415 5 896.151 -1.12953e-07 -0
9.28415 5 1389.5 -6.92038e-08 -0
9.28415 5 2154.43 -4.20273e-08 -0
9.28415 5 3340.48 -2.4061e-08 -0
9.28415 5 5179.47 -1.29752e-08 -0
9.28415 5 8030.86 -6.28748e-09 -0
9.28415 5 12452 -3.08755e-09 -0
9.28415 5 19307 -1.46585e-09 -0
9.28415 5 29935.8 -6.15506e-10 -0
9.28415 5 46415.9 -2.14305e-10 -0
9.28415 5 71968.6 -3.32903e-11 -0
9.28415 5 111588 4.2072e-11 -0
9.28415 5 173020 3.60071e-11 -0
9.28415 5 268270 3.2831e-11 -0
9.28415 5 415956 2.21596e-11 -0
9.28415 5 644947 1.23485e-11 -0
9.28415 5 1e+06 2.09066e-12 -0

22.638 5 1e-06 -290.552 -0
22.638 5 1.55052e-06 -187.391 -0
22.638 5 2.4041e-06 -120.857 -0
22.638 5 3.72759e-06 -77.946 -0
22.638 5 5.77969e-06 -50.2709 -0
22.638 5 8.96151e-06 -32.4219 -0
22.638 5 1.3895e-05 -20.9103 -0
22.638 5 2.15443e-05 -13.4859 -0
22.638 5 3.34048e-05 -8.69755 -0
22.638 5 5.17947e-05 -5.60933 -0
22.638 5 8.03086e-05 -3.61759 -0
22.638 5 0.00012452 -2.33303 -0
22.638 5 0.00019307 -1.50455 -0
22.638 5 0.000299358 -0.970225 -0
22.638 5 0.000464159 -0.625615 -0
22.638 5 0.000719686 -0.403359 -0
22.638 5 0.00111588 -0.260014 -0
22.638 5 0.0017302 -0.167563 -0
22.638 5 0.0026827 -0.107934 -0
22.638 5 0.00415956 -0.0694731 -0
22.638 5 0.00644947 -0.0446616 -0
22.638 5 0.01 -0.0286505 -0
22.638 5 0.0155052 -0.0183105 -0
22.638 5 0.024041 -0.0116216 -0
22.638 5 0.0372759 -0.00727908 -0
22.638 5 0.0577969 -0.00444083 -0
22.638 5 0.0896151 -0.00256611 -0
22.638 5 0.13895 -0.00132154 -0
22.638 5 0.215443 -0.000529974 -0
22.638 5 0.334048 -0.000131077 -0
22.638 5 0.517947 -9.18981e-05 -0
22.638 5 0.803086 -0.000174349 -0
22.638 5 1.2452 3.16142e-05 -0
22.638 5 1.9307 0.000211579 -0
22.638 5 2.99358 7.78331e-05 -0
22.638 5 4.64159 3.40074e-05 -0
22.638 5 7.19686 4.3331e-05 -0
22.638 5 11.1588 1.97304e-05 -0
22.638 5 17.302 1.47465e-05 -0
22.638 5 26.827 5.51519e-06 -0
22.638 5 41.5956 2.49877e-06 -0
22.638 5 64.4947 1.22929e-06 -0
22.638 5 100 4.84515e-07 -0
22.638 5 155.052 1.54343e-07 -0
22.638 5 240.41 2.91867e-08 -0
22.638 5 372.759 -3.34969e-08 -0
22.638 5 577.969 -4.09554e-08 -0
22.638 5 896.151 -2.7207e-08 -0
22.638 5 1389.5 -1.96757e-08 -0
22.638 5 2154.43 -1.33539e-08 -0
22.638 5 3340.48 -8.18202e-09 -0
22.638 5 5179.47 -4.60759e-09 -0
22.638 5 8030.86 -2.28476e-09 -0
22.638 5 12452 -1.14885e-09 -0
22.638 5 19307 -5.56127e-10 -0
22.638 5 29935.8 -2.35971e-10 -0
22.638 5 46415.9 -8.21785e-11 -0
22.638 5 71968.6 -1.17709e-11 -0
22.638 5 111588 1.78443e-11 -0
22.638 5 173020 1.49457e-11 -0
22.638 5 268270 1.35167e-11 -0
22.638 5 415956 9.10291e-12 -0
22.638 5 644947 5.06851e-12 -0
22.638 5 1e+06 8.5865e-13 -0

55.1995 5 1e-06 -89.7371 -0
55.1995 5 1.55052e-06 -57.8757 -0
55.1995 5 2.4041e-06 -37.3267 -0
55.1995 5 3.72759e-06 -24.0737 -0
55.1995 5 5.77969e-06 -15.5263 -0
55.1995 5 8.96151e-06 -10.0136 -0
55.1995 5 1.3895e-05 -6.45827 -0
55.1995 5 2.15443e-05 -4.16524 -0
55.1995 5 3.34048e-05 -2.68637 -0
55.1995 5 5.17947e-05 -1.73257 -0
55.1995 5 8.03086e-05 -1.11742 -0
55.1995 5 0.00012452 -0.720683 -0
55.1995 5 0.00019307 -0.464808 -0
55.1995 5 0.000299358 -0.299782 -0
55.1995 5 0.000464159 -0.193349 -0
55.1995 5 0.000719686 -0.124706 -0
55.1995 5 0.00111588 -0.080434 -0
55.1995 5 0.0017302 -0.0518807 -0
55.1995 5 0.0026827 -0.0334647 -0
55.1995 5 0.00415956 -0.0215866 -0
55.1995 5 0.00644947 -0.0139244 -0
55.1995 5 0.01 -0.00898069 -0
55.1995 5 0.0155052 -0.00578917 -0
55.1995 5 0.024041 -0.00372627 -0
55.1995 5 0.0372759 -0.00238937 -0
55.1995 5 0.0577969 -0.00151864 -0
55.1995 5 0.0896151 -0.000947028 -0
55.1995 5 0.13895 -0.000570112 -0
55.1995 5 0.215443 -0.00032871 -0
55.1995 5 0.334048 -0.000196088 -0
55.1995 5 0.517947 -0.00015488 -0
55.1995 5 0.803086 -0.000143612 -0
55.1995 5 1.2452 -6.64995e-05 -0
55.1995 5 1.9307 1.13506e-06 -0
55.1995 5 2.99358 -1.24895e-05 -0
55.1995 5 4.64159 -1.40699e-05 -0
55.1995 5 7.19686 5.25224e-06 -0
55.1995 5 11.1588 -3.28705e-08 -0
55.1995 5 17.302 3.49e-06 -0
55.1995 5 26.827 2.46266e-06 -0
55.1995 5 41.5956 1.44789e-06 -0
55.1995 5 64.4947 9.18219e-07 -0
55.1995 5 100 5.10251e-07 -0
55.1995 5 155.052 2.48885e-07 -0
55.1995 5 240.41 1.16591e-07 -0
55.1995 5 372.759 4.34657e-08 -0
55.1995 5 577.969 1.20926e-08 -0
55.1995 5 896.151 2.67976e-09 -0
55.1995 5 1389.5 -1.49348e-09 -0
55.1995 5 2154.43 -2.44316e-09 -0
55.1995 5 3340.48 -2.00344e-09 -0
55.1995 5 5179.47 -1.30506e-09 -0
55.1995 5 8030.86 -6.92153e-10 -0
55.1995 5 12452 -3.71833e-10 -0
55.1995 5 19307 -1.89481e-10 -0
55.1995 5 29935.8 -8.25224e-11 -0
55.1995 5 46415.9 -2.87109e-11 -0
55.1995 5 71968.6 -3.16957e-12 -0
55.1995 5 111588 7.84147e-12 -0
55.1995 5 173020 6.28898e-12 -0
55.1995 5 268270 5.59027e-12 -0
55.1995 5 415956 3.74672e-12 -0
55.1995 5 644947 2.08251e-12 -0
55.1995 5 1e+06 3.53283e-13 -0

134.596 5 1e-06 -28.9006 -0
134.596 5 1.55052e-06 -18.6393 -0
134.596 5 2.4041e-06 -12.0214 -0
134.596 5 3.72759e-06 -7.75316 -0
134.596 5 5.77969e-06 -5.00038 -0
134.596 5 8.96151e-06 -3.22498 -0
134.596 5 1.3895e-05 -2.07994 -0
134.596 5 2.15443e-05 -1.34146 -0
134.596 5 3.34048e-05 -0.865171 -0
134.596 5 5.17947e-05 -0.557992 -0
134.596 5 8.03086e-05 -0.359878 -0
134.596 5 0.00012452 -0.232106 -0
134.596 5 0.00019307 -0.149699 -0
134.596 5 0.000299358 -0.0965511 -0
134.596 5 0.000464159 -0.0622736 -0
134.596 5 0.000719686 -0.0401663 -0
134.596 5 0.00111588 -0.0259083 -0
134.596 5 0.0017302 -0.0167125 -0
134.596 5 0.0026827 -0.0107817 -0
134.596 5 0.00415956 -0.00695639 -0
134.596 5 0.00644947 -0.00448904 -0
134.596 5 0.01 -0.00289734 -0
134.596 5 0.0155052 -0.00187019 -0
134.596 5 0.024041 -0.00120688 -0
134.596 5 0.0372759 -0.000777853 -0
134.596 5 0.0577969 -0.000499547 -0
134.596 5 0.0896151 -0.000318165 -0
134.596 5 0.13895 -0.00019965 -0
134.596 5 0.215443 -0.000123604 -0
134.596 5 0.334048 -7.90473e-05 -0
134.596 5 0.517947 -5.87815e-05 -0
134.596 5 0.803086 -4.8283e-05 -0
134.596 5 1.2452 -2.7217e-05 -0
134.596 5 1.9307 -9.32797e-06 -0
134.596 5 2.99358 -9.47373e-06 -0
134.596 5 4.64159 -8.33569e-06 -0
134.596 5 7.19686 -1.36576e-06 -0
134.596 5 11.1588 -2.05493e-06 -0
134.596 5 17.302 -7.55752e-09 -0
134.596 5 26.827 5.58151e-07 -0
134.596 5 41.5956 4.39288e-07 -0
134.596 5 64.4947 3.76707e-07 -0
134.596 5 100 2.73467e-07 -0
134.596 5 155.052 1.60477e-07 -0
134.596 5 240.41 9.07717e-08 -0
134.596 5 372.759 4.67039e-08 -0
134.596 5 577.969 2.14744e-08 -0
134.596 5 896.151 9.69694e-09 -0
134.596 5 1389.5 3.79027e-09 -0
134.596 5 2154.43 1.14914e-09 -0
134.596 5 3340.48 1.79043e-10 -0
134.596 5 5179.47 -8.79236e-11 -0
134.596 5 8030.86 -9.13975e-11 -0
134.596 5 12452 -7.25954e-11 -0
134.596 5 19307 -4.60621e-11 -0
134.596 5 29935.8 -2.19725e-11 -0
134.596 5 46415.9 -7.56206e-12 -0
134.596 5 71968.6 1.15044e-13 -0
134.596 5 111588 3.66669e-12 -0
134.596 5 173020 2.71791e-12 -0
134.596 5 268270 2.33374e-12 -0
134.596 5 415956 1.54848e-12 -0
134.596 5 644947 8.5749e-13 -0
134.596 5 1e+06 1.45912e-13 -0

328.193 5 1e-06 -9.47877 -0
328.193 5 1.55052e-06 -6.1133 -0
328.193 5 2.4041e-06 -3.94276 -0
328.193 5 3.72759e-06 -2.54287 -0
328.193 5 5.77969e-06 -1.64001 -0
328.193 5 8.96151e-06 -1.05772 -0
328.193 5 1.3895e-05 -0.682175 -0
328.193 5 2.15443e-05 -0.439968 -0
328.193 5 3.34048e-05 -0.283756 -0
328.193 5 5.17947e-05 -0.183008 -0
328.193 5 8.03086e-05 -0.118031 -0
328.193 5 0.00012452 -0.0761246 -0
328.193 5 0.00019307 -0.049097 -0
328.193 5 0.000299358 -0.0316657 -0
328.193 5 0.000464159 -0.0204234 -0
328.193 5 0.000719686 -0.0131727 -0
328.193 5 0.00111588 -0.00849635 -0
328.193 5 0.0017302 -0.00548037 -0
328.193 5 0.0026827 -0.0035352 -0
328.193 5 0.00415956 -0.00228063 -0
328.193 5 0.00644947 -0.00147146 -0
328.193 5 0.01 -0.000949522 -0
328.193 5 0.0155052 -0.000612793 -0
328.193 5 0.024041 -0.000395468 -0
328.193 5 0.0372759 -0.000255089 -0
328.193 5 0.0577969 -0.000164266 -0
328.193 5 0.0896151 -0.000105356 -0
328.193 5 0.13895 -6.70942e-05 -0
328.193 5 0.215443 -4.24964e-05 -0
328.193 5 0.334048 -2.74482e-05 -0
328.193 5 0.517947 -1.92705e-05 -0
328.193 5 0.803086 -1.44484e-05 -0
328.193 5 1.2452 -8.72459e-06 -0
328.193 5 1.9307 -4.19188e-06 -0
328.193 5 2.99358 -3.46902e-06 -0
328.193 5 4.64159 -2.80139e-06 -0
328.193 5 7.19686 -1.00886e-06 -0
328.193 5 11.1588 -9.59285e-07 -0
328.193 5 17.302 -3.37132e-07 -0
328.193 5 26.827 -6.76048e-09 -0
328.193 5 41.5956 4.36659e-08 -0
328.193 5 64.4947 8.39051e-08 -0
328.193 5 100 9.09479e-08 -0
328.193 5 155.052 6.50436e-08 -0
328.193 5 240.41 4.42853e-08 -0
328.193 5 372.759 2.84958e-08 -0
328.193 5 577.969 1.58039e-08 -0
328.193 5 896.151 8.22428e-09 -0
328.193 5 1389.5 4.04337e-09 -0
328.193 5 2154.43 1.81286e-09 -0
328.193 5 3340.48 7.42515e-10 -0
328.193 5 5179.47 2.79117e-10 -0
328.193 5 8030.86 1.03822e-10 -0
328.193 5 12452 3.09604e-11 -0
328.193 5 19307 5.85118e-12 -0
328.193 5 29935.8 4.81143e-13 -0
328.193 5 46415.9 3.30658e-13 -0
328.193 5 71968.6 1.21802e-12 -0
328.193 5 111588 1.88159e-12 -0
328.193 5 173020 1.23237e-12 -0
328.193 5 268270 9.92329e-13 -0
328.193 5 415956 6.4536e-13 -0
328.193 5 644947 3.54662e-13 -0
328.193 5 1e+06 6.07518e-14 -0

800.25 5 1e-06 -3.11 -0
800.25 5 1.55052e-06 -2.00579 -0
800.25 5 2.4041e-06 -1.29363 -0
800.25 5 3.72759e-06 -0.83432 -0
800.25 5 5.77969e-06 -0.538092 -0
800.25 5 8.96151e-06 -0.347041 -0
800.25 5 1.3895e-05 -0.223823 -0
800.25 5 2.15443e-05 -0.144354 -0
800.25 5 3.34048e-05 -0.0931008 -0
800.25 5 5.17947e-05 -0.0600452 -0
800.25 5 8.03086e-05 -0.0387261 -0
800.25 5 0.00012452 -0.0249764 -0
800.25 5 0.00019307 -0.0161086 -0
800.25 5 0.000299358 -0.0103893 -0
800.25 5 0.000464159 -0.00670067 -0
800.25 5 0.000719686 -0.0043217 -0
800.25 5 0.00111588 -0.00278739 -0
800.25 5 0.0017302 -0.00179784 -0
800.25 5 0.0026827 -0.00115963 -0
800.25 5 0.00415956 -0.000748018 -0
800.25 5 0.00644947 -0.000482539 -0
800.25 5 0.01 -0.000311308 -0
800.25 5 0.0155052 -0.000200855 -0
800.25 5 0.024041 -0.000129592 -0
800.25 5 0.0372759 -8.35934e-05 -0
800.25 5 0.0577969 -5.38776e-05 -0
800.25 5 0.0896151 -3.46548e-05 -0
800.25 5 0.13895 -2.22111e-05 -0
800.25 5 0.215443 -1.42e-05 -0
800.25 5 0.334048 -9.17604e-06 -0
800.25 5 0.517947 -6.20224e-06 -0
800.25 5 0.803086 -4.36301e-06 -0
800.25 5 1.2452 -2.71997e-06 -0
800.25 5 1.9307 -1.50921e-06 -0
800.25 5 2.99358 -1.12079e-06 -0
800.25 5 4.64159 -8.3789e-07 -0
800.25 5 7.19686 -3.99783e-07 -0
800.25 5 11.1588 -3.23813e-07 -0
800.25 5 17.302 -1.61625e-07 -0
800.25 5 26.827 -5.56899e-08 -0
800.25 5 41.5956 -2.35617e-08 -0
800.25 5 64.4947 9.96389e-10 -0
800.25 5 100 1.50739e-08 -0
800.25 5 155.052 1.47576e-08 -0
800.25 5 240.41 1.30867e-08 -0
800.25 5 372.759 1.13572e-08 -0
800.25 5 577.969 7.64237e-09 -0
800.25 5 896.151 4.54576e-09 -0
800.25 5 1389.5 2.63109e-09 -0
800.25 5 2154.43 1.39095e-09 -0
800.25 5 3340.48 6.73458e-10 -0
800.25 5 5179.47 3.05306e-10 -0
800.25 5 8030.86 1.34352e-10 -0
800.25 5 12452 5.44865e-11 -0
800.25 5 19307 2.02171e-11 -0
800.25 5 29935.8 7.27988e-12 -0
800.25 5 46415.9 2.77085e-12 -0
800.25 5 71968.6 1.41997e-12 -0
800.25 5 111588 1.07437e-12 -0
800.25 5 173020 6.01447e-13 -0
800.25 5 268270 4.36133e-13 -0
800.25 5 415956 2.73316e-13 -0
800.25 5 644947 1.47998e-13 -0
800.25 5 1e+06 2.57071e-14 -0

1951.29 5 1e-06 -1.0052 -0
1951.29 5 1.55052e-06 -0.648297 -0
1951.29 5 2.4041e-06 -0.418117 -0
1951.29 5 3.72759e-06 -0.269663 -0
1951.29 5 5.77969e-06 -0.173919 -0
1951.29 5 8.96151e-06 -0.112168 -0
1951.29 5 1.3895e-05 -0.0723425 -0
1951.29 5 2.15443e-05 -0.0466571 -0
1951.29 5 3.34048e-05 -0.0300914 -0
1951.29 5 5.17947e-05 -0.0194073 -0
1951.29 5 8.03086e-05 -0.0125167 -0
1951.29 5 0.00012452 -0.00807264 -0
1951.29 5 0.00019307 -0.00520645 -0
1951.29 5 0.000299358 -0.0033579 -0
1951.29 5 0.000464159 -0.00216569 -0
1951.29 5 0.000719686 -0.00139678 -0
1951.29 5 0.00111588 -0.00090087 -0
1951.29 5 0.0017302 -0.000581035 -0
1951.29 5 0.0026827 -0.000374758 -0
1951.29 5 0.00415956 -0.00024172 -0
1951.29 5 0.00644947 -0.000155915 -0
1951.29 5 0.01 -0.000100574 -0
1951.29 5 0.0155052 -6.48791e-05 -0
1951.29 5 0.024041 -4.18531e-05 -0
1951.29 5 0.0372759 -2.69962e-05 -0
1951.29 5 0.0577969 -1.74058e-05 -0
1951.29 5 0.0896151 -1.12107e-05 -0
1951.29 5 0.13895 -7.20729e-06 -0
1951.29 5 0.215443 -4.62784e-06 -0
1951.29 5 0.334048 -2.98872e-06 -0
1951.29 5 0.517947 -1.97723e-06 -0
1951.29 5 0.803086 -1.3384e-06 -0
1951.29 5 1.2452 -8.48121e-07 -0
1951.29 5 1.9307 -5.05739e-07 -0
1951.29 5 2.99358 -3.52834e-07 -0
1951.29 5 4.64159 -2.48945e-07 -0
1951.29 5 7.19686 -1.36883e-07 -0
1951.29 5 11.1588 -1.00989e-07 -0
1951.29 5 17.302 -5.78438e-08 -0
1951.29 5 26.827 -2.83289e-08 -0
1951.29 5 41.5956 -1.61093e-08 -0
1951.29 5 64.4947 -7.15327e-09 -0
1951.29 5 100 -1.1336e-09 -0
1951.29 5 155.052 8.26033e-10 -0
1951.29 5 240.41 1.95667e-09 -0
1951.29 5 372.759 2.89664e-09 -0
1951.29 5 577.969 2.45968e-09 -0
1951.29 5 896.151 1.69469e-09 -0
1951.29 5 1389.5 1.19459e-09 -0
1951.29 5 2154.43 7.51892e-10 -0
1951.29 5 3340.48 4.19177e-10 -0
1951.29 5 5179.47 2.14463e-10 -0
1951.29 5 8030.86 1.03904e-10 -0
1951.29 5 12452 4.69627e-11 -0
1951.29 5 19307 1.96348e-11 -0
1951.29 5 29935.8 7.7656e-12 -0
1951.29 5 46415.9 2.99837e-12 -0
1951.29 5 71968.6 1.25699e-12 -0
1951.29 5 111588 6.68959e-13 -0
1951.29 5 173020 3.21115e-13 -0
1951.29 5 268270 2.01964e-13 -0
1951.29 5 415956 1.19071e-13 -0
1951.29 5 644947 6.27934e-14 -0
1951.29 5 1e+06 1.12148e-14 -0

4757.94 5 1e-06 -0.316676 -0
4757.94 5 1.55052e-06 -0.204239 -0
4757.94 5 2.4041e-06 -0.131723 -0
4757.94 5 3.72759e-06 -0.0849546 -0
4757.94 5 5.77969e-06 -0.0547912 -0
4757.94 5 8.96151e-06 -0.0353374 -0
4757.94 5 1.3895e-05 -0.0227908 -0
4757.94 5 2.15443e-05 -0.0146988 -0
4757.94 5 3.34048e-05 -0.00947996 -0
4757.94 5 5.17947e-05 -0.00611407 -0
4757.94 5 8.03086e-05 -0.00394326 -0
4757.94 5 0.00012452 -0.00254319 -0
4757.94 5 0.00019307 -0.00164023 -0
4757.94 5 0.000299358 -0.00105786 -0
4757.94 5 0.000464159 -0.00068227 -0
4757.94 5 0.000719686 -0.000440032 -0
4757.94 5 0.00111588 -0.000283801 -0
4757.94 5 0.0017302 -0.00018304 -0
4757.94 5 0.0026827 -0.000118055 -0
4757.94 5 0.00415956 -7.61427e-05 -0
4757.94 5 0.00644947 -4.91114e-05 -0
4757.94 5 0.01 -3.16772e-05 -0
4757.94 5 0.0155052 -2.04326e-05 -0
4757.94 5 0.024041 -1.31797e-05 -0
4757.94 5 0.0372759 -8.50083e-06 -0
4757.94 5 0.0577969 -5.48179e-06 -0
4757.94 5 0.0896151 -3.533e-06 -0
4757.94 5 0.13895 -2.27481e-06 -0
4757.94 5 0.215443 -1.46377e-06 -0
4757.94 5 0.334048 -9.44849e-07 -0
4757.94 5 0.517947 -6.17928e-07 -0
4757.94 5 0.803086 -4.09384e-07 -0
4757.94 5 1.2452 -2.61606e-07 -0
4757.94 5 1.9307 -1.61834e-07 -0
4757.94 5 2.99358 -1.09063e-07 -0
4757.94 5 4.64159 -7.41585e-08 -0
4757.94 5 7.19686 -4.39152e-08 -0
4757.94 5 11.1588 -3.06528e-08 -0
4757.94 5 17.302 -1.86725e-08 -0
4757.94 5 26.827 -1.05413e-08 -0
4757.94 5 41.5956 -6.49935e-09 -0
4757.94 5 64.4947 -3.66952e-09 -0
4757.94 5 100 -1.73373e-09 -0
4757.94 5 155.052 -8.24914e-10 -0
4757.94 5 240.41 -2.16299e-10 -0
4757.94 5 372.759 3.23989e-10 -0
4757.94 5 577.969 4.38268e-10 -0
4757.94 5 896.151 3.74303e-10 -0
4757.94 5 1389.5 3.57001e-10 -0
4757.94 5 2154.43 2.85913e-10 -0
4757.94 5 3340.48 1.8966e-10 -0
4757.94 5 5179.47 1.11084e-10 -0
4757.94 5 8030.86 5.99668e-11 -0
4757.94 5 12452 3.01615e-11 -0
4757.94 5 19307 1.38959e-11 -0
4757.94 5 29935.8 5.92158e-12 -0
4757.94 5 46415.9 2.38348e-12 -0
4757.94 5 71968.6 9.59725e-13 -0
4757.94 5 111588 4.3179e-13 -0
4757.94 5 173020 1.85303e-13 -0
4757.94 5 268270 1.00016e-13 -0
4757.94 5 415956 5.41802e-14 -0
4757.94 5 644947 2.74066e-14 -0
4757.94 5 1e+06 5.15255e-15 -0

11601.6 5 1e-06 -0.0957424 -0
11601.6 5 1.55052e-06 -0.0617488 -0
11601.6 5 2.4041e-06 -0.0398247 -0
11601.6 5 3.72759e-06 -0.0256848 -0
11601.6 5 5.77969e-06 -0.0165653 -0
11601.6 5 8.96151e-06 -0.0106837 -0
11601.6 5 1.3895e-05 -0.00689045 -0
11601.6 5 2.15443e-05 -0.00444397 -0
11601.6 5 3.34048e-05 -0.00286613 -0
11601.6 5 5.17947e-05 -0.0018485 -0
11601.6 5 8.03086e-05 -0.00119218 -0
11601.6 5 0.00012452 -0.000768896 -0
11601.6 5 0.00019307 -0.000495897 -0
11601.6 5 0.000299358 -0.000319828 -0
11601.6 5 0.000464159 -0.000206273 -0
11601.6 5 0.000719686 -0.000133036 -0
11601.6 5 0.00111588 -8.58016e-05 -0
11601.6 5 0.0017302 -5.53381e-05 -0
11601.6 5 0.0026827 -3.56908e-05 -0
11601.6 5 0.00415956 -2.30193e-05 -0
11601.6 5 0.00644947 -1.48468e-05 -0
11601.6 5 0.01 -9.57591e-06 -0
11601.6 5 0.0155052 -6.17639e-06 -0
11601.6 5 0.024041 -3.98375e-06 -0
11601.6 5 0.0372759 -2.56943e-06 -0
11601.6 5 0.0577969 -1.65703e-06 -0
11601.6 5 0.0896151 -1.0683e-06 -0
11601.6 5 0.13895 -6.88369e-07 -0
11601.6 5 0.215443 -4.43409e-07 -0
11601.6 5 0.334048 -2.86126e-07 -0
11601.6 5 0.517947 -1.86e-07 -0
11601.6 5 0.803086 -1.21815e-07 -0
11601.6 5 1.2452 -7.81732e-08 -0
11601.6 5 1.9307 -4.92704e-08 -0
11601.6 5 2.99358 -3.25917e-08 -0
11601.6 5 4.64159 -2.16904e-08 -0
11601.6 5 7.19686 -1.3346e-08 -0
11601.6 5 11.1588 -9.02504e-09 -0
11601.6 5 17.302 -5.65691e-09 -0
11601.6 5 26.827 -3.40801e-09 -0
11601.6 5 41.5956 -2.16428e-09 -0
11601.6 5 64.4947 -1.32158e-09 -0
11601.6 5 100 -7.53655e-10 -0
11601.6 5 155.052 -4.45823e-10 -0
11601.6 5 240.41 -2.38101e-10 -0
11601.6 5 372.759 -6.26987e-11 -0
11601.6 5 577.969 1.00732e-11 -0
11601.6 5 896.151 3.1313e-11 -0
11601.6 5 1389.5 6.14179e-11 -0
11601.6 5 2154.43 6.99072e-11 -0
11601.6 5 3340.48 5.73851e-11 -0
11601.6 5 5179.47 3.93275e-11 -0
11601.6 5 8030.86 2.42444e-11 -0
11601.6 5 12452 1.40797e-11 -0
11601.6 5 19307 7.37776e-12 -0
11601.6 5 29935.8 3.4799e-12 -0
11601.6 5 46415.9 1.50951e-12 -0
11601.6 5 71968.6 6.25888e-13 -0
11601.6 5 111588 2.67051e-13 -0
11601.6 5 173020 1.09255e-13 -0
11601.6 5 268270 5.23254e-14 -0
11601.6 5 415956 2.59199e-14 -0
11601.6 5 644947 1.24423e-14 -0
11601.6 5 1e+06 2.54417e-15 -0

28288.7 5 1e-06 -0.0275208 -0
28288.7 5 1.55052e-06 -0.0177494 -0
28288.7 5 2.4041e-06 -0.0114474 -0
28288.7 5 3.72759e-06 -0.00738299 -0
28288.7 5 5.77969e-06 -0.00476163 -0
28288.7 5 8.96151e-06 -0.003071 -0
28288.7 5 1.3895e-05 -0.00198063 -0
28288.7 5 2.15443e-05 -0.0012774 -0
28288.7 5 3.34048e-05 -0.000823856 -0
28288.7 5 5.17947e-05 -0.000531343 -0
28288.7 5 8.03086e-05 -0.000342688 -0
28288.7 5 0.00012452 -0.000221016 -0
28288.7 5 0.00019307 -0.000142544 -0
28288.7 5 0.000299358 -9.19331e-05 -0
28288.7 5 0.000464159 -5.92921e-05 -0
28288.7 5 0.000719686 -3.82403e-05 -0
28288.7 5 0.00111588 -2.46631e-05 -0
28288.7 5 0.0017302 -1.59065e-05 -0
28288.7 5 0.0026827 -1.0259e-05 -0
28288.7 5 0.00415956 -6.61659e-06 -0
28288.7 5 0.00644947 -4.26745e-06 -0
28288.7 5 0.01 -2.75237e-06 -0
28288.7 5 0.0155052 -1.77521e-06 -0
28288.7 5 0.024041 -1.14497e-06 -0
28288.7 5 0.0372759 -7.3847e-07 -0
28288.7 5 0.0577969 -4.76257e-07 -0
28288.7 5 0.0896151 -3.07096e-07 -0
28288.7 5 0.13895 -1.97958e-07 -0
28288.7 5 0.215443 -1.27582e-07 -0
28288.7 5 0.334048 -8.23126e-08 -0
28288.7 5 0.517947 -5.33378e-08 -0
28288.7 5 0.803086 -3.47169e-08 -0
28288.7 5 1.2452 -2.23283e-08 -0
28288.7 5 1.9307 -1.42104e-08 -0
28288.7 5 2.99358 -9.3065e-09 -0
28288.7 5 4.64159 -6.11962e-09 -0
28288.7 5 7.19686 -3.84207e-09 -0
28288.7 5 11.1588 -2.55257e-09 -0
28288.7 5 17.302 -1.62268e-09 -0
28288.7 5 26.827 -1.00948e-09 -0
28288.7 5 41.5956 -6.49106e-10 -0
28288.7 5 64.4947 -4.09639e-10 -0
28288.7 5 100 -2.50655e-10 -0
28288.7 5 155.052 -1.5808e-10 -0
28288.7 5 240.41 -9.63785e-11 -0
28288.7 5 372.759 -4.80093e-11 -0
28288.7 5 577.969 -2.33927e-11 -0
28288.7 5 896.151 -1.17412e-11 -0
28288.7 5 1389.5 8.10376e-13 -0
28288.7 5 2154.43 8.41804e-12 -0
28288.7 5 3340.48 9.86716e-12 -0
28288.7 5 5179.47 8.17169e-12 -0
28288.7 5 8030.86 5.89328e-12 -0
28288.7 5 12452 4.24101e-12 -0
28288.7 5 19307 2.71234e-12 -0
28288.7 5 29935.8 1.49727e-12 -0
28288.7 5 46415.9 7.35195e-13 -0
28288.7 5 71968.6 3.32027e-13 -0
28288.7 5 111588 1.4565e-13 -0
28288.7 5 173020 6.08759e-14 -0
28288.7 5 268270 2.75864e-14 -0
28288.7 5 415956 1.28324e-14 -0
28288.7 5 644947 5.88476e-15 -0
28288.7 5 1e+06 1.35839e-15 -0

68977.9 5 1e-06 -0.00738427 -0
68977.9 5 1.55052e-06 -0.00476246 -0
68977.9 5 2.4041e-06 -0.00307153 -0
68977.9 5 3.72759e-06 -0.00198097 -0
68977.9 5 5.77969e-06 -0.00127762 -0
68977.9 5 8.96151e-06 -0.000823999 -0
68977.9 5 1.3895e-05 -0.000531435 -0
68977.9 5 2.15443e-05 -0.000342747 -0
68977.9 5 3.34048e-05 -0.000221054 -0
68977.9 5 5.17947e-05 -0.000142568 -0
68977.9 5 8.03086e-05 -9.19488e-05 -0
68977.9 5 0.00012452 -5.93021e-05 -0
68977.9 5 0.00019307 -3.82467e-05 -0
68977.9 5 0.000299358 -2.46671e-05 -0
68977.9 5 0.000464159 -1.5909e-05 -0
68977.9 5 0.000719686 -1.02605e-05 -0
68977.9 5 0.00111588 -6.61748e-06 -0
68977.9 5 0.0017302 -4.26794e-06 -0
68977.9 5 0.0026827 -2.75261e-06 -0
68977.9 5 0.00415956 -1.77531e-06 -0
68977.9 5 0.00644947 -1.145e-06 -0
68977.9 5 0.01 -7.38478e-07 -0
68977.9 5 0.0155052 -4.76293e-07 -0
68977.9 5 0.024041 -3.07194e-07 -0
68977.9 5 0.0372759 -1.98128e-07 -0
68977.9 5 0.0577969 -1.2778e-07 -0
68977.9 5 0.0896151 -8.24011e-08 -0
68977.9 5 0.13895 -5.31277e-08 -0
68977.9 5 0.215443 -3.425e-08 -0
68977.9 5 0.334048 -2.20949e-08 -0
68977.9 5 0.517947 -1.4293e-08 -0
68977.9 5 0.803086 -9.27237e-09 -0
68977.9 5 1.2452 -5.97038e-09 -0
68977.9 5 1.9307 -3.81921e-09 -0
68977.9 5 2.99358 -2.48779e-09 -0
68977.9 5 4.64159 -1.62507e-09 -0
68977.9 5 7.19686 -1.03116e-09 -0
68977.9 5 11.1588 -6.78394e-10 -0
68977.9 5 17.302 -4.34314e-10 -0
68977.9 5 26.827 -2.74593e-10 -0
68977.9 5 41.5956 -1.77513e-10 -0
68977.9 5 64.4947 -1.13701e-10 -0
68977.9 5 100 -7.17538e-11 -0
68977.9 5 155.052 -4.6392e-11 -0
68977.9 5 240.41 -2.96717e-11 -0
68977.9 5 372.759 -1.73241e-11 -0
68977.9 5 577.969 -1.04513e-11 -0
68977.9 5 896.151 -6.72009e-12 -0
68977.9 5 1389.5 -3.22446e-12 -0
68977.9 5 2154.43 -8.02071e-13 -0
68977.9 5 3340.48 2.83437e-13 -0
68977.9 5 5179.47 5.43401e-13 -0
68977.9 5 8030.86 5.37809e-13 -0
68977.9 5 12452 6.2853e-13 -0
68977.9 5 19307 5.78487e-13 -0
68977.9 5 29935.8 4.09578e-13 -0
68977.9 5 46415.9 2.4382e-13 -0
68977.9 5 71968.6 1.2752e-13 -0
68977.9 5 111588 6.18243e-14 -0
68977.9 5 173020 2.8698e-14 -0
68977.9 5 268270 1.33686e-14 -0
68977.9 5 415956 6.20466e-15 -0
68977.9 5 644947 2.8225e-15 -0
68977.9 5 1e+06 7.64389e-16 -0

168192 5 1e-06 -0.0018272 -0
168192 5 1.55052e-06 -0.00117845 -0
168192 5 2.4041e-06 -0.000760037 -0
168192 5 3.72759e-06 -0.000490184 -0
168192 5 5.77969e-06 -0.000316142 -0
168192 5 8.96151e-06 -0.000203895 -0
168192 5 1.3895e-05 -0.000131501 -0
168192 5 2.15443e-05 -8.48114e-05 -0
168192 5 3.34048e-05 -5.46988e-05 -0
168192 5 5.17947e-05 -3.52778e-05 -0
168192 5 8.03086e-05 -2.27523e-05 -0
168192 5 0.00012452 -1.4674e-05 -0
168192 5 0.00019307 -9.46397e-06 -0
168192 5 0.000299358 -6.10376e-06 -0
168192 5 0.000464159 -3.9366e-06 -0
168192 5 0.000719686 -2.5389e-06 -0
168192 5 0.00111588 -1.63746e-06 -0
168192 5 0.0017302 -1.05608e-06 -0
168192 5 0.0026827 -6.81118e-07 -0
168192 5 0.00415956 -4.39288e-07 -0
168192 5 0.00644947 -2.8332e-07 -0
168192 5 0.01 -1.82729e-07 -0
168192 5 0.0155052 -1.17853e-07 -0
168192 5 0.024041 -7.60108e-08 -0
168192 5 0.0372759 -4.90238e-08 -0
168192 5 0.0577969 -3.16175e-08 -0
168192 5 0.0896151 -2.039e-08 -0
168192 5 0.13895 -1.31477e-08 -0
168192 5 0.215443 -8.47723e-09 -0
168192 5 0.334048 -5.46839e-09 -0
168192 5 0.517947 -3.53416e-09 -0
168192 5 0.803086 -2.28859e-09 -0
168192 5 1.2452 -1.47447e-09 -0
168192 5 1.9307 -9.45772e-10 -0
168192 5 2.99358 -6.14231e-10 -0
168192 5 4.64159 -3.99731e-10 -0
168192 5 7.19686 -2.55066e-10 -0
168192 5 11.1588 -1.66869e-10 -0
168192 5 17.302 -1.07195e-10 -0
168192 5 26.827 -6.83202e-11 -0
168192 5 41.5956 -4.42475e-11 -0
168192 5 64.4947 -2.85187e-11 -0
168192 5 100 -1.82395e-11 -0
168192 5 155.052 -1.18967e-11 -0
168192 5 240.41 -7.74359e-12 -0
168192 5 372.759 -4.79407e-12 -0
168192 5 577.969 -3.07577e-12 -0
168192 5 896.151 -2.08717e-12 -0
168192 5 1389.5 -1.24905e-12 -0
168192 5 2154.43 -6.58118e-13 -0
168192 5 3340.48 -3.43014e-13 -0
168192 5 5179.47 -2.08352e-13 -0
168192 5 8030.86 -1.38828e-13 -0
168192 5 12452 -4.19259e-14 -0
168192 5 19307 2.30614e-14 -0
168192 5 29935.8 4.10146e-14 -0
168192 5 46415.9 3.63573e-14 -0
168192 5 71968.6 2.45657e-14 -0
168192 5 111588 1.47368e-14 -0
168192 5 173020 9.13981e-15 -0
168192 5 268270 4.96832e-15 -0
168192 5 415956 2.56658e-15 -0
168192 5 644947 1.26244e-15 -0
168192 5 1e+06 4.23833e-16 -0

410113 5 1e-06 -0.00041468 -0
410113 5 1.55052e-06 -0.000267446 -0
410113 5 2.4041e-06 -0.000172489 -0
410113 5 3.72759e-06 -0.000111246 -0
410113 5 5.77969e-06 -7.17477e-05 -0
410113 5 8.96151e-06 -4.62734e-05 -0
410113 5 1.3895e-05 -2.98439e-05 -0
410113 5 2.15443e-05 -1.92477e-05 -0
410113 5 3.34048e-05 -1.24138e-05 -0
410113 5 5.17947e-05 -8.00621e-06 -0
410113 5 8.03086e-05 -5.16358e-06 -0
410113 5 0.00012452 -3.33024e-06 -0
410113 5 0.00019307 -2.14782e-06 -0
410113 5 0.000299358 -1.38523e-06 -0
410113 5 0.000464159 -8.93402e-07 -0
410113 5 0.000719686 -5.76197e-07 -0
410113 5 0.00111588 -3.71617e-07 -0
410113 5 0.0017302 -2.39674e-07 -0
410113 5 0.0026827 -1.54577e-07 -0
410113 5 0.00415956 -9.96948e-08 -0
410113 5 0.00644947 -6.42984e-08 -0
410113 5 0.01 -4.14695e-08 -0
410113 5 0.0155052 -2.6746e-08 -0
410113 5 0.024041 -1.72501e-08 -0
410113 5 0.0372759 -1.11256e-08 -0
410113 5 0.0577969 -7.17536e-09 -0
410113 5 0.0896151 -4.62746e-09 -0
410113 5 0.13895 -2.98402e-09 -0
410113 5 0.215443 -1.92415e-09 -0
410113 5 0.334048 -1.24116e-09 -0
410113 5 0.517947 -8.0173e-10 -0
410113 5 0.803086 -5.18643e-10 -0
410113 5 1.2452 -3.34249e-10 -0
410113 5 1.9307 -2.14712e-10 -0
410113 5 2.99358 -1.39208e-10 -0
410113 5 4.64159 -9.03997e-11 -0
410113 5 7.19686 -5.78549e-11 -0
410113 5 11.1588 -3.77252e-11 -0
410113 5 17.302 -2.42726e-11 -0
410113 5 26.827 -1.55311e-11 -0
410113 5 41.5956 -1.00615e-11 -0
410113 5 64.4947 -6.49965e-12 -0
410113 5 100 -4.17961e-12 -0
410113 5 155.052 -2.73178e-12 -0
410113 5 240.41 -1.78748e-12 -0
410113 5 372.759 -1.13237e-12 -0
410113 5 577.969 -7.41006e-13 -0
410113 5 896.151 -5.09061e-13 -0
410113 5 1389.5 -3.24721e-13 -0
410113 5 2154.43 -1.95967e-13 -0
410113 5 3340.48 -1.23222e-13 -0
410113 5 5179.47 -8.78816e-14 -0
410113 5 8030.86 -6.75154e-14 -0
410113 5 12452 -4.19636e-14 -0
410113 5 19307 -2.13762e-14 -0
410113 5 29935.8 -1.01031e-14 -0
410113 5 46415.9 -4.44154e-15 -0
410113 5 71968.6 -2.02639e-15 -0
410113 5 111588 -5.22912e-16 -0
410113 5 173020 1.0554e-15 -0
410113 5 268270 9.83101e-16 -0
410113 5 415956 7.24505e-16 -0
410113 5 644947 4.59554e-16 -0
410113 5 1e+06 2.15605e-16 -0

1e+06 5 1e-06 -8.57281e-05 -0
1e+06 5 1.55052e-06 -5.529e-05 -0
1e+06 5 2.4041e-06 -3.56591e-05 -0
1e+06 5 3.72759e-06 -2.29982e-05 -0
1e+06 5 5.77969e-06 -1.48326e-05 -0
1e+06 5 8.96151e-06 -9.56626e-06 -0
1e+06 5 1.3895e-05 -6.16973e-06 -0
1e+06 5 2.15443e-05 -3.97914e-06 -0
1e+06 5 3.34048e-05 -2.56634e-06 -0
1e+06 5 5.17947e-05 -1.65515e-06 -0
1e+06 5 8.03086e-05 -1.06748e-06 -0
1e+06 5 0.00012452 -6.8847e-07 -0
1e+06 5 0.00019307 -4.44027e-07 -0
1e+06 5 0.000299358 -2.86374e-07 -0
1e+06 5 0.000464159 -1.84696e-07 -0
1e+06 5 0.000719686 -1.19119e-07 -0
1e+06 5 0.00111588 -7.68255e-08 -0
1e+06 5 0.0017302 -4.95485e-08 -0
1e+06 5 0.0026827 -3.19562e-08 -0
1e+06 5 0.00415956 -2.06102e-08 -0
1e+06 5 0.00644947 -1.32925e-08 -0
1e+06 5 0.01 -8.57307e-09 -0
1e+06 5 0.0155052 -5.52924e-09 -0
1e+06 5 0.024041 -3.56612e-09 -0
1e+06 5 0.0372759 -2.29999e-09 -0
1e+06 5 0.0577969 -1.48336e-09 -0
1e+06 5 0.0896151 -9.56648e-10 -0
1e+06 5 0.13895 -6.16913e-10 -0
1e+06 5 0.215443 -3.97811e-10 -0
1e+06 5 0.334048 -2.56599e-10 -0
1e+06 5 0.517947 -1.65704e-10 -0
1e+06 5 0.803086 -1.07136e-10 -0
1e+06 5 1.2452 -6.90561e-11 -0
1e+06 5 1.9307 -4.43933e-11 -0
1e+06 5 2.99358 -2.87554e-11 -0
1e+06 5 4.64159 -1.86509e-11 -0
1e+06 5 7.19686 -1.19544e-11 -0
1e+06 5 11.1588 -7.78039e-12 -0
1e+06 5 17.302 -5.00923e-12 -0
1e+06 5 26.827 -3.21101e-12 -0
1e+06 5 41.5956 -2.07957e-12 -0
1e+06 5 64.4947 -1.34407e-12 -0
1e+06 5 100 -8.6586e-13 -0
1e+06 5 155.052 -5.65622e-13 -0
1e+06 5 240.41 -3.70215e-13 -0
1e+06 5 372.759 -2.36401e-13 -0
1e+06 5 577.969 -1.55369e-13 -0
1e+06 5 896.151 -1.06594e-13 -0
1e+06 5 1389.5 -6.92399e-14 -0
1e+06 5 2154.43 -4.34239e-14 -0
1e+06 5 3340.48 -2.84975e-14 -0
1e+06 5 5179.47 -2.08998e-14 -0
1e+06 5 8030.86 -1.64823e-14 -0
1e+06 5 12452 -1.13681e-14 -0
1e+06 5 19307 -7.14367e-15 -0
1e+06 5 29935.8 -4.59292e-15 -0
1e+06 5 46415.9 -3.07113e-15 -0
1e+06 5 71968.6 -2.18905e-15 -0
1e+06 5 111588 -1.36709e-15 -0
1e+06 5 173020 -3.81561e-16 -0
1e+06 5 268270 -9.55754e-17 -0
1e+06 5 415956 6.16183e-17 -0
1e+06 5 644947 1.09444e-16 -0
1e+06 5 1e+06 9.51382e-17 -0

