#q_sq i k_sq Re(fg) Im(fg)
1e-06 4 1e-06 9402.58 -0
1e-06 4 1.41873e-06 9402.58 -0
1e-06 4 2.01279e-06 9402.58 -0
1e-06 4 2.85559e-06 9402.58 -0
1e-06 4 4.0513e-06 9402.58 -0
1e-06 4 5.74769e-06 9402.58 -0
1e-06 4 8.15441e-06 9402.59 -0
1e-06 4 1.15689e-05 9402.59 -0
1e-06 4 1.64131e-05 9402.6 -0
1e-06 4 2.32857e-05 9402.61 -0
1e-06 4 3.3036e-05 9402.62 -0
1e-06 4 4.6869e-05 9402.64 -0
1e-06 4 6.64944e-05 9402.67 -0
1e-06 4 9.43373e-05 9402.71 -0
1e-06 4 0.000133839 9402.77 -0
1e-06 4 0.000189881 9402.85 -0
1e-06 4 0.000269389 9402.97 -0
1e-06 4 0.000382189 9403.13 -0
1e-06 4 0.000542222 9403.36 -0
1e-06 4 0.000769265 9403.68 -0
1e-06 4 0.00109138 9404.13 -0
1e-06 4 0.00154837 9404.74 -0
1e-06 4 0.00219671 9405.56 -0
1e-06 4 0.00311653 9406.66 -0
1e-06 4 0.0044215 9408.04 -0
1e-06 4 0.0062729 9409.69 -0
1e-06 4 0.00889953 9411.38 -0
1e-06 4 0.012626 9412.53 -0
1e-06 4 0.0179128 9411.69 -0
1e-06 4 0.0254134 9405.73 -0
1e-06 4 0.0360547 9388.22 -0
1e-06 4 0.0511518 9346.6 -0
1e-06 4 0.0725704 9257.61 -0
1e-06 4 0.102958 9080.81 -0
1e-06 4 0.146069 8751.76 -0
1e-06 4 0.207231 8180.76 -0
1e-06 4 0.294005 7269.68 -0
1e-06 4 0.417112 5963.79 -0
1e-06 4 0.591769 4338.34 -0
1e-06 4 0.839558 2661.54 -0
1e-06 4 1.1911 1310.2 -0
1e-06 4 1.68985 506.814 -0
1e-06 4 2.39743 162.398 -0
1e-06 4 3.4013 51.4171 -0
1e-06 4 4.82552 18.336 -0
1e-06 4 6.8461 7.93601 -0
1e-06 4 9.71274 3.48417 -0
1e-06 4 13.7797 1.46849 -0
1e-06 4 19.5497 0.840292 -0
1e-06 4 27.7356 0.388444 -0
1e-06 4 39.3493 0.1853 -0
1e-06 4 55.8259 0.102965 -0
1e-06 4 79.2016 0.0591613 -0
1e-06 4 112.365 0.0370996 -0
1e-06 4 159.416 0.0245016 -0
1e-06 4 226.168 0.0161706 -0
1e-06 4 320.87 0.0105857 -0
1e-06 4 455.227 0.00708304 -0
1e-06 4 645.842 0.00482332 -0
1e-06 4 916.274 0.00318722 -0
1e-06 4 1299.94 0.00211297 -0
1e-06 4 1844.26 0.00141825 -0
1e-06 4 2616.5 0.000959453 -0
1e-06 4 3712.11 0.000636387 -0
1e-06 4 5266.46 0.000419306 -0
1e-06 4 7471.67 0.00027578 -0
1e-06 4 10600.3 0.000180562 -0
1e-06 4 15038.9 0.000117262 -0
1e-06 4 21336 7.52766e-05 -0
1e-06 4 30270 4.76126e-05 -0
1e-06 4 42944.9 2.95826e-05 -0
1e-06 4 60927 1.80064e-05 -0
1e-06 4 86438.8 1.07161e-05 -0
1e-06 4 122633 6.23859e-06 -0
1e-06 4 173983 3.57005e-06 -0
1e-06 4 246834 2.00403e-06 -0
1e-06 4 350190 1.08549e-06 -0
1e-06 4 496824 5.66545e-07 -0
1e-06 4 704857 2.73921e-07 -0
1e-06 4 1e+06 1.04409e-07 -0

2.43835e-06 4 1e-06 3856.36 -0
2.43835e-06 4 1.41873e-06 3856.36 -0
2.43835e-06 4 2.01279e-06 3856.36 -0
2.43835e-06 4 2.85559e-06 3856.36 -0
2.43835e-06 4 4.0513e-06 3856.36 -0
2.43835e-06 4 5.74769e-06 3856.36 -0
2.43835e-06 4 8.15441e-06 3856.36 -0
2.43835e-06 4 1.15689e-05 3856.36 -0
2.43835e-06 4 1.64131e-05 3856.37 -0
2.43835e-06 4 2.32857e-05 3856.37 -0
2.43835e-06 4 3.3036e-05 3856.38 -0
2.43835e-06 4 4.6869e-05 3856.38 -0
2.43835e-06 4 6.64944e-05 3856.4 -0
2.43835e-06 4 9.43373e-05 3856.41 -0
2.43835e-06 4 0.000133839 3856.44 -0
2.43835e-06 4 0.000189881 3856.47 -0
2.43835e-06 4 0.000269389 3856.52 -0
2.43835e-06 4 0.000382189 3856.59 -0
2.43835e-06 4 0.000542222 3856.68 -0
2.43835e-06 4 0.000769265 3856.81 -0
2.43835e-06 4 0.00109138 3856.99 -0
2.43835e-06 4 0.00154837 3857.24 -0
2.43835e-06 4 0.00219671 3857.58 -0
2.43835e-06 4 0.00311653 3858.03 -0
2.43835e-06 4 0.0044215 3858.6 -0
2.43835e-06 4 0.0062729 3859.27 -0
2.43835e-06 4 0.00889953 3859.96 -0
2.43835e-06 4 0.012626 3860.43 -0
2.43835e-06 4 0.0179128 3860.08 -0
2.43835e-06 4 0.0254134 3857.64 -0
2.43835e-06 4 0.0360547 3850.45 -0
2.43835e-06 4 0.0511518 3833.37 -0
2.43835e-06 4 0.0725704 3796.87 -0
2.43835e-06 4 0.102958 3724.35 -0
2.43835e-06 4 0.146069 3589.39 -0
2.43835e-06 4 0.207231 3355.19 -0
2.43835e-06 4 0.294005 2981.52 -0
2.43835e-06 4 0.417112 2445.93 -0
2.43835e-06 4 0.591769 1779.28 -0
2.43835e-06 4 0.839558 1091.58 -0
2.43835e-06 4 1.1911 537.354 -0
2.43835e-06 4 1.68985 207.86 -0
2.43835e-06 4 2.39743 66.6044 -0
2.43835e-06 4 3.4013 21.0876 -0
2.43835e-06 4 4.82552 7.52005 -0
2.43835e-06 4 6.8461 3.25475 -0
2.43835e-06 4 9.71274 1.42894 -0
2.43835e-06 4 13.7797 0.602264 -0
2.43835e-06 4 19.5497 0.344622 -0
2.43835e-06 4 27.7356 0.159309 -0
2.43835e-06 4 39.3493 0.0759957 -0
2.43835e-06 4 55.8259 0.0422282 -0
2.43835e-06 4 79.2016 0.0242632 -0
2.43835e-06 4 112.365 0.0152152 -0
2.43835e-06 4 159.416 0.0100485 -0
2.43835e-06 4 226.168 0.00663179 -0
2.43835e-06 4 320.87 0.00434135 -0
2.43835e-06 4 455.227 0.00290485 -0
2.43835e-06 4 645.842 0.00197811 -0
2.43835e-06 4 916.274 0.00130712 -0
2.43835e-06 4 1299.94 0.000866558 -0
2.43835e-06 4 1844.26 0.000581644 -0
2.43835e-06 4 2616.5 0.000393484 -0
2.43835e-06 4 3712.11 0.00026099 -0
2.43835e-06 4 5266.46 0.000171963 -0
2.43835e-06 4 7471.67 0.000113101 -0
2.43835e-06 4 10600.3 7.40507e-05 -0
2.43835e-06 4 15038.9 4.80908e-05 -0
2.43835e-06 4 21336 3.08719e-05 -0
2.43835e-06 4 30270 1.95265e-05 -0
2.43835e-06 4 42944.9 1.21322e-05 -0
2.43835e-06 4 60927 7.38464e-06 -0
2.43835e-06 4 86438.8 4.39483e-06 -0
2.43835e-06 4 122633 2.55853e-06 -0
2.43835e-06 4 173983 1.46412e-06 -0
2.43835e-06 4 246834 8.21879e-07 -0
2.43835e-06 4 350190 4.45173e-07 -0
2.43835e-06 4 496824 2.32348e-07 -0
2.43835e-06 4 704857 1.12338e-07 -0
2.43835e-06 4 1e+06 4.28195e-08 -0

5.94557e-06 4 1e-06 1581.78 -0
5.94557e-06 4 1.41873e-06 1581.78 -0
5.94557e-06 4 2.01279e-06 1581.78 -0
5.94557e-06 4 2.85559e-06 1581.78 -0
5.94557e-06 4 4.0513e-06 1581.78 -0
5.94557e-06 4 5.74769e-06 1581.78 -0
5.94557e-06 4 8.15441e-06 1581.78 -0
5.94557e-06 4 1.15689e-05 1581.79 -0
5.94557e-06 4 1.64131e-05 1581.79 -0
5.94557e-06 4 2.32857e-05 1581.79 -0
5.94557e-06 4 3.3036e-05 1581.79 -0
5.94557e-06 4 4.6869e-05 1581.79 -0
5.94557e-06 4 6.64944e-05 1581.8 -0
5.94557e-06 4 9.43373e-05 1581.81 -0
5.94557e-06 4 0.000133839 1581.82 -0
5.94557e-06 4 0.000189881 1581.83 -0
5.94557e-06 4 0.000269389 1581.85 -0
5.94557e-06 4 0.000382189 1581.88 -0
5.94557e-06 4 0.000542222 1581.91 -0
5.94557e-06 4 0.000769265 1581.97 -0
5.94557e-06 4 0.00109138 1582.04 -0
5.94557e-06 4 0.00154837 1582.15 -0
5.94557e-06 4 0.00219671 1582.28 -0
5.94557e-06 4 0.00311653 1582.47 -0
5.94557e-06 4 0.0044215 1582.7 -0
5.94557e-06 4 0.0062729 1582.97 -0
5.94557e-06 4 0.00889953 1583.26 -0
5.94557e-06 4 0.012626 1583.45 -0
5.94557e-06 4 0.0179128 1583.3 -0
5.94557e-06 4 0.0254134 1582.29 -0
5.94557e-06 4 0.0360547 1579.34 -0
5.94557e-06 4 0.0511518 1572.33 -0
5.94557e-06 4 0.0725704 1557.35 -0
5.94557e-06 4 0.102958 1527.6 -0
5.94557e-06 4 0.146069 1472.23 -0
5.94557e-06 4 0.207231 1376.17 -0
5.94557e-06 4 0.294005 1222.9 -0
5.94557e-06 4 0.417112 1003.22 -0
5.94557e-06 4 0.591769 729.785 -0
5.94557e-06 4 0.839558 447.72 -0
5.94557e-06 4 1.1911 220.4 -0
5.94557e-06 4 1.68985 85.2554 -0
5.94557e-06 4 2.39743 27.3181 -0
5.94557e-06 4 3.4013 8.64909 -0
5.94557e-06 4 4.82552 3.0843 -0
5.94557e-06 4 6.8461 1.3349 -0
5.94557e-06 4 9.71274 0.586064 -0
5.94557e-06 4 13.7797 0.247013 -0
5.94557e-06 4 19.5497 0.141342 -0
5.94557e-06 4 27.7356 0.0653386 -0
5.94557e-06 4 39.3493 0.0311686 -0
5.94557e-06 4 55.8259 0.0173192 -0
5.94557e-06 4 79.2016 0.00995104 -0
5.94557e-06 4 112.365 0.00624014 -0
5.94557e-06 4 159.416 0.00412111 -0
5.94557e-06 4 226.168 0.00271983 -0
5.94557e-06 4 320.87 0.00178047 -0
5.94557e-06 4 455.227 0.00119133 -0
5.94557e-06 4 645.842 0.000811253 -0
5.94557e-06 4 916.274 0.00053607 -0
5.94557e-06 4 1299.94 0.000355388 -0
5.94557e-06 4 1844.26 0.00023854 -0
5.94557e-06 4 2616.5 0.000161373 -0
5.94557e-06 4 3712.11 0.000107036 -0
5.94557e-06 4 5266.46 7.05242e-05 -0
5.94557e-06 4 7471.67 4.63841e-05 -0
5.94557e-06 4 10600.3 3.03692e-05 -0
5.94557e-06 4 15038.9 1.97226e-05 -0
5.94557e-06 4 21336 1.2661e-05 -0
5.94557e-06 4 30270 8.00808e-06 -0
5.94557e-06 4 42944.9 4.97557e-06 -0
5.94557e-06 4 60927 3.02854e-06 -0
5.94557e-06 4 86438.8 1.80237e-06 -0
5.94557e-06 4 122633 1.04928e-06 -0
5.94557e-06 4 173983 6.00456e-07 -0
5.94557e-06 4 246834 3.37063e-07 -0
5.94557e-06 4 350190 1.82571e-07 -0
5.94557e-06 4 496824 9.52887e-08 -0
5.94557e-06 4 704857 4.60714e-08 -0
5.94557e-06 4 1e+06 1.75608e-08 -0

1.44974e-05 4 1e-06 648.95 -0
1.44974e-05 4 1.41873e-06 648.95 -0
1.44974e-05 4 2.01279e-06 648.95 -0
1.44974e-05 4 2.85559e-06 648.95 -0
1.44974e-05 4 4.0513e-06 648.95 -0
1.44974e-05 4 5.74769e-06 648.951 -0
1.44974e-05 4 8.15441e-06 648.951 -0
1.44974e-05 4 1.15689e-05 648.951 -0
1.44974e-05 4 1.64131e-05 648.952 -0
1.44974e-05 4 2.32857e-05 648.952 -0
1.44974e-05 4 3.3036e-05 648.953 -0
1.44974e-05 4 4.6869e-05 648.955 -0
1.44974e-05 4 6.64944e-05 648.957 -0
1.44974e-05 4 9.43373e-05 648.96 -0
1.44974e-05 4 0.000133839 648.964 -0
1.44974e-05 4 0.000189881 648.969 -0
1.44974e-05 4 0.000269389 648.977 -0
1.44974e-05 4 0.000382189 648.988 -0
1.44974e-05 4 0.000542222 649.004 -0
1.44974e-05 4 0.000769265 649.026 -0
1.44974e-05 4 0.00109138 649.056 -0
1.44974e-05 4 0.00154837 649.098 -0
1.44974e-05 4 0.00219671 649.154 -0
1.44974e-05 4 0.00311653 649.229 -0
1.44974e-05 4 0.0044215 649.323 -0
1.44974e-05 4 0.0062729 649.435 -0
1.44974e-05 4 0.00889953 649.55 -0
1.44974e-05 4 0.012626 649.626 -0
1.44974e-05 4 0.0179128 649.564 -0
1.44974e-05 4 0.0254134 649.147 -0
1.44974e-05 4 0.0360547 647.931 -0
1.44974e-05 4 0.0511518 645.049 -0
1.44974e-05 4 0.0725704 638.896 -0
1.44974e-05 4 0.102958 626.681 -0
1.44974e-05 4 0.146069 603.96 -0
1.44974e-05 4 0.207231 564.542 -0
1.44974e-05 4 0.294005 501.661 -0
1.44974e-05 4 0.417112 411.54 -0
1.44974e-05 4 0.591769 299.372 -0
1.44974e-05 4 0.839558 183.664 -0
1.44974e-05 4 1.1911 90.413 -0
1.44974e-05 4 1.68985 34.9737 -0
1.44974e-05 4 2.39743 11.2063 -0
1.44974e-05 4 3.4013 3.54789 -0
1.44974e-05 4 4.82552 1.26515 -0
1.44974e-05 4 6.8461 0.547546 -0
1.44974e-05 4 9.71274 0.24039 -0
1.44974e-05 4 13.7797 0.10132 -0
1.44974e-05 4 19.5497 0.0579741 -0
1.44974e-05 4 27.7356 0.0267999 -0
1.44974e-05 4 39.3493 0.0127844 -0
1.44974e-05 4 55.8259 0.00710364 -0
1.44974e-05 4 79.2016 0.00408145 -0
1.44974e-05 4 112.365 0.00255935 -0
1.44974e-05 4 159.416 0.00169021 -0
1.44974e-05 4 226.168 0.00111548 -0
1.44974e-05 4 320.87 0.000730212 -0
1.44974e-05 4 455.227 0.000488588 -0
1.44974e-05 4 645.842 0.00033271 -0
1.44974e-05 4 916.274 0.000219851 -0
1.44974e-05 4 1299.94 0.00014575 -0
1.44974e-05 4 1844.26 9.78289e-05 -0
1.44974e-05 4 2616.5 6.61814e-05 -0
1.44974e-05 4 3712.11 4.38968e-05 -0
1.44974e-05 4 5266.46 2.89229e-05 -0
1.44974e-05 4 7471.67 1.90227e-05 -0
1.44974e-05 4 10600.3 1.24548e-05 -0
1.44974e-05 4 15038.9 8.08851e-06 -0
1.44974e-05 4 21336 5.19242e-06 -0
1.44974e-05 4 30270 3.28422e-06 -0
1.44974e-05 4 42944.9 2.04055e-06 -0
1.44974e-05 4 60927 1.24204e-06 -0
1.44974e-05 4 86438.8 7.39177e-07 -0
1.44974e-05 4 122633 4.30325e-07 -0
1.44974e-05 4 173983 2.46255e-07 -0
1.44974e-05 4 246834 1.38234e-07 -0
1.44974e-05 4 350190 7.48747e-08 -0
1.44974e-05 4 496824 3.90791e-08 -0
1.44974e-05 4 704857 1.88945e-08 -0
1.44974e-05 4 1e+06 7.20191e-09 -0

3.53498e-05 4 1e-06 266.376 -0
3.53498e-05 4 1.41873e-06 266.376 -0
3.53498e-05 4 2.01279e-06 266.376 -0
3.53498e-05 4 2.85559e-06 266.376 -0
3.53498e-05 4 4.0513e-06 266.376 -0
3.53498e-05 4 5.74769e-06 266.376 -0
3.53498e-05 4 8.15441e-06 266.376 -0
3.53498e-05 4 1.15689e-05 266.376 -0
3.53498e-05 4 1.64131e-05 266.376 -0
3.53498e-05 4 2.32857e-05 266.377 -0
3.53498e-05 4 3.3036e-05 266.377 -0
3.53498e-05 4 4.6869e-05 266.378 -0
3.53498e-05 4 6.64944e-05 266.378 -0
3.53498e-05 4 9.43373e-05 266.38 -0
3.53498e-05 4 0.000133839 266.381 -0
3.53498e-05 4 0.000189881 266.383 -0
3.53498e-05 4 0.000269389 266.387 -0
3.53498e-05 4 0.000382189 266.391 -0
3.53498e-05 4 0.000542222 266.398 -0
3.53498e-05 4 0.000769265 266.406 -0
3.53498e-05 4 0.00109138 266.419 -0
3.53498e-05 4 0.00154837 266.436 -0
3.53498e-05 4 0.00219671 266.459 -0
3.53498e-05 4 0.00311653 266.489 -0
3.53498e-05 4 0.0044215 266.527 -0
3.53498e-05 4 0.0062729 266.572 -0
3.53498e-05 4 0.00889953 266.618 -0
3.53498e-05 4 0.012626 266.648 -0
3.53498e-05 4 0.0179128 266.62 -0
3.53498e-05 4 0.0254134 266.446 -0
3.53498e-05 4 0.0360547 265.943 -0
3.53498e-05 4 0.0511518 264.756 -0
3.53498e-05 4 0.0725704 262.224 -0
3.53498e-05 4 0.102958 257.204 -0
3.53498e-05 4 0.146069 247.871 -0
3.53498e-05 4 0.207231 231.687 -0
3.53498e-05 4 0.294005 205.875 -0
3.53498e-05 4 0.417112 168.888 -0
3.53498e-05 4 0.591769 122.855 -0
3.53498e-05 4 0.839558 75.3717 -0
3.53498e-05 4 1.1911 37.1038 -0
3.53498e-05 4 1.68985 14.3525 -0
3.53498e-05 4 2.39743 4.59869 -0
3.53498e-05 4 3.4013 1.45582 -0
3.53498e-05 4 4.82552 0.519087 -0
3.53498e-05 4 6.8461 0.224643 -0
3.53498e-05 4 9.71274 0.0986244 -0
3.53498e-05 4 13.7797 0.0415699 -0
3.53498e-05 4 19.5497 0.0237839 -0
3.53498e-05 4 27.7356 0.0109947 -0
3.53498e-05 4 39.3493 0.00524482 -0
3.53498e-05 4 55.8259 0.00291413 -0
3.53498e-05 4 79.2016 0.00167425 -0
3.53498e-05 4 112.365 0.00104981 -0
3.53498e-05 4 159.416 0.000693266 -0
3.53498e-05 4 226.168 0.000457515 -0
3.53498e-05 4 320.87 0.00029949 -0
3.53498e-05 4 455.227 0.000200386 -0
3.53498e-05 4 645.842 0.000136453 -0
3.53498e-05 4 916.274 9.01661e-05 -0
3.53498e-05 4 1299.94 5.9775e-05 -0
3.53498e-05 4 1844.26 4.01214e-05 -0
3.53498e-05 4 2616.5 2.71421e-05 -0
3.53498e-05 4 3712.11 1.80028e-05 -0
3.53498e-05 4 5266.46 1.18617e-05 -0
3.53498e-05 4 7471.67 7.8015e-06 -0
3.53498e-05 4 10600.3 5.10788e-06 -0
3.53498e-05 4 15038.9 3.31721e-06 -0
3.53498e-05 4 21336 2.12948e-06 -0
3.53498e-05 4 30270 1.3469e-06 -0
3.53498e-05 4 42944.9 8.36854e-07 -0
3.53498e-05 4 60927 5.09377e-07 -0
3.53498e-05 4 86438.8 3.03146e-07 -0
3.53498e-05 4 122633 1.76482e-07 -0
3.53498e-05 4 173983 1.00992e-07 -0
3.53498e-05 4 246834 5.66915e-08 -0
3.53498e-05 4 350190 3.07071e-08 -0
3.53498e-05 4 496824 1.60268e-08 -0
3.53498e-05 4 704857 7.74886e-09 -0
3.53498e-05 4 1e+06 2.9536e-09 -0

8.61954e-05 4 1e-06 109.474 -0
8.61954e-05 4 1.41873e-06 109.474 -0
8.61954e-05 4 2.01279e-06 109.474 -0
8.61954e-05 4 2.85559e-06 109.474 -0
8.61954e-05 4 4.0513e-06 109.474 -0
8.61954e-05 4 5.74769e-06 109.474 -0
8.61954e-05 4 8.15441e-06 109.474 -0
8.61954e-05 4 1.15689e-05 109.474 -0
8.61954e-05 4 1.64131e-05 109.474 -0
8.61954e-05 4 2.32857e-05 109.474 -0
8.61954e-05 4 3.3036e-05 109.474 -0
8.61954e-05 4 4.6869e-05 109.475 -0
8.61954e-05 4 6.64944e-05 109.475 -0
8.61954e-05 4 9.43373e-05 109.475 -0
8.61954e-05 4 0.000133839 109.476 -0
8.61954e-05 4 0.000189881 109.477 -0
8.61954e-05 4 0.000269389 109.478 -0
8.61954e-05 4 0.000382189 109.48 -0
8.61954e-05 4 0.000542222 109.483 -0
8.61954e-05 4 0.000769265 109.486 -0
8.61954e-05 4 0.00109138 109.491 -0
8.61954e-05 4 0.00154837 109.498 -0
8.61954e-05 4 0.00219671 109.507 -0
8.61954e-05 4 0.00311653 109.519 -0
8.61954e-05 4 0.0044215 109.534 -0
8.61954e-05 4 0.0062729 109.552 -0
8.61954e-05 4 0.00889953 109.57 -0
8.61954e-05 4 0.012626 109.581 -0
8.61954e-05 4 0.0179128 109.568 -0
8.61954e-05 4 0.0254134 109.494 -0
8.61954e-05 4 0.0360547 109.284 -0
8.61954e-05 4 0.0511518 108.792 -0
8.61954e-05 4 0.0725704 107.746 -0
8.61954e-05 4 0.102958 105.677 -0
8.61954e-05 4 0.146069 101.836 -0
8.61954e-05 4 0.207231 95.181 -0
8.61954e-05 4 0.294005 84.5721 -0
8.61954e-05 4 0.417112 69.3748 -0
8.61954e-05 4 0.591769 50.4648 -0
8.61954e-05 4 0.839558 30.96 -0
8.61954e-05 4 1.1911 15.241 -0
8.61954e-05 4 1.68985 5.89544 -0
8.61954e-05 4 2.39743 1.88881 -0
8.61954e-05 4 3.4013 0.597842 -0
8.61954e-05 4 4.82552 0.213119 -0
8.61954e-05 4 6.8461 0.0922161 -0
8.61954e-05 4 9.71274 0.0404847 -0
8.61954e-05 4 13.7797 0.0170655 -0
8.61954e-05 4 19.5497 0.00976211 -0
8.61954e-05 4 27.7356 0.00451284 -0
8.61954e-05 4 39.3493 0.00215274 -0
8.61954e-05 4 55.8259 0.00119596 -0
8.61954e-05 4 79.2016 0.00068703 -0
8.61954e-05 4 112.365 0.00043073 -0
8.61954e-05 4 159.416 0.000284408 -0
8.61954e-05 4 226.168 0.000187676 -0
8.61954e-05 4 320.87 0.000122845 -0
8.61954e-05 4 455.227 8.21908e-05 -0
8.61954e-05 4 645.842 5.5966e-05 -0
8.61954e-05 4 916.274 3.69805e-05 -0
8.61954e-05 4 1299.94 2.45156e-05 -0
8.61954e-05 4 1844.26 1.64548e-05 -0
8.61954e-05 4 2616.5 1.11316e-05 -0
8.61954e-05 4 3712.11 7.38328e-06 -0
8.61954e-05 4 5266.46 4.8647e-06 -0
8.61954e-05 4 7471.67 3.19952e-06 -0
8.61954e-05 4 10600.3 2.09482e-06 -0
8.61954e-05 4 15038.9 1.36043e-06 -0
8.61954e-05 4 21336 8.7333e-07 -0
8.61954e-05 4 30270 5.52382e-07 -0
8.61954e-05 4 42944.9 3.43205e-07 -0
8.61954e-05 4 60927 2.08902e-07 -0
8.61954e-05 4 86438.8 1.24324e-07 -0
8.61954e-05 4 122633 7.23774e-08 -0
8.61954e-05 4 173983 4.14182e-08 -0
8.61954e-05 4 246834 2.32499e-08 -0
8.61954e-05 4 350190 1.25934e-08 -0
8.61954e-05 4 496824 6.57281e-09 -0
8.61954e-05 4 704857 3.1779e-09 -0
8.61954e-05 4 1e+06 1.21131e-09 -0

0.000210175 4 1e-06 45.1278 -0
0.000210175 4 1.41873e-06 45.1278 -0
0.000210175 4 2.01279e-06 45.1278 -0
0.000210175 4 2.85559e-06 45.1278 -0
0.000210175 4 4.0513e-06 45.1278 -0
0.000210175 4 5.74769e-06 45.1278 -0
0.000210175 4 8.15441e-06 45.1278 -0
0.000210175 4 1.15689e-05 45.1279 -0
0.000210175 4 1.64131e-05 45.1279 -0
0.000210175 4 2.32857e-05 45.1279 -0
0.000210175 4 3.3036e-05 45.128 -0
0.000210175 4 4.6869e-05 45.1281 -0
0.000210175 4 6.64944e-05 45.1282 -0
0.000210175 4 9.43373e-05 45.1284 -0
0.000210175 4 0.000133839 45.1287 -0
0.000210175 4 0.000189881 45.129 -0
0.000210175 4 0.000269389 45.1295 -0
0.000210175 4 0.000382189 45.1302 -0
0.000210175 4 0.000542222 45.1312 -0
0.000210175 4 0.000769265 45.1326 -0
0.000210175 4 0.00109138 45.1345 -0
0.000210175 4 0.00154837 45.1372 -0
0.000210175 4 0.00219671 45.1407 -0
0.000210175 4 0.00311653 45.1454 -0
0.000210175 4 0.0044215 45.1512 -0
0.000210175 4 0.0062729 45.158 -0
0.000210175 4 0.00889953 45.1645 -0
0.000210175 4 0.012626 45.1677 -0
0.000210175 4 0.0179128 45.1607 -0
0.000210175 4 0.0254134 45.128 -0
0.000210175 4 0.0360547 45.0385 -0
0.000210175 4 0.0511518 44.8319 -0
0.000210175 4 0.0725704 44.3964 -0
0.000210175 4 0.102958 43.5385 -0
0.000210175 4 0.146069 41.95 -0
0.000210175 4 0.207231 39.2026 -0
0.000210175 4 0.294005 34.8282 -0
0.000210175 4 0.417112 28.5664 -0
0.000210175 4 0.591769 20.7782 -0
0.000210175 4 0.839558 12.747 -0
0.000210175 4 1.1911 6.27499 -0
0.000210175 4 1.68985 2.4271 -0
0.000210175 4 2.39743 0.777448 -0
0.000210175 4 3.4013 0.245974 -0
0.000210175 4 4.82552 0.0876382 -0
0.000210175 4 6.8461 0.0379065 -0
0.000210175 4 9.71274 0.016641 -0
0.000210175 4 13.7797 0.00701598 -0
0.000210175 4 19.5497 0.00401161 -0
0.000210175 4 27.7356 0.00185454 -0
0.000210175 4 39.3493 0.000884646 -0
0.000210175 4 55.8259 0.000491322 -0
0.000210175 4 79.2016 0.00028216 -0
0.000210175 4 112.365 0.000176838 -0
0.000210175 4 159.416 0.00011673 -0
0.000210175 4 226.168 7.70115e-05 -0
0.000210175 4 320.87 5.04011e-05 -0
0.000210175 4 455.227 3.37174e-05 -0
0.000210175 4 645.842 2.29571e-05 -0
0.000210175 4 916.274 1.51685e-05 -0
0.000210175 4 1299.94 1.00553e-05 -0
0.000210175 4 1844.26 6.74886e-06 -0
0.000210175 4 2616.5 4.56545e-06 -0
0.000210175 4 3712.11 3.0281e-06 -0
0.000210175 4 5266.46 1.99513e-06 -0
0.000210175 4 7471.67 1.31219e-06 -0
0.000210175 4 10600.3 8.59125e-07 -0
0.000210175 4 15038.9 5.57938e-07 -0
0.000210175 4 21336 3.58167e-07 -0
0.000210175 4 30270 2.2654e-07 -0
0.000210175 4 42944.9 1.40753e-07 -0
0.000210175 4 60927 8.56737e-08 -0
0.000210175 4 86438.8 5.0987e-08 -0
0.000210175 4 122633 2.96829e-08 -0
0.000210175 4 173983 1.69861e-08 -0
0.000210175 4 246834 9.53508e-09 -0
0.000210175 4 350190 5.1647e-09 -0
0.000210175 4 496824 2.69559e-09 -0
0.000210175 4 704857 1.3033e-09 -0
0.000210175 4 1e+06 4.96772e-10 -0

0.000512481 4 1e-06 18.7449 -0
0.000512481 4 1.41873e-06 18.7449 -0
0.000512481 4 2.01279e-06 18.7449 -0
0.000512481 4 2.85559e-06 18.7449 -0
0.000512481 4 4.0513e-06 18.7449 -0
0.000512481 4 5.74769e-06 18.7449 -0
0.000512481 4 8.15441e-06 18.7449 -0
0.000512481 4 1.15689e-05 18.7449 -0
0.000512481 4 1.64131e-05 18.7449 -0
0.000512481 4 2.32857e-05 18.7449 -0
0.000512481 4 3.3036e-05 18.745 -0
0.000512481 4 4.6869e-05 18.745 -0
0.000512481 4 6.64944e-05 18.745 -0
0.000512481 4 9.43373e-05 18.7451 -0
0.000512481 4 0.000133839 18.7452 -0
0.000512481 4 0.000189881 18.7453 -0
0.000512481 4 0.000269389 18.7455 -0
0.000512481 4 0.000382189 18.7458 -0
0.000512481 4 0.000542222 18.7461 -0
0.000512481 4 0.000769265 18.7466 -0
0.000512481 4 0.00109138 18.7473 -0
0.000512481 4 0.00154837 18.7482 -0
0.000512481 4 0.00219671 18.7494 -0
0.000512481 4 0.00311653 18.751 -0
0.000512481 4 0.0044215 18.753 -0
0.000512481 4 0.0062729 18.7551 -0
0.000512481 4 0.00889953 18.7569 -0
0.000512481 4 0.012626 18.757 -0
0.000512481 4 0.0179128 18.7523 -0
0.000512481 4 0.0254134 18.7363 -0
0.000512481 4 0.0360547 18.6961 -0
0.000512481 4 0.0511518 18.6063 -0
0.000512481 4 0.0725704 18.4207 -0
0.000512481 4 0.102958 18.059 -0
0.000512481 4 0.146069 17.394 -0
0.000512481 4 0.207231 16.2489 -0
0.000512481 4 0.294005 14.4309 -0
0.000512481 4 0.417112 11.833 -0
0.000512481 4 0.591769 8.60519 -0
0.000512481 4 0.839558 5.27841 -0
0.000512481 4 1.1911 2.59814 -0
0.000512481 4 1.68985 1.00472 -0
0.000512481 4 2.39743 0.321664 -0
0.000512481 4 3.4013 0.101669 -0
0.000512481 4 4.82552 0.0361778 -0
0.000512481 4 6.8461 0.0156338 -0
0.000512481 4 9.71274 0.00686254 -0
0.000512481 4 13.7797 0.00289464 -0
0.000512481 4 19.5497 0.0016533 -0
0.000512481 4 27.7356 0.000764364 -0
0.000512481 4 39.3493 0.000364595 -0
0.000512481 4 55.8259 0.000202346 -0
0.000512481 4 79.2016 0.00011612 -0
0.000512481 4 112.365 7.27152e-05 -0
0.000512481 4 159.416 4.79637e-05 -0
0.000512481 4 226.168 3.1627e-05 -0
0.000512481 4 320.87 2.0691e-05 -0
0.000512481 4 455.227 1.38379e-05 -0
0.000512481 4 645.842 9.41979e-06 -0
0.000512481 4 916.274 6.22308e-06 -0
0.000512481 4 1299.94 4.12489e-06 -0
0.000512481 4 1844.26 2.76832e-06 -0
0.000512481 4 2616.5 1.8726e-06 -0
0.000512481 4 3712.11 1.24198e-06 -0
0.000512481 4 5266.46 8.18288e-07 -0
0.000512481 4 7471.67 5.38174e-07 -0
0.000512481 4 10600.3 3.52351e-07 -0
0.000512481 4 15038.9 2.28824e-07 -0
0.000512481 4 21336 1.46891e-07 -0
0.000512481 4 30270 9.29083e-08 -0
0.000512481 4 42944.9 5.77253e-08 -0
0.000512481 4 60927 3.51361e-08 -0
0.000512481 4 86438.8 2.09105e-08 -0
0.000512481 4 122633 1.21734e-08 -0
0.000512481 4 173983 6.96625e-09 -0
0.000512481 4 246834 3.91046e-09 -0
0.000512481 4 350190 2.11811e-09 -0
0.000512481 4 496824 1.1055e-09 -0
0.000512481 4 704857 5.345e-10 -0
0.000512481 4 1e+06 2.03733e-10 -0

0.00124961 4 1e-06 7.92391 -0
0.00124961 4 1.41873e-06 7.92391 -0
0.00124961 4 2.01279e-06 7.92391 -0
0.00124961 4 2.85559e-06 7.92391 -0
0.00124961 4 4.0513e-06 7.92391 -0
0.00124961 4 5.74769e-06 7.92391 -0
0.00124961 4 8.15441e-06 7.92391 -0
0.00124961 4 1.15689e-05 7.92392 -0
0.00124961 4 1.64131e-05 7.92392 -0
0.00124961 4 2.32857e-05 7.92392 -0
0.00124961 4 3.3036e-05 7.92393 -0
0.00124961 4 4.6869e-05 7.92394 -0
0.00124961 4 6.64944e-05 7.92395 -0
0.00124961 4 9.43373e-05 7.92397 -0
0.00124961 4 0.000133839 7.924 -0
0.00124961 4 0.000189881 7.92403 -0
0.00124961 4 0.000269389 7.92408 -0
0.00124961 4 0.000382189 7.92415 -0
0.00124961 4 0.000542222 7.92425 -0
0.00124961 4 0.000769265 7.92438 -0
0.00124961 4 0.00109138 7.92457 -0
0.00124961 4 0.00154837 7.92481 -0
0.00124961 4 0.00219671 7.92512 -0
0.00124961 4 0.00311653 7.9255 -0
0.00124961 4 0.0044215 7.92591 -0
0.00124961 4 0.0062729 7.92624 -0
0.00124961 4 0.00889953 7.92619 -0
0.00124961 4 0.012626 7.9251 -0
0.00124961 4 0.0179128 7.92159 -0
0.00124961 4 0.0254134 7.91279 -0
0.00124961 4 0.0360547 7.89305 -0
0.00124961 4 0.0511518 7.85163 -0
0.00124961 4 0.0725704 7.76894 -0
0.00124961 4 0.102958 7.61131 -0
0.00124961 4 0.146069 7.32549 -0
0.00124961 4 0.207231 6.8378 -0
0.00124961 4 0.294005 6.06808 -0
0.00124961 4 0.417112 4.97239 -0
0.00124961 4 0.591769 3.61418 -0
0.00124961 4 0.839558 2.21612 -0
0.00124961 4 1.1911 1.09045 -0
0.00124961 4 1.68985 0.421435 -0
0.00124961 4 2.39743 0.134749 -0
0.00124961 4 3.4013 0.0424888 -0
0.00124961 4 4.82552 0.0150739 -0
0.00124961 4 6.8461 0.00649985 -0
0.00124961 4 9.71274 0.00285245 -0
0.00124961 4 13.7797 0.0012045 -0
0.00124961 4 19.5497 0.000686168 -0
0.00124961 4 27.7356 0.000317287 -0
0.00124961 4 39.3493 0.000151326 -0
0.00124961 4 55.8259 8.38383e-05 -0
0.00124961 4 79.2016 4.8028e-05 -0
0.00124961 4 112.365 3.00145e-05 -0
0.00124961 4 159.416 1.97626e-05 -0
0.00124961 4 226.168 1.30146e-05 -0
0.00124961 4 320.87 8.50665e-06 -0
0.00124961 4 455.227 5.68517e-06 -0
0.00124961 4 645.842 3.868e-06 -0
0.00124961 4 916.274 2.55448e-06 -0
0.00124961 4 1299.94 1.69278e-06 -0
0.00124961 4 1844.26 1.13586e-06 -0
0.00124961 4 2616.5 7.68235e-07 -0
0.00124961 4 3712.11 5.09477e-07 -0
0.00124961 4 5266.46 3.35649e-07 -0
0.00124961 4 7471.67 2.2074e-07 -0
0.00124961 4 10600.3 1.44517e-07 -0
0.00124961 4 15038.9 9.38497e-08 -0
0.00124961 4 21336 6.02449e-08 -0
0.00124961 4 30270 3.81042e-08 -0
0.00124961 4 42944.9 2.36744e-08 -0
0.00124961 4 60927 1.441e-08 -0
0.00124961 4 86438.8 8.57576e-09 -0
0.00124961 4 122633 4.9925e-09 -0
0.00124961 4 173983 2.85696e-09 -0
0.00124961 4 246834 1.60374e-09 -0
0.00124961 4 350190 8.68666e-10 -0
0.00124961 4 496824 4.53379e-10 -0
0.00124961 4 704857 2.19205e-10 -0
0.00124961 4 1e+06 8.35535e-11 -0

0.00304699 4 1e-06 3.4944 -0
0.00304699 4 1.41873e-06 3.4944 -0
0.00304699 4 2.01279e-06 3.4944 -0
0.00304699 4 2.85559e-06 3.4944 -0
0.00304699 4 4.0513e-06 3.4944 -0
0.00304699 4 5.74769e-06 3.4944 -0
0.00304699 4 8.15441e-06 3.4944 -0
0.00304699 4 1.15689e-05 3.4944 -0
0.00304699 4 1.64131e-05 3.4944 -0
0.00304699 4 2.32857e-05 3.4944 -0
0.00304699 4 3.3036e-05 3.4944 -0
0.00304699 4 4.6869e-05 3.4944 -0
0.00304699 4 6.64944e-05 3.49439 -0
0.00304699 4 9.43373e-05 3.49439 -0
0.00304699 4 0.000133839 3.49439 -0
0.00304699 4 0.000189881 3.49438 -0
0.00304699 4 0.000269389 3.49438 -0
0.00304699 4 0.000382189 3.49437 -0
0.00304699 4 0.000542222 3.49436 -0
0.00304699 4 0.000769265 3.49434 -0
0.00304699 4 0.00109138 3.4943 -0
0.00304699 4 0.00154837 3.49425 -0
0.00304699 4 0.00219671 3.49416 -0
0.00304699 4 0.00311653 3.49401 -0
0.00304699 4 0.0044215 3.49374 -0
0.00304699 4 0.0062729 3.49325 -0
0.00304699 4 0.00889953 3.49235 -0
0.00304699 4 0.012626 3.49066 -0
0.00304699 4 0.0179128 3.48745 -0
0.00304699 4 0.0254134 3.48133 -0
0.00304699 4 0.0360547 3.46968 -0
0.00304699 4 0.0511518 3.44767 -0
0.00304699 4 0.0725704 3.40666 -0
0.00304699 4 0.102958 3.33205 -0
0.00304699 4 0.146069 3.201 -0
0.00304699 4 0.207231 2.98212 -0
0.00304699 4 0.294005 2.64152 -0
0.00304699 4 0.417112 2.16107 -0
0.00304699 4 0.591769 1.56878 -0
0.00304699 4 0.839558 0.96097 -0
0.00304699 4 1.1911 0.472363 -0
0.00304699 4 1.68985 0.182264 -0
0.00304699 4 2.39743 0.0581036 -0
0.00304699 4 3.4013 0.0182261 -0
0.00304699 4 4.82552 0.00642305 -0
0.00304699 4 6.8461 0.00275594 -0
0.00304699 4 9.71274 0.00120889 -0
0.00304699 4 13.7797 0.000511872 -0
0.00304699 4 19.5497 0.000289778 -0
0.00304699 4 27.7356 0.000134054 -0
0.00304699 4 39.3493 6.39185e-05 -0
0.00304699 4 55.8259 3.52636e-05 -0
0.00304699 4 79.2016 2.0115e-05 -0
0.00304699 4 112.365 1.25082e-05 -0
0.00304699 4 159.416 8.19964e-06 -0
0.00304699 4 226.168 5.38266e-06 -0
0.00304699 4 320.87 3.51029e-06 -0
0.00304699 4 455.227 2.3419e-06 -0
0.00304699 4 645.842 1.59127e-06 -0
0.00304699 4 916.274 1.05e-06 -0
0.00304699 4 1299.94 6.95373e-07 -0
0.00304699 4 1844.26 4.66379e-07 -0
0.00304699 4 2616.5 3.15326e-07 -0
0.00304699 4 3712.11 2.09069e-07 -0
0.00304699 4 5266.46 1.37715e-07 -0
0.00304699 4 7471.67 9.05572e-08 -0
0.00304699 4 10600.3 5.92819e-08 -0
0.00304699 4 15038.9 3.84953e-08 -0
0.00304699 4 21336 2.47101e-08 -0
0.00304699 4 30270 1.56283e-08 -0
0.00304699 4 42944.9 9.70975e-09 -0
0.00304699 4 60927 5.90996e-09 -0
0.00304699 4 86438.8 3.51712e-09 -0
0.00304699 4 122633 2.04753e-09 -0
0.00304699 4 173983 1.17169e-09 -0
0.00304699 4 246834 6.57718e-10 -0
0.00304699 4 350190 3.56253e-10 -0
0.00304699 4 496824 1.85937e-10 -0
0.00304699 4 704857 8.98992e-11 -0
0.00304699 4 1e+06 3.42664e-11 -0

0.00742964 4 1e-06 1.6794 -0
0.00742964 4 1.41873e-06 1.6794 -0
0.00742964 4 2.01279e-06 1.6794 -0
0.00742964 4 2.85559e-06 1.6794 -0
0.00742964 4 4.0513e-06 1.6794 -0
0.00742964 4 5.74769e-06 1.6794 -0
0.00742964 4 8.15441e-06 1.6794 -0
0.00742964 4 1.15689e-05 1.6794 -0
0.00742964 4 1.64131e-05 1.6794 -0
0.00742964 4 2.32857e-05 1.67939 -0
0.00742964 4 3.3036e-05 1.67939 -0
0.00742964 4 4.6869e-05 1.67938 -0
0.00742964 4 6.64944e-05 1.67938 -0
0.00742964 4 9.43373e-05 1.67937 -0
0.00742964 4 0.000133839 1.67935 -0
0.00742964 4 0.000189881 1.67934 -0
0.00742964 4 0.000269389 1.67931 -0
0.00742964 4 0.000382189 1.67927 -0
0.00742964 4 0.000542222 1.67921 -0
0.00742964 4 0.000769265 1.67913 -0
0.00742964 4 0.00109138 1.67902 -0
0.00742964 4 0.00154837 1.67885 -0
0.00742964 4 0.00219671 1.67861 -0
0.00742964 4 0.00311653 1.67825 -0
0.00742964 4 0.0044215 1.67773 -0
0.00742964 4 0.0062729 1.67694 -0
0.00742964 4 0.00889953 1.67573 -0
0.00742964 4 0.012626 1.67385 -0
0.00742964 4 0.0179128 1.67085 -0
0.00742964 4 0.0254134 1.66595 -0
0.00742964 4 0.0360547 1.65776 -0
0.00742964 4 0.0511518 1.6439 -0
0.00742964 4 0.0725704 1.62022 -0
0.00742964 4 0.102958 1.57993 -0
0.00742964 4 0.146069 1.51262 -0
0.00742964 4 0.207231 1.4042 -0
0.00742964 4 0.294005 1.23971 -0
0.00742964 4 0.417112 1.01149 -0
0.00742964 4 0.591769 0.732909 -0
0.00742964 4 0.839558 0.4484 -0
0.00742964 4 1.1911 0.219997 -0
0.00742964 4 1.68985 0.0844404 -0
0.00742964 4 2.39743 0.0266532 -0
0.00742964 4 3.4013 0.00827984 -0
0.00742964 4 4.82552 0.00289364 -0
0.00742964 4 6.8461 0.0012313 -0
0.00742964 4 9.71274 0.000540382 -0
0.00742964 4 13.7797 0.000230652 -0
0.00742964 4 19.5497 0.000128574 -0
0.00742964 4 27.7356 5.95795e-05 -0
0.00742964 4 39.3493 2.83933e-05 -0
0.00742964 4 55.8259 1.54947e-05 -0
0.00742964 4 79.2016 8.73935e-06 -0
0.00742964 4 112.365 5.36241e-06 -0
0.00742964 4 159.416 3.47339e-06 -0
0.00742964 4 226.168 2.26018e-06 -0
0.00742964 4 320.87 1.46474e-06 -0
0.00742964 4 455.227 9.72447e-07 -0
0.00742964 4 645.842 6.58342e-07 -0
0.00742964 4 916.274 4.33368e-07 -0
0.00742964 4 1299.94 2.86499e-07 -0
0.00742964 4 1844.26 1.919e-07 -0
0.00742964 4 2616.5 1.29622e-07 -0
0.00742964 4 3712.11 8.58871e-08 -0
0.00742964 4 5266.46 5.65478e-08 -0
0.00742964 4 7471.67 3.71717e-08 -0
0.00742964 4 10600.3 2.43278e-08 -0
0.00742964 4 15038.9 1.57947e-08 -0
0.00742964 4 21336 1.01373e-08 -0
0.00742964 4 30270 6.41085e-09 -0
0.00742964 4 42944.9 3.98274e-09 -0
0.00742964 4 60927 2.42402e-09 -0
0.00742964 4 86438.8 1.44253e-09 -0
0.00742964 4 122633 8.3976e-10 -0
0.00742964 4 173983 4.80542e-10 -0
0.00742964 4 246834 2.69745e-10 -0
0.00742964 4 350190 1.46106e-10 -0
0.00742964 4 496824 7.62561e-11 -0
0.00742964 4 704857 3.68691e-11 -0
0.00742964 4 1e+06 1.40532e-11 -0

0.0181161 4 1e-06 0.930161 -0
0.0181161 4 1.41873e-06 0.930161 -0
0.0181161 4 2.01279e-06 0.93016 -0
0.0181161 4 2.85559e-06 0.93016 -0
0.0181161 4 4.0513e-06 0.930159 -0
0.0181161 4 5.74769e-06 0.930159 -0
0.0181161 4 8.15441e-06 0.930157 -0
0.0181161 4 1.15689e-05 0.930156 -0
0.0181161 4 1.64131e-05 0.930154 -0
0.0181161 4 2.32857e-05 0.930151 -0
0.0181161 4 3.3036e-05 0.930146 -0
0.0181161 4 4.6869e-05 0.93014 -0
0.0181161 4 6.64944e-05 0.930131 -0
0.0181161 4 9.43373e-05 0.930119 -0
0.0181161 4 0.000133839 0.930101 -0
0.0181161 4 0.000189881 0.930076 -0
0.0181161 4 0.000269389 0.93004 -0
0.0181161 4 0.000382189 0.92999 -0
0.0181161 4 0.000542222 0.929918 -0
0.0181161 4 0.000769265 0.929815 -0
0.0181161 4 0.00109138 0.929669 -0
0.0181161 4 0.00154837 0.929461 -0
0.0181161 4 0.00219671 0.929163 -0
0.0181161 4 0.00311653 0.928736 -0
0.0181161 4 0.0044215 0.928121 -0
0.0181161 4 0.0062729 0.927231 -0
0.0181161 4 0.00889953 0.925931 -0
0.0181161 4 0.012626 0.924015 -0
0.0181161 4 0.0179128 0.921157 -0
0.0181161 4 0.0254134 0.916834 -0
0.0181161 4 0.0360547 0.910194 -0
0.0181161 4 0.0511518 0.899839 -0
0.0181161 4 0.0725704 0.883507 -0
0.0181161 4 0.102958 0.857629 -0
0.0181161 4 0.146069 0.816922 -0
0.0181161 4 0.207231 0.754427 -0
0.0181161 4 0.294005 0.662941 -0
0.0181161 4 0.417112 0.539097 -0
0.0181161 4 0.591769 0.390152 -0
0.0181161 4 0.839558 0.239063 -0
0.0181161 4 1.1911 0.117732 -0
0.0181161 4 1.68985 0.045232 -0
0.0181161 4 2.39743 0.0140539 -0
0.0181161 4 3.4013 0.0042155 -0
0.0181161 4 4.82552 0.00144421 -0
0.0181161 4 6.8461 0.000609673 -0
0.0181161 4 9.71274 0.000268597 -0
0.0181161 4 13.7797 0.000116513 -0
0.0181161 4 19.5497 6.30234e-05 -0
0.0181161 4 27.7356 2.93099e-05 -0
0.0181161 4 39.3493 1.39529e-05 -0
0.0181161 4 55.8259 7.4473e-06 -0
0.0181161 4 79.2016 4.102e-06 -0
0.0181161 4 112.365 2.44486e-06 -0
0.0181161 4 159.416 1.54117e-06 -0
0.0181161 4 226.168 9.82456e-07 -0
0.0181161 4 320.87 6.27178e-07 -0
0.0181161 4 455.227 4.11445e-07 -0
0.0181161 4 645.842 2.76032e-07 -0
0.0181161 4 916.274 1.80619e-07 -0
0.0181161 4 1299.94 1.18881e-07 -0
0.0181161 4 1844.26 7.93636e-08 -0
0.0181161 4 2616.5 5.34775e-08 -0
0.0181161 4 3712.11 3.53755e-08 -0
0.0181161 4 5266.46 2.32637e-08 -0
0.0181161 4 7471.67 1.52791e-08 -0
0.0181161 4 10600.3 9.99347e-09 -0
0.0181161 4 15038.9 6.4852e-09 -0
0.0181161 4 21336 4.1609e-09 -0
0.0181161 4 30270 2.63073e-09 -0
0.0181161 4 42944.9 1.63405e-09 -0
0.0181161 4 60927 9.94406e-10 -0
0.0181161 4 86438.8 5.91714e-10 -0
0.0181161 4 122633 3.44441e-10 -0
0.0181161 4 173983 1.97094e-10 -0
0.0181161 4 246834 1.10632e-10 -0
0.0181161 4 350190 5.99223e-11 -0
0.0181161 4 496824 3.12744e-11 -0
0.0181161 4 704857 1.51208e-11 -0
0.0181161 4 1e+06 5.7635e-12 -0

0.0441734 4 1e-06 0.620796 -0
0.0441734 4 1.41873e-06 0.620796 -0
0.0441734 4 2.01279e-06 0.620795 -0
0.0441734 4 2.85559e-06 0.620795 -0
0.0441734 4 4.0513e-06 0.620794 -0
0.0441734 4 5.74769e-06 0.620794 -0
0.0441734 4 8.15441e-06 0.620792 -0
0.0441734 4 1.15689e-05 0.620791 -0
0.0441734 4 1.64131e-05 0.620788 -0
0.0441734 4 2.32857e-05 0.620785 -0
0.0441734 4 3.3036e-05 0.62078 -0
0.0441734 4 4.6869e-05 0.620773 -0
0.0441734 4 6.64944e-05 0.620764 -0
0.0441734 4 9.43373e-05 0.62075 -0
0.0441734 4 0.000133839 0.62073 -0
0.0441734 4 0.000189881 0.620703 -0
0.0441734 4 0.000269389 0.620664 -0
0.0441734 4 0.000382189 0.620608 -0
0.0441734 4 0.000542222 0.620529 -0
0.0441734 4 0.000769265 0.620417 -0
0.0441734 4 0.00109138 0.620258 -0
0.0441734 4 0.00154837 0.620031 -0
0.0441734 4 0.00219671 0.619709 -0
0.0441734 4 0.00311653 0.61925 -0
0.0441734 4 0.0044215 0.618595 -0
0.0441734 4 0.0062729 0.617657 -0
0.0441734 4 0.00889953 0.616311 -0
0.0441734 4 0.012626 0.614372 -0
0.0441734 4 0.0179128 0.611561 -0
0.0441734 4 0.0254134 0.607459 -0
0.0441734 4 0.0360547 0.601428 -0
0.0441734 4 0.0511518 0.592484 -0
0.0441734 4 0.0725704 0.579129 -0
0.0441734 4 0.102958 0.559122 -0
0.0441734 4 0.146069 0.529292 -0
0.0441734 4 0.207231 0.485623 -0
0.0441734 4 0.294005 0.42413 -0
0.0441734 4 0.417112 0.343246 -0
0.0441734 4 0.591769 0.247777 -0
0.0441734 4 0.839558 0.151901 -0
0.0441734 4 1.1911 0.0751392 -0
0.0441734 4 1.68985 0.029111 -0
0.0441734 4 2.39743 0.0090713 -0
0.0441734 4 3.4013 0.00263184 -0
0.0441734 4 4.82552 0.000853516 -0
0.0441734 4 6.8461 0.000351711 -0
0.0441734 4 9.71274 0.000155848 -0
0.0441734 4 13.7797 6.9072e-05 -0
0.0441734 4 19.5497 3.58244e-05 -0
0.0441734 4 27.7356 1.67353e-05 -0
0.0441734 4 39.3493 7.95106e-06 -0
0.0441734 4 55.8259 4.1082e-06 -0
0.0441734 4 79.2016 2.18152e-06 -0
0.0441734 4 112.365 1.23944e-06 -0
0.0441734 4 159.416 7.4452e-07 -0
0.0441734 4 226.168 4.56441e-07 -0
0.0441734 4 320.87 2.8273e-07 -0
0.0441734 4 455.227 1.8092e-07 -0
0.0441734 4 645.842 1.19027e-07 -0
0.0441734 4 916.274 7.68617e-08 -0
0.0441734 4 1299.94 5.009e-08 -0
0.0441734 4 1844.26 3.31882e-08 -0
0.0441734 4 2616.5 2.22387e-08 -0
0.0441734 4 3712.11 1.46549e-08 -0
0.0441734 4 5266.46 9.61096e-09 -0
0.0441734 4 7471.67 6.29958e-09 -0
0.0441734 4 10600.3 4.11421e-09 -0
0.0441734 4 15038.9 2.66701e-09 -0
0.0441734 4 21336 1.7098e-09 -0
0.0441734 4 30270 1.0804e-09 -0
0.0441734 4 42944.9 6.70797e-10 -0
0.0441734 4 60927 4.08093e-10 -0
0.0441734 4 86438.8 2.42781e-10 -0
0.0441734 4 122633 1.41304e-10 -0
0.0441734 4 173983 8.08473e-11 -0
0.0441734 4 246834 4.53779e-11 -0
0.0441734 4 350190 2.45772e-11 -0
0.0441734 4 496824 1.28269e-11 -0
0.0441734 4 704857 6.20151e-12 -0
0.0441734 4 1e+06 2.36379e-12 -0

0.107711 4 1e-06 0.487081 -0
0.107711 4 1.41873e-06 0.487081 -0
0.107711 4 2.01279e-06 0.487081 -0
0.107711 4 2.85559e-06 0.487081 -0
0.107711 4 4.0513e-06 0.48708 -0
0.107711 4 5.74769e-06 0.487079 -0
0.107711 4 8.15441e-06 0.487078 -0
0.107711 4 1.15689e-05 0.487076 -0
0.107711 4 1.64131e-05 0.487074 -0
0.107711 4 2.32857e-05 0.48707 -0
0.107711 4 3.3036e-05 0.487065 -0
0.107711 4 4.6869e-05 0.487058 -0
0.107711 4 6.64944e-05 0.487049 -0
0.107711 4 9.43373e-05 0.487035 -0
0.107711 4 0.000133839 0.487015 -0
0.107711 4 0.000189881 0.486987 -0
0.107711 4 0.000269389 0.486947 -0
0.107711 4 0.000382189 0.48689 -0
0.107711 4 0.000542222 0.48681 -0
0.107711 4 0.000769265 0.486696 -0
0.107711 4 0.00109138 0.486534 -0
0.107711 4 0.00154837 0.486305 -0
0.107711 4 0.00219671 0.485978 -0
0.107711 4 0.00311653 0.485514 -0
0.107711 4 0.0044215 0.484854 -0
0.107711 4 0.0062729 0.483914 -0
0.107711 4 0.00889953 0.482574 -0
0.107711 4 0.012626 0.480658 -0
0.107711 4 0.0179128 0.477914 -0
0.107711 4 0.0254134 0.473971 -0
0.107711 4 0.0360547 0.468284 -0
0.107711 4 0.0511518 0.460051 -0
0.107711 4 0.0725704 0.448102 -0
0.107711 4 0.102958 0.430761 -0
0.107711 4 0.146069 0.405749 -0
0.107711 4 0.207231 0.370289 -0
0.107711 4 0.294005 0.321752 -0
0.107711 4 0.417112 0.259327 -0
0.107711 4 0.591769 0.186774 -0
0.107711 4 0.839558 0.114518 -0
0.107711 4 1.1911 0.0567902 -0
0.107711 4 1.68985 0.022077 -0
0.107711 4 2.39743 0.00688341 -0
0.107711 4 3.4013 0.00197249 -0
0.107711 4 4.82552 0.000615879 -0
0.107711 4 6.8461 0.000245573 -0
0.107711 4 9.71274 0.000108842 -0
0.107711 4 13.7797 4.92211e-05 -0
0.107711 4 19.5497 2.4485e-05 -0
0.107711 4 27.7356 1.1491e-05 -0
0.107711 4 39.3493 5.44865e-06 -0
0.107711 4 55.8259 2.71953e-06 -0
0.107711 4 79.2016 1.38486e-06 -0
0.107711 4 112.365 7.40831e-07 -0
0.107711 4 159.416 4.15803e-07 -0
0.107711 4 226.168 2.3977e-07 -0
0.107711 4 320.87 1.41019e-07 -0
0.107711 4 455.227 8.61665e-08 -0
0.107711 4 645.842 5.45367e-08 -0
0.107711 4 916.274 3.42614e-08 -0
0.107711 4 1299.94 2.18552e-08 -0
0.107711 4 1844.26 1.42402e-08 -0
0.107711 4 2616.5 9.42201e-09 -0
0.107711 4 3712.11 6.15466e-09 -0
0.107711 4 5266.46 4.01062e-09 -0
0.107711 4 7471.67 2.61638e-09 -0
0.107711 4 10600.3 1.70279e-09 -0
0.107711 4 15038.9 1.101e-09 -0
0.107711 4 21336 7.04523e-10 -0
0.107711 4 30270 4.44566e-10 -0
0.107711 4 42944.9 2.75745e-10 -0
0.107711 4 60927 1.67634e-10 -0
0.107711 4 86438.8 9.96772e-11 -0
0.107711 4 122633 5.79935e-11 -0
0.107711 4 173983 3.3173e-11 -0
0.107711 4 246834 1.86162e-11 -0
0.107711 4 350190 1.00817e-11 -0
0.107711 4 496824 5.26126e-12 -0
0.107711 4 704857 2.54361e-12 -0
0.107711 4 1e+06 9.6952e-13 -0

0.262636 4 1e-06 0.415722 -0
0.262636 4 1.41873e-06 0.415722 -0
0.262636 4 2.01279e-06 0.415721 -0
0.262636 4 2.85559e-06 0.415721 -0
0.262636 4 4.0513e-06 0.41572 -0
0.262636 4 5.74769e-06 0.415719 -0
0.262636 4 8.15441e-06 0.415718 -0
0.262636 4 1.15689e-05 0.415717 -0
0.262636 4 1.64131e-05 0.415714 -0
0.262636 4 2.32857e-05 0.415711 -0
0.262636 4 3.3036e-05 0.415706 -0
0.262636 4 4.6869e-05 0.415699 -0
0.262636 4 6.64944e-05 0.41569 -0
0.262636 4 9.43373e-05 0.415676 -0
0.262636 4 0.000133839 0.415657 -0
0.262636 4 0.000189881 0.41563 -0
0.262636 4 0.000269389 0.415591 -0
0.262636 4 0.000382189 0.415536 -0
0.262636 4 0.000542222 0.415459 -0
0.262636 4 0.000769265 0.415348 -0
0.262636 4 0.00109138 0.415191 -0
0.262636 4 0.00154837 0.414969 -0
0.262636 4 0.00219671 0.414653 -0
0.262636 4 0.00311653 0.414204 -0
0.262636 4 0.0044215 0.413567 -0
0.262636 4 0.0062729 0.412661 -0
0.262636 4 0.00889953 0.411372 -0
0.262636 4 0.012626 0.409537 -0
0.262636 4 0.0179128 0.40692 -0
0.262636 4 0.0254134 0.403183 -0
0.262636 4 0.0360547 0.397839 -0
0.262636 4 0.0511518 0.390185 -0
0.262636 4 0.0725704 0.379222 -0
0.262636 4 0.102958 0.363556 -0
0.262636 4 0.146069 0.341346 -0
0.262636 4 0.207231 0.310414 -0
0.262636 4 0.294005 0.268787 -0
0.262636 4 0.417112 0.21602 -0
0.262636 4 0.591769 0.155352 -0
0.262636 4 0.839558 0.0953125 -0
0.262636 4 1.1911 0.0474089 -0
0.262636 4 1.68985 0.0184995 -0
0.262636 4 2.39743 0.0057644 -0
0.262636 4 3.4013 0.00163519 -0
0.262636 4 4.82552 0.000503139 -0
0.262636 4 6.8461 0.0001979 -0
0.262636 4 9.71274 8.79938e-05 -0
0.262636 4 13.7797 4.04144e-05 -0
0.262636 4 19.5497 1.95321e-05 -0
0.262636 4 27.7356 9.20523e-06 -0
0.262636 4 39.3493 4.36043e-06 -0
0.262636 4 55.8259 2.12106e-06 -0
0.262636 4 79.2016 1.04452e-06 -0
0.262636 4 112.365 5.29885e-07 -0
0.262636 4 159.416 2.77906e-07 -0
0.262636 4 226.168 1.49434e-07 -0
0.262636 4 320.87 8.21939e-08 -0
0.262636 4 455.227 4.69663e-08 -0
0.262636 4 645.842 2.79242e-08 -0
0.262636 4 916.274 1.67114e-08 -0
0.262636 4 1299.94 1.02376e-08 -0
0.262636 4 1844.26 6.45091e-09 -0
0.262636 4 2616.5 4.15684e-09 -0
0.262636 4 3712.11 2.66431e-09 -0
0.262636 4 5266.46 1.7118e-09 -0
0.262636 4 7471.67 1.10487e-09 -0
0.262636 4 10600.3 7.13374e-10 -0
0.262636 4 15038.9 4.58546e-10 -0
0.262636 4 21336 2.92144e-10 -0
0.262636 4 30270 1.83758e-10 -0
0.262636 4 42944.9 1.1371e-10 -0
0.262636 4 60927 6.90108e-11 -0
0.262636 4 86438.8 4.09853e-11 -0
0.262636 4 122633 2.38257e-11 -0
0.262636 4 173983 1.36206e-11 -0
0.262636 4 246834 7.64068e-12 -0
0.262636 4 350190 4.13679e-12 -0
0.262636 4 496824 2.15849e-12 -0
0.262636 4 704857 1.04344e-12 -0
0.262636 4 1e+06 3.9771e-13 -0

0.6404 4 1e-06 0.34882 -0
0.6404 4 1.41873e-06 0.34882 -0
0.6404 4 2.01279e-06 0.348819 -0
0.6404 4 2.85559e-06 0.348819 -0
0.6404 4 4.0513e-06 0.348818 -0
0.6404 4 5.74769e-06 0.348818 -0
0.6404 4 8.15441e-06 0.348817 -0
0.6404 4 1.15689e-05 0.348815 -0
0.6404 4 1.64131e-05 0.348813 -0
0.6404 4 2.32857e-05 0.34881 -0
0.6404 4 3.3036e-05 0.348806 -0
0.6404 4 4.6869e-05 0.348799 -0
0.6404 4 6.64944e-05 0.348791 -0
0.6404 4 9.43373e-05 0.348778 -0
0.6404 4 0.000133839 0.34876 -0
0.6404 4 0.000189881 0.348735 -0
0.6404 4 0.000269389 0.3487 -0
0.6404 4 0.000382189 0.348649 -0
0.6404 4 0.000542222 0.348578 -0
0.6404 4 0.000769265 0.348476 -0
0.6404 4 0.00109138 0.348332 -0
0.6404 4 0.00154837 0.348128 -0
0.6404 4 0.00219671 0.347838 -0
0.6404 4 0.00311653 0.347426 -0
0.6404 4 0.0044215 0.346841 -0
0.6404 4 0.0062729 0.346011 -0
0.6404 4 0.00889953 0.344832 -0
0.6404 4 0.012626 0.343157 -0
0.6404 4 0.0179128 0.340775 -0
0.6404 4 0.0254134 0.337388 -0
0.6404 4 0.0360547 0.332569 -0
0.6404 4 0.0511518 0.325715 -0
0.6404 4 0.0725704 0.315985 -0
0.6404 4 0.102958 0.302231 -0
0.6404 4 0.146069 0.282979 -0
0.6404 4 0.207231 0.256541 -0
0.6404 4 0.294005 0.221466 -0
0.6404 4 0.417112 0.177595 -0
0.6404 4 0.591769 0.127686 -0
0.6404 4 0.839558 0.0785941 -0
0.6404 4 1.1911 0.0394093 -0
0.6404 4 1.68985 0.0155616 -0
0.6404 4 2.39743 0.00489959 -0
0.6404 4 3.4013 0.00139577 -0
0.6404 4 4.82552 0.000430638 -0
0.6404 4 6.8461 0.000169712 -0
0.6404 4 9.71274 7.60581e-05 -0
0.6404 4 13.7797 3.53758e-05 -0
0.6404 4 19.5497 1.68586e-05 -0
0.6404 4 27.7356 7.98145e-06 -0
0.6404 4 39.3493 3.78319e-06 -0
0.6404 4 55.8259 1.81467e-06 -0
0.6404 4 79.2016 8.76355e-07 -0
0.6404 4 112.365 4.29854e-07 -0
0.6404 4 159.416 2.14921e-07 -0
0.6404 4 226.168 1.09318e-07 -0
0.6404 4 320.87 5.6602e-08 -0
0.6404 4 455.227 3.01863e-08 -0
0.6404 4 645.842 1.66719e-08 -0
0.6404 4 916.274 9.35137e-09 -0
0.6404 4 1299.94 5.39482e-09 -0
0.6404 4 1844.26 3.21876e-09 -0
0.6404 4 2616.5 1.97939e-09 -0
0.6404 4 3712.11 1.22415e-09 -0
0.6404 4 5266.46 7.64837e-10 -0
0.6404 4 7471.67 4.82989e-10 -0
0.6404 4 10600.3 3.06656e-10 -0
0.6404 4 15038.9 1.94624e-10 -0
0.6404 4 21336 1.2282e-10 -0
0.6404 4 30270 7.67063e-11 -0
0.6404 4 42944.9 4.72179e-11 -0
0.6404 4 60927 2.85476e-11 -0
0.6404 4 86438.8 1.69082e-11 -0
0.6404 4 122633 9.81041e-12 -0
0.6404 4 173983 5.60096e-12 -0
0.6404 4 246834 3.13912e-12 -0
0.6404 4 350190 1.69859e-12 -0
0.6404 4 496824 8.85959e-13 -0
0.6404 4 704857 4.2819e-13 -0
0.6404 4 1e+06 1.63198e-13 -0

1.56152 4 1e-06 0.241655 -0
1.56152 4 1.41873e-06 0.241655 -0
1.56152 4 2.01279e-06 0.241655 -0
1.56152 4 2.85559e-06 0.241655 -0
1.56152 4 4.0513e-06 0.241654 -0
1.56152 4 5.74769e-06 0.241654 -0
1.56152 4 8.15441e-06 0.241653 -0
1.56152 4 1.15689e-05 0.241652 -0
1.56152 4 1.64131e-05 0.24165 -0
1.56152 4 2.32857e-05 0.241647 -0
1.56152 4 3.3036e-05 0.241644 -0
1.56152 4 4.6869e-05 0.241639 -0
1.56152 4 6.64944e-05 0.241632 -0
1.56152 4 9.43373e-05 0.241622 -0
1.56152 4 0.000133839 0.241608 -0
1.56152 4 0.000189881 0.241588 -0
1.56152 4 0.000269389 0.241559 -0
1.56152 4 0.000382189 0.241519 -0
1.56152 4 0.000542222 0.241462 -0
1.56152 4 0.000769265 0.241381 -0
1.56152 4 0.00109138 0.241265 -0
1.56152 4 0.00154837 0.241102 -0
1.56152 4 0.00219671 0.24087 -0
1.56152 4 0.00311653 0.240542 -0
1.56152 4 0.0044215 0.240076 -0
1.56152 4 0.0062729 0.239415 -0
1.56152 4 0.00889953 0.238479 -0
1.56152 4 0.012626 0.237153 -0
1.56152 4 0.0179128 0.235276 -0
1.56152 4 0.0254134 0.232623 -0
1.56152 4 0.0360547 0.22888 -0
1.56152 4 0.0511518 0.223615 -0
1.56152 4 0.0725704 0.216246 -0
1.56152 4 0.102958 0.206013 -0
1.56152 4 0.146069 0.191992 -0
1.56152 4 0.207231 0.173194 -0
1.56152 4 0.294005 0.148876 -0
1.56152 4 0.417112 0.119161 -0
1.56152 4 0.591769 0.0859561 -0
1.56152 4 0.839558 0.053556 -0
1.56152 4 1.1911 0.0275281 -0
1.56152 4 1.68985 0.011285 -0
1.56152 4 2.39743 0.00370526 -0
1.56152 4 3.4013 0.00109348 -0
1.56152 4 4.82552 0.000348193 -0
1.56152 4 6.8461 0.000140381 -0
1.56152 4 9.71274 6.38351e-05 -0
1.56152 4 13.7797 3.00864e-05 -0
1.56152 4 19.5497 1.43088e-05 -0
1.56152 4 27.7356 6.82343e-06 -0
1.56152 4 39.3493 3.24564e-06 -0
1.56152 4 55.8259 1.54942e-06 -0
1.56152 4 79.2016 7.42133e-07 -0
1.56152 4 112.365 3.58121e-07 -0
1.56152 4 159.416 1.74561e-07 -0
1.56152 4 226.168 8.59682e-08 -0
1.56152 4 320.87 4.28237e-08 -0
1.56152 4 455.227 2.17376e-08 -0
1.56152 4 645.842 1.13075e-08 -0
1.56152 4 916.274 5.97393e-09 -0
1.56152 4 1299.94 3.2366e-09 -0
1.56152 4 1844.26 1.8106e-09 -0
1.56152 4 2616.5 1.04673e-09 -0
1.56152 4 3712.11 6.14514e-10 -0
1.56152 4 5266.46 3.67391e-10 -0
1.56152 4 7471.67 2.23623e-10 -0
1.56152 4 10600.3 1.37815e-10 -0
1.56152 4 15038.9 8.54354e-11 -0
1.56152 4 21336 5.29425e-11 -0
1.56152 4 30270 3.26087e-11 -0
1.56152 4 42944.9 1.98644e-11 -0
1.56152 4 60927 1.19178e-11 -0
1.56152 4 86438.8 7.01964e-12 -0
1.56152 4 122633 4.05695e-12 -0
1.56152 4 173983 2.30986e-12 -0
1.56152 4 246834 1.29218e-12 -0
1.56152 4 350190 6.98365e-13 -0
1.56152 4 496824 3.63974e-13 -0
1.56152 4 704857 1.75831e-13 -0
1.56152 4 1e+06 6.70086e-14 -0

3.80755 4 1e-06 0.0910214 -0
3.80755 4 1.41873e-06 0.0910213 -0
3.80755 4 2.01279e-06 0.0910212 -0
3.80755 4 2.85559e-06 0.0910211 -0
3.80755 4 4.0513e-06 0.0910209 -0
3.80755 4 5.74769e-06 0.0910206 -0
3.80755 4 8.15441e-06 0.0910203 -0
3.80755 4 1.15689e-05 0.0910197 -0
3.80755 4 1.64131e-05 0.091019 -0
3.80755 4 2.32857e-05 0.0910179 -0
3.80755 4 3.3036e-05 0.0910164 -0
3.80755 4 4.6869e-05 0.0910143 -0
3.80755 4 6.64944e-05 0.0910113 -0
3.80755 4 9.43373e-05 0.091007 -0
3.80755 4 0.000133839 0.091001 -0
3.80755 4 0.000189881 0.0909924 -0
3.80755 4 0.000269389 0.0909802 -0
3.80755 4 0.000382189 0.0909629 -0
3.80755 4 0.000542222 0.0909384 -0
3.80755 4 0.000769265 0.0909036 -0
3.80755 4 0.00109138 0.0908542 -0
3.80755 4 0.00154837 0.0907842 -0
3.80755 4 0.00219671 0.0906851 -0
3.80755 4 0.00311653 0.0905445 -0
3.80755 4 0.0044215 0.0903454 -0
3.80755 4 0.0062729 0.0900637 -0
3.80755 4 0.00889953 0.0896653 -0
3.80755 4 0.012626 0.0891028 -0
3.80755 4 0.0179128 0.0883102 -0
3.80755 4 0.0254134 0.0871965 -0
3.80755 4 0.0360547 0.0856382 -0
3.80755 4 0.0511518 0.0834705 -0
3.80755 4 0.0725704 0.0804804 -0
3.80755 4 0.102958 0.0764057 -0
3.80755 4 0.146069 0.0709492 -0
3.80755 4 0.207231 0.0638258 -0
3.80755 4 0.294005 0.0548636 -0
3.80755 4 0.417112 0.0441839 -0
3.80755 4 0.591769 0.0324395 -0
3.80755 4 0.839558 0.0209681 -0
3.80755 4 1.1911 0.011498 -0
3.80755 4 1.68985 0.00519638 -0
3.80755 4 2.39743 0.0019289 -0
3.80755 4 3.4013 0.000644818 -0
3.80755 4 4.82552 0.00022742 -0
3.80755 4 6.8461 9.74878e-05 -0
3.80755 4 9.71274 4.57628e-05 -0
3.80755 4 13.7797 2.20658e-05 -0
3.80755 4 19.5497 1.06369e-05 -0
3.80755 4 27.7356 5.14139e-06 -0
3.80755 4 39.3493 2.47091e-06 -0
3.80755 4 55.8259 1.18468e-06 -0
3.80755 4 79.2016 5.68116e-07 -0
3.80755 4 112.365 2.73117e-07 -0
3.80755 4 159.416 1.31919e-07 -0
3.80755 4 226.168 6.40952e-08 -0
3.80755 4 320.87 3.13573e-08 -0
3.80755 4 455.227 1.55148e-08 -0
3.80755 4 645.842 7.79676e-09 -0
3.80755 4 916.274 3.96459e-09 -0
3.80755 4 1299.94 2.05383e-09 -0
3.80755 4 1844.26 1.09103e-09 -0
3.80755 4 2616.5 5.96416e-10 -0
3.80755 4 3712.11 3.32143e-10 -0
3.80755 4 5266.46 1.88993e-10 -0
3.80755 4 7471.67 1.09956e-10 -0
3.80755 4 10600.3 6.51398e-11 -0
3.80755 4 15038.9 3.90617e-11 -0
3.80755 4 21336 2.35577e-11 -0
3.80755 4 30270 1.41998e-11 -0
3.80755 4 42944.9 8.50627e-12 -0
3.80755 4 60927 5.03909e-12 -0
3.80755 4 86438.8 2.94051e-12 -0
3.80755 4 122633 1.68812e-12 -0
3.80755 4 173983 9.56617e-13 -0
3.80755 4 246834 5.33423e-13 -0
3.80755 4 350190 2.87685e-13 -0
3.80755 4 496824 1.49732e-13 -0
3.80755 4 704857 7.22748e-14 -0
3.80755 4 1e+06 2.75391e-14 -0

9.28415 4 1e-06 0.00941316 -0
9.28415 4 1.41873e-06 0.00941315 -0
9.28415 4 2.01279e-06 0.00941314 -0
9.28415 4 2.85559e-06 0.00941313 -0
9.28415 4 4.0513e-06 0.00941311 -0
9.28415 4 5.74769e-06 0.00941309 -0
9.28415 4 8.15441e-06 0.00941305 -0
9.28415 4 1.15689e-05 0.00941301 -0
9.28415 4 1.64131e-05 0.00941294 -0
9.28415 4 2.32857e-05 0.00941284 -0
9.28415 4 3.3036e-05 0.0094127 -0
9.28415 4 4.6869e-05 0.0094125 -0
9.28415 4 6.64944e-05 0.00941221 -0
9.28415 4 9.43373e-05 0.00941181 -0
9.28415 4 0.000133839 0.00941124 -0
9.28415 4 0.000189881 0.00941043 -0
9.28415 4 0.000269389 0.00940929 -0
9.28415 4 0.000382189 0.00940766 -0
9.28415 4 0.000542222 0.00940535 -0
9.28415 4 0.000769265 0.00940208 -0
9.28415 4 0.00109138 0.00939744 -0
9.28415 4 0.00154837 0.00939086 -0
9.28415 4 0.00219671 0.00938154 -0
9.28415 4 0.00311653 0.00936833 -0
9.28415 4 0.0044215 0.00934963 -0
9.28415 4 0.0062729 0.00932316 -0
9.28415 4 0.00889953 0.00928576 -0
9.28415 4 0.012626 0.00923298 -0
9.28415 4 0.0179128 0.00915869 -0
9.28415 4 0.0254134 0.00905443 -0
9.28415 4 0.0360547 0.00890877 -0
9.28415 4 0.0511518 0.00870658 -0
9.28415 4 0.0725704 0.00842839 -0
9.28415 4 0.102958 0.00805033 -0
9.28415 4 0.146069 0.00754527 -0
9.28415 4 0.207231 0.00688633 -0
9.28415 4 0.294005 0.00605431 -0
9.28415 4 0.417112 0.00505097 -0
9.28415 4 0.591769 0.00391885 -0
9.28415 4 0.839558 0.00276061 -0
9.28415 4 1.1911 0.00172796 -0
9.28415 4 1.68985 0.000948677 -0
9.28415 4 2.39743 0.000458696 -0
9.28415 4 3.4013 0.000207442 -0
9.28415 4 4.82552 9.50403e-05 -0
9.28415 4 6.8461 4.74381e-05 -0
9.28415 4 9.71274 2.40645e-05 -0
9.28415 4 13.7797 1.22234e-05 -0
9.28415 4 19.5497 6.16845e-06 -0
9.28415 4 27.7356 3.07659e-06 -0
9.28415 4 39.3493 1.51973e-06 -0
9.28415 4 55.8259 7.43276e-07 -0
9.28415 4 79.2016 3.6162e-07 -0
9.28415 4 112.365 1.75448e-07 -0
9.28415 4 159.416 8.51225e-08 -0
9.28415 4 226.168 4.13841e-08 -0
9.28415 4 320.87 2.01873e-08 -0
9.28415 4 455.227 9.91088e-09 -0
9.28415 4 645.842 4.91343e-09 -0
9.28415 4 916.274 2.45592e-09 -0
9.28415 4 1299.94 1.24358e-09 -0
9.28415 4 1844.26 6.41341e-10 -0
9.28415 4 2616.5 3.38226e-10 -0
9.28415 4 3712.11 1.81387e-10 -0
9.28415 4 5266.46 9.92437e-11 -0
9.28415 4 7471.67 5.55023e-11 -0
9.28415 4 10600.3 3.16596e-11 -0
9.28415 4 15038.9 1.83406e-11 -0
9.28415 4 21336 1.07316e-11 -0
9.28415 4 30270 6.30554e-12 -0
9.28415 4 42944.9 3.69942e-12 -0
9.28415 4 60927 2.15591e-12 -0
9.28415 4 86438.8 1.24252e-12 -0
9.28415 4 122633 7.06827e-13 -0
9.28415 4 173983 3.97913e-13 -0
9.28415 4 246834 2.20867e-13 -0
9.28415 4 350190 1.18759e-13 -0
9.28415 4 496824 6.16883e-14 -0
9.28415 4 704857 2.97416e-14 -0
9.28415 4 1e+06 1.13298e-14 -0

22.638 4 1e-06 0.000222563 -0
22.638 4 1.41873e-06 0.000222563 -0
22.638 4 2.01279e-06 0.000222563 -0
22.638 4 2.85559e-06 0.000222563 -0
22.638 4 4.0513e-06 0.000222563 -0
22.638 4 5.74769e-06 0.000222562 -0
22.638 4 8.15441e-06 0.000222562 -0
22.638 4 1.15689e-05 0.000222561 -0
22.638 4 1.64131e-05 0.00022256 -0
22.638 4 2.32857e-05 0.000222559 -0
22.638 4 3.3036e-05 0.000222557 -0
22.638 4 4.6869e-05 0.000222555 -0
22.638 4 6.64944e-05 0.000222551 -0
22.638 4 9.43373e-05 0.000222546 -0
22.638 4 0.000133839 0.000222538 -0
22.638 4 0.000189881 0.000222528 -0
22.638 4 0.000269389 0.000222513 -0
22.638 4 0.000382189 0.000222491 -0
22.638 4 0.000542222 0.000222461 -0
22.638 4 0.000769265 0.000222419 -0
22.638 4 0.00109138 0.000222358 -0
22.638 4 0.00154837 0.000222272 -0
22.638 4 0.00219671 0.000222151 -0
22.638 4 0.00311653 0.000221978 -0
22.638 4 0.0044215 0.000221734 -0
22.638 4 0.0062729 0.000221387 -0
22.638 4 0.00889953 0.000220898 -0
22.638 4 0.012626 0.000220206 -0
22.638 4 0.0179128 0.00021923 -0
22.638 4 0.0254134 0.000217856 -0
22.638 4 0.0360547 0.000215929 -0
22.638 4 0.0511518 0.000213237 -0
22.638 4 0.0725704 0.0002095 -0
22.638 4 0.102958 0.00020435 -0
22.638 4 0.146069 0.000197327 -0
22.638 4 0.207231 0.000187879 -0
22.638 4 0.294005 0.000175394 -0
22.638 4 0.417112 0.000159323 -0
22.638 4 0.591769 0.000139512 -0
22.638 4 0.839558 0.000116784 -0
22.638 4 1.1911 9.31636e-05 -0
22.638 4 1.68985 7.06953e-05 -0
22.638 4 2.39743 5.05962e-05 -0
22.638 4 3.4013 3.40486e-05 -0
22.638 4 4.82552 2.18873e-05 -0
22.638 4 6.8461 1.3773e-05 -0
22.638 4 9.71274 8.15012e-06 -0
22.638 4 13.7797 4.63828e-06 -0
22.638 4 19.5497 2.60303e-06 -0
22.638 4 27.7356 1.3953e-06 -0
22.638 4 39.3493 7.34245e-07 -0
22.638 4 55.8259 3.7771e-07 -0
22.638 4 79.2016 1.91039e-07 -0
22.638 4 112.365 9.54585e-08 -0
22.638 4 159.416 4.73374e-08 -0
22.638 4 226.168 2.33788e-08 -0
22.638 4 320.87 1.15283e-08 -0
22.638 4 455.227 5.69415e-09 -0
22.638 4 645.842 2.82619e-09 -0
22.638 4 916.274 1.40915e-09 -0
22.638 4 1299.94 7.08427e-10 -0
22.638 4 1844.26 3.60686e-10 -0
22.638 4 2616.5 1.86663e-10 -0
22.638 4 3712.11 9.78766e-11 -0
22.638 4 5266.46 5.21614e-11 -0
22.638 4 7471.67 2.8322e-11 -0
22.638 4 10600.3 1.56583e-11 -0
22.638 4 15038.9 8.79177e-12 -0
22.638 4 21336 4.99353e-12 -0
22.638 4 30270 2.85576e-12 -0
22.638 4 42944.9 1.63653e-12 -0
22.638 4 60927 9.3527e-13 -0
22.638 4 86438.8 5.30732e-13 -0
22.638 4 122633 2.98363e-13 -0
22.638 4 173983 1.66494e-13 -0
22.638 4 246834 9.18365e-14 -0
22.638 4 350190 4.91724e-14 -0
22.638 4 496824 2.54704e-14 -0
22.638 4 704857 1.22592e-14 -0
22.638 4 1e+06 4.66845e-15 -0

55.1995 4 1e-06 7.01656e-06 -0
55.1995 4 1.41873e-06 7.01656e-06 -0
55.1995 4 2.01279e-06 7.01656e-06 -0
55.1995 4 2.85559e-06 7.01656e-06 -0
55.1995 4 4.0513e-06 7.01655e-06 -0
55.1995 4 5.74769e-06 7.01655e-06 -0
55.1995 4 8.15441e-06 7.01655e-06 -0
55.1995 4 1.15689e-05 7.01654e-06 -0
55.1995 4 1.64131e-05 7.01653e-06 -0
55.1995 4 2.32857e-05 7.01652e-06 -0
55.1995 4 3.3036e-05 7.01651e-06 -0
55.1995 4 4.6869e-05 7.01648e-06 -0
55.1995 4 6.64944e-05 7.01645e-06 -0
55.1995 4 9.43373e-05 7.01641e-06 -0
55.1995 4 0.000133839 7.01634e-06 -0
55.1995 4 0.000189881 7.01625e-06 -0
55.1995 4 0.000269389 7.01612e-06 -0
55.1995 4 0.000382189 7.01594e-06 -0
55.1995 4 0.000542222 7.01568e-06 -0
55.1995 4 0.000769265 7.01531e-06 -0
55.1995 4 0.00109138 7.01479e-06 -0
55.1995 4 0.00154837 7.01405e-06 -0
55.1995 4 0.00219671 7.013e-06 -0
55.1995 4 0.00311653 7.01151e-06 -0
55.1995 4 0.0044215 7.00939e-06 -0
55.1995 4 0.0062729 7.0064e-06 -0
55.1995 4 0.00889953 7.00216e-06 -0
55.1995 4 0.012626 6.99616e-06 -0
55.1995 4 0.0179128 6.98768e-06 -0
55.1995 4 0.0254134 6.9757e-06 -0
55.1995 4 0.0360547 6.95882e-06 -0
55.1995 4 0.0511518 6.93505e-06 -0
55.1995 4 0.0725704 6.90164e-06 -0
55.1995 4 0.102958 6.85472e-06 -0
55.1995 4 0.146069 6.78872e-06 -0
55.1995 4 0.207231 6.69548e-06 -0
55.1995 4 0.294005 6.56292e-06 -0
55.1995 4 0.417112 6.37424e-06 -0
55.1995 4 0.591769 6.11151e-06 -0
55.1995 4 0.839558 5.76771e-06 -0
55.1995 4 1.1911 5.35355e-06 -0
55.1995 4 1.68985 4.86454e-06 -0
55.1995 4 2.39743 4.25613e-06 -0
55.1995 4 3.4013 3.53327e-06 -0
55.1995 4 4.82552 2.823e-06 -0
55.1995 4 6.8461 2.17641e-06 -0
55.1995 4 9.71274 1.55497e-06 -0
55.1995 4 13.7797 1.04258e-06 -0
55.1995 4 19.5497 6.90895e-07 -0
55.1995 4 27.7356 4.21018e-07 -0
55.1995 4 39.3493 2.48221e-07 -0
55.1995 4 55.8259 1.4102e-07 -0
55.1995 4 79.2016 7.73089e-08 -0
55.1995 4 112.365 4.12342e-08 -0
55.1995 4 159.416 2.15454e-08 -0
55.1995 4 226.168 1.10877e-08 -0
55.1995 4 320.87 5.64746e-09 -0
55.1995 4 455.227 2.86124e-09 -0
55.1995 4 645.842 1.44766e-09 -0
55.1995 4 916.274 7.32084e-10 -0
55.1995 4 1299.94 3.71397e-10 -0
55.1995 4 1844.26 1.89797e-10 -0
55.1995 4 2616.5 9.80256e-11 -0
55.1995 4 3712.11 5.10607e-11 -0
55.1995 4 5266.46 2.68991e-11 -0
55.1995 4 7471.67 1.43672e-11 -0
55.1995 4 10600.3 7.7815e-12 -0
55.1995 4 15038.9 4.26766e-12 -0
55.1995 4 21336 2.36393e-12 -0
55.1995 4 30270 1.31828e-12 -0
55.1995 4 42944.9 7.37605e-13 -0
55.1995 4 60927 4.12596e-13 -0
55.1995 4 86438.8 2.29915e-13 -0
55.1995 4 122633 1.27368e-13 -0
55.1995 4 173983 7.0266e-14 -0
55.1995 4 246834 3.84303e-14 -0
55.1995 4 350190 2.04562e-14 -0
55.1995 4 496824 1.05533e-14 -0
55.1995 4 704857 5.06689e-15 -0
55.1995 4 1e+06 1.92863e-15 -0

134.596 4 1e-06 3.92219e-07 -0
134.596 4 1.41873e-06 3.92219e-07 -0
134.596 4 2.01279e-06 3.92219e-07 -0
134.596 4 2.85559e-06 3.92219e-07 -0
134.596 4 4.0513e-06 3.92219e-07 -0
134.596 4 5.74769e-06 3.92219e-07 -0
134.596 4 8.15441e-06 3.92219e-07 -0
134.596 4 1.15689e-05 3.92219e-07 -0
134.596 4 1.64131e-05 3.92219e-07 -0
134.596 4 2.32857e-05 3.92219e-07 -0
134.596 4 3.3036e-05 3.92218e-07 -0
134.596 4 4.6869e-05 3.92218e-07 -0
134.596 4 6.64944e-05 3.92217e-07 -0
134.596 4 9.43373e-05 3.92217e-07 -0
134.596 4 0.000133839 3.92215e-07 -0
134.596 4 0.000189881 3.92214e-07 -0
134.596 4 0.000269389 3.92211e-07 -0
134.596 4 0.000382189 3.92208e-07 -0
134.596 4 0.000542222 3.92203e-07 -0
134.596 4 0.000769265 3.92197e-07 -0
134.596 4 0.00109138 3.92187e-07 -0
134.596 4 0.00154837 3.92174e-07 -0
134.596 4 0.00219671 3.92154e-07 -0
134.596 4 0.00311653 3.92127e-07 -0
134.596 4 0.0044215 3.92089e-07 -0
134.596 4 0.0062729 3.92034e-07 -0
134.596 4 0.00889953 3.91957e-07 -0
134.596 4 0.012626 3.91848e-07 -0
134.596 4 0.0179128 3.91694e-07 -0
134.596 4 0.0254134 3.91476e-07 -0
134.596 4 0.0360547 3.91169e-07 -0
134.596 4 0.0511518 3.90736e-07 -0
134.596 4 0.0725704 3.90126e-07 -0
134.596 4 0.102958 3.89263e-07 -0
134.596 4 0.146069 3.88033e-07 -0
134.596 4 0.207231 3.86249e-07 -0
134.596 4 0.294005 3.83609e-07 -0
134.596 4 0.417112 3.79651e-07 -0
134.596 4 0.591769 3.73845e-07 -0
134.596 4 0.839558 3.65974e-07 -0
134.596 4 1.1911 3.56344e-07 -0
134.596 4 1.68985 3.44372e-07 -0
134.596 4 2.39743 3.26764e-07 -0
134.596 4 3.4013 3.0162e-07 -0
134.596 4 4.82552 2.73785e-07 -0
134.596 4 6.8461 2.4337e-07 -0
134.596 4 9.71274 2.05126e-07 -0
134.596 4 13.7797 1.63393e-07 -0
134.596 4 19.5497 1.29163e-07 -0
134.596 4 27.7356 9.35295e-08 -0
134.596 4 39.3493 6.45714e-08 -0
134.596 4 55.8259 4.26181e-08 -0
134.596 4 79.2016 2.66405e-08 -0
134.596 4 112.365 1.59065e-08 -0
134.596 4 159.416 9.13664e-09 -0
134.596 4 226.168 5.07787e-09 -0
134.596 4 320.87 2.75103e-09 -0
134.596 4 455.227 1.46436e-09 -0
134.596 4 645.842 7.70161e-10 -0
134.596 4 916.274 4.01243e-10 -0
134.596 4 1299.94 2.08058e-10 -0
134.596 4 1844.26 1.07863e-10 -0
134.596 4 2616.5 5.60864e-11 -0
134.596 4 3712.11 2.92244e-11 -0
134.596 4 5266.46 1.52966e-11 -0
134.596 4 7471.67 8.06117e-12 -0
134.596 4 10600.3 4.27945e-12 -0
134.596 4 15038.9 2.28706e-12 -0
134.596 4 21336 1.22876e-12 -0
134.596 4 30270 6.62621e-13 -0
134.596 4 42944.9 3.58138e-13 -0
134.596 4 60927 1.93739e-13 -0
134.596 4 86438.8 1.04733e-13 -0
134.596 4 122633 5.65334e-14 -0
134.596 4 173983 3.05332e-14 -0
134.596 4 246834 1.64282e-14 -0
134.596 4 350190 8.64312e-15 -0
134.596 4 496824 4.42269e-15 -0
134.596 4 704857 2.11264e-15 -0
134.596 4 1e+06 8.03378e-16 -0

328.193 4 1e-06 3.71777e-08 -0
328.193 4 1.41873e-06 3.71777e-08 -0
328.193 4 2.01279e-06 3.71777e-08 -0
328.193 4 2.85559e-06 3.71777e-08 -0
328.193 4 4.0513e-06 3.71777e-08 -0
328.193 4 5.74769e-06 3.71777e-08 -0
328.193 4 8.15441e-06 3.71777e-08 -0
328.193 4 1.15689e-05 3.71777e-08 -0
328.193 4 1.64131e-05 3.71777e-08 -0
328.193 4 2.32857e-05 3.71777e-08 -0
328.193 4 3.3036e-05 3.71777e-08 -0
328.193 4 4.6869e-05 3.71776e-08 -0
328.193 4 6.64944e-05 3.71776e-08 -0
328.193 4 9.43373e-05 3.71776e-08 -0
328.193 4 0.000133839 3.71776e-08 -0
328.193 4 0.000189881 3.71775e-08 -0
328.193 4 0.000269389 3.71774e-08 -0
328.193 4 0.000382189 3.71773e-08 -0
328.193 4 0.000542222 3.71772e-08 -0
328.193 4 0.000769265 3.7177e-08 -0
328.193 4 0.00109138 3.71766e-08 -0
328.193 4 0.00154837 3.71762e-08 -0
328.193 4 0.00219671 3.71756e-08 -0
328.193 4 0.00311653 3.71747e-08 -0
328.193 4 0.0044215 3.71735e-08 -0
328.193 4 0.0062729 3.71717e-08 -0
328.193 4 0.00889953 3.71692e-08 -0
328.193 4 0.012626 3.71657e-08 -0
328.193 4 0.0179128 3.71607e-08 -0
328.193 4 0.0254134 3.71537e-08 -0
328.193 4 0.0360547 3.71437e-08 -0
328.193 4 0.0511518 3.71298e-08 -0
328.193 4 0.0725704 3.71101e-08 -0
328.193 4 0.102958 3.70821e-08 -0
328.193 4 0.146069 3.7042e-08 -0
328.193 4 0.207231 3.69834e-08 -0
328.193 4 0.294005 3.68951e-08 -0
328.193 4 0.417112 3.67599e-08 -0
328.193 4 0.591769 3.65576e-08 -0
328.193 4 0.839558 3.62806e-08 -0
328.193 4 1.1911 3.5942e-08 -0
328.193 4 1.68985 3.55137e-08 -0
328.193 4 2.39743 3.48303e-08 -0
328.193 4 3.4013 3.37717e-08 -0
328.193 4 4.82552 3.25331e-08 -0
328.193 4 6.8461 3.10549e-08 -0
328.193 4 9.71274 2.88761e-08 -0
328.193 4 13.7797 2.6023e-08 -0
328.193 4 19.5497 2.3282e-08 -0
328.193 4 27.7356 1.9726e-08 -0
328.193 4 39.3493 1.59868e-08 -0
328.193 4 55.8259 1.24221e-08 -0
328.193 4 79.2016 9.10958e-09 -0
328.193 4 112.365 6.31218e-09 -0
328.193 4 159.416 4.14008e-09 -0
328.193 4 226.168 2.57578e-09 -0
328.193 4 320.87 1.53054e-09 -0
328.193 4 455.227 8.76932e-10 -0
328.193 4 645.842 4.88147e-10 -0
328.193 4 916.274 2.65359e-10 -0
328.193 4 1299.94 1.41854e-10 -0
328.193 4 1844.26 7.50203e-11 -0
328.193 4 2616.5 3.94057e-11 -0
328.193 4 3712.11 2.05774e-11 -0
328.193 4 5266.46 1.07082e-11 -0
328.193 4 7471.67 5.56411e-12 -0
328.193 4 10600.3 2.88824e-12 -0
328.193 4 15038.9 1.49681e-12 -0
328.193 4 21336 7.73638e-13 -0
328.193 4 30270 3.98504e-13 -0
328.193 4 42944.9 2.04625e-13 -0
328.193 4 60927 1.04881e-13 -0
328.193 4 86438.8 5.37616e-14 -0
328.193 4 122633 2.76284e-14 -0
328.193 4 173983 1.42938e-14 -0
328.193 4 246834 7.42556e-15 -0
328.193 4 350190 3.80597e-15 -0
328.193 4 496824 1.91113e-15 -0
328.193 4 704857 9.02021e-16 -0
328.193 4 1e+06 3.42235e-16 -0

800.25 4 1e-06 2.3518e-09 -0
800.25 4 1.41873e-06 2.3518e-09 -0
800.25 4 2.01279e-06 2.3518e-09 -0
800.25 4 2.85559e-06 2.3518e-09 -0
800.25 4 4.0513e-06 2.3518e-09 -0
800.25 4 5.74769e-06 2.3518e-09 -0
800.25 4 8.15441e-06 2.3518e-09 -0
800.25 4 1.15689e-05 2.3518e-09 -0
800.25 4 1.64131e-05 2.3518e-09 -0
800.25 4 2.32857e-05 2.3518e-09 -0
800.25 4 3.3036e-05 2.3518e-09 -0
800.25 4 4.6869e-05 2.3518e-09 -0
800.25 4 6.64944e-05 2.3518e-09 -0
800.25 4 9.43373e-05 2.35179e-09 -0
800.25 4 0.000133839 2.35179e-09 -0
800.25 4 0.000189881 2.35179e-09 -0
800.25 4 0.000269389 2.35179e-09 -0
800.25 4 0.000382189 2.35179e-09 -0
800.25 4 0.000542222 2.35179e-09 -0
800.25 4 0.000769265 2.35178e-09 -0
800.25 4 0.00109138 2.35177e-09 -0
800.25 4 0.00154837 2.35176e-09 -0
800.25 4 0.00219671 2.35175e-09 -0
800.25 4 0.00311653 2.35173e-09 -0
800.25 4 0.0044215 2.3517e-09 -0
800.25 4 0.0062729 2.35166e-09 -0
800.25 4 0.00889953 2.3516e-09 -0
800.25 4 0.012626 2.35152e-09 -0
800.25 4 0.0179128 2.35141e-09 -0
800.25 4 0.0254134 2.35125e-09 -0
800.25 4 0.0360547 2.35102e-09 -0
800.25 4 0.0511518 2.3507e-09 -0
800.25 4 0.0725704 2.35025e-09 -0
800.25 4 0.102958 2.34962e-09 -0
800.25 4 0.146069 2.34871e-09 -0
800.25 4 0.207231 2.34734e-09 -0
800.25 4 0.294005 2.34522e-09 -0
800.25 4 0.417112 2.34185e-09 -0
800.25 4 0.591769 2.33668e-09 -0
800.25 4 0.839558 2.32963e-09 -0
800.25 4 1.1911 2.32147e-09 -0
800.25 4 1.68985 2.31155e-09 -0
800.25 4 2.39743 2.29405e-09 -0
800.25 4 3.4013 2.26479e-09 -0
800.25 4 4.82552 2.23162e-09 -0
800.25 4 6.8461 2.19285e-09 -0
800.25 4 9.71274 2.12736e-09 -0
800.25 4 13.7797 2.0318e-09 -0
800.25 4 19.5497 1.94175e-09 -0
800.25 4 27.7356 1.80366e-09 -0
800.25 4 39.3493 1.63116e-09 -0
800.25 4 55.8259 1.44244e-09 -0
800.25 4 79.2016 1.22739e-09 -0
800.25 4 112.365 1.00115e-09 -0
800.25 4 159.416 7.78962e-10 -0
800.25 4 226.168 5.74276e-10 -0
800.25 4 320.87 4.00752e-10 -0
800.25 4 455.227 2.66239e-10 -0
800.25 4 645.842 1.69042e-10 -0
800.25 4 916.274 1.02756e-10 -0
800.25 4 1299.94 6.03428e-11 -0
800.25 4 1844.26 3.45143e-11 -0
800.25 4 2616.5 1.93284e-11 -0
800.25 4 3712.11 1.06211e-11 -0
800.25 4 5266.46 5.75013e-12 -0
800.25 4 7471.67 3.07687e-12 -0
800.25 4 10600.3 1.62906e-12 -0
800.25 4 15038.9 8.53085e-13 -0
800.25 4 21336 4.41392e-13 -0
800.25 4 30270 2.25464e-13 -0
800.25 4 42944.9 1.13737e-13 -0
800.25 4 60927 5.67791e-14 -0
800.25 4 86438.8 2.81533e-14 -0
800.25 4 122633 1.39365e-14 -0
800.25 4 173983 6.93645e-15 -0
800.25 4 246834 3.47507e-15 -0
800.25 4 350190 1.72828e-15 -0
800.25 4 496824 8.47485e-16 -0
800.25 4 704857 3.93625e-16 -0
800.25 4 1e+06 1.48933e-16 -0

1951.29 4 1e-06 2.59273e-10 -0
1951.29 4 1.41873e-06 2.59273e-10 -0
1951.29 4 2.01279e-06 2.59273e-10 -0
1951.29 4 2.85559e-06 2.59273e-10 -0
1951.29 4 4.0513e-06 2.59273e-10 -0
1951.29 4 5.74769e-06 2.59273e-10 -0
1951.29 4 8.15441e-06 2.59273e-10 -0
1951.29 4 1.15689e-05 2.59273e-10 -0
1951.29 4 1.64131e-05 2.59273e-10 -0
1951.29 4 2.32857e-05 2.59273e-10 -0
1951.29 4 3.3036e-05 2.59273e-10 -0
1951.29 4 4.6869e-05 2.59273e-10 -0
1951.29 4 6.64944e-05 2.59273e-10 -0
1951.29 4 9.43373e-05 2.59273e-10 -0
1951.29 4 0.000133839 2.59273e-10 -0
1951.29 4 0.000189881 2.59273e-10 -0
1951.29 4 0.000269389 2.59273e-10 -0
1951.29 4 0.000382189 2.59273e-10 -0
1951.29 4 0.000542222 2.59273e-10 -0
1951.29 4 0.000769265 2.59273e-10 -0
1951.29 4 0.00109138 2.59272e-10 -0
1951.29 4 0.00154837 2.59272e-10 -0
1951.29 4 0.00219671 2.59271e-10 -0
1951.29 4 0.00311653 2.5927e-10 -0
1951.29 4 0.0044215 2.59269e-10 -0
1951.29 4 0.0062729 2.59267e-10 -0
1951.29 4 0.00889953 2.59265e-10 -0
1951.29 4 0.012626 2.59261e-10 -0
1951.29 4 0.0179128 2.59256e-10 -0
1951.29 4 0.0254134 2.59249e-10 -0
1951.29 4 0.0360547 2.59239e-10 -0
1951.29 4 0.0511518 2.59225e-10 -0
1951.29 4 0.0725704 2.59205e-10 -0
1951.29 4 0.102958 2.59177e-10 -0
1951.29 4 0.146069 2.59137e-10 -0
1951.29 4 0.207231 2.59077e-10 -0
1951.29 4 0.294005 2.58982e-10 -0
1951.29 4 0.417112 2.58832e-10 -0
1951.29 4 0.591769 2.58599e-10 -0
1951.29 4 0.839558 2.58282e-10 -0
1951.29 4 1.1911 2.57919e-10 -0
1951.29 4 1.68985 2.57478e-10 -0
1951.29 4 2.39743 2.5668e-10 -0
1951.29 4 3.4013 2.55324e-10 -0
1951.29 4 4.82552 2.53785e-10 -0
1951.29 4 6.8461 2.51979e-10 -0
1951.29 4 9.71274 2.48792e-10 -0
1951.29 4 13.7797 2.43951e-10 -0
1951.29 4 19.5497 2.39275e-10 -0
1951.29 4 27.7356 2.31703e-10 -0
1951.29 4 39.3493 2.21324e-10 -0
1951.29 4 55.8259 2.08977e-10 -0
1951.29 4 79.2016 1.93213e-10 -0
1951.29 4 112.365 1.74175e-10 -0
1951.29 4 159.416 1.52218e-10 -0
1951.29 4 226.168 1.2792e-10 -0
1951.29 4 320.87 1.02745e-10 -0
1951.29 4 455.227 7.87872e-11 -0
1951.29 4 645.842 5.75008e-11 -0
1951.29 4 916.274 3.97384e-11 -0
1951.29 4 1299.94 2.61684e-11 -0
1951.29 4 1844.26 1.65346e-11 -0
1951.29 4 2616.5 1.00699e-11 -0
1951.29 4 3712.11 5.92398e-12 -0
1951.29 4 5266.46 3.38505e-12 -0
1951.29 4 7471.67 1.88781e-12 -0
1951.29 4 10600.3 1.02986e-12 -0
1951.29 4 15038.9 5.49781e-13 -0
1951.29 4 21336 2.87009e-13 -0
1951.29 4 30270 1.46394e-13 -0
1951.29 4 42944.9 7.29584e-14 -0
1951.29 4 60927 3.55902e-14 -0
1951.29 4 86438.8 1.70628e-14 -0
1951.29 4 122633 8.09249e-15 -0
1951.29 4 173983 3.83262e-15 -0
1951.29 4 246834 1.82302e-15 -0
1951.29 4 350190 8.64639e-16 -0
1951.29 4 496824 4.07145e-16 -0
1951.29 4 704857 1.83669e-16 -0
1951.29 4 1e+06 6.91465e-17 -0

4757.94 4 1e-06 3.1547e-11 -0
4757.94 4 1.41873e-06 3.1547e-11 -0
4757.94 4 2.01279e-06 3.1547e-11 -0
4757.94 4 2.85559e-06 3.1547e-11 -0
4757.94 4 4.0513e-06 3.1547e-11 -0
4757.94 4 5.74769e-06 3.1547e-11 -0
4757.94 4 8.15441e-06 3.1547e-11 -0
4757.94 4 1.15689e-05 3.1547e-11 -0
4757.94 4 1.64131e-05 3.1547e-11 -0
4757.94 4 2.32857e-05 3.1547e-11 -0
4757.94 4 3.3036e-05 3.1547e-11 -0
4757.94 4 4.6869e-05 3.1547e-11 -0
4757.94 4 6.64944e-05 3.1547e-11 -0
4757.94 4 9.43373e-05 3.1547e-11 -0
4757.94 4 0.000133839 3.1547e-11 -0
4757.94 4 0.000189881 3.1547e-11 -0
4757.94 4 0.000269389 3.1547e-11 -0
4757.94 4 0.000382189 3.1547e-11 -0
4757.94 4 0.000542222 3.1547e-11 -0
4757.94 4 0.000769265 3.15469e-11 -0
4757.94 4 0.00109138 3.15469e-11 -0
4757.94 4 0.00154837 3.15469e-11 -0
4757.94 4 0.00219671 3.15469e-11 -0
4757.94 4 0.00311653 3.15468e-11 -0
4757.94 4 0.0044215 3.15468e-11 -0
4757.94 4 0.0062729 3.15467e-11 -0
4757.94 4 0.00889953 3.15466e-11 -0
4757.94 4 0.012626 3.15464e-11 -0
4757.94 4 0.0179128 3.15462e-11 -0
4757.94 4 0.0254134 3.15459e-11 -0
4757.94 4 0.0360547 3.15454e-11 -0
4757.94 4 0.0511518 3.15448e-11 -0
4757.94 4 0.0725704 3.15439e-11 -0
4757.94 4 0.102958 3.15427e-11 -0
4757.94 4 0.146069 3.15409e-11 -0
4757.94 4 0.207231 3.15382e-11 -0
4757.94 4 0.294005 3.15339e-11 -0
4757.94 4 0.417112 3.15269e-11 -0
4757.94 4 0.591769 3.1516e-11 -0
4757.94 4 0.839558 3.15012e-11 -0
4757.94 4 1.1911 3.14847e-11 -0
4757.94 4 1.68985 3.14652e-11 -0
4757.94 4 2.39743 3.14281e-11 -0
4757.94 4 3.4013 3.13632e-11 -0
4757.94 4 4.82552 3.12915e-11 -0
4757.94 4 6.8461 3.12092e-11 -0
4757.94 4 9.71274 3.10562e-11 -0
4757.94 4 13.7797 3.08171e-11 -0
4757.94 4 19.5497 3.05938e-11 -0
4757.94 4 27.7356 3.02137e-11 -0
4757.94 4 39.3493 2.96644e-11 -0
4757.94 4 55.8259 2.89875e-11 -0
4757.94 4 79.2016 2.80638e-11 -0
4757.94 4 112.365 2.68484e-11 -0
4757.94 4 159.416 2.5286e-11 -0
4757.94 4 226.168 2.3306e-11 -0
4757.94 4 320.87 2.08897e-11 -0
4757.94 4 455.227 1.81231e-11 -0
4757.94 4 645.842 1.51148e-11 -0
4757.94 4 916.274 1.2007e-11 -0
4757.94 4 1299.94 9.07985e-12 -0
4757.94 4 1844.26 6.54106e-12 -0
4757.94 4 2616.5 4.48676e-12 -0
4757.94 4 3712.11 2.92581e-12 -0
4757.94 4 5266.46 1.82245e-12 -0
4757.94 4 7471.67 1.09039e-12 -0
4757.94 4 10600.3 6.28944e-13 -0
4757.94 4 15038.9 3.50377e-13 -0
4757.94 4 21336 1.88618e-13 -0
4757.94 4 30270 9.8111e-14 -0
4757.94 4 42944.9 4.93208e-14 -0
4757.94 4 60927 2.3997e-14 -0
4757.94 4 86438.8 1.13402e-14 -0
4757.94 4 122633 5.23716e-15 -0
4757.94 4 173983 2.38597e-15 -0
4757.94 4 246834 1.08131e-15 -0
4757.94 4 350190 4.87204e-16 -0
4757.94 4 496824 2.18262e-16 -0
4757.94 4 704857 9.4636e-17 -0
4757.94 4 1e+06 3.53998e-17 -0

11601.6 4 1e-06 4.55049e-12 -0
11601.6 4 1.41873e-06 4.55049e-12 -0
11601.6 4 2.01279e-06 4.55049e-12 -0
11601.6 4 2.85559e-06 4.55049e-12 -0
11601.6 4 4.0513e-06 4.55049e-12 -0
11601.6 4 5.74769e-06 4.55049e-12 -0
11601.6 4 8.15441e-06 4.55049e-12 -0
11601.6 4 1.15689e-05 4.55049e-12 -0
11601.6 4 1.64131e-05 4.55049e-12 -0
11601.6 4 2.32857e-05 4.55049e-12 -0
11601.6 4 3.3036e-05 4.55049e-12 -0
11601.6 4 4.6869e-05 4.55049e-12 -0
11601.6 4 6.64944e-05 4.55049e-12 -0
11601.6 4 9.43373e-05 4.55049e-12 -0
11601.6 4 0.000133839 4.55049e-12 -0
11601.6 4 0.000189881 4.55049e-12 -0
11601.6 4 0.000269389 4.55049e-12 -0
11601.6 4 0.000382189 4.55049e-12 -0
11601.6 4 0.000542222 4.55049e-12 -0
11601.6 4 0.000769265 4.55049e-12 -0
11601.6 4 0.00109138 4.55049e-12 -0
11601.6 4 0.00154837 4.55049e-12 -0
11601.6 4 0.00219671 4.55049e-12 -0
11601.6 4 0.00311653 4.55049e-12 -0
11601.6 4 0.0044215 4.55048e-12 -0
11601.6 4 0.0062729 4.55048e-12 -0
11601.6 4 0.00889953 4.55047e-12 -0
11601.6 4 0.012626 4.55046e-12 -0
11601.6 4 0.0179128 4.55045e-12 -0
11601.6 4 0.0254134 4.55043e-12 -0
11601.6 4 0.0360547 4.5504e-12 -0
11601.6 4 0.0511518 4.55037e-12 -0
11601.6 4 0.0725704 4.55032e-12 -0
11601.6 4 0.102958 4.55024e-12 -0
11601.6 4 0.146069 4.55014e-12 -0
11601.6 4 0.207231 4.54998e-12 -0
11601.6 4 0.294005 4.54973e-12 -0
11601.6 4 0.417112 4.54932e-12 -0
11601.6 4 0.591769 4.54868e-12 -0
11601.6 4 0.839558 4.54781e-12 -0
11601.6 4 1.1911 4.54684e-12 -0
11601.6 4 1.68985 4.5457e-12 -0
11601.6 4 2.39743 4.54352e-12 -0
11601.6 4 3.4013 4.53969e-12 -0
11601.6 4 4.82552 4.53546e-12 -0
11601.6 4 6.8461 4.53061e-12 -0
11601.6 4 9.71274 4.52149e-12 -0
11601.6 4 13.7797 4.50716e-12 -0
11601.6 4 19.5497 4.49374e-12 -0
11601.6 4 27.7356 4.47065e-12 -0
11601.6 4 39.3493 4.43665e-12 -0
11601.6 4 55.8259 4.39399e-12 -0
11601.6 4 79.2016 4.33425e-12 -0
11601.6 4 112.365 4.25275e-12 -0
11601.6 4 159.416 4.14275e-12 -0
11601.6 4 226.168 3.99419e-12 -0
11601.6 4 320.87 3.79691e-12 -0
11601.6 4 455.227 3.5455e-12 -0
11601.6 4 645.842 3.23429e-12 -0
11601.6 4 916.274 2.85896e-12 -0
11601.6 4 1299.94 2.43649e-12 -0
11601.6 4 1844.26 1.99178e-12 -0
11601.6 4 2616.5 1.55224e-12 -0
11601.6 4 3712.11 1.14516e-12 -0
11601.6 4 5266.46 7.99488e-13 -0
11601.6 4 7471.67 5.2938e-13 -0
11601.6 4 10600.3 3.33209e-13 -0
11601.6 4 15038.9 1.99715e-13 -0
11601.6 4 21336 1.14117e-13 -0
11601.6 4 30270 6.22162e-14 -0
11601.6 4 42944.9 3.23974e-14 -0
11601.6 4 60927 1.61419e-14 -0
11601.6 4 86438.8 7.72073e-15 -0
11601.6 4 122633 3.56446e-15 -0
11601.6 4 173983 1.60163e-15 -0
11601.6 4 246834 7.06401e-16 -0
11601.6 4 350190 3.06792e-16 -0
11601.6 4 496824 1.31667e-16 -0
11601.6 4 704857 5.49056e-17 -0
11601.6 4 1e+06 2.04358e-17 -0

28288.7 4 1e-06 6.27388e-13 -0
28288.7 4 1.41873e-06 6.27388e-13 -0
28288.7 4 2.01279e-06 6.27388e-13 -0
28288.7 4 2.85559e-06 6.27388e-13 -0
28288.7 4 4.0513e-06 6.27388e-13 -0
28288.7 4 5.74769e-06 6.27388e-13 -0
28288.7 4 8.15441e-06 6.27388e-13 -0
28288.7 4 1.15689e-05 6.27388e-13 -0
28288.7 4 1.64131e-05 6.27388e-13 -0
28288.7 4 2.32857e-05 6.27388e-13 -0
28288.7 4 3.3036e-05 6.27388e-13 -0
28288.7 4 4.6869e-05 6.27388e-13 -0
28288.7 4 6.64944e-05 6.27388e-13 -0
28288.7 4 9.43373e-05 6.27388e-13 -0
28288.7 4 0.000133839 6.27388e-13 -0
28288.7 4 0.000189881 6.27388e-13 -0
28288.7 4 0.000269389 6.27388e-13 -0
28288.7 4 0.000382189 6.27388e-13 -0
28288.7 4 0.000542222 6.27388e-13 -0
28288.7 4 0.000769265 6.27388e-13 -0
28288.7 4 0.00109138 6.27388e-13 -0
28288.7 4 0.00154837 6.27388e-13 -0
28288.7 4 0.00219671 6.27388e-13 -0
28288.7 4 0.00311653 6.27388e-13 -0
28288.7 4 0.0044215 6.27387e-13 -0
28288.7 4 0.0062729 6.27387e-13 -0
28288.7 4 0.00889953 6.27387e-13 -0
28288.7 4 0.012626 6.27386e-13 -0
28288.7 4 0.0179128 6.27386e-13 -0
28288.7 4 0.0254134 6.27385e-13 -0
28288.7 4 0.0360547 6.27383e-13 -0
28288.7 4 0.0511518 6.27381e-13 -0
28288.7 4 0.0725704 6.27378e-13 -0
28288.7 4 0.102958 6.27374e-13 -0
28288.7 4 0.146069 6.27368e-13 -0
28288.7 4 0.207231 6.27359e-13 -0
28288.7 4 0.294005 6.27345e-13 -0
28288.7 4 0.417112 6.27321e-13 -0
28288.7 4 0.591769 6.27284e-13 -0
28288.7 4 0.839558 6.27234e-13 -0
28288.7 4 1.1911 6.27179e-13 -0
28288.7 4 1.68985 6.27116e-13 -0
28288.7 4 2.39743 6.26991e-13 -0
28288.7 4 3.4013 6.26768e-13 -0
28288.7 4 4.82552 6.26526e-13 -0
28288.7 4 6.8461 6.26253e-13 -0
28288.7 4 9.71274 6.25727e-13 -0
28288.7 4 13.7797 6.24893e-13 -0
28288.7 4 19.5497 6.24131e-13 -0
28288.7 4 27.7356 6.22797e-13 -0
28288.7 4 39.3493 6.2081e-13 -0
28288.7 4 55.8259 6.18315e-13 -0
28288.7 4 79.2016 6.1478e-13 -0
28288.7 4 112.365 6.09882e-13 -0
28288.7 4 159.416 6.03132e-13 -0
28288.7 4 226.168 5.93739e-13 -0
28288.7 4 320.87 5.80732e-13 -0
28288.7 4 455.227 5.63223e-13 -0
28288.7 4 645.842 5.39948e-13 -0
28288.7 4 916.274 5.09131e-13 -0
28288.7 4 1299.94 4.70087e-13 -0
28288.7 4 1844.26 4.22716e-13 -0
28288.7 4 2616.5 3.67585e-13 -0
28288.7 4 3712.11 3.06311e-13 -0
28288.7 4 5266.46 2.43137e-13 -0
28288.7 4 7471.67 1.83044e-13 -0
28288.7 4 10600.3 1.3027e-13 -0
28288.7 4 15038.9 8.7433e-14 -0
28288.7 4 21336 5.52594e-14 -0
28288.7 4 30270 3.28741e-14 -0
28288.7 4 42944.9 1.84229e-14 -0
28288.7 4 60927 9.74582e-15 -0
28288.7 4 86438.8 4.8839e-15 -0
28288.7 4 122633 2.33099e-15 -0
28288.7 4 173983 1.06779e-15 -0
28288.7 4 246834 4.73262e-16 -0
28288.7 4 350190 2.03897e-16 -0
28288.7 4 496824 8.58348e-17 -0
28288.7 4 704857 3.49801e-17 -0
28288.7 4 1e+06 1.30334e-17 -0

68977.9 4 1e-06 8.42311e-14 -0
68977.9 4 1.41873e-06 8.42311e-14 -0
68977.9 4 2.01279e-06 8.42311e-14 -0
68977.9 4 2.85559e-06 8.42311e-14 -0
68977.9 4 4.0513e-06 8.42311e-14 -0
68977.9 4 5.74769e-06 8.42311e-14 -0
68977.9 4 8.15441e-06 8.42311e-14 -0
68977.9 4 1.15689e-05 8.42311e-14 -0
68977.9 4 1.64131e-05 8.42311e-14 -0
68977.9 4 2.32857e-05 8.42311e-14 -0
68977.9 4 3.3036e-05 8.42311e-14 -0
68977.9 4 4.6869e-05 8.42311e-14 -0
68977.9 4 6.64944e-05 8.42311e-14 -0
68977.9 4 9.43373e-05 8.42311e-14 -0
68977.9 4 0.000133839 8.42311e-14 -0
68977.9 4 0.000189881 8.42311e-14 -0
68977.9 4 0.000269389 8.42311e-14 -0
68977.9 4 0.000382189 8.42311e-14 -0
68977.9 4 0.000542222 8.42311e-14 -0
68977.9 4 0.000769265 8.42311e-14 -0
68977.9 4 0.00109138 8.42311e-14 -0
68977.9 4 0.00154837 8.42311e-14 -0
68977.9 4 0.00219671 8.42311e-14 -0
68977.9 4 0.00311653 8.42311e-14 -0
68977.9 4 0.0044215 8.4231e-14 -0
68977.9 4 0.0062729 8.4231e-14 -0
68977.9 4 0.00889953 8.4231e-14 -0
68977.9 4 0.012626 8.4231e-14 -0
68977.9 4 0.0179128 8.42309e-14 -0
68977.9 4 0.0254134 8.42309e-14 -0
68977.9 4 0.0360547 8.42308e-14 -0
68977.9 4 0.0511518 8.42307e-14 -0
68977.9 4 0.0725704 8.42305e-14 -0
68977.9 4 0.102958 8.42303e-14 -0
68977.9 4 0.146069 8.42299e-14 -0
68977.9 4 0.207231 8.42294e-14 -0
68977.9 4 0.294005 8.42286e-14 -0
68977.9 4 0.417112 8.42272e-14 -0
68977.9 4 0.591769 8.4225e-14 -0
68977.9 4 0.839558 8.4222e-14 -0
68977.9 4 1.1911 8.42188e-14 -0
68977.9 4 1.68985 8.42151e-14 -0
68977.9 4 2.39743 8.42078e-14 -0
68977.9 4 3.4013 8.41945e-14 -0
68977.9 4 4.82552 8.41803e-14 -0
68977.9 4 6.8461 8.41645e-14 -0
68977.9 4 9.71274 8.41333e-14 -0
68977.9 4 13.7797 8.40836e-14 -0
68977.9 4 19.5497 8.40396e-14 -0
68977.9 4 27.7356 8.3961e-14 -0
68977.9 4 39.3493 8.3843e-14 -0
68977.9 4 55.8259 8.36957e-14 -0
68977.9 4 79.2016 8.3486e-14 -0
68977.9 4 112.365 8.31939e-14 -0
68977.9 4 159.416 8.2788e-14 -0
68977.9 4 226.168 8.22159e-14 -0
68977.9 4 320.87 8.14095e-14 -0
68977.9 4 455.227 8.02978e-14 -0
68977.9 4 645.842 7.87721e-14 -0
68977.9 4 916.274 7.66588e-14 -0
68977.9 4 1299.94 7.38147e-14 -0
68977.9 4 1844.26 7.00831e-14 -0
68977.9 4 2616.5 6.52925e-14 -0
68977.9 4 3712.11 5.92774e-14 -0
68977.9 4 5266.46 5.20934e-14 -0
68977.9 4 7471.67 4.40042e-14 -0
68977.9 4 10600.3 3.5469e-14 -0
68977.9 4 15038.9 2.70842e-14 -0
68977.9 4 21336 1.9463e-14 -0
68977.9 4 30270 1.30921e-14 -0
68977.9 4 42944.9 8.21667e-15 -0
68977.9 4 60927 4.80792e-15 -0
68977.9 4 86438.8 2.62807e-15 -0
68977.9 4 122633 1.34814e-15 -0
68977.9 4 173983 6.53698e-16 -0
68977.9 4 246834 3.01901e-16 -0
68977.9 4 350190 1.33481e-16 -0
68977.9 4 496824 5.68409e-17 -0
68977.9 4 704857 2.32024e-17 -0
68977.9 4 1e+06 8.74285e-18 -0

168192 4 1e-06 1.07074e-14 -0
168192 4 1.41873e-06 1.07074e-14 -0
168192 4 2.01279e-06 1.07074e-14 -0
168192 4 2.85559e-06 1.07074e-14 -0
168192 4 4.0513e-06 1.07074e-14 -0
168192 4 5.74769e-06 1.07074e-14 -0
168192 4 8.15441e-06 1.07074e-14 -0
168192 4 1.15689e-05 1.07074e-14 -0
168192 4 1.64131e-05 1.07074e-14 -0
168192 4 2.32857e-05 1.07074e-14 -0
168192 4 3.3036e-05 1.07074e-14 -0
168192 4 4.6869e-05 1.07074e-14 -0
168192 4 6.64944e-05 1.07074e-14 -0
168192 4 9.43373e-05 1.07074e-14 -0
168192 4 0.000133839 1.07074e-14 -0
168192 4 0.000189881 1.07074e-14 -0
168192 4 0.000269389 1.07074e-14 -0
168192 4 0.000382189 1.07074e-14 -0
168192 4 0.000542222 1.07074e-14 -0
168192 4 0.000769265 1.07074e-14 -0
168192 4 0.00109138 1.07074e-14 -0
168192 4 0.00154837 1.07074e-14 -0
168192 4 0.00219671 1.07074e-14 -0
168192 4 0.00311653 1.07074e-14 -0
168192 4 0.0044215 1.07074e-14 -0
168192 4 0.0062729 1.07074e-14 -0
168192 4 0.00889953 1.07074e-14 -0
168192 4 0.012626 1.07074e-14 -0
168192 4 0.0179128 1.07074e-14 -0
168192 4 0.0254134 1.07074e-14 -0
168192 4 0.0360547 1.07074e-14 -0
168192 4 0.0511518 1.07074e-14 -0
168192 4 0.0725704 1.07073e-14 -0
168192 4 0.102958 1.07073e-14 -0
168192 4 0.146069 1.07073e-14 -0
168192 4 0.207231 1.07073e-14 -0
168192 4 0.294005 1.07072e-14 -0
168192 4 0.417112 1.07072e-14 -0
168192 4 0.591769 1.0707e-14 -0
168192 4 0.839558 1.07069e-14 -0
168192 4 1.1911 1.07067e-14 -0
168192 4 1.68985 1.07065e-14 -0
168192 4 2.39743 1.0706e-14 -0
168192 4 3.4013 1.07053e-14 -0
168192 4 4.82552 1.07045e-14 -0
168192 4 6.8461 1.07036e-14 -0
168192 4 9.71274 1.07018e-14 -0
168192 4 13.7797 1.06989e-14 -0
168192 4 19.5497 1.06964e-14 -0
168192 4 27.7356 1.0692e-14 -0
168192 4 39.3493 1.06852e-14 -0
168192 4 55.8259 1.06768e-14 -0
168192 4 79.2016 1.06649e-14 -0
168192 4 112.365 1.06482e-14 -0
168192 4 159.416 1.06251e-14 -0
168192 4 226.168 1.05923e-14 -0
168192 4 320.87 1.05456e-14 -0
168192 4 455.227 1.04806e-14 -0
168192 4 645.842 1.03902e-14 -0
168192 4 916.274 1.02622e-14 -0
168192 4 1299.94 1.00849e-14 -0
168192 4 1844.26 9.84316e-15 -0
168192 4 2616.5 9.51643e-15 -0
168192 4 3712.11 9.07681e-15 -0
168192 4 5266.46 8.50218e-15 -0
168192 4 7471.67 7.77721e-15 -0
168192 4 10600.3 6.89961e-15 -0
168192 4 15038.9 5.88868e-15 -0
168192 4 21336 4.79131e-15 -0
168192 4 30270 3.68143e-15 -0
168192 4 42944.9 2.64791e-15 -0
168192 4 60927 1.77111e-15 -0
168192 4 86438.8 1.09803e-15 -0
168192 4 122633 6.31408e-16 -0
168192 4 173983 3.38246e-16 -0
168192 4 246834 1.69703e-16 -0
168192 4 350190 8.00564e-17 -0
168192 4 496824 3.57258e-17 -0
168192 4 704857 1.50426e-17 -0
168192 4 1e+06 5.81973e-18 -0

410113 4 1e-06 1.11553e-15 -0
410113 4 1.41873e-06 1.11553e-15 -0
410113 4 2.01279e-06 1.11553e-15 -0
410113 4 2.85559e-06 1.11553e-15 -0
410113 4 4.0513e-06 1.11553e-15 -0
410113 4 5.74769e-06 1.11553e-15 -0
410113 4 8.15441e-06 1.11553e-15 -0
410113 4 1.15689e-05 1.11553e-15 -0
410113 4 1.64131e-05 1.11553e-15 -0
410113 4 2.32857e-05 1.11553e-15 -0
410113 4 3.3036e-05 1.11553e-15 -0
410113 4 4.6869e-05 1.11553e-15 -0
410113 4 6.64944e-05 1.11553e-15 -0
410113 4 9.43373e-05 1.11553e-15 -0
410113 4 0.000133839 1.11553e-15 -0
410113 4 0.000189881 1.11553e-15 -0
410113 4 0.000269389 1.11553e-15 -0
410113 4 0.000382189 1.11553e-15 -0
410113 4 0.000542222 1.11553e-15 -0
410113 4 0.000769265 1.11553e-15 -0
410113 4 0.00109138 1.11553e-15 -0
410113 4 0.00154837 1.11553e-15 -0
410113 4 0.00219671 1.11553e-15 -0
410113 4 0.00311653 1.11553e-15 -0
410113 4 0.0044215 1.11553e-15 -0
410113 4 0.0062729 1.11553e-15 -0
410113 4 0.00889953 1.11553e-15 -0
410113 4 0.012626 1.11553e-15 -0
410113 4 0.0179128 1.11553e-15 -0
410113 4 0.0254134 1.11553e-15 -0
410113 4 0.0360547 1.11553e-15 -0
410113 4 0.0511518 1.11552e-15 -0
410113 4 0.0725704 1.11552e-15 -0
410113 4 0.102958 1.11552e-15 -0
410113 4 0.146069 1.11552e-15 -0
410113 4 0.207231 1.11552e-15 -0
410113 4 0.294005 1.11552e-15 -0
410113 4 0.417112 1.11551e-15 -0
410113 4 0.591769 1.11551e-15 -0
410113 4 0.839558 1.1155e-15 -0
410113 4 1.1911 1.11549e-15 -0
410113 4 1.68985 1.11548e-15 -0
410113 4 2.39743 1.11546e-15 -0
410113 4 3.4013 1.11542e-15 -0
410113 4 4.82552 1.11538e-15 -0
410113 4 6.8461 1.11534e-15 -0
410113 4 9.71274 1.11525e-15 -0
410113 4 13.7797 1.11509e-15 -0
410113 4 19.5497 1.11498e-15 -0
410113 4 27.7356 1.11476e-15 -0
410113 4 39.3493 1.11442e-15 -0
410113 4 55.8259 1.11402e-15 -0
410113 4 79.2016 1.11345e-15 -0
410113 4 112.365 1.11265e-15 -0
410113 4 159.416 1.11154e-15 -0
410113 4 226.168 1.10996e-15 -0
410113 4 320.87 1.10771e-15 -0
410113 4 455.227 1.10457e-15 -0
410113 4 645.842 1.10018e-15 -0
410113 4 916.274 1.09389e-15 -0
410113 4 1299.94 1.08507e-15 -0
410113 4 1844.26 1.07286e-15 -0
410113 4 2616.5 1.056e-15 -0
410113 4 3712.11 1.03251e-15 -0
410113 4 5266.46 1.00039e-15 -0
410113 4 7471.67 9.5736e-16 -0
410113 4 10600.3 9.01011e-16 -0
410113 4 15038.9 8.2926e-16 -0
410113 4 21336 7.4105e-16 -0
410113 4 30270 6.3738e-16 -0
410113 4 42944.9 5.22406e-16 -0
410113 4 60927 4.03862e-16 -0
410113 4 86438.8 2.91872e-16 -0
410113 4 122633 1.95996e-16 -0
410113 4 173983 1.21947e-16 -0
410113 4 246834 7.01594e-17 -0
410113 4 350190 3.72576e-17 -0
410113 4 496824 1.83109e-17 -0
410113 4 704857 8.2914e-18 -0
410113 4 1e+06 3.37929e-18 -0

1e+06 4 1e-06 1.04503e-16 -0
1e+06 4 1.41873e-06 1.04503e-16 -0
1e+06 4 2.01279e-06 1.04503e-16 -0
1e+06 4 2.85559e-06 1.04503e-16 -0
1e+06 4 4.0513e-06 1.04503e-16 -0
1e+06 4 5.74769e-06 1.04503e-16 -0
1e+06 4 8.15441e-06 1.04503e-16 -0
1e+06 4 1.15689e-05 1.04503e-16 -0
1e+06 4 1.64131e-05 1.04503e-16 -0
1e+06 4 2.32857e-05 1.04503e-16 -0
1e+06 4 3.3036e-05 1.04503e-16 -0
1e+06 4 4.6869e-05 1.04503e-16 -0
1e+06 4 6.64944e-05 1.04503e-16 -0
1e+06 4 9.43373e-05 1.04503e-16 -0
1e+06 4 0.000133839 1.04503e-16 -0
1e+06 4 0.000189881 1.04503e-16 -0
1e+06 4 0.000269389 1.04503e-16 -0
1e+06 4 0.000382189 1.04503e-16 -0
1e+06 4 0.000542222 1.04503e-16 -0
1e+06 4 0.000769265 1.04503e-16 -0
1e+06 4 0.00109138 1.04503e-16 -0
1e+06 4 0.00154837 1.04503e-16 -0
1e+06 4 0.00219671 1.04503e-16 -0
1e+06 4 0.00311653 1.04503e-16 -0
1e+06 4 0.0044215 1.04503e-16 -0
1e+06 4 0.0062729 1.04503e-16 -0
1e+06 4 0.00889953 1.04503e-16 -0
1e+06 4 0.012626 1.04503e-16 -0
1e+06 4 0.0179128 1.04503e-16 -0
1e+06 4 0.0254134 1.04503e-16 -0
1e+06 4 0.0360547 1.04503e-16 -0
1e+06 4 0.0511518 1.04503e-16 -0
1e+06 4 0.0725704 1.04503e-16 -0
1e+06 4 0.102958 1.04503e-16 -0
1e+06 4 0.146069 1.04503e-16 -0
1e+06 4 0.207231 1.04502e-16 -0
1e+06 4 0.294005 1.04502e-16 -0
1e+06 4 0.417112 1.04502e-16 -0
1e+06 4 0.591769 1.04502e-16 -0
1e+06 4 0.839558 1.04501e-16 -0
1e+06 4 1.1911 1.04501e-16 -0
1e+06 4 1.68985 1.04501e-16 -0
1e+06 4 2.39743 1.045e-16 -0
1e+06 4 3.4013 1.04497e-16 -0
1e+06 4 4.82552 1.04496e-16 -0
1e+06 4 6.8461 1.04494e-16 -0
1e+06 4 9.71274 1.0449e-16 -0
1e+06 4 13.7797 1.04482e-16 -0
1e+06 4 19.5497 1.04478e-16 -0
1e+06 4 27.7356 1.04468e-16 -0
1e+06 4 39.3493 1.04451e-16 -0
1e+06 4 55.8259 1.04434e-16 -0
1e+06 4 79.2016 1.04408e-16 -0
1e+06 4 112.365 1.04373e-16 -0
1e+06 4 159.416 1.04325e-16 -0
1e+06 4 226.168 1.04257e-16 -0
1e+06 4 320.87 1.04158e-16 -0
1e+06 4 455.227 1.04021e-16 -0
1e+06 4 645.842 1.03831e-16 -0
1e+06 4 916.274 1.03555e-16 -0
1e+06 4 1299.94 1.03165e-16 -0
1e+06 4 1844.26 1.02624e-16 -0
1e+06 4 2616.5 1.01872e-16 -0
1e+06 4 3712.11 1.00805e-16 -0
1e+06 4 5266.46 9.93113e-17 -0
1e+06 4 7471.67 9.72519e-17 -0
1e+06 4 10600.3 9.44475e-17 -0
1e+06 4 15038.9 9.06824e-17 -0
1e+06 4 21336 8.5714e-17 -0
1e+06 4 30270 7.93068e-17 -0
1e+06 4 42944.9 7.13064e-17 -0
1e+06 4 60927 6.17557e-17 -0
1e+06 4 86438.8 5.10188e-17 -0
1e+06 4 122633 3.98187e-17 -0
1e+06 4 173983 2.9088e-17 -0
1e+06 4 246834 1.96794e-17 -0
1e+06 4 350190 1.21989e-17 -0
1e+06 4 496824 6.88486e-18 -0
1e+06 4 704857 3.4923e-18 -0
1e+06 4 1e+06 1.54817e-18 -0

