#q_sq i k_sq Re(fg) Im(fg)
1e-06 0 1e-06 2869.12 0
1e-06 0 1.55052e-06 2869.12 0
1e-06 0 2.4041e-06 2869.12 0
1e-06 0 3.72759e-06 2869.13 0
1e-06 0 5.77969e-06 2869.14 0
1e-06 0 8.96151e-06 2869.15 0
1e-06 0 1.3895e-05 2869.16 0
1e-06 0 2.15443e-05 2869.19 0
1e-06 0 3.34048e-05 2869.23 0
1e-06 0 5.17947e-05 2869.29 0
1e-06 0 8.03086e-05 2869.38 0
1e-06 0 0.00012452 2869.53 0
1e-06 0 0.00019307 2869.76 0
1e-06 0 0.000299358 2870.11 0
1e-06 0 0.000464159 2870.66 0
1e-06 0 0.000719686 2871.5 0
1e-06 0 0.00111588 2872.8 0
1e-06 0 0.0017302 2874.8 0
1e-06 0 0.0026827 2877.87 0
1e-06 0 0.00415956 2882.53 0
1e-06 0 0.00644947 2889.53 0
1e-06 0 0.01 2899.84 0
1e-06 0 0.0155052 2914.56 0
1e-06 0 0.024041 2934.39 0
1e-06 0 0.0372759 2958.39 0
1e-06 0 0.0577969 2980.37 0
1e-06 0 0.0896151 2982.42 0
1e-06 0 0.13895 2923.19 0
1e-06 0 0.215443 2714.33 0
1e-06 0 0.334048 2194.98 0
1e-06 0 0.517947 1106.42 0
1e-06 0 0.803086 -827.492 0
1e-06 0 1.2452 -3184.95 0
1e-06 0 1.9307 -5029.89 0
1e-06 0 2.99358 -7855.38 0
1e-06 0 4.64159 -10210.3 0
1e-06 0 7.19686 -7189.67 0
1e-06 0 11.1588 -10265.1 0
1e-06 0 17.302 -5411.69 0
1e-06 0 26.827 -153.412 0
1e-06 0 41.5956 275.524 0
1e-06 0 64.4947 201.473 0
1e-06 0 100 289.558 0
1e-06 0 155.052 171.542 0
1e-06 0 240.41 6.31729 0
1e-06 0 372.759 80.5896 0
1e-06 0 577.969 84.9346 0
1e-06 0 896.151 -90.9241 0
1e-06 0 1389.5 -135.045 0
1e-06 0 2154.43 -133.2 0
1e-06 0 3340.48 -149.602 0
1e-06 0 5179.47 -186.544 0
1e-06 0 8030.86 -262.719 0
1e-06 0 12452 -296.328 0
1e-06 0 19307 -304.663 0
1e-06 0 29935.8 -309.952 0
1e-06 0 46415.9 -306.658 0
1e-06 0 71968.6 -301.011 0
1e-06 0 111588 -303.261 0
1e-06 0 173020 -257.716 0
1e-06 0 268270 -228.861 0
1e-06 0 415956 -190.357 0
1e-06 0 644947 -144.449 0
1e-06 0 1e+06 -56.8112 0

2.43835e-06 0 1e-06 1177 0
2.43835e-06 0 1.55052e-06 1177 0
2.43835e-06 0 2.4041e-06 1177 0
2.43835e-06 0 3.72759e-06 1177.01 0
2.43835e-06 0 5.77969e-06 1177.01 0
2.43835e-06 0 8.96151e-06 1177.01 0
2.43835e-06 0 1.3895e-05 1177.02 0
2.43835e-06 0 2.15443e-05 1177.03 0
2.43835e-06 0 3.34048e-05 1177.05 0
2.43835e-06 0 5.17947e-05 1177.07 0
2.43835e-06 0 8.03086e-05 1177.11 0
2.43835e-06 0 0.00012452 1177.17 0
2.43835e-06 0 0.00019307 1177.26 0
2.43835e-06 0 0.000299358 1177.41 0
2.43835e-06 0 0.000464159 1177.63 0
2.43835e-06 0 0.000719686 1177.98 0
2.43835e-06 0 0.00111588 1178.51 0
2.43835e-06 0 0.0017302 1179.33 0
2.43835e-06 0 0.0026827 1180.59 0
2.43835e-06 0 0.00415956 1182.5 0
2.43835e-06 0 0.00644947 1185.37 0
2.43835e-06 0 0.01 1189.59 0
2.43835e-06 0 0.0155052 1195.62 0
2.43835e-06 0 0.024041 1203.75 0
2.43835e-06 0 0.0372759 1213.59 0
2.43835e-06 0 0.0577969 1222.59 0
2.43835e-06 0 0.0896151 1223.41 0
2.43835e-06 0 0.13895 1199.09 0
2.43835e-06 0 0.215443 1113.39 0
2.43835e-06 0 0.334048 900.352 0
2.43835e-06 0 0.517947 453.872 0
2.43835e-06 0 0.803086 -339.297 0
2.43835e-06 0 1.2452 -1306.15 0
2.43835e-06 0 1.9307 -2062.8 0
2.43835e-06 0 2.99358 -3221.58 0
2.43835e-06 0 4.64159 -4187.36 0
2.43835e-06 0 7.19686 -2948.57 0
2.43835e-06 0 11.1588 -4209.87 0
2.43835e-06 0 17.302 -2219.4 0
2.43835e-06 0 26.827 -62.9152 0
2.43835e-06 0 41.5956 112.997 0
2.43835e-06 0 64.4947 82.6269 0
2.43835e-06 0 100 118.752 0
2.43835e-06 0 155.052 70.3518 0
2.43835e-06 0 240.41 2.5909 0
2.43835e-06 0 372.759 33.0509 0
2.43835e-06 0 577.969 34.8328 0
2.43835e-06 0 896.151 -37.2891 0
2.43835e-06 0 1389.5 -55.3837 0
2.43835e-06 0 2154.43 -54.6272 0
2.43835e-06 0 3340.48 -61.3538 0
2.43835e-06 0 5179.47 -76.5042 0
2.43835e-06 0 8030.86 -107.744 0
2.43835e-06 0 12452 -121.528 0
2.43835e-06 0 19307 -124.946 0
2.43835e-06 0 29935.8 -127.115 0
2.43835e-06 0 46415.9 -125.764 0
2.43835e-06 0 71968.6 -123.448 0
2.43835e-06 0 111588 -124.371 0
2.43835e-06 0 173020 -105.692 0
2.43835e-06 0 268270 -93.8586 0
2.43835e-06 0 415956 -78.0677 0
2.43835e-06 0 644947 -59.2402 0
2.43835e-06 0 1e+06 -23.299 0

5.94557e-06 0 1e-06 483.04 0
5.94557e-06 0 1.55052e-06 483.041 0
5.94557e-06 0 2.4041e-06 483.041 0
5.94557e-06 0 3.72759e-06 483.042 0
5.94557e-06 0 5.77969e-06 483.043 0
5.94557e-06 0 8.96151e-06 483.045 0
5.94557e-06 0 1.3895e-05 483.047 0
5.94557e-06 0 2.15443e-05 483.052 0
5.94557e-06 0 3.34048e-05 483.058 0
5.94557e-06 0 5.17947e-05 483.069 0
5.94557e-06 0 8.03086e-05 483.085 0
5.94557e-06 0 0.00012452 483.109 0
5.94557e-06 0 0.00019307 483.147 0
5.94557e-06 0 0.000299358 483.207 0
5.94557e-06 0 0.000464159 483.298 0
5.94557e-06 0 0.000719686 483.44 0
5.94557e-06 0 0.00111588 483.658 0
5.94557e-06 0 0.0017302 483.994 0
5.94557e-06 0 0.0026827 484.509 0
5.94557e-06 0 0.00415956 485.291 0
5.94557e-06 0 0.00644947 486.466 0
5.94557e-06 0 0.01 488.197 0
5.94557e-06 0 0.0155052 490.666 0
5.94557e-06 0 0.024041 493.994 0
5.94557e-06 0 0.0372759 498.018 0
5.94557e-06 0 0.0577969 501.695 0
5.94557e-06 0 0.0896151 502.012 0
5.94557e-06 0 0.13895 492.009 0
5.94557e-06 0 0.215443 456.828 0
5.94557e-06 0 0.334048 369.41 0
5.94557e-06 0 0.517947 186.252 0
5.94557e-06 0 0.803086 -139.082 0
5.94557e-06 0 1.2452 -535.633 0
5.94557e-06 0 1.9307 -845.961 0
5.94557e-06 0 2.99358 -1321.2 0
5.94557e-06 0 4.64159 -1717.28 0
5.94557e-06 0 7.19686 -1209.24 0
5.94557e-06 0 11.1588 -1726.52 0
5.94557e-06 0 17.302 -910.203 0
5.94557e-06 0 26.827 -25.8016 0
5.94557e-06 0 41.5956 46.3418 0
5.94557e-06 0 64.4947 33.8867 0
5.94557e-06 0 100 48.7018 0
5.94557e-06 0 155.052 28.8523 0
5.94557e-06 0 240.41 1.06266 0
5.94557e-06 0 372.759 13.5546 0
5.94557e-06 0 577.969 14.2854 0
5.94557e-06 0 896.151 -15.2927 0
5.94557e-06 0 1389.5 -22.7135 0
5.94557e-06 0 2154.43 -22.4033 0
5.94557e-06 0 3340.48 -25.1619 0
5.94557e-06 0 5179.47 -31.3754 0
5.94557e-06 0 8030.86 -44.1873 0
5.94557e-06 0 12452 -49.8401 0
5.94557e-06 0 19307 -51.242 0
5.94557e-06 0 29935.8 -52.1316 0
5.94557e-06 0 46415.9 -51.5776 0
5.94557e-06 0 71968.6 -50.6278 0
5.94557e-06 0 111588 -51.0062 0
5.94557e-06 0 173020 -43.3458 0
5.94557e-06 0 268270 -38.4926 0
5.94557e-06 0 415956 -32.0166 0
5.94557e-06 0 644947 -24.2952 0
5.94557e-06 0 1e+06 -9.55522 0

1.44974e-05 0 1e-06 198.41 0
1.44974e-05 0 1.55052e-06 198.41 0
1.44974e-05 0 2.4041e-06 198.41 0
1.44974e-05 0 3.72759e-06 198.41 0
1.44974e-05 0 5.77969e-06 198.411 0
1.44974e-05 0 8.96151e-06 198.412 0
1.44974e-05 0 1.3895e-05 198.413 0
1.44974e-05 0 2.15443e-05 198.414 0
1.44974e-05 0 3.34048e-05 198.417 0
1.44974e-05 0 5.17947e-05 198.421 0
1.44974e-05 0 8.03086e-05 198.428 0
1.44974e-05 0 0.00012452 198.438 0
1.44974e-05 0 0.00019307 198.454 0
1.44974e-05 0 0.000299358 198.478 0
1.44974e-05 0 0.000464159 198.515 0
1.44974e-05 0 0.000719686 198.573 0
1.44974e-05 0 0.00111588 198.662 0
1.44974e-05 0 0.0017302 198.8 0
1.44974e-05 0 0.0026827 199.01 0
1.44974e-05 0 0.00415956 199.33 0
1.44974e-05 0 0.00644947 199.81 0
1.44974e-05 0 0.01 200.518 0
1.44974e-05 0 0.0155052 201.527 0
1.44974e-05 0 0.024041 202.887 0
1.44974e-05 0 0.0372759 204.529 0
1.44974e-05 0 0.0577969 206.025 0
1.44974e-05 0 0.0896151 206.137 0
1.44974e-05 0 0.13895 202.01 0
1.44974e-05 0 0.215443 187.548 0
1.44974e-05 0 0.334048 151.655 0
1.44974e-05 0 0.517947 76.4931 0
1.44974e-05 0 0.803086 -56.9728 0
1.44974e-05 0 1.2452 -219.634 0
1.44974e-05 0 1.9307 -346.92 0
1.44974e-05 0 2.99358 -541.828 0
1.44974e-05 0 4.64159 -704.272 0
1.44974e-05 0 7.19686 -495.922 0
1.44974e-05 0 11.1588 -708.064 0
1.44974e-05 0 17.302 -373.285 0
1.44974e-05 0 26.827 -10.5808 0
1.44974e-05 0 41.5956 19.0059 0
1.44974e-05 0 64.4947 13.8977 0
1.44974e-05 0 100 19.9735 0
1.44974e-05 0 155.052 11.8328 0
1.44974e-05 0 240.41 0.435904 0
1.44974e-05 0 372.759 5.55899 0
1.44974e-05 0 577.969 5.85867 0
1.44974e-05 0 896.151 -6.27171 0
1.44974e-05 0 1389.5 -9.31509 0
1.44974e-05 0 2154.43 -9.18787 0
1.44974e-05 0 3340.48 -10.3192 0
1.44974e-05 0 5179.47 -12.8674 0
1.44974e-05 0 8030.86 -18.1218 0
1.44974e-05 0 12452 -20.4401 0
1.44974e-05 0 19307 -21.015 0
1.44974e-05 0 29935.8 -21.3798 0
1.44974e-05 0 46415.9 -21.1526 0
1.44974e-05 0 71968.6 -20.7631 0
1.44974e-05 0 111588 -20.9183 0
1.44974e-05 0 173020 -17.7767 0
1.44974e-05 0 268270 -15.7863 0
1.44974e-05 0 415956 -13.1304 0
1.44974e-05 0 644947 -9.96375 0
1.44974e-05 0 1e+06 -3.91872 0

3.53498e-05 0 1e-06 81.6812 0
3.53498e-05 0 1.55052e-06 81.6813 0
3.53498e-05 0 2.4041e-06 81.6814 0
3.53498e-05 0 3.72759e-06 81.6815 0
3.53498e-05 0 5.77969e-06 81.6817 0
3.53498e-05 0 8.96151e-06 81.682 0
3.53498e-05 0 1.3895e-05 81.6824 0
3.53498e-05 0 2.15443e-05 81.6832 0
3.53498e-05 0 3.34048e-05 81.6843 0
3.53498e-05 0 5.17947e-05 81.686 0
3.53498e-05 0 8.03086e-05 81.6886 0
3.53498e-05 0 0.00012452 81.6927 0
3.53498e-05 0 0.00019307 81.6991 0
3.53498e-05 0 0.000299358 81.709 0
3.53498e-05 0 0.000464159 81.7242 0
3.53498e-05 0 0.000719686 81.7478 0
3.53498e-05 0 0.00111588 81.7841 0
3.53498e-05 0 0.0017302 81.8401 0
3.53498e-05 0 0.0026827 81.9257 0
3.53498e-05 0 0.00415956 82.0559 0
3.53498e-05 0 0.00644947 82.2514 0
3.53498e-05 0 0.01 82.5394 0
3.53498e-05 0 0.0155052 82.9496 0
3.53498e-05 0 0.024041 83.5016 0
3.53498e-05 0 0.0372759 84.1668 0
3.53498e-05 0 0.0577969 84.7679 0
3.53498e-05 0 0.0896151 84.7959 0
3.53498e-05 0 0.13895 83.0776 0
3.53498e-05 0 0.215443 77.1122 0
3.53498e-05 0 0.334048 62.3497 0
3.53498e-05 0 0.517947 31.4789 0
3.53498e-05 0 0.803086 -23.2991 0
3.53498e-05 0 1.2452 -90.0385 0
3.53498e-05 0 1.9307 -142.256 0
3.53498e-05 0 2.99358 -222.199 0
3.53498e-05 0 4.64159 -288.824 0
3.53498e-05 0 7.19686 -203.38 0
3.53498e-05 0 11.1588 -290.384 0
3.53498e-05 0 17.302 -153.087 0
3.53498e-05 0 26.827 -4.33855 0
3.53498e-05 0 41.5956 7.79506 0
3.53498e-05 0 64.4947 5.69995 0
3.53498e-05 0 100 8.19159 0
3.53498e-05 0 155.052 4.85294 0
3.53498e-05 0 240.41 0.178865 0
3.53498e-05 0 372.759 2.27988 0
3.53498e-05 0 577.969 2.40275 0
3.53498e-05 0 896.151 -2.57208 0
3.53498e-05 0 1389.5 -3.82022 0
3.53498e-05 0 2154.43 -3.76805 0
3.53498e-05 0 3340.48 -4.23204 0
3.53498e-05 0 5179.47 -5.27709 0
3.53498e-05 0 8030.86 -7.43197 0
3.53498e-05 0 12452 -8.38272 0
3.53498e-05 0 19307 -8.61852 0
3.53498e-05 0 29935.8 -8.76814 0
3.53498e-05 0 46415.9 -8.67496 0
3.53498e-05 0 71968.6 -8.51521 0
3.53498e-05 0 111588 -8.57886 0
3.53498e-05 0 173020 -7.29044 0
3.53498e-05 0 268270 -6.47417 0
3.53498e-05 0 415956 -5.38494 0
3.53498e-05 0 644947 -4.08626 0
3.53498e-05 0 1e+06 -1.60712 0

8.61954e-05 0 1e-06 33.7977 0
8.61954e-05 0 1.55052e-06 33.7978 0
8.61954e-05 0 2.4041e-06 33.7978 0
8.61954e-05 0 3.72759e-06 33.7978 0
8.61954e-05 0 5.77969e-06 33.7979 0
8.61954e-05 0 8.96151e-06 33.798 0
8.61954e-05 0 1.3895e-05 33.7982 0
8.61954e-05 0 2.15443e-05 33.7985 0
8.61954e-05 0 3.34048e-05 33.799 0
8.61954e-05 0 5.17947e-05 33.7997 0
8.61954e-05 0 8.03086e-05 33.8007 0
8.61954e-05 0 0.00012452 33.8024 0
8.61954e-05 0 0.00019307 33.8049 0
8.61954e-05 0 0.000299358 33.8089 0
8.61954e-05 0 0.000464159 33.8151 0
8.61954e-05 0 0.000719686 33.8246 0
8.61954e-05 0 0.00111588 33.8393 0
8.61954e-05 0 0.0017302 33.8618 0
8.61954e-05 0 0.0026827 33.8964 0
8.61954e-05 0 0.00415956 33.9489 0
8.61954e-05 0 0.00644947 34.0277 0
8.61954e-05 0 0.01 34.1437 0
8.61954e-05 0 0.0155052 34.3086 0
8.61954e-05 0 0.024041 34.53 0
8.61954e-05 0 0.0372759 34.7953 0
8.61954e-05 0 0.0577969 35.0305 0
8.61954e-05 0 0.0896151 35.0252 0
8.61954e-05 0 0.13895 34.2967 0
8.61954e-05 0 0.215443 31.8179 0
8.61954e-05 0 0.334048 25.7231 0
8.61954e-05 0 0.517947 13.0178 0
8.61954e-05 0 0.803086 -9.48885 0
8.61954e-05 0 1.2452 -36.8896 0
8.61954e-05 0 1.9307 -58.3211 0
8.61954e-05 0 2.99358 -91.1143 0
8.61954e-05 0 4.64159 -118.443 0
8.61954e-05 0 7.19686 -83.4051 0
8.61954e-05 0 11.1588 -119.088 0
8.61954e-05 0 17.302 -62.7818 0
8.61954e-05 0 26.827 -1.77853 0
8.61954e-05 0 41.5956 3.19736 0
8.61954e-05 0 64.4947 2.33796 0
8.61954e-05 0 100 3.3597 0
8.61954e-05 0 155.052 1.9904 0
8.61954e-05 0 240.41 0.0734498 0
8.61954e-05 0 372.759 0.935067 0
8.61954e-05 0 577.969 0.98544 0
8.61954e-05 0 896.151 -1.05482 0
8.61954e-05 0 1389.5 -1.5667 0
8.61954e-05 0 2154.43 -1.54531 0
8.61954e-05 0 3340.48 -1.73561 0
8.61954e-05 0 5179.47 -2.1642 0
8.61954e-05 0 8030.86 -3.04794 0
8.61954e-05 0 12452 -3.43786 0
8.61954e-05 0 19307 -3.53456 0
8.61954e-05 0 29935.8 -3.59592 0
8.61954e-05 0 46415.9 -3.55771 0
8.61954e-05 0 71968.6 -3.49219 0
8.61954e-05 0 111588 -3.5183 0
8.61954e-05 0 173020 -2.9899 0
8.61954e-05 0 268270 -2.65514 0
8.61954e-05 0 415956 -2.20843 0
8.61954e-05 0 644947 -1.67583 0
8.61954e-05 0 1e+06 -0.659099 0

0.000210175 0 1e-06 14.1313 0
0.000210175 0 1.55052e-06 14.1313 0
0.000210175 0 2.4041e-06 14.1314 0
0.000210175 0 3.72759e-06 14.1314 0
0.000210175 0 5.77969e-06 14.1314 0
0.000210175 0 8.96151e-06 14.1315 0
0.000210175 0 1.3895e-05 14.1315 0
0.000210175 0 2.15443e-05 14.1316 0
0.000210175 0 3.34048e-05 14.1318 0
0.000210175 0 5.17947e-05 14.1321 0
0.000210175 0 8.03086e-05 14.1325 0
0.000210175 0 0.00012452 14.1332 0
0.000210175 0 0.00019307 14.1342 0
0.000210175 0 0.000299358 14.1358 0
0.000210175 0 0.000464159 14.1382 0
0.000210175 0 0.000719686 14.142 0
0.000210175 0 0.00111588 14.1478 0
0.000210175 0 0.0017302 14.1568 0
0.000210175 0 0.0026827 14.1705 0
0.000210175 0 0.00415956 14.1914 0
0.000210175 0 0.00644947 14.2226 0
0.000210175 0 0.01 14.2685 0
0.000210175 0 0.0155052 14.3336 0
0.000210175 0 0.024041 14.4204 0
0.000210175 0 0.0372759 14.5232 0
0.000210175 0 0.0577969 14.6105 0
0.000210175 0 0.0896151 14.5947 0
0.000210175 0 0.13895 14.2761 0
0.000210175 0 0.215443 13.2319 0
0.000210175 0 0.334048 10.6966 0
0.000210175 0 0.517947 5.44469 0
0.000210175 0 0.803086 -3.82534 0
0.000210175 0 1.2452 -15.0924 0
0.000210175 0 1.9307 -23.8982 0
0.000210175 0 2.99358 -37.355 0
0.000210175 0 4.64159 -48.5678 0
0.000210175 0 7.19686 -34.2018 0
0.000210175 0 11.1588 -48.8368 0
0.000210175 0 17.302 -25.7463 0
0.000210175 0 26.827 -0.728632 0
0.000210175 0 41.5956 1.31179 0
0.000210175 0 64.4947 0.959164 0
0.000210175 0 100 1.37807 0
0.000210175 0 155.052 0.816434 0
0.000210175 0 240.41 0.0302181 0
0.000210175 0 372.759 0.383545 0
0.000210175 0 577.969 0.404181 0
0.000210175 0 896.151 -0.432568 0
0.000210175 0 1389.5 -0.642509 0
0.000210175 0 2154.43 -0.633743 0
0.000210175 0 3340.48 -0.711788 0
0.000210175 0 5179.47 -0.887561 0
0.000210175 0 8030.86 -1.25 0
0.000210175 0 12452 -1.40991 0
0.000210175 0 19307 -1.44957 0
0.000210175 0 29935.8 -1.47473 0
0.000210175 0 46415.9 -1.45906 0
0.000210175 0 71968.6 -1.43219 0
0.000210175 0 111588 -1.4429 0
0.000210175 0 173020 -1.2262 0
0.000210175 0 268270 -1.08891 0
0.000210175 0 415956 -0.905707 0
0.000210175 0 644947 -0.687278 0
0.000210175 0 1e+06 -0.270305 0

0.000512481 0 1e-06 6.08572 0
0.000512481 0 1.55052e-06 6.08572 0
0.000512481 0 2.4041e-06 6.08573 0
0.000512481 0 3.72759e-06 6.08573 0
0.000512481 0 5.77969e-06 6.08575 0
0.000512481 0 8.96151e-06 6.08576 0
0.000512481 0 1.3895e-05 6.08579 0
0.000512481 0 2.15443e-05 6.08583 0
0.000512481 0 3.34048e-05 6.0859 0
0.000512481 0 5.17947e-05 6.086 0
0.000512481 0 8.03086e-05 6.08616 0
0.000512481 0 0.00012452 6.08641 0
0.000512481 0 0.00019307 6.08679 0
0.000512481 0 0.000299358 6.08738 0
0.000512481 0 0.000464159 6.08829 0
0.000512481 0 0.000719686 6.0897 0
0.000512481 0 0.00111588 6.09187 0
0.000512481 0 0.0017302 6.09521 0
0.000512481 0 0.0026827 6.10031 0
0.000512481 0 0.00415956 6.10805 0
0.000512481 0 0.00644947 6.1196 0
0.000512481 0 0.01 6.1365 0
0.000512481 0 0.0155052 6.16022 0
0.000512481 0 0.024041 6.19127 0
0.000512481 0 0.0372759 6.22646 0
0.000512481 0 0.0577969 6.25181 0
0.000512481 0 0.0896151 6.22984 0
0.000512481 0 0.13895 6.07686 0
0.000512481 0 0.215443 5.61796 0
0.000512481 0 0.334048 4.53915 0
0.000512481 0 0.517947 2.34123 0
0.000512481 0 0.803086 -1.50198 0
0.000512481 0 1.2452 -6.15304 0
0.000512481 0 1.9307 -9.78089 0
0.000512481 0 2.99358 -15.3075 0
0.000512481 0 4.64159 -19.911 0
0.000512481 0 7.19686 -14.0229 0
0.000512481 0 11.1588 -20.0261 0
0.000512481 0 17.302 -10.5575 0
0.000512481 0 26.827 -0.298048 0
0.000512481 0 41.5956 0.538494 0
0.000512481 0 64.4947 0.393705 0
0.000512481 0 100 0.565388 0
0.000512481 0 155.052 0.334976 0
0.000512481 0 240.41 0.0124888 0
0.000512481 0 372.759 0.157359 0
0.000512481 0 577.969 0.1658 0
0.000512481 0 896.151 -0.177375 0
0.000512481 0 1389.5 -0.263484 0
0.000512481 0 2154.43 -0.259895 0
0.000512481 0 3340.48 -0.291906 0
0.000512481 0 5179.47 -0.363996 0
0.000512481 0 8030.86 -0.512637 0
0.000512481 0 12452 -0.57822 0
0.000512481 0 19307 -0.594486 0
0.000512481 0 29935.8 -0.604807 0
0.000512481 0 46415.9 -0.59838 0
0.000512481 0 71968.6 -0.58736 0
0.000512481 0 111588 -0.591752 0
0.000512481 0 173020 -0.502879 0
0.000512481 0 268270 -0.446574 0
0.000512481 0 415956 -0.371442 0
0.000512481 0 644947 -0.281862 0
0.000512481 0 1e+06 -0.110855 0

0.00124961 0 1e-06 2.80385 0
0.00124961 0 1.55052e-06 2.80385 0
0.00124961 0 2.4041e-06 2.80385 0
0.00124961 0 3.72759e-06 2.80385 0
0.00124961 0 5.77969e-06 2.80385 0
0.00124961 0 8.96151e-06 2.80386 0
0.00124961 0 1.3895e-05 2.80387 0
0.00124961 0 2.15443e-05 2.80388 0
0.00124961 0 3.34048e-05 2.8039 0
0.00124961 0 5.17947e-05 2.80393 0
0.00124961 0 8.03086e-05 2.80398 0
0.00124961 0 0.00012452 2.80405 0
0.00124961 0 0.00019307 2.80416 0
0.00124961 0 0.000299358 2.80434 0
0.00124961 0 0.000464159 2.80461 0
0.00124961 0 0.000719686 2.80503 0
0.00124961 0 0.00111588 2.80567 0
0.00124961 0 0.0017302 2.80666 0
0.00124961 0 0.0026827 2.80816 0
0.00124961 0 0.00415956 2.81041 0
0.00124961 0 0.00644947 2.81373 0
0.00124961 0 0.01 2.81847 0
0.00124961 0 0.0155052 2.82484 0
0.00124961 0 0.024041 2.83243 0
0.00124961 0 0.0372759 2.83905 0
0.00124961 0 0.0577969 2.83772 0
0.00124961 0 0.0896151 2.81147 0
0.00124961 0 0.13895 2.72413 0
0.00124961 0 0.215443 2.50254 0
0.00124961 0 0.334048 2.01823 0
0.00124961 0 0.517947 1.07041 0
0.00124961 0 0.803086 -0.548597 0
0.00124961 0 1.2452 -2.48681 0
0.00124961 0 1.9307 -3.99113 0
0.00124961 0 2.99358 -6.26552 0
0.00124961 0 4.64159 -8.15846 0
0.00124961 0 7.19686 -5.74718 0
0.00124961 0 11.1588 -8.21044 0
0.00124961 0 17.302 -4.32844 0
0.00124961 0 26.827 -0.121453 0
0.00124961 0 41.5956 0.221361 0
0.00124961 0 64.4947 0.161805 0
0.00124961 0 100 0.232096 0
0.00124961 0 155.052 0.137526 0
0.00124961 0 240.41 0.00521835 0
0.00124961 0 372.759 0.064597 0
0.00124961 0 577.969 0.0680371 0
0.00124961 0 896.151 -0.0727177 0
0.00124961 0 1389.5 -0.108041 0
0.00124961 0 2154.43 -0.106576 0
0.00124961 0 3340.48 -0.119708 0
0.00124961 0 5179.47 -0.149275 0
0.00124961 0 8030.86 -0.210237 0
0.00124961 0 12452 -0.237134 0
0.00124961 0 19307 -0.243805 0
0.00124961 0 29935.8 -0.248038 0
0.00124961 0 46415.9 -0.245403 0
0.00124961 0 71968.6 -0.240884 0
0.00124961 0 111588 -0.242685 0
0.00124961 0 173020 -0.206237 0
0.00124961 0 268270 -0.183146 0
0.00124961 0 415956 -0.152333 0
0.00124961 0 644947 -0.115595 0
0.00124961 0 1e+06 -0.0454632 0

0.00304699 0 1e-06 1.46202 0
0.00304699 0 1.55052e-06 1.46202 0
0.00304699 0 2.4041e-06 1.46202 0
0.00304699 0 3.72759e-06 1.46202 0
0.00304699 0 5.77969e-06 1.46202 0
0.00304699 0 8.96151e-06 1.46202 0
0.00304699 0 1.3895e-05 1.46202 0
0.00304699 0 2.15443e-05 1.46202 0
0.00304699 0 3.34048e-05 1.46202 0
0.00304699 0 5.17947e-05 1.46202 0
0.00304699 0 8.03086e-05 1.46202 0
0.00304699 0 0.00012452 1.46202 0
0.00304699 0 0.00019307 1.46202 0
0.00304699 0 0.000299358 1.46203 0
0.00304699 0 0.000464159 1.46203 0
0.00304699 0 0.000719686 1.46204 0
0.00304699 0 0.00111588 1.46205 0
0.00304699 0 0.0017302 1.46206 0
0.00304699 0 0.0026827 1.46207 0
0.00304699 0 0.00415956 1.46205 0
0.00304699 0 0.00644947 1.46196 0
0.00304699 0 0.01 1.46167 0
0.00304699 0 0.0155052 1.46083 0
0.00304699 0 0.024041 1.45868 0
0.00304699 0 0.0372759 1.45341 0
0.00304699 0 0.0577969 1.44088 0
0.00304699 0 0.0896151 1.4125 0
0.00304699 0 0.13895 1.35159 0
0.00304699 0 0.215443 1.2267 0
0.00304699 0 0.334048 0.985541 0
0.00304699 0 0.517947 0.549808 0
0.00304699 0 0.803086 -0.157424 0
0.00304699 0 1.2452 -0.983204 0
0.00304699 0 1.9307 -1.61666 0
0.00304699 0 2.99358 -2.55726 0
0.00304699 0 4.64159 -3.33857 0
0.00304699 0 7.19686 -2.35321 0
0.00304699 0 11.1588 -3.36467 0
0.00304699 0 17.302 -1.7738 0
0.00304699 0 26.827 -0.0490256 0
0.00304699 0 41.5956 0.0913025 0
0.00304699 0 64.4947 0.0667017 0
0.00304699 0 100 0.0954101 0
0.00304699 0 155.052 0.0565491 0
0.00304699 0 240.41 0.00223699 0
0.00304699 0 372.759 0.0265546 0
0.00304699 0 577.969 0.0279434 0
0.00304699 0 896.151 -0.0297961 0
0.00304699 0 1389.5 -0.0442923 0
0.00304699 0 2154.43 -0.0436973 0
0.00304699 0 3340.48 -0.0490869 0
0.00304699 0 5179.47 -0.0612154 0
0.00304699 0 8030.86 -0.0862181 0
0.00304699 0 12452 -0.09725 0
0.00304699 0 19307 -0.0999867 0
0.00304699 0 29935.8 -0.101723 0
0.00304699 0 46415.9 -0.100643 0
0.00304699 0 71968.6 -0.0987894 0
0.00304699 0 111588 -0.099528 0
0.00304699 0 173020 -0.0845803 0
0.00304699 0 268270 -0.0751104 0
0.00304699 0 415956 -0.0624737 0
0.00304699 0 644947 -0.047407 0
0.00304699 0 1e+06 -0.018645 0

0.00742964 0 1e-06 0.908567 0
0.00742964 0 1.55052e-06 0.908567 0
0.00742964 0 2.4041e-06 0.908566 0
0.00742964 0 3.72759e-06 0.908565 0
0.00742964 0 5.77969e-06 0.908564 0
0.00742964 0 8.96151e-06 0.908562 0
0.00742964 0 1.3895e-05 0.908559 0
0.00742964 0 2.15443e-05 0.908555 0
0.00742964 0 3.34048e-05 0.908547 0
0.00742964 0 5.17947e-05 0.908536 0
0.00742964 0 8.03086e-05 0.908519 0
0.00742964 0 0.00012452 0.908492 0
0.00742964 0 0.00019307 0.90845 0
0.00742964 0 0.000299358 0.908386 0
0.00742964 0 0.000464159 0.908285 0
0.00742964 0 0.000719686 0.908129 0
0.00742964 0 0.00111588 0.907887 0
0.00742964 0 0.0017302 0.907509 0
0.00742964 0 0.0026827 0.90692 0
0.00742964 0 0.00415956 0.905998 0
0.00742964 0 0.00644947 0.904546 0
0.00742964 0 0.01 0.902243 0
0.00742964 0 0.0155052 0.898546 0
0.00742964 0 0.024041 0.892529 0
0.00742964 0 0.0372759 0.882564 0
0.00742964 0 0.0577969 0.865717 0
0.00742964 0 0.0896151 0.836826 0
0.00742964 0 0.13895 0.787195 0
0.00742964 0 0.215443 0.702468 0
0.00742964 0 0.334048 0.561471 0
0.00742964 0 0.517947 0.336064 0
0.00742964 0 0.803086 0.00291333 0
0.00742964 0 1.2452 -0.366597 0
0.00742964 0 1.9307 -0.642882 0
0.00742964 0 2.99358 -1.03647 0
0.00742964 0 4.64159 -1.36188 0
0.00742964 0 7.19686 -0.961305 0
0.00742964 0 11.1588 -1.37737 0
0.00742964 0 17.302 -0.726105 0
0.00742964 0 26.827 -0.0193219 0
0.00742964 0 41.5956 0.0379643 0
0.00742964 0 64.4947 0.0276988 0
0.00742964 0 100 0.0393535 0
0.00742964 0 155.052 0.0233397 0
0.00742964 0 240.41 0.00101437 0
0.00742964 0 372.759 0.010953 0
0.00742964 0 577.969 0.0115005 0
0.00742964 0 896.151 -0.0121934 0
0.00742964 0 1389.5 -0.0181479 0
0.00742964 0 2154.43 -0.0179101 0
0.00742964 0 3340.48 -0.0201244 0
0.00742964 0 5179.47 -0.025101 0
0.00742964 0 8030.86 -0.0353565 0
0.00742964 0 12452 -0.0398819 0
0.00742964 0 19307 -0.0410049 0
0.00742964 0 29935.8 -0.0417175 0
0.00742964 0 46415.9 -0.0412745 0
0.00742964 0 71968.6 -0.0405146 0
0.00742964 0 111588 -0.0408176 0
0.00742964 0 173020 -0.0346874 0
0.00742964 0 268270 -0.0308037 0
0.00742964 0 415956 -0.0256213 0
0.00742964 0 644947 -0.0194422 0
0.00742964 0 1e+06 -0.00764657 0

0.0181161 0 1e-06 0.678942 0
0.0181161 0 1.55052e-06 0.678941 0
0.0181161 0 2.4041e-06 0.67894 0
0.0181161 0 3.72759e-06 0.678939 0
0.0181161 0 5.77969e-06 0.678937 0
0.0181161 0 8.96151e-06 0.678935 0
0.0181161 0 1.3895e-05 0.67893 0
0.0181161 0 2.15443e-05 0.678924 0
0.0181161 0 3.34048e-05 0.678914 0
0.0181161 0 5.17947e-05 0.678898 0
0.0181161 0 8.03086e-05 0.678873 0
0.0181161 0 0.00012452 0.678835 0
0.0181161 0 0.00019307 0.678775 0
0.0181161 0 0.000299358 0.678683 0
0.0181161 0 0.000464159 0.678541 0
0.0181161 0 0.000719686 0.678319 0
0.0181161 0 0.00111588 0.677976 0
0.0181161 0 0.0017302 0.677443 0
0.0181161 0 0.0026827 0.676617 0
0.0181161 0 0.00415956 0.675334 0
0.0181161 0 0.00644947 0.67334 0
0.0181161 0 0.01 0.67024 0
0.0181161 0 0.0155052 0.665408 0
0.0181161 0 0.024041 0.657866 0
0.0181161 0 0.0372759 0.646072 0
0.0181161 0 0.0577969 0.627592 0
0.0181161 0 0.0896151 0.598696 0
0.0181161 0 0.13895 0.553984 0
0.0181161 0 0.215443 0.486108 0
0.0181161 0 0.334048 0.38664 0
0.0181161 0 0.517947 0.247915 0
0.0181161 0 0.803086 0.0684686 0
0.0181161 0 1.2452 -0.113799 0
0.0181161 0 1.9307 -0.243569 0
0.0181161 0 2.99358 -0.412803 0
0.0181161 0 4.64159 -0.551228 0
0.0181161 0 7.19686 -0.390477 0
0.0181161 0 11.1588 -0.562351 0
0.0181161 0 17.302 -0.296437 0
0.0181161 0 26.827 -0.00714217 0
0.0181161 0 41.5956 0.0160883 0
0.0181161 0 64.4947 0.0117024 0
0.0181161 0 100 0.0163635 0
0.0181161 0 155.052 0.00971981 0
0.0181161 0 240.41 0.000512765 0
0.0181161 0 372.759 0.00455441 0
0.0181161 0 577.969 0.004757 0
0.0181161 0 896.151 -0.00497435 0
0.0181161 0 1389.5 -0.00742584 0
0.0181161 0 2154.43 -0.00733445 0
0.0181161 0 3340.48 -0.00824651 0
0.0181161 0 5179.47 -0.01029 0
0.0181161 0 8030.86 -0.0144976 0
0.0181161 0 12452 -0.0163545 0
0.0181161 0 19307 -0.0168158 0
0.0181161 0 29935.8 -0.0171084 0
0.0181161 0 46415.9 -0.0169269 0
0.0181161 0 71968.6 -0.0166154 0
0.0181161 0 111588 -0.0167398 0
0.0181161 0 173020 -0.0142257 0
0.0181161 0 268270 -0.012633 0
0.0181161 0 415956 -0.0105076 0
0.0181161 0 644947 -0.00797349 0
0.0181161 0 1e+06 -0.00313595 0

0.0441734 0 1e-06 0.581006 0
0.0441734 0 1.55052e-06 0.581006 0
0.0441734 0 2.4041e-06 0.581005 0
0.0441734 0 3.72759e-06 0.581004 0
0.0441734 0 5.77969e-06 0.581002 0
0.0441734 0 8.96151e-06 0.580999 0
0.0441734 0 1.3895e-05 0.580994 0
0.0441734 0 2.15443e-05 0.580987 0
0.0441734 0 3.34048e-05 0.580975 0
0.0441734 0 5.17947e-05 0.580958 0
0.0441734 0 8.03086e-05 0.58093 0
0.0441734 0 0.00012452 0.580888 0
0.0441734 0 0.00019307 0.580822 0
0.0441734 0 0.000299358 0.58072 0
0.0441734 0 0.000464159 0.580562 0
0.0441734 0 0.000719686 0.580316 0
0.0441734 0 0.00111588 0.579936 0
0.0441734 0 0.0017302 0.579346 0
0.0441734 0 0.0026827 0.578433 0
0.0441734 0 0.00415956 0.577018 0
0.0441734 0 0.00644947 0.574827 0
0.0441734 0 0.01 0.571437 0
0.0441734 0 0.0155052 0.566198 0
0.0441734 0 0.024041 0.55812 0
0.0441734 0 0.0372759 0.545709 0
0.0441734 0 0.0577969 0.526759 0
0.0441734 0 0.0896151 0.498153 0
0.0441734 0 0.13895 0.455866 0
0.0441734 0 0.215443 0.395438 0
0.0441734 0 0.334048 0.313637 0
0.0441734 0 0.517947 0.211089 0
0.0441734 0 0.803086 0.0951303 0
0.0441734 0 1.2452 -0.0101647 0
0.0441734 0 1.9307 -0.0798282 0
0.0441734 0 2.99358 -0.157046 0
0.0441734 0 4.64159 -0.218781 0
0.0441734 0 7.19686 -0.156376 0
0.0441734 0 11.1588 -0.228105 0
0.0441734 0 17.302 -0.120225 0
0.0441734 0 26.827 -0.00214688 0
0.0441734 0 41.5956 0.00711691 0
0.0441734 0 64.4947 0.00514227 0
0.0441734 0 100 0.00693516 0
0.0441734 0 155.052 0.00413422 0
0.0441734 0 240.41 0.000307119 0
0.0441734 0 372.759 0.00193033 0
0.0441734 0 577.969 0.00199142 0
0.0441734 0 896.151 -0.00201371 0
0.0441734 0 1389.5 -0.00302856 0
0.0441734 0 2154.43 -0.00299723 0
0.0441734 0 3340.48 -0.00337523 0
0.0441734 0 5179.47 -0.00421584 0
0.0441734 0 8030.86 -0.00594305 0
0.0441734 0 12452 -0.00670566 0
0.0441734 0 19307 -0.00689546 0
0.0441734 0 29935.8 -0.00701586 0
0.0441734 0 46415.9 -0.00694169 0
0.0441734 0 71968.6 -0.00681406 0
0.0441734 0 111588 -0.00686512 0
0.0441734 0 173020 -0.00583412 0
0.0441734 0 268270 -0.00518093 0
0.0441734 0 415956 -0.00430929 0
0.0441734 0 644947 -0.00327003 0
0.0441734 0 1e+06 -0.00128609 0

0.107711 0 1e-06 0.531913 0
0.107711 0 1.55052e-06 0.531912 0
0.107711 0 2.4041e-06 0.531911 0
0.107711 0 3.72759e-06 0.53191 0
0.107711 0 5.77969e-06 0.531908 0
0.107711 0 8.96151e-06 0.531905 0
0.107711 0 1.3895e-05 0.5319 0
0.107711 0 2.15443e-05 0.531893 0
0.107711 0 3.34048e-05 0.531881 0
0.107711 0 5.17947e-05 0.531863 0
0.107711 0 8.03086e-05 0.531835 0
0.107711 0 0.00012452 0.531792 0
0.107711 0 0.00019307 0.531726 0
0.107711 0 0.000299358 0.531622 0
0.107711 0 0.000464159 0.531462 0
0.107711 0 0.000719686 0.531213 0
0.107711 0 0.00111588 0.530828 0
0.107711 0 0.0017302 0.530231 0
0.107711 0 0.0026827 0.529306 0
0.107711 0 0.00415956 0.527875 0
0.107711 0 0.00644947 0.525661 0
0.107711 0 0.01 0.522242 0
0.107711 0 0.0155052 0.516974 0
0.107711 0 0.024041 0.508886 0
0.107711 0 0.0372759 0.496541 0
0.107711 0 0.0577969 0.477872 0
0.107711 0 0.0896151 0.450075 0
0.107711 0 0.13895 0.409748 0
0.107711 0 0.215443 0.353644 0
0.107711 0 0.334048 0.280584 0
0.107711 0 0.517947 0.194344 0
0.107711 0 0.803086 0.105486 0
0.107711 0 1.2452 0.0322107 0
0.107711 0 1.9307 -0.0127373 0
0.107711 0 2.99358 -0.052207 0
0.107711 0 4.64159 -0.0824626 0
0.107711 0 7.19686 -0.0603752 0
0.107711 0 11.1588 -0.0910288 0
0.107711 0 17.302 -0.0479577 0
0.107711 0 26.827 -9.75376e-05 0
0.107711 0 41.5956 0.00343829 0
0.107711 0 64.4947 0.00245239 0
0.107711 0 100 0.00306885 0
0.107711 0 155.052 0.00184375 0
0.107711 0 240.41 0.000222946 0
0.107711 0 372.759 0.000854267 0
0.107711 0 577.969 0.000857293 0
0.107711 0 896.151 -0.000799475 0
0.107711 0 1389.5 -0.00122515 0
0.107711 0 2154.43 -0.00121847 0
0.107711 0 3340.48 -0.00137745 0
0.107711 0 5179.47 -0.00172474 0
0.107711 0 8030.86 -0.00243473 0
0.107711 0 12452 -0.00274853 0
0.107711 0 19307 -0.00282702 0
0.107711 0 29935.8 -0.00287679 0
0.107711 0 46415.9 -0.0028466 0
0.107711 0 71968.6 -0.00279439 0
0.107711 0 111588 -0.0028154 0
0.107711 0 173020 -0.00239261 0
0.107711 0 268270 -0.00212475 0
0.107711 0 415956 -0.00176729 0
0.107711 0 644947 -0.00134108 0
0.107711 0 1e+06 -0.000527442 0

0.262636 0 1e-06 0.489706 0
0.262636 0 1.55052e-06 0.489706 0
0.262636 0 2.4041e-06 0.489705 0
0.262636 0 3.72759e-06 0.489704 0
0.262636 0 5.77969e-06 0.489702 0
0.262636 0 8.96151e-06 0.489699 0
0.262636 0 1.3895e-05 0.489694 0
0.262636 0 2.15443e-05 0.489687 0
0.262636 0 3.34048e-05 0.489677 0
0.262636 0 5.17947e-05 0.48966 0
0.262636 0 8.03086e-05 0.489633 0
0.262636 0 0.00012452 0.489593 0
0.262636 0 0.00019307 0.48953 0
0.262636 0 0.000299358 0.489432 0
0.262636 0 0.000464159 0.489281 0
0.262636 0 0.000719686 0.489047 0
0.262636 0 0.00111588 0.488683 0
0.262636 0 0.0017302 0.48812 0
0.262636 0 0.0026827 0.487248 0
0.262636 0 0.00415956 0.485899 0
0.262636 0 0.00644947 0.483813 0
0.262636 0 0.01 0.480595 0
0.262636 0 0.0155052 0.47564 0
0.262636 0 0.024041 0.468045 0
0.262636 0 0.0372759 0.456477 0
0.262636 0 0.0577969 0.439046 0
0.262636 0 0.0896151 0.41322 0
0.262636 0 0.13895 0.376004 0
0.262636 0 0.215443 0.324722 0
0.262636 0 0.334048 0.258887 0
0.262636 0 0.517947 0.182984 0
0.262636 0 0.803086 0.107986 0
0.262636 0 1.2452 0.049118 0
0.262636 0 1.9307 0.0145688 0
0.262636 0 2.99358 -0.00936358 0
0.262636 0 4.64159 -0.0266368 0
0.262636 0 7.19686 -0.0210401 0
0.262636 0 11.1588 -0.0348325 0
0.262636 0 17.302 -0.0183296 0
0.262636 0 26.827 0.000737713 0
0.262636 0 41.5956 0.00192657 0
0.262636 0 64.4947 0.00134741 0
0.262636 0 100 0.00148213 0
0.262636 0 155.052 0.000903738 0
0.262636 0 240.41 0.00018803 0
0.262636 0 372.759 0.00041272 0
0.262636 0 577.969 0.000392027 0
0.262636 0 896.151 -0.000301588 0
0.262636 0 1389.5 -0.000485608 0
0.262636 0 2154.43 -0.00048901 0
0.262636 0 3340.48 -0.000558156 0
0.262636 0 5179.47 -0.000703123 0
0.262636 0 8030.86 -0.000995927 0
0.262636 0 12452 -0.00112566 0
0.262636 0 19307 -0.0011585 0
0.262636 0 29935.8 -0.00117931 0
0.262636 0 46415.9 -0.00116716 0
0.262636 0 71968.6 -0.00114588 0
0.262636 0 111588 -0.00115456 0
0.262636 0 173020 -0.000981208 0
0.262636 0 268270 -0.000871371 0
0.262636 0 415956 -0.00072478 0
0.262636 0 644947 -0.00054999 0
0.262636 0 1e+06 -0.000216309 0

0.6404 0 1e-06 0.421063 0
0.6404 0 1.55052e-06 0.421063 0
0.6404 0 2.4041e-06 0.421062 0
0.6404 0 3.72759e-06 0.421061 0
0.6404 0 5.77969e-06 0.42106 0
0.6404 0 8.96151e-06 0.421057 0
0.6404 0 1.3895e-05 0.421053 0
0.6404 0 2.15443e-05 0.421048 0
0.6404 0 3.34048e-05 0.421039 0
0.6404 0 5.17947e-05 0.421024 0
0.6404 0 8.03086e-05 0.421003 0
0.6404 0 0.00012452 0.420969 0
0.6404 0 0.00019307 0.420916 0
0.6404 0 0.000299358 0.420834 0
0.6404 0 0.000464159 0.420708 0
0.6404 0 0.000719686 0.420512 0
0.6404 0 0.00111588 0.420208 0
0.6404 0 0.0017302 0.419738 0
0.6404 0 0.0026827 0.419009 0
0.6404 0 0.00415956 0.417882 0
0.6404 0 0.00644947 0.41614 0
0.6404 0 0.01 0.413451 0
0.6404 0 0.0155052 0.409315 0
0.6404 0 0.024041 0.402977 0
0.6404 0 0.0372759 0.393332 0
0.6404 0 0.0577969 0.378813 0
0.6404 0 0.0896151 0.357331 0
0.6404 0 0.13895 0.326418 0
0.6404 0 0.215443 0.28387 0
0.6404 0 0.334048 0.229255 0
0.6404 0 0.517947 0.166199 0
0.6404 0 0.803086 0.103792 0
0.6404 0 1.2452 0.0544742 0
0.6404 0 1.9307 0.0251947 0
0.6404 0 2.99358 0.00784501 0
0.6404 0 4.64159 -0.00393602 0
0.6404 0 7.19686 -0.0049966 0
0.6404 0 11.1588 -0.0118352 0
0.6404 0 17.302 -0.00620201 0
0.6404 0 26.827 0.00106754 0
0.6404 0 41.5956 0.00129912 0
0.6404 0 64.4947 0.000889831 0
0.6404 0 100 0.000828772 0
0.6404 0 155.052 0.000516661 0
0.6404 0 240.41 0.000172769 0
0.6404 0 372.759 0.000231067 0
0.6404 0 577.969 0.000200871 0
0.6404 0 896.151 -9.76079e-05 0
0.6404 0 1389.5 -0.000182438 0
0.6404 0 2154.43 -0.000189925 0
0.6404 0 3340.48 -0.000222198 0
0.6404 0 5179.47 -0.00028417 0
0.6404 0 8030.86 -0.000405872 0
0.6404 0 12452 -0.000460114 0
0.6404 0 19307 -0.000474228 0
0.6404 0 29935.8 -0.000483153 0
0.6404 0 46415.9 -0.0004784 0
0.6404 0 71968.6 -0.000469801 0
0.6404 0 111588 -0.000473433 0
0.6404 0 173020 -0.000402373 0
0.6404 0 268270 -0.000357345 0
0.6404 0 415956 -0.000297235 0
0.6404 0 644947 -0.000225555 0
0.6404 0 1e+06 -8.87101e-05 0

1.56152 0 1e-06 0.297657 0
1.56152 0 1.55052e-06 0.297657 0
1.56152 0 2.4041e-06 0.297657 0
1.56152 0 3.72759e-06 0.297656 0
1.56152 0 5.77969e-06 0.297655 0
1.56152 0 8.96151e-06 0.297653 0
1.56152 0 1.3895e-05 0.297651 0
1.56152 0 2.15443e-05 0.297647 0
1.56152 0 3.34048e-05 0.297641 0
1.56152 0 5.17947e-05 0.297632 0
1.56152 0 8.03086e-05 0.297618 0
1.56152 0 0.00012452 0.297596 0
1.56152 0 0.00019307 0.297562 0
1.56152 0 0.000299358 0.297509 0
1.56152 0 0.000464159 0.297428 0
1.56152 0 0.000719686 0.297301 0
1.56152 0 0.00111588 0.297105 0
1.56152 0 0.0017302 0.296801 0
1.56152 0 0.0026827 0.29633 0
1.56152 0 0.00415956 0.295601 0
1.56152 0 0.00644947 0.294475 0
1.56152 0 0.01 0.292739 0
1.56152 0 0.0155052 0.290067 0
1.56152 0 0.024041 0.285976 0
1.56152 0 0.0372759 0.279755 0
1.56152 0 0.0577969 0.270397 0
1.56152 0 0.0896151 0.256562 0
1.56152 0 0.13895 0.236651 0
1.56152 0 0.215443 0.209179 0
1.56152 0 0.334048 0.173608 0
1.56152 0 0.517947 0.131644 0
1.56152 0 0.803086 0.0883135 0
1.56152 0 1.2452 0.0516031 0
1.56152 0 1.9307 0.0278028 0
1.56152 0 2.99358 0.0140197 0
1.56152 0 4.64159 0.00491442 0
1.56152 0 7.19686 0.00137352 0
1.56152 0 11.1588 -0.00252093 0
1.56152 0 17.302 -0.00128345 0
1.56152 0 26.827 0.00117296 0
1.56152 0 41.5956 0.00102441 0
1.56152 0 64.4947 0.000691966 0
1.56152 0 100 0.000554787 0
1.56152 0 155.052 0.000354312 0
1.56152 0 240.41 0.000164348 0
1.56152 0 372.759 0.000155265 0
1.56152 0 577.969 0.000121684 0
1.56152 0 896.151 -1.4433e-05 0
1.56152 0 1389.5 -5.83947e-05 0
1.56152 0 2154.43 -6.74428e-05 0
1.56152 0 3340.48 -8.45228e-05 0
1.56152 0 5179.47 -0.000112415 0
1.56152 0 8030.86 -0.00016392 0
1.56152 0 12452 -0.000187185 0
1.56152 0 19307 -0.00019361 0
1.56152 0 29935.8 -0.000197657 0
1.56152 0 46415.9 -0.000195934 0
1.56152 0 71968.6 -0.000192535 0
1.56152 0 111588 -0.000194093 0
1.56152 0 173020 -0.000164986 0
1.56152 0 268270 -0.000146537 0
1.56152 0 415956 -0.000121893 0
1.56152 0 644947 -9.24999e-05 0
1.56152 0 1e+06 -3.638e-05 0

3.80755 0 1e-06 0.147791 0
3.80755 0 1.55052e-06 0.147791 0
3.80755 0 2.4041e-06 0.147791 0
3.80755 0 3.72759e-06 0.147791 0
3.80755 0 5.77969e-06 0.14779 0
3.80755 0 8.96151e-06 0.14779 0
3.80755 0 1.3895e-05 0.147789 0
3.80755 0 2.15443e-05 0.147787 0
3.80755 0 3.34048e-05 0.147785 0
3.80755 0 5.17947e-05 0.147781 0
3.80755 0 8.03086e-05 0.147776 0
3.80755 0 0.00012452 0.147767 0
3.80755 0 0.00019307 0.147753 0
3.80755 0 0.000299358 0.147732 0
3.80755 0 0.000464159 0.147699 0
3.80755 0 0.000719686 0.147648 0
3.80755 0 0.00111588 0.147569 0
3.80755 0 0.0017302 0.147447 0
3.80755 0 0.0026827 0.147258 0
3.80755 0 0.00415956 0.146965 0
3.80755 0 0.00644947 0.146513 0
3.80755 0 0.01 0.145815 0
3.80755 0 0.0155052 0.144742 0
3.80755 0 0.024041 0.1431 0
3.80755 0 0.0372759 0.140605 0
3.80755 0 0.0577969 0.136854 0
3.80755 0 0.0896151 0.131309 0
3.80755 0 0.13895 0.123319 0
3.80755 0 0.215443 0.112227 0
3.80755 0 0.334048 0.0976018 0
3.80755 0 0.517947 0.0795625 0
3.80755 0 0.803086 0.0592188 0
3.80755 0 1.2452 0.0394693 0
3.80755 0 1.9307 0.0243427 0
3.80755 0 2.99358 0.0144979 0
3.80755 0 4.64159 0.00754743 0
3.80755 0 7.19686 0.00354309 0
3.80755 0 11.1588 0.00105201 0
3.80755 0 17.302 0.000620545 0
3.80755 0 26.827 0.00115581 0
3.80755 0 41.5956 0.000876752 0
3.80755 0 64.4947 0.000590403 0
3.80755 0 100 0.000430416 0
3.80755 0 155.052 0.000280598 0
3.80755 0 240.41 0.000156634 0
3.80755 0 372.759 0.000121615 0
3.80755 0 577.969 8.76603e-05 0
3.80755 0 896.151 1.87405e-05 0
3.80755 0 1389.5 -8.09101e-06 0
3.80755 0 2154.43 -1.75543e-05 0
3.80755 0 3340.48 -2.82665e-05 0
3.80755 0 5179.47 -4.20987e-05 0
3.80755 0 8030.86 -6.47634e-05 0
3.80755 0 12452 -7.52933e-05 0
3.80755 0 19307 -7.85471e-05 0
3.80755 0 29935.8 -8.05825e-05 0
3.80755 0 46415.9 -8.00971e-05 0
3.80755 0 71968.6 -7.88276e-05 0
3.80755 0 111588 -7.95334e-05 0
3.80755 0 173020 -6.76309e-05 0
3.80755 0 268270 -6.00817e-05 0
3.80755 0 415956 -4.99832e-05 0
3.80755 0 644947 -3.79325e-05 0
3.80755 0 1e+06 -1.49188e-05 0

9.28415 0 1e-06 0.0495642 0
9.28415 0 1.55052e-06 0.0495642 0
9.28415 0 2.4041e-06 0.0495642 0
9.28415 0 3.72759e-06 0.0495641 0
9.28415 0 5.77969e-06 0.049564 0
9.28415 0 8.96151e-06 0.0495639 0
9.28415 0 1.3895e-05 0.0495637 0
9.28415 0 2.15443e-05 0.0495634 0
9.28415 0 3.34048e-05 0.0495629 0
9.28415 0 5.17947e-05 0.0495621 0
9.28415 0 8.03086e-05 0.0495609 0
9.28415 0 0.00012452 0.0495591 0
9.28415 0 0.00019307 0.0495562 0
9.28415 0 0.000299358 0.0495518 0
9.28415 0 0.000464159 0.0495449 0
9.28415 0 0.000719686 0.0495343 0
9.28415 0 0.00111588 0.0495178 0
9.28415 0 0.0017302 0.0494923 0
9.28415 0 0.0026827 0.0494527 0
9.28415 0 0.00415956 0.0493915 0
9.28415 0 0.00644947 0.049297 0
9.28415 0 0.01 0.0491511 0
9.28415 0 0.0155052 0.0489269 0
9.28415 0 0.024041 0.0485837 0
9.28415 0 0.0372759 0.0480619 0
9.28415 0 0.0577969 0.0472771 0
9.28415 0 0.0896151 0.046115 0
9.28415 0 0.13895 0.0444323 0
9.28415 0 0.215443 0.0420643 0
9.28415 0 0.334048 0.0388269 0
9.28415 0 0.517947 0.0344858 0
9.28415 0 0.803086 0.028804 0
9.28415 0 1.2452 0.0221333 0
9.28415 0 1.9307 0.0159011 0
9.28415 0 2.99358 0.0110038 0
9.28415 0 4.64159 0.00680577 0
9.28415 0 7.19686 0.0036393 0
9.28415 0 11.1588 0.00206786 0
9.28415 0 17.302 0.0012001 0
9.28415 0 26.827 0.00104371 0
9.28415 0 41.5956 0.00075549 0
9.28415 0 64.4947 0.000513526 0
9.28415 0 100 0.000358847 0
9.28415 0 155.052 0.000238223 0
9.28415 0 240.41 0.000146261 0
9.28415 0 372.759 0.000103504 0
9.28415 0 577.969 7.11112e-05 0
9.28415 0 896.151 3.07782e-05 0
9.28415 0 1389.5 1.15924e-05 0
9.28415 0 2154.43 2.33467e-06 0
9.28415 0 3340.48 -5.53729e-06 0
9.28415 0 5179.47 -1.34637e-05 0
9.28415 0 8030.86 -2.42161e-05 0
9.28415 0 12452 -2.94723e-05 0
9.28415 0 19307 -3.13952e-05 0
9.28415 0 29935.8 -3.25884e-05 0
9.28415 0 46415.9 -3.26007e-05 0
9.28415 0 71968.6 -3.21994e-05 0
9.28415 0 111588 -3.25533e-05 0
9.28415 0 173020 -2.77054e-05 0
9.28415 0 268270 -2.46259e-05 0
9.28415 0 415956 -2.04922e-05 0
9.28415 0 644947 -1.55538e-05 0
9.28415 0 1e+06 -6.11727e-06 0

22.638 0 1e-06 0.0134823 0
22.638 0 1.55052e-06 0.0134823 0
22.638 0 2.4041e-06 0.0134823 0
22.638 0 3.72759e-06 0.0134823 0
22.638 0 5.77969e-06 0.0134823 0
22.638 0 8.96151e-06 0.0134823 0
22.638 0 1.3895e-05 0.0134822 0
22.638 0 2.15443e-05 0.0134822 0
22.638 0 3.34048e-05 0.0134821 0
22.638 0 5.17947e-05 0.013482 0
22.638 0 8.03086e-05 0.0134819 0
22.638 0 0.00012452 0.0134816 0
22.638 0 0.00019307 0.0134812 0
22.638 0 0.000299358 0.0134806 0
22.638 0 0.000464159 0.0134797 0
22.638 0 0.000719686 0.0134783 0
22.638 0 0.00111588 0.013476 0
22.638 0 0.0017302 0.0134726 0
22.638 0 0.0026827 0.0134673 0
22.638 0 0.00415956 0.013459 0
22.638 0 0.00644947 0.0134463 0
22.638 0 0.01 0.0134266 0
22.638 0 0.0155052 0.0133965 0
22.638 0 0.024041 0.0133506 0
22.638 0 0.0372759 0.013281 0
22.638 0 0.0577969 0.013177 0
22.638 0 0.0896151 0.0130244 0
22.638 0 0.13895 0.0128054 0
22.638 0 0.215443 0.0124978 0
22.638 0 0.334048 0.0120636 0
22.638 0 0.517947 0.0114141 0
22.638 0 0.803086 0.0103891 0
22.638 0 1.2452 0.00893966 0
22.638 0 1.9307 0.00736397 0
22.638 0 2.99358 0.0059308 0
22.638 0 4.64159 0.0043033 0
22.638 0 7.19686 0.00263062 0
22.638 0 11.1588 0.0018401 0
22.638 0 17.302 0.0011438 0
22.638 0 26.827 0.000845688 0
22.638 0 41.5956 0.000616792 0
22.638 0 64.4947 0.000430278 0
22.638 0 100 0.00029948 0
22.638 0 155.052 0.000203243 0
22.638 0 240.41 0.000131659 0
22.638 0 372.759 8.99496e-05 0
22.638 0 577.969 6.06635e-05 0
22.638 0 896.151 3.35182e-05 0
22.638 0 1389.5 1.83443e-05 0
22.638 0 2154.43 9.69799e-06 0
22.638 0 3340.48 3.30995e-06 0
22.638 0 5179.47 -2.00074e-06 0
22.638 0 8030.86 -7.75032e-06 0
22.638 0 12452 -1.07732e-05 0
22.638 0 19307 -1.21085e-05 0
22.638 0 29935.8 -1.29323e-05 0
22.638 0 46415.9 -1.31353e-05 0
22.638 0 71968.6 -1.30831e-05 0
22.638 0 111588 -1.32891e-05 0
22.638 0 173020 -1.13327e-05 0
22.638 0 268270 -1.00855e-05 0
22.638 0 415956 -8.39785e-06 0
22.638 0 644947 -6.37609e-06 0
22.638 0 1e+06 -2.50771e-06 0

55.1995 0 1e-06 0.00349009 0
55.1995 0 1.55052e-06 0.00349009 0
55.1995 0 2.4041e-06 0.00349009 0
55.1995 0 3.72759e-06 0.00349009 0
55.1995 0 5.77969e-06 0.00349008 0
55.1995 0 8.96151e-06 0.00349008 0
55.1995 0 1.3895e-05 0.00349008 0
55.1995 0 2.15443e-05 0.00349007 0
55.1995 0 3.34048e-05 0.00349006 0
55.1995 0 5.17947e-05 0.00349005 0
55.1995 0 8.03086e-05 0.00349003 0
55.1995 0 0.00012452 0.00349 0
55.1995 0 0.00019307 0.00348995 0
55.1995 0 0.000299358 0.00348988 0
55.1995 0 0.000464159 0.00348977 0
55.1995 0 0.000719686 0.00348959 0
55.1995 0 0.00111588 0.00348932 0
55.1995 0 0.0017302 0.00348889 0
55.1995 0 0.0026827 0.00348824 0
55.1995 0 0.00415956 0.00348723 0
55.1995 0 0.00644947 0.00348567 0
55.1995 0 0.01 0.00348328 0
55.1995 0 0.0155052 0.00347964 0
55.1995 0 0.024041 0.00347412 0
55.1995 0 0.0372759 0.00346587 0
55.1995 0 0.0577969 0.00345381 0
55.1995 0 0.0896151 0.00343665 0
55.1995 0 0.13895 0.00341313 0
55.1995 0 0.215443 0.00338174 0
55.1995 0 0.334048 0.00333765 0
55.1995 0 0.517947 0.0032629 0
55.1995 0 0.803086 0.00311785 0
55.1995 0 1.2452 0.00287989 0
55.1995 0 1.9307 0.00260338 0
55.1995 0 2.99358 0.00235197 0
55.1995 0 4.64159 0.00195969 0
55.1995 0 7.19686 0.00140126 0
55.1995 0 11.1588 0.00113346 0
55.1995 0 17.302 0.000797992 0
55.1995 0 26.827 0.000589722 0
55.1995 0 41.5956 0.000451415 0
55.1995 0 64.4947 0.000330847 0
55.1995 0 100 0.000236726 0
55.1995 0 155.052 0.000166266 0
55.1995 0 240.41 0.000112444 0
55.1995 0 372.759 7.66462e-05 0
55.1995 0 577.969 5.17985e-05 0
55.1995 0 896.151 3.19181e-05 0
55.1995 0 1389.5 1.94901e-05 0
55.1995 0 2154.43 1.1749e-05 0
55.1995 0 3340.48 6.36197e-06 0
55.1995 0 5179.47 2.36067e-06 0
55.1995 0 8030.86 -1.19452e-06 0
55.1995 0 12452 -3.21603e-06 0
55.1995 0 19307 -4.25996e-06 0
55.1995 0 29935.8 -4.9033e-06 0
55.1995 0 46415.9 -5.16858e-06 0
55.1995 0 71968.6 -5.25114e-06 0
55.1995 0 111588 -5.39227e-06 0
55.1995 0 173020 -4.61973e-06 0
55.1995 0 268270 -4.12307e-06 0
55.1995 0 415956 -3.43809e-06 0
55.1995 0 644947 -2.61233e-06 0
55.1995 0 1e+06 -1.02743e-06 0

134.596 0 1e-06 0.000943079 0
134.596 0 1.55052e-06 0.000943079 0
134.596 0 2.4041e-06 0.000943079 0
134.596 0 3.72759e-06 0.000943079 0
134.596 0 5.77969e-06 0.000943079 0
134.596 0 8.96151e-06 0.000943079 0
134.596 0 1.3895e-05 0.000943078 0
134.596 0 2.15443e-05 0.000943077 0
134.596 0 3.34048e-05 0.000943076 0
134.596 0 5.17947e-05 0.000943075 0
134.596 0 8.03086e-05 0.000943072 0
134.596 0 0.00012452 0.000943068 0
134.596 0 0.00019307 0.000943062 0
134.596 0 0.000299358 0.000943052 0
134.596 0 0.000464159 0.000943037 0
134.596 0 0.000719686 0.000943014 0
134.596 0 0.00111588 0.000942978 0
134.596 0 0.0017302 0.000942922 0
134.596 0 0.0026827 0.000942836 0
134.596 0 0.00415956 0.000942704 0
134.596 0 0.00644947 0.000942501 0
134.596 0 0.01 0.00094219 0
134.596 0 0.0155052 0.000941718 0
134.596 0 0.024041 0.000941013 0
134.596 0 0.0372759 0.000939977 0
134.596 0 0.0577969 0.000938504 0
134.596 0 0.0896151 0.000936506 0
134.596 0 0.13895 0.000933971 0
134.596 0 0.215443 0.000930935 0
134.596 0 0.334048 0.000926895 0
134.596 0 0.517947 0.000918805 0
134.596 0 0.803086 0.000899143 0
134.596 0 1.2452 0.000863166 0
134.596 0 1.9307 0.0008214 0
134.596 0 2.99358 0.00078956 0
134.596 0 4.64159 0.000720248 0
134.596 0 7.19686 0.000591215 0
134.596 0 11.1588 0.000529118 0
134.596 0 17.302 0.000428499 0
134.596 0 26.827 0.000341268 0
134.596 0 41.5956 0.000281729 0
134.596 0 64.4947 0.00022239 0
134.596 0 100 0.000168624 0
134.596 0 155.052 0.000125084 0
134.596 0 240.41 8.91018e-05 0
134.596 0 372.759 6.21471e-05 0
134.596 0 577.969 4.28467e-05 0
134.596 0 896.151 2.81288e-05 0
134.596 0 1389.5 1.8115e-05 0
134.596 0 2154.43 1.15007e-05 0
134.596 0 3340.48 6.97085e-06 0
134.596 0 5179.47 3.77294e-06 0
134.596 0 8030.86 1.27691e-06 0
134.596 0 12452 -2.39271e-07 0
134.596 0 19307 -1.10821e-06 0
134.596 0 29935.8 -1.64578e-06 0
134.596 0 46415.9 -1.91907e-06 0
134.596 0 71968.6 -2.04767e-06 0
134.596 0 111588 -2.1576e-06 0
134.596 0 173020 -1.86839e-06 0
134.596 0 268270 -1.67854e-06 0
134.596 0 415956 -1.40435e-06 0
134.596 0 644947 -1.06889e-06 0
134.596 0 1e+06 -4.20411e-07 0

328.193 0 1e-06 0.000280084 0
328.193 0 1.55052e-06 0.000280084 0
328.193 0 2.4041e-06 0.000280084 0
328.193 0 3.72759e-06 0.000280084 0
328.193 0 5.77969e-06 0.000280084 0
328.193 0 8.96151e-06 0.000280084 0
328.193 0 1.3895e-05 0.000280083 0
328.193 0 2.15443e-05 0.000280083 0
328.193 0 3.34048e-05 0.000280083 0
328.193 0 5.17947e-05 0.000280083 0
328.193 0 8.03086e-05 0.000280083 0
328.193 0 0.00012452 0.000280082 0
328.193 0 0.00019307 0.000280081 0
328.193 0 0.000299358 0.00028008 0
328.193 0 0.000464159 0.000280077 0
328.193 0 0.000719686 0.000280074 0
328.193 0 0.00111588 0.000280069 0
328.193 0 0.0017302 0.000280061 0
328.193 0 0.0026827 0.000280048 0
328.193 0 0.00415956 0.000280029 0
328.193 0 0.00644947 0.00028 0
328.193 0 0.01 0.000279955 0
328.193 0 0.0155052 0.000279887 0
328.193 0 0.024041 0.000279786 0
328.193 0 0.0372759 0.000279641 0
328.193 0 0.0577969 0.000279439 0
328.193 0 0.0896151 0.000279176 0
328.193 0 0.13895 0.00027887 0
328.193 0 0.215443 0.000278551 0
328.193 0 0.334048 0.000278168 0
328.193 0 0.517947 0.000277217 0
328.193 0 0.803086 0.00027438 0
328.193 0 1.2452 0.000268815 0
328.193 0 1.9307 0.000262513 0
328.193 0 2.99358 0.000258855 0
328.193 0 4.64159 0.000247876 0
328.193 0 7.19686 0.000223424 0
328.193 0 11.1588 0.000211892 0
328.193 0 17.302 0.000190337 0
328.193 0 26.827 0.000165812 0
328.193 0 41.5956 0.000147619 0
328.193 0 64.4947 0.00012659 0
328.193 0 100 0.00010388 0
328.193 0 155.052 8.30414e-05 0
328.193 0 240.41 6.34721e-05 0
328.193 0 372.759 4.64782e-05 0
328.193 0 577.969 3.33629e-05 0
328.193 0 896.151 2.31351e-05 0
328.193 0 1389.5 1.55436e-05 0
328.193 0 2154.43 1.02276e-05 0
328.193 0 3340.48 6.53711e-06 0
328.193 0 5179.47 3.95594e-06 0
328.193 0 8030.86 2.0639e-06 0
328.193 0 12452 8.54646e-07 0
328.193 0 19307 1.15344e-07 0
328.193 0 29935.8 -3.45984e-07 0
328.193 0 46415.9 -6.04542e-07 0
328.193 0 71968.6 -7.42586e-07 0
328.193 0 111588 -8.35028e-07 0
328.193 0 173020 -7.4181e-07 0
328.193 0 268270 -6.76779e-07 0
328.193 0 415956 -5.70615e-07 0
328.193 0 644947 -4.36046e-07 0
328.193 0 1e+06 -1.71519e-07 0

800.25 0 1e-06 9.01655e-05 0
800.25 0 1.55052e-06 9.01655e-05 0
800.25 0 2.4041e-06 9.01655e-05 0
800.25 0 3.72759e-06 9.01655e-05 0
800.25 0 5.77969e-06 9.01655e-05 0
800.25 0 8.96151e-06 9.01655e-05 0
800.25 0 1.3895e-05 9.01655e-05 0
800.25 0 2.15443e-05 9.01655e-05 0
800.25 0 3.34048e-05 9.01655e-05 0
800.25 0 5.17947e-05 9.01654e-05 0
800.25 0 8.03086e-05 9.01654e-05 0
800.25 0 0.00012452 9.01653e-05 0
800.25 0 0.00019307 9.01651e-05 0
800.25 0 0.000299358 9.01649e-05 0
800.25 0 0.000464159 9.01646e-05 0
800.25 0 0.000719686 9.0164e-05 0
800.25 0 0.00111588 9.01632e-05 0
800.25 0 0.0017302 9.0162e-05 0
800.25 0 0.0026827 9.016e-05 0
800.25 0 0.00415956 9.0157e-05 0
800.25 0 0.00644947 9.01524e-05 0
800.25 0 0.01 9.01454e-05 0
800.25 0 0.0155052 9.01349e-05 0
800.25 0 0.024041 9.01194e-05 0
800.25 0 0.0372759 9.00972e-05 0
800.25 0 0.0577969 9.00669e-05 0
800.25 0 0.0896151 9.00287e-05 0
800.25 0 0.13895 8.99867e-05 0
800.25 0 0.215443 8.9949e-05 0
800.25 0 0.334048 8.99091e-05 0
800.25 0 0.517947 8.97836e-05 0
800.25 0 0.803086 8.93476e-05 0
800.25 0 1.2452 8.84576e-05 0
800.25 0 1.9307 8.74726e-05 0
800.25 0 2.99358 8.70374e-05 0
800.25 0 4.64159 8.53148e-05 0
800.25 0 7.19686 8.1054e-05 0
800.25 0 11.1588 7.91279e-05 0
800.25 0 17.302 7.52673e-05 0
800.25 0 26.827 7.00559e-05 0
800.25 0 41.5956 6.59517e-05 0
800.25 0 64.4947 6.06115e-05 0
800.25 0 100 5.38348e-05 0
800.25 0 155.052 4.66668e-05 0
800.25 0 240.41 3.87924e-05 0
800.25 0 372.759 3.05606e-05 0
800.25 0 577.969 2.33875e-05 0
800.25 0 896.151 1.73153e-05 0
800.25 0 1389.5 1.22483e-05 0
800.25 0 2154.43 8.39452e-06 0
800.25 0 3340.48 5.59703e-06 0
800.25 0 5179.47 3.59252e-06 0
800.25 0 8030.86 2.13833e-06 0
800.25 0 12452 1.16555e-06 0
800.25 0 19307 5.42825e-07 0
800.25 0 29935.8 1.48385e-07 0
800.25 0 46415.9 -8.47497e-08 0
800.25 0 71968.6 -2.16578e-07 0
800.25 0 111588 -2.9685e-07 0
800.25 0 173020 -2.81655e-07 0
800.25 0 268270 -2.66749e-07 0
800.25 0 415956 -2.2903e-07 0
800.25 0 644947 -1.7665e-07 0
800.25 0 1e+06 -6.95032e-08 0

1951.29 0 1e-06 3.07898e-05 0
1951.29 0 1.55052e-06 3.07898e-05 0
1951.29 0 2.4041e-06 3.07898e-05 0
1951.29 0 3.72759e-06 3.07898e-05 0
1951.29 0 5.77969e-06 3.07898e-05 0
1951.29 0 8.96151e-06 3.07898e-05 0
1951.29 0 1.3895e-05 3.07898e-05 0
1951.29 0 2.15443e-05 3.07898e-05 0
1951.29 0 3.34048e-05 3.07898e-05 0
1951.29 0 5.17947e-05 3.07898e-05 0
1951.29 0 8.03086e-05 3.07898e-05 0
1951.29 0 0.00012452 3.07898e-05 0
1951.29 0 0.00019307 3.07898e-05 0
1951.29 0 0.000299358 3.07897e-05 0
1951.29 0 0.000464159 3.07897e-05 0
1951.29 0 0.000719686 3.07896e-05 0
1951.29 0 0.00111588 3.07895e-05 0
1951.29 0 0.0017302 3.07893e-05 0
1951.29 0 0.0026827 3.07889e-05 0
1951.29 0 0.00415956 3.07885e-05 0
1951.29 0 0.00644947 3.07877e-05 0
1951.29 0 0.01 3.07866e-05 0
1951.29 0 0.0155052 3.07849e-05 0
1951.29 0 0.024041 3.07824e-05 0
1951.29 0 0.0372759 3.07788e-05 0
1951.29 0 0.0577969 3.0774e-05 0
1951.29 0 0.0896151 3.07681e-05 0
1951.29 0 0.13895 3.07618e-05 0
1951.29 0 0.215443 3.07567e-05 0
1951.29 0 0.334048 3.0752e-05 0
1951.29 0 0.517947 3.07338e-05 0
1951.29 0 0.803086 3.06639e-05 0
1951.29 0 1.2452 3.05183e-05 0
1951.29 0 1.9307 3.03596e-05 0
1951.29 0 2.99358 3.03029e-05 0
1951.29 0 4.64159 3.00271e-05 0
1951.29 0 7.19686 2.93057e-05 0
1951.29 0 11.1588 2.89935e-05 0
1951.29 0 17.302 2.83453e-05 0
1951.29 0 26.827 2.73885e-05 0
1951.29 0 41.5956 2.6617e-05 0
1951.29 0 64.4947 2.55376e-05 0
1951.29 0 100 2.40051e-05 0
1951.29 0 155.052 2.21894e-05 0
1951.29 0 240.41 1.98999e-05 0
1951.29 0 372.759 1.70275e-05 0
1951.29 0 577.969 1.41258e-05 0
1951.29 0 896.151 1.13362e-05 0
1951.29 0 1389.5 8.60237e-06 0
1951.29 0 2154.43 6.24409e-06 0
1951.29 0 3340.48 4.38051e-06 0
1951.29 0 5179.47 2.9619e-06 0
1951.29 0 8030.86 1.89685e-06 0
1951.29 0 12452 1.14348e-06 0
1951.29 0 19307 6.38167e-07 0
1951.29 0 29935.8 3.09831e-07 0
1951.29 0 46415.9 1.0796e-07 0
1951.29 0 71968.6 -1.05599e-08 0
1951.29 0 111588 -8.05552e-08 0
1951.29 0 173020 -9.48832e-08 0
1951.29 0 268270 -9.94221e-08 0
1951.29 0 415956 -8.9291e-08 0
1951.29 0 644947 -7.0413e-08 0
1951.29 0 1e+06 -2.7725e-08 0

4757.94 0 1e-06 1.08603e-05 0
4757.94 0 1.55052e-06 1.08603e-05 0
4757.94 0 2.4041e-06 1.08603e-05 0
4757.94 0 3.72759e-06 1.08603e-05 0
4757.94 0 5.77969e-06 1.08603e-05 0
4757.94 0 8.96151e-06 1.08603e-05 0
4757.94 0 1.3895e-05 1.08603e-05 0
4757.94 0 2.15443e-05 1.08603e-05 0
4757.94 0 3.34048e-05 1.08603e-05 0
4757.94 0 5.17947e-05 1.08603e-05 0
4757.94 0 8.03086e-05 1.08603e-05 0
4757.94 0 0.00012452 1.08603e-05 0
4757.94 0 0.00019307 1.08603e-05 0
4757.94 0 0.000299358 1.08603e-05 0
4757.94 0 0.000464159 1.08603e-05 0
4757.94 0 0.000719686 1.08603e-05 0
4757.94 0 0.00111588 1.08603e-05 0
4757.94 0 0.0017302 1.08602e-05 0
4757.94 0 0.0026827 1.08602e-05 0
4757.94 0 0.00415956 1.08601e-05 0
4757.94 0 0.00644947 1.086e-05 0
4757.94 0 0.01 1.08598e-05 0
4757.94 0 0.0155052 1.08595e-05 0
4757.94 0 0.024041 1.08591e-05 0
4757.94 0 0.0372759 1.08585e-05 0
4757.94 0 0.0577969 1.08577e-05 0
4757.94 0 0.0896151 1.08568e-05 0
4757.94 0 0.13895 1.08558e-05 0
4757.94 0 0.215443 1.0855e-05 0
4757.94 0 0.334048 1.08544e-05 0
4757.94 0 0.517947 1.08516e-05 0
4757.94 0 0.803086 1.08402e-05 0
4757.94 0 1.2452 1.08161e-05 0
4757.94 0 1.9307 1.07901e-05 0
4757.94 0 2.99358 1.07821e-05 0
4757.94 0 4.64159 1.07373e-05 0
4757.94 0 7.19686 1.06164e-05 0
4757.94 0 11.1588 1.05662e-05 0
4757.94 0 17.302 1.04595e-05 0
4757.94 0 26.827 1.02954e-05 0
4757.94 0 41.5956 1.01635e-05 0
4757.94 0 64.4947 9.97214e-06 0
4757.94 0 100 9.6828e-06 0
4757.94 0 155.052 9.31653e-06 0
4757.94 0 240.41 8.80938e-06 0
4757.94 0 372.759 8.07654e-06 0
4757.94 0 577.969 7.22556e-06 0
4757.94 0 896.151 6.28364e-06 0
4757.94 0 1389.5 5.17803e-06 0
4757.94 0 2154.43 4.05375e-06 0
4757.94 0 3340.48 3.04435e-06 0
4757.94 0 5179.47 2.19409e-06 0
4757.94 0 8030.86 1.50268e-06 0
4757.94 0 12452 9.70766e-07 0
4757.94 0 19307 5.89779e-07 0
4757.94 0 29935.8 3.31024e-07 0
4757.94 0 46415.9 1.64819e-07 0
4757.94 0 71968.6 6.34964e-08 0
4757.94 0 111588 3.44292e-09 0
4757.94 0 173020 -2.03345e-08 0
4757.94 0 268270 -3.16679e-08 0
4757.94 0 415956 -3.23435e-08 0
4757.94 0 644947 -2.69923e-08 0
4757.94 0 1e+06 -1.06516e-08 0

11601.6 0 1e-06 3.81316e-06 0
11601.6 0 1.55052e-06 3.81316e-06 0
11601.6 0 2.4041e-06 3.81316e-06 0
11601.6 0 3.72759e-06 3.81316e-06 0
11601.6 0 5.77969e-06 3.81316e-06 0
11601.6 0 8.96151e-06 3.81316e-06 0
11601.6 0 1.3895e-05 3.81316e-06 0
11601.6 0 2.15443e-05 3.81316e-06 0
11601.6 0 3.34048e-05 3.81316e-06 0
11601.6 0 5.17947e-05 3.81316e-06 0
11601.6 0 8.03086e-05 3.81316e-06 0
11601.6 0 0.00012452 3.81316e-06 0
11601.6 0 0.00019307 3.81315e-06 0
11601.6 0 0.000299358 3.81315e-06 0
11601.6 0 0.000464159 3.81315e-06 0
11601.6 0 0.000719686 3.81315e-06 0
11601.6 0 0.00111588 3.81315e-06 0
11601.6 0 0.0017302 3.81314e-06 0
11601.6 0 0.0026827 3.81313e-06 0
11601.6 0 0.00415956 3.81312e-06 0
11601.6 0 0.00644947 3.8131e-06 0
11601.6 0 0.01 3.81307e-06 0
11601.6 0 0.0155052 3.81302e-06 0
11601.6 0 0.024041 3.81295e-06 0
11601.6 0 0.0372759 3.81286e-06 0
11601.6 0 0.0577969 3.81273e-06 0
11601.6 0 0.0896151 3.81257e-06 0
11601.6 0 0.13895 3.81241e-06 0
11601.6 0 0.215443 3.8123e-06 0
11601.6 0 0.334048 3.81221e-06 0
11601.6 0 0.517947 3.81177e-06 0
11601.6 0 0.803086 3.80988e-06 0
11601.6 0 1.2452 3.80587e-06 0
11601.6 0 1.9307 3.80158e-06 0
11601.6 0 2.99358 3.8004e-06 0
11601.6 0 4.64159 3.79305e-06 0
11601.6 0 7.19686 3.77286e-06 0
11601.6 0 11.1588 3.76477e-06 0
11601.6 0 17.302 3.74733e-06 0
11601.6 0 26.827 3.71998e-06 0
11601.6 0 41.5956 3.69842e-06 0
11601.6 0 64.4947 3.66665e-06 0
11601.6 0 100 3.61706e-06 0
11601.6 0 155.052 3.55245e-06 0
11601.6 0 240.41 3.45828e-06 0
11601.6 0 372.759 3.30971e-06 0
11601.6 0 577.969 3.12009e-06 0
11601.6 0 896.151 2.88621e-06 0
11601.6 0 1389.5 2.56658e-06 0
11601.6 0 2154.43 2.18238e-06 0
11601.6 0 3340.48 1.7804e-06 0
11601.6 0 5179.47 1.39224e-06 0
11601.6 0 8030.86 1.03407e-06 0
11601.6 0 12452 7.20373e-07 0
11601.6 0 19307 4.70868e-07 0
11601.6 0 29935.8 2.87803e-07 0
11601.6 0 46415.9 1.62347e-07 0
11601.6 0 71968.6 8.17194e-08 0
11601.6 0 111588 3.24367e-08 0
11601.6 0 173020 7.88781e-09 0
11601.6 0 268270 -4.86476e-09 0
11601.6 0 415956 -9.39207e-09 0
11601.6 0 644947 -9.34825e-09 0
11601.6 0 1e+06 -3.71505e-09 0

28288.7 0 1e-06 1.30573e-06 0
28288.7 0 1.55052e-06 1.30573e-06 0
28288.7 0 2.4041e-06 1.30573e-06 0
28288.7 0 3.72759e-06 1.30573e-06 0
28288.7 0 5.77969e-06 1.30573e-06 0
28288.7 0 8.96151e-06 1.30573e-06 0
28288.7 0 1.3895e-05 1.30573e-06 0
28288.7 0 2.15443e-05 1.30573e-06 0
28288.7 0 3.34048e-05 1.30573e-06 0
28288.7 0 5.17947e-05 1.30573e-06 0
28288.7 0 8.03086e-05 1.30573e-06 0
28288.7 0 0.00012452 1.30573e-06 0
28288.7 0 0.00019307 1.30573e-06 0
28288.7 0 0.000299358 1.30572e-06 0
28288.7 0 0.000464159 1.30572e-06 0
28288.7 0 0.000719686 1.30572e-06 0
28288.7 0 0.00111588 1.30572e-06 0
28288.7 0 0.0017302 1.30572e-06 0
28288.7 0 0.0026827 1.30572e-06 0
28288.7 0 0.00415956 1.30572e-06 0
28288.7 0 0.00644947 1.30572e-06 0
28288.7 0 0.01 1.30571e-06 0
28288.7 0 0.0155052 1.3057e-06 0
28288.7 0 0.024041 1.30569e-06 0
28288.7 0 0.0372759 1.30568e-06 0
28288.7 0 0.0577969 1.30565e-06 0
28288.7 0 0.0896151 1.30563e-06 0
28288.7 0 0.13895 1.3056e-06 0
28288.7 0 0.215443 1.30558e-06 0
28288.7 0 0.334048 1.30557e-06 0
28288.7 0 0.517947 1.3055e-06 0
28288.7 0 0.803086 1.30519e-06 0
28288.7 0 1.2452 1.30452e-06 0
28288.7 0 1.9307 1.30381e-06 0
28288.7 0 2.99358 1.30363e-06 0
28288.7 0 4.64159 1.30242e-06 0
28288.7 0 7.19686 1.29905e-06 0
28288.7 0 11.1588 1.29775e-06 0
28288.7 0 17.302 1.2949e-06 0
28288.7 0 26.827 1.29039e-06 0
28288.7 0 41.5956 1.28694e-06 0
28288.7 0 64.4947 1.28182e-06 0
28288.7 0 100 1.27371e-06 0
28288.7 0 155.052 1.26306e-06 0
28288.7 0 240.41 1.24718e-06 0
28288.7 0 372.759 1.22089e-06 0
28288.7 0 577.969 1.18569e-06 0
28288.7 0 896.151 1.13957e-06 0
28288.7 0 1389.5 1.06985e-06 0
28288.7 0 2154.43 9.74456e-07 0
28288.7 0 3340.48 8.59784e-07 0
28288.7 0 5179.47 7.32295e-07 0
28288.7 0 8030.86 5.95688e-07 0
28288.7 0 12452 4.54133e-07 0
28288.7 0 19307 3.23238e-07 0
28288.7 0 29935.8 2.14824e-07 0
28288.7 0 46415.9 1.32663e-07 0
28288.7 0 71968.6 7.53283e-08 0
28288.7 0 111588 3.80252e-08 0
28288.7 0 173020 1.67498e-08 0
28288.7 0 268270 5.00514e-09 0
28288.7 0 415956 -4.31284e-10 0
28288.7 0 644947 -2.29075e-09 0
28288.7 0 1e+06 -9.39625e-10 0

68977.9 0 1e-06 4.30455e-07 0
68977.9 0 1.55052e-06 4.30455e-07 0
68977.9 0 2.4041e-06 4.30455e-07 0
68977.9 0 3.72759e-06 4.30455e-07 0
68977.9 0 5.77969e-06 4.30455e-07 0
68977.9 0 8.96151e-06 4.30455e-07 0
68977.9 0 1.3895e-05 4.30455e-07 0
68977.9 0 2.15443e-05 4.30455e-07 0
68977.9 0 3.34048e-05 4.30455e-07 0
68977.9 0 5.17947e-05 4.30455e-07 0
68977.9 0 8.03086e-05 4.30455e-07 0
68977.9 0 0.00012452 4.30455e-07 0
68977.9 0 0.00019307 4.30455e-07 0
68977.9 0 0.000299358 4.30455e-07 0
68977.9 0 0.000464159 4.30455e-07 0
68977.9 0 0.000719686 4.30455e-07 0
68977.9 0 0.00111588 4.30455e-07 0
68977.9 0 0.0017302 4.30454e-07 0
68977.9 0 0.0026827 4.30454e-07 0
68977.9 0 0.00415956 4.30454e-07 0
68977.9 0 0.00644947 4.30453e-07 0
68977.9 0 0.01 4.30452e-07 0
68977.9 0 0.0155052 4.30451e-07 0
68977.9 0 0.024041 4.30449e-07 0
68977.9 0 0.0372759 4.30447e-07 0
68977.9 0 0.0577969 4.30443e-07 0
68977.9 0 0.0896151 4.30439e-07 0
68977.9 0 0.13895 4.30434e-07 0
68977.9 0 0.215443 4.30432e-07 0
68977.9 0 0.334048 4.3043e-07 0
68977.9 0 0.517947 4.30418e-07 0
68977.9 0 0.803086 4.30366e-07 0
68977.9 0 1.2452 4.30255e-07 0
68977.9 0 1.9307 4.30137e-07 0
68977.9 0 2.99358 4.3011e-07 0
68977.9 0 4.64159 4.2991e-07 0
68977.9 0 7.19686 4.29349e-07 0
68977.9 0 11.1588 4.2914e-07 0
68977.9 0 17.302 4.28676e-07 0
68977.9 0 26.827 4.27941e-07 0
68977.9 0 41.5956 4.27395e-07 0
68977.9 0 64.4947 4.26586e-07 0
68977.9 0 100 4.25295e-07 0
68977.9 0 155.052 4.23608e-07 0
68977.9 0 240.41 4.21068e-07 0
68977.9 0 372.759 4.16748e-07 0
68977.9 0 577.969 4.10857e-07 0
68977.9 0 896.151 4.02941e-07 0
68977.9 0 1389.5 3.90249e-07 0
68977.9 0 2154.43 3.71438e-07 0
68977.9 0 3340.48 3.46568e-07 0
68977.9 0 5179.47 3.1578e-07 0
68977.9 0 8030.86 2.78262e-07 0
68977.9 0 12452 2.32456e-07 0
68977.9 0 19307 1.82185e-07 0
68977.9 0 29935.8 1.33437e-07 0
68977.9 0 46415.9 9.08509e-08 0
68977.9 0 71968.6 5.72073e-08 0
68977.9 0 111588 3.28722e-08 0
68977.9 0 173020 1.70822e-08 0
68977.9 0 268270 7.67222e-09 0
68977.9 0 415956 2.69176e-09 0
68977.9 0 644947 3.90593e-10 0
68977.9 0 1e+06 1.19407e-10 0

168192 0 1e-06 1.3085e-07 0
168192 0 1.55052e-06 1.3085e-07 0
168192 0 2.4041e-06 1.3085e-07 0
168192 0 3.72759e-06 1.3085e-07 0
168192 0 5.77969e-06 1.3085e-07 0
168192 0 8.96151e-06 1.3085e-07 0
168192 0 1.3895e-05 1.3085e-07 0
168192 0 2.15443e-05 1.3085e-07 0
168192 0 3.34048e-05 1.3085e-07 0
168192 0 5.17947e-05 1.3085e-07 0
168192 0 8.03086e-05 1.3085e-07 0
168192 0 0.00012452 1.3085e-07 0
168192 0 0.00019307 1.3085e-07 0
168192 0 0.000299358 1.3085e-07 0
168192 0 0.000464159 1.3085e-07 0
168192 0 0.000719686 1.3085e-07 0
168192 0 0.00111588 1.3085e-07 0
168192 0 0.0017302 1.3085e-07 0
168192 0 0.0026827 1.3085e-07 0
168192 0 0.00415956 1.3085e-07 0
168192 0 0.00644947 1.3085e-07 0
168192 0 0.01 1.3085e-07 0
168192 0 0.0155052 1.3085e-07 0
168192 0 0.024041 1.30849e-07 0
168192 0 0.0372759 1.30849e-07 0
168192 0 0.0577969 1.30848e-07 0
168192 0 0.0896151 1.30848e-07 0
168192 0 0.13895 1.30847e-07 0
168192 0 0.215443 1.30847e-07 0
168192 0 0.334048 1.30846e-07 0
168192 0 0.517947 1.30844e-07 0
168192 0 0.803086 1.30836e-07 0
168192 0 1.2452 1.30817e-07 0
168192 0 1.9307 1.30798e-07 0
168192 0 2.99358 1.30794e-07 0
168192 0 4.64159 1.30761e-07 0
168192 0 7.19686 1.30668e-07 0
168192 0 11.1588 1.30635e-07 0
168192 0 17.302 1.30561e-07 0
168192 0 26.827 1.30443e-07 0
168192 0 41.5956 1.30359e-07 0
168192 0 64.4947 1.30236e-07 0
168192 0 100 1.30039e-07 0
168192 0 155.052 1.29785e-07 0
168192 0 240.41 1.29402e-07 0
168192 0 372.759 1.28736e-07 0
168192 0 577.969 1.2783e-07 0
168192 0 896.151 1.26611e-07 0
168192 0 1389.5 1.24586e-07 0
168192 0 2154.43 1.21449e-07 0
168192 0 3340.48 1.17097e-07 0
168192 0 5179.47 1.1139e-07 0
168192 0 8030.86 1.03853e-07 0
168192 0 12452 9.34424e-08 0
168192 0 19307 8.01681e-08 0
168192 0 29935.8 6.50487e-08 0
168192 0 46415.9 4.94581e-08 0
168192 0 71968.6 3.49628e-08 0
168192 0 111588 2.26896e-08 0
168192 0 173020 1.3304e-08 0
168192 0 268270 7.02718e-09 0
168192 0 415956 3.2553e-09 0
168192 0 644947 1.21303e-09 0
168192 0 1e+06 4.54637e-10 0

410113 0 1e-06 3.63223e-08 0
410113 0 1.55052e-06 3.63223e-08 0
410113 0 2.4041e-06 3.63223e-08 0
410113 0 3.72759e-06 3.63223e-08 0
410113 0 5.77969e-06 3.63223e-08 0
410113 0 8.96151e-06 3.63223e-08 0
410113 0 1.3895e-05 3.63223e-08 0
410113 0 2.15443e-05 3.63223e-08 0
410113 0 3.34048e-05 3.63223e-08 0
410113 0 5.17947e-05 3.63223e-08 0
410113 0 8.03086e-05 3.63223e-08 0
410113 0 0.00012452 3.63223e-08 0
410113 0 0.00019307 3.63223e-08 0
410113 0 0.000299358 3.63223e-08 0
410113 0 0.000464159 3.63223e-08 0
410113 0 0.000719686 3.63223e-08 0
410113 0 0.00111588 3.63223e-08 0
410113 0 0.0017302 3.63222e-08 0
410113 0 0.0026827 3.63222e-08 0
410113 0 0.00415956 3.63222e-08 0
410113 0 0.00644947 3.63222e-08 0
410113 0 0.01 3.63222e-08 0
410113 0 0.0155052 3.63222e-08 0
410113 0 0.024041 3.63221e-08 0
410113 0 0.0372759 3.6322e-08 0
410113 0 0.0577969 3.63219e-08 0
410113 0 0.0896151 3.63218e-08 0
410113 0 0.13895 3.63217e-08 0
410113 0 0.215443 3.63216e-08 0
410113 0 0.334048 3.63216e-08 0
410113 0 0.517947 3.63213e-08 0
410113 0 0.803086 3.63199e-08 0
410113 0 1.2452 3.63168e-08 0
410113 0 1.9307 3.63136e-08 0
410113 0 2.99358 3.63131e-08 0
410113 0 4.64159 3.63078e-08 0
410113 0 7.19686 3.62924e-08 0
410113 0 11.1588 3.62874e-08 0
410113 0 17.302 3.62755e-08 0
410113 0 26.827 3.62568e-08 0
410113 0 41.5956 3.62445e-08 0
410113 0 64.4947 3.62265e-08 0
410113 0 100 3.61974e-08 0
410113 0 155.052 3.61611e-08 0
410113 0 240.41 3.61065e-08 0
410113 0 372.759 3.60091e-08 0
410113 0 577.969 3.58786e-08 0
410113 0 896.151 3.57065e-08 0
410113 0 1389.5 3.54116e-08 0
410113 0 2154.43 3.49434e-08 0
410113 0 3340.48 3.42833e-08 0
410113 0 5179.47 3.3404e-08 0
410113 0 8030.86 3.22027e-08 0
410113 0 12452 3.04097e-08 0
410113 0 19307 2.78768e-08 0
410113 0 29935.8 2.46169e-08 0
410113 0 46415.9 2.07327e-08 0
410113 0 71968.6 1.64778e-08 0
410113 0 111588 1.21382e-08 0
410113 0 173020 8.07596e-09 0
410113 0 268270 4.88845e-09 0
410113 0 415956 2.63491e-09 0
410113 0 644947 1.20399e-09 0
410113 0 1e+06 4.70397e-10 0

1e+06 0 1e-06 9.16227e-09 0
1e+06 0 1.55052e-06 9.16227e-09 0
1e+06 0 2.4041e-06 9.16227e-09 0
1e+06 0 3.72759e-06 9.16227e-09 0
1e+06 0 5.77969e-06 9.16227e-09 0
1e+06 0 8.96151e-06 9.16227e-09 0
1e+06 0 1.3895e-05 9.16227e-09 0
1e+06 0 2.15443e-05 9.16227e-09 0
1e+06 0 3.34048e-05 9.16227e-09 0
1e+06 0 5.17947e-05 9.16227e-09 0
1e+06 0 8.03086e-05 9.16227e-09 0
1e+06 0 0.00012452 9.16227e-09 0
1e+06 0 0.00019307 9.16227e-09 0
1e+06 0 0.000299358 9.16227e-09 0
1e+06 0 0.000464159 9.16227e-09 0
1e+06 0 0.000719686 9.16227e-09 0
1e+06 0 0.00111588 9.16227e-09 0
1e+06 0 0.0017302 9.16227e-09 0
1e+06 0 0.0026827 9.16227e-09 0
1e+06 0 0.00415956 9.16226e-09 0
1e+06 0 0.00644947 9.16226e-09 0
1e+06 0 0.01 9.16226e-09 0
1e+06 0 0.0155052 9.16225e-09 0
1e+06 0 0.024041 9.16224e-09 0
1e+06 0 0.0372759 9.16223e-09 0
1e+06 0 0.0577969 9.16222e-09 0
1e+06 0 0.0896151 9.1622e-09 0
1e+06 0 0.13895 9.16218e-09 0
1e+06 0 0.215443 9.16217e-09 0
1e+06 0 0.334048 9.16217e-09 0
1e+06 0 0.517947 9.16212e-09 0
1e+06 0 0.803086 9.16189e-09 0
1e+06 0 1.2452 9.16138e-09 0
1e+06 0 1.9307 9.16086e-09 0
1e+06 0 2.99358 9.16079e-09 0
1e+06 0 4.64159 9.15993e-09 0
1e+06 0 7.19686 9.15739e-09 0
1e+06 0 11.1588 9.15662e-09 0
1e+06 0 17.302 9.15476e-09 0
1e+06 0 26.827 9.15179e-09 0
1e+06 0 41.5956 9.15003e-09 0
1e+06 0 64.4947 9.14748e-09 0
1e+06 0 100 9.14331e-09 0
1e+06 0 155.052 9.13833e-09 0
1e+06 0 240.41 9.13087e-09 0
1e+06 0 372.759 9.11715e-09 0
1e+06 0 577.969 9.09928e-09 0
1e+06 0 896.151 9.07657e-09 0
1e+06 0 1389.5 9.03631e-09 0
1e+06 0 2154.43 8.97119e-09 0
1e+06 0 3340.48 8.87978e-09 0
1e+06 0 5179.47 8.75988e-09 0
1e+06 0 8030.86 8.59613e-09 0
1e+06 0 12452 8.33973e-09 0
1e+06 0 19307 7.95466e-09 0
1e+06 0 29935.8 7.42265e-09 0
1e+06 0 46415.9 6.72726e-09 0
1e+06 0 71968.6 5.86834e-09 0
1e+06 0 111588 4.83462e-09 0
1e+06 0 173020 3.65048e-09 0
1e+06 0 268270 2.53644e-09 0
1e+06 0 415956 1.57207e-09 0
1e+06 0 644947 8.25451e-10 0
1e+06 0 1e+06 3.39584e-10 0

