#q_sq i k_sq Re(fg) Im(fg)
1e-06 9 1e-06 -0.49933 0
1e-06 9 1.41873e-06 -0.499328 0
1e-06 9 2.01279e-06 -0.499326 0
1e-06 9 2.85559e-06 -0.499322 0
1e-06 9 4.0513e-06 -0.499317 0
1e-06 9 5.74769e-06 -0.49931 0
1e-06 9 8.15441e-06 -0.4993 0
1e-06 9 1.15689e-05 -0.499285 0
1e-06 9 1.64131e-05 -0.499265 0
1e-06 9 2.32857e-05 -0.499236 0
1e-06 9 3.3036e-05 -0.499194 0
1e-06 9 4.6869e-05 -0.499136 0
1e-06 9 6.64944e-05 -0.499053 0
1e-06 9 9.43373e-05 -0.498935 0
1e-06 9 0.000133839 -0.498768 0
1e-06 9 0.000189881 -0.498531 0
1e-06 9 0.000269389 -0.498195 0
1e-06 9 0.000382189 -0.497718 0
1e-06 9 0.000542222 -0.497042 0
1e-06 9 0.000769265 -0.496084 0
1e-06 9 0.00109138 -0.494726 0
1e-06 9 0.00154837 -0.492802 0
1e-06 9 0.00219671 -0.490081 0
1e-06 9 0.00311653 -0.486231 0
1e-06 9 0.0044215 -0.480793 0
1e-06 9 0.0062729 -0.473131 0
1e-06 9 0.00889953 -0.462362 0
1e-06 9 0.012626 -0.447283 0
1e-06 9 0.0179128 -0.426296 0
1e-06 9 0.0254134 -0.39732 0
1e-06 9 0.0360547 -0.357753 0
1e-06 9 0.0511518 -0.304637 0
1e-06 9 0.0725704 -0.235021 0
1e-06 9 0.102958 -0.146893 0
1e-06 9 0.146069 -0.0410204 0
1e-06 9 0.207231 0.0765011 0
1e-06 9 0.294005 0.191495 0
1e-06 9 0.417112 0.281839 0
1e-06 9 0.591769 0.32514 0
1e-06 9 0.839558 0.314379 0
1e-06 9 1.1911 0.2656 0
1e-06 9 1.68985 0.19778 0
1e-06 9 2.39743 0.124568 0
1e-06 9 3.4013 0.0697408 0
1e-06 9 4.82552 0.0402375 0
1e-06 9 6.8461 0.0218043 0
1e-06 9 9.71274 0.0104315 0
1e-06 9 13.7797 0.00393111 0
1e-06 9 19.5497 0.00252421 0
1e-06 9 27.7356 0.000943384 0
1e-06 9 39.3493 0.000327775 0
1e-06 9 55.8259 0.000173617 0
1e-06 9 79.2016 8.69451e-05 0
1e-06 9 112.365 5.15148e-05 0
1e-06 9 159.416 3.40287e-05 0
1e-06 9 226.168 2.1166e-05 0
1e-06 9 320.87 1.25939e-05 0
1e-06 9 455.227 8.6212e-06 0
1e-06 9 645.842 6.16301e-06 0
1e-06 9 916.274 3.87379e-06 0
1e-06 9 1299.94 2.59697e-06 0
1e-06 9 1844.26 1.97616e-06 0
1e-06 9 2616.5 1.54004e-06 0
1e-06 9 3712.11 1.12333e-06 0
1e-06 9 5266.46 8.26998e-07 0
1e-06 9 7471.67 6.2834e-07 0
1e-06 9 10600.3 4.84026e-07 0
1e-06 9 15038.9 3.71295e-07 0
1e-06 9 21336 2.80019e-07 0
1e-06 9 30270 2.05781e-07 0
1e-06 9 42944.9 1.46462e-07 0
1e-06 9 60927 1.00597e-07 0
1e-06 9 86438.8 6.66514e-08 0
1e-06 9 122633 4.27885e-08 0
1e-06 9 173983 2.67244e-08 0
1e-06 9 246834 1.60515e-08 0
1e-06 9 350190 9.09741e-09 0
1e-06 9 496824 4.81147e-09 0
1e-06 9 704857 2.18685e-09 0
1e-06 9 1e+06 6.78787e-10 0

2.43835e-06 9 1e-06 -0.499328 0
2.43835e-06 9 1.41873e-06 -0.499326 0
2.43835e-06 9 2.01279e-06 -0.499324 0
2.43835e-06 9 2.85559e-06 -0.49932 0
2.43835e-06 9 4.0513e-06 -0.499315 0
2.43835e-06 9 5.74769e-06 -0.499308 0
2.43835e-06 9 8.15441e-06 -0.499298 0
2.43835e-06 9 1.15689e-05 -0.499284 0
2.43835e-06 9 1.64131e-05 -0.499263 0
2.43835e-06 9 2.32857e-05 -0.499234 0
2.43835e-06 9 3.3036e-05 -0.499193 0
2.43835e-06 9 4.6869e-05 -0.499134 0
2.43835e-06 9 6.64944e-05 -0.499051 0
2.43835e-06 9 9.43373e-05 -0.498933 0
2.43835e-06 9 0.000133839 -0.498766 0
2.43835e-06 9 0.000189881 -0.498529 0
2.43835e-06 9 0.000269389 -0.498193 0
2.43835e-06 9 0.000382189 -0.497716 0
2.43835e-06 9 0.000542222 -0.497041 0
2.43835e-06 9 0.000769265 -0.496082 0
2.43835e-06 9 0.00109138 -0.494724 0
2.43835e-06 9 0.00154837 -0.492801 0
2.43835e-06 9 0.00219671 -0.490079 0
2.43835e-06 9 0.00311653 -0.486229 0
2.43835e-06 9 0.0044215 -0.480791 0
2.43835e-06 9 0.0062729 -0.473129 0
2.43835e-06 9 0.00889953 -0.462361 0
2.43835e-06 9 0.012626 -0.447281 0
2.43835e-06 9 0.0179128 -0.426295 0
2.43835e-06 9 0.0254134 -0.397319 0
2.43835e-06 9 0.0360547 -0.357751 0
2.43835e-06 9 0.0511518 -0.304636 0
2.43835e-06 9 0.0725704 -0.23502 0
2.43835e-06 9 0.102958 -0.146892 0
2.43835e-06 9 0.146069 -0.0410197 0
2.43835e-06 9 0.207231 0.0765016 0
2.43835e-06 9 0.294005 0.191496 0
2.43835e-06 9 0.417112 0.281839 0
2.43835e-06 9 0.591769 0.32514 0
2.43835e-06 9 0.839558 0.314379 0
2.43835e-06 9 1.1911 0.2656 0
2.43835e-06 9 1.68985 0.19778 0
2.43835e-06 9 2.39743 0.124568 0
2.43835e-06 9 3.4013 0.0697408 0
2.43835e-06 9 4.82552 0.0402375 0
2.43835e-06 9 6.8461 0.0218043 0
2.43835e-06 9 9.71274 0.0104315 0
2.43835e-06 9 13.7797 0.00393111 0
2.43835e-06 9 19.5497 0.00252421 0
2.43835e-06 9 27.7356 0.000943384 0
2.43835e-06 9 39.3493 0.000327775 0
2.43835e-06 9 55.8259 0.000173617 0
2.43835e-06 9 79.2016 8.69451e-05 0
2.43835e-06 9 112.365 5.15148e-05 0
2.43835e-06 9 159.416 3.40287e-05 0
2.43835e-06 9 226.168 2.1166e-05 0
2.43835e-06 9 320.87 1.25939e-05 0
2.43835e-06 9 455.227 8.6212e-06 0
2.43835e-06 9 645.842 6.16301e-06 0
2.43835e-06 9 916.274 3.87379e-06 0
2.43835e-06 9 1299.94 2.59697e-06 0
2.43835e-06 9 1844.26 1.97616e-06 0
2.43835e-06 9 2616.5 1.54004e-06 0
2.43835e-06 9 3712.11 1.12333e-06 0
2.43835e-06 9 5266.46 8.26998e-07 0
2.43835e-06 9 7471.67 6.2834e-07 0
2.43835e-06 9 10600.3 4.84026e-07 0
2.43835e-06 9 15038.9 3.71295e-07 0
2.43835e-06 9 21336 2.80019e-07 0
2.43835e-06 9 30270 2.05781e-07 0
2.43835e-06 9 42944.9 1.46462e-07 0
2.43835e-06 9 60927 1.00597e-07 0
2.43835e-06 9 86438.8 6.66514e-08 0
2.43835e-06 9 122633 4.27885e-08 0
2.43835e-06 9 173983 2.67244e-08 0
2.43835e-06 9 246834 1.60515e-08 0
2.43835e-06 9 350190 9.09741e-09 0
2.43835e-06 9 496824 4.81147e-09 0
2.43835e-06 9 704857 2.18685e-09 0
2.43835e-06 9 1e+06 6.78787e-10 0

5.94557e-06 9 1e-06 -0.499324 0
5.94557e-06 9 1.41873e-06 -0.499322 0
5.94557e-06 9 2.01279e-06 -0.49932 0
5.94557e-06 9 2.85559e-06 -0.499316 0
5.94557e-06 9 4.0513e-06 -0.499311 0
5.94557e-06 9 5.74769e-06 -0.499304 0
5.94557e-06 9 8.15441e-06 -0.499294 0
5.94557e-06 9 1.15689e-05 -0.499279 0
5.94557e-06 9 1.64131e-05 -0.499259 0
5.94557e-06 9 2.32857e-05 -0.49923 0
5.94557e-06 9 3.3036e-05 -0.499189 0
5.94557e-06 9 4.6869e-05 -0.49913 0
5.94557e-06 9 6.64944e-05 -0.499047 0
5.94557e-06 9 9.43373e-05 -0.498929 0
5.94557e-06 9 0.000133839 -0.498762 0
5.94557e-06 9 0.000189881 -0.498525 0
5.94557e-06 9 0.000269389 -0.498189 0
5.94557e-06 9 0.000382189 -0.497712 0
5.94557e-06 9 0.000542222 -0.497037 0
5.94557e-06 9 0.000769265 -0.496078 0
5.94557e-06 9 0.00109138 -0.49472 0
5.94557e-06 9 0.00154837 -0.492797 0
5.94557e-06 9 0.00219671 -0.490075 0
5.94557e-06 9 0.00311653 -0.486225 0
5.94557e-06 9 0.0044215 -0.480787 0
5.94557e-06 9 0.0062729 -0.473125 0
5.94557e-06 9 0.00889953 -0.462357 0
5.94557e-06 9 0.012626 -0.447277 0
5.94557e-06 9 0.0179128 -0.426291 0
5.94557e-06 9 0.0254134 -0.397315 0
5.94557e-06 9 0.0360547 -0.357748 0
5.94557e-06 9 0.0511518 -0.304633 0
5.94557e-06 9 0.0725704 -0.235017 0
5.94557e-06 9 0.102958 -0.146889 0
5.94557e-06 9 0.146069 -0.0410179 0
5.94557e-06 9 0.207231 0.0765028 0
5.94557e-06 9 0.294005 0.191496 0
5.94557e-06 9 0.417112 0.281839 0
5.94557e-06 9 0.591769 0.32514 0
5.94557e-06 9 0.839558 0.314379 0
5.94557e-06 9 1.1911 0.2656 0
5.94557e-06 9 1.68985 0.19778 0
5.94557e-06 9 2.39743 0.124568 0
5.94557e-06 9 3.4013 0.0697407 0
5.94557e-06 9 4.82552 0.0402375 0
5.94557e-06 9 6.8461 0.0218043 0
5.94557e-06 9 9.71274 0.0104314 0
5.94557e-06 9 13.7797 0.00393111 0
5.94557e-06 9 19.5497 0.00252421 0
5.94557e-06 9 27.7356 0.000943384 0
5.94557e-06 9 39.3493 0.000327775 0
5.94557e-06 9 55.8259 0.000173617 0
5.94557e-06 9 79.2016 8.69451e-05 0
5.94557e-06 9 112.365 5.15148e-05 0
5.94557e-06 9 159.416 3.40287e-05 0
5.94557e-06 9 226.168 2.1166e-05 0
5.94557e-06 9 320.87 1.25939e-05 0
5.94557e-06 9 455.227 8.6212e-06 0
5.94557e-06 9 645.842 6.16301e-06 0
5.94557e-06 9 916.274 3.87379e-06 0
5.94557e-06 9 1299.94 2.59697e-06 0
5.94557e-06 9 1844.26 1.97616e-06 0
5.94557e-06 9 2616.5 1.54004e-06 0
5.94557e-06 9 3712.11 1.12333e-06 0
5.94557e-06 9 5266.46 8.26998e-07 0
5.94557e-06 9 7471.67 6.2834e-07 0
5.94557e-06 9 10600.3 4.84026e-07 0
5.94557e-06 9 15038.9 3.71295e-07 0
5.94557e-06 9 21336 2.80019e-07 0
5.94557e-06 9 30270 2.05781e-07 0
5.94557e-06 9 42944.9 1.46462e-07 0
5.94557e-06 9 60927 1.00597e-07 0
5.94557e-06 9 86438.8 6.66514e-08 0
5.94557e-06 9 122633 4.27885e-08 0
5.94557e-06 9 173983 2.67244e-08 0
5.94557e-06 9 246834 1.60515e-08 0
5.94557e-06 9 350190 9.09741e-09 0
5.94557e-06 9 496824 4.81147e-09 0
5.94557e-06 9 704857 2.18685e-09 0
5.94557e-06 9 1e+06 6.78787e-10 0

1.44974e-05 9 1e-06 -0.499314 0
1.44974e-05 9 1.41873e-06 -0.499312 0
1.44974e-05 9 2.01279e-06 -0.49931 0
1.44974e-05 9 2.85559e-06 -0.499306 0
1.44974e-05 9 4.0513e-06 -0.499301 0
1.44974e-05 9 5.74769e-06 -0.499294 0
1.44974e-05 9 8.15441e-06 -0.499284 0
1.44974e-05 9 1.15689e-05 -0.499269 0
1.44974e-05 9 1.64131e-05 -0.499249 0
1.44974e-05 9 2.32857e-05 -0.49922 0
1.44974e-05 9 3.3036e-05 -0.499179 0
1.44974e-05 9 4.6869e-05 -0.49912 0
1.44974e-05 9 6.64944e-05 -0.499037 0
1.44974e-05 9 9.43373e-05 -0.498919 0
1.44974e-05 9 0.000133839 -0.498752 0
1.44974e-05 9 0.000189881 -0.498515 0
1.44974e-05 9 0.000269389 -0.498179 0
1.44974e-05 9 0.000382189 -0.497702 0
1.44974e-05 9 0.000542222 -0.497027 0
1.44974e-05 9 0.000769265 -0.496068 0
1.44974e-05 9 0.00109138 -0.49471 0
1.44974e-05 9 0.00154837 -0.492787 0
1.44974e-05 9 0.00219671 -0.490065 0
1.44974e-05 9 0.00311653 -0.486215 0
1.44974e-05 9 0.0044215 -0.480777 0
1.44974e-05 9 0.0062729 -0.473116 0
1.44974e-05 9 0.00889953 -0.462347 0
1.44974e-05 9 0.012626 -0.447268 0
1.44974e-05 9 0.0179128 -0.426282 0
1.44974e-05 9 0.0254134 -0.397306 0
1.44974e-05 9 0.0360547 -0.35774 0
1.44974e-05 9 0.0511518 -0.304626 0
1.44974e-05 9 0.0725704 -0.235011 0
1.44974e-05 9 0.102958 -0.146884 0
1.44974e-05 9 0.146069 -0.0410136 0
1.44974e-05 9 0.207231 0.0765056 0
1.44974e-05 9 0.294005 0.191498 0
1.44974e-05 9 0.417112 0.28184 0
1.44974e-05 9 0.591769 0.32514 0
1.44974e-05 9 0.839558 0.314378 0
1.44974e-05 9 1.1911 0.265599 0
1.44974e-05 9 1.68985 0.19778 0
1.44974e-05 9 2.39743 0.124568 0
1.44974e-05 9 3.4013 0.0697407 0
1.44974e-05 9 4.82552 0.0402374 0
1.44974e-05 9 6.8461 0.0218043 0
1.44974e-05 9 9.71274 0.0104314 0
1.44974e-05 9 13.7797 0.00393111 0
1.44974e-05 9 19.5497 0.00252421 0
1.44974e-05 9 27.7356 0.000943384 0
1.44974e-05 9 39.3493 0.000327775 0
1.44974e-05 9 55.8259 0.000173617 0
1.44974e-05 9 79.2016 8.6945e-05 0
1.44974e-05 9 112.365 5.15147e-05 0
1.44974e-05 9 159.416 3.40287e-05 0
1.44974e-05 9 226.168 2.1166e-05 0
1.44974e-05 9 320.87 1.25939e-05 0
1.44974e-05 9 455.227 8.6212e-06 0
1.44974e-05 9 645.842 6.16301e-06 0
1.44974e-05 9 916.274 3.87379e-06 0
1.44974e-05 9 1299.94 2.59697e-06 0
1.44974e-05 9 1844.26 1.97616e-06 0
1.44974e-05 9 2616.5 1.54004e-06 0
1.44974e-05 9 3712.11 1.12333e-06 0
1.44974e-05 9 5266.46 8.26998e-07 0
1.44974e-05 9 7471.67 6.2834e-07 0
1.44974e-05 9 10600.3 4.84026e-07 0
1.44974e-05 9 15038.9 3.71295e-07 0
1.44974e-05 9 21336 2.80019e-07 0
1.44974e-05 9 30270 2.05781e-07 0
1.44974e-05 9 42944.9 1.46462e-07 0
1.44974e-05 9 60927 1.00597e-07 0
1.44974e-05 9 86438.8 6.66514e-08 0
1.44974e-05 9 122633 4.27885e-08 0
1.44974e-05 9 173983 2.67244e-08 0
1.44974e-05 9 246834 1.60515e-08 0
1.44974e-05 9 350190 9.09741e-09 0
1.44974e-05 9 496824 4.81147e-09 0
1.44974e-05 9 704857 2.18685e-09 0
1.44974e-05 9 1e+06 6.78787e-10 0

3.53498e-05 9 1e-06 -0.49929 0
3.53498e-05 9 1.41873e-06 -0.499288 0
3.53498e-05 9 2.01279e-06 -0.499286 0
3.53498e-05 9 2.85559e-06 -0.499282 0
3.53498e-05 9 4.0513e-06 -0.499277 0
3.53498e-05 9 5.74769e-06 -0.49927 0
3.53498e-05 9 8.15441e-06 -0.49926 0
3.53498e-05 9 1.15689e-05 -0.499245 0
3.53498e-05 9 1.64131e-05 -0.499225 0
3.53498e-05 9 2.32857e-05 -0.499196 0
3.53498e-05 9 3.3036e-05 -0.499154 0
3.53498e-05 9 4.6869e-05 -0.499096 0
3.53498e-05 9 6.64944e-05 -0.499013 0
3.53498e-05 9 9.43373e-05 -0.498895 0
3.53498e-05 9 0.000133839 -0.498728 0
3.53498e-05 9 0.000189881 -0.498491 0
3.53498e-05 9 0.000269389 -0.498155 0
3.53498e-05 9 0.000382189 -0.497678 0
3.53498e-05 9 0.000542222 -0.497002 0
3.53498e-05 9 0.000769265 -0.496044 0
3.53498e-05 9 0.00109138 -0.494686 0
3.53498e-05 9 0.00154837 -0.492763 0
3.53498e-05 9 0.00219671 -0.490041 0
3.53498e-05 9 0.00311653 -0.486191 0
3.53498e-05 9 0.0044215 -0.480754 0
3.53498e-05 9 0.0062729 -0.473092 0
3.53498e-05 9 0.00889953 -0.462324 0
3.53498e-05 9 0.012626 -0.447245 0
3.53498e-05 9 0.0179128 -0.42626 0
3.53498e-05 9 0.0254134 -0.397285 0
3.53498e-05 9 0.0360547 -0.35772 0
3.53498e-05 9 0.0511518 -0.304607 0
3.53498e-05 9 0.0725704 -0.234995 0
3.53498e-05 9 0.102958 -0.14687 0
3.53498e-05 9 0.146069 -0.0410033 0
3.53498e-05 9 0.207231 0.0765127 0
3.53498e-05 9 0.294005 0.191501 0
3.53498e-05 9 0.417112 0.281841 0
3.53498e-05 9 0.591769 0.325139 0
3.53498e-05 9 0.839558 0.314377 0
3.53498e-05 9 1.1911 0.265598 0
3.53498e-05 9 1.68985 0.197779 0
3.53498e-05 9 2.39743 0.124567 0
3.53498e-05 9 3.4013 0.0697405 0
3.53498e-05 9 4.82552 0.0402374 0
3.53498e-05 9 6.8461 0.0218043 0
3.53498e-05 9 9.71274 0.0104314 0
3.53498e-05 9 13.7797 0.0039311 0
3.53498e-05 9 19.5497 0.0025242 0
3.53498e-05 9 27.7356 0.000943384 0
3.53498e-05 9 39.3493 0.000327775 0
3.53498e-05 9 55.8259 0.000173617 0
3.53498e-05 9 79.2016 8.6945e-05 0
3.53498e-05 9 112.365 5.15147e-05 0
3.53498e-05 9 159.416 3.40287e-05 0
3.53498e-05 9 226.168 2.1166e-05 0
3.53498e-05 9 320.87 1.25939e-05 0
3.53498e-05 9 455.227 8.6212e-06 0
3.53498e-05 9 645.842 6.16301e-06 0
3.53498e-05 9 916.274 3.87378e-06 0
3.53498e-05 9 1299.94 2.59697e-06 0
3.53498e-05 9 1844.26 1.97616e-06 0
3.53498e-05 9 2616.5 1.54004e-06 0
3.53498e-05 9 3712.11 1.12333e-06 0
3.53498e-05 9 5266.46 8.26998e-07 0
3.53498e-05 9 7471.67 6.2834e-07 0
3.53498e-05 9 10600.3 4.84026e-07 0
3.53498e-05 9 15038.9 3.71295e-07 0
3.53498e-05 9 21336 2.80019e-07 0
3.53498e-05 9 30270 2.05781e-07 0
3.53498e-05 9 42944.9 1.46462e-07 0
3.53498e-05 9 60927 1.00597e-07 0
3.53498e-05 9 86438.8 6.66514e-08 0
3.53498e-05 9 122633 4.27885e-08 0
3.53498e-05 9 173983 2.67244e-08 0
3.53498e-05 9 246834 1.60515e-08 0
3.53498e-05 9 350190 9.09741e-09 0
3.53498e-05 9 496824 4.81147e-09 0
3.53498e-05 9 704857 2.18685e-09 0
3.53498e-05 9 1e+06 6.78787e-10 0

8.61954e-05 9 1e-06 -0.499232 0
8.61954e-05 9 1.41873e-06 -0.49923 0
8.61954e-05 9 2.01279e-06 -0.499228 0
8.61954e-05 9 2.85559e-06 -0.499224 0
8.61954e-05 9 4.0513e-06 -0.499219 0
8.61954e-05 9 5.74769e-06 -0.499212 0
8.61954e-05 9 8.15441e-06 -0.499202 0
8.61954e-05 9 1.15689e-05 -0.499187 0
8.61954e-05 9 1.64131e-05 -0.499167 0
8.61954e-05 9 2.32857e-05 -0.499138 0
8.61954e-05 9 3.3036e-05 -0.499097 0
8.61954e-05 9 4.6869e-05 -0.499038 0
8.61954e-05 9 6.64944e-05 -0.498955 0
8.61954e-05 9 9.43373e-05 -0.498837 0
8.61954e-05 9 0.000133839 -0.49867 0
8.61954e-05 9 0.000189881 -0.498433 0
8.61954e-05 9 0.000269389 -0.498097 0
8.61954e-05 9 0.000382189 -0.49762 0
8.61954e-05 9 0.000542222 -0.496945 0
8.61954e-05 9 0.000769265 -0.495987 0
8.61954e-05 9 0.00109138 -0.494629 0
8.61954e-05 9 0.00154837 -0.492705 0
8.61954e-05 9 0.00219671 -0.489984 0
8.61954e-05 9 0.00311653 -0.486135 0
8.61954e-05 9 0.0044215 -0.480697 0
8.61954e-05 9 0.0062729 -0.473036 0
8.61954e-05 9 0.00889953 -0.462269 0
8.61954e-05 9 0.012626 -0.447191 0
8.61954e-05 9 0.0179128 -0.426208 0
8.61954e-05 9 0.0254134 -0.397235 0
8.61954e-05 9 0.0360547 -0.357673 0
8.61954e-05 9 0.0511518 -0.304564 0
8.61954e-05 9 0.0725704 -0.234956 0
8.61954e-05 9 0.102958 -0.146838 0
8.61954e-05 9 0.146069 -0.0409783 0
8.61954e-05 9 0.207231 0.0765296 0
8.61954e-05 9 0.294005 0.19151 0
8.61954e-05 9 0.417112 0.281843 0
8.61954e-05 9 0.591769 0.325138 0
8.61954e-05 9 0.839558 0.314374 0
8.61954e-05 9 1.1911 0.265596 0
8.61954e-05 9 1.68985 0.197777 0
8.61954e-05 9 2.39743 0.124566 0
8.61954e-05 9 3.4013 0.0697401 0
8.61954e-05 9 4.82552 0.0402372 0
8.61954e-05 9 6.8461 0.0218042 0
8.61954e-05 9 9.71274 0.0104314 0
8.61954e-05 9 13.7797 0.0039311 0
8.61954e-05 9 19.5497 0.0025242 0
8.61954e-05 9 27.7356 0.000943383 0
8.61954e-05 9 39.3493 0.000327774 0
8.61954e-05 9 55.8259 0.000173617 0
8.61954e-05 9 79.2016 8.6945e-05 0
8.61954e-05 9 112.365 5.15147e-05 0
8.61954e-05 9 159.416 3.40287e-05 0
8.61954e-05 9 226.168 2.1166e-05 0
8.61954e-05 9 320.87 1.25939e-05 0
8.61954e-05 9 455.227 8.6212e-06 0
8.61954e-05 9 645.842 6.16301e-06 0
8.61954e-05 9 916.274 3.87378e-06 0
8.61954e-05 9 1299.94 2.59697e-06 0
8.61954e-05 9 1844.26 1.97616e-06 0
8.61954e-05 9 2616.5 1.54004e-06 0
8.61954e-05 9 3712.11 1.12333e-06 0
8.61954e-05 9 5266.46 8.26998e-07 0
8.61954e-05 9 7471.67 6.2834e-07 0
8.61954e-05 9 10600.3 4.84026e-07 0
8.61954e-05 9 15038.9 3.71295e-07 0
8.61954e-05 9 21336 2.80019e-07 0
8.61954e-05 9 30270 2.05781e-07 0
8.61954e-05 9 42944.9 1.46462e-07 0
8.61954e-05 9 60927 1.00597e-07 0
8.61954e-05 9 86438.8 6.66514e-08 0
8.61954e-05 9 122633 4.27885e-08 0
8.61954e-05 9 173983 2.67244e-08 0
8.61954e-05 9 246834 1.60515e-08 0
8.61954e-05 9 350190 9.09741e-09 0
8.61954e-05 9 496824 4.81147e-09 0
8.61954e-05 9 704857 2.18685e-09 0
8.61954e-05 9 1e+06 6.78787e-10 0

0.000210175 9 1e-06 -0.4991 0
0.000210175 9 1.41873e-06 -0.499098 0
0.000210175 9 2.01279e-06 -0.499096 0
0.000210175 9 2.85559e-06 -0.499092 0
0.000210175 9 4.0513e-06 -0.499087 0
0.000210175 9 5.74769e-06 -0.49908 0
0.000210175 9 8.15441e-06 -0.49907 0
0.000210175 9 1.15689e-05 -0.499056 0
0.000210175 9 1.64131e-05 -0.499035 0
0.000210175 9 2.32857e-05 -0.499006 0
0.000210175 9 3.3036e-05 -0.498965 0
0.000210175 9 4.6869e-05 -0.498906 0
0.000210175 9 6.64944e-05 -0.498823 0
0.000210175 9 9.43373e-05 -0.498706 0
0.000210175 9 0.000133839 -0.498538 0
0.000210175 9 0.000189881 -0.498301 0
0.000210175 9 0.000269389 -0.497965 0
0.000210175 9 0.000382189 -0.497489 0
0.000210175 9 0.000542222 -0.496813 0
0.000210175 9 0.000769265 -0.495855 0
0.000210175 9 0.00109138 -0.494497 0
0.000210175 9 0.00154837 -0.492575 0
0.000210175 9 0.00219671 -0.489854 0
0.000210175 9 0.00311653 -0.486005 0
0.000210175 9 0.0044215 -0.480568 0
0.000210175 9 0.0062729 -0.472909 0
0.000210175 9 0.00889953 -0.462143 0
0.000210175 9 0.012626 -0.447068 0
0.000210175 9 0.0179128 -0.426088 0
0.000210175 9 0.0254134 -0.39712 0
0.000210175 9 0.0360547 -0.357564 0
0.000210175 9 0.0511518 -0.304463 0
0.000210175 9 0.0725704 -0.234867 0
0.000210175 9 0.102958 -0.146763 0
0.000210175 9 0.146069 -0.04092 0
0.000210175 9 0.207231 0.0765693 0
0.000210175 9 0.294005 0.191532 0
0.000210175 9 0.417112 0.28185 0
0.000210175 9 0.591769 0.325134 0
0.000210175 9 0.839558 0.314368 0
0.000210175 9 1.1911 0.26559 0
0.000210175 9 1.68985 0.197773 0
0.000210175 9 2.39743 0.124564 0
0.000210175 9 3.4013 0.0697391 0
0.000210175 9 4.82552 0.0402367 0
0.000210175 9 6.8461 0.021804 0
0.000210175 9 9.71274 0.0104313 0
0.000210175 9 13.7797 0.00393108 0
0.000210175 9 19.5497 0.00252419 0
0.000210175 9 27.7356 0.000943381 0
0.000210175 9 39.3493 0.000327774 0
0.000210175 9 55.8259 0.000173617 0
0.000210175 9 79.2016 8.69448e-05 0
0.000210175 9 112.365 5.15146e-05 0
0.000210175 9 159.416 3.40287e-05 0
0.000210175 9 226.168 2.1166e-05 0
0.000210175 9 320.87 1.25939e-05 0
0.000210175 9 455.227 8.6212e-06 0
0.000210175 9 645.842 6.16301e-06 0
0.000210175 9 916.274 3.87378e-06 0
0.000210175 9 1299.94 2.59697e-06 0
0.000210175 9 1844.26 1.97616e-06 0
0.000210175 9 2616.5 1.54004e-06 0
0.000210175 9 3712.11 1.12333e-06 0
0.000210175 9 5266.46 8.26998e-07 0
0.000210175 9 7471.67 6.2834e-07 0
0.000210175 9 10600.3 4.84026e-07 0
0.000210175 9 15038.9 3.71295e-07 0
0.000210175 9 21336 2.80019e-07 0
0.000210175 9 30270 2.05781e-07 0
0.000210175 9 42944.9 1.46462e-07 0
0.000210175 9 60927 1.00597e-07 0
0.000210175 9 86438.8 6.66514e-08 0
0.000210175 9 122633 4.27885e-08 0
0.000210175 9 173983 2.67244e-08 0
0.000210175 9 246834 1.60515e-08 0
0.000210175 9 350190 9.09741e-09 0
0.000210175 9 496824 4.81147e-09 0
0.000210175 9 704857 2.18685e-09 0
0.000210175 9 1e+06 6.78787e-10 0

0.000512481 9 1e-06 -0.498822 0
0.000512481 9 1.41873e-06 -0.498821 0
0.000512481 9 2.01279e-06 -0.498818 0
0.000512481 9 2.85559e-06 -0.498815 0
0.000512481 9 4.0513e-06 -0.49881 0
0.000512481 9 5.74769e-06 -0.498802 0
0.000512481 9 8.15441e-06 -0.498792 0
0.000512481 9 1.15689e-05 -0.498778 0
0.000512481 9 1.64131e-05 -0.498757 0
0.000512481 9 2.32857e-05 -0.498728 0
0.000512481 9 3.3036e-05 -0.498687 0
0.000512481 9 4.6869e-05 -0.498629 0
0.000512481 9 6.64944e-05 -0.498546 0
0.000512481 9 9.43373e-05 -0.498428 0
0.000512481 9 0.000133839 -0.498261 0
0.000512481 9 0.000189881 -0.498024 0
0.000512481 9 0.000269389 -0.497688 0
0.000512481 9 0.000382189 -0.497212 0
0.000512481 9 0.000542222 -0.496536 0
0.000512481 9 0.000769265 -0.495579 0
0.000512481 9 0.00109138 -0.494221 0
0.000512481 9 0.00154837 -0.492299 0
0.000512481 9 0.00219671 -0.489579 0
0.000512481 9 0.00311653 -0.485731 0
0.000512481 9 0.0044215 -0.480297 0
0.000512481 9 0.0062729 -0.472639 0
0.000512481 9 0.00889953 -0.461878 0
0.000512481 9 0.012626 -0.446807 0
0.000512481 9 0.0179128 -0.425834 0
0.000512481 9 0.0254134 -0.396875 0
0.000512481 9 0.0360547 -0.357332 0
0.000512481 9 0.0511518 -0.304249 0
0.000512481 9 0.0725704 -0.234675 0
0.000512481 9 0.102958 -0.1466 0
0.000512481 9 0.146069 -0.0407921 0
0.000512481 9 0.207231 0.0766581 0
0.000512481 9 0.294005 0.191581 0
0.000512481 9 0.417112 0.281865 0
0.000512481 9 0.591769 0.325128 0
0.000512481 9 0.839558 0.314352 0
0.000512481 9 1.1911 0.265575 0
0.000512481 9 1.68985 0.197763 0
0.000512481 9 2.39743 0.124559 0
0.000512481 9 3.4013 0.0697368 0
0.000512481 9 4.82552 0.0402357 0
0.000512481 9 6.8461 0.0218036 0
0.000512481 9 9.71274 0.0104312 0
0.000512481 9 13.7797 0.00393103 0
0.000512481 9 19.5497 0.00252417 0
0.000512481 9 27.7356 0.000943375 0
0.000512481 9 39.3493 0.000327772 0
0.000512481 9 55.8259 0.000173616 0
0.000512481 9 79.2016 8.69445e-05 0
0.000512481 9 112.365 5.15145e-05 0
0.000512481 9 159.416 3.40286e-05 0
0.000512481 9 226.168 2.11659e-05 0
0.000512481 9 320.87 1.25939e-05 0
0.000512481 9 455.227 8.62119e-06 0
0.000512481 9 645.842 6.16301e-06 0
0.000512481 9 916.274 3.87378e-06 0
0.000512481 9 1299.94 2.59697e-06 0
0.000512481 9 1844.26 1.97616e-06 0
0.000512481 9 2616.5 1.54004e-06 0
0.000512481 9 3712.11 1.12333e-06 0
0.000512481 9 5266.46 8.26998e-07 0
0.000512481 9 7471.67 6.2834e-07 0
0.000512481 9 10600.3 4.84026e-07 0
0.000512481 9 15038.9 3.71295e-07 0
0.000512481 9 21336 2.80019e-07 0
0.000512481 9 30270 2.05781e-07 0
0.000512481 9 42944.9 1.46462e-07 0
0.000512481 9 60927 1.00597e-07 0
0.000512481 9 86438.8 6.66514e-08 0
0.000512481 9 122633 4.27885e-08 0
0.000512481 9 173983 2.67244e-08 0
0.000512481 9 246834 1.60515e-08 0
0.000512481 9 350190 9.09741e-09 0
0.000512481 9 496824 4.81147e-09 0
0.000512481 9 704857 2.18685e-09 0
0.000512481 9 1e+06 6.78787e-10 0

0.00124961 9 1e-06 -0.498255 0
0.00124961 9 1.41873e-06 -0.498253 0
0.00124961 9 2.01279e-06 -0.49825 0
0.00124961 9 2.85559e-06 -0.498247 0
0.00124961 9 4.0513e-06 -0.498242 0
0.00124961 9 5.74769e-06 -0.498235 0
0.00124961 9 8.15441e-06 -0.498224 0
0.00124961 9 1.15689e-05 -0.49821 0
0.00124961 9 1.64131e-05 -0.49819 0
0.00124961 9 2.32857e-05 -0.498161 0
0.00124961 9 3.3036e-05 -0.498119 0
0.00124961 9 4.6869e-05 -0.498061 0
0.00124961 9 6.64944e-05 -0.497978 0
0.00124961 9 9.43373e-05 -0.49786 0
0.00124961 9 0.000133839 -0.497693 0
0.00124961 9 0.000189881 -0.497457 0
0.00124961 9 0.000269389 -0.497121 0
0.00124961 9 0.000382189 -0.496645 0
0.00124961 9 0.000542222 -0.49597 0
0.00124961 9 0.000769265 -0.495013 0
0.00124961 9 0.00109138 -0.493656 0
0.00124961 9 0.00154837 -0.491735 0
0.00124961 9 0.00219671 -0.489017 0
0.00124961 9 0.00311653 -0.485172 0
0.00124961 9 0.0044215 -0.479741 0
0.00124961 9 0.0062729 -0.472088 0
0.00124961 9 0.00889953 -0.461333 0
0.00124961 9 0.012626 -0.446272 0
0.00124961 9 0.0179128 -0.425312 0
0.00124961 9 0.0254134 -0.396372 0
0.00124961 9 0.0360547 -0.356854 0
0.00124961 9 0.0511518 -0.303806 0
0.00124961 9 0.0725704 -0.234277 0
0.00124961 9 0.102958 -0.146259 0
0.00124961 9 0.146069 -0.0405208 0
0.00124961 9 0.207231 0.0768495 0
0.00124961 9 0.294005 0.19169 0
0.00124961 9 0.417112 0.281901 0
0.00124961 9 0.591769 0.325114 0
0.00124961 9 0.839558 0.314318 0
0.00124961 9 1.1911 0.265541 0
0.00124961 9 1.68985 0.19774 0
0.00124961 9 2.39743 0.124547 0
0.00124961 9 3.4013 0.069731 0
0.00124961 9 4.82552 0.040233 0
0.00124961 9 6.8461 0.0218026 0
0.00124961 9 9.71274 0.0104308 0
0.00124961 9 13.7797 0.00393092 0
0.00124961 9 19.5497 0.00252412 0
0.00124961 9 27.7356 0.000943361 0
0.00124961 9 39.3493 0.000327767 0
0.00124961 9 55.8259 0.000173614 0
0.00124961 9 79.2016 8.69437e-05 0
0.00124961 9 112.365 5.15141e-05 0
0.00124961 9 159.416 3.40284e-05 0
0.00124961 9 226.168 2.11659e-05 0
0.00124961 9 320.87 1.25938e-05 0
0.00124961 9 455.227 8.62117e-06 0
0.00124961 9 645.842 6.163e-06 0
0.00124961 9 916.274 3.87378e-06 0
0.00124961 9 1299.94 2.59697e-06 0
0.00124961 9 1844.26 1.97616e-06 0
0.00124961 9 2616.5 1.54004e-06 0
0.00124961 9 3712.11 1.12333e-06 0
0.00124961 9 5266.46 8.26998e-07 0
0.00124961 9 7471.67 6.2834e-07 0
0.00124961 9 10600.3 4.84026e-07 0
0.00124961 9 15038.9 3.71295e-07 0
0.00124961 9 21336 2.80019e-07 0
0.00124961 9 30270 2.05781e-07 0
0.00124961 9 42944.9 1.46462e-07 0
0.00124961 9 60927 1.00597e-07 0
0.00124961 9 86438.8 6.66514e-08 0
0.00124961 9 122633 4.27885e-08 0
0.00124961 9 173983 2.67244e-08 0
0.00124961 9 246834 1.60515e-08 0
0.00124961 9 350190 9.09741e-09 0
0.00124961 9 496824 4.81147e-09 0
0.00124961 9 704857 2.18685e-09 0
0.00124961 9 1e+06 6.78787e-10 0

0.00304699 9 1e-06 -0.497002 0
0.00304699 9 1.41873e-06 -0.497 0
0.00304699 9 2.01279e-06 -0.496998 0
0.00304699 9 2.85559e-06 -0.496994 0
0.00304699 9 4.0513e-06 -0.496989 0
0.00304699 9 5.74769e-06 -0.496982 0
0.00304699 9 8.15441e-06 -0.496972 0
0.00304699 9 1.15689e-05 -0.496957 0
0.00304699 9 1.64131e-05 -0.496937 0
0.00304699 9 2.32857e-05 -0.496908 0
0.00304699 9 3.3036e-05 -0.496867 0
0.00304699 9 4.6869e-05 -0.496808 0
0.00304699 9 6.64944e-05 -0.496726 0
0.00304699 9 9.43373e-05 -0.496608 0
0.00304699 9 0.000133839 -0.496441 0
0.00304699 9 0.000189881 -0.496205 0
0.00304699 9 0.000269389 -0.49587 0
0.00304699 9 0.000382189 -0.495394 0
0.00304699 9 0.000542222 -0.49472 0
0.00304699 9 0.000769265 -0.493765 0
0.00304699 9 0.00109138 -0.49241 0
0.00304699 9 0.00154837 -0.490492 0
0.00304699 9 0.00219671 -0.487777 0
0.00304699 9 0.00311653 -0.483938 0
0.00304699 9 0.0044215 -0.478514 0
0.00304699 9 0.0062729 -0.470873 0
0.00304699 9 0.00889953 -0.460133 0
0.00304699 9 0.012626 -0.445093 0
0.00304699 9 0.0179128 -0.424163 0
0.00304699 9 0.0254134 -0.395264 0
0.00304699 9 0.0360547 -0.355802 0
0.00304699 9 0.0511518 -0.302828 0
0.00304699 9 0.0725704 -0.233398 0
0.00304699 9 0.102958 -0.145505 0
0.00304699 9 0.146069 -0.0399193 0
0.00304699 9 0.207231 0.0772782 0
0.00304699 9 0.294005 0.191941 0
0.00304699 9 0.417112 0.281994 0
0.00304699 9 0.591769 0.325094 0
0.00304699 9 0.839558 0.314244 0
0.00304699 9 1.1911 0.265463 0
0.00304699 9 1.68985 0.197683 0
0.00304699 9 2.39743 0.124516 0
0.00304699 9 3.4013 0.069717 0
0.00304699 9 4.82552 0.0402266 0
0.00304699 9 6.8461 0.0218002 0
0.00304699 9 9.71274 0.0104299 0
0.00304699 9 13.7797 0.00393066 0
0.00304699 9 19.5497 0.00252401 0
0.00304699 9 27.7356 0.000943329 0
0.00304699 9 39.3493 0.000327757 0
0.00304699 9 55.8259 0.000173609 0
0.00304699 9 79.2016 8.69417e-05 0
0.00304699 9 112.365 5.15132e-05 0
0.00304699 9 159.416 3.4028e-05 0
0.00304699 9 226.168 2.11656e-05 0
0.00304699 9 320.87 1.25937e-05 0
0.00304699 9 455.227 8.62112e-06 0
0.00304699 9 645.842 6.16298e-06 0
0.00304699 9 916.274 3.87377e-06 0
0.00304699 9 1299.94 2.59697e-06 0
0.00304699 9 1844.26 1.97616e-06 0
0.00304699 9 2616.5 1.54004e-06 0
0.00304699 9 3712.11 1.12333e-06 0
0.00304699 9 5266.46 8.26998e-07 0
0.00304699 9 7471.67 6.2834e-07 0
0.00304699 9 10600.3 4.84026e-07 0
0.00304699 9 15038.9 3.71295e-07 0
0.00304699 9 21336 2.80019e-07 0
0.00304699 9 30270 2.05781e-07 0
0.00304699 9 42944.9 1.46462e-07 0
0.00304699 9 60927 1.00597e-07 0
0.00304699 9 86438.8 6.66514e-08 0
0.00304699 9 122633 4.27885e-08 0
0.00304699 9 173983 2.67244e-08 0
0.00304699 9 246834 1.60515e-08 0
0.00304699 9 350190 9.09741e-09 0
0.00304699 9 496824 4.81147e-09 0
0.00304699 9 704857 2.18685e-09 0
0.00304699 9 1e+06 6.78787e-10 0

0.00742964 9 1e-06 -0.493699 0
0.00742964 9 1.41873e-06 -0.493697 0
0.00742964 9 2.01279e-06 -0.493695 0
0.00742964 9 2.85559e-06 -0.493691 0
0.00742964 9 4.0513e-06 -0.493686 0
0.00742964 9 5.74769e-06 -0.493679 0
0.00742964 9 8.15441e-06 -0.493669 0
0.00742964 9 1.15689e-05 -0.493655 0
0.00742964 9 1.64131e-05 -0.493634 0
0.00742964 9 2.32857e-05 -0.493605 0
0.00742964 9 3.3036e-05 -0.493565 0
0.00742964 9 4.6869e-05 -0.493506 0
0.00742964 9 6.64944e-05 -0.493424 0
0.00742964 9 9.43373e-05 -0.493307 0
0.00742964 9 0.000133839 -0.493141 0
0.00742964 9 0.000189881 -0.492905 0
0.00742964 9 0.000269389 -0.492571 0
0.00742964 9 0.000382189 -0.492098 0
0.00742964 9 0.000542222 -0.491426 0
0.00742964 9 0.000769265 -0.490474 0
0.00742964 9 0.00109138 -0.489125 0
0.00742964 9 0.00154837 -0.487214 0
0.00742964 9 0.00219671 -0.484511 0
0.00742964 9 0.00311653 -0.480686 0
0.00742964 9 0.0044215 -0.475283 0
0.00742964 9 0.0062729 -0.467671 0
0.00742964 9 0.00889953 -0.456973 0
0.00742964 9 0.012626 -0.441992 0
0.00742964 9 0.0179128 -0.421143 0
0.00742964 9 0.0254134 -0.392356 0
0.00742964 9 0.0360547 -0.353046 0
0.00742964 9 0.0511518 -0.300276 0
0.00742964 9 0.0725704 -0.231113 0
0.00742964 9 0.102958 -0.143557 0
0.00742964 9 0.146069 -0.0383763 0
0.00742964 9 0.207231 0.0783677 0
0.00742964 9 0.294005 0.192573 0
0.00742964 9 0.417112 0.282229 0
0.00742964 9 0.591769 0.325057 0
0.00742964 9 0.839558 0.314082 0
0.00742964 9 1.1911 0.265286 0
0.00742964 9 1.68985 0.197549 0
0.00742964 9 2.39743 0.124443 0
0.00742964 9 3.4013 0.0696831 0
0.00742964 9 4.82552 0.040211 0
0.00742964 9 6.8461 0.0217943 0
0.00742964 9 9.71274 0.0104277 0
0.00742964 9 13.7797 0.00393002 0
0.00742964 9 19.5497 0.00252372 0
0.00742964 9 27.7356 0.000943248 0
0.00742964 9 39.3493 0.00032773 0
0.00742964 9 55.8259 0.000173598 0
0.00742964 9 79.2016 8.69368e-05 0
0.00742964 9 112.365 5.15109e-05 0
0.00742964 9 159.416 3.40269e-05 0
0.00742964 9 226.168 2.11651e-05 0
0.00742964 9 320.87 1.25935e-05 0
0.00742964 9 455.227 8.62101e-06 0
0.00742964 9 645.842 6.16292e-06 0
0.00742964 9 916.274 3.87374e-06 0
0.00742964 9 1299.94 2.59695e-06 0
0.00742964 9 1844.26 1.97615e-06 0
0.00742964 9 2616.5 1.54004e-06 0
0.00742964 9 3712.11 1.12333e-06 0
0.00742964 9 5266.46 8.26997e-07 0
0.00742964 9 7471.67 6.2834e-07 0
0.00742964 9 10600.3 4.84026e-07 0
0.00742964 9 15038.9 3.71295e-07 0
0.00742964 9 21336 2.80018e-07 0
0.00742964 9 30270 2.05781e-07 0
0.00742964 9 42944.9 1.46462e-07 0
0.00742964 9 60927 1.00597e-07 0
0.00742964 9 86438.8 6.66514e-08 0
0.00742964 9 122633 4.27885e-08 0
0.00742964 9 173983 2.67244e-08 0
0.00742964 9 246834 1.60515e-08 0
0.00742964 9 350190 9.09741e-09 0
0.00742964 9 496824 4.81147e-09 0
0.00742964 9 704857 2.18685e-09 0
0.00742964 9 1e+06 6.78787e-10 0

0.0181161 9 1e-06 -0.485695 0
0.0181161 9 1.41873e-06 -0.485694 0
0.0181161 9 2.01279e-06 -0.485691 0
0.0181161 9 2.85559e-06 -0.485688 0
0.0181161 9 4.0513e-06 -0.485683 0
0.0181161 9 5.74769e-06 -0.485676 0
0.0181161 9 8.15441e-06 -0.485666 0
0.0181161 9 1.15689e-05 -0.485651 0
0.0181161 9 1.64131e-05 -0.485631 0
0.0181161 9 2.32857e-05 -0.485603 0
0.0181161 9 3.3036e-05 -0.485562 0
0.0181161 9 4.6869e-05 -0.485505 0
0.0181161 9 6.64944e-05 -0.485423 0
0.0181161 9 9.43373e-05 -0.485307 0
0.0181161 9 0.000133839 -0.485142 0
0.0181161 9 0.000189881 -0.484909 0
0.0181161 9 0.000269389 -0.484578 0
0.0181161 9 0.000382189 -0.484109 0
0.0181161 9 0.000542222 -0.483444 0
0.0181161 9 0.000769265 -0.482501 0
0.0181161 9 0.00109138 -0.481164 0
0.0181161 9 0.00154837 -0.479271 0
0.0181161 9 0.00219671 -0.476593 0
0.0181161 9 0.00311653 -0.472804 0
0.0181161 9 0.0044215 -0.467452 0
0.0181161 9 0.0062729 -0.459911 0
0.0181161 9 0.00889953 -0.449313 0
0.0181161 9 0.012626 -0.434472 0
0.0181161 9 0.0179128 -0.413817 0
0.0181161 9 0.0254134 -0.385299 0
0.0181161 9 0.0360547 -0.346355 0
0.0181161 9 0.0511518 -0.294077 0
0.0181161 9 0.0725704 -0.225558 0
0.0181161 9 0.102958 -0.138818 0
0.0181161 9 0.146069 -0.0346205 0
0.0181161 9 0.207231 0.0810171 0
0.0181161 9 0.294005 0.194101 0
0.0181161 9 0.417112 0.282782 0
0.0181161 9 0.591769 0.324944 0
0.0181161 9 0.839558 0.313672 0
0.0181161 9 1.1911 0.264852 0
0.0181161 9 1.68985 0.197225 0
0.0181161 9 2.39743 0.124266 0
0.0181161 9 3.4013 0.0696002 0
0.0181161 9 4.82552 0.040173 0
0.0181161 9 6.8461 0.0217798 0
0.0181161 9 9.71274 0.0104223 0
0.0181161 9 13.7797 0.00392843 0
0.0181161 9 19.5497 0.00252301 0
0.0181161 9 27.7356 0.000943046 0
0.0181161 9 39.3493 0.000327662 0
0.0181161 9 55.8259 0.000173569 0
0.0181161 9 79.2016 8.69244e-05 0
0.0181161 9 112.365 5.1505e-05 0
0.0181161 9 159.416 3.40241e-05 0
0.0181161 9 226.168 2.11638e-05 0
0.0181161 9 320.87 1.25929e-05 0
0.0181161 9 455.227 8.62072e-06 0
0.0181161 9 645.842 6.16278e-06 0
0.0181161 9 916.274 3.87368e-06 0
0.0181161 9 1299.94 2.59692e-06 0
0.0181161 9 1844.26 1.97613e-06 0
0.0181161 9 2616.5 1.54003e-06 0
0.0181161 9 3712.11 1.12333e-06 0
0.0181161 9 5266.46 8.26995e-07 0
0.0181161 9 7471.67 6.28339e-07 0
0.0181161 9 10600.3 4.84026e-07 0
0.0181161 9 15038.9 3.71295e-07 0
0.0181161 9 21336 2.80018e-07 0
0.0181161 9 30270 2.05781e-07 0
0.0181161 9 42944.9 1.46462e-07 0
0.0181161 9 60927 1.00597e-07 0
0.0181161 9 86438.8 6.66514e-08 0
0.0181161 9 122633 4.27885e-08 0
0.0181161 9 173983 2.67244e-08 0
0.0181161 9 246834 1.60515e-08 0
0.0181161 9 350190 9.09741e-09 0
0.0181161 9 496824 4.81147e-09 0
0.0181161 9 704857 2.18685e-09 0
0.0181161 9 1e+06 6.78787e-10 0

0.0441734 9 1e-06 -0.466585 0
0.0441734 9 1.41873e-06 -0.466583 0
0.0441734 9 2.01279e-06 -0.466581 0
0.0441734 9 2.85559e-06 -0.466578 0
0.0441734 9 4.0513e-06 -0.466573 0
0.0441734 9 5.74769e-06 -0.466566 0
0.0441734 9 8.15441e-06 -0.466556 0
0.0441734 9 1.15689e-05 -0.466542 0
0.0441734 9 1.64131e-05 -0.466522 0
0.0441734 9 2.32857e-05 -0.466494 0
0.0441734 9 3.3036e-05 -0.466455 0
0.0441734 9 4.6869e-05 -0.466399 0
0.0441734 9 6.64944e-05 -0.466319 0
0.0441734 9 9.43373e-05 -0.466205 0
0.0441734 9 0.000133839 -0.466045 0
0.0441734 9 0.000189881 -0.465817 0
0.0441734 9 0.000269389 -0.465493 0
0.0441734 9 0.000382189 -0.465035 0
0.0441734 9 0.000542222 -0.464384 0
0.0441734 9 0.000769265 -0.463463 0
0.0441734 9 0.00109138 -0.462156 0
0.0441734 9 0.00154837 -0.460306 0
0.0441734 9 0.00219671 -0.457688 0
0.0441734 9 0.00311653 -0.453984 0
0.0441734 9 0.0044215 -0.448752 0
0.0441734 9 0.0062729 -0.441381 0
0.0441734 9 0.00889953 -0.431022 0
0.0441734 9 0.012626 -0.416514 0
0.0441734 9 0.0179128 -0.396324 0
0.0441734 9 0.0254134 -0.368446 0
0.0441734 9 0.0360547 -0.330376 0
0.0441734 9 0.0511518 -0.279271 0
0.0441734 9 0.0725704 -0.212288 0
0.0441734 9 0.102958 -0.127494 0
0.0441734 9 0.146069 -0.0256456 0
0.0441734 9 0.207231 0.0873483 0
0.0441734 9 0.294005 0.197748 0
0.0441734 9 0.417112 0.28409 0
0.0441734 9 0.591769 0.324647 0
0.0441734 9 0.839558 0.312654 0
0.0441734 9 1.1911 0.263779 0
0.0441734 9 1.68985 0.196429 0
0.0441734 9 2.39743 0.123829 0
0.0441734 9 3.4013 0.0693958 0
0.0441734 9 4.82552 0.0400796 0
0.0441734 9 6.8461 0.0217445 0
0.0441734 9 9.71274 0.010409 0
0.0441734 9 13.7797 0.00392454 0
0.0441734 9 19.5497 0.00252128 0
0.0441734 9 27.7356 0.000942552 0
0.0441734 9 39.3493 0.000327496 0
0.0441734 9 55.8259 0.0001735 0
0.0441734 9 79.2016 8.68948e-05 0
0.0441734 9 112.365 5.14911e-05 0
0.0441734 9 159.416 3.40176e-05 0
0.0441734 9 226.168 2.11608e-05 0
0.0441734 9 320.87 1.25915e-05 0
0.0441734 9 455.227 8.62003e-06 0
0.0441734 9 645.842 6.16246e-06 0
0.0441734 9 916.274 3.87353e-06 0
0.0441734 9 1299.94 2.59685e-06 0
0.0441734 9 1844.26 1.9761e-06 0
0.0441734 9 2616.5 1.54001e-06 0
0.0441734 9 3712.11 1.12332e-06 0
0.0441734 9 5266.46 8.26992e-07 0
0.0441734 9 7471.67 6.28337e-07 0
0.0441734 9 10600.3 4.84025e-07 0
0.0441734 9 15038.9 3.71294e-07 0
0.0441734 9 21336 2.80018e-07 0
0.0441734 9 30270 2.05781e-07 0
0.0441734 9 42944.9 1.46462e-07 0
0.0441734 9 60927 1.00597e-07 0
0.0441734 9 86438.8 6.66514e-08 0
0.0441734 9 122633 4.27884e-08 0
0.0441734 9 173983 2.67244e-08 0
0.0441734 9 246834 1.60515e-08 0
0.0441734 9 350190 9.09741e-09 0
0.0441734 9 496824 4.81147e-09 0
0.0441734 9 704857 2.18685e-09 0
0.0441734 9 1e+06 6.78787e-10 0

0.107711 9 1e-06 -0.422057 0
0.107711 9 1.41873e-06 -0.422055 0
0.107711 9 2.01279e-06 -0.422053 0
0.107711 9 2.85559e-06 -0.42205 0
0.107711 9 4.0513e-06 -0.422045 0
0.107711 9 5.74769e-06 -0.422039 0
0.107711 9 8.15441e-06 -0.42203 0
0.107711 9 1.15689e-05 -0.422016 0
0.107711 9 1.64131e-05 -0.421998 0
0.107711 9 2.32857e-05 -0.421971 0
0.107711 9 3.3036e-05 -0.421934 0
0.107711 9 4.6869e-05 -0.42188 0
0.107711 9 6.64944e-05 -0.421805 0
0.107711 9 9.43373e-05 -0.421698 0
0.107711 9 0.000133839 -0.421545 0
0.107711 9 0.000189881 -0.42133 0
0.107711 9 0.000269389 -0.421023 0
0.107711 9 0.000382189 -0.420589 0
0.107711 9 0.000542222 -0.419974 0
0.107711 9 0.000769265 -0.419102 0
0.107711 9 0.00109138 -0.417865 0
0.107711 9 0.00154837 -0.416114 0
0.107711 9 0.00219671 -0.413635 0
0.107711 9 0.00311653 -0.41013 0
0.107711 9 0.0044215 -0.405178 0
0.107711 9 0.0062729 -0.398201 0
0.107711 9 0.00889953 -0.388395 0
0.107711 9 0.012626 -0.374663 0
0.107711 9 0.0179128 -0.355551 0
0.107711 9 0.0254134 -0.329162 0
0.107711 9 0.0360547 -0.293124 0
0.107711 9 0.0511518 -0.244745 0
0.107711 9 0.0725704 -0.181337 0
0.107711 9 0.102958 -0.101076 0
0.107711 9 0.146069 -0.00470511 0
0.107711 9 0.207231 0.102114 0
0.107711 9 0.294005 0.206232 0
0.107711 9 0.417112 0.287088 0
0.107711 9 0.591769 0.323869 0
0.107711 9 0.839558 0.310176 0
0.107711 9 1.1911 0.261176 0
0.107711 9 1.68985 0.194497 0
0.107711 9 2.39743 0.12277 0
0.107711 9 3.4013 0.0688981 0
0.107711 9 4.82552 0.0398513 0
0.107711 9 6.8461 0.0216579 0
0.107711 9 9.71274 0.0103767 0
0.107711 9 13.7797 0.00391506 0
0.107711 9 19.5497 0.00251707 0
0.107711 9 27.7356 0.000941354 0
0.107711 9 39.3493 0.000327096 0
0.107711 9 55.8259 0.000173334 0
0.107711 9 79.2016 8.6824e-05 0
0.107711 9 112.365 5.14579e-05 0
0.107711 9 159.416 3.40018e-05 0
0.107711 9 226.168 2.11534e-05 0
0.107711 9 320.87 1.2588e-05 0
0.107711 9 455.227 8.61838e-06 0
0.107711 9 645.842 6.16168e-06 0
0.107711 9 916.274 3.87316e-06 0
0.107711 9 1299.94 2.59668e-06 0
0.107711 9 1844.26 1.97602e-06 0
0.107711 9 2616.5 1.53997e-06 0
0.107711 9 3712.11 1.1233e-06 0
0.107711 9 5266.46 8.26983e-07 0
0.107711 9 7471.67 6.28333e-07 0
0.107711 9 10600.3 4.84023e-07 0
0.107711 9 15038.9 3.71293e-07 0
0.107711 9 21336 2.80018e-07 0
0.107711 9 30270 2.05781e-07 0
0.107711 9 42944.9 1.46462e-07 0
0.107711 9 60927 1.00597e-07 0
0.107711 9 86438.8 6.66514e-08 0
0.107711 9 122633 4.27884e-08 0
0.107711 9 173983 2.67244e-08 0
0.107711 9 246834 1.60515e-08 0
0.107711 9 350190 9.09741e-09 0
0.107711 9 496824 4.81147e-09 0
0.107711 9 704857 2.18685e-09 0
0.107711 9 1e+06 6.78787e-10 0

0.262636 9 1e-06 -0.324542 0
0.262636 9 1.41873e-06 -0.324541 0
0.262636 9 2.01279e-06 -0.324539 0
0.262636 9 2.85559e-06 -0.324536 0
0.262636 9 4.0513e-06 -0.324532 0
0.262636 9 5.74769e-06 -0.324526 0
0.262636 9 8.15441e-06 -0.324518 0
0.262636 9 1.15689e-05 -0.324507 0
0.262636 9 1.64131e-05 -0.32449 0
0.262636 9 2.32857e-05 -0.324467 0
0.262636 9 3.3036e-05 -0.324434 0
0.262636 9 4.6869e-05 -0.324387 0
0.262636 9 6.64944e-05 -0.324321 0
0.262636 9 9.43373e-05 -0.324227 0
0.262636 9 0.000133839 -0.324094 0
0.262636 9 0.000189881 -0.323904 0
0.262636 9 0.000269389 -0.323636 0
0.262636 9 0.000382189 -0.323255 0
0.262636 9 0.000542222 -0.322716 0
0.262636 9 0.000769265 -0.321951 0
0.262636 9 0.00109138 -0.320866 0
0.262636 9 0.00154837 -0.31933 0
0.262636 9 0.00219671 -0.317157 0
0.262636 9 0.00311653 -0.314083 0
0.262636 9 0.0044215 -0.30974 0
0.262636 9 0.0062729 -0.303622 0
0.262636 9 0.00889953 -0.295023 0
0.262636 9 0.012626 -0.28298 0
0.262636 9 0.0179128 -0.266219 0
0.262636 9 0.0254134 -0.243077 0
0.262636 9 0.0360547 -0.211474 0
0.262636 9 0.0511518 -0.169052 0
0.262636 9 0.0725704 -0.113465 0
0.262636 9 0.102958 -0.043139 0
0.262636 9 0.146069 0.0411969 0
0.262636 9 0.207231 0.134405 0
0.262636 9 0.294005 0.224619 0
0.262636 9 0.417112 0.293275 0
0.262636 9 0.591769 0.321623 0
0.262636 9 0.839558 0.304138 0
0.262636 9 1.1911 0.254921 0
0.262636 9 1.68985 0.189866 0
0.262636 9 2.39743 0.120234 0
0.262636 9 3.4013 0.0677066 0
0.262636 9 4.82552 0.0393024 0
0.262636 9 6.8461 0.0214487 0
0.262636 9 9.71274 0.0102981 0
0.262636 9 13.7797 0.00389204 0
0.262636 9 19.5497 0.00250684 0
0.262636 9 27.7356 0.000938448 0
0.262636 9 39.3493 0.000326129 0
0.262636 9 55.8259 0.000172933 0
0.262636 9 79.2016 8.66528e-05 0
0.262636 9 112.365 5.13772e-05 0
0.262636 9 159.416 3.39635e-05 0
0.262636 9 226.168 2.11355e-05 0
0.262636 9 320.87 1.25796e-05 0
0.262636 9 455.227 8.61435e-06 0
0.262636 9 645.842 6.15977e-06 0
0.262636 9 916.274 3.87226e-06 0
0.262636 9 1299.94 2.59625e-06 0
0.262636 9 1844.26 1.97581e-06 0
0.262636 9 2616.5 1.53988e-06 0
0.262636 9 3712.11 1.12325e-06 0
0.262636 9 5266.46 8.26961e-07 0
0.262636 9 7471.67 6.28322e-07 0
0.262636 9 10600.3 4.84018e-07 0
0.262636 9 15038.9 3.71291e-07 0
0.262636 9 21336 2.80017e-07 0
0.262636 9 30270 2.0578e-07 0
0.262636 9 42944.9 1.46462e-07 0
0.262636 9 60927 1.00597e-07 0
0.262636 9 86438.8 6.66513e-08 0
0.262636 9 122633 4.27884e-08 0
0.262636 9 173983 2.67244e-08 0
0.262636 9 246834 1.60515e-08 0
0.262636 9 350190 9.0974e-09 0
0.262636 9 496824 4.81147e-09 0
0.262636 9 704857 2.18685e-09 0
0.262636 9 1e+06 6.78787e-10 0

0.6404 9 1e-06 -0.138955 0
0.6404 9 1.41873e-06 -0.138954 0
0.6404 9 2.01279e-06 -0.138952 0
0.6404 9 2.85559e-06 -0.13895 0
0.6404 9 4.0513e-06 -0.138947 0
0.6404 9 5.74769e-06 -0.138943 0
0.6404 9 8.15441e-06 -0.138937 0
0.6404 9 1.15689e-05 -0.138929 0
0.6404 9 1.64131e-05 -0.138917 0
0.6404 9 2.32857e-05 -0.1389 0
0.6404 9 3.3036e-05 -0.138875 0
0.6404 9 4.6869e-05 -0.138841 0
0.6404 9 6.64944e-05 -0.138793 0
0.6404 9 9.43373e-05 -0.138724 0
0.6404 9 0.000133839 -0.138626 0
0.6404 9 0.000189881 -0.138487 0
0.6404 9 0.000269389 -0.13829 0
0.6404 9 0.000382189 -0.138011 0
0.6404 9 0.000542222 -0.137615 0
0.6404 9 0.000769265 -0.137054 0
0.6404 9 0.00109138 -0.136259 0
0.6404 9 0.00154837 -0.135133 0
0.6404 9 0.00219671 -0.13354 0
0.6404 9 0.00311653 -0.131286 0
0.6404 9 0.0044215 -0.128102 0
0.6404 9 0.0062729 -0.123616 0
0.6404 9 0.00889953 -0.117313 0
0.6404 9 0.012626 -0.108486 0
0.6404 9 0.0179128 -0.0962037 0
0.6404 9 0.0254134 -0.0792513 0
0.6404 9 0.0360547 -0.0561117 0
0.6404 9 0.0511518 -0.0250794 0
0.6404 9 0.0725704 0.0155197 0
0.6404 9 0.102958 0.066745 0
0.6404 9 0.146069 0.127849 0
0.6404 9 0.207231 0.194646 0
0.6404 9 0.294005 0.257715 0
0.6404 9 0.417112 0.302415 0
0.6404 9 0.591769 0.314176 0
0.6404 9 0.839558 0.289394 0
0.6404 9 1.1911 0.240192 0
0.6404 9 1.68985 0.179048 0
0.6404 9 2.39743 0.114308 0
0.6404 9 3.4013 0.0649173 0
0.6404 9 4.82552 0.0380107 0
0.6404 9 6.8461 0.0209523 0
0.6404 9 9.71274 0.0101106 0
0.6404 9 13.7797 0.00383676 0
0.6404 9 19.5497 0.00248217 0
0.6404 9 27.7356 0.000931438 0
0.6404 9 39.3493 0.000323797 0
0.6404 9 55.8259 0.000171966 0
0.6404 9 79.2016 8.62398e-05 0
0.6404 9 112.365 5.11825e-05 0
0.6404 9 159.416 3.38708e-05 0
0.6404 9 226.168 2.1092e-05 0
0.6404 9 320.87 1.25592e-05 0
0.6404 9 455.227 8.60457e-06 0
0.6404 9 645.842 6.15515e-06 0
0.6404 9 916.274 3.87009e-06 0
0.6404 9 1299.94 2.59522e-06 0
0.6404 9 1844.26 1.97531e-06 0
0.6404 9 2616.5 1.53964e-06 0
0.6404 9 3712.11 1.12314e-06 0
0.6404 9 5266.46 8.26907e-07 0
0.6404 9 7471.67 6.28297e-07 0
0.6404 9 10600.3 4.84006e-07 0
0.6404 9 15038.9 3.71285e-07 0
0.6404 9 21336 2.80014e-07 0
0.6404 9 30270 2.05779e-07 0
0.6404 9 42944.9 1.46461e-07 0
0.6404 9 60927 1.00597e-07 0
0.6404 9 86438.8 6.66512e-08 0
0.6404 9 122633 4.27884e-08 0
0.6404 9 173983 2.67243e-08 0
0.6404 9 246834 1.60515e-08 0
0.6404 9 350190 9.0974e-09 0
0.6404 9 496824 4.81147e-09 0
0.6404 9 704857 2.18685e-09 0
0.6404 9 1e+06 6.78787e-10 0

1.56152 9 1e-06 0.11805 0
1.56152 9 1.41873e-06 0.11805 0
1.56152 9 2.01279e-06 0.118051 0
1.56152 9 2.85559e-06 0.118052 0
1.56152 9 4.0513e-06 0.118053 0
1.56152 9 5.74769e-06 0.118055 0
1.56152 9 8.15441e-06 0.118058 0
1.56152 9 1.15689e-05 0.118062 0
1.56152 9 1.64131e-05 0.118068 0
1.56152 9 2.32857e-05 0.118076 0
1.56152 9 3.3036e-05 0.118087 0
1.56152 9 4.6869e-05 0.118104 0
1.56152 9 6.64944e-05 0.118126 0
1.56152 9 9.43373e-05 0.118159 0
1.56152 9 0.000133839 0.118205 0
1.56152 9 0.000189881 0.118271 0
1.56152 9 0.000269389 0.118364 0
1.56152 9 0.000382189 0.118495 0
1.56152 9 0.000542222 0.118682 0
1.56152 9 0.000769265 0.118947 0
1.56152 9 0.00109138 0.119322 0
1.56152 9 0.00154837 0.119854 0
1.56152 9 0.00219671 0.120605 0
1.56152 9 0.00311653 0.121669 0
1.56152 9 0.0044215 0.12317 0
1.56152 9 0.0062729 0.125284 0
1.56152 9 0.00889953 0.128252 0
1.56152 9 0.012626 0.132404 0
1.56152 9 0.0179128 0.138171 0
1.56152 9 0.0254134 0.146109 0
1.56152 9 0.0360547 0.156906 0
1.56152 9 0.0511518 0.171298 0
1.56152 9 0.0725704 0.189946 0
1.56152 9 0.102958 0.213108 0
1.56152 9 0.146069 0.239953 0
1.56152 9 0.207231 0.267667 0
1.56152 9 0.294005 0.290501 0
1.56152 9 0.417112 0.299882 0
1.56152 9 0.591769 0.287895 0
1.56152 9 0.839558 0.254096 0
1.56152 9 1.1911 0.207573 0
1.56152 9 1.68985 0.15554 0
1.56152 9 2.39743 0.101387 0
1.56152 9 3.4013 0.0587743 0
1.56152 9 4.82552 0.0351158 0
1.56152 9 6.8461 0.0198164 0
1.56152 9 9.71274 0.00967653 0
1.56152 9 13.7797 0.00370758 0
1.56152 9 19.5497 0.00242401 0
1.56152 9 27.7356 0.000914891 0
1.56152 9 39.3493 0.000318317 0
1.56152 9 55.8259 0.000169695 0
1.56152 9 79.2016 8.52724e-05 0
1.56152 9 112.365 5.07258e-05 0
1.56152 9 159.416 3.36533e-05 0
1.56152 9 226.168 2.099e-05 0
1.56152 9 320.87 1.25112e-05 0
1.56152 9 455.227 8.58157e-06 0
1.56152 9 645.842 6.14427e-06 0
1.56152 9 916.274 3.86498e-06 0
1.56152 9 1299.94 2.59279e-06 0
1.56152 9 1844.26 1.97414e-06 0
1.56152 9 2616.5 1.53908e-06 0
1.56152 9 3712.11 1.12288e-06 0
1.56152 9 5266.46 8.26781e-07 0
1.56152 9 7471.67 6.28237e-07 0
1.56152 9 10600.3 4.83977e-07 0
1.56152 9 15038.9 3.71272e-07 0
1.56152 9 21336 2.80007e-07 0
1.56152 9 30270 2.05776e-07 0
1.56152 9 42944.9 1.4646e-07 0
1.56152 9 60927 1.00596e-07 0
1.56152 9 86438.8 6.66509e-08 0
1.56152 9 122633 4.27882e-08 0
1.56152 9 173983 2.67243e-08 0
1.56152 9 246834 1.60515e-08 0
1.56152 9 350190 9.09739e-09 0
1.56152 9 496824 4.81146e-09 0
1.56152 9 704857 2.18684e-09 0
1.56152 9 1e+06 6.78786e-10 0

3.80755 9 1e-06 0.260021 0
3.80755 9 1.41873e-06 0.260021 0
3.80755 9 2.01279e-06 0.260021 0
3.80755 9 2.85559e-06 0.260021 0
3.80755 9 4.0513e-06 0.260021 0
3.80755 9 5.74769e-06 0.260022 0
3.80755 9 8.15441e-06 0.260022 0
3.80755 9 1.15689e-05 0.260022 0
3.80755 9 1.64131e-05 0.260023 0
3.80755 9 2.32857e-05 0.260023 0
3.80755 9 3.3036e-05 0.260024 0
3.80755 9 4.6869e-05 0.260025 0
3.80755 9 6.64944e-05 0.260027 0
3.80755 9 9.43373e-05 0.26003 0
3.80755 9 0.000133839 0.260033 0
3.80755 9 0.000189881 0.260038 0
3.80755 9 0.000269389 0.260045 0
3.80755 9 0.000382189 0.260055 0
3.80755 9 0.000542222 0.260069 0
3.80755 9 0.000769265 0.26009 0
3.80755 9 0.00109138 0.260118 0
3.80755 9 0.00154837 0.260159 0
3.80755 9 0.00219671 0.260215 0
3.80755 9 0.00311653 0.260295 0
3.80755 9 0.0044215 0.260407 0
3.80755 9 0.0062729 0.260563 0
3.80755 9 0.00889953 0.260778 0
3.80755 9 0.012626 0.261072 0
3.80755 9 0.0179128 0.261464 0
3.80755 9 0.0254134 0.261971 0
3.80755 9 0.0360547 0.262602 0
3.80755 9 0.0511518 0.26331 0
3.80755 9 0.0725704 0.26396 0
3.80755 9 0.102958 0.26423 0
3.80755 9 0.146069 0.2634 0
3.80755 9 0.207231 0.260149 0
3.80755 9 0.294005 0.252367 0
3.80755 9 0.417112 0.237324 0
3.80755 9 0.591769 0.213163 0
3.80755 9 0.839558 0.181473 0
3.80755 9 1.1911 0.147329 0
3.80755 9 1.68985 0.113155 0
3.80755 9 2.39743 0.0775759 0
3.80755 9 3.4013 0.0470592 0
3.80755 9 4.82552 0.0293405 0
3.80755 9 6.8461 0.0174408 0
3.80755 9 9.71274 0.00874393 0
3.80755 9 13.7797 0.00342485 0
3.80755 9 19.5497 0.00229421 0
3.80755 9 27.7356 0.000878152 0
3.80755 9 39.3493 0.000306381 0
3.80755 9 55.8259 0.000164782 0
3.80755 9 79.2016 8.31979e-05 0
3.80755 9 112.365 4.97453e-05 0
3.80755 9 159.416 3.31855e-05 0
3.80755 9 226.168 2.07706e-05 0
3.80755 9 320.87 1.24082e-05 0
3.80755 9 455.227 8.5321e-06 0
3.80755 9 645.842 6.12088e-06 0
3.80755 9 916.274 3.854e-06 0
3.80755 9 1299.94 2.58759e-06 0
3.80755 9 1844.26 1.97163e-06 0
3.80755 9 2616.5 1.53788e-06 0
3.80755 9 3712.11 1.1223e-06 0
3.80755 9 5266.46 8.2651e-07 0
3.80755 9 7471.67 6.28106e-07 0
3.80755 9 10600.3 4.83914e-07 0
3.80755 9 15038.9 3.71241e-07 0
3.80755 9 21336 2.79993e-07 0
3.80755 9 30270 2.05769e-07 0
3.80755 9 42944.9 1.46457e-07 0
3.80755 9 60927 1.00594e-07 0
3.80755 9 86438.8 6.66502e-08 0
3.80755 9 122633 4.27879e-08 0
3.80755 9 173983 2.67241e-08 0
3.80755 9 246834 1.60514e-08 0
3.80755 9 350190 9.09736e-09 0
3.80755 9 496824 4.81145e-09 0
3.80755 9 704857 2.18684e-09 0
3.80755 9 1e+06 6.78785e-10 0

9.28415 9 1e-06 0.142368 0
9.28415 9 1.41873e-06 0.142368 0
9.28415 9 2.01279e-06 0.142368 0
9.28415 9 2.85559e-06 0.142368 0
9.28415 9 4.0513e-06 0.142368 0
9.28415 9 5.74769e-06 0.142367 0
9.28415 9 8.15441e-06 0.142367 0
9.28415 9 1.15689e-05 0.142367 0
9.28415 9 1.64131e-05 0.142366 0
9.28415 9 2.32857e-05 0.142366 0
9.28415 9 3.3036e-05 0.142365 0
9.28415 9 4.6869e-05 0.142364 0
9.28415 9 6.64944e-05 0.142362 0
9.28415 9 9.43373e-05 0.14236 0
9.28415 9 0.000133839 0.142357 0
9.28415 9 0.000189881 0.142352 0
9.28415 9 0.000269389 0.142346 0
9.28415 9 0.000382189 0.142336 0
9.28415 9 0.000542222 0.142323 0
9.28415 9 0.000769265 0.142305 0
9.28415 9 0.00109138 0.142278 0
9.28415 9 0.00154837 0.142241 0
9.28415 9 0.00219671 0.142188 0
9.28415 9 0.00311653 0.142113 0
9.28415 9 0.0044215 0.142006 0
9.28415 9 0.0062729 0.141855 0
9.28415 9 0.00889953 0.141641 0
9.28415 9 0.012626 0.141339 0
9.28415 9 0.0179128 0.140911 0
9.28415 9 0.0254134 0.140306 0
9.28415 9 0.0360547 0.139456 0
9.28415 9 0.0511518 0.13826 0
9.28415 9 0.0725704 0.136583 0
9.28415 9 0.102958 0.134251 0
9.28415 9 0.146069 0.131011 0
9.28415 9 0.207231 0.126533 0
9.28415 9 0.294005 0.120404 0
9.28415 9 0.417112 0.11209 0
9.28415 9 0.591769 0.101187 0
9.28415 9 0.839558 0.0880228 0
9.28415 9 1.1911 0.0741521 0
9.28415 9 1.68985 0.0608467 0
9.28415 9 2.39743 0.0459536 0
9.28415 9 3.4013 0.0301683 0
9.28415 9 4.82552 0.0201911 0
9.28415 9 6.8461 0.0132957 0
9.28415 9 9.71274 0.00702472 0
9.28415 9 13.7797 0.00288187 0
9.28415 9 19.5497 0.00203296 0
9.28415 9 27.7356 0.0008046 0
9.28415 9 39.3493 0.00028348 0
9.28415 9 55.8259 0.000155495 0
9.28415 9 79.2016 7.93608e-05 0
9.28415 9 112.365 4.79261e-05 0
9.28415 9 159.416 3.23137e-05 0
9.28415 9 226.168 2.03626e-05 0
9.28415 9 320.87 1.2217e-05 0
9.28415 9 455.227 8.43993e-06 0
9.28415 9 645.842 6.07737e-06 0
9.28415 9 916.274 3.83368e-06 0
9.28415 9 1299.94 2.57795e-06 0
9.28415 9 1844.26 1.96694e-06 0
9.28415 9 2616.5 1.53563e-06 0
9.28415 9 3712.11 1.12123e-06 0
9.28415 9 5266.46 8.25996e-07 0
9.28415 9 7471.67 6.27856e-07 0
9.28415 9 10600.3 4.83792e-07 0
9.28415 9 15038.9 3.71181e-07 0
9.28415 9 21336 2.79963e-07 0
9.28415 9 30270 2.05754e-07 0
9.28415 9 42944.9 1.4645e-07 0
9.28415 9 60927 1.00591e-07 0
9.28415 9 86438.8 6.66486e-08 0
9.28415 9 122633 4.27872e-08 0
9.28415 9 173983 2.67238e-08 0
9.28415 9 246834 1.60513e-08 0
9.28415 9 350190 9.0973e-09 0
9.28415 9 496824 4.81143e-09 0
9.28415 9 704857 2.18683e-09 0
9.28415 9 1e+06 6.78783e-10 0

22.638 9 1e-06 0.0388638 0
22.638 9 1.41873e-06 0.0388638 0
22.638 9 2.01279e-06 0.0388638 0
22.638 9 2.85559e-06 0.0388638 0
22.638 9 4.0513e-06 0.0388637 0
22.638 9 5.74769e-06 0.0388637 0
22.638 9 8.15441e-06 0.0388636 0
22.638 9 1.15689e-05 0.0388636 0
22.638 9 1.64131e-05 0.0388635 0
22.638 9 2.32857e-05 0.0388633 0
22.638 9 3.3036e-05 0.0388631 0
22.638 9 4.6869e-05 0.0388628 0
22.638 9 6.64944e-05 0.0388623 0
22.638 9 9.43373e-05 0.0388617 0
22.638 9 0.000133839 0.0388608 0
22.638 9 0.000189881 0.0388596 0
22.638 9 0.000269389 0.0388578 0
22.638 9 0.000382189 0.0388553 0
22.638 9 0.000542222 0.0388517 0
22.638 9 0.000769265 0.0388466 0
22.638 9 0.00109138 0.0388395 0
22.638 9 0.00154837 0.0388293 0
22.638 9 0.00219671 0.0388148 0
22.638 9 0.00311653 0.0387944 0
22.638 9 0.0044215 0.0387657 0
22.638 9 0.0062729 0.0387249 0
22.638 9 0.00889953 0.0386673 0
22.638 9 0.012626 0.0385868 0
22.638 9 0.0179128 0.0384735 0
22.638 9 0.0254134 0.0383152 0
22.638 9 0.0360547 0.0380978 0
22.638 9 0.0511518 0.0377999 0
22.638 9 0.0725704 0.0373993 0
22.638 9 0.102958 0.0368798 0
22.638 9 0.146069 0.0362242 0
22.638 9 0.207231 0.0354332 0
22.638 9 0.294005 0.0345177 0
22.638 9 0.417112 0.0333835 0
22.638 9 0.591769 0.0317095 0
22.638 9 0.839558 0.0290218 0
22.638 9 1.1911 0.0255457 0
22.638 9 1.68985 0.0226894 0
22.638 9 2.39743 0.0195468 0
22.638 9 3.4013 0.0141313 0
22.638 9 4.82552 0.0101987 0
22.638 9 6.8461 0.00794994 0
22.638 9 9.71274 0.00458434 0
22.638 9 13.7797 0.00204081 0
22.638 9 19.5497 0.00158631 0
22.638 9 27.7356 0.000674743 0
22.638 9 39.3493 0.000244958 0
22.638 9 55.8259 0.000140034 0
22.638 9 79.2016 7.31783e-05 0
22.638 9 112.365 4.49718e-05 0
22.638 9 159.416 3.08832e-05 0
22.638 9 226.168 1.96948e-05 0
22.638 9 320.87 1.19054e-05 0
22.638 9 455.227 8.28846e-06 0
22.638 9 645.842 6.00603e-06 0
22.638 9 916.274 3.80061e-06 0
22.638 9 1299.94 2.56227e-06 0
22.638 9 1844.26 1.9592e-06 0
22.638 9 2616.5 1.53189e-06 0
22.638 9 3712.11 1.11944e-06 0
22.638 9 5266.46 8.25123e-07 0
22.638 9 7471.67 6.27422e-07 0
22.638 9 10600.3 4.83572e-07 0
22.638 9 15038.9 3.7107e-07 0
22.638 9 21336 2.79907e-07 0
22.638 9 30270 2.05726e-07 0
22.638 9 42944.9 1.46435e-07 0
22.638 9 60927 1.00584e-07 0
22.638 9 86438.8 6.66451e-08 0
22.638 9 122633 4.27855e-08 0
22.638 9 173983 2.67231e-08 0
22.638 9 246834 1.60509e-08 0
22.638 9 350190 9.09716e-09 0
22.638 9 496824 4.81137e-09 0
22.638 9 704857 2.18681e-09 0
22.638 9 1e+06 6.78777e-10 0

55.1995 9 1e-06 0.00880021 0
55.1995 9 1.41873e-06 0.0088002 0
55.1995 9 2.01279e-06 0.0088002 0
55.1995 9 2.85559e-06 0.00880019 0
55.1995 9 4.0513e-06 0.00880018 0
55.1995 9 5.74769e-06 0.00880016 0
55.1995 9 8.15441e-06 0.00880014 0
55.1995 9 1.15689e-05 0.00880011 0
55.1995 9 1.64131e-05 0.00880007 0
55.1995 9 2.32857e-05 0.00880001 0
55.1995 9 3.3036e-05 0.00879993 0
55.1995 9 4.6869e-05 0.00879981 0
55.1995 9 6.64944e-05 0.00879964 0
55.1995 9 9.43373e-05 0.0087994 0
55.1995 9 0.000133839 0.00879906 0
55.1995 9 0.000189881 0.00879859 0
55.1995 9 0.000269389 0.00879791 0
55.1995 9 0.000382189 0.00879695 0
55.1995 9 0.000542222 0.00879557 0
55.1995 9 0.000769265 0.00879364 0
55.1995 9 0.00109138 0.00879091 0
55.1995 9 0.00154837 0.00878703 0
55.1995 9 0.00219671 0.00878151 0
55.1995 9 0.00311653 0.00877376 0
55.1995 9 0.0044215 0.00876285 0
55.1995 9 0.0062729 0.00874742 0
55.1995 9 0.00889953 0.00872575 0
55.1995 9 0.012626 0.00869564 0
55.1995 9 0.0179128 0.00865368 0
55.1995 9 0.0254134 0.00859591 0
55.1995 9 0.0360547 0.0085185 0
55.1995 9 0.0511518 0.0084162 0
55.1995 9 0.0725704 0.00828661 0
55.1995 9 0.102958 0.00813662 0
55.1995 9 0.146069 0.00798305 0
55.1995 9 0.207231 0.00786786 0
55.1995 9 0.294005 0.00785578 0
55.1995 9 0.417112 0.00795364 0
55.1995 9 0.591769 0.00797771 0
55.1995 9 0.839558 0.00751361 0
55.1995 9 1.1911 0.00652152 0
55.1995 9 1.68985 0.00607514 0
55.1995 9 2.39743 0.00616881 0
55.1995 9 3.4013 0.00481285 0
55.1995 9 4.82552 0.00353032 0
55.1995 9 6.8461 0.00346175 0
55.1995 9 9.71274 0.00223838 0
55.1995 9 13.7797 0.00111011 0
55.1995 9 19.5497 0.00100236 0
55.1995 9 27.7356 0.00048362 0
55.1995 9 39.3493 0.000188826 0
55.1995 9 55.8259 0.000116801 0
55.1995 9 79.2016 6.4086e-05 0
55.1995 9 112.365 4.05464e-05 0
55.1995 9 159.416 2.86924e-05 0
55.1995 9 226.168 1.86711e-05 0
55.1995 9 320.87 1.14295e-05 0
55.1995 9 455.227 8.05354e-06 0
55.1995 9 645.842 5.8956e-06 0
55.1995 9 916.274 3.75006e-06 0
55.1995 9 1299.94 2.5383e-06 0
55.1995 9 1844.26 1.94708e-06 0
55.1995 9 2616.5 1.52594e-06 0
55.1995 9 3712.11 1.11655e-06 0
55.1995 9 5266.46 8.23688e-07 0
55.1995 9 7471.67 6.26681e-07 0
55.1995 9 10600.3 4.83182e-07 0
55.1995 9 15038.9 3.70863e-07 0
55.1995 9 21336 2.79797e-07 0
55.1995 9 30270 2.05668e-07 0
55.1995 9 42944.9 1.46405e-07 0
55.1995 9 60927 1.00568e-07 0
55.1995 9 86438.8 6.66375e-08 0
55.1995 9 122633 4.27819e-08 0
55.1995 9 173983 2.67214e-08 0
55.1995 9 246834 1.60502e-08 0
55.1995 9 350190 9.09684e-09 0
55.1995 9 496824 4.81124e-09 0
55.1995 9 704857 2.18677e-09 0
55.1995 9 1e+06 6.78764e-10 0

134.596 9 1e-06 0.00191256 0
134.596 9 1.41873e-06 0.00191256 0
134.596 9 2.01279e-06 0.00191256 0
134.596 9 2.85559e-06 0.00191255 0
134.596 9 4.0513e-06 0.00191255 0
134.596 9 5.74769e-06 0.00191254 0
134.596 9 8.15441e-06 0.00191253 0
134.596 9 1.15689e-05 0.00191252 0
134.596 9 1.64131e-05 0.0019125 0
134.596 9 2.32857e-05 0.00191247 0
134.596 9 3.3036e-05 0.00191243 0
134.596 9 4.6869e-05 0.00191238 0
134.596 9 6.64944e-05 0.0019123 0
134.596 9 9.43373e-05 0.00191219 0
134.596 9 0.000133839 0.00191204 0
134.596 9 0.000189881 0.00191182 0
134.596 9 0.000269389 0.00191152 0
134.596 9 0.000382189 0.00191108 0
134.596 9 0.000542222 0.00191045 0
134.596 9 0.000769265 0.00190957 0
134.596 9 0.00109138 0.00190833 0
134.596 9 0.00154837 0.00190656 0
134.596 9 0.00219671 0.00190405 0
134.596 9 0.00311653 0.00190053 0
134.596 9 0.0044215 0.00189558 0
134.596 9 0.0062729 0.00188857 0
134.596 9 0.00889953 0.00187876 0
134.596 9 0.012626 0.00186515 0
134.596 9 0.0179128 0.00184626 0
134.596 9 0.0254134 0.00182038 0
134.596 9 0.0360547 0.00178602 0
134.596 9 0.0511518 0.00174125 0
134.596 9 0.0725704 0.00168601 0
134.596 9 0.102958 0.00162548 0
134.596 9 0.146069 0.00157134 0
134.596 9 0.207231 0.00154995 0
134.596 9 0.294005 0.00160172 0
134.596 9 0.417112 0.00173954 0
134.596 9 0.591769 0.00187223 0
134.596 9 0.839558 0.00176794 0
134.596 9 1.1911 0.00137074 0
134.596 9 1.68985 0.0012759 0
134.596 9 2.39743 0.00165783 0
134.596 9 3.4013 0.00133025 0
134.596 9 4.82552 0.000860942 0
134.596 9 6.8461 0.00113712 0
134.596 9 9.71274 0.000827228 0
134.596 9 13.7797 0.000451834 0
134.596 9 19.5497 0.000488981 0
134.596 9 27.7356 0.000275702 0
134.596 9 39.3493 0.000122915 0
134.596 9 55.8259 8.60863e-05 0
134.596 9 79.2016 5.15015e-05 0
134.596 9 112.365 3.41489e-05 0
134.596 9 159.416 2.53711e-05 0
134.596 9 226.168 1.70915e-05 0
134.596 9 320.87 1.06919e-05 0
134.596 9 455.227 7.67939e-06 0
134.596 9 645.842 5.71909e-06 0
134.596 9 916.274 3.67034e-06 0
134.596 9 1299.94 2.50044e-06 0
134.596 9 1844.26 1.92729e-06 0
134.596 9 2616.5 1.51604e-06 0
134.596 9 3712.11 1.11166e-06 0
134.596 9 5266.46 8.21188e-07 0
134.596 9 7471.67 6.25334e-07 0
134.596 9 10600.3 4.82439e-07 0
134.596 9 15038.9 3.70451e-07 0
134.596 9 21336 2.79569e-07 0
134.596 9 30270 2.05543e-07 0
134.596 9 42944.9 1.46338e-07 0
134.596 9 60927 1.00534e-07 0
134.596 9 86438.8 6.662e-08 0
134.596 9 122633 4.27733e-08 0
134.596 9 173983 2.67174e-08 0
134.596 9 246834 1.60484e-08 0
134.596 9 350190 9.09607e-09 0
134.596 9 496824 4.81093e-09 0
134.596 9 704857 2.18665e-09 0
134.596 9 1e+06 6.78733e-10 0

328.193 9 1e-06 0.000440005 0
328.193 9 1.41873e-06 0.000440004 0
328.193 9 2.01279e-06 0.000440003 0
328.193 9 2.85559e-06 0.000440001 0
328.193 9 4.0513e-06 0.000439999 0
328.193 9 5.74769e-06 0.000439996 0
328.193 9 8.15441e-06 0.000439991 0
328.193 9 1.15689e-05 0.000439986 0
328.193 9 1.64131e-05 0.000439977 0
328.193 9 2.32857e-05 0.000439965 0
328.193 9 3.3036e-05 0.000439948 0
328.193 9 4.6869e-05 0.000439924 0
328.193 9 6.64944e-05 0.00043989 0
328.193 9 9.43373e-05 0.000439842 0
328.193 9 0.000133839 0.000439774 0
328.193 9 0.000189881 0.000439678 0
328.193 9 0.000269389 0.000439541 0
328.193 9 0.000382189 0.000439345 0
328.193 9 0.000542222 0.000439068 0
328.193 9 0.000769265 0.000438677 0
328.193 9 0.00109138 0.000438126 0
328.193 9 0.00154837 0.000437342 0
328.193 9 0.00219671 0.000436227 0
328.193 9 0.00311653 0.000434663 0
328.193 9 0.0044215 0.000432464 0
328.193 9 0.0062729 0.000429357 0
328.193 9 0.00889953 0.000425002 0
328.193 9 0.012626 0.000418971 0
328.193 9 0.0179128 0.000410601 0
328.193 9 0.0254134 0.000399155 0
328.193 9 0.0360547 0.000383987 0
328.193 9 0.0511518 0.000364306 0
328.193 9 0.0725704 0.000340192 0
328.193 9 0.102958 0.000314176 0
328.193 9 0.146069 0.000291942 0
328.193 9 0.207231 0.000286099 0
328.193 9 0.294005 0.000315981 0
328.193 9 0.417112 0.00038872 0
328.193 9 0.591769 0.000462963 0
328.193 9 0.839558 0.000429205 0
328.193 9 1.1911 0.00025483 0
328.193 9 1.68985 0.000220042 0
328.193 9 2.39743 0.000443107 0
328.193 9 3.4013 0.000348306 0
328.193 9 4.82552 0.000152303 0
328.193 9 6.8461 0.000323283 0
328.193 9 9.71274 0.000260387 0
328.193 9 13.7797 0.00014867 0
328.193 9 19.5497 0.000194731 0
328.193 9 27.7356 0.000124843 0
328.193 9 39.3493 6.65409e-05 0
328.193 9 55.8259 5.38163e-05 0
328.193 9 79.2016 3.61595e-05 0
328.193 9 112.365 2.56726e-05 0
328.193 9 159.416 2.05364e-05 0
328.193 9 226.168 1.46525e-05 0
328.193 9 320.87 9.51634e-06 0
328.193 9 455.227 7.05557e-06 0
328.193 9 645.842 5.41772e-06 0
328.193 9 916.274 3.53463e-06 0
328.193 9 1299.94 2.43556e-06 0
328.193 9 1844.26 1.89201e-06 0
328.193 9 2616.5 1.49794e-06 0
328.193 9 3712.11 1.10255e-06 0
328.193 9 5266.46 8.16402e-07 0
328.193 9 7471.67 6.22653e-07 0
328.193 9 10600.3 4.809e-07 0
328.193 9 15038.9 3.69567e-07 0
328.193 9 21336 2.79066e-07 0
328.193 9 30270 2.05262e-07 0
328.193 9 42944.9 1.46185e-07 0
328.193 9 60927 1.00452e-07 0
328.193 9 86438.8 6.65786e-08 0
328.193 9 122633 4.27531e-08 0
328.193 9 173983 2.67078e-08 0
328.193 9 246834 1.6044e-08 0
328.193 9 350190 9.09422e-09 0
328.193 9 496824 4.81018e-09 0
328.193 9 704857 2.18638e-09 0
328.193 9 1e+06 6.78659e-10 0

800.25 9 1e-06 0.000113745 0
800.25 9 1.41873e-06 0.000113745 0
800.25 9 2.01279e-06 0.000113745 0
800.25 9 2.85559e-06 0.000113744 0
800.25 9 4.0513e-06 0.000113743 0
800.25 9 5.74769e-06 0.000113742 0
800.25 9 8.15441e-06 0.00011374 0
800.25 9 1.15689e-05 0.000113737 0
800.25 9 1.64131e-05 0.000113734 0
800.25 9 2.32857e-05 0.000113729 0
800.25 9 3.3036e-05 0.000113721 0
800.25 9 4.6869e-05 0.000113711 0
800.25 9 6.64944e-05 0.000113696 0
800.25 9 9.43373e-05 0.000113676 0
800.25 9 0.000133839 0.000113647 0
800.25 9 0.000189881 0.000113605 0
800.25 9 0.000269389 0.000113547 0
800.25 9 0.000382189 0.000113463 0
800.25 9 0.000542222 0.000113344 0
800.25 9 0.000769265 0.000113176 0
800.25 9 0.00109138 0.00011294 0
800.25 9 0.00154837 0.000112603 0
800.25 9 0.00219671 0.000112125 0
800.25 9 0.00311653 0.000111454 0
800.25 9 0.0044215 0.000110511 0
800.25 9 0.0062729 0.000109179 0
800.25 9 0.00889953 0.000107312 0
800.25 9 0.012626 0.000104726 0
800.25 9 0.0179128 0.000101138 0
800.25 9 0.0254134 9.62344e-05 0
800.25 9 0.0360547 8.9739e-05 0
800.25 9 0.0511518 8.13202e-05 0
800.25 9 0.0725704 7.10271e-05 0
800.25 9 0.102958 5.99719e-05 0
800.25 9 0.146069 5.06566e-05 0
800.25 9 0.207231 4.86088e-05 0
800.25 9 0.294005 6.23072e-05 0
800.25 9 0.417112 9.5014e-05 0
800.25 9 0.591769 0.000128867 0
800.25 9 0.839558 0.000115862 0
800.25 9 1.1911 4.05851e-05 0
800.25 9 1.68985 2.56399e-05 0
800.25 9 2.39743 0.000129382 0
800.25 9 3.4013 9.64752e-05 0
800.25 9 4.82552 1.27405e-05 0
800.25 9 6.8461 9.14813e-05 0
800.25 9 9.71274 7.97016e-05 0
800.25 9 13.7797 4.43734e-05 0
800.25 9 19.5497 7.05866e-05 0
800.25 9 27.7356 4.80725e-05 0
800.25 9 39.3493 2.98059e-05 0
800.25 9 55.8259 2.73319e-05 0
800.25 9 79.2016 2.07318e-05 0
800.25 9 112.365 1.62048e-05 0
800.25 9 159.416 1.43461e-05 0
800.25 9 226.168 1.11567e-05 0
800.25 9 320.87 7.71334e-06 0
800.25 9 455.227 6.0373e-06 0
800.25 9 645.842 4.8966e-06 0
800.25 9 916.274 3.29606e-06 0
800.25 9 1299.94 2.32021e-06 0
800.25 9 1844.26 1.82673e-06 0
800.25 9 2616.5 1.46343e-06 0
800.25 9 3712.11 1.08481e-06 0
800.25 9 5266.46 8.06832e-07 0
800.25 9 7471.67 6.17099e-07 0
800.25 9 10600.3 4.77598e-07 0
800.25 9 15038.9 3.67614e-07 0
800.25 9 21336 2.77928e-07 0
800.25 9 30270 2.04613e-07 0
800.25 9 42944.9 1.45825e-07 0
800.25 9 60927 1.0026e-07 0
800.25 9 86438.8 6.64801e-08 0
800.25 9 122633 4.27045e-08 0
800.25 9 173983 2.66848e-08 0
800.25 9 246834 1.60336e-08 0
800.25 9 350190 9.08974e-09 0
800.25 9 496824 4.80837e-09 0
800.25 9 704857 2.18573e-09 0
800.25 9 1e+06 6.7848e-10 0

1951.29 9 1e-06 3.40336e-05 0
1951.29 9 1.41873e-06 3.40335e-05 0
1951.29 9 2.01279e-06 3.40333e-05 0
1951.29 9 2.85559e-06 3.4033e-05 0
1951.29 9 4.0513e-06 3.40326e-05 0
1951.29 9 5.74769e-06 3.4032e-05 0
1951.29 9 8.15441e-06 3.40313e-05 0
1951.29 9 1.15689e-05 3.40302e-05 0
1951.29 9 1.64131e-05 3.40287e-05 0
1951.29 9 2.32857e-05 3.40265e-05 0
1951.29 9 3.3036e-05 3.40235e-05 0
1951.29 9 4.6869e-05 3.40191e-05 0
1951.29 9 6.64944e-05 3.4013e-05 0
1951.29 9 9.43373e-05 3.40043e-05 0
1951.29 9 0.000133839 3.39921e-05 0
1951.29 9 0.000189881 3.39747e-05 0
1951.29 9 0.000269389 3.395e-05 0
1951.29 9 0.000382189 3.39148e-05 0
1951.29 9 0.000542222 3.38648e-05 0
1951.29 9 0.000769265 3.37944e-05 0
1951.29 9 0.00109138 3.36951e-05 0
1951.29 9 0.00154837 3.35537e-05 0
1951.29 9 0.00219671 3.33527e-05 0
1951.29 9 0.00311653 3.30708e-05 0
1951.29 9 0.0044215 3.26746e-05 0
1951.29 9 0.0062729 3.21146e-05 0
1951.29 9 0.00889953 3.13301e-05 0
1951.29 9 0.012626 3.02434e-05 0
1951.29 9 0.0179128 2.87361e-05 0
1951.29 9 0.0254134 2.66758e-05 0
1951.29 9 0.0360547 2.39474e-05 0
1951.29 9 0.0511518 2.04125e-05 0
1951.29 9 0.0725704 1.60935e-05 0
1951.29 9 0.102958 1.14615e-05 0
1951.29 9 0.146069 7.57738e-06 0
1951.29 9 0.207231 6.78142e-06 0
1951.29 9 0.294005 1.26643e-05 0
1951.29 9 0.417112 2.66283e-05 0
1951.29 9 0.591769 4.11467e-05 0
1951.29 9 0.839558 3.58764e-05 0
1951.29 9 1.1911 4.08929e-06 0
1951.29 9 1.68985 -2.30446e-06 0
1951.29 9 2.39743 4.25575e-05 0
1951.29 9 3.4013 2.99372e-05 0
1951.29 9 4.82552 -5.39316e-06 0
1951.29 9 6.8461 2.82404e-05 0
1951.29 9 9.71274 2.59896e-05 0
1951.29 9 13.7797 1.34952e-05 0
1951.29 9 19.5497 2.56441e-05 0
1951.29 9 27.7356 1.76516e-05 0
1951.29 9 39.3493 1.2009e-05 0
1951.29 9 55.8259 1.19986e-05 0
1951.29 9 79.2016 9.92855e-06 0
1951.29 9 112.365 8.42871e-06 0
1951.29 9 159.416 8.17652e-06 0
1951.29 9 226.168 6.98124e-06 0
1951.29 9 320.87 5.27826e-06 0
1951.29 9 455.227 4.52298e-06 0
1951.29 9 645.842 4.01142e-06 0
1951.29 9 916.274 2.85873e-06 0
1951.29 9 1299.94 2.09939e-06 0
1951.29 9 1844.26 1.69757e-06 0
1951.29 9 2616.5 1.39257e-06 0
1951.29 9 3712.11 1.04758e-06 0
1951.29 9 5266.46 7.86409e-07 0
1951.29 9 7471.67 6.04997e-07 0
1951.29 9 10600.3 4.70238e-07 0
1951.29 9 15038.9 3.63169e-07 0
1951.29 9 21336 2.75295e-07 0
1951.29 9 30270 2.03092e-07 0
1951.29 9 42944.9 1.44974e-07 0
1951.29 9 60927 9.98024e-08 0
1951.29 9 86438.8 6.62439e-08 0
1951.29 9 122633 4.25878e-08 0
1951.29 9 173983 2.66293e-08 0
1951.29 9 246834 1.60084e-08 0
1951.29 9 350190 9.07889e-09 0
1951.29 9 496824 4.80397e-09 0
1951.29 9 704857 2.18416e-09 0
1951.29 9 1e+06 6.78046e-10 0

4757.94 9 1e-06 1.19006e-05 0
4757.94 9 1.41873e-06 1.19005e-05 0
4757.94 9 2.01279e-06 1.19004e-05 0
4757.94 9 2.85559e-06 1.19003e-05 0
4757.94 9 4.0513e-06 1.19002e-05 0
4757.94 9 5.74769e-06 1.18999e-05 0
4757.94 9 8.15441e-06 1.18996e-05 0
4757.94 9 1.15689e-05 1.18992e-05 0
4757.94 9 1.64131e-05 1.18985e-05 0
4757.94 9 2.32857e-05 1.18976e-05 0
4757.94 9 3.3036e-05 1.18964e-05 0
4757.94 9 4.6869e-05 1.18946e-05 0
4757.94 9 6.64944e-05 1.1892e-05 0
4757.94 9 9.43373e-05 1.18884e-05 0
4757.94 9 0.000133839 1.18833e-05 0
4757.94 9 0.000189881 1.18761e-05 0
4757.94 9 0.000269389 1.18658e-05 0
4757.94 9 0.000382189 1.18512e-05 0
4757.94 9 0.000542222 1.18304e-05 0
4757.94 9 0.000769265 1.18012e-05 0
4757.94 9 0.00109138 1.17599e-05 0
4757.94 9 0.00154837 1.17011e-05 0
4757.94 9 0.00219671 1.16176e-05 0
4757.94 9 0.00311653 1.15005e-05 0
4757.94 9 0.0044215 1.13358e-05 0
4757.94 9 0.0062729 1.11031e-05 0
4757.94 9 0.00889953 1.0777e-05 0
4757.94 9 0.012626 1.03254e-05 0
4757.94 9 0.0179128 9.69905e-06 0
4757.94 9 0.0254134 8.84295e-06 0
4757.94 9 0.0360547 7.70925e-06 0
4757.94 9 0.0511518 6.24059e-06 0
4757.94 9 0.0725704 4.44667e-06 0
4757.94 9 0.102958 2.52378e-06 0
4757.94 9 0.146069 9.14271e-07 0
4757.94 9 0.207231 5.93449e-07 0
4757.94 9 0.294005 3.05792e-06 0
4757.94 9 0.417112 8.89545e-06 0
4757.94 9 0.591769 1.49748e-05 0
4757.94 9 0.839558 1.28131e-05 0
4757.94 9 1.1911 -4.2851e-07 0
4757.94 9 1.68985 -3.11317e-06 0
4757.94 9 2.39743 1.57364e-05 0
4757.94 9 3.4013 1.0686e-05 0
4757.94 9 4.82552 -4.03844e-06 0
4757.94 9 6.8461 9.99682e-06 0
4757.94 9 9.71274 9.52174e-06 0
4757.94 9 13.7797 4.7371e-06 0
4757.94 9 19.5497 9.9723e-06 0
4757.94 9 27.7356 6.89929e-06 0
4757.94 9 39.3493 4.98966e-06 0
4757.94 9 55.8259 5.22253e-06 0
4757.94 9 79.2016 4.56966e-06 0
4757.94 9 112.365 4.11288e-06 0
4757.94 9 159.416 4.23096e-06 0
4757.94 9 226.168 3.89131e-06 0
4757.94 9 320.87 3.22029e-06 0
4757.94 9 455.227 2.99114e-06 0
4757.94 9 645.842 2.85602e-06 0
4757.94 9 916.274 2.1799e-06 0
4757.94 9 1299.94 1.70798e-06 0
4757.94 9 1844.26 1.45013e-06 0
4757.94 9 2616.5 1.24499e-06 0
4757.94 9 3712.11 9.65964e-07 0
4757.94 9 5266.46 7.40551e-07 0
4757.94 9 7471.67 5.77516e-07 0
4757.94 9 10600.3 4.53324e-07 0
4757.94 9 15038.9 3.52827e-07 0
4757.94 9 21336 2.69103e-07 0
4757.94 9 30270 1.99486e-07 0
4757.94 9 42944.9 1.42945e-07 0
4757.94 9 60927 9.8705e-08 0
4757.94 9 86438.8 6.56758e-08 0
4757.94 9 122633 4.23059e-08 0
4757.94 9 173983 2.6495e-08 0
4757.94 9 246834 1.59474e-08 0
4757.94 9 350190 9.05257e-09 0
4757.94 9 496824 4.79329e-09 0
4757.94 9 704857 2.18032e-09 0
4757.94 9 1e+06 6.76989e-10 0

11601.6 9 1e-06 4.61749e-06 0
11601.6 9 1.41873e-06 4.61746e-06 0
11601.6 9 2.01279e-06 4.61743e-06 0
11601.6 9 2.85559e-06 4.61738e-06 0
11601.6 9 4.0513e-06 4.61731e-06 0
11601.6 9 5.74769e-06 4.61722e-06 0
11601.6 9 8.15441e-06 4.61709e-06 0
11601.6 9 1.15689e-05 4.6169e-06 0
11601.6 9 1.64131e-05 4.61664e-06 0
11601.6 9 2.32857e-05 4.61627e-06 0
11601.6 9 3.3036e-05 4.61574e-06 0
11601.6 9 4.6869e-05 4.615e-06 0
11601.6 9 6.64944e-05 4.61394e-06 0
11601.6 9 9.43373e-05 4.61245e-06 0
11601.6 9 0.000133839 4.61034e-06 0
11601.6 9 0.000189881 4.60735e-06 0
11601.6 9 0.000269389 4.6031e-06 0
11601.6 9 0.000382189 4.59705e-06 0
11601.6 9 0.000542222 4.58845e-06 0
11601.6 9 0.000769265 4.57633e-06 0
11601.6 9 0.00109138 4.55923e-06 0
11601.6 9 0.00154837 4.5349e-06 0
11601.6 9 0.00219671 4.50033e-06 0
11601.6 9 0.00311653 4.45182e-06 0
11601.6 9 0.0044215 4.38364e-06 0
11601.6 9 0.0062729 4.28728e-06 0
11601.6 9 0.00889953 4.15229e-06 0
11601.6 9 0.012626 3.96532e-06 0
11601.6 9 0.0179128 3.70597e-06 0
11601.6 9 0.0254134 3.35153e-06 0
11601.6 9 0.0360547 2.88216e-06 0
11601.6 9 0.0511518 2.27415e-06 0
11601.6 9 0.0725704 1.53155e-06 0
11601.6 9 0.102958 7.35735e-07 0
11601.6 9 0.146069 7.0086e-08 0
11601.6 9 0.207231 -6.11288e-08 0
11601.6 9 0.294005 9.62459e-07 0
11601.6 9 0.417112 3.38504e-06 0
11601.6 9 0.591769 5.90957e-06 0
11601.6 9 0.839558 5.01909e-06 0
11601.6 9 1.1911 -4.69119e-07 0
11601.6 9 1.68985 -1.58592e-06 0
11601.6 9 2.39743 6.25276e-06 0
11601.6 9 3.4013 4.19393e-06 0
11601.6 9 4.82552 -1.9109e-06 0
11601.6 9 6.8461 3.90747e-06 0
11601.6 9 9.71274 3.78889e-06 0
11601.6 9 13.7797 1.87766e-06 0
11601.6 9 19.5497 4.07634e-06 0
11601.6 9 27.7356 2.84583e-06 0
11601.6 9 39.3493 2.13727e-06 0
11601.6 9 55.8259 2.28076e-06 0
11601.6 9 79.2016 2.05692e-06 0
11601.6 9 112.365 1.91214e-06 0
11601.6 9 159.416 2.02401e-06 0
11601.6 9 226.168 1.94493e-06 0
11601.6 9 320.87 1.71406e-06 0
11601.6 9 455.227 1.68623e-06 0
11601.6 9 645.842 1.70493e-06 0
11601.6 9 916.274 1.41419e-06 0
11601.6 9 1299.94 1.2108e-06 0
11601.6 9 1844.26 1.10207e-06 0
11601.6 9 2616.5 1.00517e-06 0
11601.6 9 3712.11 8.18354e-07 0
11601.6 9 5266.46 6.51202e-07 0
11601.6 9 7471.67 5.2135e-07 0
11601.6 9 10600.3 4.17417e-07 0
11601.6 9 15038.9 3.30156e-07 0
11601.6 9 21336 2.5518e-07 0
11601.6 9 30270 1.91224e-07 0
11601.6 9 42944.9 1.38229e-07 0
11601.6 9 60927 9.61271e-08 0
11601.6 9 86438.8 6.43299e-08 0
11601.6 9 122633 4.16336e-08 0
11601.6 9 173983 2.6173e-08 0
11601.6 9 246834 1.58005e-08 0
11601.6 9 350190 8.98899e-09 0
11601.6 9 496824 4.76744e-09 0
11601.6 9 704857 2.17102e-09 0
11601.6 9 1e+06 6.74429e-10 0

28288.7 9 1e-06 1.93356e-06 0
28288.7 9 1.41873e-06 1.93355e-06 0
28288.7 9 2.01279e-06 1.93353e-06 0
28288.7 9 2.85559e-06 1.93352e-06 0
28288.7 9 4.0513e-06 1.93349e-06 0
28288.7 9 5.74769e-06 1.93345e-06 0
28288.7 9 8.15441e-06 1.93339e-06 0
28288.7 9 1.15689e-05 1.93332e-06 0
28288.7 9 1.64131e-05 1.93321e-06 0
28288.7 9 2.32857e-05 1.93306e-06 0
28288.7 9 3.3036e-05 1.93284e-06 0
28288.7 9 4.6869e-05 1.93253e-06 0
28288.7 9 6.64944e-05 1.9321e-06 0
28288.7 9 9.43373e-05 1.93148e-06 0
28288.7 9 0.000133839 1.93061e-06 0
28288.7 9 0.000189881 1.92937e-06 0
28288.7 9 0.000269389 1.92762e-06 0
28288.7 9 0.000382189 1.92511e-06 0
28288.7 9 0.000542222 1.92156e-06 0
28288.7 9 0.000769265 1.91655e-06 0
28288.7 9 0.00109138 1.90948e-06 0
28288.7 9 0.00154837 1.89942e-06 0
28288.7 9 0.00219671 1.88513e-06 0
28288.7 9 0.00311653 1.86508e-06 0
28288.7 9 0.0044215 1.8369e-06 0
28288.7 9 0.0062729 1.79707e-06 0
28288.7 9 0.00889953 1.74128e-06 0
28288.7 9 0.012626 1.66399e-06 0
28288.7 9 0.0179128 1.5568e-06 0
28288.7 9 0.0254134 1.41029e-06 0
28288.7 9 0.0360547 1.21629e-06 0
28288.7 9 0.0511518 9.64982e-07 0
28288.7 9 0.0725704 6.58063e-07 0
28288.7 9 0.102958 3.29176e-07 0
28288.7 9 0.146069 5.41619e-08 0
28288.7 9 0.207231 1.94997e-10 0
28288.7 9 0.294005 4.23819e-07 0
28288.7 9 0.417112 1.42611e-06 0
28288.7 9 0.591769 2.47085e-06 0
28288.7 9 0.839558 2.10352e-06 0
28288.7 9 1.1911 -1.65965e-07 0
28288.7 9 1.68985 -6.28508e-07 0
28288.7 9 2.39743 2.61729e-06 0
28288.7 9 3.4013 1.77169e-06 0
28288.7 9 4.82552 -7.53168e-07 0
28288.7 9 6.8461 1.65284e-06 0
28288.7 9 9.71274 1.61707e-06 0
28288.7 9 13.7797 8.38967e-07 0
28288.7 9 19.5497 1.75301e-06 0
28288.7 9 27.7356 1.25147e-06 0
28288.7 9 39.3493 9.73178e-07 0
28288.7 9 55.8259 1.04109e-06 0
28288.7 9 79.2016 9.57545e-07 0
28288.7 9 112.365 9.06963e-07 0
28288.7 9 159.416 9.66844e-07 0
28288.7 9 226.168 9.49394e-07 0
28288.7 9 320.87 8.6906e-07 0
28288.7 9 455.227 8.79635e-07 0
28288.7 9 645.842 9.15043e-07 0
28288.7 9 916.274 8.07767e-07 0
28288.7 9 1299.94 7.39456e-07 0
28288.7 9 1844.26 7.11171e-07 0
28288.7 9 2616.5 6.83644e-07 0
28288.7 9 3712.11 5.9081e-07 0
28288.7 9 5266.46 4.98246e-07 0
28288.7 9 7471.67 4.18686e-07 0
28288.7 9 10600.3 3.48626e-07 0
28288.7 9 15038.9 2.84893e-07 0
28288.7 9 21336 2.26343e-07 0
28288.7 9 30270 1.73573e-07 0
28288.7 9 42944.9 1.27892e-07 0
28288.7 9 60927 9.03547e-08 0
28288.7 9 86438.8 6.12622e-08 0
28288.7 9 122633 4.00784e-08 0
28288.7 9 173983 2.54191e-08 0
28288.7 9 246834 1.5453e-08 0
28288.7 9 350190 8.8376e-09 0
28288.7 9 496824 4.70554e-09 0
28288.7 9 704857 2.14867e-09 0
28288.7 9 1e+06 6.6827e-10 0

68977.9 9 1e-06 8.38538e-07 0
68977.9 9 1.41873e-06 8.38533e-07 0
68977.9 9 2.01279e-06 8.38526e-07 0
68977.9 9 2.85559e-06 8.38519e-07 0
68977.9 9 4.0513e-06 8.38507e-07 0
68977.9 9 5.74769e-06 8.38492e-07 0
68977.9 9 8.15441e-06 8.38469e-07 0
68977.9 9 1.15689e-05 8.38438e-07 0
68977.9 9 1.64131e-05 8.38393e-07 0
68977.9 9 2.32857e-05 8.3833e-07 0
68977.9 9 3.3036e-05 8.3824e-07 0
68977.9 9 4.6869e-05 8.38113e-07 0
68977.9 9 6.64944e-05 8.37932e-07 0
68977.9 9 9.43373e-05 8.37678e-07 0
68977.9 9 0.000133839 8.37317e-07 0
68977.9 9 0.000189881 8.36807e-07 0
68977.9 9 0.000269389 8.36082e-07 0
68977.9 9 0.000382189 8.35048e-07 0
68977.9 9 0.000542222 8.3358e-07 0
68977.9 9 0.000769265 8.31511e-07 0
68977.9 9 0.00109138 8.28592e-07 0
68977.9 9 0.00154837 8.24437e-07 0
68977.9 9 0.00219671 8.18534e-07 0
68977.9 9 0.00311653 8.10253e-07 0
68977.9 9 0.0044215 7.98611e-07 0
68977.9 9 0.0062729 7.8216e-07 0
68977.9 9 0.00889953 7.59113e-07 0
68977.9 9 0.012626 7.2719e-07 0
68977.9 9 0.0179128 6.82912e-07 0
68977.9 9 0.0254134 6.22398e-07 0
68977.9 9 0.0360547 5.42263e-07 0
68977.9 9 0.0511518 4.38461e-07 0
68977.9 9 0.0725704 3.1169e-07 0
68977.9 9 0.102958 1.7585e-07 0
68977.9 9 0.146069 6.22735e-08 0
68977.9 9 0.207231 4.00271e-08 0
68977.9 9 0.294005 2.15098e-07 0
68977.9 9 0.417112 6.2926e-07 0
68977.9 9 0.591769 1.06101e-06 0
68977.9 9 0.839558 9.09405e-07 0
68977.9 9 1.1911 -2.81955e-08 0
68977.9 9 1.68985 -2.19414e-07 0
68977.9 9 2.39743 1.12226e-06 0
68977.9 9 3.4013 7.73889e-07 0
68977.9 9 4.82552 -2.69289e-07 0
68977.9 9 6.8461 7.24692e-07 0
68977.9 9 9.71274 7.12154e-07 0
68977.9 9 13.7797 3.92758e-07 0
68977.9 9 19.5497 7.71185e-07 0
68977.9 9 27.7356 5.65196e-07 0
68977.9 9 39.3493 4.52734e-07 0
68977.9 9 55.8259 4.8225e-07 0
68977.9 9 79.2016 4.49291e-07 0
68977.9 9 112.365 4.30036e-07 0
68977.9 9 159.416 4.57241e-07 0
68977.9 9 226.168 4.52943e-07 0
68977.9 9 320.87 4.22931e-07 0
68977.9 9 455.227 4.32153e-07 0
68977.9 9 645.842 4.53372e-07 0
68977.9 9 916.274 4.14001e-07 0
68977.9 9 1299.94 3.92709e-07 0
68977.9 9 1844.26 3.89545e-07 0
68977.9 9 2616.5 3.87361e-07 0
68977.9 9 3712.11 3.52074e-07 0
68977.9 9 5266.46 3.14539e-07 0
68977.9 9 7471.67 2.79785e-07 0
68977.9 9 10600.3 2.45759e-07 0
68977.9 9 15038.9 2.11141e-07 0
68977.9 9 21336 1.75753e-07 0
68977.9 9 30270 1.40623e-07 0
68977.9 9 42944.9 1.07582e-07 0
68977.9 9 60927 7.85226e-08 0
68977.9 9 86438.8 5.47462e-08 0
68977.9 9 122633 3.66746e-08 0
68977.9 9 173983 2.37276e-08 0
68977.9 9 246834 1.46578e-08 0
68977.9 9 350190 8.48571e-09 0
68977.9 9 496824 4.56003e-09 0
68977.9 9 704857 2.09572e-09 0
68977.9 9 1e+06 6.53608e-10 0

168192 9 1e-06 3.51616e-07 0
168192 9 1.41873e-06 3.51614e-07 0
168192 9 2.01279e-06 3.51611e-07 0
168192 9 2.85559e-06 3.51608e-07 0
168192 9 4.0513e-06 3.51604e-07 0
168192 9 5.74769e-06 3.51597e-07 0
168192 9 8.15441e-06 3.51588e-07 0
168192 9 1.15689e-05 3.51575e-07 0
168192 9 1.64131e-05 3.51556e-07 0
168192 9 2.32857e-05 3.5153e-07 0
168192 9 3.3036e-05 3.51493e-07 0
168192 9 4.6869e-05 3.51441e-07 0
168192 9 6.64944e-05 3.51366e-07 0
168192 9 9.43373e-05 3.51261e-07 0
168192 9 0.000133839 3.51112e-07 0
168192 9 0.000189881 3.50901e-07 0
168192 9 0.000269389 3.50602e-07 0
168192 9 0.000382189 3.50175e-07 0
168192 9 0.000542222 3.49569e-07 0
168192 9 0.000769265 3.48715e-07 0
168192 9 0.00109138 3.4751e-07 0
168192 9 0.00154837 3.45794e-07 0
168192 9 0.00219671 3.43358e-07 0
168192 9 0.00311653 3.39939e-07 0
168192 9 0.0044215 3.35132e-07 0
168192 9 0.0062729 3.2834e-07 0
168192 9 0.00889953 3.18825e-07 0
168192 9 0.012626 3.05645e-07 0
168192 9 0.0179128 2.87365e-07 0
168192 9 0.0254134 2.62381e-07 0
168192 9 0.0360547 2.29297e-07 0
168192 9 0.0511518 1.86442e-07 0
168192 9 0.0725704 1.34104e-07 0
168192 9 0.102958 7.80226e-08 0
168192 9 0.146069 3.11353e-08 0
168192 9 0.207231 2.19584e-08 0
168192 9 0.294005 9.42532e-08 0
168192 9 0.417112 2.6527e-07 0
168192 9 0.591769 4.43556e-07 0
168192 9 0.839558 3.80987e-07 0
168192 9 1.1911 -6.13737e-09 0
168192 9 1.68985 -8.51102e-08 0
168192 9 2.39743 4.68976e-07 0
168192 9 3.4013 3.25303e-07 0
168192 9 4.82552 -1.05425e-07 0
168192 9 6.8461 3.04977e-07 0
168192 9 9.71274 3.00183e-07 0
168192 9 13.7797 1.68663e-07 0
168192 9 19.5497 3.25055e-07 0
168192 9 27.7356 2.4022e-07 0
168192 9 39.3493 1.94229e-07 0
168192 9 55.8259 2.06687e-07 0
168192 9 79.2016 1.93377e-07 0
168192 9 112.365 1.85757e-07 0
168192 9 159.416 1.97486e-07 0
168192 9 226.168 1.96323e-07 0
168192 9 320.87 1.84651e-07 0
168192 9 455.227 1.89559e-07 0
168192 9 645.842 1.99868e-07 0
168192 9 916.274 1.85101e-07 0
168192 9 1299.94 1.78493e-07 0
168192 9 1844.26 1.80104e-07 0
168192 9 2616.5 1.82847e-07 0
168192 9 3712.11 1.71448e-07 0
168192 9 5266.46 1.59422e-07 0
168192 9 7471.67 1.48524e-07 0
168192 9 10600.3 1.37286e-07 0
168192 9 15038.9 1.24612e-07 0
168192 9 21336 1.09935e-07 0
168192 9 30270 9.33659e-08 0
168192 9 42944.9 7.57573e-08 0
168192 9 60927 5.84697e-08 0
168192 9 86438.8 4.29172e-08 0
168192 9 122633 3.01145e-08 0
168192 9 173983 2.02966e-08 0
168192 9 246834 1.29747e-08 0
168192 9 350190 7.71554e-09 0
168192 9 496824 4.23325e-09 0
168192 9 704857 1.9746e-09 0
168192 9 1e+06 6.19663e-10 0

410113 9 1e-06 1.36408e-07 0
410113 9 1.41873e-06 1.36407e-07 0
410113 9 2.01279e-06 1.36406e-07 0
410113 9 2.85559e-06 1.36405e-07 0
410113 9 4.0513e-06 1.36403e-07 0
410113 9 5.74769e-06 1.364e-07 0
410113 9 8.15441e-06 1.36396e-07 0
410113 9 1.15689e-05 1.36391e-07 0
410113 9 1.64131e-05 1.36383e-07 0
410113 9 2.32857e-05 1.36372e-07 0
410113 9 3.3036e-05 1.36357e-07 0
410113 9 4.6869e-05 1.36335e-07 0
410113 9 6.64944e-05 1.36305e-07 0
410113 9 9.43373e-05 1.36261e-07 0
410113 9 0.000133839 1.362e-07 0
410113 9 0.000189881 1.36113e-07 0
410113 9 0.000269389 1.35989e-07 0
410113 9 0.000382189 1.35813e-07 0
410113 9 0.000542222 1.35563e-07 0
410113 9 0.000769265 1.35211e-07 0
410113 9 0.00109138 1.34714e-07 0
410113 9 0.00154837 1.34006e-07 0
410113 9 0.00219671 1.33e-07 0
410113 9 0.00311653 1.3159e-07 0
410113 9 0.0044215 1.29606e-07 0
410113 9 0.0062729 1.26804e-07 0
410113 9 0.00889953 1.22878e-07 0
410113 9 0.012626 1.1744e-07 0
410113 9 0.0179128 1.09897e-07 0
410113 9 0.0254134 9.95885e-08 0
410113 9 0.0360547 8.59376e-08 0
410113 9 0.0511518 6.82551e-08 0
410113 9 0.0725704 4.666e-08 0
410113 9 0.102958 2.35206e-08 0
410113 9 0.146069 4.17492e-09 0
410113 9 0.207231 3.8975e-10 0
410113 9 0.294005 3.0222e-08 0
410113 9 0.417112 1.0079e-07 0
410113 9 0.591769 1.74359e-07 0
410113 9 0.839558 1.48546e-07 0
410113 9 1.1911 -1.11906e-08 0
410113 9 1.68985 -4.37801e-08 0
410113 9 2.39743 1.8487e-07 0
410113 9 3.4013 1.25616e-07 0
410113 9 4.82552 -5.21141e-08 0
410113 9 6.8461 1.17228e-07 0
410113 9 9.71274 1.15316e-07 0
410113 9 13.7797 6.11091e-08 0
410113 9 19.5497 1.25666e-07 0
410113 9 27.7356 9.0701e-08 0
410113 9 39.3493 7.18037e-08 0
410113 9 55.8259 7.69964e-08 0
410113 9 79.2016 7.15643e-08 0
410113 9 112.365 6.84891e-08 0
410113 9 159.416 7.34316e-08 0
410113 9 226.168 7.3083e-08 0
410113 9 320.87 6.8429e-08 0
410113 9 455.227 7.07002e-08 0
410113 9 645.842 7.53039e-08 0
410113 9 916.274 6.9593e-08 0
410113 9 1299.94 6.74342e-08 0
410113 9 1844.26 6.88883e-08 0
410113 9 2616.5 7.10754e-08 0
410113 9 3712.11 6.75443e-08 0
410113 9 5266.46 6.40992e-08 0
410113 9 7471.67 6.14744e-08 0
410113 9 10600.3 5.89729e-08 0
410113 9 15038.9 5.60004e-08 0
410113 9 21336 5.21031e-08 0
410113 9 30270 4.70335e-08 0
410113 9 42944.9 4.08363e-08 0
410113 9 60927 3.38805e-08 0
410113 9 86438.8 2.67852e-08 0
410113 9 122633 2.0232e-08 0
410113 9 173983 1.46344e-08 0
410113 9 246834 9.96416e-09 0
410113 9 350190 6.24284e-09 0
410113 9 496824 3.57408e-09 0
410113 9 704857 1.72038e-09 0
410113 9 1e+06 5.46563e-10 0

1e+06 9 1e-06 4.88507e-08 0
1e+06 9 1.41873e-06 4.88502e-08 0
1e+06 9 2.01279e-06 4.88498e-08 0
1e+06 9 2.85559e-06 4.88493e-08 0
1e+06 9 4.0513e-06 4.88485e-08 0
1e+06 9 5.74769e-06 4.88473e-08 0
1e+06 9 8.15441e-06 4.88458e-08 0
1e+06 9 1.15689e-05 4.88435e-08 0
1e+06 9 1.64131e-05 4.88404e-08 0
1e+06 9 2.32857e-05 4.8836e-08 0
1e+06 9 3.3036e-05 4.88297e-08 0
1e+06 9 4.6869e-05 4.88207e-08 0
1e+06 9 6.64944e-05 4.88081e-08 0
1e+06 9 9.43373e-05 4.87902e-08 0
1e+06 9 0.000133839 4.87648e-08 0
1e+06 9 0.000189881 4.8729e-08 0
1e+06 9 0.000269389 4.86781e-08 0
1e+06 9 0.000382189 4.86055e-08 0
1e+06 9 0.000542222 4.85024e-08 0
1e+06 9 0.000769265 4.83571e-08 0
1e+06 9 0.00109138 4.81521e-08 0
1e+06 9 0.00154837 4.78604e-08 0
1e+06 9 0.00219671 4.74459e-08 0
1e+06 9 0.00311653 4.68644e-08 0
1e+06 9 0.0044215 4.60469e-08 0
1e+06 9 0.0062729 4.48916e-08 0
1e+06 9 0.00889953 4.32732e-08 0
1e+06 9 0.012626 4.10316e-08 0
1e+06 9 0.0179128 3.79223e-08 0
1e+06 9 0.0254134 3.36729e-08 0
1e+06 9 0.0360547 2.80457e-08 0
1e+06 9 0.0511518 2.07567e-08 0
1e+06 9 0.0725704 1.18548e-08 0
1e+06 9 0.102958 2.31631e-09 0
1e+06 9 0.146069 -5.65823e-09 0
1e+06 9 0.207231 -7.21833e-09 0
1e+06 9 0.294005 5.07957e-09 0
1e+06 9 0.417112 3.41699e-08 0
1e+06 9 0.591769 6.44976e-08 0
1e+06 9 0.839558 5.38576e-08 0
1e+06 9 1.1911 -1.19899e-08 0
1e+06 9 1.68985 -2.54246e-08 0
1e+06 9 2.39743 6.88344e-08 0
1e+06 9 3.4013 4.44131e-08 0
1e+06 9 4.82552 -2.88517e-08 0
1e+06 9 6.8461 4.09554e-08 0
1e+06 9 9.71274 4.01785e-08 0
1e+06 9 13.7797 1.78437e-08 0
1e+06 9 19.5497 4.44606e-08 0
1e+06 9 27.7356 3.00541e-08 0
1e+06 9 39.3493 2.22783e-08 0
1e+06 9 55.8259 2.44286e-08 0
1e+06 9 79.2016 2.22007e-08 0
1e+06 9 112.365 2.09465e-08 0
1e+06 9 159.416 2.30039e-08 0
1e+06 9 226.168 2.28861e-08 0
1e+06 9 320.87 2.10005e-08 0
1e+06 9 455.227 2.19862e-08 0
1e+06 9 645.842 2.39547e-08 0
1e+06 9 916.274 2.16823e-08 0
1e+06 9 1299.94 2.09141e-08 0
1e+06 9 1844.26 2.16856e-08 0
1e+06 9 2616.5 2.28241e-08 0
1e+06 9 3712.11 2.16556e-08 0
1e+06 9 5266.46 2.06302e-08 0
1e+06 9 7471.67 2.00763e-08 0
1e+06 9 10600.3 1.97196e-08 0
1e+06 9 15038.9 1.93224e-08 0
1e+06 9 21336 1.86891e-08 0
1e+06 9 30270 1.7681e-08 0
1e+06 9 42944.9 1.6239e-08 0
1e+06 9 60927 1.4399e-08 0
1e+06 9 86438.8 1.22914e-08 0
1e+06 9 122633 1.01167e-08 0
1e+06 9 173983 8.02384e-09 0
1e+06 9 246834 5.97788e-09 0
1e+06 9 350190 4.06196e-09 0
1e+06 9 496824 2.49952e-09 0
1e+06 9 704857 1.27324e-09 0
1e+06 9 1e+06 4.11182e-10 0

