#q_sq i k_sq Re(fg) Im(fg)
1e-06 10 1e-06 0.574011 0
1e-06 10 1.41873e-06 0.574011 0
1e-06 10 2.01279e-06 0.574011 0
1e-06 10 2.85559e-06 0.574011 0
1e-06 10 4.0513e-06 0.574011 0
1e-06 10 5.74769e-06 0.574011 0
1e-06 10 8.15441e-06 0.57401 0
1e-06 10 1.15689e-05 0.57401 0
1e-06 10 1.64131e-05 0.57401 0
1e-06 10 2.32857e-05 0.574009 0
1e-06 10 3.3036e-05 0.574008 0
1e-06 10 4.6869e-05 0.574007 0
1e-06 10 6.64944e-05 0.574005 0
1e-06 10 9.43373e-05 0.574003 0
1e-06 10 0.000133839 0.574 0
1e-06 10 0.000189881 0.573995 0
1e-06 10 0.000269389 0.573988 0
1e-06 10 0.000382189 0.573978 0
1e-06 10 0.000542222 0.573964 0
1e-06 10 0.000769265 0.573944 0
1e-06 10 0.00109138 0.573915 0
1e-06 10 0.00154837 0.573874 0
1e-06 10 0.00219671 0.573813 0
1e-06 10 0.00311653 0.573723 0
1e-06 10 0.0044215 0.573589 0
1e-06 10 0.0062729 0.573386 0
1e-06 10 0.00889953 0.57307 0
1e-06 10 0.012626 0.57257 0
1e-06 10 0.0179128 0.571757 0
1e-06 10 0.0254134 0.570402 0
1e-06 10 0.0360547 0.568098 0
1e-06 10 0.0511518 0.56412 0
1e-06 10 0.0725704 0.557201 0
1e-06 10 0.102958 0.54522 0
1e-06 10 0.146069 0.524847 0
1e-06 10 0.207231 0.491417 0
1e-06 10 0.294005 0.439638 0
1e-06 10 0.417112 0.366064 0
1e-06 10 0.591769 0.273634 0
1e-06 10 0.839558 0.175756 0
1e-06 10 1.1911 0.0931364 0
1e-06 10 1.68985 0.0400329 0
1e-06 10 2.39743 0.0143216 0
1e-06 10 3.4013 0.00479199 0
1e-06 10 4.82552 0.0017063 0
1e-06 10 6.8461 0.000747471 0
1e-06 10 9.71274 0.000337189 0
1e-06 10 13.7797 0.000149835 0
1e-06 10 19.5497 8.76441e-05 0
1e-06 10 27.7356 4.21815e-05 0
1e-06 10 39.3493 2.22307e-05 0
1e-06 10 55.8259 1.31515e-05 0
1e-06 10 79.2016 7.85807e-06 0
1e-06 10 112.365 4.88059e-06 0
1e-06 10 159.416 3.13198e-06 0
1e-06 10 226.168 2.01215e-06 0
1e-06 10 320.87 1.28881e-06 0
1e-06 10 455.227 8.42652e-07 0
1e-06 10 645.842 5.60911e-07 0
1e-06 10 916.274 3.6601e-07 0
1e-06 10 1299.94 2.40051e-07 0
1e-06 10 1844.26 1.59587e-07 0
1e-06 10 2616.5 1.07033e-07 0
1e-06 10 3712.11 7.06994e-08 0
1e-06 10 5266.46 4.64421e-08 0
1e-06 10 7471.67 3.04646e-08 0
1e-06 10 10600.3 1.99006e-08 0
1e-06 10 15038.9 1.28969e-08 0
1e-06 10 21336 8.2613e-09 0
1e-06 10 30270 5.21244e-09 0
1e-06 10 42944.9 3.22909e-09 0
1e-06 10 60927 1.95865e-09 0
1e-06 10 86438.8 1.16099e-09 0
1e-06 10 122633 6.72834e-10 0
1e-06 10 173983 3.82907e-10 0
1e-06 10 246834 2.13549e-10 0
1e-06 10 350190 1.14967e-10 0
1e-06 10 496824 5.95784e-11 0
1e-06 10 704857 2.85884e-11 0
1e-06 10 1e+06 1.09705e-11 0

2.43835e-06 10 1e-06 0.574011 0
2.43835e-06 10 1.41873e-06 0.574011 0
2.43835e-06 10 2.01279e-06 0.574011 0
2.43835e-06 10 2.85559e-06 0.574011 0
2.43835e-06 10 4.0513e-06 0.574011 0
2.43835e-06 10 5.74769e-06 0.574011 0
2.43835e-06 10 8.15441e-06 0.574011 0
2.43835e-06 10 1.15689e-05 0.57401 0
2.43835e-06 10 1.64131e-05 0.57401 0
2.43835e-06 10 2.32857e-05 0.574009 0
2.43835e-06 10 3.3036e-05 0.574009 0
2.43835e-06 10 4.6869e-05 0.574007 0
2.43835e-06 10 6.64944e-05 0.574006 0
2.43835e-06 10 9.43373e-05 0.574003 0
2.43835e-06 10 0.000133839 0.574 0
2.43835e-06 10 0.000189881 0.573995 0
2.43835e-06 10 0.000269389 0.573988 0
2.43835e-06 10 0.000382189 0.573979 0
2.43835e-06 10 0.000542222 0.573965 0
2.43835e-06 10 0.000769265 0.573945 0
2.43835e-06 10 0.00109138 0.573916 0
2.43835e-06 10 0.00154837 0.573874 0
2.43835e-06 10 0.00219671 0.573813 0
2.43835e-06 10 0.00311653 0.573724 0
2.43835e-06 10 0.0044215 0.57359 0
2.43835e-06 10 0.0062729 0.573386 0
2.43835e-06 10 0.00889953 0.573071 0
2.43835e-06 10 0.012626 0.57257 0
2.43835e-06 10 0.0179128 0.571757 0
2.43835e-06 10 0.0254134 0.570402 0
2.43835e-06 10 0.0360547 0.568099 0
2.43835e-06 10 0.0511518 0.56412 0
2.43835e-06 10 0.0725704 0.557202 0
2.43835e-06 10 0.102958 0.545221 0
2.43835e-06 10 0.146069 0.524847 0
2.43835e-06 10 0.207231 0.491417 0
2.43835e-06 10 0.294005 0.439638 0
2.43835e-06 10 0.417112 0.366064 0
2.43835e-06 10 0.591769 0.273634 0
2.43835e-06 10 0.839558 0.175756 0
2.43835e-06 10 1.1911 0.0931364 0
2.43835e-06 10 1.68985 0.0400329 0
2.43835e-06 10 2.39743 0.0143216 0
2.43835e-06 10 3.4013 0.00479199 0
2.43835e-06 10 4.82552 0.0017063 0
2.43835e-06 10 6.8461 0.000747472 0
2.43835e-06 10 9.71274 0.000337189 0
2.43835e-06 10 13.7797 0.000149835 0
2.43835e-06 10 19.5497 8.76442e-05 0
2.43835e-06 10 27.7356 4.21815e-05 0
2.43835e-06 10 39.3493 2.22307e-05 0
2.43835e-06 10 55.8259 1.31515e-05 0
2.43835e-06 10 79.2016 7.85807e-06 0
2.43835e-06 10 112.365 4.88059e-06 0
2.43835e-06 10 159.416 3.13198e-06 0
2.43835e-06 10 226.168 2.01215e-06 0
2.43835e-06 10 320.87 1.28881e-06 0
2.43835e-06 10 455.227 8.42652e-07 0
2.43835e-06 10 645.842 5.60911e-07 0
2.43835e-06 10 916.274 3.6601e-07 0
2.43835e-06 10 1299.94 2.40051e-07 0
2.43835e-06 10 1844.26 1.59587e-07 0
2.43835e-06 10 2616.5 1.07033e-07 0
2.43835e-06 10 3712.11 7.06994e-08 0
2.43835e-06 10 5266.46 4.64421e-08 0
2.43835e-06 10 7471.67 3.04646e-08 0
2.43835e-06 10 10600.3 1.99006e-08 0
2.43835e-06 10 15038.9 1.28969e-08 0
2.43835e-06 10 21336 8.2613e-09 0
2.43835e-06 10 30270 5.21244e-09 0
2.43835e-06 10 42944.9 3.22909e-09 0
2.43835e-06 10 60927 1.95865e-09 0
2.43835e-06 10 86438.8 1.16099e-09 0
2.43835e-06 10 122633 6.72834e-10 0
2.43835e-06 10 173983 3.82907e-10 0
2.43835e-06 10 246834 2.13549e-10 0
2.43835e-06 10 350190 1.14967e-10 0
2.43835e-06 10 496824 5.95784e-11 0
2.43835e-06 10 704857 2.85884e-11 0
2.43835e-06 10 1e+06 1.09705e-11 0

5.94557e-06 10 1e-06 0.574012 0
5.94557e-06 10 1.41873e-06 0.574012 0
5.94557e-06 10 2.01279e-06 0.574012 0
5.94557e-06 10 2.85559e-06 0.574012 0
5.94557e-06 10 4.0513e-06 0.574012 0
5.94557e-06 10 5.74769e-06 0.574012 0
5.94557e-06 10 8.15441e-06 0.574012 0
5.94557e-06 10 1.15689e-05 0.574011 0
5.94557e-06 10 1.64131e-05 0.574011 0
5.94557e-06 10 2.32857e-05 0.57401 0
5.94557e-06 10 3.3036e-05 0.574009 0
5.94557e-06 10 4.6869e-05 0.574008 0
5.94557e-06 10 6.64944e-05 0.574007 0
5.94557e-06 10 9.43373e-05 0.574004 0
5.94557e-06 10 0.000133839 0.574001 0
5.94557e-06 10 0.000189881 0.573996 0
5.94557e-06 10 0.000269389 0.573989 0
5.94557e-06 10 0.000382189 0.573979 0
5.94557e-06 10 0.000542222 0.573966 0
5.94557e-06 10 0.000769265 0.573946 0
5.94557e-06 10 0.00109138 0.573917 0
5.94557e-06 10 0.00154837 0.573875 0
5.94557e-06 10 0.00219671 0.573814 0
5.94557e-06 10 0.00311653 0.573725 0
5.94557e-06 10 0.0044215 0.573591 0
5.94557e-06 10 0.0062729 0.573387 0
5.94557e-06 10 0.00889953 0.573072 0
5.94557e-06 10 0.012626 0.572571 0
5.94557e-06 10 0.0179128 0.571758 0
5.94557e-06 10 0.0254134 0.570403 0
5.94557e-06 10 0.0360547 0.568099 0
5.94557e-06 10 0.0511518 0.564121 0
5.94557e-06 10 0.0725704 0.557202 0
5.94557e-06 10 0.102958 0.545221 0
5.94557e-06 10 0.146069 0.524848 0
5.94557e-06 10 0.207231 0.491417 0
5.94557e-06 10 0.294005 0.439639 0
5.94557e-06 10 0.417112 0.366064 0
5.94557e-06 10 0.591769 0.273634 0
5.94557e-06 10 0.839558 0.175756 0
5.94557e-06 10 1.1911 0.0931364 0
5.94557e-06 10 1.68985 0.0400329 0
5.94557e-06 10 2.39743 0.0143216 0
5.94557e-06 10 3.4013 0.00479199 0
5.94557e-06 10 4.82552 0.0017063 0
5.94557e-06 10 6.8461 0.000747472 0
5.94557e-06 10 9.71274 0.000337189 0
5.94557e-06 10 13.7797 0.000149835 0
5.94557e-06 10 19.5497 8.76442e-05 0
5.94557e-06 10 27.7356 4.21815e-05 0
5.94557e-06 10 39.3493 2.22307e-05 0
5.94557e-06 10 55.8259 1.31515e-05 0
5.94557e-06 10 79.2016 7.85807e-06 0
5.94557e-06 10 112.365 4.88059e-06 0
5.94557e-06 10 159.416 3.13198e-06 0
5.94557e-06 10 226.168 2.01215e-06 0
5.94557e-06 10 320.87 1.28881e-06 0
5.94557e-06 10 455.227 8.42652e-07 0
5.94557e-06 10 645.842 5.60911e-07 0
5.94557e-06 10 916.274 3.6601e-07 0
5.94557e-06 10 1299.94 2.40051e-07 0
5.94557e-06 10 1844.26 1.59587e-07 0
5.94557e-06 10 2616.5 1.07033e-07 0
5.94557e-06 10 3712.11 7.06994e-08 0
5.94557e-06 10 5266.46 4.64421e-08 0
5.94557e-06 10 7471.67 3.04646e-08 0
5.94557e-06 10 10600.3 1.99006e-08 0
5.94557e-06 10 15038.9 1.28969e-08 0
5.94557e-06 10 21336 8.2613e-09 0
5.94557e-06 10 30270 5.21244e-09 0
5.94557e-06 10 42944.9 3.22909e-09 0
5.94557e-06 10 60927 1.95865e-09 0
5.94557e-06 10 86438.8 1.16099e-09 0
5.94557e-06 10 122633 6.72834e-10 0
5.94557e-06 10 173983 3.82907e-10 0
5.94557e-06 10 246834 2.13549e-10 0
5.94557e-06 10 350190 1.14967e-10 0
5.94557e-06 10 496824 5.95784e-11 0
5.94557e-06 10 704857 2.85884e-11 0
5.94557e-06 10 1e+06 1.09705e-11 0

1.44974e-05 10 1e-06 0.574014 0
1.44974e-05 10 1.41873e-06 0.574014 0
1.44974e-05 10 2.01279e-06 0.574014 0
1.44974e-05 10 2.85559e-06 0.574014 0
1.44974e-05 10 4.0513e-06 0.574014 0
1.44974e-05 10 5.74769e-06 0.574014 0
1.44974e-05 10 8.15441e-06 0.574014 0
1.44974e-05 10 1.15689e-05 0.574013 0
1.44974e-05 10 1.64131e-05 0.574013 0
1.44974e-05 10 2.32857e-05 0.574012 0
1.44974e-05 10 3.3036e-05 0.574012 0
1.44974e-05 10 4.6869e-05 0.57401 0
1.44974e-05 10 6.64944e-05 0.574009 0
1.44974e-05 10 9.43373e-05 0.574006 0
1.44974e-05 10 0.000133839 0.574003 0
1.44974e-05 10 0.000189881 0.573998 0
1.44974e-05 10 0.000269389 0.573991 0
1.44974e-05 10 0.000382189 0.573982 0
1.44974e-05 10 0.000542222 0.573968 0
1.44974e-05 10 0.000769265 0.573948 0
1.44974e-05 10 0.00109138 0.573919 0
1.44974e-05 10 0.00154837 0.573877 0
1.44974e-05 10 0.00219671 0.573816 0
1.44974e-05 10 0.00311653 0.573727 0
1.44974e-05 10 0.0044215 0.573593 0
1.44974e-05 10 0.0062729 0.573389 0
1.44974e-05 10 0.00889953 0.573074 0
1.44974e-05 10 0.012626 0.572573 0
1.44974e-05 10 0.0179128 0.57176 0
1.44974e-05 10 0.0254134 0.570405 0
1.44974e-05 10 0.0360547 0.568101 0
1.44974e-05 10 0.0511518 0.564122 0
1.44974e-05 10 0.0725704 0.557204 0
1.44974e-05 10 0.102958 0.545222 0
1.44974e-05 10 0.146069 0.524849 0
1.44974e-05 10 0.207231 0.491418 0
1.44974e-05 10 0.294005 0.439639 0
1.44974e-05 10 0.417112 0.366064 0
1.44974e-05 10 0.591769 0.273634 0
1.44974e-05 10 0.839558 0.175756 0
1.44974e-05 10 1.1911 0.0931365 0
1.44974e-05 10 1.68985 0.0400329 0
1.44974e-05 10 2.39743 0.0143216 0
1.44974e-05 10 3.4013 0.00479199 0
1.44974e-05 10 4.82552 0.0017063 0
1.44974e-05 10 6.8461 0.000747472 0
1.44974e-05 10 9.71274 0.000337189 0
1.44974e-05 10 13.7797 0.000149835 0
1.44974e-05 10 19.5497 8.76442e-05 0
1.44974e-05 10 27.7356 4.21816e-05 0
1.44974e-05 10 39.3493 2.22307e-05 0
1.44974e-05 10 55.8259 1.31515e-05 0
1.44974e-05 10 79.2016 7.85808e-06 0
1.44974e-05 10 112.365 4.88059e-06 0
1.44974e-05 10 159.416 3.13198e-06 0
1.44974e-05 10 226.168 2.01215e-06 0
1.44974e-05 10 320.87 1.28881e-06 0
1.44974e-05 10 455.227 8.42652e-07 0
1.44974e-05 10 645.842 5.60911e-07 0
1.44974e-05 10 916.274 3.6601e-07 0
1.44974e-05 10 1299.94 2.40051e-07 0
1.44974e-05 10 1844.26 1.59587e-07 0
1.44974e-05 10 2616.5 1.07033e-07 0
1.44974e-05 10 3712.11 7.06994e-08 0
1.44974e-05 10 5266.46 4.64421e-08 0
1.44974e-05 10 7471.67 3.04646e-08 0
1.44974e-05 10 10600.3 1.99006e-08 0
1.44974e-05 10 15038.9 1.28969e-08 0
1.44974e-05 10 21336 8.2613e-09 0
1.44974e-05 10 30270 5.21244e-09 0
1.44974e-05 10 42944.9 3.22909e-09 0
1.44974e-05 10 60927 1.95865e-09 0
1.44974e-05 10 86438.8 1.16099e-09 0
1.44974e-05 10 122633 6.72834e-10 0
1.44974e-05 10 173983 3.82907e-10 0
1.44974e-05 10 246834 2.13549e-10 0
1.44974e-05 10 350190 1.14967e-10 0
1.44974e-05 10 496824 5.95784e-11 0
1.44974e-05 10 704857 2.85884e-11 0
1.44974e-05 10 1e+06 1.09705e-11 0

3.53498e-05 10 1e-06 0.574019 0
3.53498e-05 10 1.41873e-06 0.574019 0
3.53498e-05 10 2.01279e-06 0.574019 0
3.53498e-05 10 2.85559e-06 0.574019 0
3.53498e-05 10 4.0513e-06 0.574019 0
3.53498e-05 10 5.74769e-06 0.574019 0
3.53498e-05 10 8.15441e-06 0.574019 0
3.53498e-05 10 1.15689e-05 0.574018 0
3.53498e-05 10 1.64131e-05 0.574018 0
3.53498e-05 10 2.32857e-05 0.574017 0
3.53498e-05 10 3.3036e-05 0.574017 0
3.53498e-05 10 4.6869e-05 0.574015 0
3.53498e-05 10 6.64944e-05 0.574014 0
3.53498e-05 10 9.43373e-05 0.574011 0
3.53498e-05 10 0.000133839 0.574008 0
3.53498e-05 10 0.000189881 0.574003 0
3.53498e-05 10 0.000269389 0.573996 0
3.53498e-05 10 0.000382189 0.573987 0
3.53498e-05 10 0.000542222 0.573973 0
3.53498e-05 10 0.000769265 0.573953 0
3.53498e-05 10 0.00109138 0.573924 0
3.53498e-05 10 0.00154837 0.573882 0
3.53498e-05 10 0.00219671 0.573821 0
3.53498e-05 10 0.00311653 0.573732 0
3.53498e-05 10 0.0044215 0.573598 0
3.53498e-05 10 0.0062729 0.573394 0
3.53498e-05 10 0.00889953 0.573078 0
3.53498e-05 10 0.012626 0.572578 0
3.53498e-05 10 0.0179128 0.571764 0
3.53498e-05 10 0.0254134 0.570409 0
3.53498e-05 10 0.0360547 0.568105 0
3.53498e-05 10 0.0511518 0.564126 0
3.53498e-05 10 0.0725704 0.557207 0
3.53498e-05 10 0.102958 0.545225 0
3.53498e-05 10 0.146069 0.524851 0
3.53498e-05 10 0.207231 0.491419 0
3.53498e-05 10 0.294005 0.43964 0
3.53498e-05 10 0.417112 0.366065 0
3.53498e-05 10 0.591769 0.273635 0
3.53498e-05 10 0.839558 0.175757 0
3.53498e-05 10 1.1911 0.0931366 0
3.53498e-05 10 1.68985 0.040033 0
3.53498e-05 10 2.39743 0.0143216 0
3.53498e-05 10 3.4013 0.00479199 0
3.53498e-05 10 4.82552 0.0017063 0
3.53498e-05 10 6.8461 0.000747473 0
3.53498e-05 10 9.71274 0.000337189 0
3.53498e-05 10 13.7797 0.000149836 0
3.53498e-05 10 19.5497 8.76443e-05 0
3.53498e-05 10 27.7356 4.21816e-05 0
3.53498e-05 10 39.3493 2.22307e-05 0
3.53498e-05 10 55.8259 1.31515e-05 0
3.53498e-05 10 79.2016 7.85808e-06 0
3.53498e-05 10 112.365 4.88059e-06 0
3.53498e-05 10 159.416 3.13198e-06 0
3.53498e-05 10 226.168 2.01215e-06 0
3.53498e-05 10 320.87 1.28881e-06 0
3.53498e-05 10 455.227 8.42652e-07 0
3.53498e-05 10 645.842 5.60911e-07 0
3.53498e-05 10 916.274 3.6601e-07 0
3.53498e-05 10 1299.94 2.40051e-07 0
3.53498e-05 10 1844.26 1.59587e-07 0
3.53498e-05 10 2616.5 1.07033e-07 0
3.53498e-05 10 3712.11 7.06994e-08 0
3.53498e-05 10 5266.46 4.64421e-08 0
3.53498e-05 10 7471.67 3.04646e-08 0
3.53498e-05 10 10600.3 1.99006e-08 0
3.53498e-05 10 15038.9 1.28969e-08 0
3.53498e-05 10 21336 8.2613e-09 0
3.53498e-05 10 30270 5.21244e-09 0
3.53498e-05 10 42944.9 3.22909e-09 0
3.53498e-05 10 60927 1.95865e-09 0
3.53498e-05 10 86438.8 1.16099e-09 0
3.53498e-05 10 122633 6.72834e-10 0
3.53498e-05 10 173983 3.82907e-10 0
3.53498e-05 10 246834 2.13549e-10 0
3.53498e-05 10 350190 1.14967e-10 0
3.53498e-05 10 496824 5.95784e-11 0
3.53498e-05 10 704857 2.85884e-11 0
3.53498e-05 10 1e+06 1.09705e-11 0

8.61954e-05 10 1e-06 0.574031 0
8.61954e-05 10 1.41873e-06 0.574031 0
8.61954e-05 10 2.01279e-06 0.574031 0
8.61954e-05 10 2.85559e-06 0.574031 0
8.61954e-05 10 4.0513e-06 0.574031 0
8.61954e-05 10 5.74769e-06 0.574031 0
8.61954e-05 10 8.15441e-06 0.57403 0
8.61954e-05 10 1.15689e-05 0.57403 0
8.61954e-05 10 1.64131e-05 0.57403 0
8.61954e-05 10 2.32857e-05 0.574029 0
8.61954e-05 10 3.3036e-05 0.574028 0
8.61954e-05 10 4.6869e-05 0.574027 0
8.61954e-05 10 6.64944e-05 0.574025 0
8.61954e-05 10 9.43373e-05 0.574023 0
8.61954e-05 10 0.000133839 0.57402 0
8.61954e-05 10 0.000189881 0.574015 0
8.61954e-05 10 0.000269389 0.574008 0
8.61954e-05 10 0.000382189 0.573998 0
8.61954e-05 10 0.000542222 0.573984 0
8.61954e-05 10 0.000769265 0.573964 0
8.61954e-05 10 0.00109138 0.573935 0
8.61954e-05 10 0.00154837 0.573894 0
8.61954e-05 10 0.00219671 0.573833 0
8.61954e-05 10 0.00311653 0.573743 0
8.61954e-05 10 0.0044215 0.573609 0
8.61954e-05 10 0.0062729 0.573405 0
8.61954e-05 10 0.00889953 0.57309 0
8.61954e-05 10 0.012626 0.572589 0
8.61954e-05 10 0.0179128 0.571775 0
8.61954e-05 10 0.0254134 0.57042 0
8.61954e-05 10 0.0360547 0.568115 0
8.61954e-05 10 0.0511518 0.564135 0
8.61954e-05 10 0.0725704 0.557215 0
8.61954e-05 10 0.102958 0.545232 0
8.61954e-05 10 0.146069 0.524856 0
8.61954e-05 10 0.207231 0.491423 0
8.61954e-05 10 0.294005 0.439643 0
8.61954e-05 10 0.417112 0.366067 0
8.61954e-05 10 0.591769 0.273636 0
8.61954e-05 10 0.839558 0.175757 0
8.61954e-05 10 1.1911 0.0931369 0
8.61954e-05 10 1.68985 0.0400331 0
8.61954e-05 10 2.39743 0.0143216 0
8.61954e-05 10 3.4013 0.004792 0
8.61954e-05 10 4.82552 0.00170631 0
8.61954e-05 10 6.8461 0.000747475 0
8.61954e-05 10 9.71274 0.00033719 0
8.61954e-05 10 13.7797 0.000149836 0
8.61954e-05 10 19.5497 8.76446e-05 0
8.61954e-05 10 27.7356 4.21818e-05 0
8.61954e-05 10 39.3493 2.22308e-05 0
8.61954e-05 10 55.8259 1.31516e-05 0
8.61954e-05 10 79.2016 7.8581e-06 0
8.61954e-05 10 112.365 4.8806e-06 0
8.61954e-05 10 159.416 3.13198e-06 0
8.61954e-05 10 226.168 2.01216e-06 0
8.61954e-05 10 320.87 1.28881e-06 0
8.61954e-05 10 455.227 8.42653e-07 0
8.61954e-05 10 645.842 5.60911e-07 0
8.61954e-05 10 916.274 3.6601e-07 0
8.61954e-05 10 1299.94 2.40051e-07 0
8.61954e-05 10 1844.26 1.59587e-07 0
8.61954e-05 10 2616.5 1.07033e-07 0
8.61954e-05 10 3712.11 7.06994e-08 0
8.61954e-05 10 5266.46 4.64421e-08 0
8.61954e-05 10 7471.67 3.04646e-08 0
8.61954e-05 10 10600.3 1.99006e-08 0
8.61954e-05 10 15038.9 1.28969e-08 0
8.61954e-05 10 21336 8.2613e-09 0
8.61954e-05 10 30270 5.21244e-09 0
8.61954e-05 10 42944.9 3.22909e-09 0
8.61954e-05 10 60927 1.95865e-09 0
8.61954e-05 10 86438.8 1.16099e-09 0
8.61954e-05 10 122633 6.72834e-10 0
8.61954e-05 10 173983 3.82907e-10 0
8.61954e-05 10 246834 2.13549e-10 0
8.61954e-05 10 350190 1.14967e-10 0
8.61954e-05 10 496824 5.95784e-11 0
8.61954e-05 10 704857 2.85884e-11 0
8.61954e-05 10 1e+06 1.09705e-11 0

0.000210175 10 1e-06 0.574059 0
0.000210175 10 1.41873e-06 0.574059 0
0.000210175 10 2.01279e-06 0.574059 0
0.000210175 10 2.85559e-06 0.574059 0
0.000210175 10 4.0513e-06 0.574059 0
0.000210175 10 5.74769e-06 0.574059 0
0.000210175 10 8.15441e-06 0.574059 0
0.000210175 10 1.15689e-05 0.574058 0
0.000210175 10 1.64131e-05 0.574058 0
0.000210175 10 2.32857e-05 0.574057 0
0.000210175 10 3.3036e-05 0.574056 0
0.000210175 10 4.6869e-05 0.574055 0
0.000210175 10 6.64944e-05 0.574054 0
0.000210175 10 9.43373e-05 0.574051 0
0.000210175 10 0.000133839 0.574048 0
0.000210175 10 0.000189881 0.574043 0
0.000210175 10 0.000269389 0.574036 0
0.000210175 10 0.000382189 0.574026 0
0.000210175 10 0.000542222 0.574012 0
0.000210175 10 0.000769265 0.573992 0
0.000210175 10 0.00109138 0.573963 0
0.000210175 10 0.00154837 0.573922 0
0.000210175 10 0.00219671 0.573861 0
0.000210175 10 0.00311653 0.573771 0
0.000210175 10 0.0044215 0.573637 0
0.000210175 10 0.0062729 0.573433 0
0.000210175 10 0.00889953 0.573117 0
0.000210175 10 0.012626 0.572615 0
0.000210175 10 0.0179128 0.571801 0
0.000210175 10 0.0254134 0.570445 0
0.000210175 10 0.0360547 0.568139 0
0.000210175 10 0.0511518 0.564157 0
0.000210175 10 0.0725704 0.557235 0
0.000210175 10 0.102958 0.545249 0
0.000210175 10 0.146069 0.524871 0
0.000210175 10 0.207231 0.491434 0
0.000210175 10 0.294005 0.439651 0
0.000210175 10 0.417112 0.366072 0
0.000210175 10 0.591769 0.273639 0
0.000210175 10 0.839558 0.175759 0
0.000210175 10 1.1911 0.0931377 0
0.000210175 10 1.68985 0.0400334 0
0.000210175 10 2.39743 0.0143217 0
0.000210175 10 3.4013 0.00479202 0
0.000210175 10 4.82552 0.00170632 0
0.000210175 10 6.8461 0.00074748 0
0.000210175 10 9.71274 0.000337193 0
0.000210175 10 13.7797 0.000149838 0
0.000210175 10 19.5497 8.76453e-05 0
0.000210175 10 27.7356 4.21821e-05 0
0.000210175 10 39.3493 2.2231e-05 0
0.000210175 10 55.8259 1.31516e-05 0
0.000210175 10 79.2016 7.85814e-06 0
0.000210175 10 112.365 4.88062e-06 0
0.000210175 10 159.416 3.13199e-06 0
0.000210175 10 226.168 2.01216e-06 0
0.000210175 10 320.87 1.28881e-06 0
0.000210175 10 455.227 8.42654e-07 0
0.000210175 10 645.842 5.60911e-07 0
0.000210175 10 916.274 3.6601e-07 0
0.000210175 10 1299.94 2.40051e-07 0
0.000210175 10 1844.26 1.59588e-07 0
0.000210175 10 2616.5 1.07033e-07 0
0.000210175 10 3712.11 7.06994e-08 0
0.000210175 10 5266.46 4.64421e-08 0
0.000210175 10 7471.67 3.04646e-08 0
0.000210175 10 10600.3 1.99006e-08 0
0.000210175 10 15038.9 1.28969e-08 0
0.000210175 10 21336 8.2613e-09 0
0.000210175 10 30270 5.21244e-09 0
0.000210175 10 42944.9 3.22909e-09 0
0.000210175 10 60927 1.95865e-09 0
0.000210175 10 86438.8 1.16099e-09 0
0.000210175 10 122633 6.72834e-10 0
0.000210175 10 173983 3.82907e-10 0
0.000210175 10 246834 2.13549e-10 0
0.000210175 10 350190 1.14967e-10 0
0.000210175 10 496824 5.95784e-11 0
0.000210175 10 704857 2.85884e-11 0
0.000210175 10 1e+06 1.09705e-11 0

0.000512481 10 1e-06 0.574131 0
0.000512481 10 1.41873e-06 0.574131 0
0.000512481 10 2.01279e-06 0.574131 0
0.000512481 10 2.85559e-06 0.574131 0
0.000512481 10 4.0513e-06 0.57413 0
0.000512481 10 5.74769e-06 0.57413 0
0.000512481 10 8.15441e-06 0.57413 0
0.000512481 10 1.15689e-05 0.57413 0
0.000512481 10 1.64131e-05 0.574129 0
0.000512481 10 2.32857e-05 0.574129 0
0.000512481 10 3.3036e-05 0.574128 0
0.000512481 10 4.6869e-05 0.574127 0
0.000512481 10 6.64944e-05 0.574125 0
0.000512481 10 9.43373e-05 0.574123 0
0.000512481 10 0.000133839 0.574119 0
0.000512481 10 0.000189881 0.574114 0
0.000512481 10 0.000269389 0.574108 0
0.000512481 10 0.000382189 0.574098 0
0.000512481 10 0.000542222 0.574084 0
0.000512481 10 0.000769265 0.574064 0
0.000512481 10 0.00109138 0.574035 0
0.000512481 10 0.00154837 0.573993 0
0.000512481 10 0.00219671 0.573931 0
0.000512481 10 0.00311653 0.573841 0
0.000512481 10 0.0044215 0.573707 0
0.000512481 10 0.0062729 0.573502 0
0.000512481 10 0.00889953 0.573185 0
0.000512481 10 0.012626 0.572683 0
0.000512481 10 0.0179128 0.571866 0
0.000512481 10 0.0254134 0.570508 0
0.000512481 10 0.0360547 0.568199 0
0.000512481 10 0.0511518 0.564214 0
0.000512481 10 0.0725704 0.557286 0
0.000512481 10 0.102958 0.545294 0
0.000512481 10 0.146069 0.524908 0
0.000512481 10 0.207231 0.491463 0
0.000512481 10 0.294005 0.439671 0
0.000512481 10 0.417112 0.366085 0
0.000512481 10 0.591769 0.273647 0
0.000512481 10 0.839558 0.175763 0
0.000512481 10 1.1911 0.0931397 0
0.000512481 10 1.68985 0.040034 0
0.000512481 10 2.39743 0.0143219 0
0.000512481 10 3.4013 0.00479207 0
0.000512481 10 4.82552 0.00170634 0
0.000512481 10 6.8461 0.000747492 0
0.000512481 10 9.71274 0.0003372 0
0.000512481 10 13.7797 0.000149841 0
0.000512481 10 19.5497 8.7647e-05 0
0.000512481 10 27.7356 4.2183e-05 0
0.000512481 10 39.3493 2.22314e-05 0
0.000512481 10 55.8259 1.31518e-05 0
0.000512481 10 79.2016 7.85823e-06 0
0.000512481 10 112.365 4.88067e-06 0
0.000512481 10 159.416 3.13201e-06 0
0.000512481 10 226.168 2.01217e-06 0
0.000512481 10 320.87 1.28882e-06 0
0.000512481 10 455.227 8.42656e-07 0
0.000512481 10 645.842 5.60913e-07 0
0.000512481 10 916.274 3.66011e-07 0
0.000512481 10 1299.94 2.40052e-07 0
0.000512481 10 1844.26 1.59588e-07 0
0.000512481 10 2616.5 1.07033e-07 0
0.000512481 10 3712.11 7.06995e-08 0
0.000512481 10 5266.46 4.64421e-08 0
0.000512481 10 7471.67 3.04646e-08 0
0.000512481 10 10600.3 1.99006e-08 0
0.000512481 10 15038.9 1.28969e-08 0
0.000512481 10 21336 8.2613e-09 0
0.000512481 10 30270 5.21244e-09 0
0.000512481 10 42944.9 3.22909e-09 0
0.000512481 10 60927 1.95865e-09 0
0.000512481 10 86438.8 1.16099e-09 0
0.000512481 10 122633 6.72834e-10 0
0.000512481 10 173983 3.82907e-10 0
0.000512481 10 246834 2.13549e-10 0
0.000512481 10 350190 1.14967e-10 0
0.000512481 10 496824 5.95784e-11 0
0.000512481 10 704857 2.85884e-11 0
0.000512481 10 1e+06 1.09705e-11 0

0.00124961 10 1e-06 0.574302 0
0.00124961 10 1.41873e-06 0.574302 0
0.00124961 10 2.01279e-06 0.574302 0
0.00124961 10 2.85559e-06 0.574302 0
0.00124961 10 4.0513e-06 0.574302 0
0.00124961 10 5.74769e-06 0.574302 0
0.00124961 10 8.15441e-06 0.574302 0
0.00124961 10 1.15689e-05 0.574301 0
0.00124961 10 1.64131e-05 0.574301 0
0.00124961 10 2.32857e-05 0.5743 0
0.00124961 10 3.3036e-05 0.5743 0
0.00124961 10 4.6869e-05 0.574298 0
0.00124961 10 6.64944e-05 0.574297 0
0.00124961 10 9.43373e-05 0.574294 0
0.00124961 10 0.000133839 0.574291 0
0.00124961 10 0.000189881 0.574286 0
0.00124961 10 0.000269389 0.574279 0
0.00124961 10 0.000382189 0.574269 0
0.00124961 10 0.000542222 0.574255 0
0.00124961 10 0.000769265 0.574235 0
0.00124961 10 0.00109138 0.574205 0
0.00124961 10 0.00154837 0.574163 0
0.00124961 10 0.00219671 0.574101 0
0.00124961 10 0.00311653 0.574011 0
0.00124961 10 0.0044215 0.573875 0
0.00124961 10 0.0062729 0.573669 0
0.00124961 10 0.00889953 0.57335 0
0.00124961 10 0.012626 0.572845 0
0.00124961 10 0.0179128 0.572025 0
0.00124961 10 0.0254134 0.570662 0
0.00124961 10 0.0360547 0.568346 0
0.00124961 10 0.0511518 0.564351 0
0.00124961 10 0.0725704 0.557411 0
0.00124961 10 0.102958 0.545404 0
0.00124961 10 0.146069 0.525 0
0.00124961 10 0.207231 0.491536 0
0.00124961 10 0.294005 0.439724 0
0.00124961 10 0.417112 0.36612 0
0.00124961 10 0.591769 0.273668 0
0.00124961 10 0.839558 0.175774 0
0.00124961 10 1.1911 0.0931447 0
0.00124961 10 1.68985 0.0400357 0
0.00124961 10 2.39743 0.0143223 0
0.00124961 10 3.4013 0.0047922 0
0.00124961 10 4.82552 0.0017064 0
0.00124961 10 6.8461 0.000747522 0
0.00124961 10 9.71274 0.000337216 0
0.00124961 10 13.7797 0.00014985 0
0.00124961 10 19.5497 8.76512e-05 0
0.00124961 10 27.7356 4.21852e-05 0
0.00124961 10 39.3493 2.22324e-05 0
0.00124961 10 55.8259 1.31523e-05 0
0.00124961 10 79.2016 7.85847e-06 0
0.00124961 10 112.365 4.88078e-06 0
0.00124961 10 159.416 3.13207e-06 0
0.00124961 10 226.168 2.01219e-06 0
0.00124961 10 320.87 1.28883e-06 0
0.00124961 10 455.227 8.42661e-07 0
0.00124961 10 645.842 5.60915e-07 0
0.00124961 10 916.274 3.66012e-07 0
0.00124961 10 1299.94 2.40052e-07 0
0.00124961 10 1844.26 1.59588e-07 0
0.00124961 10 2616.5 1.07033e-07 0
0.00124961 10 3712.11 7.06995e-08 0
0.00124961 10 5266.46 4.64422e-08 0
0.00124961 10 7471.67 3.04647e-08 0
0.00124961 10 10600.3 1.99006e-08 0
0.00124961 10 15038.9 1.28969e-08 0
0.00124961 10 21336 8.26131e-09 0
0.00124961 10 30270 5.21244e-09 0
0.00124961 10 42944.9 3.22909e-09 0
0.00124961 10 60927 1.95865e-09 0
0.00124961 10 86438.8 1.16099e-09 0
0.00124961 10 122633 6.72834e-10 0
0.00124961 10 173983 3.82907e-10 0
0.00124961 10 246834 2.13549e-10 0
0.00124961 10 350190 1.14967e-10 0
0.00124961 10 496824 5.95784e-11 0
0.00124961 10 704857 2.85884e-11 0
0.00124961 10 1e+06 1.09705e-11 0

0.00304699 10 1e-06 0.574745 0
0.00304699 10 1.41873e-06 0.574745 0
0.00304699 10 2.01279e-06 0.574745 0
0.00304699 10 2.85559e-06 0.574745 0
0.00304699 10 4.0513e-06 0.574745 0
0.00304699 10 5.74769e-06 0.574745 0
0.00304699 10 8.15441e-06 0.574745 0
0.00304699 10 1.15689e-05 0.574744 0
0.00304699 10 1.64131e-05 0.574744 0
0.00304699 10 2.32857e-05 0.574743 0
0.00304699 10 3.3036e-05 0.574742 0
0.00304699 10 4.6869e-05 0.574741 0
0.00304699 10 6.64944e-05 0.574739 0
0.00304699 10 9.43373e-05 0.574737 0
0.00304699 10 0.000133839 0.574733 0
0.00304699 10 0.000189881 0.574728 0
0.00304699 10 0.000269389 0.574721 0
0.00304699 10 0.000382189 0.574711 0
0.00304699 10 0.000542222 0.574697 0
0.00304699 10 0.000769265 0.574676 0
0.00304699 10 0.00109138 0.574646 0
0.00304699 10 0.00154837 0.574603 0
0.00304699 10 0.00219671 0.57454 0
0.00304699 10 0.00311653 0.574447 0
0.00304699 10 0.0044215 0.574309 0
0.00304699 10 0.0062729 0.5741 0
0.00304699 10 0.00889953 0.573776 0
0.00304699 10 0.012626 0.573264 0
0.00304699 10 0.0179128 0.572435 0
0.00304699 10 0.0254134 0.571058 0
0.00304699 10 0.0360547 0.568724 0
0.00304699 10 0.0511518 0.564706 0
0.00304699 10 0.0725704 0.557735 0
0.00304699 10 0.102958 0.54569 0
0.00304699 10 0.146069 0.52524 0
0.00304699 10 0.207231 0.491725 0
0.00304699 10 0.294005 0.439862 0
0.00304699 10 0.417112 0.366212 0
0.00304699 10 0.591769 0.273723 0
0.00304699 10 0.839558 0.175804 0
0.00304699 10 1.1911 0.0931574 0
0.00304699 10 1.68985 0.0400397 0
0.00304699 10 2.39743 0.0143232 0
0.00304699 10 3.4013 0.00479253 0
0.00304699 10 4.82552 0.00170657 0
0.00304699 10 6.8461 0.000747601 0
0.00304699 10 9.71274 0.000337258 0
0.00304699 10 13.7797 0.000149873 0
0.00304699 10 19.5497 8.76622e-05 0
0.00304699 10 27.7356 4.21908e-05 0
0.00304699 10 39.3493 2.22352e-05 0
0.00304699 10 55.8259 1.31536e-05 0
0.00304699 10 79.2016 7.85909e-06 0
0.00304699 10 112.365 4.88107e-06 0
0.00304699 10 159.416 3.1322e-06 0
0.00304699 10 226.168 2.01226e-06 0
0.00304699 10 320.87 1.28886e-06 0
0.00304699 10 455.227 8.42676e-07 0
0.00304699 10 645.842 5.60922e-07 0
0.00304699 10 916.274 3.66015e-07 0
0.00304699 10 1299.94 2.40054e-07 0
0.00304699 10 1844.26 1.59589e-07 0
0.00304699 10 2616.5 1.07034e-07 0
0.00304699 10 3712.11 7.06997e-08 0
0.00304699 10 5266.46 4.64422e-08 0
0.00304699 10 7471.67 3.04647e-08 0
0.00304699 10 10600.3 1.99007e-08 0
0.00304699 10 15038.9 1.2897e-08 0
0.00304699 10 21336 8.26131e-09 0
0.00304699 10 30270 5.21244e-09 0
0.00304699 10 42944.9 3.22909e-09 0
0.00304699 10 60927 1.95865e-09 0
0.00304699 10 86438.8 1.161e-09 0
0.00304699 10 122633 6.72834e-10 0
0.00304699 10 173983 3.82907e-10 0
0.00304699 10 246834 2.13549e-10 0
0.00304699 10 350190 1.14967e-10 0
0.00304699 10 496824 5.95784e-11 0
0.00304699 10 704857 2.85884e-11 0
0.00304699 10 1e+06 1.09705e-11 0

0.00742964 10 1e-06 0.575855 0
0.00742964 10 1.41873e-06 0.575855 0
0.00742964 10 2.01279e-06 0.575854 0
0.00742964 10 2.85559e-06 0.575854 0
0.00742964 10 4.0513e-06 0.575854 0
0.00742964 10 5.74769e-06 0.575854 0
0.00742964 10 8.15441e-06 0.575854 0
0.00742964 10 1.15689e-05 0.575854 0
0.00742964 10 1.64131e-05 0.575853 0
0.00742964 10 2.32857e-05 0.575853 0
0.00742964 10 3.3036e-05 0.575852 0
0.00742964 10 4.6869e-05 0.57585 0
0.00742964 10 6.64944e-05 0.575848 0
0.00742964 10 9.43373e-05 0.575846 0
0.00742964 10 0.000133839 0.575842 0
0.00742964 10 0.000189881 0.575837 0
0.00742964 10 0.000269389 0.575829 0
0.00742964 10 0.000382189 0.575819 0
0.00742964 10 0.000542222 0.575804 0
0.00742964 10 0.000769265 0.575782 0
0.00742964 10 0.00109138 0.57575 0
0.00742964 10 0.00154837 0.575705 0
0.00742964 10 0.00219671 0.575639 0
0.00742964 10 0.00311653 0.575542 0
0.00742964 10 0.0044215 0.575398 0
0.00742964 10 0.0062729 0.57518 0
0.00742964 10 0.00889953 0.574845 0
0.00742964 10 0.012626 0.574316 0
0.00742964 10 0.0179128 0.573464 0
0.00742964 10 0.0254134 0.572056 0
0.00742964 10 0.0360547 0.56968 0
0.00742964 10 0.0511518 0.565605 0
0.00742964 10 0.0725704 0.558561 0
0.00742964 10 0.102958 0.546423 0
0.00742964 10 0.146069 0.525863 0
0.00742964 10 0.207231 0.492225 0
0.00742964 10 0.294005 0.440236 0
0.00742964 10 0.417112 0.36647 0
0.00742964 10 0.591769 0.273886 0
0.00742964 10 0.839558 0.175895 0
0.00742964 10 1.1911 0.0931979 0
0.00742964 10 1.68985 0.0400515 0
0.00742964 10 2.39743 0.0143254 0
0.00742964 10 3.4013 0.00479339 0
0.00742964 10 4.82552 0.00170713 0
0.00742964 10 6.8461 0.00074789 0
0.00742964 10 9.71274 0.000337412 0
0.00742964 10 13.7797 0.000149955 0
0.00742964 10 19.5497 8.77011e-05 0
0.00742964 10 27.7356 4.22106e-05 0
0.00742964 10 39.3493 2.22447e-05 0
0.00742964 10 55.8259 1.31582e-05 0
0.00742964 10 79.2016 7.86124e-06 0
0.00742964 10 112.365 4.88208e-06 0
0.00742964 10 159.416 3.13268e-06 0
0.00742964 10 226.168 2.01248e-06 0
0.00742964 10 320.87 1.28896e-06 0
0.00742964 10 455.227 8.42726e-07 0
0.00742964 10 645.842 5.60946e-07 0
0.00742964 10 916.274 3.66026e-07 0
0.00742964 10 1299.94 2.40059e-07 0
0.00742964 10 1844.26 1.59591e-07 0
0.00742964 10 2616.5 1.07035e-07 0
0.00742964 10 3712.11 7.07003e-08 0
0.00742964 10 5266.46 4.64425e-08 0
0.00742964 10 7471.67 3.04648e-08 0
0.00742964 10 10600.3 1.99007e-08 0
0.00742964 10 15038.9 1.2897e-08 0
0.00742964 10 21336 8.26132e-09 0
0.00742964 10 30270 5.21244e-09 0
0.00742964 10 42944.9 3.22909e-09 0
0.00742964 10 60927 1.95865e-09 0
0.00742964 10 86438.8 1.161e-09 0
0.00742964 10 122633 6.72834e-10 0
0.00742964 10 173983 3.82907e-10 0
0.00742964 10 246834 2.13549e-10 0
0.00742964 10 350190 1.14967e-10 0
0.00742964 10 496824 5.95784e-11 0
0.00742964 10 704857 2.85884e-11 0
0.00742964 10 1e+06 1.09705e-11 0

0.0181161 10 1e-06 0.578474 0
0.0181161 10 1.41873e-06 0.578474 0
0.0181161 10 2.01279e-06 0.578474 0
0.0181161 10 2.85559e-06 0.578474 0
0.0181161 10 4.0513e-06 0.578474 0
0.0181161 10 5.74769e-06 0.578474 0
0.0181161 10 8.15441e-06 0.578473 0
0.0181161 10 1.15689e-05 0.578473 0
0.0181161 10 1.64131e-05 0.578473 0
0.0181161 10 2.32857e-05 0.578472 0
0.0181161 10 3.3036e-05 0.578471 0
0.0181161 10 4.6869e-05 0.578469 0
0.0181161 10 6.64944e-05 0.578467 0
0.0181161 10 9.43373e-05 0.578464 0
0.0181161 10 0.000133839 0.57846 0
0.0181161 10 0.000189881 0.578454 0
0.0181161 10 0.000269389 0.578446 0
0.0181161 10 0.000382189 0.578434 0
0.0181161 10 0.000542222 0.578417 0
0.0181161 10 0.000769265 0.578393 0
0.0181161 10 0.00109138 0.578358 0
0.0181161 10 0.00154837 0.578308 0
0.0181161 10 0.00219671 0.578235 0
0.0181161 10 0.00311653 0.578128 0
0.0181161 10 0.0044215 0.57797 0
0.0181161 10 0.0062729 0.577732 0
0.0181161 10 0.00889953 0.577369 0
0.0181161 10 0.012626 0.576801 0
0.0181161 10 0.0179128 0.575895 0
0.0181161 10 0.0254134 0.574413 0
0.0181161 10 0.0360547 0.571936 0
0.0181161 10 0.0511518 0.567727 0
0.0181161 10 0.0725704 0.560509 0
0.0181161 10 0.102958 0.548155 0
0.0181161 10 0.146069 0.527337 0
0.0181161 10 0.207231 0.493413 0
0.0181161 10 0.294005 0.441135 0
0.0181161 10 0.417112 0.367105 0
0.0181161 10 0.591769 0.274305 0
0.0181161 10 0.839558 0.176149 0
0.0181161 10 1.1911 0.0933301 0
0.0181161 10 1.68985 0.0401017 0
0.0181161 10 2.39743 0.0143371 0
0.0181161 10 3.4013 0.00479582 0
0.0181161 10 4.82552 0.00170856 0
0.0181161 10 6.8461 0.000748728 0
0.0181161 10 9.71274 0.000337864 0
0.0181161 10 13.7797 0.000150195 0
0.0181161 10 19.5497 8.78145e-05 0
0.0181161 10 27.7356 4.22679e-05 0
0.0181161 10 39.3493 2.22723e-05 0
0.0181161 10 55.8259 1.31712e-05 0
0.0181161 10 79.2016 7.86742e-06 0
0.0181161 10 112.365 4.88499e-06 0
0.0181161 10 159.416 3.13405e-06 0
0.0181161 10 226.168 2.01313e-06 0
0.0181161 10 320.87 1.28927e-06 0
0.0181161 10 455.227 8.4287e-07 0
0.0181161 10 645.842 5.61013e-07 0
0.0181161 10 916.274 3.66059e-07 0
0.0181161 10 1299.94 2.40074e-07 0
0.0181161 10 1844.26 1.59598e-07 0
0.0181161 10 2616.5 1.07038e-07 0
0.0181161 10 3712.11 7.07019e-08 0
0.0181161 10 5266.46 4.64433e-08 0
0.0181161 10 7471.67 3.04652e-08 0
0.0181161 10 10600.3 1.99009e-08 0
0.0181161 10 15038.9 1.28971e-08 0
0.0181161 10 21336 8.26136e-09 0
0.0181161 10 30270 5.21246e-09 0
0.0181161 10 42944.9 3.2291e-09 0
0.0181161 10 60927 1.95866e-09 0
0.0181161 10 86438.8 1.161e-09 0
0.0181161 10 122633 6.72835e-10 0
0.0181161 10 173983 3.82907e-10 0
0.0181161 10 246834 2.13549e-10 0
0.0181161 10 350190 1.14967e-10 0
0.0181161 10 496824 5.95784e-11 0
0.0181161 10 704857 2.85884e-11 0
0.0181161 10 1e+06 1.09705e-11 0

0.0441734 10 1e-06 0.584752 0
0.0441734 10 1.41873e-06 0.584752 0
0.0441734 10 2.01279e-06 0.584752 0
0.0441734 10 2.85559e-06 0.584752 0
0.0441734 10 4.0513e-06 0.584752 0
0.0441734 10 5.74769e-06 0.584752 0
0.0441734 10 8.15441e-06 0.584751 0
0.0441734 10 1.15689e-05 0.584751 0
0.0441734 10 1.64131e-05 0.58475 0
0.0441734 10 2.32857e-05 0.584749 0
0.0441734 10 3.3036e-05 0.584748 0
0.0441734 10 4.6869e-05 0.584746 0
0.0441734 10 6.64944e-05 0.584744 0
0.0441734 10 9.43373e-05 0.58474 0
0.0441734 10 0.000133839 0.584735 0
0.0441734 10 0.000189881 0.584728 0
0.0441734 10 0.000269389 0.584717 0
0.0441734 10 0.000382189 0.584702 0
0.0441734 10 0.000542222 0.584681 0
0.0441734 10 0.000769265 0.584651 0
0.0441734 10 0.00109138 0.584607 0
0.0441734 10 0.00154837 0.584545 0
0.0441734 10 0.00219671 0.584455 0
0.0441734 10 0.00311653 0.584323 0
0.0441734 10 0.0044215 0.584131 0
0.0441734 10 0.0062729 0.583845 0
0.0441734 10 0.00889953 0.583414 0
0.0441734 10 0.012626 0.582752 0
0.0441734 10 0.0179128 0.581715 0
0.0441734 10 0.0254134 0.580052 0
0.0441734 10 0.0360547 0.577331 0
0.0441734 10 0.0511518 0.572797 0
0.0441734 10 0.0725704 0.565158 0
0.0441734 10 0.102958 0.552277 0
0.0441734 10 0.146069 0.530835 0
0.0441734 10 0.207231 0.496218 0
0.0441734 10 0.294005 0.443239 0
0.0441734 10 0.417112 0.368576 0
0.0441734 10 0.591769 0.275265 0
0.0441734 10 0.839558 0.17673 0
0.0441734 10 1.1911 0.0936401 0
0.0441734 10 1.68985 0.040235 0
0.0441734 10 2.39743 0.0143799 0
0.0441734 10 3.4013 0.00480675 0
0.0441734 10 4.82552 0.00171233 0
0.0441734 10 6.8461 0.000750694 0
0.0441734 10 9.71274 0.000338945 0
0.0441734 10 13.7797 0.000150767 0
0.0441734 10 19.5497 8.80853e-05 0
0.0441734 10 27.7356 4.24044e-05 0
0.0441734 10 39.3493 2.2338e-05 0
0.0441734 10 55.8259 1.32023e-05 0
0.0441734 10 79.2016 7.88205e-06 0
0.0441734 10 112.365 4.89187e-06 0
0.0441734 10 159.416 3.13728e-06 0
0.0441734 10 226.168 2.01465e-06 0
0.0441734 10 320.87 1.28999e-06 0
0.0441734 10 455.227 8.43209e-07 0
0.0441734 10 645.842 5.61174e-07 0
0.0441734 10 916.274 3.66135e-07 0
0.0441734 10 1299.94 2.4011e-07 0
0.0441734 10 1844.26 1.59615e-07 0
0.0441734 10 2616.5 1.07047e-07 0
0.0441734 10 3712.11 7.07057e-08 0
0.0441734 10 5266.46 4.64451e-08 0
0.0441734 10 7471.67 3.0466e-08 0
0.0441734 10 10600.3 1.99013e-08 0
0.0441734 10 15038.9 1.28972e-08 0
0.0441734 10 21336 8.26144e-09 0
0.0441734 10 30270 5.2125e-09 0
0.0441734 10 42944.9 3.22912e-09 0
0.0441734 10 60927 1.95866e-09 0
0.0441734 10 86438.8 1.161e-09 0
0.0441734 10 122633 6.72836e-10 0
0.0441734 10 173983 3.82908e-10 0
0.0441734 10 246834 2.13549e-10 0
0.0441734 10 350190 1.14967e-10 0
0.0441734 10 496824 5.95784e-11 0
0.0441734 10 704857 2.85884e-11 0
0.0441734 10 1e+06 1.09705e-11 0

0.107711 10 1e-06 0.599262 0
0.107711 10 1.41873e-06 0.599261 0
0.107711 10 2.01279e-06 0.599261 0
0.107711 10 2.85559e-06 0.599261 0
0.107711 10 4.0513e-06 0.599261 0
0.107711 10 5.74769e-06 0.599261 0
0.107711 10 8.15441e-06 0.59926 0
0.107711 10 1.15689e-05 0.599259 0
0.107711 10 1.64131e-05 0.599259 0
0.107711 10 2.32857e-05 0.599257 0
0.107711 10 3.3036e-05 0.599255 0
0.107711 10 4.6869e-05 0.599253 0
0.107711 10 6.64944e-05 0.599249 0
0.107711 10 9.43373e-05 0.599243 0
0.107711 10 0.000133839 0.599236 0
0.107711 10 0.000189881 0.599225 0
0.107711 10 0.000269389 0.599209 0
0.107711 10 0.000382189 0.599187 0
0.107711 10 0.000542222 0.599156 0
0.107711 10 0.000769265 0.599111 0
0.107711 10 0.00109138 0.599048 0
0.107711 10 0.00154837 0.598957 0
0.107711 10 0.00219671 0.598826 0
0.107711 10 0.00311653 0.598638 0
0.107711 10 0.0044215 0.598365 0
0.107711 10 0.0062729 0.597965 0
0.107711 10 0.00889953 0.597375 0
0.107711 10 0.012626 0.59649 0
0.107711 10 0.0179128 0.595144 0
0.107711 10 0.0254134 0.593058 0
0.107711 10 0.0360547 0.589762 0
0.107711 10 0.0511518 0.584464 0
0.107711 10 0.0725704 0.575834 0
0.107711 10 0.102958 0.561717 0
0.107711 10 0.146069 0.538809 0
0.107711 10 0.207231 0.502574 0
0.107711 10 0.294005 0.447968 0
0.107711 10 0.417112 0.371846 0
0.107711 10 0.591769 0.27738 0
0.107711 10 0.839558 0.178006 0
0.107711 10 1.1911 0.0943234 0
0.107711 10 1.68985 0.0405296 0
0.107711 10 2.39743 0.0144787 0
0.107711 10 3.4013 0.00483656 0
0.107711 10 4.82552 0.00172283 0
0.107711 10 6.8461 0.00075557 0
0.107711 10 9.71274 0.000341535 0
0.107711 10 13.7797 0.000152136 0
0.107711 10 19.5497 8.8732e-05 0
0.107711 10 27.7356 4.27301e-05 0
0.107711 10 39.3493 2.24945e-05 0
0.107711 10 55.8259 1.32762e-05 0
0.107711 10 79.2016 7.91698e-06 0
0.107711 10 112.365 4.90829e-06 0
0.107711 10 159.416 3.14499e-06 0
0.107711 10 226.168 2.01828e-06 0
0.107711 10 320.87 1.2917e-06 0
0.107711 10 455.227 8.44018e-07 0
0.107711 10 645.842 5.61556e-07 0
0.107711 10 916.274 3.66316e-07 0
0.107711 10 1299.94 2.40196e-07 0
0.107711 10 1844.26 1.59656e-07 0
0.107711 10 2616.5 1.07066e-07 0
0.107711 10 3712.11 7.07149e-08 0
0.107711 10 5266.46 4.64495e-08 0
0.107711 10 7471.67 3.04681e-08 0
0.107711 10 10600.3 1.99022e-08 0
0.107711 10 15038.9 1.28977e-08 0
0.107711 10 21336 8.26164e-09 0
0.107711 10 30270 5.21259e-09 0
0.107711 10 42944.9 3.22916e-09 0
0.107711 10 60927 1.95868e-09 0
0.107711 10 86438.8 1.16101e-09 0
0.107711 10 122633 6.72838e-10 0
0.107711 10 173983 3.82909e-10 0
0.107711 10 246834 2.1355e-10 0
0.107711 10 350190 1.14967e-10 0
0.107711 10 496824 5.95785e-11 0
0.107711 10 704857 2.85884e-11 0
0.107711 10 1e+06 1.09705e-11 0

0.262636 10 1e-06 0.629924 0
0.262636 10 1.41873e-06 0.629924 0
0.262636 10 2.01279e-06 0.629923 0
0.262636 10 2.85559e-06 0.629923 0
0.262636 10 4.0513e-06 0.629923 0
0.262636 10 5.74769e-06 0.629922 0
0.262636 10 8.15441e-06 0.629921 0
0.262636 10 1.15689e-05 0.62992 0
0.262636 10 1.64131e-05 0.629919 0
0.262636 10 2.32857e-05 0.629916 0
0.262636 10 3.3036e-05 0.629913 0
0.262636 10 4.6869e-05 0.629908 0
0.262636 10 6.64944e-05 0.629902 0
0.262636 10 9.43373e-05 0.629892 0
0.262636 10 0.000133839 0.629879 0
0.262636 10 0.000189881 0.62986 0
0.262636 10 0.000269389 0.629834 0
0.262636 10 0.000382189 0.629796 0
0.262636 10 0.000542222 0.629742 0
0.262636 10 0.000769265 0.629666 0
0.262636 10 0.00109138 0.629557 0
0.262636 10 0.00154837 0.629402 0
0.262636 10 0.00219671 0.629181 0
0.262636 10 0.00311653 0.628865 0
0.262636 10 0.0044215 0.628412 0
0.262636 10 0.0062729 0.627759 0
0.262636 10 0.00889953 0.626814 0
0.262636 10 0.012626 0.625433 0
0.262636 10 0.0179128 0.6234 0
0.262636 10 0.0254134 0.62037 0
0.262636 10 0.0360547 0.615795 0
0.262636 10 0.0511518 0.608797 0
0.262636 10 0.0725704 0.597971 0
0.262636 10 0.102958 0.58112 0
0.262636 10 0.146069 0.554988 0
0.262636 10 0.207231 0.515225 0
0.262636 10 0.294005 0.457128 0
0.262636 10 0.417112 0.377975 0
0.262636 10 0.591769 0.281236 0
0.262636 10 0.839558 0.180332 0
0.262636 10 1.1911 0.0956126 0
0.262636 10 1.68985 0.0411126 0
0.262636 10 2.39743 0.0146798 0
0.262636 10 3.4013 0.0048984 0
0.262636 10 4.82552 0.00174645 0
0.262636 10 6.8461 0.0007669 0
0.262636 10 9.71274 0.000347585 0
0.262636 10 13.7797 0.000155345 0
0.262636 10 19.5497 9.02518e-05 0
0.262636 10 27.7356 4.34976e-05 0
0.262636 10 39.3493 2.28639e-05 0
0.262636 10 55.8259 1.34509e-05 0
0.262636 10 79.2016 7.99947e-06 0
0.262636 10 112.365 4.9471e-06 0
0.262636 10 159.416 3.16321e-06 0
0.262636 10 226.168 2.02686e-06 0
0.262636 10 320.87 1.29575e-06 0
0.262636 10 455.227 8.45932e-07 0
0.262636 10 645.842 5.6246e-07 0
0.262636 10 916.274 3.66745e-07 0
0.262636 10 1299.94 2.404e-07 0
0.262636 10 1844.26 1.59753e-07 0
0.262636 10 2616.5 1.07112e-07 0
0.262636 10 3712.11 7.07366e-08 0
0.262636 10 5266.46 4.64597e-08 0
0.262636 10 7471.67 3.04729e-08 0
0.262636 10 10600.3 1.99045e-08 0
0.262636 10 15038.9 1.28987e-08 0
0.262636 10 21336 8.26212e-09 0
0.262636 10 30270 5.2128e-09 0
0.262636 10 42944.9 3.22925e-09 0
0.262636 10 60927 1.95872e-09 0
0.262636 10 86438.8 1.16102e-09 0
0.262636 10 122633 6.72844e-10 0
0.262636 10 173983 3.82911e-10 0
0.262636 10 246834 2.13551e-10 0
0.262636 10 350190 1.14967e-10 0
0.262636 10 496824 5.95786e-11 0
0.262636 10 704857 2.85884e-11 0
0.262636 10 1e+06 1.09705e-11 0

0.6404 10 1e-06 0.679526 0
0.6404 10 1.41873e-06 0.679526 0
0.6404 10 2.01279e-06 0.679525 0
0.6404 10 2.85559e-06 0.679525 0
0.6404 10 4.0513e-06 0.679524 0
0.6404 10 5.74769e-06 0.679523 0
0.6404 10 8.15441e-06 0.679522 0
0.6404 10 1.15689e-05 0.679519 0
0.6404 10 1.64131e-05 0.679517 0
0.6404 10 2.32857e-05 0.679512 0
0.6404 10 3.3036e-05 0.679507 0
0.6404 10 4.6869e-05 0.679498 0
0.6404 10 6.64944e-05 0.679486 0
0.6404 10 9.43373e-05 0.67947 0
0.6404 10 0.000133839 0.679446 0
0.6404 10 0.000189881 0.679412 0
0.6404 10 0.000269389 0.679364 0
0.6404 10 0.000382189 0.679296 0
0.6404 10 0.000542222 0.679199 0
0.6404 10 0.000769265 0.679062 0
0.6404 10 0.00109138 0.678867 0
0.6404 10 0.00154837 0.67859 0
0.6404 10 0.00219671 0.678197 0
0.6404 10 0.00311653 0.677637 0
0.6404 10 0.0044215 0.67684 0
0.6404 10 0.0062729 0.675704 0
0.6404 10 0.00889953 0.67408 0
0.6404 10 0.012626 0.671754 0
0.6404 10 0.0179128 0.668412 0
0.6404 10 0.0254134 0.663587 0
0.6404 10 0.0360547 0.656588 0
0.6404 10 0.0511518 0.646382 0
0.6404 10 0.0725704 0.631432 0
0.6404 10 0.102958 0.6095 0
0.6404 10 0.146069 0.577472 0
0.6404 10 0.207231 0.531436 0
0.6404 10 0.294005 0.467453 0
0.6404 10 0.417112 0.383705 0
0.6404 10 0.591769 0.284222 0
0.6404 10 0.839558 0.182155 0
0.6404 10 1.1911 0.0969198 0
0.6404 10 1.68985 0.0418968 0
0.6404 10 2.39743 0.0150139 0
0.6404 10 3.4013 0.00501559 0
0.6404 10 4.82552 0.00179506 0
0.6404 10 6.8461 0.000791417 0
0.6404 10 9.71274 0.00036102 0
0.6404 10 13.7797 0.000162571 0
0.6404 10 19.5497 9.36942e-05 0
0.6404 10 27.7356 4.5246e-05 0
0.6404 10 39.3493 2.37087e-05 0
0.6404 10 55.8259 1.38512e-05 0
0.6404 10 79.2016 8.18891e-06 0
0.6404 10 112.365 5.03632e-06 0
0.6404 10 159.416 3.20514e-06 0
0.6404 10 226.168 2.04662e-06 0
0.6404 10 320.87 1.30509e-06 0
0.6404 10 455.227 8.50343e-07 0
0.6404 10 645.842 5.64545e-07 0
0.6404 10 916.274 3.67733e-07 0
0.6404 10 1299.94 2.40869e-07 0
0.6404 10 1844.26 1.59975e-07 0
0.6404 10 2616.5 1.07217e-07 0
0.6404 10 3712.11 7.07867e-08 0
0.6404 10 5266.46 4.64835e-08 0
0.6404 10 7471.67 3.04841e-08 0
0.6404 10 10600.3 1.99097e-08 0
0.6404 10 15038.9 1.29012e-08 0
0.6404 10 21336 8.26321e-09 0
0.6404 10 30270 5.21328e-09 0
0.6404 10 42944.9 3.22945e-09 0
0.6404 10 60927 1.9588e-09 0
0.6404 10 86438.8 1.16106e-09 0
0.6404 10 122633 6.72858e-10 0
0.6404 10 173983 3.82916e-10 0
0.6404 10 246834 2.13553e-10 0
0.6404 10 350190 1.14968e-10 0
0.6404 10 496824 5.95788e-11 0
0.6404 10 704857 2.85885e-11 0
0.6404 10 1e+06 1.09705e-11 0

1.56152 10 1e-06 0.689857 0
1.56152 10 1.41873e-06 0.689857 0
1.56152 10 2.01279e-06 0.689857 0
1.56152 10 2.85559e-06 0.689856 0
1.56152 10 4.0513e-06 0.689855 0
1.56152 10 5.74769e-06 0.689853 0
1.56152 10 8.15441e-06 0.689851 0
1.56152 10 1.15689e-05 0.689848 0
1.56152 10 1.64131e-05 0.689843 0
1.56152 10 2.32857e-05 0.689837 0
1.56152 10 3.3036e-05 0.689828 0
1.56152 10 4.6869e-05 0.689816 0
1.56152 10 6.64944e-05 0.689798 0
1.56152 10 9.43373e-05 0.689772 0
1.56152 10 0.000133839 0.689736 0
1.56152 10 0.000189881 0.689685 0
1.56152 10 0.000269389 0.689612 0
1.56152 10 0.000382189 0.689509 0
1.56152 10 0.000542222 0.689363 0
1.56152 10 0.000769265 0.689156 0
1.56152 10 0.00109138 0.688861 0
1.56152 10 0.00154837 0.688444 0
1.56152 10 0.00219671 0.687852 0
1.56152 10 0.00311653 0.687012 0
1.56152 10 0.0044215 0.68582 0
1.56152 10 0.0062729 0.68413 0
1.56152 10 0.00889953 0.681732 0
1.56152 10 0.012626 0.678331 0
1.56152 10 0.0179128 0.67351 0
1.56152 10 0.0254134 0.666678 0
1.56152 10 0.0360547 0.657007 0
1.56152 10 0.0511518 0.643342 0
1.56152 10 0.0725704 0.624099 0
1.56152 10 0.102958 0.597169 0
1.56152 10 0.146069 0.559899 0
1.56152 10 0.207231 0.509311 0
1.56152 10 0.294005 0.442866 0
1.56152 10 0.417112 0.360175 0
1.56152 10 0.591769 0.265713 0
1.56152 10 0.839558 0.171043 0
1.56152 10 1.1911 0.0923886 0
1.56152 10 1.68985 0.0409085 0
1.56152 10 2.39743 0.0150424 0
1.56152 10 3.4013 0.00512471 0
1.56152 10 4.82552 0.00186784 0
1.56152 10 6.8461 0.000834893 0
1.56152 10 9.71274 0.000386565 0
1.56152 10 13.7797 0.000176808 0
1.56152 10 19.5497 0.000100592 0
1.56152 10 27.7356 4.88104e-05 0
1.56152 10 39.3493 2.54492e-05 0
1.56152 10 55.8259 1.46814e-05 0
1.56152 10 79.2016 8.58374e-06 0
1.56152 10 112.365 5.2229e-06 0
1.56152 10 159.416 3.29302e-06 0
1.56152 10 226.168 2.08812e-06 0
1.56152 10 320.87 1.32473e-06 0
1.56152 10 455.227 8.59627e-07 0
1.56152 10 645.842 5.68935e-07 0
1.56152 10 916.274 3.69817e-07 0
1.56152 10 1299.94 2.41859e-07 0
1.56152 10 1844.26 1.60445e-07 0
1.56152 10 2616.5 1.0744e-07 0
1.56152 10 3712.11 7.08925e-08 0
1.56152 10 5266.46 4.65336e-08 0
1.56152 10 7471.67 3.05077e-08 0
1.56152 10 10600.3 1.99208e-08 0
1.56152 10 15038.9 1.29063e-08 0
1.56152 10 21336 8.26553e-09 0
1.56152 10 30270 5.21431e-09 0
1.56152 10 42944.9 3.2299e-09 0
1.56152 10 60927 1.95899e-09 0
1.56152 10 86438.8 1.16113e-09 0
1.56152 10 122633 6.72886e-10 0
1.56152 10 173983 3.82927e-10 0
1.56152 10 246834 2.13556e-10 0
1.56152 10 350190 1.14969e-10 0
1.56152 10 496824 5.95793e-11 0
1.56152 10 704857 2.85887e-11 0
1.56152 10 1e+06 1.09706e-11 0

3.80755 10 1e-06 0.463497 0
3.80755 10 1.41873e-06 0.463497 0
3.80755 10 2.01279e-06 0.463496 0
3.80755 10 2.85559e-06 0.463496 0
3.80755 10 4.0513e-06 0.463495 0
3.80755 10 5.74769e-06 0.463494 0
3.80755 10 8.15441e-06 0.463492 0
3.80755 10 1.15689e-05 0.463489 0
3.80755 10 1.64131e-05 0.463486 0
3.80755 10 2.32857e-05 0.46348 0
3.80755 10 3.3036e-05 0.463473 0
3.80755 10 4.6869e-05 0.463463 0
3.80755 10 6.64944e-05 0.463448 0
3.80755 10 9.43373e-05 0.463427 0
3.80755 10 0.000133839 0.463398 0
3.80755 10 0.000189881 0.463356 0
3.80755 10 0.000269389 0.463296 0
3.80755 10 0.000382189 0.463212 0
3.80755 10 0.000542222 0.463092 0
3.80755 10 0.000769265 0.462922 0
3.80755 10 0.00109138 0.462681 0
3.80755 10 0.00154837 0.46234 0
3.80755 10 0.00219671 0.461855 0
3.80755 10 0.00311653 0.461169 0
3.80755 10 0.0044215 0.460197 0
3.80755 10 0.0062729 0.458822 0
3.80755 10 0.00889953 0.456876 0
3.80755 10 0.012626 0.454129 0
3.80755 10 0.0179128 0.450257 0
3.80755 10 0.0254134 0.444815 0
3.80755 10 0.0360547 0.437197 0
3.80755 10 0.0511518 0.426592 0
3.80755 10 0.0725704 0.41195 0
3.80755 10 0.102958 0.391968 0
3.80755 10 0.146069 0.365154 0
3.80755 10 0.207231 0.330035 0
3.80755 10 0.294005 0.285636 0
3.80755 10 0.417112 0.232341 0
3.80755 10 0.591769 0.173109 0
3.80755 10 0.839558 0.114403 0
3.80755 10 1.1911 0.0649702 0
3.80755 10 1.68985 0.0310713 0
3.80755 10 2.39743 0.0125814 0
3.80755 10 3.4013 0.00471073 0
3.80755 10 4.82552 0.00185475 0
3.80755 10 6.8461 0.000868476 0
3.80755 10 9.71274 0.000415975 0
3.80755 10 13.7797 0.000196013 0
3.80755 10 19.5497 0.00011049 0
3.80755 10 27.7356 5.4245e-05 0
3.80755 10 39.3493 2.81992e-05 0
3.80755 10 55.8259 1.60219e-05 0
3.80755 10 79.2016 9.23136e-06 0
3.80755 10 112.365 5.53217e-06 0
3.80755 10 159.416 3.43972e-06 0
3.80755 10 226.168 2.15776e-06 0
3.80755 10 320.87 1.35783e-06 0
3.80755 10 455.227 8.75325e-07 0
3.80755 10 645.842 5.76372e-07 0
3.80755 10 916.274 3.73356e-07 0
3.80755 10 1299.94 2.43541e-07 0
3.80755 10 1844.26 1.61244e-07 0
3.80755 10 2616.5 1.07819e-07 0
3.80755 10 3712.11 7.10728e-08 0
3.80755 10 5266.46 4.66191e-08 0
3.80755 10 7471.67 3.05481e-08 0
3.80755 10 10600.3 1.99396e-08 0
3.80755 10 15038.9 1.2915e-08 0
3.80755 10 21336 8.26948e-09 0
3.80755 10 30270 5.21606e-09 0
3.80755 10 42944.9 3.23065e-09 0
3.80755 10 60927 1.9593e-09 0
3.80755 10 86438.8 1.16125e-09 0
3.80755 10 122633 6.72935e-10 0
3.80755 10 173983 3.82945e-10 0
3.80755 10 246834 2.13563e-10 0
3.80755 10 350190 1.14972e-10 0
3.80755 10 496824 5.95802e-11 0
3.80755 10 704857 2.8589e-11 0
3.80755 10 1e+06 1.09707e-11 0

9.28415 10 1e-06 0.103382 0
9.28415 10 1.41873e-06 0.103382 0
9.28415 10 2.01279e-06 0.103382 0
9.28415 10 2.85559e-06 0.103382 0
9.28415 10 4.0513e-06 0.103382 0
9.28415 10 5.74769e-06 0.103382 0
9.28415 10 8.15441e-06 0.103381 0
9.28415 10 1.15689e-05 0.103381 0
9.28415 10 1.64131e-05 0.10338 0
9.28415 10 2.32857e-05 0.103379 0
9.28415 10 3.3036e-05 0.103377 0
9.28415 10 4.6869e-05 0.103375 0
9.28415 10 6.64944e-05 0.103372 0
9.28415 10 9.43373e-05 0.103368 0
9.28415 10 0.000133839 0.103362 0
9.28415 10 0.000189881 0.103353 0
9.28415 10 0.000269389 0.103341 0
9.28415 10 0.000382189 0.103324 0
9.28415 10 0.000542222 0.1033 0
9.28415 10 0.000769265 0.103265 0
9.28415 10 0.00109138 0.103216 0
9.28415 10 0.00154837 0.103146 0
9.28415 10 0.00219671 0.103047 0
9.28415 10 0.00311653 0.102908 0
9.28415 10 0.0044215 0.102709 0
9.28415 10 0.0062729 0.102429 0
9.28415 10 0.00889953 0.102033 0
9.28415 10 0.012626 0.101474 0
9.28415 10 0.0179128 0.100687 0
9.28415 10 0.0254134 0.0995824 0
9.28415 10 0.0360547 0.098039 0
9.28415 10 0.0511518 0.0958958 0
9.28415 10 0.0725704 0.0929457 0
9.28415 10 0.102958 0.0889336 0
9.28415 10 0.146069 0.0835674 0
9.28415 10 0.207231 0.0765528 0
9.28415 10 0.294005 0.0676677 0
9.28415 10 0.417112 0.0569 0
9.28415 10 0.591769 0.044663 0
9.28415 10 0.839558 0.0320265 0
9.28415 10 1.1911 0.0206251 0
9.28415 10 1.68985 0.0118472 0
9.28415 10 2.39743 0.00610619 0
9.28415 10 3.4013 0.00296451 0
9.28415 10 4.82552 0.0014528 0
9.28415 10 6.8461 0.000773514 0
9.28415 10 9.71274 0.000400384 0
9.28415 10 13.7797 0.000200016 0
9.28415 10 19.5497 0.000115066 0
9.28415 10 27.7356 5.81904e-05 0
9.28415 10 39.3493 3.06008e-05 0
9.28415 10 55.8259 1.73128e-05 0
9.28415 10 79.2016 9.89818e-06 0
9.28415 10 112.365 5.8645e-06 0
9.28415 10 159.416 3.60177e-06 0
9.28415 10 226.168 2.23635e-06 0
9.28415 10 320.87 1.39581e-06 0
9.28415 10 455.227 8.93539e-07 0
9.28415 10 645.842 5.85067e-07 0
9.28415 10 916.274 3.77524e-07 0
9.28415 10 1299.94 2.45536e-07 0
9.28415 10 1844.26 1.62195e-07 0
9.28415 10 2616.5 1.08272e-07 0
9.28415 10 3712.11 7.12886e-08 0
9.28415 10 5266.46 4.67216e-08 0
9.28415 10 7471.67 3.05965e-08 0
9.28415 10 10600.3 1.99623e-08 0
9.28415 10 15038.9 1.29255e-08 0
9.28415 10 21336 8.27424e-09 0
9.28415 10 30270 5.21816e-09 0
9.28415 10 42944.9 3.23155e-09 0
9.28415 10 60927 1.95967e-09 0
9.28415 10 86438.8 1.1614e-09 0
9.28415 10 122633 6.72992e-10 0
9.28415 10 173983 3.82967e-10 0
9.28415 10 246834 2.13571e-10 0
9.28415 10 350190 1.14974e-10 0
9.28415 10 496824 5.95812e-11 0
9.28415 10 704857 2.85894e-11 0
9.28415 10 1e+06 1.09708e-11 0

22.638 10 1e-06 0.00629196 0
22.638 10 1.41873e-06 0.00629195 0
22.638 10 2.01279e-06 0.00629195 0
22.638 10 2.85559e-06 0.00629195 0
22.638 10 4.0513e-06 0.00629194 0
22.638 10 5.74769e-06 0.00629193 0
22.638 10 8.15441e-06 0.00629192 0
22.638 10 1.15689e-05 0.0062919 0
22.638 10 1.64131e-05 0.00629188 0
22.638 10 2.32857e-05 0.00629185 0
22.638 10 3.3036e-05 0.0062918 0
22.638 10 4.6869e-05 0.00629173 0
22.638 10 6.64944e-05 0.00629164 0
22.638 10 9.43373e-05 0.0062915 0
22.638 10 0.000133839 0.00629131 0
22.638 10 0.000189881 0.00629103 0
22.638 10 0.000269389 0.00629064 0
22.638 10 0.000382189 0.00629009 0
22.638 10 0.000542222 0.00628931 0
22.638 10 0.000769265 0.0062882 0
22.638 10 0.00109138 0.00628663 0
22.638 10 0.00154837 0.00628439 0
22.638 10 0.00219671 0.00628123 0
22.638 10 0.00311653 0.00627675 0
22.638 10 0.0044215 0.00627039 0
22.638 10 0.0062729 0.0062614 0
22.638 10 0.00889953 0.00624868 0
22.638 10 0.012626 0.0062307 0
22.638 10 0.0179128 0.00620534 0
22.638 10 0.0254134 0.00616966 0
22.638 10 0.0360547 0.00611959 0
22.638 10 0.0511518 0.00604966 0
22.638 10 0.0725704 0.00595253 0
22.638 10 0.102958 0.00581861 0
22.638 10 0.146069 0.00563571 0
22.638 10 0.207231 0.00538879 0
22.638 10 0.294005 0.00506043 0
22.638 10 0.417112 0.00463355 0
22.638 10 0.591769 0.00410068 0
22.638 10 0.839558 0.00348248 0
22.638 10 1.1911 0.00283531 0
22.638 10 1.68985 0.00221007 0
22.638 10 2.39743 0.00162511 0
22.638 10 3.4013 0.00111539 0
22.638 10 4.82552 0.000735785 0
22.638 10 6.8461 0.000481703 0
22.638 10 9.71274 0.000288909 0
22.638 10 13.7797 0.000161665 0
22.638 10 19.5497 0.000100954 0
22.638 10 27.7356 5.47085e-05 0
22.638 10 39.3493 3.01002e-05 0
22.638 10 55.8259 1.74695e-05 0
22.638 10 79.2016 1.01283e-05 0
22.638 10 112.365 6.02676e-06 0
22.638 10 159.416 3.69611e-06 0
22.638 10 226.168 2.28778e-06 0
22.638 10 320.87 1.42282e-06 0
22.638 10 455.227 9.07196e-07 0
22.638 10 645.842 5.91811e-07 0
22.638 10 916.274 3.80869e-07 0
22.638 10 1299.94 2.47176e-07 0
22.638 10 1844.26 1.62989e-07 0
22.638 10 2616.5 1.08654e-07 0
22.638 10 3712.11 7.14731e-08 0
22.638 10 5266.46 4.68103e-08 0
22.638 10 7471.67 3.06387e-08 0
22.638 10 10600.3 1.99821e-08 0
22.638 10 15038.9 1.29346e-08 0
22.638 10 21336 8.27839e-09 0
22.638 10 30270 5.21999e-09 0
22.638 10 42944.9 3.23233e-09 0
22.638 10 60927 1.95999e-09 0
22.638 10 86438.8 1.16153e-09 0
22.638 10 122633 6.73038e-10 0
22.638 10 173983 3.82983e-10 0
22.638 10 246834 2.13577e-10 0
22.638 10 350190 1.14976e-10 0
22.638 10 496824 5.95818e-11 0
22.638 10 704857 2.85896e-11 0
22.638 10 1e+06 1.09709e-11 0

55.1995 10 1e-06 0.000552091 0
55.1995 10 1.41873e-06 0.000552091 0
55.1995 10 2.01279e-06 0.000552091 0
55.1995 10 2.85559e-06 0.00055209 0
55.1995 10 4.0513e-06 0.00055209 0
55.1995 10 5.74769e-06 0.00055209 0
55.1995 10 8.15441e-06 0.00055209 0
55.1995 10 1.15689e-05 0.000552089 0
55.1995 10 1.64131e-05 0.000552089 0
55.1995 10 2.32857e-05 0.000552088 0
55.1995 10 3.3036e-05 0.000552087 0
55.1995 10 4.6869e-05 0.000552085 0
55.1995 10 6.64944e-05 0.000552083 0
55.1995 10 9.43373e-05 0.00055208 0
55.1995 10 0.000133839 0.000552075 0
55.1995 10 0.000189881 0.000552069 0
55.1995 10 0.000269389 0.000552059 0
55.1995 10 0.000382189 0.000552046 0
55.1995 10 0.000542222 0.000552027 0
55.1995 10 0.000769265 0.000552001 0
55.1995 10 0.00109138 0.000551963 0
55.1995 10 0.00154837 0.00055191 0
55.1995 10 0.00219671 0.000551834 0
55.1995 10 0.00311653 0.000551726 0
55.1995 10 0.0044215 0.000551574 0
55.1995 10 0.0062729 0.000551359 0
55.1995 10 0.00889953 0.000551054 0
55.1995 10 0.012626 0.000550623 0
55.1995 10 0.0179128 0.000550014 0
55.1995 10 0.0254134 0.000549156 0
55.1995 10 0.0360547 0.000547949 0
55.1995 10 0.0511518 0.000546253 0
55.1995 10 0.0725704 0.000543876 0
55.1995 10 0.102958 0.00054054 0
55.1995 10 0.146069 0.000535838 0
55.1995 10 0.207231 0.000529139 0
55.1995 10 0.294005 0.000519445 0
55.1995 10 0.417112 0.0005053 0
55.1995 10 0.591769 0.000485182 0
55.1995 10 0.839558 0.000458884 0
55.1995 10 1.1911 0.000428253 0
55.1995 10 1.68985 0.000392887 0
55.1995 10 2.39743 0.000346229 0
55.1995 10 3.4013 0.000287486 0
55.1995 10 4.82552 0.000232497 0
55.1995 10 6.8461 0.000184309 0
55.1995 10 9.71274 0.000132527 0
55.1995 10 13.7797 8.70308e-05 0
55.1995 10 19.5497 6.29947e-05 0
55.1995 10 27.7356 3.87251e-05 0
55.1995 10 39.3493 2.34548e-05 0
55.1995 10 55.8259 1.47132e-05 0
55.1995 10 79.2016 9.032e-06 0
55.1995 10 112.365 5.5927e-06 0
55.1995 10 159.416 3.52252e-06 0
55.1995 10 226.168 2.21931e-06 0
55.1995 10 320.87 1.39622e-06 0
55.1995 10 455.227 8.96589e-07 0
55.1995 10 645.842 5.87448e-07 0
55.1995 10 916.274 3.79155e-07 0
55.1995 10 1299.94 2.46493e-07 0
55.1995 10 1844.26 1.62706e-07 0
55.1995 10 2616.5 1.08533e-07 0
55.1995 10 3712.11 7.1424e-08 0
55.1995 10 5266.46 4.67904e-08 0
55.1995 10 7471.67 3.06302e-08 0
55.1995 10 10600.3 1.99784e-08 0
55.1995 10 15038.9 1.29329e-08 0
55.1995 10 21336 8.2776e-09 0
55.1995 10 30270 5.21961e-09 0
55.1995 10 42944.9 3.23214e-09 0
55.1995 10 60927 1.95989e-09 0
55.1995 10 86438.8 1.16148e-09 0
55.1995 10 122633 6.73015e-10 0
55.1995 10 173983 3.82972e-10 0
55.1995 10 246834 2.13572e-10 0
55.1995 10 350190 1.14974e-10 0
55.1995 10 496824 5.95809e-11 0
55.1995 10 704857 2.85892e-11 0
55.1995 10 1e+06 1.09708e-11 0

134.596 10 1e-06 8.24204e-05 0
134.596 10 1.41873e-06 8.24204e-05 0
134.596 10 2.01279e-06 8.24204e-05 0
134.596 10 2.85559e-06 8.24204e-05 0
134.596 10 4.0513e-06 8.24204e-05 0
134.596 10 5.74769e-06 8.24203e-05 0
134.596 10 8.15441e-06 8.24203e-05 0
134.596 10 1.15689e-05 8.24203e-05 0
134.596 10 1.64131e-05 8.24203e-05 0
134.596 10 2.32857e-05 8.24202e-05 0
134.596 10 3.3036e-05 8.24202e-05 0
134.596 10 4.6869e-05 8.24201e-05 0
134.596 10 6.64944e-05 8.242e-05 0
134.596 10 9.43373e-05 8.24198e-05 0
134.596 10 0.000133839 8.24196e-05 0
134.596 10 0.000189881 8.24193e-05 0
134.596 10 0.000269389 8.24189e-05 0
134.596 10 0.000382189 8.24182e-05 0
134.596 10 0.000542222 8.24174e-05 0
134.596 10 0.000769265 8.24161e-05 0
134.596 10 0.00109138 8.24143e-05 0
134.596 10 0.00154837 8.24118e-05 0
134.596 10 0.00219671 8.24082e-05 0
134.596 10 0.00311653 8.24031e-05 0
134.596 10 0.0044215 8.23959e-05 0
134.596 10 0.0062729 8.23857e-05 0
134.596 10 0.00889953 8.23713e-05 0
134.596 10 0.012626 8.23509e-05 0
134.596 10 0.0179128 8.23223e-05 0
134.596 10 0.0254134 8.22822e-05 0
134.596 10 0.0360547 8.22259e-05 0
134.596 10 0.0511518 8.21473e-05 0
134.596 10 0.0725704 8.20372e-05 0
134.596 10 0.102958 8.18818e-05 0
134.596 10 0.146069 8.1658e-05 0
134.596 10 0.207231 8.13237e-05 0
134.596 10 0.294005 8.08006e-05 0
134.596 10 0.417112 7.9962e-05 0
134.596 10 0.591769 7.86735e-05 0
134.596 10 0.839558 7.6954e-05 0
134.596 10 1.1911 7.5067e-05 0
134.596 10 1.68985 7.29232e-05 0
134.596 10 2.39743 6.927e-05 0
134.596 10 3.4013 6.34741e-05 0
134.596 10 4.82552 5.78376e-05 0
134.596 10 6.8461 5.23309e-05 0
134.596 10 9.71274 4.39918e-05 0
134.596 10 13.7797 3.41542e-05 0
134.596 10 19.5497 2.8756e-05 0
134.596 10 27.7356 2.09246e-05 0
134.596 10 39.3493 1.45728e-05 0
134.596 10 55.8259 1.03257e-05 0
134.596 10 79.2016 7.00672e-06 0
134.596 10 112.365 4.68529e-06 0
134.596 10 159.416 3.12168e-06 0
134.596 10 226.168 2.04772e-06 0
134.596 10 320.87 1.32471e-06 0
134.596 10 455.227 8.66426e-07 0
134.596 10 645.842 5.74476e-07 0
134.596 10 916.274 3.73783e-07 0
134.596 10 1299.94 2.44244e-07 0
134.596 10 1844.26 1.61734e-07 0
134.596 10 2616.5 1.08104e-07 0
134.596 10 3712.11 7.1241e-08 0
134.596 10 5266.46 4.67119e-08 0
134.596 10 7471.67 3.05955e-08 0
134.596 10 10600.3 1.99628e-08 0
134.596 10 15038.9 1.29258e-08 0
134.596 10 21336 8.27431e-09 0
134.596 10 30270 5.21807e-09 0
134.596 10 42944.9 3.23141e-09 0
134.596 10 60927 1.95955e-09 0
134.596 10 86438.8 1.16132e-09 0
134.596 10 122633 6.72939e-10 0
134.596 10 173983 3.82938e-10 0
134.596 10 246834 2.13557e-10 0
134.596 10 350190 1.14968e-10 0
134.596 10 496824 5.95784e-11 0
134.596 10 704857 2.85883e-11 0
134.596 10 1e+06 1.09705e-11 0

328.193 10 1e-06 1.88689e-05 0
328.193 10 1.41873e-06 1.88689e-05 0
328.193 10 2.01279e-06 1.88689e-05 0
328.193 10 2.85559e-06 1.88689e-05 0
328.193 10 4.0513e-06 1.88689e-05 0
328.193 10 5.74769e-06 1.88689e-05 0
328.193 10 8.15441e-06 1.88689e-05 0
328.193 10 1.15689e-05 1.88689e-05 0
328.193 10 1.64131e-05 1.88689e-05 0
328.193 10 2.32857e-05 1.88689e-05 0
328.193 10 3.3036e-05 1.88689e-05 0
328.193 10 4.6869e-05 1.88689e-05 0
328.193 10 6.64944e-05 1.88689e-05 0
328.193 10 9.43373e-05 1.88688e-05 0
328.193 10 0.000133839 1.88688e-05 0
328.193 10 0.000189881 1.88688e-05 0
328.193 10 0.000269389 1.88688e-05 0
328.193 10 0.000382189 1.88687e-05 0
328.193 10 0.000542222 1.88687e-05 0
328.193 10 0.000769265 1.88686e-05 0
328.193 10 0.00109138 1.88684e-05 0
328.193 10 0.00154837 1.88682e-05 0
328.193 10 0.00219671 1.8868e-05 0
328.193 10 0.00311653 1.88676e-05 0
328.193 10 0.0044215 1.8867e-05 0
328.193 10 0.0062729 1.88663e-05 0
328.193 10 0.00889953 1.88652e-05 0
328.193 10 0.012626 1.88637e-05 0
328.193 10 0.0179128 1.88615e-05 0
328.193 10 0.0254134 1.88586e-05 0
328.193 10 0.0360547 1.88545e-05 0
328.193 10 0.0511518 1.88488e-05 0
328.193 10 0.0725704 1.88408e-05 0
328.193 10 0.102958 1.88296e-05 0
328.193 10 0.146069 1.8813e-05 0
328.193 10 0.207231 1.8787e-05 0
328.193 10 0.294005 1.8743e-05 0
328.193 10 0.417112 1.86666e-05 0
328.193 10 0.591769 1.85428e-05 0
328.193 10 0.839558 1.83786e-05 0
328.193 10 1.1911 1.8216e-05 0
328.193 10 1.68985 1.80477e-05 0
328.193 10 2.39743 1.76849e-05 0
328.193 10 3.4013 1.70175e-05 0
328.193 10 4.82552 1.63901e-05 0
328.193 10 6.8461 1.57896e-05 0
328.193 10 9.71274 1.45922e-05 0
328.193 10 13.7797 1.28624e-05 0
328.193 10 19.5497 1.18964e-05 0
328.193 10 27.7356 1.00749e-05 0
328.193 10 39.3493 8.13097e-06 0
328.193 10 55.8259 6.55306e-06 0
328.193 10 79.2016 5.02251e-06 0
328.193 10 112.365 3.71782e-06 0
328.193 10 159.416 2.67897e-06 0
328.193 10 226.168 1.86475e-06 0
328.193 10 320.87 1.25828e-06 0
328.193 10 455.227 8.44497e-07 0
328.193 10 645.842 5.68031e-07 0
328.193 10 916.274 3.73009e-07 0
328.193 10 1299.94 2.44806e-07 0
328.193 10 1844.26 1.62319e-07 0
328.193 10 2616.5 1.08493e-07 0
328.193 10 3712.11 7.1487e-08 0
328.193 10 5266.46 4.68525e-08 0
328.193 10 7471.67 3.06691e-08 0
328.193 10 10600.3 1.99991e-08 0
328.193 10 15038.9 1.2943e-08 0
328.193 10 21336 8.28205e-09 0
328.193 10 30270 5.22135e-09 0
328.193 10 42944.9 3.23267e-09 0
328.193 10 60927 1.95997e-09 0
328.193 10 86438.8 1.16143e-09 0
328.193 10 122633 6.72955e-10 0
328.193 10 173983 3.82931e-10 0
328.193 10 246834 2.13548e-10 0
328.193 10 350190 1.14963e-10 0
328.193 10 496824 5.9576e-11 0
328.193 10 704857 2.85873e-11 0
328.193 10 1e+06 1.09704e-11 0

800.25 10 1e-06 3.69653e-06 0
800.25 10 1.41873e-06 3.69653e-06 0
800.25 10 2.01279e-06 3.69653e-06 0
800.25 10 2.85559e-06 3.69653e-06 0
800.25 10 4.0513e-06 3.69653e-06 0
800.25 10 5.74769e-06 3.69653e-06 0
800.25 10 8.15441e-06 3.69653e-06 0
800.25 10 1.15689e-05 3.69653e-06 0
800.25 10 1.64131e-05 3.69653e-06 0
800.25 10 2.32857e-05 3.69653e-06 0
800.25 10 3.3036e-05 3.69653e-06 0
800.25 10 4.6869e-05 3.69653e-06 0
800.25 10 6.64944e-05 3.69653e-06 0
800.25 10 9.43373e-05 3.69653e-06 0
800.25 10 0.000133839 3.69653e-06 0
800.25 10 0.000189881 3.69653e-06 0
800.25 10 0.000269389 3.69653e-06 0
800.25 10 0.000382189 3.69652e-06 0
800.25 10 0.000542222 3.69652e-06 0
800.25 10 0.000769265 3.69651e-06 0
800.25 10 0.00109138 3.69651e-06 0
800.25 10 0.00154837 3.69649e-06 0
800.25 10 0.00219671 3.69648e-06 0
800.25 10 0.00311653 3.69645e-06 0
800.25 10 0.0044215 3.69642e-06 0
800.25 10 0.0062729 3.69637e-06 0
800.25 10 0.00889953 3.69631e-06 0
800.25 10 0.012626 3.69622e-06 0
800.25 10 0.0179128 3.69609e-06 0
800.25 10 0.0254134 3.69592e-06 0
800.25 10 0.0360547 3.69569e-06 0
800.25 10 0.0511518 3.69539e-06 0
800.25 10 0.0725704 3.69497e-06 0
800.25 10 0.102958 3.69438e-06 0
800.25 10 0.146069 3.69346e-06 0
800.25 10 0.207231 3.69178e-06 0
800.25 10 0.294005 3.68838e-06 0
800.25 10 0.417112 3.68155e-06 0
800.25 10 0.591769 3.66964e-06 0
800.25 10 0.839558 3.65424e-06 0
800.25 10 1.1911 3.64224e-06 0
800.25 10 1.68985 3.63374e-06 0
800.25 10 2.39743 3.60222e-06 0
800.25 10 3.4013 3.53243e-06 0
800.25 10 4.82552 3.47729e-06 0
800.25 10 6.8461 3.43904e-06 0
800.25 10 9.71274 3.31496e-06 0
800.25 10 13.7797 3.10412e-06 0
800.25 10 19.5497 3.03299e-06 0
800.25 10 27.7356 2.80958e-06 0
800.25 10 39.3493 2.51533e-06 0
800.25 10 55.8259 2.27048e-06 0
800.25 10 79.2016 1.97993e-06 0
800.25 10 112.365 1.67933e-06 0
800.25 10 159.416 1.3864e-06 0
800.25 10 226.168 1.09898e-06 0
800.25 10 320.87 8.33541e-07 0
800.25 10 455.227 6.18107e-07 0
800.25 10 645.842 4.50803e-07 0
800.25 10 916.274 3.15224e-07 0
800.25 10 1299.94 2.16879e-07 0
800.25 10 1844.26 1.48893e-07 0
800.25 10 2616.5 1.02068e-07 0
800.25 10 3712.11 6.84768e-08 0
800.25 10 5266.46 4.54496e-08 0
800.25 10 7471.67 3.00139e-08 0
800.25 10 10600.3 1.96936e-08 0
800.25 10 15038.9 1.28015e-08 0
800.25 10 21336 8.2173e-09 0
800.25 10 30270 5.19211e-09 0
800.25 10 42944.9 3.21968e-09 0
800.25 10 60927 1.9543e-09 0
800.25 10 86438.8 1.159e-09 0
800.25 10 122633 6.71936e-10 0
800.25 10 173983 3.82512e-10 0
800.25 10 246834 2.13379e-10 0
800.25 10 350190 1.14897e-10 0
800.25 10 496824 5.95506e-11 0
800.25 10 704857 2.8578e-11 0
800.25 10 1e+06 1.09675e-11 0

1951.29 10 1e-06 1.05917e-06 0
1951.29 10 1.41873e-06 1.05917e-06 0
1951.29 10 2.01279e-06 1.05917e-06 0
1951.29 10 2.85559e-06 1.05917e-06 0
1951.29 10 4.0513e-06 1.05917e-06 0
1951.29 10 5.74769e-06 1.05917e-06 0
1951.29 10 8.15441e-06 1.05917e-06 0
1951.29 10 1.15689e-05 1.05917e-06 0
1951.29 10 1.64131e-05 1.05917e-06 0
1951.29 10 2.32857e-05 1.05917e-06 0
1951.29 10 3.3036e-05 1.05917e-06 0
1951.29 10 4.6869e-05 1.05917e-06 0
1951.29 10 6.64944e-05 1.05917e-06 0
1951.29 10 9.43373e-05 1.05917e-06 0
1951.29 10 0.000133839 1.05917e-06 0
1951.29 10 0.000189881 1.05917e-06 0
1951.29 10 0.000269389 1.05917e-06 0
1951.29 10 0.000382189 1.05917e-06 0
1951.29 10 0.000542222 1.05916e-06 0
1951.29 10 0.000769265 1.05916e-06 0
1951.29 10 0.00109138 1.05916e-06 0
1951.29 10 0.00154837 1.05916e-06 0
1951.29 10 0.00219671 1.05916e-06 0
1951.29 10 0.00311653 1.05916e-06 0
1951.29 10 0.0044215 1.05915e-06 0
1951.29 10 0.0062729 1.05915e-06 0
1951.29 10 0.00889953 1.05914e-06 0
1951.29 10 0.012626 1.05913e-06 0
1951.29 10 0.0179128 1.05912e-06 0
1951.29 10 0.0254134 1.05911e-06 0
1951.29 10 0.0360547 1.05909e-06 0
1951.29 10 0.0511518 1.05906e-06 0
1951.29 10 0.0725704 1.05902e-06 0
1951.29 10 0.102958 1.05897e-06 0
1951.29 10 0.146069 1.05889e-06 0
1951.29 10 0.207231 1.05871e-06 0
1951.29 10 0.294005 1.0583e-06 0
1951.29 10 0.417112 1.05742e-06 0
1951.29 10 0.591769 1.05583e-06 0
1951.29 10 0.839558 1.0538e-06 0
1951.29 10 1.1911 1.05242e-06 0
1951.29 10 1.68985 1.05175e-06 0
1951.29 10 2.39743 1.04776e-06 0
1951.29 10 3.4013 1.03812e-06 0
1951.29 10 4.82552 1.03112e-06 0
1951.29 10 6.8461 1.02744e-06 0
1951.29 10 9.71274 1.01047e-06 0
1951.29 10 13.7797 9.79424e-07 0
1951.29 10 19.5497 9.71855e-07 0
1951.29 10 27.7356 9.39413e-07 0
1951.29 10 39.3493 8.90975e-07 0
1951.29 10 55.8259 8.49672e-07 0
1951.29 10 79.2016 7.95002e-07 0
1951.29 10 112.365 7.31057e-07 0
1951.29 10 159.416 6.59575e-07 0
1951.29 10 226.168 5.77049e-07 0
1951.29 10 320.87 4.85792e-07 0
1951.29 10 455.227 3.98001e-07 0
1951.29 10 645.842 3.17569e-07 0
1951.29 10 916.274 2.40761e-07 0
1951.29 10 1299.94 1.77104e-07 0
1951.29 10 1844.26 1.28179e-07 0
1951.29 10 2616.5 9.15096e-08 0
1951.29 10 3712.11 6.33137e-08 0
1951.29 10 5266.46 4.29718e-08 0
1951.29 10 7471.67 2.88316e-08 0
1951.29 10 10600.3 1.91333e-08 0
1951.29 10 15038.9 1.25387e-08 0
1951.29 10 21336 8.09561e-09 0
1951.29 10 30270 5.13655e-09 0
1951.29 10 42944.9 3.19468e-09 0
1951.29 10 60927 1.94322e-09 0
1951.29 10 86438.8 1.15418e-09 0
1951.29 10 122633 6.6988e-10 0
1951.29 10 173983 3.81652e-10 0
1951.29 10 246834 2.13027e-10 0
1951.29 10 350190 1.14756e-10 0
1951.29 10 496824 5.94965e-11 0
1951.29 10 704857 2.85582e-11 0
1951.29 10 1e+06 1.09615e-11 0

4757.94 10 1e-06 3.31309e-07 0
4757.94 10 1.41873e-06 3.31309e-07 0
4757.94 10 2.01279e-06 3.31309e-07 0
4757.94 10 2.85559e-06 3.31309e-07 0
4757.94 10 4.0513e-06 3.31309e-07 0
4757.94 10 5.74769e-06 3.31309e-07 0
4757.94 10 8.15441e-06 3.31309e-07 0
4757.94 10 1.15689e-05 3.31309e-07 0
4757.94 10 1.64131e-05 3.31309e-07 0
4757.94 10 2.32857e-05 3.31309e-07 0
4757.94 10 3.3036e-05 3.31309e-07 0
4757.94 10 4.6869e-05 3.31309e-07 0
4757.94 10 6.64944e-05 3.31309e-07 0
4757.94 10 9.43373e-05 3.31309e-07 0
4757.94 10 0.000133839 3.31309e-07 0
4757.94 10 0.000189881 3.31309e-07 0
4757.94 10 0.000269389 3.31309e-07 0
4757.94 10 0.000382189 3.31309e-07 0
4757.94 10 0.000542222 3.31309e-07 0
4757.94 10 0.000769265 3.31309e-07 0
4757.94 10 0.00109138 3.31309e-07 0
4757.94 10 0.00154837 3.31309e-07 0
4757.94 10 0.00219671 3.31309e-07 0
4757.94 10 0.00311653 3.31308e-07 0
4757.94 10 0.0044215 3.31308e-07 0
4757.94 10 0.0062729 3.31308e-07 0
4757.94 10 0.00889953 3.31307e-07 0
4757.94 10 0.012626 3.31306e-07 0
4757.94 10 0.0179128 3.31305e-07 0
4757.94 10 0.0254134 3.31303e-07 0
4757.94 10 0.0360547 3.31301e-07 0
4757.94 10 0.0511518 3.31299e-07 0
4757.94 10 0.0725704 3.31296e-07 0
4757.94 10 0.102958 3.31293e-07 0
4757.94 10 0.146069 3.31285e-07 0
4757.94 10 0.207231 3.31265e-07 0
4757.94 10 0.294005 3.31213e-07 0
4757.94 10 0.417112 3.31091e-07 0
4757.94 10 0.591769 3.30865e-07 0
4757.94 10 0.839558 3.3058e-07 0
4757.94 10 1.1911 3.3041e-07 0
4757.94 10 1.68985 3.30371e-07 0
4757.94 10 2.39743 3.29834e-07 0
4757.94 10 3.4013 3.28441e-07 0
4757.94 10 4.82552 3.27511e-07 0
4757.94 10 6.8461 3.27178e-07 0
4757.94 10 9.71274 3.24804e-07 0
4757.94 10 13.7797 3.20235e-07 0
4757.94 10 19.5497 3.19572e-07 0
4757.94 10 27.7356 3.15049e-07 0
4757.94 10 39.3493 3.07764e-07 0
4757.94 10 55.8259 3.01724e-07 0
4757.94 10 79.2016 2.93203e-07 0
4757.94 10 112.365 2.82528e-07 0
4757.94 10 159.416 2.69546e-07 0
4757.94 10 226.168 2.52684e-07 0
4757.94 10 320.87 2.31113e-07 0
4757.94 10 455.227 2.06976e-07 0
4757.94 10 645.842 1.80907e-07 0
4757.94 10 916.274 1.51085e-07 0
4757.94 10 1299.94 1.21802e-07 0
4757.94 10 1844.26 9.55766e-08 0
4757.94 10 2616.5 7.30503e-08 0
4757.94 10 3712.11 5.34892e-08 0
4757.94 10 5266.46 3.79427e-08 0
4757.94 10 7471.67 2.63146e-08 0
4757.94 10 10600.3 1.78977e-08 0
4757.94 10 15038.9 1.19439e-08 0
4757.94 10 21336 7.81488e-09 0
4757.94 10 30270 5.00659e-09 0
4757.94 10 42944.9 3.13562e-09 0
4757.94 10 60927 1.91686e-09 0
4757.94 10 86438.8 1.14264e-09 0
4757.94 10 122633 6.64943e-10 0
4757.94 10 173983 3.79582e-10 0
4757.94 10 246834 2.12175e-10 0
4757.94 10 350190 1.14418e-10 0
4757.94 10 496824 5.93654e-11 0
4757.94 10 704857 2.851e-11 0
4757.94 10 1e+06 1.09469e-11 0

11601.6 10 1e-06 1.14263e-07 0
11601.6 10 1.41873e-06 1.14263e-07 0
11601.6 10 2.01279e-06 1.14263e-07 0
11601.6 10 2.85559e-06 1.14263e-07 0
11601.6 10 4.0513e-06 1.14263e-07 0
11601.6 10 5.74769e-06 1.14263e-07 0
11601.6 10 8.15441e-06 1.14263e-07 0
11601.6 10 1.15689e-05 1.14263e-07 0
11601.6 10 1.64131e-05 1.14263e-07 0
11601.6 10 2.32857e-05 1.14263e-07 0
11601.6 10 3.3036e-05 1.14263e-07 0
11601.6 10 4.6869e-05 1.14263e-07 0
11601.6 10 6.64944e-05 1.14263e-07 0
11601.6 10 9.43373e-05 1.14263e-07 0
11601.6 10 0.000133839 1.14263e-07 0
11601.6 10 0.000189881 1.14263e-07 0
11601.6 10 0.000269389 1.14263e-07 0
11601.6 10 0.000382189 1.14263e-07 0
11601.6 10 0.000542222 1.14263e-07 0
11601.6 10 0.000769265 1.14263e-07 0
11601.6 10 0.00109138 1.14263e-07 0
11601.6 10 0.00154837 1.14263e-07 0
11601.6 10 0.00219671 1.14263e-07 0
11601.6 10 0.00311653 1.14263e-07 0
11601.6 10 0.0044215 1.14262e-07 0
11601.6 10 0.0062729 1.14262e-07 0
11601.6 10 0.00889953 1.14262e-07 0
11601.6 10 0.012626 1.14262e-07 0
11601.6 10 0.0179128 1.14262e-07 0
11601.6 10 0.0254134 1.14262e-07 0
11601.6 10 0.0360547 1.14262e-07 0
11601.6 10 0.0511518 1.14261e-07 0
11601.6 10 0.0725704 1.14261e-07 0
11601.6 10 0.102958 1.14261e-07 0
11601.6 10 0.146069 1.1426e-07 0
11601.6 10 0.207231 1.14257e-07 0
11601.6 10 0.294005 1.14249e-07 0
11601.6 10 0.417112 1.14231e-07 0
11601.6 10 0.591769 1.14196e-07 0
11601.6 10 0.839558 1.14153e-07 0
11601.6 10 1.1911 1.14128e-07 0
11601.6 10 1.68985 1.14125e-07 0
11601.6 10 2.39743 1.14045e-07 0
11601.6 10 3.4013 1.1383e-07 0
11601.6 10 4.82552 1.13691e-07 0
11601.6 10 6.8461 1.13652e-07 0
11601.6 10 9.71274 1.13289e-07 0
11601.6 10 13.7797 1.12578e-07 0
11601.6 10 19.5497 1.12503e-07 0
11601.6 10 27.7356 1.11815e-07 0
11601.6 10 39.3493 1.10671e-07 0
11601.6 10 55.8259 1.09735e-07 0
11601.6 10 79.2016 1.08378e-07 0
11601.6 10 112.365 1.06627e-07 0
11601.6 10 159.416 1.04415e-07 0
11601.6 10 226.168 1.01372e-07 0
11601.6 10 320.87 9.7162e-08 0
11601.6 10 455.227 9.20044e-08 0
11601.6 10 645.842 8.57836e-08 0
11601.6 10 916.274 7.76293e-08 0
11601.6 10 1299.94 6.82954e-08 0
11601.6 10 1844.26 5.84924e-08 0
11601.6 10 2616.5 4.86095e-08 0
11601.6 10 3712.11 3.85658e-08 0
11601.6 10 5266.46 2.93636e-08 0
11601.6 10 7471.67 2.15996e-08 0
11601.6 10 10600.3 1.54053e-08 0
11601.6 10 15038.9 1.0673e-08 0
11601.6 10 21336 7.18824e-09 0
11601.6 10 30270 4.70699e-09 0
11601.6 10 42944.9 2.9963e-09 0
11601.6 10 60927 1.85371e-09 0
11601.6 10 86438.8 1.11472e-09 0
11601.6 10 122633 6.52912e-10 0
11601.6 10 173983 3.74517e-10 0
11601.6 10 246834 2.10087e-10 0
11601.6 10 350190 1.13586e-10 0
11601.6 10 496824 5.90432e-11 0
11601.6 10 704857 2.83915e-11 0
11601.6 10 1e+06 1.0911e-11 0

28288.7 10 1e-06 3.85787e-08 0
28288.7 10 1.41873e-06 3.85787e-08 0
28288.7 10 2.01279e-06 3.85787e-08 0
28288.7 10 2.85559e-06 3.85787e-08 0
28288.7 10 4.0513e-06 3.85787e-08 0
28288.7 10 5.74769e-06 3.85787e-08 0
28288.7 10 8.15441e-06 3.85787e-08 0
28288.7 10 1.15689e-05 3.85787e-08 0
28288.7 10 1.64131e-05 3.85787e-08 0
28288.7 10 2.32857e-05 3.85787e-08 0
28288.7 10 3.3036e-05 3.85787e-08 0
28288.7 10 4.6869e-05 3.85787e-08 0
28288.7 10 6.64944e-05 3.85787e-08 0
28288.7 10 9.43373e-05 3.85787e-08 0
28288.7 10 0.000133839 3.85787e-08 0
28288.7 10 0.000189881 3.85787e-08 0
28288.7 10 0.000269389 3.85787e-08 0
28288.7 10 0.000382189 3.85787e-08 0
28288.7 10 0.000542222 3.85787e-08 0
28288.7 10 0.000769265 3.85787e-08 0
28288.7 10 0.00109138 3.85787e-08 0
28288.7 10 0.00154837 3.85787e-08 0
28288.7 10 0.00219671 3.85787e-08 0
28288.7 10 0.00311653 3.85787e-08 0
28288.7 10 0.0044215 3.85787e-08 0
28288.7 10 0.0062729 3.85787e-08 0
28288.7 10 0.00889953 3.85787e-08 0
28288.7 10 0.012626 3.85786e-08 0
28288.7 10 0.0179128 3.85786e-08 0
28288.7 10 0.0254134 3.85786e-08 0
28288.7 10 0.0360547 3.85786e-08 0
28288.7 10 0.0511518 3.85786e-08 0
28288.7 10 0.0725704 3.85785e-08 0
28288.7 10 0.102958 3.85785e-08 0
28288.7 10 0.146069 3.85784e-08 0
28288.7 10 0.207231 3.8578e-08 0
28288.7 10 0.294005 3.85769e-08 0
28288.7 10 0.417112 3.85741e-08 0
28288.7 10 0.591769 3.85687e-08 0
28288.7 10 0.839558 3.8562e-08 0
28288.7 10 1.1911 3.85584e-08 0
28288.7 10 1.68985 3.85586e-08 0
28288.7 10 2.39743 3.85464e-08 0
28288.7 10 3.4013 3.8513e-08 0
28288.7 10 4.82552 3.84922e-08 0
28288.7 10 6.8461 3.8488e-08 0
28288.7 10 9.71274 3.84328e-08 0
28288.7 10 13.7797 3.83224e-08 0
28288.7 10 19.5497 3.83157e-08 0
28288.7 10 27.7356 3.82128e-08 0
28288.7 10 39.3493 3.80375e-08 0
28288.7 10 55.8259 3.7899e-08 0
28288.7 10 79.2016 3.76955e-08 0
28288.7 10 112.365 3.74306e-08 0
28288.7 10 159.416 3.70922e-08 0
28288.7 10 226.168 3.66134e-08 0
28288.7 10 320.87 3.59225e-08 0
28288.7 10 455.227 3.50387e-08 0
28288.7 10 645.842 3.39079e-08 0
28288.7 10 916.274 3.22892e-08 0
28288.7 10 1299.94 3.02311e-08 0
28288.7 10 1844.26 2.77943e-08 0
28288.7 10 2616.5 2.49767e-08 0
28288.7 10 3712.11 2.16311e-08 0
28288.7 10 5266.46 1.80221e-08 0
28288.7 10 7471.67 1.44497e-08 0
28288.7 10 10600.3 1.11468e-08 0
28288.7 10 15038.9 8.27144e-09 0
28288.7 10 21336 5.90288e-09 0
28288.7 10 30270 4.05178e-09 0
28288.7 10 42944.9 2.67671e-09 0
28288.7 10 60927 1.70386e-09 0
28288.7 10 86438.8 1.04695e-09 0
28288.7 10 122633 6.23277e-10 0
28288.7 10 173983 3.61924e-10 0
28288.7 10 246834 2.04869e-10 0
28288.7 10 350190 1.115e-10 0
28288.7 10 496824 5.82332e-11 0
28288.7 10 704857 2.80931e-11 0
28288.7 10 1e+06 1.08196e-11 0

68977.9 10 1e-06 1.26621e-08 0
68977.9 10 1.41873e-06 1.26621e-08 0
68977.9 10 2.01279e-06 1.26621e-08 0
68977.9 10 2.85559e-06 1.26621e-08 0
68977.9 10 4.0513e-06 1.26621e-08 0
68977.9 10 5.74769e-06 1.26621e-08 0
68977.9 10 8.15441e-06 1.26621e-08 0
68977.9 10 1.15689e-05 1.26621e-08 0
68977.9 10 1.64131e-05 1.26621e-08 0
68977.9 10 2.32857e-05 1.26621e-08 0
68977.9 10 3.3036e-05 1.26621e-08 0
68977.9 10 4.6869e-05 1.26621e-08 0
68977.9 10 6.64944e-05 1.26621e-08 0
68977.9 10 9.43373e-05 1.26621e-08 0
68977.9 10 0.000133839 1.26621e-08 0
68977.9 10 0.000189881 1.26621e-08 0
68977.9 10 0.000269389 1.26621e-08 0
68977.9 10 0.000382189 1.26621e-08 0
68977.9 10 0.000542222 1.26621e-08 0
68977.9 10 0.000769265 1.26621e-08 0
68977.9 10 0.00109138 1.26621e-08 0
68977.9 10 0.00154837 1.26621e-08 0
68977.9 10 0.00219671 1.26621e-08 0
68977.9 10 0.00311653 1.26621e-08 0
68977.9 10 0.0044215 1.26621e-08 0
68977.9 10 0.0062729 1.26621e-08 0
68977.9 10 0.00889953 1.26621e-08 0
68977.9 10 0.012626 1.26621e-08 0
68977.9 10 0.0179128 1.26621e-08 0
68977.9 10 0.0254134 1.26621e-08 0
68977.9 10 0.0360547 1.26621e-08 0
68977.9 10 0.0511518 1.26621e-08 0
68977.9 10 0.0725704 1.26621e-08 0
68977.9 10 0.102958 1.26621e-08 0
68977.9 10 0.146069 1.26621e-08 0
68977.9 10 0.207231 1.2662e-08 0
68977.9 10 0.294005 1.26618e-08 0
68977.9 10 0.417112 1.26614e-08 0
68977.9 10 0.591769 1.26606e-08 0
68977.9 10 0.839558 1.26595e-08 0
68977.9 10 1.1911 1.2659e-08 0
68977.9 10 1.68985 1.26591e-08 0
68977.9 10 2.39743 1.26572e-08 0
68977.9 10 3.4013 1.2652e-08 0
68977.9 10 4.82552 1.26488e-08 0
68977.9 10 6.8461 1.26484e-08 0
68977.9 10 9.71274 1.26399e-08 0
68977.9 10 13.7797 1.26226e-08 0
68977.9 10 19.5497 1.26222e-08 0
68977.9 10 27.7356 1.26066e-08 0
68977.9 10 39.3493 1.25797e-08 0
68977.9 10 55.8259 1.25592e-08 0
68977.9 10 79.2016 1.25288e-08 0
68977.9 10 112.365 1.24893e-08 0
68977.9 10 159.416 1.24389e-08 0
68977.9 10 226.168 1.23666e-08 0
68977.9 10 320.87 1.22601e-08 0
68977.9 10 455.227 1.21217e-08 0
68977.9 10 645.842 1.19403e-08 0
68977.9 10 916.274 1.1668e-08 0
68977.9 10 1299.94 1.13022e-08 0
68977.9 10 1844.26 1.08397e-08 0
68977.9 10 2616.5 1.02585e-08 0
68977.9 10 3712.11 9.48865e-09 0
68977.9 10 5266.46 8.54263e-09 0
68977.9 10 7471.67 7.45948e-09 0
68977.9 10 10600.3 6.29187e-09 0
68977.9 10 15038.9 5.10501e-09 0
68977.9 10 21336 3.96813e-09 0
68977.9 10 30270 2.94482e-09 0
68977.9 10 42944.9 2.08236e-09 0
68977.9 10 60927 1.40304e-09 0
68977.9 10 86438.8 9.02671e-10 0
68977.9 10 122633 5.57344e-10 0
68977.9 10 173983 3.32977e-10 0
68977.9 10 246834 1.92587e-10 0
68977.9 10 350190 1.06507e-10 0
68977.9 10 496824 5.62716e-11 0
68977.9 10 704857 2.73637e-11 0
68977.9 10 1e+06 1.05938e-11 0

168192 10 1e-06 3.92166e-09 0
168192 10 1.41873e-06 3.92166e-09 0
168192 10 2.01279e-06 3.92166e-09 0
168192 10 2.85559e-06 3.92166e-09 0
168192 10 4.0513e-06 3.92166e-09 0
168192 10 5.74769e-06 3.92166e-09 0
168192 10 8.15441e-06 3.92166e-09 0
168192 10 1.15689e-05 3.92166e-09 0
168192 10 1.64131e-05 3.92166e-09 0
168192 10 2.32857e-05 3.92166e-09 0
168192 10 3.3036e-05 3.92166e-09 0
168192 10 4.6869e-05 3.92166e-09 0
168192 10 6.64944e-05 3.92166e-09 0
168192 10 9.43373e-05 3.92166e-09 0
168192 10 0.000133839 3.92166e-09 0
168192 10 0.000189881 3.92166e-09 0
168192 10 0.000269389 3.92166e-09 0
168192 10 0.000382189 3.92166e-09 0
168192 10 0.000542222 3.92166e-09 0
168192 10 0.000769265 3.92166e-09 0
168192 10 0.00109138 3.92166e-09 0
168192 10 0.00154837 3.92166e-09 0
168192 10 0.00219671 3.92166e-09 0
168192 10 0.00311653 3.92166e-09 0
168192 10 0.0044215 3.92166e-09 0
168192 10 0.0062729 3.92166e-09 0
168192 10 0.00889953 3.92166e-09 0
168192 10 0.012626 3.92166e-09 0
168192 10 0.0179128 3.92166e-09 0
168192 10 0.0254134 3.92166e-09 0
168192 10 0.0360547 3.92166e-09 0
168192 10 0.0511518 3.92166e-09 0
168192 10 0.0725704 3.92166e-09 0
168192 10 0.102958 3.92166e-09 0
168192 10 0.146069 3.92166e-09 0
168192 10 0.207231 3.92166e-09 0
168192 10 0.294005 3.92163e-09 0
168192 10 0.417112 3.92156e-09 0
168192 10 0.591769 3.92143e-09 0
168192 10 0.839558 3.92127e-09 0
168192 10 1.1911 3.92119e-09 0
168192 10 1.68985 3.92122e-09 0
168192 10 2.39743 3.92093e-09 0
168192 10 3.4013 3.92011e-09 0
168192 10 4.82552 3.91963e-09 0
168192 10 6.8461 3.91961e-09 0
168192 10 9.71274 3.9183e-09 0
168192 10 13.7797 3.91561e-09 0
168192 10 19.5497 3.91568e-09 0
168192 10 27.7356 3.91335e-09 0
168192 10 39.3493 3.90926e-09 0
168192 10 55.8259 3.90631e-09 0
168192 10 79.2016 3.90191e-09 0
168192 10 112.365 3.89624e-09 0
168192 10 159.416 3.88907e-09 0
168192 10 226.168 3.87871e-09 0
168192 10 320.87 3.86323e-09 0
168192 10 455.227 3.84312e-09 0
168192 10 645.842 3.81663e-09 0
168192 10 916.274 3.77559e-09 0
168192 10 1299.94 3.71905e-09 0
168192 10 1844.26 3.64554e-09 0
168192 10 2616.5 3.54935e-09 0
168192 10 3712.11 3.41324e-09 0
168192 10 5266.46 3.23176e-09 0
168192 10 7471.67 3.00224e-09 0
168192 10 10600.3 2.72403e-09 0
168192 10 15038.9 2.40084e-09 0
168192 10 21336 2.04221e-09 0
168192 10 30270 1.66478e-09 0
168192 10 42944.9 1.29198e-09 0
168192 10 60927 9.50101e-10 0
168192 10 86438.8 6.61181e-10 0
168192 10 122633 4.36881e-10 0
168192 10 173983 2.76187e-10 0
168192 10 246834 1.67106e-10 0
168192 10 350190 9.56968e-11 0
168192 10 496824 5.18888e-11 0
168192 10 704857 2.56974e-11 0
168192 10 1e+06 1.00702e-11 0

410113 10 1e-06 1.05892e-09 0
410113 10 1.41873e-06 1.05892e-09 0
410113 10 2.01279e-06 1.05892e-09 0
410113 10 2.85559e-06 1.05892e-09 0
410113 10 4.0513e-06 1.05892e-09 0
410113 10 5.74769e-06 1.05892e-09 0
410113 10 8.15441e-06 1.05892e-09 0
410113 10 1.15689e-05 1.05892e-09 0
410113 10 1.64131e-05 1.05892e-09 0
410113 10 2.32857e-05 1.05892e-09 0
410113 10 3.3036e-05 1.05892e-09 0
410113 10 4.6869e-05 1.05892e-09 0
410113 10 6.64944e-05 1.05892e-09 0
410113 10 9.43373e-05 1.05892e-09 0
410113 10 0.000133839 1.05892e-09 0
410113 10 0.000189881 1.05892e-09 0
410113 10 0.000269389 1.05892e-09 0
410113 10 0.000382189 1.05892e-09 0
410113 10 0.000542222 1.05892e-09 0
410113 10 0.000769265 1.05892e-09 0
410113 10 0.00109138 1.05892e-09 0
410113 10 0.00154837 1.05892e-09 0
410113 10 0.00219671 1.05892e-09 0
410113 10 0.00311653 1.05892e-09 0
410113 10 0.0044215 1.05892e-09 0
410113 10 0.0062729 1.05892e-09 0
410113 10 0.00889953 1.05892e-09 0
410113 10 0.012626 1.05892e-09 0
410113 10 0.0179128 1.05892e-09 0
410113 10 0.0254134 1.05892e-09 0
410113 10 0.0360547 1.05892e-09 0
410113 10 0.0511518 1.05892e-09 0
410113 10 0.0725704 1.05892e-09 0
410113 10 0.102958 1.05892e-09 0
410113 10 0.146069 1.05892e-09 0
410113 10 0.207231 1.05892e-09 0
410113 10 0.294005 1.05892e-09 0
410113 10 0.417112 1.05891e-09 0
410113 10 0.591769 1.05889e-09 0
410113 10 0.839558 1.05886e-09 0
410113 10 1.1911 1.05885e-09 0
410113 10 1.68985 1.05886e-09 0
410113 10 2.39743 1.05882e-09 0
410113 10 3.4013 1.05869e-09 0
410113 10 4.82552 1.05862e-09 0
410113 10 6.8461 1.05863e-09 0
410113 10 9.71274 1.05843e-09 0
410113 10 13.7797 1.05802e-09 0
410113 10 19.5497 1.05806e-09 0
410113 10 27.7356 1.05773e-09 0
410113 10 39.3493 1.05713e-09 0
410113 10 55.8259 1.05675e-09 0
410113 10 79.2016 1.05616e-09 0
410113 10 112.365 1.05542e-09 0
410113 10 159.416 1.05452e-09 0
410113 10 226.168 1.05319e-09 0
410113 10 320.87 1.05118e-09 0
410113 10 455.227 1.04862e-09 0
410113 10 645.842 1.04528e-09 0
410113 10 916.274 1.03991e-09 0
410113 10 1299.94 1.03245e-09 0
410113 10 1844.26 1.02275e-09 0
410113 10 2616.5 1.00994e-09 0
410113 10 3712.11 9.91018e-10 0
410113 10 5266.46 9.64629e-10 0
410113 10 7471.67 9.2946e-10 0
410113 10 10600.3 8.83918e-10 0
410113 10 15038.9 8.26387e-10 0
410113 10 21336 7.55478e-10 0
410113 10 30270 6.70649e-10 0
410113 10 42944.9 5.73334e-10 0
410113 10 60927 4.68079e-10 0
410113 10 86438.8 3.62593e-10 0
410113 10 122633 2.65952e-10 0
410113 10 173983 1.85137e-10 0
410113 10 246834 1.21805e-10 0
410113 10 350190 7.47894e-11 0
410113 10 496824 4.28363e-11 0
410113 10 704857 2.2081e-11 0
410113 10 1e+06 8.8867e-12 0

1e+06 10 1e-06 2.5867e-10 0
1e+06 10 1.41873e-06 2.5867e-10 0
1e+06 10 2.01279e-06 2.5867e-10 0
1e+06 10 2.85559e-06 2.5867e-10 0
1e+06 10 4.0513e-06 2.5867e-10 0
1e+06 10 5.74769e-06 2.5867e-10 0
1e+06 10 8.15441e-06 2.5867e-10 0
1e+06 10 1.15689e-05 2.5867e-10 0
1e+06 10 1.64131e-05 2.5867e-10 0
1e+06 10 2.32857e-05 2.5867e-10 0
1e+06 10 3.3036e-05 2.5867e-10 0
1e+06 10 4.6869e-05 2.5867e-10 0
1e+06 10 6.64944e-05 2.5867e-10 0
1e+06 10 9.43373e-05 2.5867e-10 0
1e+06 10 0.000133839 2.5867e-10 0
1e+06 10 0.000189881 2.5867e-10 0
1e+06 10 0.000269389 2.5867e-10 0
1e+06 10 0.000382189 2.5867e-10 0
1e+06 10 0.000542222 2.5867e-10 0
1e+06 10 0.000769265 2.5867e-10 0
1e+06 10 0.00109138 2.5867e-10 0
1e+06 10 0.00154837 2.5867e-10 0
1e+06 10 0.00219671 2.5867e-10 0
1e+06 10 0.00311653 2.5867e-10 0
1e+06 10 0.0044215 2.5867e-10 0
1e+06 10 0.0062729 2.5867e-10 0
1e+06 10 0.00889953 2.5867e-10 0
1e+06 10 0.012626 2.5867e-10 0
1e+06 10 0.0179128 2.5867e-10 0
1e+06 10 0.0254134 2.5867e-10 0
1e+06 10 0.0360547 2.5867e-10 0
1e+06 10 0.0511518 2.5867e-10 0
1e+06 10 0.0725704 2.5867e-10 0
1e+06 10 0.102958 2.58671e-10 0
1e+06 10 0.146069 2.58671e-10 0
1e+06 10 0.207231 2.58671e-10 0
1e+06 10 0.294005 2.5867e-10 0
1e+06 10 0.417112 2.58668e-10 0
1e+06 10 0.591769 2.58665e-10 0
1e+06 10 0.839558 2.58661e-10 0
1e+06 10 1.1911 2.5866e-10 0
1e+06 10 1.68985 2.58662e-10 0
1e+06 10 2.39743 2.58655e-10 0
1e+06 10 3.4013 2.58636e-10 0
1e+06 10 4.82552 2.58626e-10 0
1e+06 10 6.8461 2.58629e-10 0
1e+06 10 9.71274 2.58599e-10 0
1e+06 10 13.7797 2.58536e-10 0
1e+06 10 19.5497 2.58548e-10 0
1e+06 10 27.7356 2.58501e-10 0
1e+06 10 39.3493 2.58414e-10 0
1e+06 10 55.8259 2.58366e-10 0
1e+06 10 79.2016 2.58291e-10 0
1e+06 10 112.365 2.58199e-10 0
1e+06 10 159.416 2.58092e-10 0
1e+06 10 226.168 2.57935e-10 0
1e+06 10 320.87 2.57688e-10 0
1e+06 10 455.227 2.57384e-10 0
1e+06 10 645.842 2.57001e-10 0
1e+06 10 916.274 2.56351e-10 0
1e+06 10 1299.94 2.55444e-10 0
1e+06 10 1844.26 2.54291e-10 0
1e+06 10 2616.5 2.52788e-10 0
1e+06 10 3712.11 2.50477e-10 0
1e+06 10 5266.46 2.47169e-10 0
1e+06 10 7471.67 2.4266e-10 0
1e+06 10 10600.3 2.36656e-10 0
1e+06 10 15038.9 2.28769e-10 0
1e+06 10 21336 2.1849e-10 0
1e+06 10 30270 2.05191e-10 0
1e+06 10 42944.9 1.88271e-10 0
1e+06 10 60927 1.67469e-10 0
1e+06 10 86438.8 1.43289e-10 0
1e+06 10 122633 1.17257e-10 0
1e+06 10 173983 9.14439e-11 0
1e+06 10 246834 6.7222e-11 0
1e+06 10 350190 4.57698e-11 0
1e+06 10 496824 2.86675e-11 0
1e+06 10 704857 1.58575e-11 0
1e+06 10 1e+06 6.70669e-12 0

