#q_sq i k_sq Re(fg) Im(fg)
1e-06 11 1e-06 -0.000613482 0
1e-06 11 1.41873e-06 -0.000613481 0
1e-06 11 2.01279e-06 -0.000613479 0
1e-06 11 2.85559e-06 -0.000613477 0
1e-06 11 4.0513e-06 -0.000613475 0
1e-06 11 5.74769e-06 -0.000613471 0
1e-06 11 8.15441e-06 -0.000613466 0
1e-06 11 1.15689e-05 -0.000613458 0
1e-06 11 1.64131e-05 -0.000613447 0
1e-06 11 2.32857e-05 -0.000613432 0
1e-06 11 3.3036e-05 -0.00061341 0
1e-06 11 4.6869e-05 -0.000613379 0
1e-06 11 6.64944e-05 -0.000613335 0
1e-06 11 9.43373e-05 -0.000613273 0
1e-06 11 0.000133839 -0.000613185 0
1e-06 11 0.000189881 -0.000613059 0
1e-06 11 0.000269389 -0.000612882 0
1e-06 11 0.000382189 -0.00061263 0
1e-06 11 0.000542222 -0.000612272 0
1e-06 11 0.000769265 -0.000611766 0
1e-06 11 0.00109138 -0.000611048 0
1e-06 11 0.00154837 -0.00061003 0
1e-06 11 0.00219671 -0.00060859 0
1e-06 11 0.00311653 -0.000606553 0
1e-06 11 0.0044215 -0.000603675 0
1e-06 11 0.0062729 -0.000599615 0
1e-06 11 0.00889953 -0.000593902 0
1e-06 11 0.012626 -0.000585892 0
1e-06 11 0.0179128 -0.000574715 0
1e-06 11 0.0254134 -0.000559227 0
1e-06 11 0.0360547 -0.000537978 0
1e-06 11 0.0511518 -0.000509229 0
1e-06 11 0.0725704 -0.000471091 0
1e-06 11 0.102958 -0.000421918 0
1e-06 11 0.146069 -0.000360972 0
1e-06 11 0.207231 -0.000289536 0
1e-06 11 0.294005 -0.000212228 0
1e-06 11 0.417112 -0.000137283 0
1e-06 11 0.591769 -7.48571e-05 0
1e-06 11 0.839558 -3.24517e-05 0
1e-06 11 1.1911 -1.02162e-05 0
1e-06 11 1.68985 -2.03913e-06 0
1e-06 11 2.39743 -3.72321e-07 0
1e-06 11 3.4013 -8.9026e-08 0
1e-06 11 4.82552 -3.01697e-08 0
1e-06 11 6.8461 -1.85556e-08 0
1e-06 11 9.71274 -5.54847e-09 0
1e-06 11 13.7797 -1.99619e-09 0
1e-06 11 19.5497 -7.58196e-10 0
1e-06 11 27.7356 -2.36478e-10 0
1e-06 11 39.3493 -8.02369e-11 0
1e-06 11 55.8259 -2.8286e-11 0
1e-06 11 79.2016 -9.93693e-12 0
1e-06 11 112.365 -3.60917e-12 0
1e-06 11 159.416 -1.35729e-12 0
1e-06 11 226.168 -5.10443e-13 0
1e-06 11 320.87 -1.92915e-13 0
1e-06 11 455.227 -7.54057e-14 0
1e-06 11 645.842 -3.05038e-14 0
1e-06 11 916.274 -1.20626e-14 0
1e-06 11 1299.94 -4.89492e-15 0
1e-06 11 1844.26 -2.044e-15 0
1e-06 11 2616.5 -8.74651e-16 0
1e-06 11 3712.11 -3.65102e-16 0
1e-06 11 5266.46 -1.53007e-16 0
1e-06 11 7471.67 -6.4472e-17 0
1e-06 11 10600.3 -2.70072e-17 0
1e-06 11 15038.9 -1.11344e-17 0
1e-06 11 21336 -4.48184e-18 0
1e-06 11 30270 -1.75432e-18 0
1e-06 11 42944.9 -6.66969e-19 0
1e-06 11 60927 -2.46381e-19 0
1e-06 11 86438.8 -8.86337e-20 0
1e-06 11 122633 -3.11217e-20 0
1e-06 11 173983 -1.08235e-20 0
1e-06 11 246834 -3.78495e-21 0
1e-06 11 350190 -1.27498e-21 0
1e-06 11 496824 -4.3389e-22 0
1e-06 11 704857 -1.45406e-22 0
1e-06 11 1e+06 -3.10079e-23 0

2.43835e-06 11 1e-06 -0.00095796 0
2.43835e-06 11 1.41873e-06 -0.000957959 0
2.43835e-06 11 2.01279e-06 -0.000957957 0
2.43835e-06 11 2.85559e-06 -0.000957954 0
2.43835e-06 11 4.0513e-06 -0.00095795 0
2.43835e-06 11 5.74769e-06 -0.000957944 0
2.43835e-06 11 8.15441e-06 -0.000957935 0
2.43835e-06 11 1.15689e-05 -0.000957923 0
2.43835e-06 11 1.64131e-05 -0.000957906 0
2.43835e-06 11 2.32857e-05 -0.000957882 0
2.43835e-06 11 3.3036e-05 -0.000957848 0
2.43835e-06 11 4.6869e-05 -0.0009578 0
2.43835e-06 11 6.64944e-05 -0.000957732 0
2.43835e-06 11 9.43373e-05 -0.000957634 0
2.43835e-06 11 0.000133839 -0.000957496 0
2.43835e-06 11 0.000189881 -0.000957301 0
2.43835e-06 11 0.000269389 -0.000957023 0
2.43835e-06 11 0.000382189 -0.00095663 0
2.43835e-06 11 0.000542222 -0.000956072 0
2.43835e-06 11 0.000769265 -0.000955281 0
2.43835e-06 11 0.00109138 -0.00095416 0
2.43835e-06 11 0.00154837 -0.000952571 0
2.43835e-06 11 0.00219671 -0.000950323 0
2.43835e-06 11 0.00311653 -0.000947141 0
2.43835e-06 11 0.0044215 -0.000942647 0
2.43835e-06 11 0.0062729 -0.000936307 0
2.43835e-06 11 0.00889953 -0.000927386 0
2.43835e-06 11 0.012626 -0.000914879 0
2.43835e-06 11 0.0179128 -0.000897426 0
2.43835e-06 11 0.0254134 -0.000873241 0
2.43835e-06 11 0.0360547 -0.000840062 0
2.43835e-06 11 0.0511518 -0.000795169 0
2.43835e-06 11 0.0725704 -0.000735616 0
2.43835e-06 11 0.102958 -0.000658833 0
2.43835e-06 11 0.146069 -0.000563664 0
2.43835e-06 11 0.207231 -0.000452115 0
2.43835e-06 11 0.294005 -0.000331398 0
2.43835e-06 11 0.417112 -0.00021437 0
2.43835e-06 11 0.591769 -0.000116891 0
2.43835e-06 11 0.839558 -5.0674e-05 0
2.43835e-06 11 1.1911 -1.59528e-05 0
2.43835e-06 11 1.68985 -3.18415e-06 0
2.43835e-06 11 2.39743 -5.81387e-07 0
2.43835e-06 11 3.4013 -1.39016e-07 0
2.43835e-06 11 4.82552 -4.71107e-08 0
2.43835e-06 11 6.8461 -2.8975e-08 0
2.43835e-06 11 9.71274 -8.66406e-09 0
2.43835e-06 11 13.7797 -3.1171e-09 0
2.43835e-06 11 19.5497 -1.18394e-09 0
2.43835e-06 11 27.7356 -3.69265e-10 0
2.43835e-06 11 39.3493 -1.25292e-10 0
2.43835e-06 11 55.8259 -4.41692e-11 0
2.43835e-06 11 79.2016 -1.55167e-11 0
2.43835e-06 11 112.365 -5.6358e-12 0
2.43835e-06 11 159.416 -2.11944e-12 0
2.43835e-06 11 226.168 -7.97069e-13 0
2.43835e-06 11 320.87 -3.01242e-13 0
2.43835e-06 11 455.227 -1.17748e-13 0
2.43835e-06 11 645.842 -4.76324e-14 0
2.43835e-06 11 916.274 -1.8836e-14 0
2.43835e-06 11 1299.94 -7.64354e-15 0
2.43835e-06 11 1844.26 -3.19175e-15 0
2.43835e-06 11 2616.5 -1.36579e-15 0
2.43835e-06 11 3712.11 -5.70116e-16 0
2.43835e-06 11 5266.46 -2.38924e-16 0
2.43835e-06 11 7471.67 -1.00674e-16 0
2.43835e-06 11 10600.3 -4.21724e-17 0
2.43835e-06 11 15038.9 -1.73866e-17 0
2.43835e-06 11 21336 -6.9985e-18 0
2.43835e-06 11 30270 -2.73941e-18 0
2.43835e-06 11 42944.9 -1.04149e-18 0
2.43835e-06 11 60927 -3.84729e-19 0
2.43835e-06 11 86438.8 -1.38404e-19 0
2.43835e-06 11 122633 -4.85973e-20 0
2.43835e-06 11 173983 -1.69012e-20 0
2.43835e-06 11 246834 -5.91029e-21 0
2.43835e-06 11 350190 -1.99091e-21 0
2.43835e-06 11 496824 -6.77529e-22 0
2.43835e-06 11 704857 -2.27055e-22 0
2.43835e-06 11 1e+06 -4.84195e-23 0

5.94557e-06 11 1e-06 -0.00149586 0
5.94557e-06 11 1.41873e-06 -0.00149586 0
5.94557e-06 11 2.01279e-06 -0.00149586 0
5.94557e-06 11 2.85559e-06 -0.00149585 0
5.94557e-06 11 4.0513e-06 -0.00149585 0
5.94557e-06 11 5.74769e-06 -0.00149584 0
5.94557e-06 11 8.15441e-06 -0.00149582 0
5.94557e-06 11 1.15689e-05 -0.0014958 0
5.94557e-06 11 1.64131e-05 -0.00149578 0
5.94557e-06 11 2.32857e-05 -0.00149574 0
5.94557e-06 11 3.3036e-05 -0.00149569 0
5.94557e-06 11 4.6869e-05 -0.00149561 0
5.94557e-06 11 6.64944e-05 -0.0014955 0
5.94557e-06 11 9.43373e-05 -0.00149535 0
5.94557e-06 11 0.000133839 -0.00149514 0
5.94557e-06 11 0.000189881 -0.00149483 0
5.94557e-06 11 0.000269389 -0.0014944 0
5.94557e-06 11 0.000382189 -0.00149378 0
5.94557e-06 11 0.000542222 -0.00149291 0
5.94557e-06 11 0.000769265 -0.00149168 0
5.94557e-06 11 0.00109138 -0.00148993 0
5.94557e-06 11 0.00154837 -0.00148745 0
5.94557e-06 11 0.00219671 -0.00148394 0
5.94557e-06 11 0.00311653 -0.00147897 0
5.94557e-06 11 0.0044215 -0.00147195 0
5.94557e-06 11 0.0062729 -0.00146205 0
5.94557e-06 11 0.00889953 -0.00144812 0
5.94557e-06 11 0.012626 -0.00142859 0
5.94557e-06 11 0.0179128 -0.00140134 0
5.94557e-06 11 0.0254134 -0.00136357 0
5.94557e-06 11 0.0360547 -0.00131176 0
5.94557e-06 11 0.0511518 -0.00124166 0
5.94557e-06 11 0.0725704 -0.00114867 0
5.94557e-06 11 0.102958 -0.00102877 0
5.94557e-06 11 0.146069 -0.000880168 0
5.94557e-06 11 0.207231 -0.000705984 0
5.94557e-06 11 0.294005 -0.000517483 0
5.94557e-06 11 0.417112 -0.000334742 0
5.94557e-06 11 0.591769 -0.000182527 0
5.94557e-06 11 0.839558 -7.91285e-05 0
5.94557e-06 11 1.1911 -2.49107e-05 0
5.94557e-06 11 1.68985 -4.97211e-06 0
5.94557e-06 11 2.39743 -9.07849e-07 0
5.94557e-06 11 3.4013 -2.17077e-07 0
5.94557e-06 11 4.82552 -7.35644e-08 0
5.94557e-06 11 6.8461 -4.52451e-08 0
5.94557e-06 11 9.71274 -1.35291e-08 0
5.94557e-06 11 13.7797 -4.86742e-09 0
5.94557e-06 11 19.5497 -1.84875e-09 0
5.94557e-06 11 27.7356 -5.76616e-10 0
5.94557e-06 11 39.3493 -1.95646e-10 0
5.94557e-06 11 55.8259 -6.89712e-11 0
5.94557e-06 11 79.2016 -2.42298e-11 0
5.94557e-06 11 112.365 -8.80043e-12 0
5.94557e-06 11 159.416 -3.30956e-12 0
5.94557e-06 11 226.168 -1.24464e-12 0
5.94557e-06 11 320.87 -4.70396e-13 0
5.94557e-06 11 455.227 -1.83866e-13 0
5.94557e-06 11 645.842 -7.4379e-14 0
5.94557e-06 11 916.274 -2.94128e-14 0
5.94557e-06 11 1299.94 -1.19356e-14 0
5.94557e-06 11 1844.26 -4.98399e-15 0
5.94557e-06 11 2616.5 -2.13271e-15 0
5.94557e-06 11 3712.11 -8.90249e-16 0
5.94557e-06 11 5266.46 -3.73085e-16 0
5.94557e-06 11 7471.67 -1.57206e-16 0
5.94557e-06 11 10600.3 -6.58532e-17 0
5.94557e-06 11 15038.9 -2.71496e-17 0
5.94557e-06 11 21336 -1.09283e-17 0
5.94557e-06 11 30270 -4.27766e-18 0
5.94557e-06 11 42944.9 -1.62631e-18 0
5.94557e-06 11 60927 -6.00764e-19 0
5.94557e-06 11 86438.8 -2.1612e-19 0
5.94557e-06 11 122633 -7.58858e-20 0
5.94557e-06 11 173983 -2.63915e-20 0
5.94557e-06 11 246834 -9.22906e-21 0
5.94557e-06 11 350190 -3.10884e-21 0
5.94557e-06 11 496824 -1.05798e-21 0
5.94557e-06 11 704857 -3.54552e-22 0
5.94557e-06 11 1e+06 -7.56082e-23 0

1.44974e-05 11 1e-06 -0.00233577 0
1.44974e-05 11 1.41873e-06 -0.00233576 0
1.44974e-05 11 2.01279e-06 -0.00233576 0
1.44974e-05 11 2.85559e-06 -0.00233575 0
1.44974e-05 11 4.0513e-06 -0.00233574 0
1.44974e-05 11 5.74769e-06 -0.00233572 0
1.44974e-05 11 8.15441e-06 -0.0023357 0
1.44974e-05 11 1.15689e-05 -0.00233568 0
1.44974e-05 11 1.64131e-05 -0.00233563 0
1.44974e-05 11 2.32857e-05 -0.00233558 0
1.44974e-05 11 3.3036e-05 -0.00233549 0
1.44974e-05 11 4.6869e-05 -0.00233537 0
1.44974e-05 11 6.64944e-05 -0.00233521 0
1.44974e-05 11 9.43373e-05 -0.00233497 0
1.44974e-05 11 0.000133839 -0.00233463 0
1.44974e-05 11 0.000189881 -0.00233416 0
1.44974e-05 11 0.000269389 -0.00233348 0
1.44974e-05 11 0.000382189 -0.00233252 0
1.44974e-05 11 0.000542222 -0.00233116 0
1.44974e-05 11 0.000769265 -0.00232923 0
1.44974e-05 11 0.00109138 -0.0023265 0
1.44974e-05 11 0.00154837 -0.00232263 0
1.44974e-05 11 0.00219671 -0.00231714 0
1.44974e-05 11 0.00311653 -0.00230939 0
1.44974e-05 11 0.0044215 -0.00229843 0
1.44974e-05 11 0.0062729 -0.00228297 0
1.44974e-05 11 0.00889953 -0.00226122 0
1.44974e-05 11 0.012626 -0.00223072 0
1.44974e-05 11 0.0179128 -0.00218817 0
1.44974e-05 11 0.0254134 -0.0021292 0
1.44974e-05 11 0.0360547 -0.0020483 0
1.44974e-05 11 0.0511518 -0.00193885 0
1.44974e-05 11 0.0725704 -0.00179364 0
1.44974e-05 11 0.102958 -0.00160643 0
1.44974e-05 11 0.146069 -0.00137438 0
1.44974e-05 11 0.207231 -0.00110239 0
1.44974e-05 11 0.294005 -0.000808052 0
1.44974e-05 11 0.417112 -0.000522703 0
1.44974e-05 11 0.591769 -0.000285019 0
1.44974e-05 11 0.839558 -0.00012356 0
1.44974e-05 11 1.1911 -3.88985e-05 0
1.44974e-05 11 1.68985 -7.76406e-06 0
1.44974e-05 11 2.39743 -1.41763e-06 0
1.44974e-05 11 3.4013 -3.3897e-07 0
1.44974e-05 11 4.82552 -1.14872e-07 0
1.44974e-05 11 6.8461 -7.06511e-08 0
1.44974e-05 11 9.71274 -2.1126e-08 0
1.44974e-05 11 13.7797 -7.60058e-09 0
1.44974e-05 11 19.5497 -2.88686e-09 0
1.44974e-05 11 27.7356 -9.00398e-10 0
1.44974e-05 11 39.3493 -3.05506e-10 0
1.44974e-05 11 55.8259 -1.077e-10 0
1.44974e-05 11 79.2016 -3.78353e-11 0
1.44974e-05 11 112.365 -1.37421e-11 0
1.44974e-05 11 159.416 -5.16795e-12 0
1.44974e-05 11 226.168 -1.94354e-12 0
1.44974e-05 11 320.87 -7.34534e-13 0
1.44974e-05 11 455.227 -2.8711e-13 0
1.44974e-05 11 645.842 -1.16145e-13 0
1.44974e-05 11 916.274 -4.59287e-14 0
1.44974e-05 11 1299.94 -1.86376e-14 0
1.44974e-05 11 1844.26 -7.78262e-15 0
1.44974e-05 11 2616.5 -3.33027e-15 0
1.44974e-05 11 3712.11 -1.39014e-15 0
1.44974e-05 11 5266.46 -5.8258e-16 0
1.44974e-05 11 7471.67 -2.4548e-16 0
1.44974e-05 11 10600.3 -1.02831e-16 0
1.44974e-05 11 15038.9 -4.23947e-17 0
1.44974e-05 11 21336 -1.70648e-17 0
1.44974e-05 11 30270 -6.67966e-18 0
1.44974e-05 11 42944.9 -2.53951e-18 0
1.44974e-05 11 60927 -9.38107e-19 0
1.44974e-05 11 86438.8 -3.37477e-19 0
1.44974e-05 11 122633 -1.18497e-19 0
1.44974e-05 11 173983 -4.1211e-20 0
1.44974e-05 11 246834 -1.44114e-20 0
1.44974e-05 11 350190 -4.85453e-21 0
1.44974e-05 11 496824 -1.65206e-21 0
1.44974e-05 11 704857 -5.53641e-22 0
1.44974e-05 11 1e+06 -1.18064e-22 0

3.53498e-05 11 1e-06 -0.00364703 0
3.53498e-05 11 1.41873e-06 -0.00364703 0
3.53498e-05 11 2.01279e-06 -0.00364702 0
3.53498e-05 11 2.85559e-06 -0.00364701 0
3.53498e-05 11 4.0513e-06 -0.00364699 0
3.53498e-05 11 5.74769e-06 -0.00364697 0
3.53498e-05 11 8.15441e-06 -0.00364694 0
3.53498e-05 11 1.15689e-05 -0.00364689 0
3.53498e-05 11 1.64131e-05 -0.00364683 0
3.53498e-05 11 2.32857e-05 -0.00364674 0
3.53498e-05 11 3.3036e-05 -0.00364661 0
3.53498e-05 11 4.6869e-05 -0.00364642 0
3.53498e-05 11 6.64944e-05 -0.00364616 0
3.53498e-05 11 9.43373e-05 -0.00364579 0
3.53498e-05 11 0.000133839 -0.00364527 0
3.53498e-05 11 0.000189881 -0.00364452 0
3.53498e-05 11 0.000269389 -0.00364347 0
3.53498e-05 11 0.000382189 -0.00364197 0
3.53498e-05 11 0.000542222 -0.00363985 0
3.53498e-05 11 0.000769265 -0.00363683 0
3.53498e-05 11 0.00109138 -0.00363257 0
3.53498e-05 11 0.00154837 -0.00362652 0
3.53498e-05 11 0.00219671 -0.00361796 0
3.53498e-05 11 0.00311653 -0.00360585 0
3.53498e-05 11 0.0044215 -0.00358874 0
3.53498e-05 11 0.0062729 -0.00356461 0
3.53498e-05 11 0.00889953 -0.00353065 0
3.53498e-05 11 0.012626 -0.00348304 0
3.53498e-05 11 0.0179128 -0.0034166 0
3.53498e-05 11 0.0254134 -0.00332453 0
3.53498e-05 11 0.0360547 -0.00319823 0
3.53498e-05 11 0.0511518 -0.00302733 0
3.53498e-05 11 0.0725704 -0.00280062 0
3.53498e-05 11 0.102958 -0.00250832 0
3.53498e-05 11 0.146069 -0.00214601 0
3.53498e-05 11 0.207231 -0.00172134 0
3.53498e-05 11 0.294005 -0.00126175 0
3.53498e-05 11 0.417112 -0.000816191 0
3.53498e-05 11 0.591769 -0.000445055 0
3.53498e-05 11 0.839558 -0.00019294 0
3.53498e-05 11 1.1911 -6.07405e-05 0
3.53498e-05 11 1.68985 -1.21237e-05 0
3.53498e-05 11 2.39743 -2.21365e-06 0
3.53498e-05 11 3.4013 -5.29308e-07 0
3.53498e-05 11 4.82552 -1.79375e-07 0
3.53498e-05 11 6.8461 -1.10323e-07 0
3.53498e-05 11 9.71274 -3.29887e-08 0
3.53498e-05 11 13.7797 -1.18685e-08 0
3.53498e-05 11 19.5497 -4.5079e-09 0
3.53498e-05 11 27.7356 -1.40599e-09 0
3.53498e-05 11 39.3493 -4.77053e-10 0
3.53498e-05 11 55.8259 -1.68176e-10 0
3.53498e-05 11 79.2016 -5.90806e-11 0
3.53498e-05 11 112.365 -2.14585e-11 0
3.53498e-05 11 159.416 -8.06986e-12 0
3.53498e-05 11 226.168 -3.03487e-12 0
3.53498e-05 11 320.87 -1.14699e-12 0
3.53498e-05 11 455.227 -4.48329e-13 0
3.53498e-05 11 645.842 -1.81362e-13 0
3.53498e-05 11 916.274 -7.17188e-14 0
3.53498e-05 11 1299.94 -2.91031e-14 0
3.53498e-05 11 1844.26 -1.21527e-14 0
3.53498e-05 11 2616.5 -5.2003e-15 0
3.53498e-05 11 3712.11 -2.17074e-15 0
3.53498e-05 11 5266.46 -9.09712e-16 0
3.53498e-05 11 7471.67 -3.83323e-16 0
3.53498e-05 11 10600.3 -1.60573e-16 0
3.53498e-05 11 15038.9 -6.62003e-17 0
3.53498e-05 11 21336 -2.66471e-17 0
3.53498e-05 11 30270 -1.04304e-17 0
3.53498e-05 11 42944.9 -3.96551e-18 0
3.53498e-05 11 60927 -1.46487e-18 0
3.53498e-05 11 86438.8 -5.26978e-19 0
3.53498e-05 11 122633 -1.85037e-19 0
3.53498e-05 11 173983 -6.43519e-20 0
3.53498e-05 11 246834 -2.25037e-20 0
3.53498e-05 11 350190 -7.58046e-21 0
3.53498e-05 11 496824 -2.57972e-21 0
3.53498e-05 11 704857 -8.64523e-22 0
3.53498e-05 11 1e+06 -1.8436e-22 0

8.61954e-05 11 1e-06 -0.00569349 0
8.61954e-05 11 1.41873e-06 -0.00569348 0
8.61954e-05 11 2.01279e-06 -0.00569347 0
8.61954e-05 11 2.85559e-06 -0.00569345 0
8.61954e-05 11 4.0513e-06 -0.00569343 0
8.61954e-05 11 5.74769e-06 -0.00569339 0
8.61954e-05 11 8.15441e-06 -0.00569334 0
8.61954e-05 11 1.15689e-05 -0.00569327 0
8.61954e-05 11 1.64131e-05 -0.00569317 0
8.61954e-05 11 2.32857e-05 -0.00569303 0
8.61954e-05 11 3.3036e-05 -0.00569283 0
8.61954e-05 11 4.6869e-05 -0.00569254 0
8.61954e-05 11 6.64944e-05 -0.00569213 0
8.61954e-05 11 9.43373e-05 -0.00569156 0
8.61954e-05 11 0.000133839 -0.00569074 0
8.61954e-05 11 0.000189881 -0.00568958 0
8.61954e-05 11 0.000269389 -0.00568793 0
8.61954e-05 11 0.000382189 -0.00568559 0
8.61954e-05 11 0.000542222 -0.00568227 0
8.61954e-05 11 0.000769265 -0.00567757 0
8.61954e-05 11 0.00109138 -0.00567091 0
8.61954e-05 11 0.00154837 -0.00566148 0
8.61954e-05 11 0.00219671 -0.00564811 0
8.61954e-05 11 0.00311653 -0.00562921 0
8.61954e-05 11 0.0044215 -0.00560251 0
8.61954e-05 11 0.0062729 -0.00556484 0
8.61954e-05 11 0.00889953 -0.00551184 0
8.61954e-05 11 0.012626 -0.00543752 0
8.61954e-05 11 0.0179128 -0.00533383 0
8.61954e-05 11 0.0254134 -0.00519013 0
8.61954e-05 11 0.0360547 -0.00499299 0
8.61954e-05 11 0.0511518 -0.00472624 0
8.61954e-05 11 0.0725704 -0.00437237 0
8.61954e-05 11 0.102958 -0.00391608 0
8.61954e-05 11 0.146069 -0.00335051 0
8.61954e-05 11 0.207231 -0.00268755 0
8.61954e-05 11 0.294005 -0.00197004 0
8.61954e-05 11 0.417112 -0.00127441 0
8.61954e-05 11 0.591769 -0.000694933 0
8.61954e-05 11 0.839558 -0.000301273 0
8.61954e-05 11 1.1911 -9.48464e-05 0
8.61954e-05 11 1.68985 -1.89313e-05 0
8.61954e-05 11 2.39743 -3.45665e-06 0
8.61954e-05 11 3.4013 -8.26519e-07 0
8.61954e-05 11 4.82552 -2.80096e-07 0
8.61954e-05 11 6.8461 -1.72271e-07 0
8.61954e-05 11 9.71274 -5.15123e-08 0
8.61954e-05 11 13.7797 -1.85328e-08 0
8.61954e-05 11 19.5497 -7.03916e-09 0
8.61954e-05 11 27.7356 -2.19548e-09 0
8.61954e-05 11 39.3493 -7.44927e-10 0
8.61954e-05 11 55.8259 -2.6261e-10 0
8.61954e-05 11 79.2016 -9.22554e-11 0
8.61954e-05 11 112.365 -3.35079e-11 0
8.61954e-05 11 159.416 -1.26012e-11 0
8.61954e-05 11 226.168 -4.73901e-12 0
8.61954e-05 11 320.87 -1.79105e-12 0
8.61954e-05 11 455.227 -7.00075e-13 0
8.61954e-05 11 645.842 -2.83201e-13 0
8.61954e-05 11 916.274 -1.1199e-13 0
8.61954e-05 11 1299.94 -4.54451e-14 0
8.61954e-05 11 1844.26 -1.89768e-14 0
8.61954e-05 11 2616.5 -8.12038e-15 0
8.61954e-05 11 3712.11 -3.38966e-15 0
8.61954e-05 11 5266.46 -1.42054e-15 0
8.61954e-05 11 7471.67 -5.98567e-16 0
8.61954e-05 11 10600.3 -2.50739e-16 0
8.61954e-05 11 15038.9 -1.03373e-16 0
8.61954e-05 11 21336 -4.16101e-17 0
8.61954e-05 11 30270 -1.62874e-17 0
8.61954e-05 11 42944.9 -6.19223e-18 0
8.61954e-05 11 60927 -2.28744e-18 0
8.61954e-05 11 86438.8 -8.22889e-19 0
8.61954e-05 11 122633 -2.88939e-19 0
8.61954e-05 11 173983 -1.00487e-19 0
8.61954e-05 11 246834 -3.51401e-20 0
8.61954e-05 11 350190 -1.18371e-20 0
8.61954e-05 11 496824 -4.0283e-21 0
8.61954e-05 11 704857 -1.34997e-21 0
8.61954e-05 11 1e+06 -2.87882e-22 0

0.000210175 11 1e-06 -0.00888425 0
0.000210175 11 1.41873e-06 -0.00888423 0
0.000210175 11 2.01279e-06 -0.00888421 0
0.000210175 11 2.85559e-06 -0.00888419 0
0.000210175 11 4.0513e-06 -0.00888415 0
0.000210175 11 5.74769e-06 -0.00888409 0
0.000210175 11 8.15441e-06 -0.00888402 0
0.000210175 11 1.15689e-05 -0.0088839 0
0.000210175 11 1.64131e-05 -0.00888375 0
0.000210175 11 2.32857e-05 -0.00888353 0
0.000210175 11 3.3036e-05 -0.00888321 0
0.000210175 11 4.6869e-05 -0.00888276 0
0.000210175 11 6.64944e-05 -0.00888213 0
0.000210175 11 9.43373e-05 -0.00888123 0
0.000210175 11 0.000133839 -0.00887995 0
0.000210175 11 0.000189881 -0.00887814 0
0.000210175 11 0.000269389 -0.00887557 0
0.000210175 11 0.000382189 -0.00887192 0
0.000210175 11 0.000542222 -0.00886675 0
0.000210175 11 0.000769265 -0.00885942 0
0.000210175 11 0.00109138 -0.00884903 0
0.000210175 11 0.00154837 -0.00883431 0
0.000210175 11 0.00219671 -0.00881348 0
0.000210175 11 0.00311653 -0.008784 0
0.000210175 11 0.0044215 -0.00874235 0
0.000210175 11 0.0062729 -0.00868361 0
0.000210175 11 0.00889953 -0.00860095 0
0.000210175 11 0.012626 -0.00848505 0
0.000210175 11 0.0179128 -0.00832332 0
0.000210175 11 0.0254134 -0.00809921 0
0.000210175 11 0.0360547 -0.00779173 0
0.000210175 11 0.0511518 -0.00737568 0
0.000210175 11 0.0725704 -0.00682368 0
0.000210175 11 0.102958 -0.00611189 0
0.000210175 11 0.146069 -0.00522952 0
0.000210175 11 0.207231 -0.00419508 0
0.000210175 11 0.294005 -0.00307538 0
0.000210175 11 0.417112 -0.00198963 0
0.000210175 11 0.591769 -0.00108503 0
0.000210175 11 0.839558 -0.000470421 0
0.000210175 11 1.1911 -0.000148101 0
0.000210175 11 1.68985 -2.95612e-05 0
0.000210175 11 2.39743 -5.39755e-06 0
0.000210175 11 3.4013 -1.2906e-06 0
0.000210175 11 4.82552 -4.37367e-07 0
0.000210175 11 6.8461 -2.69e-07 0
0.000210175 11 9.71274 -8.04363e-08 0
0.000210175 11 13.7797 -2.89389e-08 0
0.000210175 11 19.5497 -1.09917e-08 0
0.000210175 11 27.7356 -3.42825e-09 0
0.000210175 11 39.3493 -1.16321e-09 0
0.000210175 11 55.8259 -4.10067e-10 0
0.000210175 11 79.2016 -1.44058e-10 0
0.000210175 11 112.365 -5.23229e-11 0
0.000210175 11 159.416 -1.9677e-11 0
0.000210175 11 226.168 -7.40003e-12 0
0.000210175 11 320.87 -2.79675e-12 0
0.000210175 11 455.227 -1.09318e-12 0
0.000210175 11 645.842 -4.42223e-13 0
0.000210175 11 916.274 -1.74875e-13 0
0.000210175 11 1299.94 -7.09634e-14 0
0.000210175 11 1844.26 -2.96326e-14 0
0.000210175 11 2616.5 -1.26801e-14 0
0.000210175 11 3712.11 -5.29303e-15 0
0.000210175 11 5266.46 -2.2182e-15 0
0.000210175 11 7471.67 -9.34676e-16 0
0.000210175 11 10600.3 -3.91535e-16 0
0.000210175 11 15038.9 -1.6142e-16 0
0.000210175 11 21336 -6.4975e-17 0
0.000210175 11 30270 -2.54331e-17 0
0.000210175 11 42944.9 -9.66931e-18 0
0.000210175 11 60927 -3.57188e-18 0
0.000210175 11 86438.8 -1.28496e-18 0
0.000210175 11 122633 -4.51185e-19 0
0.000210175 11 173983 -1.56913e-19 0
0.000210175 11 246834 -5.4872e-20 0
0.000210175 11 350190 -1.84839e-20 0
0.000210175 11 496824 -6.29028e-21 0
0.000210175 11 704857 -2.10801e-21 0
0.000210175 11 1e+06 -4.49534e-22 0

0.000512481 11 1e-06 -0.013846 0
0.000512481 11 1.41873e-06 -0.013846 0
0.000512481 11 2.01279e-06 -0.0138459 0
0.000512481 11 2.85559e-06 -0.0138459 0
0.000512481 11 4.0513e-06 -0.0138458 0
0.000512481 11 5.74769e-06 -0.0138457 0
0.000512481 11 8.15441e-06 -0.0138456 0
0.000512481 11 1.15689e-05 -0.0138454 0
0.000512481 11 1.64131e-05 -0.0138452 0
0.000512481 11 2.32857e-05 -0.0138448 0
0.000512481 11 3.3036e-05 -0.0138444 0
0.000512481 11 4.6869e-05 -0.0138437 0
0.000512481 11 6.64944e-05 -0.0138427 0
0.000512481 11 9.43373e-05 -0.0138413 0
0.000512481 11 0.000133839 -0.0138393 0
0.000512481 11 0.000189881 -0.0138365 0
0.000512481 11 0.000269389 -0.0138325 0
0.000512481 11 0.000382189 -0.0138268 0
0.000512481 11 0.000542222 -0.0138187 0
0.000512481 11 0.000769265 -0.0138073 0
0.000512481 11 0.00109138 -0.0137912 0
0.000512481 11 0.00154837 -0.0137683 0
0.000512481 11 0.00219671 -0.0137358 0
0.000512481 11 0.00311653 -0.0136899 0
0.000512481 11 0.0044215 -0.0136251 0
0.000512481 11 0.0062729 -0.0135337 0
0.000512481 11 0.00889953 -0.013405 0
0.000512481 11 0.012626 -0.0132246 0
0.000512481 11 0.0179128 -0.0129729 0
0.000512481 11 0.0254134 -0.012624 0
0.000512481 11 0.0360547 -0.0121454 0
0.000512481 11 0.0511518 -0.0114976 0
0.000512481 11 0.0725704 -0.0106381 0
0.000512481 11 0.102958 -0.00952965 0
0.000512481 11 0.146069 -0.0081552 0
0.000512481 11 0.207231 -0.0065434 0
0.000512481 11 0.294005 -0.00479811 0
0.000512481 11 0.417112 -0.00310502 0
0.000512481 11 0.591769 -0.00169377 0
0.000512481 11 0.839558 -0.000734499 0
0.000512481 11 1.1911 -0.000231263 0
0.000512481 11 1.68985 -4.61603e-05 0
0.000512481 11 2.39743 -8.428e-06 0
0.000512481 11 3.4013 -2.01516e-06 0
0.000512481 11 4.82552 -6.82909e-07 0
0.000512481 11 6.8461 -4.20029e-07 0
0.000512481 11 9.71274 -1.25597e-07 0
0.000512481 11 13.7797 -4.51869e-08 0
0.000512481 11 19.5497 -1.71632e-08 0
0.000512481 11 27.7356 -5.35311e-09 0
0.000512481 11 39.3493 -1.81632e-09 0
0.000512481 11 55.8259 -6.40315e-10 0
0.000512481 11 79.2016 -2.24946e-10 0
0.000512481 11 112.365 -8.17029e-11 0
0.000512481 11 159.416 -3.0726e-11 0
0.000512481 11 226.168 -1.15554e-11 0
0.000512481 11 320.87 -4.36721e-12 0
0.000512481 11 455.227 -1.70704e-12 0
0.000512481 11 645.842 -6.90547e-13 0
0.000512481 11 916.274 -2.73073e-13 0
0.000512481 11 1299.94 -1.10812e-13 0
0.000512481 11 1844.26 -4.62722e-14 0
0.000512481 11 2616.5 -1.98004e-14 0
0.000512481 11 3712.11 -8.26521e-15 0
0.000512481 11 5266.46 -3.46378e-15 0
0.000512481 11 7471.67 -1.45952e-15 0
0.000512481 11 10600.3 -6.11391e-16 0
0.000512481 11 15038.9 -2.52061e-16 0
0.000512481 11 21336 -1.0146e-16 0
0.000512481 11 30270 -3.97144e-17 0
0.000512481 11 42944.9 -1.50989e-17 0
0.000512481 11 60927 -5.57758e-18 0
0.000512481 11 86438.8 -2.00649e-18 0
0.000512481 11 122633 -7.04535e-19 0
0.000512481 11 173983 -2.45023e-19 0
0.000512481 11 246834 -8.56839e-20 0
0.000512481 11 350190 -2.8863e-20 0
0.000512481 11 496824 -9.82241e-21 0
0.000512481 11 704857 -3.29171e-21 0
0.000512481 11 1e+06 -7.01958e-22 0

0.00124961 11 1e-06 -0.0215585 0
0.00124961 11 1.41873e-06 -0.0215585 0
0.00124961 11 2.01279e-06 -0.0215584 0
0.00124961 11 2.85559e-06 -0.0215584 0
0.00124961 11 4.0513e-06 -0.0215583 0
0.00124961 11 5.74769e-06 -0.0215581 0
0.00124961 11 8.15441e-06 -0.021558 0
0.00124961 11 1.15689e-05 -0.0215577 0
0.00124961 11 1.64131e-05 -0.0215573 0
0.00124961 11 2.32857e-05 -0.0215568 0
0.00124961 11 3.3036e-05 -0.021556 0
0.00124961 11 4.6869e-05 -0.0215549 0
0.00124961 11 6.64944e-05 -0.0215534 0
0.00124961 11 9.43373e-05 -0.0215512 0
0.00124961 11 0.000133839 -0.0215481 0
0.00124961 11 0.000189881 -0.0215437 0
0.00124961 11 0.000269389 -0.0215375 0
0.00124961 11 0.000382189 -0.0215287 0
0.00124961 11 0.000542222 -0.0215162 0
0.00124961 11 0.000769265 -0.0214984 0
0.00124961 11 0.00109138 -0.0214733 0
0.00124961 11 0.00154837 -0.0214376 0
0.00124961 11 0.00219671 -0.0213872 0
0.00124961 11 0.00311653 -0.0213158 0
0.00124961 11 0.0044215 -0.021215 0
0.00124961 11 0.0062729 -0.0210728 0
0.00124961 11 0.00889953 -0.0208726 0
0.00124961 11 0.012626 -0.020592 0
0.00124961 11 0.0179128 -0.0202004 0
0.00124961 11 0.0254134 -0.0196578 0
0.00124961 11 0.0360547 -0.0189132 0
0.00124961 11 0.0511518 -0.0179056 0
0.00124961 11 0.0725704 -0.0165685 0
0.00124961 11 0.102958 -0.0148438 0
0.00124961 11 0.146069 -0.0127051 0
0.00124961 11 0.207231 -0.0101965 0
0.00124961 11 0.294005 -0.00747922 0
0.00124961 11 0.417112 -0.00484207 0
0.00124961 11 0.591769 -0.00264262 0
0.00124961 11 0.839558 -0.00114653 0
0.00124961 11 1.1911 -0.000361117 0
0.00124961 11 1.68985 -7.20853e-05 0
0.00124961 11 2.39743 -1.31593e-05 0
0.00124961 11 3.4013 -3.14613e-06 0
0.00124961 11 4.82552 -1.06618e-06 0
0.00124961 11 6.8461 -6.55801e-07 0
0.00124961 11 9.71274 -1.96099e-07 0
0.00124961 11 13.7797 -7.05528e-08 0
0.00124961 11 19.5497 -2.67985e-08 0
0.00124961 11 27.7356 -8.3584e-09 0
0.00124961 11 39.3493 -2.83611e-09 0
0.00124961 11 55.8259 -9.99868e-10 0
0.00124961 11 79.2016 -3.51275e-10 0
0.00124961 11 112.365 -1.27591e-10 0
0.00124961 11 159.416 -4.79837e-11 0
0.00124961 11 226.168 -1.80456e-11 0
0.00124961 11 320.87 -6.82011e-12 0
0.00124961 11 455.227 -2.66579e-12 0
0.00124961 11 645.842 -1.07838e-12 0
0.00124961 11 916.274 -4.26436e-13 0
0.00124961 11 1299.94 -1.73044e-13 0
0.00124961 11 1844.26 -7.22581e-14 0
0.00124961 11 2616.5 -3.09198e-14 0
0.00124961 11 3712.11 -1.29066e-14 0
0.00124961 11 5266.46 -5.40887e-15 0
0.00124961 11 7471.67 -2.27911e-15 0
0.00124961 11 10600.3 -9.54712e-16 0
0.00124961 11 15038.9 -3.93602e-16 0
0.00124961 11 21336 -1.58433e-16 0
0.00124961 11 30270 -6.20152e-17 0
0.00124961 11 42944.9 -2.35773e-17 0
0.00124961 11 60927 -8.70953e-18 0
0.00124961 11 86438.8 -3.13319e-18 0
0.00124961 11 122633 -1.10015e-18 0
0.00124961 11 173983 -3.82609e-19 0
0.00124961 11 246834 -1.33797e-19 0
0.00124961 11 350190 -4.50702e-20 0
0.00124961 11 496824 -1.53379e-20 0
0.00124961 11 704857 -5.14008e-21 0
0.00124961 11 1e+06 -1.09612e-21 0

0.00304699 11 1e-06 -0.0335942 0
0.00304699 11 1.41873e-06 -0.0335941 0
0.00304699 11 2.01279e-06 -0.0335941 0
0.00304699 11 2.85559e-06 -0.033594 0
0.00304699 11 4.0513e-06 -0.0335938 0
0.00304699 11 5.74769e-06 -0.0335936 0
0.00304699 11 8.15441e-06 -0.0335933 0
0.00304699 11 1.15689e-05 -0.0335929 0
0.00304699 11 1.64131e-05 -0.0335923 0
0.00304699 11 2.32857e-05 -0.0335915 0
0.00304699 11 3.3036e-05 -0.0335903 0
0.00304699 11 4.6869e-05 -0.0335886 0
0.00304699 11 6.64944e-05 -0.0335862 0
0.00304699 11 9.43373e-05 -0.0335828 0
0.00304699 11 0.000133839 -0.033578 0
0.00304699 11 0.000189881 -0.0335711 0
0.00304699 11 0.000269389 -0.0335614 0
0.00304699 11 0.000382189 -0.0335477 0
0.00304699 11 0.000542222 -0.0335281 0
0.00304699 11 0.000769265 -0.0335005 0
0.00304699 11 0.00109138 -0.0334613 0
0.00304699 11 0.00154837 -0.0334057 0
0.00304699 11 0.00219671 -0.0333271 0
0.00304699 11 0.00311653 -0.0332158 0
0.00304699 11 0.0044215 -0.0330586 0
0.00304699 11 0.0062729 -0.0328368 0
0.00304699 11 0.00889953 -0.0325248 0
0.00304699 11 0.012626 -0.0320873 0
0.00304699 11 0.0179128 -0.0314768 0
0.00304699 11 0.0254134 -0.0306308 0
0.00304699 11 0.0360547 -0.02947 0
0.00304699 11 0.0511518 -0.0278992 0
0.00304699 11 0.0725704 -0.0258151 0
0.00304699 11 0.102958 -0.0231271 0
0.00304699 11 0.146069 -0.0197943 0
0.00304699 11 0.207231 -0.0158856 0
0.00304699 11 0.294005 -0.0116526 0
0.00304699 11 0.417112 -0.00754487 0
0.00304699 11 0.591769 -0.00411893 0
0.00304699 11 0.839558 -0.00178798 0
0.00304699 11 1.1911 -0.000563538 0
0.00304699 11 1.68985 -0.000112558 0
0.00304699 11 2.39743 -2.05474e-05 0
0.00304699 11 3.4013 -4.9113e-06 0
0.00304699 11 4.82552 -1.6644e-06 0
0.00304699 11 6.8461 -1.02382e-06 0
0.00304699 11 9.71274 -3.06149e-07 0
0.00304699 11 13.7797 -1.1015e-07 0
0.00304699 11 19.5497 -4.18404e-08 0
0.00304699 11 27.7356 -1.30501e-08 0
0.00304699 11 39.3493 -4.42829e-09 0
0.00304699 11 55.8259 -1.56132e-09 0
0.00304699 11 79.2016 -5.48554e-10 0
0.00304699 11 112.365 -1.99249e-10 0
0.00304699 11 159.416 -7.49321e-11 0
0.00304699 11 226.168 -2.81801e-11 0
0.00304699 11 320.87 -1.06502e-11 0
0.00304699 11 455.227 -4.16284e-12 0
0.00304699 11 645.842 -1.68396e-12 0
0.00304699 11 916.274 -6.65904e-13 0
0.00304699 11 1299.94 -2.70217e-13 0
0.00304699 11 1844.26 -1.12834e-13 0
0.00304699 11 2616.5 -4.82825e-14 0
0.00304699 11 3712.11 -2.01542e-14 0
0.00304699 11 5266.46 -8.44614e-15 0
0.00304699 11 7471.67 -3.5589e-15 0
0.00304699 11 10600.3 -1.49081e-15 0
0.00304699 11 15038.9 -6.14621e-16 0
0.00304699 11 21336 -2.47398e-16 0
0.00304699 11 30270 -9.68383e-17 0
0.00304699 11 42944.9 -3.68165e-17 0
0.00304699 11 60927 -1.36001e-17 0
0.00304699 11 86438.8 -4.89255e-18 0
0.00304699 11 122633 -1.71791e-18 0
0.00304699 11 173983 -5.97453e-19 0
0.00304699 11 246834 -2.08928e-19 0
0.00304699 11 350190 -7.03781e-20 0
0.00304699 11 496824 -2.39505e-20 0
0.00304699 11 704857 -8.02636e-21 0
0.00304699 11 1e+06 -1.71162e-21 0

0.00742964 11 1e-06 -0.0522711 0
0.00742964 11 1.41873e-06 -0.052271 0
0.00742964 11 2.01279e-06 -0.0522709 0
0.00742964 11 2.85559e-06 -0.0522707 0
0.00742964 11 4.0513e-06 -0.0522705 0
0.00742964 11 5.74769e-06 -0.0522702 0
0.00742964 11 8.15441e-06 -0.0522697 0
0.00742964 11 1.15689e-05 -0.0522691 0
0.00742964 11 1.64131e-05 -0.0522681 0
0.00742964 11 2.32857e-05 -0.0522668 0
0.00742964 11 3.3036e-05 -0.052265 0
0.00742964 11 4.6869e-05 -0.0522624 0
0.00742964 11 6.64944e-05 -0.0522586 0
0.00742964 11 9.43373e-05 -0.0522533 0
0.00742964 11 0.000133839 -0.0522458 0
0.00742964 11 0.000189881 -0.0522352 0
0.00742964 11 0.000269389 -0.0522201 0
0.00742964 11 0.000382189 -0.0521987 0
0.00742964 11 0.000542222 -0.0521683 0
0.00742964 11 0.000769265 -0.0521253 0
0.00742964 11 0.00109138 -0.0520643 0
0.00742964 11 0.00154837 -0.0519779 0
0.00742964 11 0.00219671 -0.0518555 0
0.00742964 11 0.00311653 -0.0516824 0
0.00742964 11 0.0044215 -0.0514379 0
0.00742964 11 0.0062729 -0.0510929 0
0.00742964 11 0.00889953 -0.0506076 0
0.00742964 11 0.012626 -0.049927 0
0.00742964 11 0.0179128 -0.0489773 0
0.00742964 11 0.0254134 -0.0476612 0
0.00742964 11 0.0360547 -0.0458554 0
0.00742964 11 0.0511518 -0.0434118 0
0.00742964 11 0.0725704 -0.0401694 0
0.00742964 11 0.102958 -0.0359877 0
0.00742964 11 0.146069 -0.0308024 0
0.00742964 11 0.207231 -0.0247211 0
0.00742964 11 0.294005 -0.0181348 0
0.00742964 11 0.417112 -0.0117433 0
0.00742964 11 0.591769 -0.0064123 0
0.00742964 11 0.839558 -0.0027847 0
0.00742964 11 1.1911 -0.000878386 0
0.00742964 11 1.68985 -0.000175666 0
0.00742964 11 2.39743 -3.20853e-05 0
0.00742964 11 3.4013 -7.65983e-06 0
0.00742964 11 4.82552 -2.59507e-06 0
0.00742964 11 6.8461 -1.59702e-06 0
0.00742964 11 9.71274 -4.77499e-07 0
0.00742964 11 13.7797 -1.71805e-07 0
0.00742964 11 19.5497 -6.52676e-08 0
0.00742964 11 27.7356 -2.03545e-08 0
0.00742964 11 39.3493 -6.90693e-09 0
0.00742964 11 55.8259 -2.43551e-09 0
0.00742964 11 79.2016 -8.55727e-10 0
0.00742964 11 112.365 -3.10832e-10 0
0.00742964 11 159.416 -1.16904e-10 0
0.00742964 11 226.168 -4.39681e-11 0
0.00742964 11 320.87 -1.66184e-11 0
0.00742964 11 455.227 -6.49625e-12 0
0.00742964 11 645.842 -2.62816e-12 0
0.00742964 11 916.274 -1.03936e-12 0
0.00742964 11 1299.94 -4.21794e-13 0
0.00742964 11 1844.26 -1.76142e-13 0
0.00742964 11 2616.5 -7.53771e-14 0
0.00742964 11 3712.11 -3.14656e-14 0
0.00742964 11 5266.46 -1.3187e-14 0
0.00742964 11 7471.67 -5.55672e-15 0
0.00742964 11 10600.3 -2.32776e-15 0
0.00742964 11 15038.9 -9.5969e-16 0
0.00742964 11 21336 -3.86302e-16 0
0.00742964 11 30270 -1.51211e-16 0
0.00742964 11 42944.9 -5.74888e-17 0
0.00742964 11 60927 -2.12367e-17 0
0.00742964 11 86438.8 -7.63977e-18 0
0.00742964 11 122633 -2.68254e-18 0
0.00742964 11 173983 -9.32934e-19 0
0.00742964 11 246834 -3.26245e-19 0
0.00742964 11 350190 -1.09897e-19 0
0.00742964 11 496824 -3.73993e-20 0
0.00742964 11 704857 -1.25333e-20 0
0.00742964 11 1e+06 -2.67274e-21 0

0.0181161 11 1e-06 -0.080894 0
0.0181161 11 1.41873e-06 -0.0808938 0
0.0181161 11 2.01279e-06 -0.0808937 0
0.0181161 11 2.85559e-06 -0.0808934 0
0.0181161 11 4.0513e-06 -0.0808931 0
0.0181161 11 5.74769e-06 -0.0808926 0
0.0181161 11 8.15441e-06 -0.0808919 0
0.0181161 11 1.15689e-05 -0.0808908 0
0.0181161 11 1.64131e-05 -0.0808894 0
0.0181161 11 2.32857e-05 -0.0808874 0
0.0181161 11 3.3036e-05 -0.0808845 0
0.0181161 11 4.6869e-05 -0.0808805 0
0.0181161 11 6.64944e-05 -0.0808747 0
0.0181161 11 9.43373e-05 -0.0808665 0
0.0181161 11 0.000133839 -0.0808549 0
0.0181161 11 0.000189881 -0.0808385 0
0.0181161 11 0.000269389 -0.0808151 0
0.0181161 11 0.000382189 -0.0807821 0
0.0181161 11 0.000542222 -0.0807351 0
0.0181161 11 0.000769265 -0.0806686 0
0.0181161 11 0.00109138 -0.0805743 0
0.0181161 11 0.00154837 -0.0804407 0
0.0181161 11 0.00219671 -0.0802515 0
0.0181161 11 0.00311653 -0.079984 0
0.0181161 11 0.0044215 -0.0796059 0
0.0181161 11 0.0062729 -0.0790726 0
0.0181161 11 0.00889953 -0.0783222 0
0.0181161 11 0.012626 -0.0772701 0
0.0181161 11 0.0179128 -0.0758018 0
0.0181161 11 0.0254134 -0.073767 0
0.0181161 11 0.0360547 -0.070975 0
0.0181161 11 0.0511518 -0.0671967 0
0.0181161 11 0.0725704 -0.0621829 0
0.0181161 11 0.102958 -0.0557157 0
0.0181161 11 0.146069 -0.0476952 0
0.0181161 11 0.207231 -0.0382869 0
0.0181161 11 0.294005 -0.0280944 0
0.0181161 11 0.417112 -0.0181995 0
0.0181161 11 0.591769 -0.00994272 0
0.0181161 11 0.839558 -0.00432091 0
0.0181161 11 1.1911 -0.00136463 0
0.0181161 11 1.68985 -0.000273891 0
0.0181161 11 2.39743 -5.04318e-05 0
0.0181161 11 3.4013 -1.20198e-05 0
0.0181161 11 4.82552 -4.03661e-06 0
0.0181161 11 6.8461 -2.48493e-06 0
0.0181161 11 9.71274 -7.42667e-07 0
0.0181161 11 13.7797 -2.67247e-07 0
0.0181161 11 19.5497 -1.01561e-07 0
0.0181161 11 27.7356 -3.16572e-08 0
0.0181161 11 39.3493 -1.07411e-08 0
0.0181161 11 55.8259 -3.78831e-09 0
0.0181161 11 79.2016 -1.33116e-09 0
0.0181161 11 112.365 -4.83644e-10 0
0.0181161 11 159.416 -1.81968e-10 0
0.0181161 11 226.168 -6.84625e-11 0
0.0181161 11 320.87 -2.58848e-11 0
0.0181161 11 455.227 -1.01222e-11 0
0.0181161 11 645.842 -4.09664e-12 0
0.0181161 11 916.274 -1.62054e-12 0
0.0181161 11 1299.94 -6.57827e-13 0
0.0181161 11 1844.26 -2.74779e-13 0
0.0181161 11 2616.5 -1.17614e-13 0
0.0181161 11 3712.11 -4.91049e-14 0
0.0181161 11 5266.46 -2.05823e-14 0
0.0181161 11 7471.67 -8.67392e-15 0
0.0181161 11 10600.3 -3.6339e-15 0
0.0181161 11 15038.9 -1.4983e-15 0
0.0181161 11 21336 -6.03137e-16 0
0.0181161 11 30270 -2.36097e-16 0
0.0181161 11 42944.9 -8.97643e-17 0
0.0181161 11 60927 -3.31602e-17 0
0.0181161 11 86438.8 -1.19294e-17 0
0.0181161 11 122633 -4.18879e-18 0
0.0181161 11 173983 -1.45679e-18 0
0.0181161 11 246834 -5.09437e-19 0
0.0181161 11 350190 -1.71606e-19 0
0.0181161 11 496824 -5.83998e-20 0
0.0181161 11 704857 -1.95711e-20 0
0.0181161 11 1e+06 -4.17354e-21 0

0.0441734 11 1e-06 -0.1236 0
0.0441734 11 1.41873e-06 -0.1236 0
0.0441734 11 2.01279e-06 -0.1236 0
0.0441734 11 2.85559e-06 -0.123599 0
0.0441734 11 4.0513e-06 -0.123599 0
0.0441734 11 5.74769e-06 -0.123598 0
0.0441734 11 8.15441e-06 -0.123597 0
0.0441734 11 1.15689e-05 -0.123595 0
0.0441734 11 1.64131e-05 -0.123593 0
0.0441734 11 2.32857e-05 -0.12359 0
0.0441734 11 3.3036e-05 -0.123586 0
0.0441734 11 4.6869e-05 -0.12358 0
0.0441734 11 6.64944e-05 -0.123571 0
0.0441734 11 9.43373e-05 -0.123558 0
0.0441734 11 0.000133839 -0.123541 0
0.0441734 11 0.000189881 -0.123516 0
0.0441734 11 0.000269389 -0.12348 0
0.0441734 11 0.000382189 -0.12343 0
0.0441734 11 0.000542222 -0.123358 0
0.0441734 11 0.000769265 -0.123257 0
0.0441734 11 0.00109138 -0.123113 0
0.0441734 11 0.00154837 -0.122909 0
0.0441734 11 0.00219671 -0.122621 0
0.0441734 11 0.00311653 -0.122213 0
0.0441734 11 0.0044215 -0.121637 0
0.0441734 11 0.0062729 -0.120824 0
0.0441734 11 0.00889953 -0.11968 0
0.0441734 11 0.012626 -0.118077 0
0.0441734 11 0.0179128 -0.115838 0
0.0441734 11 0.0254134 -0.112736 0
0.0441734 11 0.0360547 -0.10848 0
0.0441734 11 0.0511518 -0.102719 0
0.0441734 11 0.0725704 -0.095072 0
0.0441734 11 0.102958 -0.0852065 0
0.0441734 11 0.146069 -0.0729671 0
0.0441734 11 0.207231 -0.0586028 0
0.0441734 11 0.294005 -0.0430309 0
0.0441734 11 0.417112 -0.0279004 0
0.0441734 11 0.591769 -0.0152596 0
0.0441734 11 0.839558 -0.00663942 0
0.0441734 11 1.1911 -0.00209821 0
0.0441734 11 1.68985 -0.000420903 0
0.0441734 11 2.39743 -7.81488e-05 0
0.0441734 11 3.4013 -1.90592e-05 0
0.0441734 11 4.82552 -6.36457e-06 0
0.0441734 11 6.8461 -3.86669e-06 0
0.0441734 11 9.71274 -1.15379e-06 0
0.0441734 11 13.7797 -4.15401e-07 0
0.0441734 11 19.5497 -1.57984e-07 0
0.0441734 11 27.7356 -4.92259e-08 0
0.0441734 11 39.3493 -1.67037e-08 0
0.0441734 11 55.8259 -5.89392e-09 0
0.0441734 11 79.2016 -2.07167e-09 0
0.0441734 11 112.365 -7.52993e-10 0
0.0441734 11 159.416 -2.83436e-10 0
0.0441734 11 226.168 -1.06676e-10 0
0.0441734 11 320.87 -4.03446e-11 0
0.0441734 11 455.227 -1.57815e-11 0
0.0441734 11 645.842 -6.3889e-12 0
0.0441734 11 916.274 -2.52784e-12 0
0.0441734 11 1299.94 -1.02633e-12 0
0.0441734 11 1844.26 -4.28783e-13 0
0.0441734 11 2616.5 -1.83561e-13 0
0.0441734 11 3712.11 -7.66475e-14 0
0.0441734 11 5266.46 -3.21298e-14 0
0.0441734 11 7471.67 -1.35414e-14 0
0.0441734 11 10600.3 -5.67345e-15 0
0.0441734 11 15038.9 -2.33934e-15 0
0.0441734 11 21336 -9.41731e-16 0
0.0441734 11 30270 -3.68649e-16 0
0.0441734 11 42944.9 -1.40163e-16 0
0.0441734 11 60927 -5.17791e-17 0
0.0441734 11 86438.8 -1.86277e-17 0
0.0441734 11 122633 -6.54082e-18 0
0.0441734 11 173983 -2.27479e-18 0
0.0441734 11 246834 -7.95495e-19 0
0.0441734 11 350190 -2.67967e-19 0
0.0441734 11 496824 -9.11925e-20 0
0.0441734 11 704857 -3.05607e-20 0
0.0441734 11 1e+06 -6.51707e-21 0

0.107711 11 1e-06 -0.183125 0
0.107711 11 1.41873e-06 -0.183124 0
0.107711 11 2.01279e-06 -0.183124 0
0.107711 11 2.85559e-06 -0.183123 0
0.107711 11 4.0513e-06 -0.183123 0
0.107711 11 5.74769e-06 -0.183121 0
0.107711 11 8.15441e-06 -0.18312 0
0.107711 11 1.15689e-05 -0.183118 0
0.107711 11 1.64131e-05 -0.183114 0
0.107711 11 2.32857e-05 -0.18311 0
0.107711 11 3.3036e-05 -0.183103 0
0.107711 11 4.6869e-05 -0.183094 0
0.107711 11 6.64944e-05 -0.183081 0
0.107711 11 9.43373e-05 -0.183063 0
0.107711 11 0.000133839 -0.183037 0
0.107711 11 0.000189881 -0.183 0
0.107711 11 0.000269389 -0.182948 0
0.107711 11 0.000382189 -0.182873 0
0.107711 11 0.000542222 -0.182768 0
0.107711 11 0.000769265 -0.182619 0
0.107711 11 0.00109138 -0.182407 0
0.107711 11 0.00154837 -0.182107 0
0.107711 11 0.00219671 -0.181682 0
0.107711 11 0.00311653 -0.181082 0
0.107711 11 0.0044215 -0.180233 0
0.107711 11 0.0062729 -0.179035 0
0.107711 11 0.00889953 -0.17735 0
0.107711 11 0.012626 -0.174987 0
0.107711 11 0.0179128 -0.171689 0
0.107711 11 0.0254134 -0.167118 0
0.107711 11 0.0360547 -0.160843 0
0.107711 11 0.0511518 -0.152348 0
0.107711 11 0.0725704 -0.141069 0
0.107711 11 0.102958 -0.126507 0
0.107711 11 0.146069 -0.108427 0
0.107711 11 0.207231 -0.0871849 0
0.107711 11 0.294005 -0.0641216 0
0.107711 11 0.417112 -0.0416667 0
0.107711 11 0.591769 -0.0228557 0
0.107711 11 0.839558 -0.0099804 0
0.107711 11 1.1911 -0.00316396 0
0.107711 11 1.68985 -0.000633111 0
0.107711 11 2.39743 -0.000116031 0
0.107711 11 3.4013 -2.87463e-05 0
0.107711 11 4.82552 -9.98574e-06 0
0.107711 11 6.8461 -6.02168e-06 0
0.107711 11 9.71274 -1.79117e-06 0
0.107711 11 13.7797 -6.44646e-07 0
0.107711 11 19.5497 -2.45512e-07 0
0.107711 11 27.7356 -7.64875e-08 0
0.107711 11 39.3493 -2.59672e-08 0
0.107711 11 55.8259 -9.16955e-09 0
0.107711 11 79.2016 -3.22495e-09 0
0.107711 11 112.365 -1.17287e-09 0
0.107711 11 159.416 -4.41712e-10 0
0.107711 11 226.168 -1.66306e-10 0
0.107711 11 320.87 -6.2914e-11 0
0.107711 11 455.227 -2.46164e-11 0
0.107711 11 645.842 -9.96792e-12 0
0.107711 11 916.274 -3.94452e-12 0
0.107711 11 1299.94 -1.60174e-12 0
0.107711 11 1844.26 -6.69261e-13 0
0.107711 11 2616.5 -2.8654e-13 0
0.107711 11 3712.11 -1.19656e-13 0
0.107711 11 5266.46 -5.01617e-14 0
0.107711 11 7471.67 -2.11422e-14 0
0.107711 11 10600.3 -8.85833e-15 0
0.107711 11 15038.9 -3.65267e-15 0
0.107711 11 21336 -1.47046e-15 0
0.107711 11 30270 -5.75636e-16 0
0.107711 11 42944.9 -2.18864e-16 0
0.107711 11 60927 -8.08533e-17 0
0.107711 11 86438.8 -2.90874e-17 0
0.107711 11 122633 -1.02136e-17 0
0.107711 11 173983 -3.55213e-18 0
0.107711 11 246834 -1.24218e-18 0
0.107711 11 350190 -4.18436e-19 0
0.107711 11 496824 -1.42399e-19 0
0.107711 11 704857 -4.77212e-20 0
0.107711 11 1e+06 -1.01766e-20 0

0.262636 11 1e-06 -0.252301 0
0.262636 11 1.41873e-06 -0.252301 0
0.262636 11 2.01279e-06 -0.2523 0
0.262636 11 2.85559e-06 -0.2523 0
0.262636 11 4.0513e-06 -0.252299 0
0.262636 11 5.74769e-06 -0.252297 0
0.262636 11 8.15441e-06 -0.252295 0
0.262636 11 1.15689e-05 -0.252292 0
0.262636 11 1.64131e-05 -0.252287 0
0.262636 11 2.32857e-05 -0.252281 0
0.262636 11 3.3036e-05 -0.252273 0
0.262636 11 4.6869e-05 -0.25226 0
0.262636 11 6.64944e-05 -0.252243 0
0.262636 11 9.43373e-05 -0.252218 0
0.262636 11 0.000133839 -0.252182 0
0.262636 11 0.000189881 -0.252132 0
0.262636 11 0.000269389 -0.252061 0
0.262636 11 0.000382189 -0.25196 0
0.262636 11 0.000542222 -0.251816 0
0.262636 11 0.000769265 -0.251613 0
0.262636 11 0.00109138 -0.251325 0
0.262636 11 0.00154837 -0.250917 0
0.262636 11 0.00219671 -0.25034 0
0.262636 11 0.00311653 -0.249522 0
0.262636 11 0.0044215 -0.248368 0
0.262636 11 0.0062729 -0.246739 0
0.262636 11 0.00889953 -0.244446 0
0.262636 11 0.012626 -0.24123 0
0.262636 11 0.0179128 -0.236741 0
0.262636 11 0.0254134 -0.230516 0
0.262636 11 0.0360547 -0.221969 0
0.262636 11 0.0511518 -0.210389 0
0.262636 11 0.0725704 -0.194999 0
0.262636 11 0.102958 -0.175105 0
0.262636 11 0.146069 -0.15036 0
0.262636 11 0.207231 -0.121216 0
0.262636 11 0.294005 -0.0894697 0
0.262636 11 0.417112 -0.0584245 0
0.262636 11 0.591769 -0.0322626 0
0.262636 11 0.839558 -0.0142099 0
0.262636 11 1.1911 -0.00454694 0
0.262636 11 1.68985 -0.000915689 0
0.262636 11 2.39743 -0.000168327 0
0.262636 11 3.4013 -4.1666e-05 0
0.262636 11 4.82552 -1.48763e-05 0
0.262636 11 6.8461 -9.1819e-06 0
0.262636 11 9.71274 -2.75662e-06 0
0.262636 11 13.7797 -9.93478e-07 0
0.262636 11 19.5497 -3.79619e-07 0
0.262636 11 27.7356 -1.18349e-07 0
0.262636 11 39.3493 -4.02315e-08 0
0.262636 11 55.8259 -1.42281e-08 0
0.262636 11 79.2016 -5.00979e-09 0
0.262636 11 112.365 -1.82387e-09 0
0.262636 11 159.416 -6.87506e-10 0
0.262636 11 226.168 -2.59011e-10 0
0.262636 11 320.87 -9.80326e-11 0
0.262636 11 455.227 -3.83748e-11 0
0.262636 11 645.842 -1.55451e-11 0
0.262636 11 916.274 -6.153e-12 0
0.262636 11 1299.94 -2.49907e-12 0
0.262636 11 1844.26 -1.04441e-12 0
0.262636 11 2616.5 -4.47236e-13 0
0.262636 11 3712.11 -1.86784e-13 0
0.262636 11 5266.46 -7.831e-14 0
0.262636 11 7471.67 -3.30086e-14 0
0.262636 11 10600.3 -1.3831e-14 0
0.262636 11 15038.9 -5.70332e-15 0
0.262636 11 21336 -2.29606e-15 0
0.262636 11 30270 -8.98845e-16 0
0.262636 11 42944.9 -3.41756e-16 0
0.262636 11 60927 -1.26253e-16 0
0.262636 11 86438.8 -4.54205e-17 0
0.262636 11 122633 -1.59488e-17 0
0.262636 11 173983 -5.54674e-18 0
0.262636 11 246834 -1.9397e-18 0
0.262636 11 350190 -6.53398e-19 0
0.262636 11 496824 -2.2236e-19 0
0.262636 11 704857 -7.45178e-20 0
0.262636 11 1e+06 -1.58909e-20 0

0.6404 11 1e-06 -0.294011 0
0.6404 11 1.41873e-06 -0.294011 0
0.6404 11 2.01279e-06 -0.29401 0
0.6404 11 2.85559e-06 -0.294009 0
0.6404 11 4.0513e-06 -0.294008 0
0.6404 11 5.74769e-06 -0.294006 0
0.6404 11 8.15441e-06 -0.294004 0
0.6404 11 1.15689e-05 -0.294001 0
0.6404 11 1.64131e-05 -0.293996 0
0.6404 11 2.32857e-05 -0.293989 0
0.6404 11 3.3036e-05 -0.293979 0
0.6404 11 4.6869e-05 -0.293965 0
0.6404 11 6.64944e-05 -0.293945 0
0.6404 11 9.43373e-05 -0.293916 0
0.6404 11 0.000133839 -0.293876 0
0.6404 11 0.000189881 -0.293819 0
0.6404 11 0.000269389 -0.293738 0
0.6404 11 0.000382189 -0.293623 0
0.6404 11 0.000542222 -0.29346 0
0.6404 11 0.000769265 -0.29323 0
0.6404 11 0.00109138 -0.292902 0
0.6404 11 0.00154837 -0.292439 0
0.6404 11 0.00219671 -0.291783 0
0.6404 11 0.00311653 -0.290854 0
0.6404 11 0.0044215 -0.289542 0
0.6404 11 0.0062729 -0.28769 0
0.6404 11 0.00889953 -0.285084 0
0.6404 11 0.012626 -0.281427 0
0.6404 11 0.0179128 -0.27632 0
0.6404 11 0.0254134 -0.269233 0
0.6404 11 0.0360547 -0.259493 0
0.6404 11 0.0511518 -0.246281 0
0.6404 11 0.0725704 -0.228691 0
0.6404 11 0.102958 -0.205896 0
0.6404 11 0.146069 -0.177447 0
0.6404 11 0.207231 -0.143786 0
0.6404 11 0.294005 -0.106888 0
0.6404 11 0.417112 -0.0704975 0
0.6404 11 0.591769 -0.0394738 0
0.6404 11 0.839558 -0.0177102 0
0.6404 11 1.1911 -0.00578693 0
0.6404 11 1.68985 -0.00118739 0
0.6404 11 2.39743 -0.000226372 0
0.6404 11 3.4013 -5.88326e-05 0
0.6404 11 4.82552 -2.17228e-05 0
0.6404 11 6.8461 -1.35319e-05 0
0.6404 11 9.71274 -4.13364e-06 0
0.6404 11 13.7797 -1.50078e-06 0
0.6404 11 19.5497 -5.78755e-07 0
0.6404 11 27.7356 -1.80823e-07 0
0.6404 11 39.3493 -6.16545e-08 0
0.6404 11 55.8259 -2.18804e-08 0
0.6404 11 79.2016 -7.72163e-09 0
0.6404 11 112.365 -2.81741e-09 0
0.6404 11 159.416 -1.06426e-09 0
0.6404 11 226.168 -4.01576e-10 0
0.6404 11 320.87 -1.5218e-10 0
0.6404 11 455.227 -5.96414e-11 0
0.6404 11 645.842 -2.41853e-11 0
0.6404 11 916.274 -9.57934e-12 0
0.6404 11 1299.94 -3.89316e-12 0
0.6404 11 1844.26 -1.628e-12 0
0.6404 11 2616.5 -6.97488e-13 0
0.6404 11 3712.11 -2.91395e-13 0
0.6404 11 5266.46 -1.222e-13 0
0.6404 11 7471.67 -5.15188e-14 0
0.6404 11 10600.3 -2.15902e-14 0
0.6404 11 15038.9 -8.90386e-15 0
0.6404 11 21336 -3.58483e-15 0
0.6404 11 30270 -1.40344e-15 0
0.6404 11 42944.9 -5.33633e-16 0
0.6404 11 60927 -1.97142e-16 0
0.6404 11 86438.8 -7.09241e-17 0
0.6404 11 122633 -2.49042e-17 0
0.6404 11 173983 -8.66134e-18 0
0.6404 11 246834 -3.02888e-18 0
0.6404 11 350190 -1.02029e-18 0
0.6404 11 496824 -3.47219e-19 0
0.6404 11 704857 -1.16361e-19 0
0.6404 11 1e+06 -2.48141e-20 0

1.56152 11 1e-06 -0.23473 0
1.56152 11 1.41873e-06 -0.23473 0
1.56152 11 2.01279e-06 -0.234729 0
1.56152 11 2.85559e-06 -0.234728 0
1.56152 11 4.0513e-06 -0.234728 0
1.56152 11 5.74769e-06 -0.234726 0
1.56152 11 8.15441e-06 -0.234724 0
1.56152 11 1.15689e-05 -0.234722 0
1.56152 11 1.64131e-05 -0.234718 0
1.56152 11 2.32857e-05 -0.234713 0
1.56152 11 3.3036e-05 -0.234705 0
1.56152 11 4.6869e-05 -0.234694 0
1.56152 11 6.64944e-05 -0.234679 0
1.56152 11 9.43373e-05 -0.234657 0
1.56152 11 0.000133839 -0.234627 0
1.56152 11 0.000189881 -0.234583 0
1.56152 11 0.000269389 -0.234521 0
1.56152 11 0.000382189 -0.234433 0
1.56152 11 0.000542222 -0.234309 0
1.56152 11 0.000769265 -0.234133 0
1.56152 11 0.00109138 -0.233882 0
1.56152 11 0.00154837 -0.233528 0
1.56152 11 0.00219671 -0.233027 0
1.56152 11 0.00311653 -0.232317 0
1.56152 11 0.0044215 -0.231313 0
1.56152 11 0.0062729 -0.229897 0
1.56152 11 0.00889953 -0.227903 0
1.56152 11 0.012626 -0.225103 0
1.56152 11 0.0179128 -0.221191 0
1.56152 11 0.0254134 -0.215756 0
1.56152 11 0.0360547 -0.208276 0
1.56152 11 0.0511518 -0.198109 0
1.56152 11 0.0725704 -0.184535 0
1.56152 11 0.102958 -0.166874 0
1.56152 11 0.146069 -0.144714 0
1.56152 11 0.207231 -0.118303 0
1.56152 11 0.294005 -0.0890628 0
1.56152 11 0.417112 -0.0598283 0
1.56152 11 0.591769 -0.0344107 0
1.56152 11 0.839558 -0.0160311 0
1.56152 11 1.1911 -0.00548154 0
1.56152 11 1.68985 -0.00118252 0
1.56152 11 2.39743 -0.000254076 0
1.56152 11 3.4013 -7.5661e-05 0
1.56152 11 4.82552 -2.9909e-05 0
1.56152 11 6.8461 -1.87039e-05 0
1.56152 11 9.71274 -5.84299e-06 0
1.56152 11 13.7797 -2.15343e-06 0
1.56152 11 19.5497 -8.48612e-07 0
1.56152 11 27.7356 -2.67087e-07 0
1.56152 11 39.3493 -9.16844e-08 0
1.56152 11 55.8259 -3.27929e-08 0
1.56152 11 79.2016 -1.16321e-08 0
1.56152 11 112.365 -4.26695e-09 0
1.56152 11 159.416 -1.62055e-09 0
1.56152 11 226.168 -6.13974e-10 0
1.56152 11 320.87 -2.33439e-10 0
1.56152 11 455.227 -9.17884e-11 0
1.56152 11 645.842 -3.73334e-11 0
1.56152 11 916.274 -1.4817e-11 0
1.56152 11 1299.94 -6.03351e-12 0
1.56152 11 1844.26 -2.52758e-12 0
1.56152 11 2616.5 -1.08451e-12 0
1.56152 11 3712.11 -4.53543e-13 0
1.56152 11 5266.46 -1.9035e-13 0
1.56152 11 7471.67 -8.03028e-14 0
1.56152 11 10600.3 -3.367e-14 0
1.56152 11 15038.9 -1.38911e-14 0
1.56152 11 21336 -5.59446e-15 0
1.56152 11 30270 -2.19068e-15 0
1.56152 11 42944.9 -8.33089e-16 0
1.56152 11 60927 -3.07801e-16 0
1.56152 11 86438.8 -1.10741e-16 0
1.56152 11 122633 -3.88869e-17 0
1.56152 11 173983 -1.35246e-17 0
1.56152 11 246834 -4.72961e-18 0
1.56152 11 350190 -1.5932e-18 0
1.56152 11 496824 -5.4219e-19 0
1.56152 11 704857 -1.81701e-19 0
1.56152 11 1e+06 -3.87477e-20 0

3.80755 11 1e-06 -0.0810603 0
3.80755 11 1.41873e-06 -0.0810602 0
3.80755 11 2.01279e-06 -0.0810601 0
3.80755 11 2.85559e-06 -0.0810599 0
3.80755 11 4.0513e-06 -0.0810596 0
3.80755 11 5.74769e-06 -0.0810591 0
3.80755 11 8.15441e-06 -0.0810585 0
3.80755 11 1.15689e-05 -0.0810577 0
3.80755 11 1.64131e-05 -0.0810565 0
3.80755 11 2.32857e-05 -0.0810548 0
3.80755 11 3.3036e-05 -0.0810523 0
3.80755 11 4.6869e-05 -0.0810489 0
3.80755 11 6.64944e-05 -0.081044 0
3.80755 11 9.43373e-05 -0.081037 0
3.80755 11 0.000133839 -0.0810272 0
3.80755 11 0.000189881 -0.0810132 0
3.80755 11 0.000269389 -0.0809934 0
3.80755 11 0.000382189 -0.0809653 0
3.80755 11 0.000542222 -0.0809254 0
3.80755 11 0.000769265 -0.0808689 0
3.80755 11 0.00109138 -0.0807887 0
3.80755 11 0.00154837 -0.0806752 0
3.80755 11 0.00219671 -0.0805143 0
3.80755 11 0.00311653 -0.0802867 0
3.80755 11 0.0044215 -0.0799649 0
3.80755 11 0.0062729 -0.0795105 0
3.80755 11 0.00889953 -0.0788702 0
3.80755 11 0.012626 -0.0779708 0
3.80755 11 0.0179128 -0.0767122 0
3.80755 11 0.0254134 -0.0749616 0
3.80755 11 0.0360547 -0.0725466 0
3.80755 11 0.0511518 -0.0692541 0
3.80755 11 0.0725704 -0.0648403 0
3.80755 11 0.102958 -0.0590649 0
3.80755 11 0.146069 -0.0517619 0
3.80755 11 0.207231 -0.0429677 0
3.80755 11 0.294005 -0.0330922 0
3.80755 11 0.417112 -0.023016 0
3.80755 11 0.591769 -0.0139661 0
3.80755 11 0.839558 -0.00703225 0
3.80755 11 1.1911 -0.00264742 0
3.80755 11 1.68985 -0.000656829 0
3.80755 11 2.39743 -0.000202528 0
3.80755 11 3.4013 -7.99632e-05 0
3.80755 11 4.82552 -3.37971e-05 0
3.80755 11 6.8461 -2.15471e-05 0
3.80755 11 9.71274 -7.14449e-06 0
3.80755 11 13.7797 -2.73096e-06 0
3.80755 11 19.5497 -1.13597e-06 0
3.80755 11 27.7356 -3.61736e-07 0
3.80755 11 39.3493 -1.26079e-07 0
3.80755 11 55.8259 -4.59104e-08 0
3.80755 11 79.2016 -1.64892e-08 0
3.80755 11 112.365 -6.13001e-09 0
3.80755 11 159.416 -2.36043e-09 0
3.80755 11 226.168 -9.03849e-10 0
3.80755 11 320.87 -3.46676e-10 0
3.80755 11 455.227 -1.37518e-10 0
3.80755 11 645.842 -5.63977e-11 0
3.80755 11 916.274 -2.2512e-11 0
3.80755 11 1299.94 -9.21731e-12 0
3.80755 11 1844.26 -3.88076e-12 0
3.80755 11 2616.5 -1.67212e-12 0
3.80755 11 3712.11 -7.01315e-13 0
3.80755 11 5266.46 -2.95028e-13 0
3.80755 11 7471.67 -1.24702e-13 0
3.80755 11 10600.3 -5.23657e-14 0
3.80755 11 15038.9 -2.163e-14 0
3.80755 11 21336 -8.719e-15 0
3.80755 11 30270 -3.41642e-15 0
3.80755 11 42944.9 -1.29981e-15 0
3.80755 11 60927 -4.80387e-16 0
3.80755 11 86438.8 -1.7287e-16 0
3.80755 11 122633 -6.07113e-17 0
3.80755 11 173983 -2.11167e-17 0
3.80755 11 246834 -7.38497e-18 0
3.80755 11 350190 -2.48776e-18 0
3.80755 11 496824 -8.46633e-19 0
3.80755 11 704857 -2.83729e-19 0
3.80755 11 1e+06 -6.05056e-20 0

9.28415 11 1e-06 -0.00578141 0
9.28415 11 1.41873e-06 -0.0057814 0
9.28415 11 2.01279e-06 -0.00578139 0
9.28415 11 2.85559e-06 -0.00578138 0
9.28415 11 4.0513e-06 -0.00578136 0
9.28415 11 5.74769e-06 -0.00578133 0
9.28415 11 8.15441e-06 -0.0057813 0
9.28415 11 1.15689e-05 -0.00578124 0
9.28415 11 1.64131e-05 -0.00578116 0
9.28415 11 2.32857e-05 -0.00578106 0
9.28415 11 3.3036e-05 -0.0057809 0
9.28415 11 4.6869e-05 -0.00578068 0
9.28415 11 6.64944e-05 -0.00578037 0
9.28415 11 9.43373e-05 -0.00577993 0
9.28415 11 0.000133839 -0.00577931 0
9.28415 11 0.000189881 -0.00577842 0
9.28415 11 0.000269389 -0.00577717 0
9.28415 11 0.000382189 -0.00577539 0
9.28415 11 0.000542222 -0.00577286 0
9.28415 11 0.000769265 -0.00576928 0
9.28415 11 0.00109138 -0.0057642 0
9.28415 11 0.00154837 -0.00575701 0
9.28415 11 0.00219671 -0.00574682 0
9.28415 11 0.00311653 -0.00573239 0
9.28415 11 0.0044215 -0.00571198 0
9.28415 11 0.0062729 -0.00568316 0
9.28415 11 0.00889953 -0.00564251 0
9.28415 11 0.012626 -0.00558537 0
9.28415 11 0.0179128 -0.00550531 0
9.28415 11 0.0254134 -0.00539376 0
9.28415 11 0.0360547 -0.00523952 0
9.28415 11 0.0511518 -0.00502861 0
9.28415 11 0.0725704 -0.00474476 0
9.28415 11 0.102958 -0.00437158 0
9.28415 11 0.146069 -0.00389707 0
9.28415 11 0.207231 -0.00332203 0
9.28415 11 0.294005 -0.00267127 0
9.28415 11 0.417112 -0.00199696 0
9.28415 11 0.591769 -0.00136358 0
9.28415 11 0.839558 -0.000815894 0
9.28415 11 1.1911 -0.00038583 0
9.28415 11 1.68985 -0.000151479 0
9.28415 11 2.39743 -9.64413e-05 0
9.28415 11 3.4013 -5.60472e-05 0
9.28415 11 4.82552 -2.52865e-05 0
9.28415 11 6.8461 -1.71734e-05 0
9.28415 11 9.71274 -6.4523e-06 0
9.28415 11 13.7797 -2.65698e-06 0
9.28415 11 19.5497 -1.25089e-06 0
9.28415 11 27.7356 -4.14429e-07 0
9.28415 11 39.3493 -1.49585e-07 0
9.28415 11 55.8259 -5.67609e-08 0
9.28415 11 79.2016 -2.09871e-08 0
9.28415 11 112.365 -8.03783e-09 0
9.28415 11 159.416 -3.18893e-09 0
9.28415 11 226.168 -1.24962e-09 0
9.28415 11 320.87 -4.88401e-10 0
9.28415 11 455.227 -1.97355e-10 0
9.28415 11 645.842 -8.23448e-11 0
9.28415 11 916.274 -3.32667e-11 0
9.28415 11 1299.94 -1.37734e-11 0
9.28415 11 1844.26 -5.85727e-12 0
9.28415 11 2616.5 -2.54494e-12 0
9.28415 11 3712.11 -1.07362e-12 0
9.28415 11 5266.46 -4.53775e-13 0
9.28415 11 7471.67 -1.92539e-13 0
9.28415 11 10600.3 -8.11002e-14 0
9.28415 11 15038.9 -3.35783e-14 0
9.28415 11 21336 -1.35597e-14 0
9.28415 11 30270 -5.32011e-15 0
9.28415 11 42944.9 -2.02596e-15 0
9.28415 11 60927 -7.49247e-16 0
9.28415 11 86438.8 -2.69739e-16 0
9.28415 11 122633 -9.47579e-17 0
9.28415 11 173983 -3.29648e-17 0
9.28415 11 246834 -1.153e-17 0
9.28415 11 350190 -3.88443e-18 0
9.28415 11 496824 -1.32203e-18 0
9.28415 11 704857 -4.43057e-19 0
9.28415 11 1e+06 -9.44827e-20 0

22.638 11 1e-06 -8.52919e-05 0
22.638 11 1.41873e-06 -8.52919e-05 0
22.638 11 2.01279e-06 -8.52918e-05 0
22.638 11 2.85559e-06 -8.52917e-05 0
22.638 11 4.0513e-06 -8.52915e-05 0
22.638 11 5.74769e-06 -8.52913e-05 0
22.638 11 8.15441e-06 -8.52909e-05 0
22.638 11 1.15689e-05 -8.52904e-05 0
22.638 11 1.64131e-05 -8.52897e-05 0
22.638 11 2.32857e-05 -8.52888e-05 0
22.638 11 3.3036e-05 -8.52874e-05 0
22.638 11 4.6869e-05 -8.52854e-05 0
22.638 11 6.64944e-05 -8.52826e-05 0
22.638 11 9.43373e-05 -8.52786e-05 0
22.638 11 0.000133839 -8.5273e-05 0
22.638 11 0.000189881 -8.5265e-05 0
22.638 11 0.000269389 -8.52537e-05 0
22.638 11 0.000382189 -8.52377e-05 0
22.638 11 0.000542222 -8.52149e-05 0
22.638 11 0.000769265 -8.51826e-05 0
22.638 11 0.00109138 -8.51369e-05 0
22.638 11 0.00154837 -8.50721e-05 0
22.638 11 0.00219671 -8.49803e-05 0
22.638 11 0.00311653 -8.48504e-05 0
22.638 11 0.0044215 -8.46668e-05 0
22.638 11 0.0062729 -8.44078e-05 0
22.638 11 0.00889953 -8.40432e-05 0
22.638 11 0.012626 -8.35316e-05 0
22.638 11 0.0179128 -8.28172e-05 0
22.638 11 0.0254134 -8.18268e-05 0
22.638 11 0.0360547 -8.04684e-05 0
22.638 11 0.0511518 -7.86345e-05 0
22.638 11 0.0725704 -7.62177e-05 0
22.638 11 0.102958 -7.31527e-05 0
22.638 11 0.146069 -6.94881e-05 0
22.638 11 0.207231 -6.54961e-05 0
22.638 11 0.294005 -6.17238e-05 0
22.638 11 0.417112 -5.86074e-05 0
22.638 11 0.591769 -5.53536e-05 0
22.638 11 0.839558 -4.90321e-05 0
22.638 11 1.1911 -3.7924e-05 0
22.638 11 1.68985 -2.846e-05 0
22.638 11 2.39743 -2.5434e-05 0
22.638 11 3.4013 -1.84965e-05 0
22.638 11 4.82552 -9.50507e-06 0
22.638 11 6.8461 -7.69858e-06 0
22.638 11 9.71274 -3.72315e-06 0
22.638 11 13.7797 -1.73548e-06 0
22.638 11 19.5497 -1.01685e-06 0
22.638 11 27.7356 -3.73239e-07 0
22.638 11 39.3493 -1.45117e-07 0
22.638 11 55.8259 -6.0028e-08 0
22.638 11 79.2016 -2.35835e-08 0
22.638 11 112.365 -9.54896e-09 0
22.638 11 159.416 -3.99301e-09 0
22.638 11 226.168 -1.62863e-09 0
22.638 11 320.87 -6.56805e-10 0
22.638 11 455.227 -2.73265e-10 0
22.638 11 645.842 -1.17049e-10 0
22.638 11 916.274 -4.8146e-11 0
22.638 11 1299.94 -2.02549e-11 0
22.638 11 1844.26 -8.73423e-12 0
22.638 11 2616.5 -3.83872e-12 0
22.638 11 3712.11 -1.63233e-12 0
22.638 11 5266.46 -6.94288e-13 0
22.638 11 7471.67 -2.96118e-13 0
22.638 11 10600.3 -1.25242e-13 0
22.638 11 15038.9 -5.20177e-14 0
22.638 11 21336 -2.10561e-14 0
22.638 11 30270 -8.27566e-15 0
22.638 11 42944.9 -3.15542e-15 0
22.638 11 60927 -1.16799e-15 0
22.638 11 86438.8 -4.20746e-16 0
22.638 11 122633 -1.4786e-16 0
22.638 11 173983 -5.14517e-17 0
22.638 11 246834 -1.79999e-17 0
22.638 11 350190 -6.06506e-18 0
22.638 11 496824 -2.06446e-18 0
22.638 11 704857 -6.91884e-19 0
22.638 11 1e+06 -1.47542e-19 0

55.1995 11 1e-06 -4.70725e-06 0
55.1995 11 1.41873e-06 -4.70725e-06 0
55.1995 11 2.01279e-06 -4.70724e-06 0
55.1995 11 2.85559e-06 -4.70724e-06 0
55.1995 11 4.0513e-06 -4.70724e-06 0
55.1995 11 5.74769e-06 -4.70723e-06 0
55.1995 11 8.15441e-06 -4.70722e-06 0
55.1995 11 1.15689e-05 -4.70721e-06 0
55.1995 11 1.64131e-05 -4.7072e-06 0
55.1995 11 2.32857e-05 -4.70718e-06 0
55.1995 11 3.3036e-05 -4.70715e-06 0
55.1995 11 4.6869e-05 -4.7071e-06 0
55.1995 11 6.64944e-05 -4.70704e-06 0
55.1995 11 9.43373e-05 -4.70696e-06 0
55.1995 11 0.000133839 -4.70684e-06 0
55.1995 11 0.000189881 -4.70666e-06 0
55.1995 11 0.000269389 -4.70642e-06 0
55.1995 11 0.000382189 -4.70607e-06 0
55.1995 11 0.000542222 -4.70557e-06 0
55.1995 11 0.000769265 -4.70487e-06 0
55.1995 11 0.00109138 -4.70388e-06 0
55.1995 11 0.00154837 -4.70247e-06 0
55.1995 11 0.00219671 -4.70049e-06 0
55.1995 11 0.00311653 -4.69767e-06 0
55.1995 11 0.0044215 -4.6937e-06 0
55.1995 11 0.0062729 -4.6881e-06 0
55.1995 11 0.00889953 -4.68024e-06 0
55.1995 11 0.012626 -4.66925e-06 0
55.1995 11 0.0179128 -4.65398e-06 0
55.1995 11 0.0254134 -4.63298e-06 0
55.1995 11 0.0360547 -4.60454e-06 0
55.1995 11 0.0511518 -4.56698e-06 0
55.1995 11 0.0725704 -4.51932e-06 0
55.1995 11 0.102958 -4.46304e-06 0
55.1995 11 0.146069 -4.40497e-06 0
55.1995 11 0.207231 -4.36128e-06 0
55.1995 11 0.294005 -4.3577e-06 0
55.1995 11 0.417112 -4.40757e-06 0
55.1995 11 0.591769 -4.44787e-06 0
55.1995 11 0.839558 -4.27825e-06 0
55.1995 11 1.1911 -3.74372e-06 0
55.1995 11 1.68985 -3.24653e-06 0
55.1995 11 2.39743 -3.30584e-06 0
55.1995 11 3.4013 -2.86377e-06 0
55.1995 11 4.82552 -1.84082e-06 0
55.1995 11 6.8461 -1.78027e-06 0
55.1995 11 9.71274 -1.19696e-06 0
55.1995 11 13.7797 -6.61436e-07 0
55.1995 11 19.5497 -5.09336e-07 0
55.1995 11 27.7356 -2.2988e-07 0
55.1995 11 39.3493 -1.01801e-07 0
55.1995 11 55.8259 -4.91108e-08 0
55.1995 11 79.2016 -2.16059e-08 0
55.1995 11 112.365 -9.64361e-09 0
55.1995 11 159.416 -4.40786e-09 0
55.1995 11 226.168 -1.92629e-09 0
55.1995 11 320.87 -8.18813e-10 0
55.1995 11 455.227 -3.56917e-10 0
55.1995 11 645.842 -1.59258e-10 0
55.1995 11 916.274 -6.73627e-11 0
55.1995 11 1299.94 -2.90168e-11 0
55.1995 11 1844.26 -1.2766e-11 0
55.1995 11 2616.5 -5.70375e-12 0
55.1995 11 3712.11 -2.45326e-12 0
55.1995 11 5266.46 -1.05294e-12 0
55.1995 11 7471.67 -4.52387e-13 0
55.1995 11 10600.3 -1.92441e-13 0
55.1995 11 15038.9 -8.028e-14 0
55.1995 11 21336 -3.26054e-14 0
55.1995 11 30270 -1.28469e-14 0
55.1995 11 42944.9 -4.90755e-15 0
55.1995 11 60927 -1.81903e-15 0
55.1995 11 86438.8 -6.55878e-16 0
55.1995 11 122633 -2.30621e-16 0
55.1995 11 173983 -8.02826e-17 0
55.1995 11 246834 -2.80951e-17 0
55.1995 11 350190 -9.46897e-18 0
55.1995 11 496824 -3.22388e-18 0
55.1995 11 704857 -1.08047e-18 0
55.1995 11 1e+06 -2.30395e-19 0

134.596 11 1e-06 -3.70759e-07 0
134.596 11 1.41873e-06 -3.70759e-07 0
134.596 11 2.01279e-06 -3.70759e-07 0
134.596 11 2.85559e-06 -3.70758e-07 0
134.596 11 4.0513e-06 -3.70758e-07 0
134.596 11 5.74769e-06 -3.70758e-07 0
134.596 11 8.15441e-06 -3.70758e-07 0
134.596 11 1.15689e-05 -3.70757e-07 0
134.596 11 1.64131e-05 -3.70757e-07 0
134.596 11 2.32857e-05 -3.70756e-07 0
134.596 11 3.3036e-05 -3.70755e-07 0
134.596 11 4.6869e-05 -3.70753e-07 0
134.596 11 6.64944e-05 -3.7075e-07 0
134.596 11 9.43373e-05 -3.70747e-07 0
134.596 11 0.000133839 -3.70742e-07 0
134.596 11 0.000189881 -3.70734e-07 0
134.596 11 0.000269389 -3.70724e-07 0
134.596 11 0.000382189 -3.7071e-07 0
134.596 11 0.000542222 -3.70689e-07 0
134.596 11 0.000769265 -3.7066e-07 0
134.596 11 0.00109138 -3.70619e-07 0
134.596 11 0.00154837 -3.70561e-07 0
134.596 11 0.00219671 -3.70478e-07 0
134.596 11 0.00311653 -3.70362e-07 0
134.596 11 0.0044215 -3.70198e-07 0
134.596 11 0.0062729 -3.69967e-07 0
134.596 11 0.00889953 -3.69644e-07 0
134.596 11 0.012626 -3.69195e-07 0
134.596 11 0.0179128 -3.68576e-07 0
134.596 11 0.0254134 -3.67733e-07 0
134.596 11 0.0360547 -3.66614e-07 0
134.596 11 0.0511518 -3.65178e-07 0
134.596 11 0.0725704 -3.63452e-07 0
134.596 11 0.102958 -3.61628e-07 0
134.596 11 0.146069 -3.60238e-07 0
134.596 11 0.207231 -3.60391e-07 0
134.596 11 0.294005 -3.63785e-07 0
134.596 11 0.417112 -3.71435e-07 0
134.596 11 0.591769 -3.79801e-07 0
134.596 11 0.839558 -3.76599e-07 0
134.596 11 1.1911 -3.51052e-07 0
134.596 11 1.68985 -3.29505e-07 0
134.596 11 2.39743 -3.55113e-07 0
134.596 11 3.4013 -3.41183e-07 0
134.596 11 4.82552 -2.67997e-07 0
134.596 11 6.8461 -2.76511e-07 0
134.596 11 9.71274 -2.423e-07 0
134.596 11 13.7797 -1.64024e-07 0
134.596 11 19.5497 -1.54947e-07 0
134.596 11 27.7356 -9.33115e-08 0
134.596 11 39.3493 -5.0225e-08 0
134.596 11 55.8259 -2.99292e-08 0
134.596 11 79.2016 -1.57232e-08 0
134.596 11 112.365 -8.12412e-09 0
134.596 11 159.416 -4.23186e-09 0
134.596 11 226.168 -2.05645e-09 0
134.596 11 320.87 -9.46797e-10 0
134.596 11 455.227 -4.41251e-10 0
134.596 11 645.842 -2.08469e-10 0
134.596 11 916.274 -9.16906e-11 0
134.596 11 1299.94 -4.07446e-11 0
134.596 11 1844.26 -1.83869e-11 0
134.596 11 2616.5 -8.38559e-12 0
134.596 11 3712.11 -3.6587e-12 0
134.596 11 5266.46 -1.58777e-12 0
134.596 11 7471.67 -6.88173e-13 0
134.596 11 10600.3 -2.94735e-13 0
134.596 11 15038.9 -1.23587e-13 0
134.596 11 21336 -5.03918e-14 0
134.596 11 30270 -1.99144e-14 0
134.596 11 42944.9 -7.62454e-15 0
134.596 11 60927 -2.83086e-15 0
134.596 11 86438.8 -1.02186e-15 0
134.596 11 122633 -3.59546e-16 0
134.596 11 173983 -1.25227e-16 0
134.596 11 246834 -4.38418e-17 0
134.596 11 350190 -1.47807e-17 0
134.596 11 496824 -5.03404e-18 0
134.596 11 704857 -1.6872e-18 0
134.596 11 1e+06 -3.59754e-19 0

328.193 11 1e-06 -4.76072e-08 0
328.193 11 1.41873e-06 -4.76072e-08 0
328.193 11 2.01279e-06 -4.76072e-08 0
328.193 11 2.85559e-06 -4.76072e-08 0
328.193 11 4.0513e-06 -4.76072e-08 0
328.193 11 5.74769e-06 -4.76072e-08 0
328.193 11 8.15441e-06 -4.76071e-08 0
328.193 11 1.15689e-05 -4.76071e-08 0
328.193 11 1.64131e-05 -4.76071e-08 0
328.193 11 2.32857e-05 -4.7607e-08 0
328.193 11 3.3036e-05 -4.76069e-08 0
328.193 11 4.6869e-05 -4.76068e-08 0
328.193 11 6.64944e-05 -4.76067e-08 0
328.193 11 9.43373e-05 -4.76065e-08 0
328.193 11 0.000133839 -4.76061e-08 0
328.193 11 0.000189881 -4.76057e-08 0
328.193 11 0.000269389 -4.76051e-08 0
328.193 11 0.000382189 -4.76042e-08 0
328.193 11 0.000542222 -4.76029e-08 0
328.193 11 0.000769265 -4.76011e-08 0
328.193 11 0.00109138 -4.75985e-08 0
328.193 11 0.00154837 -4.75949e-08 0
328.193 11 0.00219671 -4.75898e-08 0
328.193 11 0.00311653 -4.75826e-08 0
328.193 11 0.0044215 -4.75724e-08 0
328.193 11 0.0062729 -4.75582e-08 0
328.193 11 0.00889953 -4.75382e-08 0
328.193 11 0.012626 -4.75106e-08 0
328.193 11 0.0179128 -4.74726e-08 0
328.193 11 0.0254134 -4.74213e-08 0
328.193 11 0.0360547 -4.73537e-08 0
328.193 11 0.0511518 -4.72685e-08 0
328.193 11 0.0725704 -4.71692e-08 0
328.193 11 0.102958 -4.70716e-08 0
328.193 11 0.146069 -4.70159e-08 0
328.193 11 0.207231 -4.70832e-08 0
328.193 11 0.294005 -4.73967e-08 0
328.193 11 0.417112 -4.80344e-08 0
328.193 11 0.591769 -4.87573e-08 0
328.193 11 0.839558 -4.86986e-08 0
328.193 11 1.1911 -4.70587e-08 0
328.193 11 1.68985 -4.57796e-08 0
328.193 11 2.39743 -4.83781e-08 0
328.193 11 3.4013 -4.80632e-08 0
328.193 11 4.82552 -4.28009e-08 0
328.193 11 6.8461 -4.4097e-08 0
328.193 11 9.71274 -4.33255e-08 0
328.193 11 13.7797 -3.50056e-08 0
328.193 11 19.5497 -3.57213e-08 0
328.193 11 27.7356 -2.78186e-08 0
328.193 11 39.3493 -1.8775e-08 0
328.193 11 55.8259 -1.37443e-08 0
328.193 11 79.2016 -8.93908e-09 0
328.193 11 112.365 -5.54945e-09 0
328.193 11 159.416 -3.40526e-09 0
328.193 11 226.168 -1.91618e-09 0
328.193 11 320.87 -9.89862e-10 0
328.193 11 455.227 -5.06613e-10 0
328.193 11 645.842 -2.59088e-10 0
328.193 11 916.274 -1.20531e-10 0
328.193 11 1299.94 -5.5862e-11 0
328.193 11 1844.26 -2.60497e-11 0
328.193 11 2616.5 -1.21928e-11 0
328.193 11 3712.11 -5.41764e-12 0
328.193 11 5266.46 -2.38299e-12 0
328.193 11 7471.67 -1.0434e-12 0
328.193 11 10600.3 -4.5032e-13 0
328.193 11 15038.9 -1.89914e-13 0
328.193 11 21336 -7.77762e-14 0
328.193 11 30270 -3.08388e-14 0
328.193 11 42944.9 -1.18361e-14 0
328.193 11 60927 -4.40254e-15 0
328.193 11 86438.8 -1.5912e-15 0
328.193 11 122633 -5.60308e-16 0
328.193 11 173983 -1.95263e-16 0
328.193 11 246834 -6.83896e-17 0
328.193 11 350190 -2.3065e-17 0
328.193 11 496824 -7.85837e-18 0
328.193 11 704857 -2.63414e-18 0
328.193 11 1e+06 -5.61669e-19 0

800.25 11 1e-06 -5.63683e-09 0
800.25 11 1.41873e-06 -5.63683e-09 0
800.25 11 2.01279e-06 -5.63683e-09 0
800.25 11 2.85559e-06 -5.63683e-09 0
800.25 11 4.0513e-06 -5.63683e-09 0
800.25 11 5.74769e-06 -5.63682e-09 0
800.25 11 8.15441e-06 -5.63682e-09 0
800.25 11 1.15689e-05 -5.63682e-09 0
800.25 11 1.64131e-05 -5.63682e-09 0
800.25 11 2.32857e-05 -5.63682e-09 0
800.25 11 3.3036e-05 -5.63681e-09 0
800.25 11 4.6869e-05 -5.6368e-09 0
800.25 11 6.64944e-05 -5.63679e-09 0
800.25 11 9.43373e-05 -5.63678e-09 0
800.25 11 0.000133839 -5.63676e-09 0
800.25 11 0.000189881 -5.63673e-09 0
800.25 11 0.000269389 -5.63669e-09 0
800.25 11 0.000382189 -5.63664e-09 0
800.25 11 0.000542222 -5.63656e-09 0
800.25 11 0.000769265 -5.63645e-09 0
800.25 11 0.00109138 -5.63629e-09 0
800.25 11 0.00154837 -5.63606e-09 0
800.25 11 0.00219671 -5.63574e-09 0
800.25 11 0.00311653 -5.63529e-09 0
800.25 11 0.0044215 -5.63466e-09 0
800.25 11 0.0062729 -5.63378e-09 0
800.25 11 0.00889953 -5.63254e-09 0
800.25 11 0.012626 -5.63083e-09 0
800.25 11 0.0179128 -5.62849e-09 0
800.25 11 0.0254134 -5.62534e-09 0
800.25 11 0.0360547 -5.62123e-09 0
800.25 11 0.0511518 -5.61612e-09 0
800.25 11 0.0725704 -5.6103e-09 0
800.25 11 0.102958 -5.60493e-09 0
800.25 11 0.146069 -5.60277e-09 0
800.25 11 0.207231 -5.60932e-09 0
800.25 11 0.294005 -5.63288e-09 0
800.25 11 0.417112 -5.67894e-09 0
800.25 11 0.591769 -5.73264e-09 0
800.25 11 0.839558 -5.7381e-09 0
800.25 11 1.1911 -5.64188e-09 0
800.25 11 1.68985 -5.56954e-09 0
800.25 11 2.39743 -5.7622e-09 0
800.25 11 3.4013 -5.779e-09 0
800.25 11 4.82552 -5.46767e-09 0
800.25 11 6.8461 -5.59405e-09 0
800.25 11 9.71274 -5.67271e-09 0
800.25 11 13.7797 -5.10139e-09 0
800.25 11 19.5497 -5.30668e-09 0
800.25 11 27.7356 -4.80199e-09 0
800.25 11 39.3493 -3.88151e-09 0
800.25 11 55.8259 -3.33331e-09 0
800.25 11 79.2016 -2.64993e-09 0
800.25 11 112.365 -2.01125e-09 0
800.25 11 159.416 -1.50104e-09 0
800.25 11 226.168 -1.03454e-09 0
800.25 11 320.87 -6.42207e-10 0
800.25 11 455.227 -3.87577e-10 0
800.25 11 645.842 -2.30936e-10 0
800.25 11 916.274 -1.20927e-10 0
800.25 11 1299.94 -6.15746e-11 0
800.25 11 1844.26 -3.10382e-11 0
800.25 11 2616.5 -1.55094e-11 0
800.25 11 3712.11 -7.22988e-12 0
800.25 11 5266.46 -3.29824e-12 0
800.25 11 7471.67 -1.48572e-12 0
800.25 11 10600.3 -6.55614e-13 0
800.25 11 15038.9 -2.81334e-13 0
800.25 11 21336 -1.16795e-13 0
800.25 11 30270 -4.68025e-14 0
800.25 11 42944.9 -1.81086e-14 0
800.25 11 60927 -6.77739e-15 0
800.25 11 86438.8 -2.46056e-15 0
800.25 11 122633 -8.691e-16 0
800.25 11 173983 -3.03548e-16 0
800.25 11 246834 -1.0647e-16 0
800.25 11 350190 -3.59474e-17 0
800.25 11 496824 -1.22582e-17 0
800.25 11 704857 -4.11061e-18 0
800.25 11 1e+06 -8.766e-19 0

1951.29 11 1e-06 -9.22778e-10 0
1951.29 11 1.41873e-06 -9.22778e-10 0
1951.29 11 2.01279e-06 -9.22778e-10 0
1951.29 11 2.85559e-06 -9.22778e-10 0
1951.29 11 4.0513e-06 -9.22778e-10 0
1951.29 11 5.74769e-06 -9.22778e-10 0
1951.29 11 8.15441e-06 -9.22778e-10 0
1951.29 11 1.15689e-05 -9.22778e-10 0
1951.29 11 1.64131e-05 -9.22778e-10 0
1951.29 11 2.32857e-05 -9.22777e-10 0
1951.29 11 3.3036e-05 -9.22777e-10 0
1951.29 11 4.6869e-05 -9.22776e-10 0
1951.29 11 6.64944e-05 -9.22775e-10 0
1951.29 11 9.43373e-05 -9.22774e-10 0
1951.29 11 0.000133839 -9.22773e-10 0
1951.29 11 0.000189881 -9.22771e-10 0
1951.29 11 0.000269389 -9.22767e-10 0
1951.29 11 0.000382189 -9.22763e-10 0
1951.29 11 0.000542222 -9.22756e-10 0
1951.29 11 0.000769265 -9.22747e-10 0
1951.29 11 0.00109138 -9.22734e-10 0
1951.29 11 0.00154837 -9.22716e-10 0
1951.29 11 0.00219671 -9.2269e-10 0
1951.29 11 0.00311653 -9.22654e-10 0
1951.29 11 0.0044215 -9.22603e-10 0
1951.29 11 0.0062729 -9.22531e-10 0
1951.29 11 0.00889953 -9.22431e-10 0
1951.29 11 0.012626 -9.22292e-10 0
1951.29 11 0.0179128 -9.22103e-10 0
1951.29 11 0.0254134 -9.2185e-10 0
1951.29 11 0.0360547 -9.2152e-10 0
1951.29 11 0.0511518 -9.21113e-10 0
1951.29 11 0.0725704 -9.20657e-10 0
1951.29 11 0.102958 -9.2025e-10 0
1951.29 11 0.146069 -9.20129e-10 0
1951.29 11 0.207231 -9.20755e-10 0
1951.29 11 0.294005 -9.22823e-10 0
1951.29 11 0.417112 -9.26803e-10 0
1951.29 11 0.591769 -9.31509e-10 0
1951.29 11 0.839558 -9.32386e-10 0
1951.29 11 1.1911 -9.24987e-10 0
1951.29 11 1.68985 -9.19465e-10 0
1951.29 11 2.39743 -9.35938e-10 0
1951.29 11 3.4013 -9.38943e-10 0
1951.29 11 4.82552 -9.1528e-10 0
1951.29 11 6.8461 -9.27377e-10 0
1951.29 11 9.71274 -9.39668e-10 0
1951.29 11 13.7797 -8.94188e-10 0
1951.29 11 19.5497 -9.19708e-10 0
1951.29 11 27.7356 -8.86298e-10 0
1951.29 11 39.3493 -7.99018e-10 0
1951.29 11 55.8259 -7.46809e-10 0
1951.29 11 79.2016 -6.70429e-10 0
1951.29 11 112.365 -5.83554e-10 0
1951.29 11 159.416 -5.01316e-10 0
1951.29 11 226.168 -4.08632e-10 0
1951.29 11 320.87 -3.04847e-10 0
1951.29 11 455.227 -2.19516e-10 0
1951.29 11 645.842 -1.55171e-10 0
1951.29 11 916.274 -9.50929e-11 0
1951.29 11 1299.94 -5.52691e-11 0
1951.29 11 1844.26 -3.12259e-11 0
1951.29 11 2616.5 -1.72454e-11 0
1951.29 11 3712.11 -8.68681e-12 0
1951.29 11 5266.46 -4.20489e-12 0
1951.29 11 7471.67 -1.98365e-12 0
1951.29 11 10600.3 -9.07879e-13 0
1951.29 11 15038.9 -4.01015e-13 0
1951.29 11 21336 -1.70333e-13 0
1951.29 11 30270 -6.94867e-14 0
1951.29 11 42944.9 -2.72571e-14 0
1951.29 11 60927 -1.03095e-14 0
1951.29 11 86438.8 -3.77227e-15 0
1951.29 11 122633 -1.33989e-15 0
1951.29 11 173983 -4.69916e-16 0
1951.29 11 246834 -1.65292e-16 0
1951.29 11 350190 -5.59187e-17 0
1951.29 11 496824 -1.90956e-17 0
1951.29 11 704857 -6.40868e-18 0
1951.29 11 1e+06 -1.36713e-18 0

4757.94 11 1e-06 -1.67686e-10 0
4757.94 11 1.41873e-06 -1.67686e-10 0
4757.94 11 2.01279e-06 -1.67686e-10 0
4757.94 11 2.85559e-06 -1.67686e-10 0
4757.94 11 4.0513e-06 -1.67686e-10 0
4757.94 11 5.74769e-06 -1.67686e-10 0
4757.94 11 8.15441e-06 -1.67686e-10 0
4757.94 11 1.15689e-05 -1.67686e-10 0
4757.94 11 1.64131e-05 -1.67686e-10 0
4757.94 11 2.32857e-05 -1.67686e-10 0
4757.94 11 3.3036e-05 -1.67686e-10 0
4757.94 11 4.6869e-05 -1.67686e-10 0
4757.94 11 6.64944e-05 -1.67686e-10 0
4757.94 11 9.43373e-05 -1.67686e-10 0
4757.94 11 0.000133839 -1.67686e-10 0
4757.94 11 0.000189881 -1.67686e-10 0
4757.94 11 0.000269389 -1.67685e-10 0
4757.94 11 0.000382189 -1.67685e-10 0
4757.94 11 0.000542222 -1.67684e-10 0
4757.94 11 0.000769265 -1.67684e-10 0
4757.94 11 0.00109138 -1.67682e-10 0
4757.94 11 0.00154837 -1.67681e-10 0
4757.94 11 0.00219671 -1.67679e-10 0
4757.94 11 0.00311653 -1.67675e-10 0
4757.94 11 0.0044215 -1.67671e-10 0
4757.94 11 0.0062729 -1.67665e-10 0
4757.94 11 0.00889953 -1.67656e-10 0
4757.94 11 0.012626 -1.67644e-10 0
4757.94 11 0.0179128 -1.67627e-10 0
4757.94 11 0.0254134 -1.67605e-10 0
4757.94 11 0.0360547 -1.67576e-10 0
4757.94 11 0.0511518 -1.6754e-10 0
4757.94 11 0.0725704 -1.67501e-10 0
4757.94 11 0.102958 -1.67467e-10 0
4757.94 11 0.146069 -1.67459e-10 0
4757.94 11 0.207231 -1.6752e-10 0
4757.94 11 0.294005 -1.6771e-10 0
4757.94 11 0.417112 -1.68073e-10 0
4757.94 11 0.591769 -1.68507e-10 0
4757.94 11 0.839558 -1.68613e-10 0
4757.94 11 1.1911 -1.67995e-10 0
4757.94 11 1.68985 -1.67531e-10 0
4757.94 11 2.39743 -1.68998e-10 0
4757.94 11 3.4013 -1.69357e-10 0
4757.94 11 4.82552 -1.67421e-10 0
4757.94 11 6.8461 -1.68583e-10 0
4757.94 11 9.71274 -1.69963e-10 0
4757.94 11 13.7797 -1.66237e-10 0
4757.94 11 19.5497 -1.68964e-10 0
4757.94 11 27.7356 -1.66807e-10 0
4757.94 11 39.3493 -1.59153e-10 0
4757.94 11 55.8259 -1.54845e-10 0
4757.94 11 79.2016 -1.47895e-10 0
4757.94 11 112.365 -1.39037e-10 0
4757.94 11 159.416 -1.29868e-10 0
4757.94 11 226.168 -1.18025e-10 0
4757.94 11 320.87 -1.01396e-10 0
4757.94 11 455.227 -8.46523e-11 0
4757.94 11 645.842 -6.95941e-11 0
4757.94 11 916.274 -5.08898e-11 0
4757.94 11 1299.94 -3.49694e-11 0
4757.94 11 1844.26 -2.30845e-11 0
4757.94 11 2616.5 -1.47401e-11 0
4757.94 11 3712.11 -8.40871e-12 0
4757.94 11 5266.46 -4.49807e-12 0
4757.94 11 7471.67 -2.29967e-12 0
4757.94 11 10600.3 -1.12386e-12 0
4757.94 11 15038.9 -5.23656e-13 0
4757.94 11 21336 -2.32203e-13 0
4757.94 11 30270 -9.80132e-14 0
4757.94 11 42944.9 -3.9485e-14 0
4757.94 11 60927 -1.52458e-14 0
4757.94 11 86438.8 -5.66545e-15 0
4757.94 11 122633 -2.03551e-15 0
4757.94 11 173983 -7.20064e-16 0
4757.94 11 246834 -2.5481e-16 0
4757.94 11 350190 -8.65695e-17 0
4757.94 11 496824 -2.9649e-17 0
4757.94 11 704857 -9.96892e-18 0
4757.94 11 1e+06 -2.12842e-18 0

11601.6 11 1e-06 -3.30793e-11 0
11601.6 11 1.41873e-06 -3.30793e-11 0
11601.6 11 2.01279e-06 -3.30793e-11 0
11601.6 11 2.85559e-06 -3.30793e-11 0
11601.6 11 4.0513e-06 -3.30793e-11 0
11601.6 11 5.74769e-06 -3.30793e-11 0
11601.6 11 8.15441e-06 -3.30793e-11 0
11601.6 11 1.15689e-05 -3.30793e-11 0
11601.6 11 1.64131e-05 -3.30793e-11 0
11601.6 11 2.32857e-05 -3.30793e-11 0
11601.6 11 3.3036e-05 -3.30792e-11 0
11601.6 11 4.6869e-05 -3.30792e-11 0
11601.6 11 6.64944e-05 -3.30792e-11 0
11601.6 11 9.43373e-05 -3.30792e-11 0
11601.6 11 0.000133839 -3.30792e-11 0
11601.6 11 0.000189881 -3.30792e-11 0
11601.6 11 0.000269389 -3.30792e-11 0
11601.6 11 0.000382189 -3.30791e-11 0
11601.6 11 0.000542222 -3.30791e-11 0
11601.6 11 0.000769265 -3.3079e-11 0
11601.6 11 0.00109138 -3.30789e-11 0
11601.6 11 0.00154837 -3.30787e-11 0
11601.6 11 0.00219671 -3.30785e-11 0
11601.6 11 0.00311653 -3.30782e-11 0
11601.6 11 0.0044215 -3.30778e-11 0
11601.6 11 0.0062729 -3.30772e-11 0
11601.6 11 0.00889953 -3.30764e-11 0
11601.6 11 0.012626 -3.30752e-11 0
11601.6 11 0.0179128 -3.30737e-11 0
11601.6 11 0.0254134 -3.30716e-11 0
11601.6 11 0.0360547 -3.30689e-11 0
11601.6 11 0.0511518 -3.30656e-11 0
11601.6 11 0.0725704 -3.30619e-11 0
11601.6 11 0.102958 -3.30588e-11 0
11601.6 11 0.146069 -3.30582e-11 0
11601.6 11 0.207231 -3.30641e-11 0
11601.6 11 0.294005 -3.30824e-11 0
11601.6 11 0.417112 -3.31172e-11 0
11601.6 11 0.591769 -3.31591e-11 0
11601.6 11 0.839558 -3.31707e-11 0
11601.6 11 1.1911 -3.31148e-11 0
11601.6 11 1.68985 -3.30725e-11 0
11601.6 11 2.39743 -3.32099e-11 0
11601.6 11 3.4013 -3.32486e-11 0
11601.6 11 4.82552 -3.30763e-11 0
11601.6 11 6.8461 -3.319e-11 0
11601.6 11 9.71274 -3.33327e-11 0
11601.6 11 13.7797 -3.3003e-11 0
11601.6 11 19.5497 -3.32812e-11 0
11601.6 11 27.7356 -3.31247e-11 0
11601.6 11 39.3493 -3.2435e-11 0
11601.6 11 55.8259 -3.20734e-11 0
11601.6 11 79.2016 -3.1458e-11 0
11601.6 11 112.365 -3.0632e-11 0
11601.6 11 159.416 -2.9754e-11 0
11601.6 11 226.168 -2.85423e-11 0
11601.6 11 320.87 -2.65859e-11 0
11601.6 11 455.227 -2.43609e-11 0
11601.6 11 645.842 -2.21404e-11 0
11601.6 11 916.274 -1.87095e-11 0
11601.6 11 1299.94 -1.50292e-11 0
11601.6 11 1844.26 -1.16147e-11 0
11601.6 11 2616.5 -8.67827e-12 0
11601.6 11 3712.11 -5.80605e-12 0
11601.6 11 5266.46 -3.58228e-12 0
11601.6 11 7471.67 -2.07308e-12 0
11601.6 11 10600.3 -1.12829e-12 0
11601.6 11 15038.9 -5.76815e-13 0
11601.6 11 21336 -2.76582e-13 0
11601.6 11 30270 -1.24489e-13 0
11601.6 11 42944.9 -5.28001e-14 0
11601.6 11 60927 -2.12257e-14 0
11601.6 11 86438.8 -8.13547e-15 0
11601.6 11 122633 -2.99274e-15 0
11601.6 11 173983 -1.07802e-15 0
11601.6 11 246834 -3.86528e-16 0
11601.6 11 350190 -1.32533e-16 0
11601.6 11 496824 -4.56776e-17 0
11601.6 11 704857 -1.54229e-17 0
11601.6 11 1e+06 -3.29951e-18 0

28288.7 11 1e-06 -6.18443e-12 0
28288.7 11 1.41873e-06 -6.18443e-12 0
28288.7 11 2.01279e-06 -6.18444e-12 0
28288.7 11 2.85559e-06 -6.18444e-12 0
28288.7 11 4.0513e-06 -6.18444e-12 0
28288.7 11 5.74769e-06 -6.18444e-12 0
28288.7 11 8.15441e-06 -6.18444e-12 0
28288.7 11 1.15689e-05 -6.18444e-12 0
28288.7 11 1.64131e-05 -6.18444e-12 0
28288.7 11 2.32857e-05 -6.18444e-12 0
28288.7 11 3.3036e-05 -6.18443e-12 0
28288.7 11 4.6869e-05 -6.18443e-12 0
28288.7 11 6.64944e-05 -6.18443e-12 0
28288.7 11 9.43373e-05 -6.18443e-12 0
28288.7 11 0.000133839 -6.18443e-12 0
28288.7 11 0.000189881 -6.18443e-12 0
28288.7 11 0.000269389 -6.18443e-12 0
28288.7 11 0.000382189 -6.18442e-12 0
28288.7 11 0.000542222 -6.18442e-12 0
28288.7 11 0.000769265 -6.18441e-12 0
28288.7 11 0.00109138 -6.1844e-12 0
28288.7 11 0.00154837 -6.18439e-12 0
28288.7 11 0.00219671 -6.18437e-12 0
28288.7 11 0.00311653 -6.18434e-12 0
28288.7 11 0.0044215 -6.1843e-12 0
28288.7 11 0.0062729 -6.18424e-12 0
28288.7 11 0.00889953 -6.18416e-12 0
28288.7 11 0.012626 -6.18406e-12 0
28288.7 11 0.0179128 -6.18391e-12 0
28288.7 11 0.0254134 -6.18371e-12 0
28288.7 11 0.0360547 -6.18346e-12 0
28288.7 11 0.0511518 -6.18315e-12 0
28288.7 11 0.0725704 -6.18281e-12 0
28288.7 11 0.102958 -6.18252e-12 0
28288.7 11 0.146069 -6.18248e-12 0
28288.7 11 0.207231 -6.18306e-12 0
28288.7 11 0.294005 -6.18481e-12 0
28288.7 11 0.417112 -6.18814e-12 0
28288.7 11 0.591769 -6.19217e-12 0
28288.7 11 0.839558 -6.19343e-12 0
28288.7 11 1.1911 -6.18841e-12 0
28288.7 11 1.68985 -6.18453e-12 0
28288.7 11 2.39743 -6.19727e-12 0
28288.7 11 3.4013 -6.20132e-12 0
28288.7 11 4.82552 -6.18616e-12 0
28288.7 11 6.8461 -6.19711e-12 0
28288.7 11 9.71274 -6.2113e-12 0
28288.7 11 13.7797 -6.18276e-12 0
28288.7 11 19.5497 -6.21021e-12 0
28288.7 11 27.7356 -6.19958e-12 0
28288.7 11 39.3493 -6.14006e-12 0
28288.7 11 55.8259 -6.1122e-12 0
28288.7 11 79.2016 -6.06235e-12 0
28288.7 11 112.365 -5.99392e-12 0
28288.7 11 159.416 -5.92275e-12 0
28288.7 11 226.168 -5.82126e-12 0
28288.7 11 320.87 -5.64071e-12 0
28288.7 11 455.227 -5.42446e-12 0
28288.7 11 645.842 -5.20326e-12 0
28288.7 11 916.274 -4.80119e-12 0
28288.7 11 1299.94 -4.29412e-12 0
28288.7 11 1844.26 -3.74256e-12 0
28288.7 11 2616.5 -3.18849e-12 0
28288.7 11 3712.11 -2.50291e-12 0
28288.7 11 5266.46 -1.82321e-12 0
28288.7 11 7471.67 -1.24007e-12 0
28288.7 11 10600.3 -7.87167e-13 0
28288.7 11 15038.9 -4.64729e-13 0
28288.7 11 21336 -2.53959e-13 0
28288.7 11 30270 -1.28132e-13 0
28288.7 11 42944.9 -5.98086e-14 0
28288.7 11 60927 -2.59853e-14 0
28288.7 11 86438.8 -1.05923e-14 0
28288.7 11 122633 -4.0896e-15 0
28288.7 11 173983 -1.53042e-15 0
28288.7 11 246834 -5.64793e-16 0
28288.7 11 350190 -1.97627e-16 0
28288.7 11 496824 -6.90883e-17 0
28288.7 11 704857 -2.35521e-17 0
28288.7 11 1e+06 -5.0622e-18 0

68977.9 11 1e-06 -1.07805e-12 0
68977.9 11 1.41873e-06 -1.07805e-12 0
68977.9 11 2.01279e-06 -1.07805e-12 0
68977.9 11 2.85559e-06 -1.07805e-12 0
68977.9 11 4.0513e-06 -1.07805e-12 0
68977.9 11 5.74769e-06 -1.07805e-12 0
68977.9 11 8.15441e-06 -1.07805e-12 0
68977.9 11 1.15689e-05 -1.07805e-12 0
68977.9 11 1.64131e-05 -1.07805e-12 0
68977.9 11 2.32857e-05 -1.07805e-12 0
68977.9 11 3.3036e-05 -1.07805e-12 0
68977.9 11 4.6869e-05 -1.07805e-12 0
68977.9 11 6.64944e-05 -1.07805e-12 0
68977.9 11 9.43373e-05 -1.07805e-12 0
68977.9 11 0.000133839 -1.07805e-12 0
68977.9 11 0.000189881 -1.07805e-12 0
68977.9 11 0.000269389 -1.07805e-12 0
68977.9 11 0.000382189 -1.07805e-12 0
68977.9 11 0.000542222 -1.07805e-12 0
68977.9 11 0.000769265 -1.07805e-12 0
68977.9 11 0.00109138 -1.07805e-12 0
68977.9 11 0.00154837 -1.07805e-12 0
68977.9 11 0.00219671 -1.07805e-12 0
68977.9 11 0.00311653 -1.07804e-12 0
68977.9 11 0.0044215 -1.07804e-12 0
68977.9 11 0.0062729 -1.07803e-12 0
68977.9 11 0.00889953 -1.07803e-12 0
68977.9 11 0.012626 -1.07802e-12 0
68977.9 11 0.0179128 -1.078e-12 0
68977.9 11 0.0254134 -1.07798e-12 0
68977.9 11 0.0360547 -1.07796e-12 0
68977.9 11 0.0511518 -1.07793e-12 0
68977.9 11 0.0725704 -1.0779e-12 0
68977.9 11 0.102958 -1.07787e-12 0
68977.9 11 0.146069 -1.07787e-12 0
68977.9 11 0.207231 -1.07792e-12 0
68977.9 11 0.294005 -1.07809e-12 0
68977.9 11 0.417112 -1.07841e-12 0
68977.9 11 0.591769 -1.0788e-12 0
68977.9 11 0.839558 -1.07893e-12 0
68977.9 11 1.1911 -1.07848e-12 0
68977.9 11 1.68985 -1.07812e-12 0
68977.9 11 2.39743 -1.07929e-12 0
68977.9 11 3.4013 -1.07971e-12 0
68977.9 11 4.82552 -1.07838e-12 0
68977.9 11 6.8461 -1.07942e-12 0
68977.9 11 9.71274 -1.08079e-12 0
68977.9 11 13.7797 -1.07835e-12 0
68977.9 11 19.5497 -1.08099e-12 0
68977.9 11 27.7356 -1.08033e-12 0
68977.9 11 39.3493 -1.0753e-12 0
68977.9 11 55.8259 -1.07327e-12 0
68977.9 11 79.2016 -1.06943e-12 0
68977.9 11 112.365 -1.06411e-12 0
68977.9 11 159.416 -1.05888e-12 0
68977.9 11 226.168 -1.05129e-12 0
68977.9 11 320.87 -1.03661e-12 0
68977.9 11 455.227 -1.01889e-12 0
68977.9 11 645.842 -1.00147e-12 0
68977.9 11 916.274 -9.65255e-13 0
68977.9 11 1299.94 -9.15175e-13 0
68977.9 11 1844.26 -8.56064e-13 0
68977.9 11 2616.5 -7.92089e-13 0
68977.9 11 3712.11 -6.97981e-13 0
68977.9 11 5266.46 -5.83904e-13 0
68977.9 11 7471.67 -4.62705e-13 0
68977.9 11 10600.3 -3.45564e-13 0
68977.9 11 15038.9 -2.41569e-13 0
68977.9 11 21336 -1.56545e-13 0
68977.9 11 30270 -9.30952e-14 0
68977.9 11 42944.9 -5.0501e-14 0
68977.9 11 60927 -2.50065e-14 0
68977.9 11 86438.8 -1.13758e-14 0
68977.9 11 122633 -4.80953e-15 0
68977.9 11 173983 -1.94084e-15 0
68977.9 11 246834 -7.59933e-16 0
68977.9 11 350190 -2.77608e-16 0
68977.9 11 496824 -1.00133e-16 0
68977.9 11 704857 -3.48833e-17 0
68977.9 11 1e+06 -7.57894e-18 0

168192 11 1e-06 -1.65585e-13 0
168192 11 1.41873e-06 -1.65586e-13 0
168192 11 2.01279e-06 -1.65586e-13 0
168192 11 2.85559e-06 -1.65586e-13 0
168192 11 4.0513e-06 -1.65586e-13 0
168192 11 5.74769e-06 -1.65585e-13 0
168192 11 8.15441e-06 -1.65586e-13 0
168192 11 1.15689e-05 -1.65586e-13 0
168192 11 1.64131e-05 -1.65586e-13 0
168192 11 2.32857e-05 -1.65586e-13 0
168192 11 3.3036e-05 -1.65586e-13 0
168192 11 4.6869e-05 -1.65586e-13 0
168192 11 6.64944e-05 -1.65586e-13 0
168192 11 9.43373e-05 -1.65586e-13 0
168192 11 0.000133839 -1.65586e-13 0
168192 11 0.000189881 -1.65585e-13 0
168192 11 0.000269389 -1.65585e-13 0
168192 11 0.000382189 -1.65585e-13 0
168192 11 0.000542222 -1.65585e-13 0
168192 11 0.000769265 -1.65585e-13 0
168192 11 0.00109138 -1.65585e-13 0
168192 11 0.00154837 -1.65585e-13 0
168192 11 0.00219671 -1.65585e-13 0
168192 11 0.00311653 -1.65585e-13 0
168192 11 0.0044215 -1.65584e-13 0
168192 11 0.0062729 -1.65584e-13 0
168192 11 0.00889953 -1.65583e-13 0
168192 11 0.012626 -1.65582e-13 0
168192 11 0.0179128 -1.65581e-13 0
168192 11 0.0254134 -1.65579e-13 0
168192 11 0.0360547 -1.65577e-13 0
168192 11 0.0511518 -1.65574e-13 0
168192 11 0.0725704 -1.65571e-13 0
168192 11 0.102958 -1.65569e-13 0
168192 11 0.146069 -1.65568e-13 0
168192 11 0.207231 -1.65574e-13 0
168192 11 0.294005 -1.6559e-13 0
168192 11 0.417112 -1.6562e-13 0
168192 11 0.591769 -1.65657e-13 0
168192 11 0.839558 -1.65672e-13 0
168192 11 1.1911 -1.65632e-13 0
168192 11 1.68985 -1.65599e-13 0
168192 11 2.39743 -1.65705e-13 0
168192 11 3.4013 -1.65747e-13 0
168192 11 4.82552 -1.65634e-13 0
168192 11 6.8461 -1.65731e-13 0
168192 11 9.71274 -1.65863e-13 0
168192 11 13.7797 -1.6566e-13 0
168192 11 19.5497 -1.65911e-13 0
168192 11 27.7356 -1.65884e-13 0
168192 11 39.3493 -1.65477e-13 0
168192 11 55.8259 -1.65351e-13 0
168192 11 79.2016 -1.65086e-13 0
168192 11 112.365 -1.64719e-13 0
168192 11 159.416 -1.64402e-13 0
168192 11 226.168 -1.63935e-13 0
168192 11 320.87 -1.62901e-13 0
168192 11 455.227 -1.61693e-13 0
168192 11 645.842 -1.60666e-13 0
168192 11 916.274 -1.5804e-13 0
168192 11 1299.94 -1.54199e-13 0
168192 11 1844.26 -1.49584e-13 0
168192 11 2616.5 -1.44647e-13 0
168192 11 3712.11 -1.3627e-13 0
168192 11 5266.46 -1.24595e-13 0
168192 11 7471.67 -1.10172e-13 0
168192 11 10600.3 -9.36902e-14 0
168192 11 15038.9 -7.60841e-14 0
168192 11 21336 -5.83704e-14 0
168192 11 30270 -4.16861e-14 0
168192 11 42944.9 -2.72902e-14 0
168192 11 60927 -1.62051e-14 0
168192 11 86438.8 -8.71144e-15 0
168192 11 122633 -4.27695e-15 0
168192 11 173983 -1.9716e-15 0
168192 11 246834 -8.62204e-16 0
168192 11 350190 -3.43103e-16 0
168192 11 496824 -1.31987e-16 0
168192 11 704857 -4.81835e-17 0
168192 11 1e+06 -1.07194e-17 0

410113 11 1e-06 -2.11883e-14 0
410113 11 1.41873e-06 -2.11884e-14 0
410113 11 2.01279e-06 -2.11884e-14 0
410113 11 2.85559e-06 -2.11884e-14 0
410113 11 4.0513e-06 -2.11884e-14 0
410113 11 5.74769e-06 -2.11884e-14 0
410113 11 8.15441e-06 -2.11884e-14 0
410113 11 1.15689e-05 -2.11884e-14 0
410113 11 1.64131e-05 -2.11884e-14 0
410113 11 2.32857e-05 -2.11884e-14 0
410113 11 3.3036e-05 -2.11884e-14 0
410113 11 4.6869e-05 -2.11884e-14 0
410113 11 6.64944e-05 -2.11884e-14 0
410113 11 9.43373e-05 -2.11884e-14 0
410113 11 0.000133839 -2.11884e-14 0
410113 11 0.000189881 -2.11884e-14 0
410113 11 0.000269389 -2.11884e-14 0
410113 11 0.000382189 -2.11884e-14 0
410113 11 0.000542222 -2.11884e-14 0
410113 11 0.000769265 -2.11884e-14 0
410113 11 0.00109138 -2.11884e-14 0
410113 11 0.00154837 -2.11884e-14 0
410113 11 0.00219671 -2.11884e-14 0
410113 11 0.00311653 -2.11883e-14 0
410113 11 0.0044215 -2.11883e-14 0
410113 11 0.0062729 -2.11883e-14 0
410113 11 0.00889953 -2.11882e-14 0
410113 11 0.012626 -2.11881e-14 0
410113 11 0.0179128 -2.1188e-14 0
410113 11 0.0254134 -2.11878e-14 0
410113 11 0.0360547 -2.11876e-14 0
410113 11 0.0511518 -2.11873e-14 0
410113 11 0.0725704 -2.11871e-14 0
410113 11 0.102958 -2.11868e-14 0
410113 11 0.146069 -2.11868e-14 0
410113 11 0.207231 -2.11873e-14 0
410113 11 0.294005 -2.11888e-14 0
410113 11 0.417112 -2.11917e-14 0
410113 11 0.591769 -2.11952e-14 0
410113 11 0.839558 -2.11967e-14 0
410113 11 1.1911 -2.11933e-14 0
410113 11 1.68985 -2.11903e-14 0
410113 11 2.39743 -2.11996e-14 0
410113 11 3.4013 -2.12038e-14 0
410113 11 4.82552 -2.11945e-14 0
410113 11 6.8461 -2.12034e-14 0
410113 11 9.71274 -2.12156e-14 0
410113 11 13.7797 -2.11996e-14 0
410113 11 19.5497 -2.12228e-14 0
410113 11 27.7356 -2.12235e-14 0
410113 11 39.3493 -2.11924e-14 0
410113 11 55.8259 -2.1187e-14 0
410113 11 79.2016 -2.11718e-14 0
410113 11 112.365 -2.11508e-14 0
410113 11 159.416 -2.11385e-14 0
410113 11 226.168 -2.11194e-14 0
410113 11 320.87 -2.10599e-14 0
410113 11 455.227 -2.09969e-14 0
410113 11 645.842 -2.09669e-14 0
410113 11 916.274 -2.08193e-14 0
410113 11 1299.94 -2.0591e-14 0
410113 11 1844.26 -2.033e-14 0
410113 11 2616.5 -2.00925e-14 0
410113 11 3712.11 -1.95886e-14 0
410113 11 5266.46 -1.88001e-14 0
410113 11 7471.67 -1.77302e-14 0
410113 11 10600.3 -1.63804e-14 0
410113 11 15038.9 -1.47635e-14 0
410113 11 21336 -1.28855e-14 0
410113 11 30270 -1.07541e-14 0
410113 11 42944.9 -8.43403e-15 0
410113 11 60927 -6.10377e-15 0
410113 11 86438.8 -4.02561e-15 0
410113 11 122633 -2.42181e-15 0
410113 11 173983 -1.36048e-15 0
410113 11 246834 -7.10704e-16 0
410113 11 350190 -3.28622e-16 0
410113 11 496824 -1.42664e-16 0
410113 11 704857 -5.71649e-17 0
410113 11 1e+06 -1.33504e-17 0

1e+06 11 1e-06 -2.39186e-15 0
1e+06 11 1.41873e-06 -2.39186e-15 0
1e+06 11 2.01279e-06 -2.39186e-15 0
1e+06 11 2.85559e-06 -2.39186e-15 0
1e+06 11 4.0513e-06 -2.39185e-15 0
1e+06 11 5.74769e-06 -2.39185e-15 0
1e+06 11 8.15441e-06 -2.39186e-15 0
1e+06 11 1.15689e-05 -2.39185e-15 0
1e+06 11 1.64131e-05 -2.39186e-15 0
1e+06 11 2.32857e-05 -2.39185e-15 0
1e+06 11 3.3036e-05 -2.39186e-15 0
1e+06 11 4.6869e-05 -2.39186e-15 0
1e+06 11 6.64944e-05 -2.39186e-15 0
1e+06 11 9.43373e-05 -2.39186e-15 0
1e+06 11 0.000133839 -2.39186e-15 0
1e+06 11 0.000189881 -2.39186e-15 0
1e+06 11 0.000269389 -2.39186e-15 0
1e+06 11 0.000382189 -2.39185e-15 0
1e+06 11 0.000542222 -2.39185e-15 0
1e+06 11 0.000769265 -2.39185e-15 0
1e+06 11 0.00109138 -2.39185e-15 0
1e+06 11 0.00154837 -2.39185e-15 0
1e+06 11 0.00219671 -2.39185e-15 0
1e+06 11 0.00311653 -2.39185e-15 0
1e+06 11 0.0044215 -2.39184e-15 0
1e+06 11 0.0062729 -2.39184e-15 0
1e+06 11 0.00889953 -2.39183e-15 0
1e+06 11 0.012626 -2.39183e-15 0
1e+06 11 0.0179128 -2.39181e-15 0
1e+06 11 0.0254134 -2.3918e-15 0
1e+06 11 0.0360547 -2.39178e-15 0
1e+06 11 0.0511518 -2.39175e-15 0
1e+06 11 0.0725704 -2.39173e-15 0
1e+06 11 0.102958 -2.39171e-15 0
1e+06 11 0.146069 -2.3917e-15 0
1e+06 11 0.207231 -2.39175e-15 0
1e+06 11 0.294005 -2.3919e-15 0
1e+06 11 0.417112 -2.39217e-15 0
1e+06 11 0.591769 -2.3925e-15 0
1e+06 11 0.839558 -2.39266e-15 0
1e+06 11 1.1911 -2.39236e-15 0
1e+06 11 1.68985 -2.39207e-15 0
1e+06 11 2.39743 -2.3929e-15 0
1e+06 11 3.4013 -2.39331e-15 0
1e+06 11 4.82552 -2.39253e-15 0
1e+06 11 6.8461 -2.39333e-15 0
1e+06 11 9.71274 -2.39447e-15 0
1e+06 11 13.7797 -2.39318e-15 0
1e+06 11 19.5497 -2.3953e-15 0
1e+06 11 27.7356 -2.3956e-15 0
1e+06 11 39.3493 -2.39321e-15 0
1e+06 11 55.8259 -2.39314e-15 0
1e+06 11 79.2016 -2.39238e-15 0
1e+06 11 112.365 -2.39136e-15 0
1e+06 11 159.416 -2.39141e-15 0
1e+06 11 226.168 -2.39135e-15 0
1e+06 11 320.87 -2.38842e-15 0
1e+06 11 455.227 -2.38612e-15 0
1e+06 11 645.842 -2.38801e-15 0
1e+06 11 916.274 -2.38147e-15 0
1e+06 11 1299.94 -2.37028e-15 0
1e+06 11 1844.26 -2.35962e-15 0
1e+06 11 2616.5 -2.35604e-15 0
1e+06 11 3712.11 -2.33496e-15 0
1e+06 11 5266.46 -2.29527e-15 0
1e+06 11 7471.67 -2.23756e-15 0
1e+06 11 10600.3 -2.16155e-15 0
1e+06 11 15038.9 -2.06697e-15 0
1e+06 11 21336 -1.95016e-15 0
1e+06 11 30270 -1.8015e-15 0
1e+06 11 42944.9 -1.60783e-15 0
1e+06 11 60927 -1.36277e-15 0
1e+06 11 86438.8 -1.0798e-15 0
1e+06 11 122633 -7.96743e-16 0
1e+06 11 173983 -5.57214e-16 0
1e+06 11 246834 -3.62363e-16 0
1e+06 11 350190 -2.06668e-16 0
1e+06 11 496824 -1.08005e-16 0
1e+06 11 704857 -5.05272e-17 0
1e+06 11 1e+06 -1.28549e-17 0

