#q_sq i k_sq Re(fg) Im(fg)
1e-06 2 1e-06 -0.0906481 0
1e-06 2 1.55052e-06 -0.0906475 0
1e-06 2 2.4041e-06 -0.0906467 0
1e-06 2 3.72759e-06 -0.0906455 0
1e-06 2 5.77969e-06 -0.0906435 0
1e-06 2 8.96151e-06 -0.0906405 0
1e-06 2 1.3895e-05 -0.0906359 0
1e-06 2 2.15443e-05 -0.0906286 0
1e-06 2 3.34048e-05 -0.0906174 0
1e-06 2 5.17947e-05 -0.0906 0
1e-06 2 8.03086e-05 -0.090573 0
1e-06 2 0.00012452 -0.0905312 0
1e-06 2 0.00019307 -0.0904664 0
1e-06 2 0.000299358 -0.090366 0
1e-06 2 0.000464159 -0.0902105 0
1e-06 2 0.000719686 -0.0899695 0
1e-06 2 0.00111588 -0.0895967 0
1e-06 2 0.0017302 -0.0890202 0
1e-06 2 0.0026827 -0.0881305 0
1e-06 2 0.00415956 -0.0867608 0
1e-06 2 0.00644947 -0.0846601 0
1e-06 2 0.01 -0.081458 0
1e-06 2 0.0155052 -0.076623 0
1e-06 2 0.024041 -0.069429 0
1e-06 2 0.0372759 -0.0589704 0
1e-06 2 0.0577969 -0.0443136 0
1e-06 2 0.0896151 -0.0249375 0
1e-06 2 0.13895 -0.00167178 0
1e-06 2 0.215443 0.021957 0
1e-06 2 0.334048 0.0391112 0
1e-06 2 0.517947 0.0423253 0
1e-06 2 0.803086 0.0310344 0
1e-06 2 1.2452 0.0156355 0
1e-06 2 1.9307 0.00600659 0
1e-06 2 2.99358 0.00225235 0
1e-06 2 4.64159 0.00124039 0
1e-06 2 7.19686 0.000754468 0
1e-06 2 11.1588 0.000470941 0
1e-06 2 17.302 0.000295121 0
1e-06 2 26.827 0.000183666 0
1e-06 2 41.5956 0.000113962 0
1e-06 2 64.4947 7.08e-05 0
1e-06 2 100 4.39822e-05 0
1e-06 2 155.052 2.73072e-05 0
1e-06 2 240.41 1.69747e-05 0
1e-06 2 372.759 1.05584e-05 0
1e-06 2 577.969 6.55868e-06 0
1e-06 2 896.151 4.06731e-06 0
1e-06 2 1389.5 2.51702e-06 0
1e-06 2 2154.43 1.54932e-06 0
1e-06 2 3340.48 9.45363e-07 0
1e-06 2 5179.47 5.69454e-07 0
1e-06 2 8030.86 3.36693e-07 0
1e-06 2 12452 1.94013e-07 0
1e-06 2 19307 1.08055e-07 0
1e-06 2 29935.8 5.77382e-08 0
1e-06 2 46415.9 2.94608e-08 0
1e-06 2 71968.6 1.43422e-08 0
1e-06 2 111588 6.68372e-09 0
1e-06 2 173020 3.00191e-09 0
1e-06 2 268270 1.30908e-09 0
1e-06 2 415956 5.5863e-10 0
1e-06 2 644947 2.34799e-10 0
1e-06 2 1e+06 9.77316e-11 0

2.43835e-06 2 1e-06 -0.090648 0
2.43835e-06 2 1.55052e-06 -0.0906474 0
2.43835e-06 2 2.4041e-06 -0.0906466 0
2.43835e-06 2 3.72759e-06 -0.0906454 0
2.43835e-06 2 5.77969e-06 -0.0906434 0
2.43835e-06 2 8.96151e-06 -0.0906404 0
2.43835e-06 2 1.3895e-05 -0.0906358 0
2.43835e-06 2 2.15443e-05 -0.0906285 0
2.43835e-06 2 3.34048e-05 -0.0906173 0
2.43835e-06 2 5.17947e-05 -0.0905999 0
2.43835e-06 2 8.03086e-05 -0.0905729 0
2.43835e-06 2 0.00012452 -0.0905311 0
2.43835e-06 2 0.00019307 -0.0904663 0
2.43835e-06 2 0.000299358 -0.0903659 0
2.43835e-06 2 0.000464159 -0.0902103 0
2.43835e-06 2 0.000719686 -0.0899694 0
2.43835e-06 2 0.00111588 -0.0895966 0
2.43835e-06 2 0.0017302 -0.0890201 0
2.43835e-06 2 0.0026827 -0.0881304 0
2.43835e-06 2 0.00415956 -0.0867607 0
2.43835e-06 2 0.00644947 -0.08466 0
2.43835e-06 2 0.01 -0.0814579 0
2.43835e-06 2 0.0155052 -0.0766229 0
2.43835e-06 2 0.024041 -0.069429 0
2.43835e-06 2 0.0372759 -0.0589704 0
2.43835e-06 2 0.0577969 -0.0443136 0
2.43835e-06 2 0.0896151 -0.0249375 0
2.43835e-06 2 0.13895 -0.00167182 0
2.43835e-06 2 0.215443 0.021957 0
2.43835e-06 2 0.334048 0.0391112 0
2.43835e-06 2 0.517947 0.0423252 0
2.43835e-06 2 0.803086 0.0310344 0
2.43835e-06 2 1.2452 0.0156355 0
2.43835e-06 2 1.9307 0.00600658 0
2.43835e-06 2 2.99358 0.00225235 0
2.43835e-06 2 4.64159 0.00124038 0
2.43835e-06 2 7.19686 0.000754468 0
2.43835e-06 2 11.1588 0.000470941 0
2.43835e-06 2 17.302 0.000295121 0
2.43835e-06 2 26.827 0.000183666 0
2.43835e-06 2 41.5956 0.000113962 0
2.43835e-06 2 64.4947 7.07999e-05 0
2.43835e-06 2 100 4.39821e-05 0
2.43835e-06 2 155.052 2.73071e-05 0
2.43835e-06 2 240.41 1.69746e-05 0
2.43835e-06 2 372.759 1.05584e-05 0
2.43835e-06 2 577.969 6.55867e-06 0
2.43835e-06 2 896.151 4.06731e-06 0
2.43835e-06 2 1389.5 2.51702e-06 0
2.43835e-06 2 2154.43 1.54932e-06 0
2.43835e-06 2 3340.48 9.45363e-07 0
2.43835e-06 2 5179.47 5.69453e-07 0
2.43835e-06 2 8030.86 3.36693e-07 0
2.43835e-06 2 12452 1.94013e-07 0
2.43835e-06 2 19307 1.08055e-07 0
2.43835e-06 2 29935.8 5.77382e-08 0
2.43835e-06 2 46415.9 2.94608e-08 0
2.43835e-06 2 71968.6 1.43422e-08 0
2.43835e-06 2 111588 6.68372e-09 0
2.43835e-06 2 173020 3.00191e-09 0
2.43835e-06 2 268270 1.30908e-09 0
2.43835e-06 2 415956 5.5863e-10 0
2.43835e-06 2 644947 2.34799e-10 0
2.43835e-06 2 1e+06 9.77316e-11 0

5.94557e-06 2 1e-06 -0.0906467 0
5.94557e-06 2 1.55052e-06 -0.0906462 0
5.94557e-06 2 2.4041e-06 -0.0906453 0
5.94557e-06 2 3.72759e-06 -0.0906441 0
5.94557e-06 2 5.77969e-06 -0.0906422 0
5.94557e-06 2 8.96151e-06 -0.0906391 0
5.94557e-06 2 1.3895e-05 -0.0906345 0
5.94557e-06 2 2.15443e-05 -0.0906272 0
5.94557e-06 2 3.34048e-05 -0.090616 0
5.94557e-06 2 5.17947e-05 -0.0905986 0
5.94557e-06 2 8.03086e-05 -0.0905717 0
5.94557e-06 2 0.00012452 -0.0905299 0
5.94557e-06 2 0.00019307 -0.0904651 0
5.94557e-06 2 0.000299358 -0.0903646 0
5.94557e-06 2 0.000464159 -0.0902091 0
5.94557e-06 2 0.000719686 -0.0899681 0
5.94557e-06 2 0.00111588 -0.0895953 0
5.94557e-06 2 0.0017302 -0.0890189 0
5.94557e-06 2 0.0026827 -0.0881292 0
5.94557e-06 2 0.00415956 -0.0867594 0
5.94557e-06 2 0.00644947 -0.0846588 0
5.94557e-06 2 0.01 -0.0814567 0
5.94557e-06 2 0.0155052 -0.0766218 0
5.94557e-06 2 0.024041 -0.0694279 0
5.94557e-06 2 0.0372759 -0.0589695 0
5.94557e-06 2 0.0577969 -0.0443129 0
5.94557e-06 2 0.0896151 -0.024937 0
5.94557e-06 2 0.13895 -0.00167154 0
5.94557e-06 2 0.215443 0.021957 0
5.94557e-06 2 0.334048 0.039111 0
5.94557e-06 2 0.517947 0.042325 0
5.94557e-06 2 0.803086 0.0310343 0
5.94557e-06 2 1.2452 0.0156355 0
5.94557e-06 2 1.9307 0.00600657 0
5.94557e-06 2 2.99358 0.00225234 0
5.94557e-06 2 4.64159 0.00124038 0
5.94557e-06 2 7.19686 0.000754462 0
5.94557e-06 2 11.1588 0.000470937 0
5.94557e-06 2 17.302 0.000295118 0
5.94557e-06 2 26.827 0.000183664 0
5.94557e-06 2 41.5956 0.000113961 0
5.94557e-06 2 64.4947 7.07994e-05 0
5.94557e-06 2 100 4.39818e-05 0
5.94557e-06 2 155.052 2.73069e-05 0
5.94557e-06 2 240.41 1.69745e-05 0
5.94557e-06 2 372.759 1.05583e-05 0
5.94557e-06 2 577.969 6.55862e-06 0
5.94557e-06 2 896.151 4.06727e-06 0
5.94557e-06 2 1389.5 2.517e-06 0
5.94557e-06 2 2154.43 1.54931e-06 0
5.94557e-06 2 3340.48 9.45356e-07 0
5.94557e-06 2 5179.47 5.69449e-07 0
5.94557e-06 2 8030.86 3.3669e-07 0
5.94557e-06 2 12452 1.94012e-07 0
5.94557e-06 2 19307 1.08054e-07 0
5.94557e-06 2 29935.8 5.77378e-08 0
5.94557e-06 2 46415.9 2.94606e-08 0
5.94557e-06 2 71968.6 1.4342e-08 0
5.94557e-06 2 111588 6.68367e-09 0
5.94557e-06 2 173020 3.00188e-09 0
5.94557e-06 2 268270 1.30907e-09 0
5.94557e-06 2 415956 5.58626e-10 0
5.94557e-06 2 644947 2.34797e-10 0
5.94557e-06 2 1e+06 9.77309e-11 0

1.44974e-05 2 1e-06 -0.0906306 0
1.44974e-05 2 1.55052e-06 -0.09063 0
1.44974e-05 2 2.4041e-06 -0.0906292 0
1.44974e-05 2 3.72759e-06 -0.090628 0
1.44974e-05 2 5.77969e-06 -0.090626 0
1.44974e-05 2 8.96151e-06 -0.090623 0
1.44974e-05 2 1.3895e-05 -0.0906184 0
1.44974e-05 2 2.15443e-05 -0.0906111 0
1.44974e-05 2 3.34048e-05 -0.0905999 0
1.44974e-05 2 5.17947e-05 -0.0905825 0
1.44974e-05 2 8.03086e-05 -0.0905555 0
1.44974e-05 2 0.00012452 -0.0905137 0
1.44974e-05 2 0.00019307 -0.090449 0
1.44974e-05 2 0.000299358 -0.0903485 0
1.44974e-05 2 0.000464159 -0.090193 0
1.44974e-05 2 0.000719686 -0.0899521 0
1.44974e-05 2 0.00111588 -0.0895792 0
1.44974e-05 2 0.0017302 -0.0890029 0
1.44974e-05 2 0.0026827 -0.0881132 0
1.44974e-05 2 0.00415956 -0.0867436 0
1.44974e-05 2 0.00644947 -0.084643 0
1.44974e-05 2 0.01 -0.0814412 0
1.44974e-05 2 0.0155052 -0.0766066 0
1.44974e-05 2 0.024041 -0.0694132 0
1.44974e-05 2 0.0372759 -0.0589555 0
1.44974e-05 2 0.0577969 -0.0443001 0
1.44974e-05 2 0.0896151 -0.0249258 0
1.44974e-05 2 0.13895 -0.0016626 0
1.44974e-05 2 0.215443 0.021963 0
1.44974e-05 2 0.334048 0.0391138 0
1.44974e-05 2 0.517947 0.0423249 0
1.44974e-05 2 0.803086 0.0310329 0
1.44974e-05 2 1.2452 0.0156346 0
1.44974e-05 2 1.9307 0.00600634 0
1.44974e-05 2 2.99358 0.00225233 0
1.44974e-05 2 4.64159 0.00124042 0
1.44974e-05 2 7.19686 0.000754518 0
1.44974e-05 2 11.1588 0.000470983 0
1.44974e-05 2 17.302 0.000295151 0
1.44974e-05 2 26.827 0.000183687 0
1.44974e-05 2 41.5956 0.000113976 0
1.44974e-05 2 64.4947 7.08086e-05 0
1.44974e-05 2 100 4.39876e-05 0
1.44974e-05 2 155.052 2.73106e-05 0
1.44974e-05 2 240.41 1.69768e-05 0
1.44974e-05 2 372.759 1.05598e-05 0
1.44974e-05 2 577.969 6.55949e-06 0
1.44974e-05 2 896.151 4.06781e-06 0
1.44974e-05 2 1389.5 2.51733e-06 0
1.44974e-05 2 2154.43 1.54951e-06 0
1.44974e-05 2 3340.48 9.45479e-07 0
1.44974e-05 2 5179.47 5.69523e-07 0
1.44974e-05 2 8030.86 3.36733e-07 0
1.44974e-05 2 12452 1.94037e-07 0
1.44974e-05 2 19307 1.08068e-07 0
1.44974e-05 2 29935.8 5.77451e-08 0
1.44974e-05 2 46415.9 2.94643e-08 0
1.44974e-05 2 71968.6 1.43438e-08 0
1.44974e-05 2 111588 6.6845e-09 0
1.44974e-05 2 173020 3.00226e-09 0
1.44974e-05 2 268270 1.30923e-09 0
1.44974e-05 2 415956 5.58694e-10 0
1.44974e-05 2 644947 2.34826e-10 0
1.44974e-05 2 1e+06 9.77427e-11 0

3.53498e-05 2 1e-06 -0.0906176 0
3.53498e-05 2 1.55052e-06 -0.090617 0
3.53498e-05 2 2.4041e-06 -0.0906162 0
3.53498e-05 2 3.72759e-06 -0.090615 0
3.53498e-05 2 5.77969e-06 -0.090613 0
3.53498e-05 2 8.96151e-06 -0.09061 0
3.53498e-05 2 1.3895e-05 -0.0906054 0
3.53498e-05 2 2.15443e-05 -0.0905981 0
3.53498e-05 2 3.34048e-05 -0.0905869 0
3.53498e-05 2 5.17947e-05 -0.0905695 0
3.53498e-05 2 8.03086e-05 -0.0905426 0
3.53498e-05 2 0.00012452 -0.0905008 0
3.53498e-05 2 0.00019307 -0.090436 0
3.53498e-05 2 0.000299358 -0.0903356 0
3.53498e-05 2 0.000464159 -0.09018 0
3.53498e-05 2 0.000719686 -0.0899391 0
3.53498e-05 2 0.00111588 -0.0895663 0
3.53498e-05 2 0.0017302 -0.0889899 0
3.53498e-05 2 0.0026827 -0.0881003 0
3.53498e-05 2 0.00415956 -0.0867307 0
3.53498e-05 2 0.00644947 -0.0846302 0
3.53498e-05 2 0.01 -0.0814285 0
3.53498e-05 2 0.0155052 -0.0765941 0
3.53498e-05 2 0.024041 -0.069401 0
3.53498e-05 2 0.0372759 -0.0589438 0
3.53498e-05 2 0.0577969 -0.0442891 0
3.53498e-05 2 0.0896151 -0.0249161 0
3.53498e-05 2 0.13895 -0.00165507 0
3.53498e-05 2 0.215443 0.0219671 0
3.53498e-05 2 0.334048 0.0391128 0
3.53498e-05 2 0.517947 0.0423189 0
3.53498e-05 2 0.803086 0.0310252 0
3.53498e-05 2 1.2452 0.0156308 0
3.53498e-05 2 1.9307 0.00600639 0
3.53498e-05 2 2.99358 0.00225282 0
3.53498e-05 2 4.64159 0.00124087 0
3.53498e-05 2 7.19686 0.000754881 0
3.53498e-05 2 11.1588 0.000471234 0
3.53498e-05 2 17.302 0.000295316 0
3.53498e-05 2 26.827 0.000183792 0
3.53498e-05 2 41.5956 0.000114042 0
3.53498e-05 2 64.4947 7.08497e-05 0
3.53498e-05 2 100 4.40131e-05 0
3.53498e-05 2 155.052 2.73263e-05 0
3.53498e-05 2 240.41 1.69865e-05 0
3.53498e-05 2 372.759 1.05658e-05 0
3.53498e-05 2 577.969 6.56322e-06 0
3.53498e-05 2 896.151 4.07011e-06 0
3.53498e-05 2 1389.5 2.51875e-06 0
3.53498e-05 2 2154.43 1.55038e-06 0
3.53498e-05 2 3340.48 9.46003e-07 0
3.53498e-05 2 5179.47 5.69837e-07 0
3.53498e-05 2 8030.86 3.36918e-07 0
3.53498e-05 2 12452 1.94143e-07 0
3.53498e-05 2 19307 1.08126e-07 0
3.53498e-05 2 29935.8 5.77762e-08 0
3.53498e-05 2 46415.9 2.94801e-08 0
3.53498e-05 2 71968.6 1.43515e-08 0
3.53498e-05 2 111588 6.68805e-09 0
3.53498e-05 2 173020 3.00384e-09 0
3.53498e-05 2 268270 1.30992e-09 0
3.53498e-05 2 415956 5.58986e-10 0
3.53498e-05 2 644947 2.34948e-10 0
3.53498e-05 2 1e+06 9.77932e-11 0

8.61954e-05 2 1e-06 -0.0906402 0
8.61954e-05 2 1.55052e-06 -0.0906397 0
8.61954e-05 2 2.4041e-06 -0.0906389 0
8.61954e-05 2 3.72759e-06 -0.0906376 0
8.61954e-05 2 5.77969e-06 -0.0906357 0
8.61954e-05 2 8.96151e-06 -0.0906327 0
8.61954e-05 2 1.3895e-05 -0.090628 0
8.61954e-05 2 2.15443e-05 -0.0906208 0
8.61954e-05 2 3.34048e-05 -0.0906095 0
8.61954e-05 2 5.17947e-05 -0.0905921 0
8.61954e-05 2 8.03086e-05 -0.0905652 0
8.61954e-05 2 0.00012452 -0.0905234 0
8.61954e-05 2 0.00019307 -0.0904586 0
8.61954e-05 2 0.000299358 -0.0903581 0
8.61954e-05 2 0.000464159 -0.0902026 0
8.61954e-05 2 0.000719686 -0.0899616 0
8.61954e-05 2 0.00111588 -0.0895887 0
8.61954e-05 2 0.0017302 -0.0890123 0
8.61954e-05 2 0.0026827 -0.0881225 0
8.61954e-05 2 0.00415956 -0.0867527 0
8.61954e-05 2 0.00644947 -0.0846518 0
8.61954e-05 2 0.01 -0.0814496 0
8.61954e-05 2 0.0155052 -0.0766143 0
8.61954e-05 2 0.024041 -0.0694201 0
8.61954e-05 2 0.0372759 -0.0589612 0
8.61954e-05 2 0.0577969 -0.0443043 0
8.61954e-05 2 0.0896151 -0.0249287 0
8.61954e-05 2 0.13895 -0.0016652 0
8.61954e-05 2 0.215443 0.021958 0
8.61954e-05 2 0.334048 0.039102 0
8.61954e-05 2 0.517947 0.0423041 0
8.61954e-05 2 0.803086 0.0310104 0
8.61954e-05 2 1.2452 0.0156254 0
8.61954e-05 2 1.9307 0.00600893 0
8.61954e-05 2 2.99358 0.00225438 0
8.61954e-05 2 4.64159 0.00124157 0
8.61954e-05 2 7.19686 0.000755371 0
8.61954e-05 2 11.1588 0.000471554 0
8.61954e-05 2 17.302 0.000295518 0
8.61954e-05 2 26.827 0.000183918 0
8.61954e-05 2 41.5956 0.00011412 0
8.61954e-05 2 64.4947 7.08979e-05 0
8.61954e-05 2 100 4.40428e-05 0
8.61954e-05 2 155.052 2.73447e-05 0
8.61954e-05 2 240.41 1.69979e-05 0
8.61954e-05 2 372.759 1.05728e-05 0
8.61954e-05 2 577.969 6.56753e-06 0
8.61954e-05 2 896.151 4.07277e-06 0
8.61954e-05 2 1389.5 2.52038e-06 0
8.61954e-05 2 2154.43 1.55138e-06 0
8.61954e-05 2 3340.48 9.4661e-07 0
8.61954e-05 2 5179.47 5.702e-07 0
8.61954e-05 2 8030.86 3.37132e-07 0
8.61954e-05 2 12452 1.94265e-07 0
8.61954e-05 2 19307 1.08194e-07 0
8.61954e-05 2 29935.8 5.78123e-08 0
8.61954e-05 2 46415.9 2.94984e-08 0
8.61954e-05 2 71968.6 1.43604e-08 0
8.61954e-05 2 111588 6.69216e-09 0
8.61954e-05 2 173020 3.00567e-09 0
8.61954e-05 2 268270 1.31071e-09 0
8.61954e-05 2 415956 5.59324e-10 0
8.61954e-05 2 644947 2.35089e-10 0
8.61954e-05 2 1e+06 9.78516e-11 0

0.000210175 2 1e-06 -0.0908419 0
0.000210175 2 1.55052e-06 -0.0908413 0
0.000210175 2 2.4041e-06 -0.0908405 0
0.000210175 2 3.72759e-06 -0.0908393 0
0.000210175 2 5.77969e-06 -0.0908373 0
0.000210175 2 8.96151e-06 -0.0908343 0
0.000210175 2 1.3895e-05 -0.0908296 0
0.000210175 2 2.15443e-05 -0.0908224 0
0.000210175 2 3.34048e-05 -0.0908111 0
0.000210175 2 5.17947e-05 -0.0907937 0
0.000210175 2 8.03086e-05 -0.0907667 0
0.000210175 2 0.00012452 -0.0907248 0
0.000210175 2 0.00019307 -0.0906599 0
0.000210175 2 0.000299358 -0.0905593 0
0.000210175 2 0.000464159 -0.0904035 0
0.000210175 2 0.000719686 -0.0901621 0
0.000210175 2 0.00111588 -0.0897886 0
0.000210175 2 0.0017302 -0.0892111 0
0.000210175 2 0.0026827 -0.0883198 0
0.000210175 2 0.00415956 -0.0869476 0
0.000210175 2 0.00644947 -0.0848432 0
0.000210175 2 0.01 -0.0816354 0
0.000210175 2 0.0155052 -0.0767919 0
0.000210175 2 0.024041 -0.0695853 0
0.000210175 2 0.0372759 -0.0591087 0
0.000210175 2 0.0577969 -0.0444274 0
0.000210175 2 0.0896151 -0.0250203 0
0.000210175 2 0.13895 -0.00172046 0
0.000210175 2 0.215443 0.0219374 0
0.000210175 2 0.334048 0.0391036 0
0.000210175 2 0.517947 0.0423082 0
0.000210175 2 0.803086 0.0310068 0
0.000210175 2 1.2452 0.0156243 0
0.000210175 2 1.9307 0.00601508 0
0.000210175 2 2.99358 0.00225771 0
0.000210175 2 4.64159 0.00124275 0
0.000210175 2 7.19686 0.000756133 0
0.000210175 2 11.1588 0.000472048 0
0.000210175 2 17.302 0.000295832 0
0.000210175 2 26.827 0.000184114 0
0.000210175 2 41.5956 0.000114241 0
0.000210175 2 64.4947 7.09733e-05 0
0.000210175 2 100 4.40895e-05 0
0.000210175 2 155.052 2.73735e-05 0
0.000210175 2 240.41 1.70157e-05 0
0.000210175 2 372.759 1.05838e-05 0
0.000210175 2 577.969 6.57432e-06 0
0.000210175 2 896.151 4.07695e-06 0
0.000210175 2 1389.5 2.52296e-06 0
0.000210175 2 2154.43 1.55295e-06 0
0.000210175 2 3340.48 9.47565e-07 0
0.000210175 2 5179.47 5.70772e-07 0
0.000210175 2 8030.86 3.37468e-07 0
0.000210175 2 12452 1.94458e-07 0
0.000210175 2 19307 1.08301e-07 0
0.000210175 2 29935.8 5.7869e-08 0
0.000210175 2 46415.9 2.95272e-08 0
0.000210175 2 71968.6 1.43743e-08 0
0.000210175 2 111588 6.69861e-09 0
0.000210175 2 173020 3.00856e-09 0
0.000210175 2 268270 1.31197e-09 0
0.000210175 2 415956 5.59855e-10 0
0.000210175 2 644947 2.35311e-10 0
0.000210175 2 1e+06 9.79436e-11 0

0.000512481 2 1e-06 -0.0910801 0
0.000512481 2 1.55052e-06 -0.0910796 0
0.000512481 2 2.4041e-06 -0.0910788 0
0.000512481 2 3.72759e-06 -0.0910775 0
0.000512481 2 5.77969e-06 -0.0910756 0
0.000512481 2 8.96151e-06 -0.0910726 0
0.000512481 2 1.3895e-05 -0.0910679 0
0.000512481 2 2.15443e-05 -0.0910606 0
0.000512481 2 3.34048e-05 -0.0910494 0
0.000512481 2 5.17947e-05 -0.0910319 0
0.000512481 2 8.03086e-05 -0.0910048 0
0.000512481 2 0.00012452 -0.0909629 0
0.000512481 2 0.00019307 -0.0908979 0
0.000512481 2 0.000299358 -0.0907971 0
0.000512481 2 0.000464159 -0.0906409 0
0.000512481 2 0.000719686 -0.0903991 0
0.000512481 2 0.00111588 -0.0900249 0
0.000512481 2 0.0017302 -0.0894464 0
0.000512481 2 0.0026827 -0.0885535 0
0.000512481 2 0.00415956 -0.0871788 0
0.000512481 2 0.00644947 -0.0850705 0
0.000512481 2 0.01 -0.0818568 0
0.000512481 2 0.0155052 -0.0770044 0
0.000512481 2 0.024041 -0.0697846 0
0.000512481 2 0.0372759 -0.0592887 0
0.000512481 2 0.0577969 -0.0445802 0
0.000512481 2 0.0896151 -0.0251369 0
0.000512481 2 0.13895 -0.00179325 0
0.000512481 2 0.215443 0.0219097 0
0.000512481 2 0.334048 0.0391101 0
0.000512481 2 0.517947 0.0423258 0
0.000512481 2 0.803086 0.0310163 0
0.000512481 2 1.2452 0.015628 0
0.000512481 2 1.9307 0.0060202 0
0.000512481 2 2.99358 0.00226045 0
0.000512481 2 4.64159 0.00124398 0
0.000512481 2 7.19686 0.000756996 0
0.000512481 2 11.1588 0.000472625 0
0.000512481 2 17.302 0.000296203 0
0.000512481 2 26.827 0.000184348 0
0.000512481 2 41.5956 0.000114388 0
0.000512481 2 64.4947 7.10641e-05 0
0.000512481 2 100 4.41457e-05 0
0.000512481 2 155.052 2.74082e-05 0
0.000512481 2 240.41 1.70371e-05 0
0.000512481 2 372.759 1.05971e-05 0
0.000512481 2 577.969 6.58252e-06 0
0.000512481 2 896.151 4.08201e-06 0
0.000512481 2 1389.5 2.52606e-06 0
0.000512481 2 2154.43 1.55485e-06 0
0.000512481 2 3340.48 9.48717e-07 0
0.000512481 2 5179.47 5.71463e-07 0
0.000512481 2 8030.86 3.37874e-07 0
0.000512481 2 12452 1.9469e-07 0
0.000512481 2 19307 1.0843e-07 0
0.000512481 2 29935.8 5.79375e-08 0
0.000512481 2 46415.9 2.95619e-08 0
0.000512481 2 71968.6 1.43911e-08 0
0.000512481 2 111588 6.70641e-09 0
0.000512481 2 173020 3.01204e-09 0
0.000512481 2 268270 1.31348e-09 0
0.000512481 2 415956 5.60497e-10 0
0.000512481 2 644947 2.3558e-10 0
0.000512481 2 1e+06 9.80546e-11 0

0.00124961 2 1e-06 -0.0912107 0
0.00124961 2 1.55052e-06 -0.0912102 0
0.00124961 2 2.4041e-06 -0.0912094 0
0.00124961 2 3.72759e-06 -0.0912081 0
0.00124961 2 5.77969e-06 -0.0912062 0
0.00124961 2 8.96151e-06 -0.0912032 0
0.00124961 2 1.3895e-05 -0.0911985 0
0.00124961 2 2.15443e-05 -0.0911912 0
0.00124961 2 3.34048e-05 -0.0911799 0
0.00124961 2 5.17947e-05 -0.0911625 0
0.00124961 2 8.03086e-05 -0.0911354 0
0.00124961 2 0.00012452 -0.0910934 0
0.00124961 2 0.00019307 -0.0910284 0
0.00124961 2 0.000299358 -0.0909275 0
0.00124961 2 0.000464159 -0.0907713 0
0.00124961 2 0.000719686 -0.0905294 0
0.00124961 2 0.00111588 -0.090155 0
0.00124961 2 0.0017302 -0.0895763 0
0.00124961 2 0.0026827 -0.0886829 0
0.00124961 2 0.00415956 -0.0873076 0
0.00124961 2 0.00644947 -0.0851983 0
0.00124961 2 0.01 -0.0819831 0
0.00124961 2 0.0155052 -0.0771283 0
0.00124961 2 0.024041 -0.0699049 0
0.00124961 2 0.0372759 -0.0594033 0
0.00124961 2 0.0577969 -0.0446861 0
0.00124961 2 0.0896151 -0.0252299 0
0.00124961 2 0.13895 -0.00186793 0
0.00124961 2 0.215443 0.0218584 0
0.00124961 2 0.334048 0.0390831 0
0.00124961 2 0.517947 0.042316 0
0.00124961 2 0.803086 0.0310122 0
0.00124961 2 1.2452 0.0156265 0
0.00124961 2 1.9307 0.00602248 0
0.00124961 2 2.99358 0.0022623 0
0.00124961 2 4.64159 0.00124494 0
0.00124961 2 7.19686 0.000757704 0
0.00124961 2 11.1588 0.000473129 0
0.00124961 2 17.302 0.000296539 0
0.00124961 2 26.827 0.000184564 0
0.00124961 2 41.5956 0.000114524 0
0.00124961 2 64.4947 7.11491e-05 0
0.00124961 2 100 4.41985e-05 0
0.00124961 2 155.052 2.7441e-05 0
0.00124961 2 240.41 1.70574e-05 0
0.00124961 2 372.759 1.06096e-05 0
0.00124961 2 577.969 6.59027e-06 0
0.00124961 2 896.151 4.08679e-06 0
0.00124961 2 1389.5 2.529e-06 0
0.00124961 2 2154.43 1.55665e-06 0
0.00124961 2 3340.48 9.4981e-07 0
0.00124961 2 5179.47 5.72117e-07 0
0.00124961 2 8030.86 3.38259e-07 0
0.00124961 2 12452 1.94911e-07 0
0.00124961 2 19307 1.08552e-07 0
0.00124961 2 29935.8 5.80024e-08 0
0.00124961 2 46415.9 2.95949e-08 0
0.00124961 2 71968.6 1.44071e-08 0
0.00124961 2 111588 6.71381e-09 0
0.00124961 2 173020 3.01534e-09 0
0.00124961 2 268270 1.31491e-09 0
0.00124961 2 415956 5.61105e-10 0
0.00124961 2 644947 2.35834e-10 0
0.00124961 2 1e+06 9.81598e-11 0

0.00304699 2 1e-06 -0.091168 0
0.00304699 2 1.55052e-06 -0.0911675 0
0.00304699 2 2.4041e-06 -0.0911667 0
0.00304699 2 3.72759e-06 -0.0911655 0
0.00304699 2 5.77969e-06 -0.0911635 0
0.00304699 2 8.96151e-06 -0.0911605 0
0.00304699 2 1.3895e-05 -0.0911558 0
0.00304699 2 2.15443e-05 -0.0911486 0
0.00304699 2 3.34048e-05 -0.0911373 0
0.00304699 2 5.17947e-05 -0.0911199 0
0.00304699 2 8.03086e-05 -0.0910928 0
0.00304699 2 0.00012452 -0.0910509 0
0.00304699 2 0.00019307 -0.0909859 0
0.00304699 2 0.000299358 -0.0908853 0
0.00304699 2 0.000464159 -0.0907293 0
0.00304699 2 0.000719686 -0.0904877 0
0.00304699 2 0.00111588 -0.0901139 0
0.00304699 2 0.0017302 -0.0895359 0
0.00304699 2 0.0026827 -0.0886438 0
0.00304699 2 0.00415956 -0.0872704 0
0.00304699 2 0.00644947 -0.0851641 0
0.00304699 2 0.01 -0.0819534 0
0.00304699 2 0.0155052 -0.0771054 0
0.00304699 2 0.024041 -0.0698918 0
0.00304699 2 0.0372759 -0.0594041 0
0.00304699 2 0.0577969 -0.0447056 0
0.00304699 2 0.0896151 -0.0252722 0
0.00304699 2 0.13895 -0.00193408 0
0.00304699 2 0.215443 0.0217746 0
0.00304699 2 0.334048 0.038997 0
0.00304699 2 0.517947 0.0422471 0
0.00304699 2 0.803086 0.0309711 0
0.00304699 2 1.2452 0.0156097 0
0.00304699 2 1.9307 0.00601915 0
0.00304699 2 2.99358 0.00226282 0
0.00304699 2 4.64159 0.0012455 0
0.00304699 2 7.19686 0.00075799 0
0.00304699 2 11.1588 0.00047339 0
0.00304699 2 17.302 0.000296731 0
0.00304699 2 26.827 0.000184694 0
0.00304699 2 41.5956 0.000114608 0
0.00304699 2 64.4947 7.12032e-05 0
0.00304699 2 100 4.42326e-05 0
0.00304699 2 155.052 2.74622e-05 0
0.00304699 2 240.41 1.70706e-05 0
0.00304699 2 372.759 1.06178e-05 0
0.00304699 2 577.969 6.59535e-06 0
0.00304699 2 896.151 4.08992e-06 0
0.00304699 2 1389.5 2.53093e-06 0
0.00304699 2 2154.43 1.55783e-06 0
0.00304699 2 3340.48 9.50527e-07 0
0.00304699 2 5179.47 5.72547e-07 0
0.00304699 2 8030.86 3.38512e-07 0
0.00304699 2 12452 1.95056e-07 0
0.00304699 2 19307 1.08632e-07 0
0.00304699 2 29935.8 5.8045e-08 0
0.00304699 2 46415.9 2.96165e-08 0
0.00304699 2 71968.6 1.44175e-08 0
0.00304699 2 111588 6.71866e-09 0
0.00304699 2 173020 3.01751e-09 0
0.00304699 2 268270 1.31585e-09 0
0.00304699 2 415956 5.61504e-10 0
0.00304699 2 644947 2.36001e-10 0
0.00304699 2 1e+06 9.82289e-11 0

0.00742964 2 1e-06 -0.0909732 0
0.00742964 2 1.55052e-06 -0.0909727 0
0.00742964 2 2.4041e-06 -0.0909719 0
0.00742964 2 3.72759e-06 -0.0909706 0
0.00742964 2 5.77969e-06 -0.0909687 0
0.00742964 2 8.96151e-06 -0.0909657 0
0.00742964 2 1.3895e-05 -0.090961 0
0.00742964 2 2.15443e-05 -0.0909538 0
0.00742964 2 3.34048e-05 -0.0909426 0
0.00742964 2 5.17947e-05 -0.0909252 0
0.00742964 2 8.03086e-05 -0.0908982 0
0.00742964 2 0.00012452 -0.0908564 0
0.00742964 2 0.00019307 -0.0907917 0
0.00742964 2 0.000299358 -0.0906913 0
0.00742964 2 0.000464159 -0.0905359 0
0.00742964 2 0.000719686 -0.0902951 0
0.00742964 2 0.00111588 -0.0899225 0
0.00742964 2 0.0017302 -0.0893465 0
0.00742964 2 0.0026827 -0.0884574 0
0.00742964 2 0.00415956 -0.0870885 0
0.00742964 2 0.00644947 -0.0849892 0
0.00742964 2 0.01 -0.0817891 0
0.00742964 2 0.0155052 -0.0769571 0
0.00742964 2 0.024041 -0.0697671 0
0.00742964 2 0.0372759 -0.0593135 0
0.00742964 2 0.0577969 -0.0446621 0
0.00742964 2 0.0896151 -0.0252894 0
0.00742964 2 0.13895 -0.00202073 0
0.00742964 2 0.215443 0.0216241 0
0.00742964 2 0.334048 0.0388131 0
0.00742964 2 0.517947 0.0420816 0
0.00742964 2 0.803086 0.030867 0
0.00742964 2 1.2452 0.0155663 0
0.00742964 2 1.9307 0.00600631 0
0.00742964 2 2.99358 0.00225985 0
0.00742964 2 4.64159 0.00124441 0
0.00742964 2 7.19686 0.000757303 0
0.00742964 2 11.1588 0.000473074 0
0.00742964 2 17.302 0.000296579 0
0.00742964 2 26.827 0.000184618 0
0.00742964 2 41.5956 0.000114568 0
0.00742964 2 64.4947 7.11809e-05 0
0.00742964 2 100 4.42198e-05 0
0.00742964 2 155.052 2.74548e-05 0
0.00742964 2 240.41 1.70662e-05 0
0.00742964 2 372.759 1.06151e-05 0
0.00742964 2 577.969 6.59371e-06 0
0.00742964 2 896.151 4.08892e-06 0
0.00742964 2 1389.5 2.53032e-06 0
0.00742964 2 2154.43 1.55746e-06 0
0.00742964 2 3340.48 9.50301e-07 0
0.00742964 2 5179.47 5.72412e-07 0
0.00742964 2 8030.86 3.38432e-07 0
0.00742964 2 12452 1.9501e-07 0
0.00742964 2 19307 1.08607e-07 0
0.00742964 2 29935.8 5.80317e-08 0
0.00742964 2 46415.9 2.96097e-08 0
0.00742964 2 71968.6 1.44143e-08 0
0.00742964 2 111588 6.71714e-09 0
0.00742964 2 173020 3.01683e-09 0
0.00742964 2 268270 1.31556e-09 0
0.00742964 2 415956 5.61379e-10 0
0.00742964 2 644947 2.35948e-10 0
0.00742964 2 1e+06 9.82073e-11 0

0.0181161 2 1e-06 -0.090521 0
0.0181161 2 1.55052e-06 -0.0905205 0
0.0181161 2 2.4041e-06 -0.0905197 0
0.0181161 2 3.72759e-06 -0.0905184 0
0.0181161 2 5.77969e-06 -0.0905165 0
0.0181161 2 8.96151e-06 -0.0905135 0
0.0181161 2 1.3895e-05 -0.0905089 0
0.0181161 2 2.15443e-05 -0.0905017 0
0.0181161 2 3.34048e-05 -0.0904906 0
0.0181161 2 5.17947e-05 -0.0904734 0
0.0181161 2 8.03086e-05 -0.0904466 0
0.0181161 2 0.00012452 -0.0904052 0
0.0181161 2 0.00019307 -0.090341 0
0.0181161 2 0.000299358 -0.0902414 0
0.0181161 2 0.000464159 -0.0900872 0
0.0181161 2 0.000719686 -0.0898483 0
0.0181161 2 0.00111588 -0.0894787 0
0.0181161 2 0.0017302 -0.0889072 0
0.0181161 2 0.0026827 -0.0880252 0
0.0181161 2 0.00415956 -0.0866672 0
0.0181161 2 0.00644947 -0.0845844 0
0.0181161 2 0.01 -0.0814096 0
0.0181161 2 0.0155052 -0.0766155 0
0.0181161 2 0.024041 -0.0694816 0
0.0181161 2 0.0372759 -0.0591086 0
0.0181161 2 0.0577969 -0.0445682 0
0.0181161 2 0.0896151 -0.025338 0
0.0181161 2 0.13895 -0.00223144 0
0.0181161 2 0.215443 0.0212665 0
0.0181161 2 0.334048 0.0383814 0
0.0181161 2 0.517947 0.0416971 0
0.0181161 2 0.803086 0.0306273 0
0.0181161 2 1.2452 0.0154659 0
0.0181161 2 1.9307 0.00597427 0
0.0181161 2 2.99358 0.00225013 0
0.0181161 2 4.64159 0.00124001 0
0.0181161 2 7.19686 0.0007546 0
0.0181161 2 11.1588 0.000471533 0
0.0181161 2 17.302 0.00029568 0
0.0181161 2 26.827 0.000184085 0
0.0181161 2 41.5956 0.000114248 0
0.0181161 2 64.4947 7.09875e-05 0
0.0181161 2 100 4.4102e-05 0
0.0181161 2 155.052 2.73827e-05 0
0.0181161 2 240.41 1.70219e-05 0
0.0181161 2 372.759 1.05878e-05 0
0.0181161 2 577.969 6.57692e-06 0
0.0181161 2 896.151 4.07859e-06 0
0.0181161 2 1389.5 2.52397e-06 0
0.0181161 2 2154.43 1.55358e-06 0
0.0181161 2 3340.48 9.47947e-07 0
0.0181161 2 5179.47 5.71002e-07 0
0.0181161 2 8030.86 3.37604e-07 0
0.0181161 2 12452 1.94535e-07 0
0.0181161 2 19307 1.08344e-07 0
0.0181161 2 29935.8 5.78919e-08 0
0.0181161 2 46415.9 2.95388e-08 0
0.0181161 2 71968.6 1.43799e-08 0
0.0181161 2 111588 6.70123e-09 0
0.0181161 2 173020 3.00973e-09 0
0.0181161 2 268270 1.31247e-09 0
0.0181161 2 415956 5.6007e-10 0
0.0181161 2 644947 2.35401e-10 0
0.0181161 2 1e+06 9.79807e-11 0

0.0441734 2 1e-06 -0.0894213 0
0.0441734 2 1.55052e-06 -0.0894208 0
0.0441734 2 2.4041e-06 -0.08942 0
0.0441734 2 3.72759e-06 -0.0894188 0
0.0441734 2 5.77969e-06 -0.0894169 0
0.0441734 2 8.96151e-06 -0.089414 0
0.0441734 2 1.3895e-05 -0.0894095 0
0.0441734 2 2.15443e-05 -0.0894024 0
0.0441734 2 3.34048e-05 -0.0893915 0
0.0441734 2 5.17947e-05 -0.0893746 0
0.0441734 2 8.03086e-05 -0.0893484 0
0.0441734 2 0.00012452 -0.0893077 0
0.0441734 2 0.00019307 -0.0892447 0
0.0441734 2 0.000299358 -0.0891471 0
0.0441734 2 0.000464159 -0.0889958 0
0.0441734 2 0.000719686 -0.0887616 0
0.0441734 2 0.00111588 -0.0883991 0
0.0441734 2 0.0017302 -0.0878386 0
0.0441734 2 0.0026827 -0.0869735 0
0.0441734 2 0.00415956 -0.0856416 0
0.0441734 2 0.00644947 -0.0835988 0
0.0441734 2 0.01 -0.0804846 0
0.0441734 2 0.0155052 -0.0757818 0
0.0441734 2 0.024041 -0.0687828 0
0.0441734 2 0.0372759 -0.0586039 0
0.0441734 2 0.0577969 -0.0443308 0
0.0441734 2 0.0896151 -0.0254437 0
0.0441734 2 0.13895 -0.0027275 0
0.0441734 2 0.215443 0.0204164 0
0.0441734 2 0.334048 0.0373522 0
0.0441734 2 0.517947 0.0407811 0
0.0441734 2 0.803086 0.0300586 0
0.0441734 2 1.2452 0.0152286 0
0.0441734 2 1.9307 0.00589765 0
0.0441734 2 2.99358 0.00222427 0
0.0441734 2 4.64159 0.00122724 0
0.0441734 2 7.19686 0.000747142 0
0.0441734 2 11.1588 0.000467096 0
0.0441734 2 17.302 0.000293017 0
0.0441734 2 26.827 0.000182478 0
0.0441734 2 41.5956 0.000113274 0
0.0441734 2 64.4947 7.03932e-05 0
0.0441734 2 100 4.37381e-05 0
0.0441734 2 155.052 2.71594e-05 0
0.0441734 2 240.41 1.68845e-05 0
0.0441734 2 372.759 1.05032e-05 0
0.0441734 2 577.969 6.52472e-06 0
0.0441734 2 896.151 4.04645e-06 0
0.0441734 2 1389.5 2.50422e-06 0
0.0441734 2 2154.43 1.5415e-06 0
0.0441734 2 3340.48 9.40624e-07 0
0.0441734 2 5179.47 5.66616e-07 0
0.0441734 2 8030.86 3.35025e-07 0
0.0441734 2 12452 1.93058e-07 0
0.0441734 2 19307 1.07526e-07 0
0.0441734 2 29935.8 5.7457e-08 0
0.0441734 2 46415.9 2.93181e-08 0
0.0441734 2 71968.6 1.42731e-08 0
0.0441734 2 111588 6.6517e-09 0
0.0441734 2 173020 2.9876e-09 0
0.0441734 2 268270 1.30288e-09 0
0.0441734 2 415956 5.55996e-10 0
0.0441734 2 644947 2.33698e-10 0
0.0441734 2 1e+06 9.72759e-11 0

0.107711 2 1e-06 -0.0868214 0
0.107711 2 1.55052e-06 -0.0868209 0
0.107711 2 2.4041e-06 -0.0868202 0
0.107711 2 3.72759e-06 -0.086819 0
0.107711 2 5.77969e-06 -0.0868172 0
0.107711 2 8.96151e-06 -0.0868144 0
0.107711 2 1.3895e-05 -0.0868101 0
0.107711 2 2.15443e-05 -0.0868034 0
0.107711 2 3.34048e-05 -0.086793 0
0.107711 2 5.17947e-05 -0.0867769 0
0.107711 2 8.03086e-05 -0.0867519 0
0.107711 2 0.00012452 -0.0867131 0
0.107711 2 0.00019307 -0.086653 0
0.107711 2 0.000299358 -0.0865599 0
0.107711 2 0.000464159 -0.0864157 0
0.107711 2 0.000719686 -0.0861923 0
0.107711 2 0.00111588 -0.0858467 0
0.107711 2 0.0017302 -0.0853122 0
0.107711 2 0.0026827 -0.0844873 0
0.107711 2 0.00415956 -0.0832171 0
0.107711 2 0.00644947 -0.0812688 0
0.107711 2 0.01 -0.0782985 0
0.107711 2 0.0155052 -0.0738118 0
0.107711 2 0.024041 -0.0671324 0
0.107711 2 0.0372759 -0.0574134 0
0.107711 2 0.0577969 -0.043774 0
0.107711 2 0.0896151 -0.0257008 0
0.107711 2 0.13895 -0.0039119 0
0.107711 2 0.215443 0.0183891 0
0.107711 2 0.334048 0.0348962 0
0.107711 2 0.517947 0.0385919 0
0.107711 2 0.803086 0.0286971 0
0.107711 2 1.2452 0.0146599 0
0.107711 2 1.9307 0.0057135 0
0.107711 2 2.99358 0.00216067 0
0.107711 2 4.64159 0.00119539 0
0.107711 2 7.19686 0.000728895 0
0.107711 2 11.1588 0.000456246 0
0.107711 2 17.302 0.000286503 0
0.107711 2 26.827 0.000178548 0
0.107711 2 41.5956 0.000110891 0
0.107711 2 64.4947 6.89399e-05 0
0.107711 2 100 4.28485e-05 0
0.107711 2 155.052 2.66135e-05 0
0.107711 2 240.41 1.65486e-05 0
0.107711 2 372.759 1.02961e-05 0
0.107711 2 577.969 6.39715e-06 0
0.107711 2 896.151 3.9679e-06 0
0.107711 2 1389.5 2.45596e-06 0
0.107711 2 2154.43 1.51199e-06 0
0.107711 2 3340.48 9.22725e-07 0
0.107711 2 5179.47 5.55897e-07 0
0.107711 2 8030.86 3.28723e-07 0
0.107711 2 12452 1.89447e-07 0
0.107711 2 19307 1.05526e-07 0
0.107711 2 29935.8 5.63942e-08 0
0.107711 2 46415.9 2.87787e-08 0
0.107711 2 71968.6 1.40119e-08 0
0.107711 2 111588 6.53065e-09 0
0.107711 2 173020 2.93354e-09 0
0.107711 2 268270 1.27942e-09 0
0.107711 2 415956 5.46041e-10 0
0.107711 2 644947 2.29535e-10 0
0.107711 2 1e+06 9.55532e-11 0

0.262636 2 1e-06 -0.0809185 0
0.262636 2 1.55052e-06 -0.0809181 0
0.262636 2 2.4041e-06 -0.0809174 0
0.262636 2 3.72759e-06 -0.0809164 0
0.262636 2 5.77969e-06 -0.0809148 0
0.262636 2 8.96151e-06 -0.0809123 0
0.262636 2 1.3895e-05 -0.0809084 0
0.262636 2 2.15443e-05 -0.0809025 0
0.262636 2 3.34048e-05 -0.0808932 0
0.262636 2 5.17947e-05 -0.0808789 0
0.262636 2 8.03086e-05 -0.0808566 0
0.262636 2 0.00012452 -0.0808221 0
0.262636 2 0.00019307 -0.0807687 0
0.262636 2 0.000299358 -0.0806859 0
0.262636 2 0.000464159 -0.0805576 0
0.262636 2 0.000719686 -0.0803588 0
0.262636 2 0.00111588 -0.0800513 0
0.262636 2 0.0017302 -0.0795757 0
0.262636 2 0.0026827 -0.0788417 0
0.262636 2 0.00415956 -0.0777113 0
0.262636 2 0.00644947 -0.075977 0
0.262636 2 0.01 -0.0733321 0
0.262636 2 0.0155052 -0.0693349 0
0.262636 2 0.024041 -0.0633796 0
0.262636 2 0.0372759 -0.054703 0
0.262636 2 0.0577969 -0.0425014 0
0.262636 2 0.0896151 -0.0262784 0
0.262636 2 0.13895 -0.00660428 0
0.262636 2 0.215443 0.0137619 0
0.262636 2 0.334048 0.0292626 0
0.262636 2 0.517947 0.0335336 0
0.262636 2 0.803086 0.0255194 0
0.262636 2 1.2452 0.013319 0
0.262636 2 1.9307 0.00528007 0
0.262636 2 2.99358 0.00201075 0
0.262636 2 4.64159 0.00111941 0
0.262636 2 7.19686 0.000685745 0
0.262636 2 11.1588 0.000430635 0
0.262636 2 17.302 0.00027113 0
0.262636 2 26.827 0.000169277 0
0.262636 2 41.5956 0.000105271 0
0.262636 2 64.4947 6.55136e-05 0
0.262636 2 100 4.07515e-05 0
0.262636 2 155.052 2.53268e-05 0
0.262636 2 240.41 1.5757e-05 0
0.262636 2 372.759 9.80833e-06 0
0.262636 2 577.969 6.09654e-06 0
0.262636 2 896.151 3.78282e-06 0
0.262636 2 1389.5 2.34223e-06 0
0.262636 2 2154.43 1.44245e-06 0
0.262636 2 3340.48 8.80552e-07 0
0.262636 2 5179.47 5.30641e-07 0
0.262636 2 8030.86 3.13875e-07 0
0.262636 2 12452 1.80939e-07 0
0.262636 2 19307 1.00814e-07 0
0.262636 2 29935.8 5.38901e-08 0
0.262636 2 46415.9 2.7508e-08 0
0.262636 2 71968.6 1.33966e-08 0
0.262636 2 111588 6.24547e-09 0
0.262636 2 173020 2.80616e-09 0
0.262636 2 268270 1.22417e-09 0
0.262636 2 415956 5.22585e-10 0
0.262636 2 644947 2.19728e-10 0
0.262636 2 1e+06 9.14945e-11 0

0.6404 2 1e-06 -0.0682874 0
0.6404 2 1.55052e-06 -0.0682871 0
0.6404 2 2.4041e-06 -0.0682866 0
0.6404 2 3.72759e-06 -0.0682858 0
0.6404 2 5.77969e-06 -0.0682846 0
0.6404 2 8.96151e-06 -0.0682828 0
0.6404 2 1.3895e-05 -0.0682799 0
0.6404 2 2.15443e-05 -0.0682754 0
0.6404 2 3.34048e-05 -0.0682685 0
0.6404 2 5.17947e-05 -0.0682577 0
0.6404 2 8.03086e-05 -0.068241 0
0.6404 2 0.00012452 -0.0682152 0
0.6404 2 0.00019307 -0.0681751 0
0.6404 2 0.000299358 -0.0681129 0
0.6404 2 0.000464159 -0.0680167 0
0.6404 2 0.000719686 -0.0678676 0
0.6404 2 0.00111588 -0.0676368 0
0.6404 2 0.0017302 -0.0672799 0
0.6404 2 0.0026827 -0.0667289 0
0.6404 2 0.00415956 -0.0658801 0
0.6404 2 0.00644947 -0.0645773 0
0.6404 2 0.01 -0.0625887 0
0.6404 2 0.0155052 -0.0595796 0
0.6404 2 0.024041 -0.0550875 0
0.6404 2 0.0372759 -0.0485221 0
0.6404 2 0.0577969 -0.0392423 0
0.6404 2 0.0896151 -0.0268006 0
0.6404 2 0.13895 -0.0114937 0
0.6404 2 0.215443 0.00478733 0
0.6404 2 0.334048 0.0179919 0
0.6404 2 0.517947 0.0231517 0
0.6404 2 0.803086 0.0188087 0
0.6404 2 1.2452 0.0103979 0
0.6404 2 1.9307 0.00432251 0
0.6404 2 2.99358 0.00168252 0
0.6404 2 4.64159 0.000952902 0
0.6404 2 7.19686 0.000590942 0
0.6404 2 11.1588 0.000374373 0
0.6404 2 17.302 0.000237365 0
0.6404 2 26.827 0.000148922 0
0.6404 2 41.5956 9.29367e-05 0
0.6404 2 64.4947 5.79952e-05 0
0.6404 2 100 3.61511e-05 0
0.6404 2 155.052 2.25046e-05 0
0.6404 2 240.41 1.4021e-05 0
0.6404 2 372.759 8.73859e-06 0
0.6404 2 577.969 5.43736e-06 0
0.6404 2 896.151 3.37699e-06 0
0.6404 2 1389.5 2.09287e-06 0
0.6404 2 2154.43 1.28997e-06 0
0.6404 2 3340.48 7.88081e-07 0
0.6404 2 5179.47 4.75264e-07 0
0.6404 2 8030.86 2.81319e-07 0
0.6404 2 12452 1.62285e-07 0
0.6404 2 19307 9.04822e-08 0
0.6404 2 29935.8 4.83995e-08 0
0.6404 2 46415.9 2.47216e-08 0
0.6404 2 71968.6 1.20476e-08 0
0.6404 2 111588 5.62016e-09 0
0.6404 2 173020 2.52687e-09 0
0.6404 2 268270 1.10302e-09 0
0.6404 2 415956 4.71155e-10 0
0.6404 2 644947 1.98225e-10 0
0.6404 2 1e+06 8.25953e-11 0

1.56152 2 1e-06 -0.044427 0
1.56152 2 1.55052e-06 -0.0444269 0
1.56152 2 2.4041e-06 -0.0444266 0
1.56152 2 3.72759e-06 -0.0444262 0
1.56152 2 5.77969e-06 -0.0444256 0
1.56152 2 8.96151e-06 -0.0444247 0
1.56152 2 1.3895e-05 -0.0444232 0
1.56152 2 2.15443e-05 -0.0444209 0
1.56152 2 3.34048e-05 -0.0444174 0
1.56152 2 5.17947e-05 -0.0444119 0
1.56152 2 8.03086e-05 -0.0444035 0
1.56152 2 0.00012452 -0.0443904 0
1.56152 2 0.00019307 -0.04437 0
1.56152 2 0.000299358 -0.0443385 0
1.56152 2 0.000464159 -0.0442897 0
1.56152 2 0.000719686 -0.0442141 0
1.56152 2 0.00111588 -0.044097 0
1.56152 2 0.0017302 -0.0439159 0
1.56152 2 0.0026827 -0.0436361 0
1.56152 2 0.00415956 -0.0432048 0
1.56152 2 0.00644947 -0.0425421 0
1.56152 2 0.01 -0.0415287 0
1.56152 2 0.0155052 -0.0399912 0
1.56152 2 0.024041 -0.0376861 0
1.56152 2 0.0372759 -0.0342944 0
1.56152 2 0.0577969 -0.0294484 0
1.56152 2 0.0896151 -0.0228366 0
1.56152 2 0.13895 -0.0144587 0
1.56152 2 0.215443 -0.00505904 0
1.56152 2 0.334048 0.00348074 0
1.56152 2 0.517947 0.00849353 0
1.56152 2 0.803086 0.00853585 0
1.56152 2 1.2452 0.00552638 0
1.56152 2 1.9307 0.00262409 0
1.56152 2 2.99358 0.00109978 0
1.56152 2 4.64159 0.000656725 0
1.56152 2 7.19686 0.000422026 0
1.56152 2 11.1588 0.000273996 0
1.56152 2 17.302 0.000177127 0
1.56152 2 26.827 0.000112629 0
1.56152 2 41.5956 7.09606e-05 0
1.56152 2 64.4947 4.46083e-05 0
1.56152 2 100 2.79637e-05 0
1.56152 2 155.052 1.74836e-05 0
1.56152 2 240.41 1.09331e-05 0
1.56152 2 372.759 6.83615e-06 0
1.56152 2 577.969 4.26519e-06 0
1.56152 2 896.151 2.65537e-06 0
1.56152 2 1389.5 1.64949e-06 0
1.56152 2 2154.43 1.01887e-06 0
1.56152 2 3340.48 6.23672e-07 0
1.56152 2 5179.47 3.76808e-07 0
1.56152 2 8030.86 2.23436e-07 0
1.56152 2 12452 1.2912e-07 0
1.56152 2 19307 7.21134e-08 0
1.56152 2 29935.8 3.86377e-08 0
1.56152 2 46415.9 1.97678e-08 0
1.56152 2 71968.6 9.64901e-09 0
1.56152 2 111588 4.50842e-09 0
1.56152 2 173020 2.03032e-09 0
1.56152 2 268270 8.87625e-10 0
1.56152 2 415956 3.79718e-10 0
1.56152 2 644947 1.59993e-10 0
1.56152 2 1e+06 6.67734e-11 0

3.80755 2 1e-06 -0.0151675 0
3.80755 2 1.55052e-06 -0.0151675 0
3.80755 2 2.4041e-06 -0.0151674 0
3.80755 2 3.72759e-06 -0.0151674 0
3.80755 2 5.77969e-06 -0.0151672 0
3.80755 2 8.96151e-06 -0.015167 0
3.80755 2 1.3895e-05 -0.0151666 0
3.80755 2 2.15443e-05 -0.0151661 0
3.80755 2 3.34048e-05 -0.0151653 0
3.80755 2 5.17947e-05 -0.015164 0
3.80755 2 8.03086e-05 -0.015162 0
3.80755 2 0.00012452 -0.0151589 0
3.80755 2 0.00019307 -0.0151541 0
3.80755 2 0.000299358 -0.0151467 0
3.80755 2 0.000464159 -0.0151352 0
3.80755 2 0.000719686 -0.0151174 0
3.80755 2 0.00111588 -0.0150898 0
3.80755 2 0.0017302 -0.015047 0
3.80755 2 0.0026827 -0.014981 0
3.80755 2 0.00415956 -0.0148791 0
3.80755 2 0.00644947 -0.0147223 0
3.80755 2 0.01 -0.0144818 0
3.80755 2 0.0155052 -0.0141155 0
3.80755 2 0.024041 -0.0135627 0
3.80755 2 0.0372759 -0.0127411 0
3.80755 2 0.0577969 -0.0115483 0
3.80755 2 0.0896151 -0.0098791 0
3.80755 2 0.13895 -0.00767441 0
3.80755 2 0.215443 -0.00501916 0
3.80755 2 0.334048 -0.00226438 0
3.80755 2 0.517947 -4.1292e-05 0
3.80755 2 0.803086 0.00109251 0
3.80755 2 1.2452 0.00121616 0
3.80755 2 1.9307 0.000828489 0
3.80755 2 2.99358 0.000436655 0
3.80755 2 4.64159 0.000309635 0
3.80755 2 7.19686 0.000221161 0
3.80755 2 11.1588 0.000153409 0
3.80755 2 17.302 0.000104442 0
3.80755 2 26.827 6.88054e-05 0
3.80755 2 41.5956 4.44393e-05 0
3.80755 2 64.4947 2.84663e-05 0
3.80755 2 100 1.8099e-05 0
3.80755 2 155.052 1.14379e-05 0
3.80755 2 240.41 7.21667e-06 0
3.80755 2 372.759 4.54714e-06 0
3.80755 2 577.969 2.85514e-06 0
3.80755 2 896.151 1.78743e-06 0
3.80755 2 1389.5 1.11625e-06 0
3.80755 2 2154.43 6.92837e-07 0
3.80755 2 3340.48 4.25965e-07 0
3.80755 2 5179.47 2.58413e-07 0
3.80755 2 8030.86 1.53832e-07 0
3.80755 2 12452 8.92397e-08 0
3.80755 2 19307 5.00255e-08 0
3.80755 2 29935.8 2.68995e-08 0
3.80755 2 46415.9 1.3811e-08 0
3.80755 2 71968.6 6.76488e-09 0
3.80755 2 111588 3.17161e-09 0
3.80755 2 173020 1.43324e-09 0
3.80755 2 268270 6.28624e-10 0
3.80755 2 415956 2.69769e-10 0
3.80755 2 644947 1.14023e-10 0
3.80755 2 1e+06 4.77485e-11 0

9.28415 2 1e-06 -0.00170381 0
9.28415 2 1.55052e-06 -0.00170381 0
9.28415 2 2.4041e-06 -0.0017038 0
9.28415 2 3.72759e-06 -0.0017038 0
9.28415 2 5.77969e-06 -0.00170379 0
9.28415 2 8.96151e-06 -0.00170377 0
9.28415 2 1.3895e-05 -0.00170375 0
9.28415 2 2.15443e-05 -0.00170372 0
9.28415 2 3.34048e-05 -0.00170366 0
9.28415 2 5.17947e-05 -0.00170358 0
9.28415 2 8.03086e-05 -0.00170345 0
9.28415 2 0.00012452 -0.00170325 0
9.28415 2 0.00019307 -0.00170294 0
9.28415 2 0.000299358 -0.00170246 0
9.28415 2 0.000464159 -0.00170172 0
9.28415 2 0.000719686 -0.00170057 0
9.28415 2 0.00111588 -0.00169879 0
9.28415 2 0.0017302 -0.00169603 0
9.28415 2 0.0026827 -0.00169176 0
9.28415 2 0.00415956 -0.00168515 0
9.28415 2 0.00644947 -0.00167497 0
9.28415 2 0.01 -0.00165931 0
9.28415 2 0.0155052 -0.00163531 0
9.28415 2 0.024041 -0.0015988 0
9.28415 2 0.0372759 -0.00154383 0
9.28415 2 0.0577969 -0.00146239 0
9.28415 2 0.0896151 -0.00134475 0
9.28415 2 0.13895 -0.00118141 0
9.28415 2 0.215443 -0.00096826 0
9.28415 2 0.334048 -0.000715433 0
9.28415 2 0.517947 -0.000454498 0
9.28415 2 0.803086 -0.000225506 0
9.28415 2 1.2452 -4.87041e-05 0
9.28415 2 1.9307 4.25675e-05 0
9.28415 2 2.99358 5.67861e-05 0
9.28415 2 4.64159 7.35514e-05 0
9.28415 2 7.19686 7.21693e-05 0
9.28415 2 11.1588 5.95065e-05 0
9.28415 2 17.302 4.62282e-05 0
9.28415 2 26.827 3.32627e-05 0
9.28415 2 41.5956 2.2826e-05 0
9.28415 2 64.4947 1.52922e-05 0
9.28415 2 100 1.00482e-05 0
9.28415 2 155.052 6.50614e-06 0
9.28415 2 240.41 4.1865e-06 0
9.28415 2 372.759 2.68158e-06 0
9.28415 2 577.969 1.7063e-06 0
9.28415 2 896.151 1.08044e-06 0
9.28415 2 1389.5 6.8196e-07 0
9.28415 2 2154.43 4.27331e-07 0
9.28415 2 3340.48 2.6497e-07 0
9.28415 2 5179.47 1.62008e-07 0
9.28415 2 8030.86 9.71579e-08 0
9.28415 2 12452 5.6768e-08 0
9.28415 2 19307 3.20412e-08 0
9.28415 2 29935.8 1.73422e-08 0
9.28415 2 46415.9 8.96092e-09 0
9.28415 2 71968.6 4.41662e-09 0
9.28415 2 111588 2.08318e-09 0
9.28415 2 173020 9.47097e-10 0
9.28415 2 268270 4.17749e-10 0
9.28415 2 415956 1.80251e-10 0
9.28415 2 644947 7.65937e-11 0
9.28415 2 1e+06 3.22586e-11 0

22.638 2 1e-06 -0.000126046 0
22.638 2 1.55052e-06 -0.000126046 0
22.638 2 2.4041e-06 -0.000126046 0
22.638 2 3.72759e-06 -0.000126045 0
22.638 2 5.77969e-06 -0.000126045 0
22.638 2 8.96151e-06 -0.000126045 0
22.638 2 1.3895e-05 -0.000126044 0
22.638 2 2.15443e-05 -0.000126044 0
22.638 2 3.34048e-05 -0.000126043 0
22.638 2 5.17947e-05 -0.000126041 0
22.638 2 8.03086e-05 -0.000126038 0
22.638 2 0.00012452 -0.000126034 0
22.638 2 0.00019307 -0.000126027 0
22.638 2 0.000299358 -0.000126017 0
22.638 2 0.000464159 -0.000126 0
22.638 2 0.000719686 -0.000125975 0
22.638 2 0.00111588 -0.000125937 0
22.638 2 0.0017302 -0.000125877 0
22.638 2 0.0026827 -0.000125784 0
22.638 2 0.00415956 -0.00012564 0
22.638 2 0.00644947 -0.000125417 0
22.638 2 0.01 -0.000125071 0
22.638 2 0.0155052 -0.000124535 0
22.638 2 0.024041 -0.000123708 0
22.638 2 0.0372759 -0.000122431 0
22.638 2 0.0577969 -0.00012047 0
22.638 2 0.0896151 -0.000117482 0
22.638 2 0.13895 -0.000113004 0
22.638 2 0.215443 -0.000106519 0
22.638 2 0.334048 -9.76747e-05 0
22.638 2 0.517947 -8.65473e-05 0
22.638 2 0.803086 -7.26471e-05 0
22.638 2 1.2452 -5.3133e-05 0
22.638 2 1.9307 -3.19118e-05 0
22.638 2 2.99358 -1.69869e-05 0
22.638 2 4.64159 -2.15979e-06 0
22.638 2 7.19686 8.63855e-06 0
22.638 2 11.1588 1.24077e-05 0
22.638 2 17.302 1.35258e-05 0
22.638 2 26.827 1.19258e-05 0
22.638 2 41.5956 9.35844e-06 0
22.638 2 64.4947 6.91085e-06 0
22.638 2 100 4.87006e-06 0
22.638 2 155.052 3.31619e-06 0
22.638 2 240.41 2.22048e-06 0
22.638 2 372.759 1.46917e-06 0
22.638 2 577.969 9.59019e-07 0
22.638 2 896.151 6.20332e-07 0
22.638 2 1389.5 3.99244e-07 0
22.638 2 2154.43 2.54463e-07 0
22.638 2 3340.48 1.60137e-07 0
22.638 2 5179.47 9.9229e-08 0
22.638 2 8030.86 6.02505e-08 0
22.638 2 12452 3.56212e-08 0
22.638 2 19307 2.0329e-08 0
22.638 2 29935.8 1.1118e-08 0
22.638 2 46415.9 5.80231e-09 0
22.638 2 71968.6 2.88731e-09 0
22.638 2 111588 1.37434e-09 0
22.638 2 173020 6.30499e-10 0
22.638 2 268270 2.80417e-10 0
22.638 2 415956 1.21952e-10 0
22.638 2 644947 5.22184e-11 0
22.638 2 1e+06 2.2171e-11 0

55.1995 2 1e-06 -2.15732e-05 0
55.1995 2 1.55052e-06 -2.15732e-05 0
55.1995 2 2.4041e-06 -2.15731e-05 0
55.1995 2 3.72759e-06 -2.15731e-05 0
55.1995 2 5.77969e-06 -2.15731e-05 0
55.1995 2 8.96151e-06 -2.15731e-05 0
55.1995 2 1.3895e-05 -2.15731e-05 0
55.1995 2 2.15443e-05 -2.1573e-05 0
55.1995 2 3.34048e-05 -2.1573e-05 0
55.1995 2 5.17947e-05 -2.15729e-05 0
55.1995 2 8.03086e-05 -2.15727e-05 0
55.1995 2 0.00012452 -2.15725e-05 0
55.1995 2 0.00019307 -2.15722e-05 0
55.1995 2 0.000299358 -2.15716e-05 0
55.1995 2 0.000464159 -2.15707e-05 0
55.1995 2 0.000719686 -2.15694e-05 0
55.1995 2 0.00111588 -2.15673e-05 0
55.1995 2 0.0017302 -2.15641e-05 0
55.1995 2 0.0026827 -2.15591e-05 0
55.1995 2 0.00415956 -2.15513e-05 0
55.1995 2 0.00644947 -2.15393e-05 0
55.1995 2 0.01 -2.15204e-05 0
55.1995 2 0.0155052 -2.14909e-05 0
55.1995 2 0.024041 -2.14447e-05 0
55.1995 2 0.0372759 -2.13719e-05 0
55.1995 2 0.0577969 -2.12567e-05 0
55.1995 2 0.0896151 -2.10743e-05 0
55.1995 2 0.13895 -2.07887e-05 0
55.1995 2 0.215443 -2.03581e-05 0
55.1995 2 0.334048 -1.97588e-05 0
55.1995 2 0.517947 -1.90093e-05 0
55.1995 2 0.803086 -1.79831e-05 0
55.1995 2 1.2452 -1.60009e-05 0
55.1995 2 1.9307 -1.31809e-05 0
55.1995 2 2.99358 -1.06371e-05 0
55.1995 2 4.64159 -7.38577e-06 0
55.1995 2 7.19686 -3.51047e-06 0
55.1995 2 11.1588 -7.98133e-07 0
55.1995 2 17.302 1.53308e-06 0
55.1995 2 26.827 2.71012e-06 0
55.1995 2 41.5956 2.95421e-06 0
55.1995 2 64.4947 2.70165e-06 0
55.1995 2 100 2.19969e-06 0
55.1995 2 155.052 1.65313e-06 0
55.1995 2 240.41 1.19131e-06 0
55.1995 2 372.759 8.33963e-07 0
55.1995 2 577.969 5.67716e-07 0
55.1995 2 896.151 3.79585e-07 0
55.1995 2 1389.5 2.51406e-07 0
55.1995 2 2154.43 1.64114e-07 0
55.1995 2 3340.48 1.05369e-07 0
55.1995 2 5179.47 6.64397e-08 0
55.1995 2 8030.86 4.0977e-08 0
55.1995 2 12452 2.45793e-08 0
55.1995 2 19307 1.42139e-08 0
55.1995 2 29935.8 7.86841e-09 0
55.1995 2 46415.9 4.15332e-09 0
55.1995 2 71968.6 2.08894e-09 0
55.1995 2 111588 1.00431e-09 0
55.1995 2 173020 4.65233e-10 0
55.1995 2 268270 2.0873e-10 0
55.1995 2 415956 9.15212e-11 0
55.1995 2 644947 3.94952e-11 0
55.1995 2 1e+06 1.69055e-11 0

134.596 2 1e-06 -3.08632e-06 0
134.596 2 1.55052e-06 -3.08632e-06 0
134.596 2 2.4041e-06 -3.08632e-06 0
134.596 2 3.72759e-06 -3.08632e-06 0
134.596 2 5.77969e-06 -3.08632e-06 0
134.596 2 8.96151e-06 -3.08632e-06 0
134.596 2 1.3895e-05 -3.08632e-06 0
134.596 2 2.15443e-05 -3.08631e-06 0
134.596 2 3.34048e-05 -3.08631e-06 0
134.596 2 5.17947e-05 -3.0863e-06 0
134.596 2 8.03086e-05 -3.0863e-06 0
134.596 2 0.00012452 -3.08628e-06 0
134.596 2 0.00019307 -3.08626e-06 0
134.596 2 0.000299358 -3.08623e-06 0
134.596 2 0.000464159 -3.08619e-06 0
134.596 2 0.000719686 -3.08611e-06 0
134.596 2 0.00111588 -3.086e-06 0
134.596 2 0.0017302 -3.08582e-06 0
134.596 2 0.0026827 -3.08555e-06 0
134.596 2 0.00415956 -3.08512e-06 0
134.596 2 0.00644947 -3.08444e-06 0
134.596 2 0.01 -3.08338e-06 0
134.596 2 0.0155052 -3.08168e-06 0
134.596 2 0.024041 -3.07896e-06 0
134.596 2 0.0372759 -3.07453e-06 0
134.596 2 0.0577969 -3.06722e-06 0
134.596 2 0.0896151 -3.05515e-06 0
134.596 2 0.13895 -3.03555e-06 0
134.596 2 0.215443 -3.00599e-06 0
134.596 2 0.334048 -2.96847e-06 0
134.596 2 0.517947 -2.93351e-06 0
134.596 2 0.803086 -2.89114e-06 0
134.596 2 1.2452 -2.74112e-06 0
134.596 2 1.9307 -2.48799e-06 0
134.596 2 2.99358 -2.3016e-06 0
134.596 2 4.64159 -2.01647e-06 0
134.596 2 7.19686 -1.49343e-06 0
134.596 2 11.1588 -1.07207e-06 0
134.596 2 17.302 -5.1081e-07 0
134.596 2 26.827 -2.47574e-08 0
134.596 2 41.5956 3.17664e-07 0
134.596 2 64.4947 5.29465e-07 0
134.596 2 100 5.93368e-07 0
134.596 2 155.052 5.45819e-07 0
134.596 2 240.41 4.57835e-07 0
134.596 2 372.759 3.60731e-07 0
134.596 2 577.969 2.67865e-07 0
134.596 2 896.151 1.91732e-07 0
134.596 2 1389.5 1.34686e-07 0
134.596 2 2154.43 9.22498e-08 0
134.596 2 3340.48 6.15991e-08 0
134.596 2 5179.47 4.01552e-08 0
134.596 2 8030.86 2.54965e-08 0
134.596 2 12452 1.56991e-08 0
134.596 2 19307 9.29181e-09 0
134.596 2 29935.8 5.25142e-09 0
134.596 2 46415.9 2.82487e-09 0
134.596 2 71968.6 1.44563e-09 0
134.596 2 111588 7.06109e-10 0
134.596 2 173020 3.32039e-10 0
134.596 2 268270 1.50953e-10 0
134.596 2 415956 6.69946e-11 0
134.596 2 644947 2.92404e-11 0
134.596 2 1e+06 1.26617e-11 0

328.193 2 1e-06 -4.95176e-07 0
328.193 2 1.55052e-06 -4.95176e-07 0
328.193 2 2.4041e-06 -4.95176e-07 0
328.193 2 3.72759e-06 -4.95176e-07 0
328.193 2 5.77969e-06 -4.95176e-07 0
328.193 2 8.96151e-06 -4.95176e-07 0
328.193 2 1.3895e-05 -4.95176e-07 0
328.193 2 2.15443e-05 -4.95175e-07 0
328.193 2 3.34048e-05 -4.95175e-07 0
328.193 2 5.17947e-05 -4.95175e-07 0
328.193 2 8.03086e-05 -4.95174e-07 0
328.193 2 0.00012452 -4.95174e-07 0
328.193 2 0.00019307 -4.95173e-07 0
328.193 2 0.000299358 -4.95171e-07 0
328.193 2 0.000464159 -4.95168e-07 0
328.193 2 0.000719686 -4.95164e-07 0
328.193 2 0.00111588 -4.95157e-07 0
328.193 2 0.0017302 -4.95146e-07 0
328.193 2 0.0026827 -4.9513e-07 0
328.193 2 0.00415956 -4.95103e-07 0
328.193 2 0.00644947 -4.95062e-07 0
328.193 2 0.01 -4.94994e-07 0
328.193 2 0.0155052 -4.94882e-07 0
328.193 2 0.024041 -4.94693e-07 0
328.193 2 0.0372759 -4.94367e-07 0
328.193 2 0.0577969 -4.93795e-07 0
328.193 2 0.0896151 -4.92786e-07 0
328.193 2 0.13895 -4.91078e-07 0
328.193 2 0.215443 -4.8854e-07 0
328.193 2 0.334048 -4.85849e-07 0
328.193 2 0.517947 -4.85205e-07 0
328.193 2 0.803086 -4.85891e-07 0
328.193 2 1.2452 -4.73178e-07 0
328.193 2 1.9307 -4.4783e-07 0
328.193 2 2.99358 -4.3825e-07 0
328.193 2 4.64159 -4.20909e-07 0
328.193 2 7.19686 -3.63693e-07 0
328.193 2 11.1588 -3.24607e-07 0
328.193 2 17.302 -2.47613e-07 0
328.193 2 26.827 -1.60416e-07 0
328.193 2 41.5956 -7.31897e-08 0
328.193 2 64.4947 1.66864e-08 0
328.193 2 100 8.832e-08 0
328.193 2 155.052 1.26175e-07 0
328.193 2 240.41 1.41025e-07 0
328.193 2 372.759 1.37491e-07 0
328.193 2 577.969 1.1833e-07 0
328.193 2 896.151 9.46147e-08 0
328.193 2 1389.5 7.28842e-08 0
328.193 2 2154.43 5.36272e-08 0
328.193 2 3340.48 3.78546e-08 0
328.193 2 5179.47 2.58091e-08 0
328.193 2 8030.86 1.70132e-08 0
328.193 2 12452 1.08198e-08 0
328.193 2 19307 6.58278e-09 0
328.193 2 29935.8 3.80951e-09 0
328.193 2 46415.9 2.09244e-09 0
328.193 2 71968.6 1.09081e-09 0
328.193 2 111588 5.41607e-10 0
328.193 2 173020 2.58559e-10 0
328.193 2 268270 1.19081e-10 0
328.193 2 415956 5.34651e-11 0
328.193 2 644947 2.3584e-11 0
328.193 2 1e+06 1.03209e-11 0

800.25 2 1e-06 -1.17123e-07 0
800.25 2 1.55052e-06 -1.17123e-07 0
800.25 2 2.4041e-06 -1.17123e-07 0
800.25 2 3.72759e-06 -1.17123e-07 0
800.25 2 5.77969e-06 -1.17123e-07 0
800.25 2 8.96151e-06 -1.17123e-07 0
800.25 2 1.3895e-05 -1.17123e-07 0
800.25 2 2.15443e-05 -1.17123e-07 0
800.25 2 3.34048e-05 -1.17123e-07 0
800.25 2 5.17947e-05 -1.17123e-07 0
800.25 2 8.03086e-05 -1.17123e-07 0
800.25 2 0.00012452 -1.17123e-07 0
800.25 2 0.00019307 -1.17123e-07 0
800.25 2 0.000299358 -1.17123e-07 0
800.25 2 0.000464159 -1.17123e-07 0
800.25 2 0.000719686 -1.17122e-07 0
800.25 2 0.00111588 -1.17122e-07 0
800.25 2 0.0017302 -1.17121e-07 0
800.25 2 0.0026827 -1.17119e-07 0
800.25 2 0.00415956 -1.17117e-07 0
800.25 2 0.00644947 -1.17113e-07 0
800.25 2 0.01 -1.17106e-07 0
800.25 2 0.0155052 -1.17094e-07 0
800.25 2 0.024041 -1.17074e-07 0
800.25 2 0.0372759 -1.17038e-07 0
800.25 2 0.0577969 -1.16971e-07 0
800.25 2 0.0896151 -1.16848e-07 0
800.25 2 0.13895 -1.16634e-07 0
800.25 2 0.215443 -1.16321e-07 0
800.25 2 0.334048 -1.1603e-07 0
800.25 2 0.517947 -1.16135e-07 0
800.25 2 0.803086 -1.16565e-07 0
800.25 2 1.2452 -1.15046e-07 0
800.25 2 1.9307 -1.11697e-07 0
800.25 2 2.99358 -1.11156e-07 0
800.25 2 4.64159 -1.09958e-07 0
800.25 2 7.19686 -1.0248e-07 0
800.25 2 11.1588 -9.84822e-08 0
800.25 2 17.302 -8.79706e-08 0
800.25 2 26.827 -7.44473e-08 0
800.25 2 41.5956 -5.84694e-08 0
800.25 2 64.4947 -3.70513e-08 0
800.25 2 100 -1.29448e-08 0
800.25 2 155.052 8.0761e-09 0
800.25 2 240.41 2.64064e-08 0
800.25 2 372.759 3.98392e-08 0
800.25 2 577.969 4.38546e-08 0
800.25 2 896.151 4.16442e-08 0
800.25 2 1389.5 3.69016e-08 0
800.25 2 2154.43 3.0158e-08 0
800.25 2 3340.48 2.30203e-08 0
800.25 2 5179.47 1.66785e-08 0
800.25 2 8030.86 1.15458e-08 0
800.25 2 12452 7.64865e-09 0
800.25 2 19307 4.81248e-09 0
800.25 2 29935.8 2.8639e-09 0
800.25 2 46415.9 1.61102e-09 0
800.25 2 71968.6 8.57287e-10 0
800.25 2 111588 4.33268e-10 0
800.25 2 173020 2.10156e-10 0
800.25 2 268270 9.8085e-11 0
800.25 2 415956 4.45539e-11 0
800.25 2 644947 1.98589e-11 0
800.25 2 1e+06 8.7796e-12 0

1951.29 2 1e-06 -3.32397e-08 0
1951.29 2 1.55052e-06 -3.32397e-08 0
1951.29 2 2.4041e-06 -3.32397e-08 0
1951.29 2 3.72759e-06 -3.32397e-08 0
1951.29 2 5.77969e-06 -3.32397e-08 0
1951.29 2 8.96151e-06 -3.32397e-08 0
1951.29 2 1.3895e-05 -3.32397e-08 0
1951.29 2 2.15443e-05 -3.32397e-08 0
1951.29 2 3.34048e-05 -3.32397e-08 0
1951.29 2 5.17947e-05 -3.32397e-08 0
1951.29 2 8.03086e-05 -3.32397e-08 0
1951.29 2 0.00012452 -3.32397e-08 0
1951.29 2 0.00019307 -3.32396e-08 0
1951.29 2 0.000299358 -3.32396e-08 0
1951.29 2 0.000464159 -3.32396e-08 0
1951.29 2 0.000719686 -3.32396e-08 0
1951.29 2 0.00111588 -3.32395e-08 0
1951.29 2 0.0017302 -3.32394e-08 0
1951.29 2 0.0026827 -3.32392e-08 0
1951.29 2 0.00415956 -3.32389e-08 0
1951.29 2 0.00644947 -3.32384e-08 0
1951.29 2 0.01 -3.32376e-08 0
1951.29 2 0.0155052 -3.32362e-08 0
1951.29 2 0.024041 -3.32336e-08 0
1951.29 2 0.0372759 -3.32288e-08 0
1951.29 2 0.0577969 -3.32196e-08 0
1951.29 2 0.0896151 -3.32024e-08 0
1951.29 2 0.13895 -3.31722e-08 0
1951.29 2 0.215443 -3.3128e-08 0
1951.29 2 0.334048 -3.30908e-08 0
1951.29 2 0.517947 -3.31217e-08 0
1951.29 2 0.803086 -3.32124e-08 0
1951.29 2 1.2452 -3.30046e-08 0
1951.29 2 1.9307 -3.25182e-08 0
1951.29 2 2.99358 -3.25044e-08 0
1951.29 2 4.64159 -3.2432e-08 0
1951.29 2 7.19686 -3.13772e-08 0
1951.29 2 11.1588 -3.09481e-08 0
1951.29 2 17.302 -2.94955e-08 0
1951.29 2 26.827 -2.75233e-08 0
1951.29 2 41.5956 -2.50286e-08 0
1951.29 2 64.4947 -2.1172e-08 0
1951.29 2 100 -1.59433e-08 0
1951.29 2 155.052 -1.01815e-08 0
1951.29 2 240.41 -3.43024e-09 0
1951.29 2 372.759 3.9238e-09 0
1951.29 2 577.969 9.27896e-09 0
1951.29 2 896.151 1.24664e-08 0
1951.29 2 1389.5 1.4244e-08 0
1951.29 2 2154.43 1.39294e-08 0
1951.29 2 3340.48 1.20884e-08 0
1951.29 2 5179.47 9.64659e-09 0
1951.29 2 8030.86 7.2043e-09 0
1951.29 2 12452 5.07743e-09 0
1951.29 2 19307 3.3571e-09 0
1951.29 2 29935.8 2.07939e-09 0
1951.29 2 46415.9 1.20922e-09 0
1951.29 2 71968.6 6.61645e-10 0
1951.29 2 111588 3.42314e-10 0
1951.29 2 173020 1.69479e-10 0
1951.29 2 268270 8.04354e-11 0
1951.29 2 415956 3.70631e-11 0
1951.29 2 644947 1.67281e-11 0
1951.29 2 1e+06 7.48447e-12 0

4757.94 2 1e-06 -1.15124e-08 0
4757.94 2 1.55052e-06 -1.15124e-08 0
4757.94 2 2.4041e-06 -1.15124e-08 0
4757.94 2 3.72759e-06 -1.15124e-08 0
4757.94 2 5.77969e-06 -1.15124e-08 0
4757.94 2 8.96151e-06 -1.15124e-08 0
4757.94 2 1.3895e-05 -1.15124e-08 0
4757.94 2 2.15443e-05 -1.15124e-08 0
4757.94 2 3.34048e-05 -1.15124e-08 0
4757.94 2 5.17947e-05 -1.15124e-08 0
4757.94 2 8.03086e-05 -1.15124e-08 0
4757.94 2 0.00012452 -1.15124e-08 0
4757.94 2 0.00019307 -1.15124e-08 0
4757.94 2 0.000299358 -1.15124e-08 0
4757.94 2 0.000464159 -1.15124e-08 0
4757.94 2 0.000719686 -1.15124e-08 0
4757.94 2 0.00111588 -1.15124e-08 0
4757.94 2 0.0017302 -1.15124e-08 0
4757.94 2 0.0026827 -1.15124e-08 0
4757.94 2 0.00415956 -1.15123e-08 0
4757.94 2 0.00644947 -1.15123e-08 0
4757.94 2 0.01 -1.15121e-08 0
4757.94 2 0.0155052 -1.15119e-08 0
4757.94 2 0.024041 -1.15116e-08 0
4757.94 2 0.0372759 -1.15108e-08 0
4757.94 2 0.0577969 -1.15094e-08 0
4757.94 2 0.0896151 -1.15068e-08 0
4757.94 2 0.13895 -1.15022e-08 0
4757.94 2 0.215443 -1.14955e-08 0
4757.94 2 0.334048 -1.149e-08 0
4757.94 2 0.517947 -1.14958e-08 0
4757.94 2 0.803086 -1.15116e-08 0
4757.94 2 1.2452 -1.14803e-08 0
4757.94 2 1.9307 -1.14053e-08 0
4757.94 2 2.99358 -1.14074e-08 0
4757.94 2 4.64159 -1.14031e-08 0
4757.94 2 7.19686 -1.12429e-08 0
4757.94 2 11.1588 -1.11877e-08 0
4757.94 2 17.302 -1.09708e-08 0
4757.94 2 26.827 -1.06696e-08 0
4757.94 2 41.5956 -1.02781e-08 0
4757.94 2 64.4947 -9.63057e-09 0
4757.94 2 100 -8.66623e-09 0
4757.94 2 155.052 -7.46438e-09 0
4757.94 2 240.41 -5.80258e-09 0
4757.94 2 372.759 -3.53632e-09 0
4757.94 2 577.969 -1.22752e-09 0
4757.94 2 896.151 9.53428e-10 0
4757.94 2 1389.5 3.08601e-09 0
4757.94 2 2154.43 4.48501e-09 0
4757.94 2 3340.48 4.91437e-09 0
4757.94 2 5179.47 4.61098e-09 0
4757.94 2 8030.86 3.89212e-09 0
4757.94 2 12452 3.0254e-09 0
4757.94 2 19307 2.15945e-09 0
4757.94 2 29935.8 1.42027e-09 0
4757.94 2 46415.9 8.66855e-10 0
4757.94 2 71968.6 4.93412e-10 0
4757.94 2 111588 2.63676e-10 0
4757.94 2 173020 1.34209e-10 0
4757.94 2 268270 6.51148e-11 0
4757.94 2 415956 3.05596e-11 0
4757.94 2 644947 1.40107e-11 0
4757.94 2 1e+06 6.36073e-12 0

11601.6 2 1e-06 -3.62164e-09 0
11601.6 2 1.55052e-06 -3.62164e-09 0
11601.6 2 2.4041e-06 -3.62164e-09 0
11601.6 2 3.72759e-06 -3.62164e-09 0
11601.6 2 5.77969e-06 -3.62164e-09 0
11601.6 2 8.96151e-06 -3.62164e-09 0
11601.6 2 1.3895e-05 -3.62164e-09 0
11601.6 2 2.15443e-05 -3.62164e-09 0
11601.6 2 3.34048e-05 -3.62164e-09 0
11601.6 2 5.17947e-05 -3.62164e-09 0
11601.6 2 8.03086e-05 -3.62164e-09 0
11601.6 2 0.00012452 -3.62164e-09 0
11601.6 2 0.00019307 -3.62164e-09 0
11601.6 2 0.000299358 -3.62164e-09 0
11601.6 2 0.000464159 -3.62164e-09 0
11601.6 2 0.000719686 -3.62163e-09 0
11601.6 2 0.00111588 -3.62163e-09 0
11601.6 2 0.0017302 -3.62163e-09 0
11601.6 2 0.0026827 -3.62163e-09 0
11601.6 2 0.00415956 -3.62162e-09 0
11601.6 2 0.00644947 -3.62161e-09 0
11601.6 2 0.01 -3.6216e-09 0
11601.6 2 0.0155052 -3.62157e-09 0
11601.6 2 0.024041 -3.62151e-09 0
11601.6 2 0.0372759 -3.62141e-09 0
11601.6 2 0.0577969 -3.6212e-09 0
11601.6 2 0.0896151 -3.6208e-09 0
11601.6 2 0.13895 -3.62009e-09 0
11601.6 2 0.215443 -3.61907e-09 0
11601.6 2 0.334048 -3.61829e-09 0
11601.6 2 0.517947 -3.61937e-09 0
11601.6 2 0.803086 -3.62215e-09 0
11601.6 2 1.2452 -3.61749e-09 0
11601.6 2 1.9307 -3.60596e-09 0
11601.6 2 2.99358 -3.60717e-09 0
11601.6 2 4.64159 -3.60784e-09 0
11601.6 2 7.19686 -3.58401e-09 0
11601.6 2 11.1588 -3.5782e-09 0
11601.6 2 17.302 -3.54768e-09 0
11601.6 2 26.827 -3.5054e-09 0
11601.6 2 41.5956 -3.451e-09 0
11601.6 2 64.4947 -3.35689e-09 0
11601.6 2 100 -3.2102e-09 0
11601.6 2 155.052 -3.01981e-09 0
11601.6 2 240.41 -2.73313e-09 0
11601.6 2 372.759 -2.28803e-09 0
11601.6 2 577.969 -1.75397e-09 0
11601.6 2 896.151 -1.12647e-09 0
11601.6 2 1389.5 -3.25118e-10 0
11601.6 2 2154.43 4.70396e-10 0
11601.6 2 3340.48 1.06901e-09 0
11601.6 2 5179.47 1.4026e-09 0
11601.6 2 8030.86 1.48643e-09 0
11601.6 2 12452 1.38081e-09 0
11601.6 2 19307 1.12989e-09 0
11601.6 2 29935.8 8.25128e-10 0
11601.6 2 46415.9 5.46868e-10 0
11601.6 2 71968.6 3.32399e-10 0
11601.6 2 111588 1.87245e-10 0
11601.6 2 173020 9.96058e-11 0
11601.6 2 268270 5.00081e-11 0
11601.6 2 415956 2.41316e-11 0
11601.6 2 644947 1.13225e-11 0
11601.6 2 1e+06 5.24893e-12 0

28288.7 2 1e-06 -1.18139e-09 0
28288.7 2 1.55052e-06 -1.18139e-09 0
28288.7 2 2.4041e-06 -1.18139e-09 0
28288.7 2 3.72759e-06 -1.18139e-09 0
28288.7 2 5.77969e-06 -1.18139e-09 0
28288.7 2 8.96151e-06 -1.18139e-09 0
28288.7 2 1.3895e-05 -1.18139e-09 0
28288.7 2 2.15443e-05 -1.18139e-09 0
28288.7 2 3.34048e-05 -1.18139e-09 0
28288.7 2 5.17947e-05 -1.18139e-09 0
28288.7 2 8.03086e-05 -1.18139e-09 0
28288.7 2 0.00012452 -1.18139e-09 0
28288.7 2 0.00019307 -1.18139e-09 0
28288.7 2 0.000299358 -1.18139e-09 0
28288.7 2 0.000464159 -1.18139e-09 0
28288.7 2 0.000719686 -1.18139e-09 0
28288.7 2 0.00111588 -1.18139e-09 0
28288.7 2 0.0017302 -1.18138e-09 0
28288.7 2 0.0026827 -1.18138e-09 0
28288.7 2 0.00415956 -1.18138e-09 0
28288.7 2 0.00644947 -1.18138e-09 0
28288.7 2 0.01 -1.18138e-09 0
28288.7 2 0.0155052 -1.18138e-09 0
28288.7 2 0.024041 -1.18137e-09 0
28288.7 2 0.0372759 -1.18135e-09 0
28288.7 2 0.0577969 -1.18132e-09 0
28288.7 2 0.0896151 -1.18126e-09 0
28288.7 2 0.13895 -1.18115e-09 0
28288.7 2 0.215443 -1.18099e-09 0
28288.7 2 0.334048 -1.18088e-09 0
28288.7 2 0.517947 -1.18107e-09 0
28288.7 2 0.803086 -1.18154e-09 0
28288.7 2 1.2452 -1.18083e-09 0
28288.7 2 1.9307 -1.17904e-09 0
28288.7 2 2.99358 -1.17933e-09 0
28288.7 2 4.64159 -1.1796e-09 0
28288.7 2 7.19686 -1.17599e-09 0
28288.7 2 11.1588 -1.17542e-09 0
28288.7 2 17.302 -1.17105e-09 0
28288.7 2 26.827 -1.16505e-09 0
28288.7 2 41.5956 -1.15749e-09 0
28288.7 2 64.4947 -1.144e-09 0
28288.7 2 100 -1.12249e-09 0
28288.7 2 155.052 -1.0944e-09 0
28288.7 2 240.41 -1.0503e-09 0
28288.7 2 372.759 -9.76843e-10 0
28288.7 2 577.969 -8.8184e-10 0
28288.7 2 896.151 -7.57166e-10 0
28288.7 2 1389.5 -5.70326e-10 0
28288.7 2 2154.43 -3.36956e-10 0
28288.7 2 3340.48 -9.41608e-11 0
28288.7 2 5179.47 1.25973e-10 0
28288.7 2 8030.86 3.0032e-10 0
28288.7 2 12452 4.14154e-10 0
28288.7 2 19307 4.37369e-10 0
28288.7 2 29935.8 3.82727e-10 0
28288.7 2 46415.9 2.908e-10 0
28288.7 2 71968.6 1.96509e-10 0
28288.7 2 111588 1.20345e-10 0
28288.7 2 173020 6.8589e-11 0
28288.7 2 268270 3.62786e-11 0
28288.7 2 415956 1.82468e-11 0
28288.7 2 644947 8.85334e-12 0
28288.7 2 1e+06 4.22649e-12 0

68977.9 2 1e-06 -3.5527e-10 0
68977.9 2 1.55052e-06 -3.5527e-10 0
68977.9 2 2.4041e-06 -3.5527e-10 0
68977.9 2 3.72759e-06 -3.5527e-10 0
68977.9 2 5.77969e-06 -3.5527e-10 0
68977.9 2 8.96151e-06 -3.5527e-10 0
68977.9 2 1.3895e-05 -3.5527e-10 0
68977.9 2 2.15443e-05 -3.5527e-10 0
68977.9 2 3.34048e-05 -3.5527e-10 0
68977.9 2 5.17947e-05 -3.5527e-10 0
68977.9 2 8.03086e-05 -3.5527e-10 0
68977.9 2 0.00012452 -3.5527e-10 0
68977.9 2 0.00019307 -3.5527e-10 0
68977.9 2 0.000299358 -3.5527e-10 0
68977.9 2 0.000464159 -3.5527e-10 0
68977.9 2 0.000719686 -3.5527e-10 0
68977.9 2 0.00111588 -3.5527e-10 0
68977.9 2 0.0017302 -3.5527e-10 0
68977.9 2 0.0026827 -3.5527e-10 0
68977.9 2 0.00415956 -3.55269e-10 0
68977.9 2 0.00644947 -3.55269e-10 0
68977.9 2 0.01 -3.55269e-10 0
68977.9 2 0.0155052 -3.55268e-10 0
68977.9 2 0.024041 -3.55267e-10 0
68977.9 2 0.0372759 -3.55265e-10 0
68977.9 2 0.0577969 -3.5526e-10 0
68977.9 2 0.0896151 -3.55251e-10 0
68977.9 2 0.13895 -3.55234e-10 0
68977.9 2 0.215443 -3.5521e-10 0
68977.9 2 0.334048 -3.55193e-10 0
68977.9 2 0.517947 -3.55228e-10 0
68977.9 2 0.803086 -3.55311e-10 0
68977.9 2 1.2452 -3.55205e-10 0
68977.9 2 1.9307 -3.54928e-10 0
68977.9 2 2.99358 -3.54997e-10 0
68977.9 2 4.64159 -3.55074e-10 0
68977.9 2 7.19686 -3.5454e-10 0
68977.9 2 11.1588 -3.54527e-10 0
68977.9 2 17.302 -3.53941e-10 0
68977.9 2 26.827 -3.53156e-10 0
68977.9 2 41.5956 -3.52217e-10 0
68977.9 2 64.4947 -3.50462e-10 0
68977.9 2 100 -3.47612e-10 0
68977.9 2 155.052 -3.43997e-10 0
68977.9 2 240.41 -3.38162e-10 0
68977.9 2 372.759 -3.27887e-10 0
68977.9 2 577.969 -3.14392e-10 0
68977.9 2 896.151 -2.9592e-10 0
68977.9 2 1389.5 -2.65147e-10 0
68977.9 2 2154.43 -2.21354e-10 0
68977.9 2 3340.48 -1.67185e-10 0
68977.9 2 5179.47 -1.05234e-10 0
68977.9 2 8030.86 -3.74713e-11 0
68977.9 2 12452 3.31658e-11 0
68977.9 2 19307 8.79697e-11 0
68977.9 2 29935.8 1.13299e-10 0
68977.9 2 46415.9 1.10653e-10 0
68977.9 2 71968.6 8.9911e-11 0
68977.9 2 111588 6.35351e-11 0
68977.9 2 173020 4.07288e-11 0
68977.9 2 268270 2.34941e-11 0
68977.9 2 415956 1.26463e-11 0
68977.9 2 644947 6.47491e-12 0
68977.9 2 1e+06 3.23533e-12 0

168192 2 1e-06 -9.33814e-11 0
168192 2 1.55052e-06 -9.33814e-11 0
168192 2 2.4041e-06 -9.33814e-11 0
168192 2 3.72759e-06 -9.33814e-11 0
168192 2 5.77969e-06 -9.33814e-11 0
168192 2 8.96151e-06 -9.33814e-11 0
168192 2 1.3895e-05 -9.33814e-11 0
168192 2 2.15443e-05 -9.33814e-11 0
168192 2 3.34048e-05 -9.33814e-11 0
168192 2 5.17947e-05 -9.33814e-11 0
168192 2 8.03086e-05 -9.33814e-11 0
168192 2 0.00012452 -9.33814e-11 0
168192 2 0.00019307 -9.33814e-11 0
168192 2 0.000299358 -9.33814e-11 0
168192 2 0.000464159 -9.33814e-11 0
168192 2 0.000719686 -9.33814e-11 0
168192 2 0.00111588 -9.33814e-11 0
168192 2 0.0017302 -9.33814e-11 0
168192 2 0.0026827 -9.33814e-11 0
168192 2 0.00415956 -9.33814e-11 0
168192 2 0.00644947 -9.33814e-11 0
168192 2 0.01 -9.33813e-11 0
168192 2 0.0155052 -9.33812e-11 0
168192 2 0.024041 -9.33811e-11 0
168192 2 0.0372759 -9.33807e-11 0
168192 2 0.0577969 -9.338e-11 0
168192 2 0.0896151 -9.33786e-11 0
168192 2 0.13895 -9.3376e-11 0
168192 2 0.215443 -9.33724e-11 0
168192 2 0.334048 -9.33701e-11 0
168192 2 0.517947 -9.33764e-11 0
168192 2 0.803086 -9.33907e-11 0
168192 2 1.2452 -9.3375e-11 0
168192 2 1.9307 -9.33324e-11 0
168192 2 2.99358 -9.33472e-11 0
168192 2 4.64159 -9.33652e-11 0
168192 2 7.19686 -9.32871e-11 0
168192 2 11.1588 -9.32984e-11 0
168192 2 17.302 -9.32238e-11 0
168192 2 26.827 -9.31281e-11 0
168192 2 41.5956 -9.30248e-11 0
168192 2 64.4947 -9.28152e-11 0
168192 2 100 -9.24676e-11 0
168192 2 155.052 -9.20566e-11 0
168192 2 240.41 -9.13735e-11 0
168192 2 372.759 -9.00898e-11 0
168192 2 577.969 -8.84547e-11 0
168192 2 896.151 -8.62333e-11 0
168192 2 1389.5 -8.2188e-11 0
168192 2 2154.43 -7.60244e-11 0
168192 2 3340.48 -6.7837e-11 0
168192 2 5179.47 -5.74819e-11 0
168192 2 8030.86 -4.41647e-11 0
168192 2 12452 -2.64015e-11 0
168192 2 19307 -6.78821e-12 0
168192 2 29935.8 1.02583e-11 0
168192 2 46415.9 2.14841e-11 0
168192 2 71968.6 2.53606e-11 0
168192 2 111588 2.33029e-11 0
168192 2 173020 1.84621e-11 0
168192 2 268270 1.23787e-11 0
168192 2 415956 7.49277e-12 0
168192 2 644947 4.20632e-12 0
168192 2 1e+06 2.26885e-12 0

410113 2 1e-06 -2.18594e-11 0
410113 2 1.55052e-06 -2.18594e-11 0
410113 2 2.4041e-06 -2.18594e-11 0
410113 2 3.72759e-06 -2.18594e-11 0
410113 2 5.77969e-06 -2.18594e-11 0
410113 2 8.96151e-06 -2.18594e-11 0
410113 2 1.3895e-05 -2.18594e-11 0
410113 2 2.15443e-05 -2.18594e-11 0
410113 2 3.34048e-05 -2.18594e-11 0
410113 2 5.17947e-05 -2.18594e-11 0
410113 2 8.03086e-05 -2.18594e-11 0
410113 2 0.00012452 -2.18594e-11 0
410113 2 0.00019307 -2.18594e-11 0
410113 2 0.000299358 -2.18594e-11 0
410113 2 0.000464159 -2.18594e-11 0
410113 2 0.000719686 -2.18594e-11 0
410113 2 0.00111588 -2.18594e-11 0
410113 2 0.0017302 -2.18594e-11 0
410113 2 0.0026827 -2.18594e-11 0
410113 2 0.00415956 -2.18594e-11 0
410113 2 0.00644947 -2.18594e-11 0
410113 2 0.01 -2.18594e-11 0
410113 2 0.0155052 -2.18593e-11 0
410113 2 0.024041 -2.18593e-11 0
410113 2 0.0372759 -2.18593e-11 0
410113 2 0.0577969 -2.18592e-11 0
410113 2 0.0896151 -2.1859e-11 0
410113 2 0.13895 -2.18586e-11 0
410113 2 0.215443 -2.1858e-11 0
410113 2 0.334048 -2.18577e-11 0
410113 2 0.517947 -2.18588e-11 0
410113 2 0.803086 -2.18613e-11 0
410113 2 1.2452 -2.18589e-11 0
410113 2 1.9307 -2.18523e-11 0
410113 2 2.99358 -2.18553e-11 0
410113 2 4.64159 -2.1859e-11 0
410113 2 7.19686 -2.18476e-11 0
410113 2 11.1588 -2.18514e-11 0
410113 2 17.302 -2.18424e-11 0
410113 2 26.827 -2.18316e-11 0
410113 2 41.5956 -2.18221e-11 0
410113 2 64.4947 -2.17994e-11 0
410113 2 100 -2.17604e-11 0
410113 2 155.052 -2.17206e-11 0
410113 2 240.41 -2.1651e-11 0
410113 2 372.759 -2.1505e-11 0
410113 2 577.969 -2.13343e-11 0
410113 2 896.151 -2.11156e-11 0
410113 2 1389.5 -2.06625e-11 0
410113 2 2154.43 -1.99401e-11 0
410113 2 3340.48 -1.89732e-11 0
410113 2 5179.47 -1.77329e-11 0
410113 2 8030.86 -1.60164e-11 0
410113 2 12452 -1.33137e-11 0
410113 2 19307 -9.67507e-12 0
410113 2 29935.8 -5.52996e-12 0
410113 2 46415.9 -1.38583e-12 0
410113 2 71968.6 2.02625e-12 0
410113 2 111588 4.25498e-12 0
410113 2 173020 5.25863e-12 0
410113 2 268270 4.5999e-12 0
410113 2 415956 3.41672e-12 0
410113 2 644947 2.25114e-12 0
410113 2 1e+06 1.38512e-12 0

1e+06 2 1e-06 -4.40497e-12 0
1e+06 2 1.55052e-06 -4.40497e-12 0
1e+06 2 2.4041e-06 -4.40497e-12 0
1e+06 2 3.72759e-06 -4.40497e-12 0
1e+06 2 5.77969e-06 -4.40497e-12 0
1e+06 2 8.96151e-06 -4.40497e-12 0
1e+06 2 1.3895e-05 -4.40497e-12 0
1e+06 2 2.15443e-05 -4.40497e-12 0
1e+06 2 3.34048e-05 -4.40497e-12 0
1e+06 2 5.17947e-05 -4.40497e-12 0
1e+06 2 8.03086e-05 -4.40497e-12 0
1e+06 2 0.00012452 -4.40497e-12 0
1e+06 2 0.00019307 -4.40497e-12 0
1e+06 2 0.000299358 -4.40497e-12 0
1e+06 2 0.000464159 -4.40497e-12 0
1e+06 2 0.000719686 -4.40497e-12 0
1e+06 2 0.00111588 -4.40497e-12 0
1e+06 2 0.0017302 -4.40497e-12 0
1e+06 2 0.0026827 -4.40497e-12 0
1e+06 2 0.00415956 -4.40497e-12 0
1e+06 2 0.00644947 -4.40497e-12 0
1e+06 2 0.01 -4.40497e-12 0
1e+06 2 0.0155052 -4.40497e-12 0
1e+06 2 0.024041 -4.40496e-12 0
1e+06 2 0.0372759 -4.40496e-12 0
1e+06 2 0.0577969 -4.40494e-12 0
1e+06 2 0.0896151 -4.40491e-12 0
1e+06 2 0.13895 -4.40485e-12 0
1e+06 2 0.215443 -4.40476e-12 0
1e+06 2 0.334048 -4.40472e-12 0
1e+06 2 0.517947 -4.40491e-12 0
1e+06 2 0.803086 -4.40533e-12 0
1e+06 2 1.2452 -4.40498e-12 0
1e+06 2 1.9307 -4.40394e-12 0
1e+06 2 2.99358 -4.40449e-12 0
1e+06 2 4.64159 -4.4052e-12 0
1e+06 2 7.19686 -4.4035e-12 0
1e+06 2 11.1588 -4.40437e-12 0
1e+06 2 17.302 -4.40327e-12 0
1e+06 2 26.827 -4.4021e-12 0
1e+06 2 41.5956 -4.40148e-12 0
1e+06 2 64.4947 -4.3992e-12 0
1e+06 2 100 -4.39504e-12 0
1e+06 2 155.052 -4.39196e-12 0
1e+06 2 240.41 -4.38587e-12 0
1e+06 2 372.759 -4.37014e-12 0
1e+06 2 577.969 -4.35469e-12 0
1e+06 2 896.151 -4.33805e-12 0
1e+06 2 1389.5 -4.29274e-12 0
1e+06 2 2154.43 -4.21717e-12 0
1e+06 2 3340.48 -4.12089e-12 0
1e+06 2 5179.47 -4.00656e-12 0
1e+06 2 8030.86 -3.84707e-12 0
1e+06 2 12452 -3.55156e-12 0
1e+06 2 19307 -3.10255e-12 0
1e+06 2 29935.8 -2.52249e-12 0
1e+06 2 46415.9 -1.82224e-12 0
1e+06 2 71968.6 -1.05803e-12 0
1e+06 2 111588 -2.54056e-13 0
1e+06 2 173020 5.35109e-13 0
1e+06 2 268270 8.9018e-13 0
1e+06 2 415956 9.7464e-13 0
1e+06 2 644947 8.54232e-13 0
1e+06 2 1e+06 6.61929e-13 0

