#q_sq i k_sq Re(fg) Im(fg)
1e-06 3 1e-06 -0.840151 0
1e-06 3 1.41873e-06 -0.84015 0
1e-06 3 2.01279e-06 -0.84015 0
1e-06 3 2.85559e-06 -0.840149 0
1e-06 3 4.0513e-06 -0.840147 0
1e-06 3 5.74769e-06 -0.840145 0
1e-06 3 8.15441e-06 -0.840142 0
1e-06 3 1.15689e-05 -0.840137 0
1e-06 3 1.64131e-05 -0.840131 0
1e-06 3 2.32857e-05 -0.840122 0
1e-06 3 3.3036e-05 -0.84011 0
1e-06 3 4.6869e-05 -0.840092 0
1e-06 3 6.64944e-05 -0.840067 0
1e-06 3 9.43373e-05 -0.840032 0
1e-06 3 0.000133839 -0.839982 0
1e-06 3 0.000189881 -0.83991 0
1e-06 3 0.000269389 -0.839809 0
1e-06 3 0.000382189 -0.839665 0
1e-06 3 0.000542222 -0.839462 0
1e-06 3 0.000769265 -0.839172 0
1e-06 3 0.00109138 -0.838763 0
1e-06 3 0.00154837 -0.838181 0
1e-06 3 0.00219671 -0.837357 0
1e-06 3 0.00311653 -0.836189 0
1e-06 3 0.0044215 -0.834535 0
1e-06 3 0.0062729 -0.832193 0
1e-06 3 0.00889953 -0.828879 0
1e-06 3 0.012626 -0.824199 0
1e-06 3 0.0179128 -0.817599 0
1e-06 3 0.0254134 -0.808317 0
1e-06 3 0.0360547 -0.795313 0
1e-06 3 0.0511518 -0.777194 0
1e-06 3 0.0725704 -0.752149 0
1e-06 3 0.102958 -0.717946 0
1e-06 3 0.146069 -0.672042 0
1e-06 3 0.207231 -0.611997 0
1e-06 3 0.294005 -0.536408 0
1e-06 3 0.417112 -0.446363 0
1e-06 3 0.591769 -0.34732 0
1e-06 3 0.839558 -0.250009 0
1e-06 3 1.1911 -0.167499 0
1e-06 3 1.68985 -0.107575 0
1e-06 3 2.39743 -0.0678686 0
1e-06 3 3.4013 -0.0410084 0
1e-06 3 4.82552 -0.02405 0
1e-06 3 6.8461 -0.0157552 0
1e-06 3 9.71274 -0.00899964 0
1e-06 3 13.7797 -0.00469106 0
1e-06 3 19.5497 -0.00350093 0
1e-06 3 27.7356 -0.00190036 0
1e-06 3 39.3493 -0.00110615 0
1e-06 3 55.8259 -0.000740437 0
1e-06 3 79.2016 -0.00048593 0
1e-06 3 112.365 -0.000327979 0
1e-06 3 159.416 -0.000226851 0
1e-06 3 226.168 -0.000154556 0
1e-06 3 320.87 -0.000103609 0
1e-06 3 455.227 -7.05557e-05 0
1e-06 3 645.842 -4.87561e-05 0
1e-06 3 916.274 -3.26283e-05 0
1e-06 3 1299.94 -2.18785e-05 0
1e-06 3 1844.26 -1.48295e-05 0
1e-06 3 2616.5 -1.01235e-05 0
1e-06 3 3712.11 -6.75856e-06 0
1e-06 3 5266.46 -4.47355e-06 0
1e-06 3 7471.67 -2.9498e-06 0
1e-06 3 10600.3 -1.93264e-06 0
1e-06 3 15038.9 -1.25398e-06 0
1e-06 3 21336 -8.03281e-07 0
1e-06 3 30270 -5.0658e-07 0
1e-06 3 42944.9 -3.13702e-07 0
1e-06 3 60927 -1.90313e-07 0
1e-06 3 86438.8 -1.12923e-07 0
1e-06 3 122633 -6.5589e-08 0
1e-06 3 173983 -3.75131e-08 0
1e-06 3 246834 -2.10845e-08 0
1e-06 3 350190 -1.14285e-08 0
1e-06 3 496824 -5.97979e-09 0
1e-06 3 704857 -2.90403e-09 0
1e-06 3 1e+06 -1.09468e-09 0

2.43835e-06 3 1e-06 -0.840151 0
2.43835e-06 3 1.41873e-06 -0.84015 0
2.43835e-06 3 2.01279e-06 -0.840149 0
2.43835e-06 3 2.85559e-06 -0.840148 0
2.43835e-06 3 4.0513e-06 -0.840147 0
2.43835e-06 3 5.74769e-06 -0.840145 0
2.43835e-06 3 8.15441e-06 -0.840142 0
2.43835e-06 3 1.15689e-05 -0.840137 0
2.43835e-06 3 1.64131e-05 -0.840131 0
2.43835e-06 3 2.32857e-05 -0.840122 0
2.43835e-06 3 3.3036e-05 -0.84011 0
2.43835e-06 3 4.6869e-05 -0.840092 0
2.43835e-06 3 6.64944e-05 -0.840067 0
2.43835e-06 3 9.43373e-05 -0.840032 0
2.43835e-06 3 0.000133839 -0.839981 0
2.43835e-06 3 0.000189881 -0.83991 0
2.43835e-06 3 0.000269389 -0.839809 0
2.43835e-06 3 0.000382189 -0.839665 0
2.43835e-06 3 0.000542222 -0.839461 0
2.43835e-06 3 0.000769265 -0.839172 0
2.43835e-06 3 0.00109138 -0.838762 0
2.43835e-06 3 0.00154837 -0.838181 0
2.43835e-06 3 0.00219671 -0.837357 0
2.43835e-06 3 0.00311653 -0.836189 0
2.43835e-06 3 0.0044215 -0.834535 0
2.43835e-06 3 0.0062729 -0.832192 0
2.43835e-06 3 0.00889953 -0.828879 0
2.43835e-06 3 0.012626 -0.824199 0
2.43835e-06 3 0.0179128 -0.817599 0
2.43835e-06 3 0.0254134 -0.808317 0
2.43835e-06 3 0.0360547 -0.795313 0
2.43835e-06 3 0.0511518 -0.777194 0
2.43835e-06 3 0.0725704 -0.752148 0
2.43835e-06 3 0.102958 -0.717946 0
2.43835e-06 3 0.146069 -0.672042 0
2.43835e-06 3 0.207231 -0.611997 0
2.43835e-06 3 0.294005 -0.536408 0
2.43835e-06 3 0.417112 -0.446363 0
2.43835e-06 3 0.591769 -0.34732 0
2.43835e-06 3 0.839558 -0.250009 0
2.43835e-06 3 1.1911 -0.167499 0
2.43835e-06 3 1.68985 -0.107575 0
2.43835e-06 3 2.39743 -0.0678686 0
2.43835e-06 3 3.4013 -0.0410084 0
2.43835e-06 3 4.82552 -0.02405 0
2.43835e-06 3 6.8461 -0.0157552 0
2.43835e-06 3 9.71274 -0.00899964 0
2.43835e-06 3 13.7797 -0.00469106 0
2.43835e-06 3 19.5497 -0.00350093 0
2.43835e-06 3 27.7356 -0.00190036 0
2.43835e-06 3 39.3493 -0.00110615 0
2.43835e-06 3 55.8259 -0.000740436 0
2.43835e-06 3 79.2016 -0.00048593 0
2.43835e-06 3 112.365 -0.000327979 0
2.43835e-06 3 159.416 -0.000226851 0
2.43835e-06 3 226.168 -0.000154556 0
2.43835e-06 3 320.87 -0.000103609 0
2.43835e-06 3 455.227 -7.05557e-05 0
2.43835e-06 3 645.842 -4.87561e-05 0
2.43835e-06 3 916.274 -3.26283e-05 0
2.43835e-06 3 1299.94 -2.18785e-05 0
2.43835e-06 3 1844.26 -1.48295e-05 0
2.43835e-06 3 2616.5 -1.01235e-05 0
2.43835e-06 3 3712.11 -6.75856e-06 0
2.43835e-06 3 5266.46 -4.47355e-06 0
2.43835e-06 3 7471.67 -2.9498e-06 0
2.43835e-06 3 10600.3 -1.93264e-06 0
2.43835e-06 3 15038.9 -1.25398e-06 0
2.43835e-06 3 21336 -8.03281e-07 0
2.43835e-06 3 30270 -5.0658e-07 0
2.43835e-06 3 42944.9 -3.13702e-07 0
2.43835e-06 3 60927 -1.90313e-07 0
2.43835e-06 3 86438.8 -1.12923e-07 0
2.43835e-06 3 122633 -6.5589e-08 0
2.43835e-06 3 173983 -3.75131e-08 0
2.43835e-06 3 246834 -2.10845e-08 0
2.43835e-06 3 350190 -1.14285e-08 0
2.43835e-06 3 496824 -5.97979e-09 0
2.43835e-06 3 704857 -2.90403e-09 0
2.43835e-06 3 1e+06 -1.09468e-09 0

5.94557e-06 3 1e-06 -0.84015 0
5.94557e-06 3 1.41873e-06 -0.84015 0
5.94557e-06 3 2.01279e-06 -0.840149 0
5.94557e-06 3 2.85559e-06 -0.840148 0
5.94557e-06 3 4.0513e-06 -0.840146 0
5.94557e-06 3 5.74769e-06 -0.840144 0
5.94557e-06 3 8.15441e-06 -0.840141 0
5.94557e-06 3 1.15689e-05 -0.840137 0
5.94557e-06 3 1.64131e-05 -0.840131 0
5.94557e-06 3 2.32857e-05 -0.840122 0
5.94557e-06 3 3.3036e-05 -0.840109 0
5.94557e-06 3 4.6869e-05 -0.840092 0
5.94557e-06 3 6.64944e-05 -0.840067 0
5.94557e-06 3 9.43373e-05 -0.840031 0
5.94557e-06 3 0.000133839 -0.839981 0
5.94557e-06 3 0.000189881 -0.83991 0
5.94557e-06 3 0.000269389 -0.839808 0
5.94557e-06 3 0.000382189 -0.839665 0
5.94557e-06 3 0.000542222 -0.839461 0
5.94557e-06 3 0.000769265 -0.839172 0
5.94557e-06 3 0.00109138 -0.838762 0
5.94557e-06 3 0.00154837 -0.838181 0
5.94557e-06 3 0.00219671 -0.837357 0
5.94557e-06 3 0.00311653 -0.836189 0
5.94557e-06 3 0.0044215 -0.834534 0
5.94557e-06 3 0.0062729 -0.832192 0
5.94557e-06 3 0.00889953 -0.828879 0
5.94557e-06 3 0.012626 -0.824198 0
5.94557e-06 3 0.0179128 -0.817599 0
5.94557e-06 3 0.0254134 -0.808317 0
5.94557e-06 3 0.0360547 -0.795312 0
5.94557e-06 3 0.0511518 -0.777193 0
5.94557e-06 3 0.0725704 -0.752148 0
5.94557e-06 3 0.102958 -0.717945 0
5.94557e-06 3 0.146069 -0.672042 0
5.94557e-06 3 0.207231 -0.611997 0
5.94557e-06 3 0.294005 -0.536408 0
5.94557e-06 3 0.417112 -0.446363 0
5.94557e-06 3 0.591769 -0.34732 0
5.94557e-06 3 0.839558 -0.250009 0
5.94557e-06 3 1.1911 -0.167499 0
5.94557e-06 3 1.68985 -0.107575 0
5.94557e-06 3 2.39743 -0.0678686 0
5.94557e-06 3 3.4013 -0.0410084 0
5.94557e-06 3 4.82552 -0.02405 0
5.94557e-06 3 6.8461 -0.0157552 0
5.94557e-06 3 9.71274 -0.00899964 0
5.94557e-06 3 13.7797 -0.00469106 0
5.94557e-06 3 19.5497 -0.00350093 0
5.94557e-06 3 27.7356 -0.00190036 0
5.94557e-06 3 39.3493 -0.00110615 0
5.94557e-06 3 55.8259 -0.000740436 0
5.94557e-06 3 79.2016 -0.00048593 0
5.94557e-06 3 112.365 -0.000327979 0
5.94557e-06 3 159.416 -0.000226851 0
5.94557e-06 3 226.168 -0.000154556 0
5.94557e-06 3 320.87 -0.000103609 0
5.94557e-06 3 455.227 -7.05557e-05 0
5.94557e-06 3 645.842 -4.87561e-05 0
5.94557e-06 3 916.274 -3.26283e-05 0
5.94557e-06 3 1299.94 -2.18785e-05 0
5.94557e-06 3 1844.26 -1.48295e-05 0
5.94557e-06 3 2616.5 -1.01235e-05 0
5.94557e-06 3 3712.11 -6.75856e-06 0
5.94557e-06 3 5266.46 -4.47355e-06 0
5.94557e-06 3 7471.67 -2.9498e-06 0
5.94557e-06 3 10600.3 -1.93264e-06 0
5.94557e-06 3 15038.9 -1.25398e-06 0
5.94557e-06 3 21336 -8.03281e-07 0
5.94557e-06 3 30270 -5.0658e-07 0
5.94557e-06 3 42944.9 -3.13702e-07 0
5.94557e-06 3 60927 -1.90313e-07 0
5.94557e-06 3 86438.8 -1.12923e-07 0
5.94557e-06 3 122633 -6.5589e-08 0
5.94557e-06 3 173983 -3.75131e-08 0
5.94557e-06 3 246834 -2.10845e-08 0
5.94557e-06 3 350190 -1.14285e-08 0
5.94557e-06 3 496824 -5.97979e-09 0
5.94557e-06 3 704857 -2.90403e-09 0
5.94557e-06 3 1e+06 -1.09468e-09 0

1.44974e-05 3 1e-06 -0.840149 0
1.44974e-05 3 1.41873e-06 -0.840149 0
1.44974e-05 3 2.01279e-06 -0.840148 0
1.44974e-05 3 2.85559e-06 -0.840147 0
1.44974e-05 3 4.0513e-06 -0.840145 0
1.44974e-05 3 5.74769e-06 -0.840143 0
1.44974e-05 3 8.15441e-06 -0.84014 0
1.44974e-05 3 1.15689e-05 -0.840136 0
1.44974e-05 3 1.64131e-05 -0.84013 0
1.44974e-05 3 2.32857e-05 -0.840121 0
1.44974e-05 3 3.3036e-05 -0.840108 0
1.44974e-05 3 4.6869e-05 -0.840091 0
1.44974e-05 3 6.64944e-05 -0.840066 0
1.44974e-05 3 9.43373e-05 -0.84003 0
1.44974e-05 3 0.000133839 -0.83998 0
1.44974e-05 3 0.000189881 -0.839909 0
1.44974e-05 3 0.000269389 -0.839807 0
1.44974e-05 3 0.000382189 -0.839664 0
1.44974e-05 3 0.000542222 -0.83946 0
1.44974e-05 3 0.000769265 -0.839171 0
1.44974e-05 3 0.00109138 -0.838761 0
1.44974e-05 3 0.00154837 -0.83818 0
1.44974e-05 3 0.00219671 -0.837356 0
1.44974e-05 3 0.00311653 -0.836188 0
1.44974e-05 3 0.0044215 -0.834533 0
1.44974e-05 3 0.0062729 -0.832191 0
1.44974e-05 3 0.00889953 -0.828878 0
1.44974e-05 3 0.012626 -0.824197 0
1.44974e-05 3 0.0179128 -0.817598 0
1.44974e-05 3 0.0254134 -0.808316 0
1.44974e-05 3 0.0360547 -0.795311 0
1.44974e-05 3 0.0511518 -0.777192 0
1.44974e-05 3 0.0725704 -0.752147 0
1.44974e-05 3 0.102958 -0.717944 0
1.44974e-05 3 0.146069 -0.672041 0
1.44974e-05 3 0.207231 -0.611996 0
1.44974e-05 3 0.294005 -0.536407 0
1.44974e-05 3 0.417112 -0.446362 0
1.44974e-05 3 0.591769 -0.347319 0
1.44974e-05 3 0.839558 -0.250009 0
1.44974e-05 3 1.1911 -0.167499 0
1.44974e-05 3 1.68985 -0.107575 0
1.44974e-05 3 2.39743 -0.0678686 0
1.44974e-05 3 3.4013 -0.0410084 0
1.44974e-05 3 4.82552 -0.0240499 0
1.44974e-05 3 6.8461 -0.0157552 0
1.44974e-05 3 9.71274 -0.00899963 0
1.44974e-05 3 13.7797 -0.00469106 0
1.44974e-05 3 19.5497 -0.00350093 0
1.44974e-05 3 27.7356 -0.00190036 0
1.44974e-05 3 39.3493 -0.00110615 0
1.44974e-05 3 55.8259 -0.000740436 0
1.44974e-05 3 79.2016 -0.00048593 0
1.44974e-05 3 112.365 -0.000327979 0
1.44974e-05 3 159.416 -0.000226851 0
1.44974e-05 3 226.168 -0.000154556 0
1.44974e-05 3 320.87 -0.000103609 0
1.44974e-05 3 455.227 -7.05557e-05 0
1.44974e-05 3 645.842 -4.87561e-05 0
1.44974e-05 3 916.274 -3.26283e-05 0
1.44974e-05 3 1299.94 -2.18785e-05 0
1.44974e-05 3 1844.26 -1.48295e-05 0
1.44974e-05 3 2616.5 -1.01235e-05 0
1.44974e-05 3 3712.11 -6.75856e-06 0
1.44974e-05 3 5266.46 -4.47355e-06 0
1.44974e-05 3 7471.67 -2.9498e-06 0
1.44974e-05 3 10600.3 -1.93264e-06 0
1.44974e-05 3 15038.9 -1.25398e-06 0
1.44974e-05 3 21336 -8.03281e-07 0
1.44974e-05 3 30270 -5.0658e-07 0
1.44974e-05 3 42944.9 -3.13702e-07 0
1.44974e-05 3 60927 -1.90313e-07 0
1.44974e-05 3 86438.8 -1.12923e-07 0
1.44974e-05 3 122633 -6.5589e-08 0
1.44974e-05 3 173983 -3.75131e-08 0
1.44974e-05 3 246834 -2.10845e-08 0
1.44974e-05 3 350190 -1.14285e-08 0
1.44974e-05 3 496824 -5.97979e-09 0
1.44974e-05 3 704857 -2.90403e-09 0
1.44974e-05 3 1e+06 -1.09468e-09 0

3.53498e-05 3 1e-06 -0.840147 0
3.53498e-05 3 1.41873e-06 -0.840147 0
3.53498e-05 3 2.01279e-06 -0.840146 0
3.53498e-05 3 2.85559e-06 -0.840145 0
3.53498e-05 3 4.0513e-06 -0.840143 0
3.53498e-05 3 5.74769e-06 -0.840141 0
3.53498e-05 3 8.15441e-06 -0.840138 0
3.53498e-05 3 1.15689e-05 -0.840134 0
3.53498e-05 3 1.64131e-05 -0.840127 0
3.53498e-05 3 2.32857e-05 -0.840119 0
3.53498e-05 3 3.3036e-05 -0.840106 0
3.53498e-05 3 4.6869e-05 -0.840089 0
3.53498e-05 3 6.64944e-05 -0.840064 0
3.53498e-05 3 9.43373e-05 -0.840028 0
3.53498e-05 3 0.000133839 -0.839978 0
3.53498e-05 3 0.000189881 -0.839906 0
3.53498e-05 3 0.000269389 -0.839805 0
3.53498e-05 3 0.000382189 -0.839662 0
3.53498e-05 3 0.000542222 -0.839458 0
3.53498e-05 3 0.000769265 -0.839169 0
3.53498e-05 3 0.00109138 -0.838759 0
3.53498e-05 3 0.00154837 -0.838178 0
3.53498e-05 3 0.00219671 -0.837353 0
3.53498e-05 3 0.00311653 -0.836186 0
3.53498e-05 3 0.0044215 -0.834531 0
3.53498e-05 3 0.0062729 -0.832189 0
3.53498e-05 3 0.00889953 -0.828876 0
3.53498e-05 3 0.012626 -0.824195 0
3.53498e-05 3 0.0179128 -0.817596 0
3.53498e-05 3 0.0254134 -0.808313 0
3.53498e-05 3 0.0360547 -0.795309 0
3.53498e-05 3 0.0511518 -0.77719 0
3.53498e-05 3 0.0725704 -0.752145 0
3.53498e-05 3 0.102958 -0.717943 0
3.53498e-05 3 0.146069 -0.672039 0
3.53498e-05 3 0.207231 -0.611995 0
3.53498e-05 3 0.294005 -0.536406 0
3.53498e-05 3 0.417112 -0.446361 0
3.53498e-05 3 0.591769 -0.347319 0
3.53498e-05 3 0.839558 -0.250009 0
3.53498e-05 3 1.1911 -0.167499 0
3.53498e-05 3 1.68985 -0.107575 0
3.53498e-05 3 2.39743 -0.0678685 0
3.53498e-05 3 3.4013 -0.0410084 0
3.53498e-05 3 4.82552 -0.0240499 0
3.53498e-05 3 6.8461 -0.0157552 0
3.53498e-05 3 9.71274 -0.00899963 0
3.53498e-05 3 13.7797 -0.00469106 0
3.53498e-05 3 19.5497 -0.00350093 0
3.53498e-05 3 27.7356 -0.00190036 0
3.53498e-05 3 39.3493 -0.00110615 0
3.53498e-05 3 55.8259 -0.000740436 0
3.53498e-05 3 79.2016 -0.00048593 0
3.53498e-05 3 112.365 -0.000327979 0
3.53498e-05 3 159.416 -0.000226851 0
3.53498e-05 3 226.168 -0.000154556 0
3.53498e-05 3 320.87 -0.000103609 0
3.53498e-05 3 455.227 -7.05557e-05 0
3.53498e-05 3 645.842 -4.87561e-05 0
3.53498e-05 3 916.274 -3.26283e-05 0
3.53498e-05 3 1299.94 -2.18785e-05 0
3.53498e-05 3 1844.26 -1.48295e-05 0
3.53498e-05 3 2616.5 -1.01235e-05 0
3.53498e-05 3 3712.11 -6.75856e-06 0
3.53498e-05 3 5266.46 -4.47355e-06 0
3.53498e-05 3 7471.67 -2.9498e-06 0
3.53498e-05 3 10600.3 -1.93264e-06 0
3.53498e-05 3 15038.9 -1.25398e-06 0
3.53498e-05 3 21336 -8.03281e-07 0
3.53498e-05 3 30270 -5.0658e-07 0
3.53498e-05 3 42944.9 -3.13702e-07 0
3.53498e-05 3 60927 -1.90313e-07 0
3.53498e-05 3 86438.8 -1.12923e-07 0
3.53498e-05 3 122633 -6.5589e-08 0
3.53498e-05 3 173983 -3.75131e-08 0
3.53498e-05 3 246834 -2.10845e-08 0
3.53498e-05 3 350190 -1.14285e-08 0
3.53498e-05 3 496824 -5.97979e-09 0
3.53498e-05 3 704857 -2.90403e-09 0
3.53498e-05 3 1e+06 -1.09468e-09 0

8.61954e-05 3 1e-06 -0.840142 0
8.61954e-05 3 1.41873e-06 -0.840141 0
8.61954e-05 3 2.01279e-06 -0.84014 0
8.61954e-05 3 2.85559e-06 -0.840139 0
8.61954e-05 3 4.0513e-06 -0.840138 0
8.61954e-05 3 5.74769e-06 -0.840136 0
8.61954e-05 3 8.15441e-06 -0.840133 0
8.61954e-05 3 1.15689e-05 -0.840128 0
8.61954e-05 3 1.64131e-05 -0.840122 0
8.61954e-05 3 2.32857e-05 -0.840113 0
8.61954e-05 3 3.3036e-05 -0.840101 0
8.61954e-05 3 4.6869e-05 -0.840083 0
8.61954e-05 3 6.64944e-05 -0.840058 0
8.61954e-05 3 9.43373e-05 -0.840023 0
8.61954e-05 3 0.000133839 -0.839972 0
8.61954e-05 3 0.000189881 -0.839901 0
8.61954e-05 3 0.000269389 -0.8398 0
8.61954e-05 3 0.000382189 -0.839656 0
8.61954e-05 3 0.000542222 -0.839452 0
8.61954e-05 3 0.000769265 -0.839163 0
8.61954e-05 3 0.00109138 -0.838753 0
8.61954e-05 3 0.00154837 -0.838172 0
8.61954e-05 3 0.00219671 -0.837348 0
8.61954e-05 3 0.00311653 -0.83618 0
8.61954e-05 3 0.0044215 -0.834526 0
8.61954e-05 3 0.0062729 -0.832183 0
8.61954e-05 3 0.00889953 -0.82887 0
8.61954e-05 3 0.012626 -0.82419 0
8.61954e-05 3 0.0179128 -0.81759 0
8.61954e-05 3 0.0254134 -0.808308 0
8.61954e-05 3 0.0360547 -0.795304 0
8.61954e-05 3 0.0511518 -0.777185 0
8.61954e-05 3 0.0725704 -0.75214 0
8.61954e-05 3 0.102958 -0.717938 0
8.61954e-05 3 0.146069 -0.672035 0
8.61954e-05 3 0.207231 -0.611991 0
8.61954e-05 3 0.294005 -0.536403 0
8.61954e-05 3 0.417112 -0.446359 0
8.61954e-05 3 0.591769 -0.347317 0
8.61954e-05 3 0.839558 -0.250008 0
8.61954e-05 3 1.1911 -0.167498 0
8.61954e-05 3 1.68985 -0.107575 0
8.61954e-05 3 2.39743 -0.0678682 0
8.61954e-05 3 3.4013 -0.0410082 0
8.61954e-05 3 4.82552 -0.0240499 0
8.61954e-05 3 6.8461 -0.0157552 0
8.61954e-05 3 9.71274 -0.00899962 0
8.61954e-05 3 13.7797 -0.00469105 0
8.61954e-05 3 19.5497 -0.00350093 0
8.61954e-05 3 27.7356 -0.00190036 0
8.61954e-05 3 39.3493 -0.00110615 0
8.61954e-05 3 55.8259 -0.000740436 0
8.61954e-05 3 79.2016 -0.00048593 0
8.61954e-05 3 112.365 -0.000327979 0
8.61954e-05 3 159.416 -0.000226851 0
8.61954e-05 3 226.168 -0.000154556 0
8.61954e-05 3 320.87 -0.000103609 0
8.61954e-05 3 455.227 -7.05557e-05 0
8.61954e-05 3 645.842 -4.87561e-05 0
8.61954e-05 3 916.274 -3.26283e-05 0
8.61954e-05 3 1299.94 -2.18785e-05 0
8.61954e-05 3 1844.26 -1.48295e-05 0
8.61954e-05 3 2616.5 -1.01235e-05 0
8.61954e-05 3 3712.11 -6.75856e-06 0
8.61954e-05 3 5266.46 -4.47355e-06 0
8.61954e-05 3 7471.67 -2.9498e-06 0
8.61954e-05 3 10600.3 -1.93264e-06 0
8.61954e-05 3 15038.9 -1.25398e-06 0
8.61954e-05 3 21336 -8.03281e-07 0
8.61954e-05 3 30270 -5.0658e-07 0
8.61954e-05 3 42944.9 -3.13702e-07 0
8.61954e-05 3 60927 -1.90313e-07 0
8.61954e-05 3 86438.8 -1.12923e-07 0
8.61954e-05 3 122633 -6.5589e-08 0
8.61954e-05 3 173983 -3.75131e-08 0
8.61954e-05 3 246834 -2.10845e-08 0
8.61954e-05 3 350190 -1.14285e-08 0
8.61954e-05 3 496824 -5.97979e-09 0
8.61954e-05 3 704857 -2.90403e-09 0
8.61954e-05 3 1e+06 -1.09468e-09 0

0.000210175 3 1e-06 -0.840128 0
0.000210175 3 1.41873e-06 -0.840128 0
0.000210175 3 2.01279e-06 -0.840127 0
0.000210175 3 2.85559e-06 -0.840126 0
0.000210175 3 4.0513e-06 -0.840124 0
0.000210175 3 5.74769e-06 -0.840122 0
0.000210175 3 8.15441e-06 -0.840119 0
0.000210175 3 1.15689e-05 -0.840115 0
0.000210175 3 1.64131e-05 -0.840108 0
0.000210175 3 2.32857e-05 -0.8401 0
0.000210175 3 3.3036e-05 -0.840087 0
0.000210175 3 4.6869e-05 -0.84007 0
0.000210175 3 6.64944e-05 -0.840045 0
0.000210175 3 9.43373e-05 -0.840009 0
0.000210175 3 0.000133839 -0.839959 0
0.000210175 3 0.000189881 -0.839887 0
0.000210175 3 0.000269389 -0.839786 0
0.000210175 3 0.000382189 -0.839643 0
0.000210175 3 0.000542222 -0.839439 0
0.000210175 3 0.000769265 -0.83915 0
0.000210175 3 0.00109138 -0.83874 0
0.000210175 3 0.00154837 -0.838159 0
0.000210175 3 0.00219671 -0.837335 0
0.000210175 3 0.00311653 -0.836167 0
0.000210175 3 0.0044215 -0.834512 0
0.000210175 3 0.0062729 -0.83217 0
0.000210175 3 0.00889953 -0.828857 0
0.000210175 3 0.012626 -0.824177 0
0.000210175 3 0.0179128 -0.817577 0
0.000210175 3 0.0254134 -0.808295 0
0.000210175 3 0.0360547 -0.795291 0
0.000210175 3 0.0511518 -0.777173 0
0.000210175 3 0.0725704 -0.752128 0
0.000210175 3 0.102958 -0.717926 0
0.000210175 3 0.146069 -0.672024 0
0.000210175 3 0.207231 -0.611981 0
0.000210175 3 0.294005 -0.536395 0
0.000210175 3 0.417112 -0.446353 0
0.000210175 3 0.591769 -0.347313 0
0.000210175 3 0.839558 -0.250005 0
0.000210175 3 1.1911 -0.167497 0
0.000210175 3 1.68985 -0.107574 0
0.000210175 3 2.39743 -0.0678677 0
0.000210175 3 3.4013 -0.0410079 0
0.000210175 3 4.82552 -0.0240497 0
0.000210175 3 6.8461 -0.0157551 0
0.000210175 3 9.71274 -0.00899958 0
0.000210175 3 13.7797 -0.00469104 0
0.000210175 3 19.5497 -0.00350092 0
0.000210175 3 27.7356 -0.00190036 0
0.000210175 3 39.3493 -0.00110615 0
0.000210175 3 55.8259 -0.000740435 0
0.000210175 3 79.2016 -0.000485929 0
0.000210175 3 112.365 -0.000327979 0
0.000210175 3 159.416 -0.000226851 0
0.000210175 3 226.168 -0.000154556 0
0.000210175 3 320.87 -0.000103609 0
0.000210175 3 455.227 -7.05557e-05 0
0.000210175 3 645.842 -4.87561e-05 0
0.000210175 3 916.274 -3.26283e-05 0
0.000210175 3 1299.94 -2.18785e-05 0
0.000210175 3 1844.26 -1.48295e-05 0
0.000210175 3 2616.5 -1.01235e-05 0
0.000210175 3 3712.11 -6.75856e-06 0
0.000210175 3 5266.46 -4.47355e-06 0
0.000210175 3 7471.67 -2.9498e-06 0
0.000210175 3 10600.3 -1.93264e-06 0
0.000210175 3 15038.9 -1.25398e-06 0
0.000210175 3 21336 -8.03281e-07 0
0.000210175 3 30270 -5.0658e-07 0
0.000210175 3 42944.9 -3.13702e-07 0
0.000210175 3 60927 -1.90313e-07 0
0.000210175 3 86438.8 -1.12923e-07 0
0.000210175 3 122633 -6.5589e-08 0
0.000210175 3 173983 -3.75131e-08 0
0.000210175 3 246834 -2.10845e-08 0
0.000210175 3 350190 -1.14285e-08 0
0.000210175 3 496824 -5.97979e-09 0
0.000210175 3 704857 -2.90403e-09 0
0.000210175 3 1e+06 -1.09468e-09 0

0.000512481 3 1e-06 -0.840091 0
0.000512481 3 1.41873e-06 -0.84009 0
0.000512481 3 2.01279e-06 -0.84009 0
0.000512481 3 2.85559e-06 -0.840089 0
0.000512481 3 4.0513e-06 -0.840087 0
0.000512481 3 5.74769e-06 -0.840085 0
0.000512481 3 8.15441e-06 -0.840082 0
0.000512481 3 1.15689e-05 -0.840077 0
0.000512481 3 1.64131e-05 -0.840071 0
0.000512481 3 2.32857e-05 -0.840063 0
0.000512481 3 3.3036e-05 -0.84005 0
0.000512481 3 4.6869e-05 -0.840032 0
0.000512481 3 6.64944e-05 -0.840007 0
0.000512481 3 9.43373e-05 -0.839972 0
0.000512481 3 0.000133839 -0.839922 0
0.000512481 3 0.000189881 -0.83985 0
0.000512481 3 0.000269389 -0.839749 0
0.000512481 3 0.000382189 -0.839605 0
0.000512481 3 0.000542222 -0.839402 0
0.000512481 3 0.000769265 -0.839113 0
0.000512481 3 0.00109138 -0.838703 0
0.000512481 3 0.00154837 -0.838121 0
0.000512481 3 0.00219671 -0.837297 0
0.000512481 3 0.00311653 -0.83613 0
0.000512481 3 0.0044215 -0.834475 0
0.000512481 3 0.0062729 -0.832133 0
0.000512481 3 0.00889953 -0.82882 0
0.000512481 3 0.012626 -0.82414 0
0.000512481 3 0.0179128 -0.817541 0
0.000512481 3 0.0254134 -0.808259 0
0.000512481 3 0.0360547 -0.795256 0
0.000512481 3 0.0511518 -0.777138 0
0.000512481 3 0.0725704 -0.752095 0
0.000512481 3 0.102958 -0.717895 0
0.000512481 3 0.146069 -0.671995 0
0.000512481 3 0.207231 -0.611956 0
0.000512481 3 0.294005 -0.536374 0
0.000512481 3 0.417112 -0.446337 0
0.000512481 3 0.591769 -0.347302 0
0.000512481 3 0.839558 -0.249999 0
0.000512481 3 1.1911 -0.167493 0
0.000512481 3 1.68985 -0.107571 0
0.000512481 3 2.39743 -0.0678662 0
0.000512481 3 3.4013 -0.0410072 0
0.000512481 3 4.82552 -0.0240493 0
0.000512481 3 6.8461 -0.0157549 0
0.000512481 3 9.71274 -0.0089995 0
0.000512481 3 13.7797 -0.00469101 0
0.000512481 3 19.5497 -0.0035009 0
0.000512481 3 27.7356 -0.00190035 0
0.000512481 3 39.3493 -0.00110614 0
0.000512481 3 55.8259 -0.000740434 0
0.000512481 3 79.2016 -0.000485929 0
0.000512481 3 112.365 -0.000327978 0
0.000512481 3 159.416 -0.00022685 0
0.000512481 3 226.168 -0.000154556 0
0.000512481 3 320.87 -0.000103609 0
0.000512481 3 455.227 -7.05557e-05 0
0.000512481 3 645.842 -4.87561e-05 0
0.000512481 3 916.274 -3.26283e-05 0
0.000512481 3 1299.94 -2.18785e-05 0
0.000512481 3 1844.26 -1.48295e-05 0
0.000512481 3 2616.5 -1.01235e-05 0
0.000512481 3 3712.11 -6.75855e-06 0
0.000512481 3 5266.46 -4.47355e-06 0
0.000512481 3 7471.67 -2.9498e-06 0
0.000512481 3 10600.3 -1.93264e-06 0
0.000512481 3 15038.9 -1.25398e-06 0
0.000512481 3 21336 -8.03281e-07 0
0.000512481 3 30270 -5.0658e-07 0
0.000512481 3 42944.9 -3.13702e-07 0
0.000512481 3 60927 -1.90313e-07 0
0.000512481 3 86438.8 -1.12923e-07 0
0.000512481 3 122633 -6.5589e-08 0
0.000512481 3 173983 -3.75131e-08 0
0.000512481 3 246834 -2.10845e-08 0
0.000512481 3 350190 -1.14285e-08 0
0.000512481 3 496824 -5.97979e-09 0
0.000512481 3 704857 -2.90403e-09 0
0.000512481 3 1e+06 -1.09468e-09 0

0.00124961 3 1e-06 -0.839982 0
0.00124961 3 1.41873e-06 -0.839982 0
0.00124961 3 2.01279e-06 -0.839981 0
0.00124961 3 2.85559e-06 -0.83998 0
0.00124961 3 4.0513e-06 -0.839979 0
0.00124961 3 5.74769e-06 -0.839976 0
0.00124961 3 8.15441e-06 -0.839973 0
0.00124961 3 1.15689e-05 -0.839969 0
0.00124961 3 1.64131e-05 -0.839963 0
0.00124961 3 2.32857e-05 -0.839954 0
0.00124961 3 3.3036e-05 -0.839942 0
0.00124961 3 4.6869e-05 -0.839924 0
0.00124961 3 6.64944e-05 -0.839899 0
0.00124961 3 9.43373e-05 -0.839864 0
0.00124961 3 0.000133839 -0.839813 0
0.00124961 3 0.000189881 -0.839742 0
0.00124961 3 0.000269389 -0.839641 0
0.00124961 3 0.000382189 -0.839497 0
0.00124961 3 0.000542222 -0.839293 0
0.00124961 3 0.000769265 -0.839004 0
0.00124961 3 0.00109138 -0.838594 0
0.00124961 3 0.00154837 -0.838013 0
0.00124961 3 0.00219671 -0.837189 0
0.00124961 3 0.00311653 -0.836022 0
0.00124961 3 0.0044215 -0.834368 0
0.00124961 3 0.0062729 -0.832026 0
0.00124961 3 0.00889953 -0.828713 0
0.00124961 3 0.012626 -0.824034 0
0.00124961 3 0.0179128 -0.817436 0
0.00124961 3 0.0254134 -0.808155 0
0.00124961 3 0.0360547 -0.795154 0
0.00124961 3 0.0511518 -0.777039 0
0.00124961 3 0.0725704 -0.751999 0
0.00124961 3 0.102958 -0.717805 0
0.00124961 3 0.146069 -0.671912 0
0.00124961 3 0.207231 -0.611882 0
0.00124961 3 0.294005 -0.536313 0
0.00124961 3 0.417112 -0.44629 0
0.00124961 3 0.591769 -0.347271 0
0.00124961 3 0.839558 -0.24998 0
0.00124961 3 1.1911 -0.167483 0
0.00124961 3 1.68985 -0.107566 0
0.00124961 3 2.39743 -0.0678628 0
0.00124961 3 3.4013 -0.0410053 0
0.00124961 3 4.82552 -0.0240485 0
0.00124961 3 6.8461 -0.0157545 0
0.00124961 3 9.71274 -0.0089993 0
0.00124961 3 13.7797 -0.00469092 0
0.00124961 3 19.5497 -0.00350086 0
0.00124961 3 27.7356 -0.00190033 0
0.00124961 3 39.3493 -0.00110614 0
0.00124961 3 55.8259 -0.000740429 0
0.00124961 3 79.2016 -0.000485926 0
0.00124961 3 112.365 -0.000327977 0
0.00124961 3 159.416 -0.00022685 0
0.00124961 3 226.168 -0.000154556 0
0.00124961 3 320.87 -0.000103609 0
0.00124961 3 455.227 -7.05556e-05 0
0.00124961 3 645.842 -4.87561e-05 0
0.00124961 3 916.274 -3.26282e-05 0
0.00124961 3 1299.94 -2.18785e-05 0
0.00124961 3 1844.26 -1.48295e-05 0
0.00124961 3 2616.5 -1.01235e-05 0
0.00124961 3 3712.11 -6.75855e-06 0
0.00124961 3 5266.46 -4.47355e-06 0
0.00124961 3 7471.67 -2.9498e-06 0
0.00124961 3 10600.3 -1.93264e-06 0
0.00124961 3 15038.9 -1.25398e-06 0
0.00124961 3 21336 -8.03281e-07 0
0.00124961 3 30270 -5.0658e-07 0
0.00124961 3 42944.9 -3.13702e-07 0
0.00124961 3 60927 -1.90313e-07 0
0.00124961 3 86438.8 -1.12923e-07 0
0.00124961 3 122633 -6.5589e-08 0
0.00124961 3 173983 -3.75131e-08 0
0.00124961 3 246834 -2.10845e-08 0
0.00124961 3 350190 -1.14285e-08 0
0.00124961 3 496824 -5.97979e-09 0
0.00124961 3 704857 -2.90403e-09 0
0.00124961 3 1e+06 -1.09468e-09 0

0.00304699 3 1e-06 -0.839735 0
0.00304699 3 1.41873e-06 -0.839734 0
0.00304699 3 2.01279e-06 -0.839733 0
0.00304699 3 2.85559e-06 -0.839732 0
0.00304699 3 4.0513e-06 -0.839731 0
0.00304699 3 5.74769e-06 -0.839729 0
0.00304699 3 8.15441e-06 -0.839726 0
0.00304699 3 1.15689e-05 -0.839721 0
0.00304699 3 1.64131e-05 -0.839715 0
0.00304699 3 2.32857e-05 -0.839706 0
0.00304699 3 3.3036e-05 -0.839694 0
0.00304699 3 4.6869e-05 -0.839676 0
0.00304699 3 6.64944e-05 -0.839651 0
0.00304699 3 9.43373e-05 -0.839616 0
0.00304699 3 0.000133839 -0.839566 0
0.00304699 3 0.000189881 -0.839494 0
0.00304699 3 0.000269389 -0.839393 0
0.00304699 3 0.000382189 -0.839249 0
0.00304699 3 0.000542222 -0.839046 0
0.00304699 3 0.000769265 -0.838757 0
0.00304699 3 0.00109138 -0.838347 0
0.00304699 3 0.00154837 -0.837766 0
0.00304699 3 0.00219671 -0.836943 0
0.00304699 3 0.00311653 -0.835775 0
0.00304699 3 0.0044215 -0.834122 0
0.00304699 3 0.0062729 -0.83178 0
0.00304699 3 0.00889953 -0.828469 0
0.00304699 3 0.012626 -0.823791 0
0.00304699 3 0.0179128 -0.817195 0
0.00304699 3 0.0254134 -0.807918 0
0.00304699 3 0.0360547 -0.79492 0
0.00304699 3 0.0511518 -0.776811 0
0.00304699 3 0.0725704 -0.75178 0
0.00304699 3 0.102958 -0.717597 0
0.00304699 3 0.146069 -0.67172 0
0.00304699 3 0.207231 -0.611712 0
0.00304699 3 0.294005 -0.536169 0
0.00304699 3 0.417112 -0.446179 0
0.00304699 3 0.591769 -0.347193 0
0.00304699 3 0.839558 -0.249932 0
0.00304699 3 1.1911 -0.167456 0
0.00304699 3 1.68985 -0.10755 0
0.00304699 3 2.39743 -0.0678542 0
0.00304699 3 3.4013 -0.0410007 0
0.00304699 3 4.82552 -0.0240463 0
0.00304699 3 6.8461 -0.0157533 0
0.00304699 3 9.71274 -0.00899881 0
0.00304699 3 13.7797 -0.00469073 0
0.00304699 3 19.5497 -0.00350074 0
0.00304699 3 27.7356 -0.00190029 0
0.00304699 3 39.3493 -0.00110611 0
0.00304699 3 55.8259 -0.000740419 0
0.00304699 3 79.2016 -0.000485921 0
0.00304699 3 112.365 -0.000327974 0
0.00304699 3 159.416 -0.000226848 0
0.00304699 3 226.168 -0.000154555 0
0.00304699 3 320.87 -0.000103609 0
0.00304699 3 455.227 -7.05554e-05 0
0.00304699 3 645.842 -4.8756e-05 0
0.00304699 3 916.274 -3.26282e-05 0
0.00304699 3 1299.94 -2.18785e-05 0
0.00304699 3 1844.26 -1.48295e-05 0
0.00304699 3 2616.5 -1.01235e-05 0
0.00304699 3 3712.11 -6.75855e-06 0
0.00304699 3 5266.46 -4.47355e-06 0
0.00304699 3 7471.67 -2.9498e-06 0
0.00304699 3 10600.3 -1.93264e-06 0
0.00304699 3 15038.9 -1.25398e-06 0
0.00304699 3 21336 -8.03281e-07 0
0.00304699 3 30270 -5.0658e-07 0
0.00304699 3 42944.9 -3.13702e-07 0
0.00304699 3 60927 -1.90313e-07 0
0.00304699 3 86438.8 -1.12923e-07 0
0.00304699 3 122633 -6.5589e-08 0
0.00304699 3 173983 -3.75131e-08 0
0.00304699 3 246834 -2.10845e-08 0
0.00304699 3 350190 -1.14285e-08 0
0.00304699 3 496824 -5.97979e-09 0
0.00304699 3 704857 -2.90403e-09 0
0.00304699 3 1e+06 -1.09468e-09 0

0.00742964 3 1e-06 -0.839154 0
0.00742964 3 1.41873e-06 -0.839154 0
0.00742964 3 2.01279e-06 -0.839153 0
0.00742964 3 2.85559e-06 -0.839152 0
0.00742964 3 4.0513e-06 -0.83915 0
0.00742964 3 5.74769e-06 -0.839148 0
0.00742964 3 8.15441e-06 -0.839145 0
0.00742964 3 1.15689e-05 -0.839141 0
0.00742964 3 1.64131e-05 -0.839135 0
0.00742964 3 2.32857e-05 -0.839126 0
0.00742964 3 3.3036e-05 -0.839113 0
0.00742964 3 4.6869e-05 -0.839096 0
0.00742964 3 6.64944e-05 -0.839071 0
0.00742964 3 9.43373e-05 -0.839035 0
0.00742964 3 0.000133839 -0.838985 0
0.00742964 3 0.000189881 -0.838914 0
0.00742964 3 0.000269389 -0.838813 0
0.00742964 3 0.000382189 -0.838669 0
0.00742964 3 0.000542222 -0.838466 0
0.00742964 3 0.000769265 -0.838177 0
0.00742964 3 0.00109138 -0.837768 0
0.00742964 3 0.00154837 -0.837187 0
0.00742964 3 0.00219671 -0.836364 0
0.00742964 3 0.00311653 -0.835197 0
0.00742964 3 0.0044215 -0.833545 0
0.00742964 3 0.0062729 -0.831206 0
0.00742964 3 0.00889953 -0.827896 0
0.00742964 3 0.012626 -0.823222 0
0.00742964 3 0.0179128 -0.81663 0
0.00742964 3 0.0254134 -0.80736 0
0.00742964 3 0.0360547 -0.794372 0
0.00742964 3 0.0511518 -0.776276 0
0.00742964 3 0.0725704 -0.751265 0
0.00742964 3 0.102958 -0.717109 0
0.00742964 3 0.146069 -0.671269 0
0.00742964 3 0.207231 -0.611311 0
0.00742964 3 0.294005 -0.535833 0
0.00742964 3 0.417112 -0.445918 0
0.00742964 3 0.591769 -0.34701 0
0.00742964 3 0.839558 -0.249818 0
0.00742964 3 1.1911 -0.167391 0
0.00742964 3 1.68985 -0.107513 0
0.00742964 3 2.39743 -0.0678331 0
0.00742964 3 3.4013 -0.0409896 0
0.00742964 3 4.82552 -0.024041 0
0.00742964 3 6.8461 -0.0157506 0
0.00742964 3 9.71274 -0.00899761 0
0.00742964 3 13.7797 -0.00469024 0
0.00742964 3 19.5497 -0.00350047 0
0.00742964 3 27.7356 -0.00190018 0
0.00742964 3 39.3493 -0.00110606 0
0.00742964 3 55.8259 -0.000740393 0
0.00742964 3 79.2016 -0.000485908 0
0.00742964 3 112.365 -0.000327967 0
0.00742964 3 159.416 -0.000226845 0
0.00742964 3 226.168 -0.000154553 0
0.00742964 3 320.87 -0.000103608 0
0.00742964 3 455.227 -7.05549e-05 0
0.00742964 3 645.842 -4.87557e-05 0
0.00742964 3 916.274 -3.26281e-05 0
0.00742964 3 1299.94 -2.18784e-05 0
0.00742964 3 1844.26 -1.48294e-05 0
0.00742964 3 2616.5 -1.01235e-05 0
0.00742964 3 3712.11 -6.75854e-06 0
0.00742964 3 5266.46 -4.47354e-06 0
0.00742964 3 7471.67 -2.9498e-06 0
0.00742964 3 10600.3 -1.93264e-06 0
0.00742964 3 15038.9 -1.25398e-06 0
0.00742964 3 21336 -8.0328e-07 0
0.00742964 3 30270 -5.0658e-07 0
0.00742964 3 42944.9 -3.13702e-07 0
0.00742964 3 60927 -1.90313e-07 0
0.00742964 3 86438.8 -1.12923e-07 0
0.00742964 3 122633 -6.5589e-08 0
0.00742964 3 173983 -3.75131e-08 0
0.00742964 3 246834 -2.10845e-08 0
0.00742964 3 350190 -1.14285e-08 0
0.00742964 3 496824 -5.97979e-09 0
0.00742964 3 704857 -2.90403e-09 0
0.00742964 3 1e+06 -1.09468e-09 0

0.0181161 3 1e-06 -0.837731 0
0.0181161 3 1.41873e-06 -0.837731 0
0.0181161 3 2.01279e-06 -0.83773 0
0.0181161 3 2.85559e-06 -0.837729 0
0.0181161 3 4.0513e-06 -0.837727 0
0.0181161 3 5.74769e-06 -0.837725 0
0.0181161 3 8.15441e-06 -0.837722 0
0.0181161 3 1.15689e-05 -0.837718 0
0.0181161 3 1.64131e-05 -0.837711 0
0.0181161 3 2.32857e-05 -0.837703 0
0.0181161 3 3.3036e-05 -0.83769 0
0.0181161 3 4.6869e-05 -0.837673 0
0.0181161 3 6.64944e-05 -0.837648 0
0.0181161 3 9.43373e-05 -0.837612 0
0.0181161 3 0.000133839 -0.837562 0
0.0181161 3 0.000189881 -0.837491 0
0.0181161 3 0.000269389 -0.83739 0
0.0181161 3 0.000382189 -0.837247 0
0.0181161 3 0.000542222 -0.837044 0
0.0181161 3 0.000769265 -0.836756 0
0.0181161 3 0.00109138 -0.836347 0
0.0181161 3 0.00154837 -0.835767 0
0.0181161 3 0.00219671 -0.834946 0
0.0181161 3 0.00311653 -0.833781 0
0.0181161 3 0.0044215 -0.832132 0
0.0181161 3 0.0062729 -0.829796 0
0.0181161 3 0.00889953 -0.826493 0
0.0181161 3 0.012626 -0.821827 0
0.0181161 3 0.0179128 -0.815247 0
0.0181161 3 0.0254134 -0.805993 0
0.0181161 3 0.0360547 -0.793029 0
0.0181161 3 0.0511518 -0.774967 0
0.0181161 3 0.0725704 -0.750003 0
0.0181161 3 0.102958 -0.715914 0
0.0181161 3 0.146069 -0.670166 0
0.0181161 3 0.207231 -0.610332 0
0.0181161 3 0.294005 -0.53501 0
0.0181161 3 0.417112 -0.44528 0
0.0181161 3 0.591769 -0.346565 0
0.0181161 3 0.839558 -0.249542 0
0.0181161 3 1.1911 -0.167232 0
0.0181161 3 1.68985 -0.107424 0
0.0181161 3 2.39743 -0.0677818 0
0.0181161 3 3.4013 -0.0409625 0
0.0181161 3 4.82552 -0.0240281 0
0.0181161 3 6.8461 -0.0157439 0
0.0181161 3 9.71274 -0.00899467 0
0.0181161 3 13.7797 -0.00468905 0
0.0181161 3 19.5497 -0.00349979 0
0.0181161 3 27.7356 -0.00189991 0
0.0181161 3 39.3493 -0.00110594 0
0.0181161 3 55.8259 -0.000740329 0
0.0181161 3 79.2016 -0.000485875 0
0.0181161 3 112.365 -0.000327951 0
0.0181161 3 159.416 -0.000226836 0
0.0181161 3 226.168 -0.000154548 0
0.0181161 3 320.87 -0.000103605 0
0.0181161 3 455.227 -7.05537e-05 0
0.0181161 3 645.842 -4.87551e-05 0
0.0181161 3 916.274 -3.26277e-05 0
0.0181161 3 1299.94 -2.18782e-05 0
0.0181161 3 1844.26 -1.48293e-05 0
0.0181161 3 2616.5 -1.01234e-05 0
0.0181161 3 3712.11 -6.75852e-06 0
0.0181161 3 5266.46 -4.47353e-06 0
0.0181161 3 7471.67 -2.94979e-06 0
0.0181161 3 10600.3 -1.93264e-06 0
0.0181161 3 15038.9 -1.25398e-06 0
0.0181161 3 21336 -8.0328e-07 0
0.0181161 3 30270 -5.0658e-07 0
0.0181161 3 42944.9 -3.13702e-07 0
0.0181161 3 60927 -1.90313e-07 0
0.0181161 3 86438.8 -1.12923e-07 0
0.0181161 3 122633 -6.5589e-08 0
0.0181161 3 173983 -3.75131e-08 0
0.0181161 3 246834 -2.10845e-08 0
0.0181161 3 350190 -1.14285e-08 0
0.0181161 3 496824 -5.97979e-09 0
0.0181161 3 704857 -2.90403e-09 0
0.0181161 3 1e+06 -1.09468e-09 0

0.0441734 3 1e-06 -0.834182 0
0.0441734 3 1.41873e-06 -0.834181 0
0.0441734 3 2.01279e-06 -0.83418 0
0.0441734 3 2.85559e-06 -0.834179 0
0.0441734 3 4.0513e-06 -0.834178 0
0.0441734 3 5.74769e-06 -0.834176 0
0.0441734 3 8.15441e-06 -0.834172 0
0.0441734 3 1.15689e-05 -0.834168 0
0.0441734 3 1.64131e-05 -0.834162 0
0.0441734 3 2.32857e-05 -0.834153 0
0.0441734 3 3.3036e-05 -0.834141 0
0.0441734 3 4.6869e-05 -0.834124 0
0.0441734 3 6.64944e-05 -0.834099 0
0.0441734 3 9.43373e-05 -0.834063 0
0.0441734 3 0.000133839 -0.834014 0
0.0441734 3 0.000189881 -0.833943 0
0.0441734 3 0.000269389 -0.833842 0
0.0441734 3 0.000382189 -0.8337 0
0.0441734 3 0.000542222 -0.833497 0
0.0441734 3 0.000769265 -0.83321 0
0.0441734 3 0.00109138 -0.832803 0
0.0441734 3 0.00154837 -0.832226 0
0.0441734 3 0.00219671 -0.831408 0
0.0441734 3 0.00311653 -0.830249 0
0.0441734 3 0.0044215 -0.828607 0
0.0441734 3 0.0062729 -0.826282 0
0.0441734 3 0.00889953 -0.822993 0
0.0441734 3 0.012626 -0.818348 0
0.0441734 3 0.0179128 -0.811797 0
0.0441734 3 0.0254134 -0.802585 0
0.0441734 3 0.0360547 -0.789681 0
0.0441734 3 0.0511518 -0.771704 0
0.0441734 3 0.0725704 -0.746859 0
0.0441734 3 0.102958 -0.712936 0
0.0441734 3 0.146069 -0.667419 0
0.0441734 3 0.207231 -0.607892 0
0.0441734 3 0.294005 -0.532963 0
0.0441734 3 0.417112 -0.443694 0
0.0441734 3 0.591769 -0.345459 0
0.0441734 3 0.839558 -0.248856 0
0.0441734 3 1.1911 -0.166842 0
0.0441734 3 1.68985 -0.107203 0
0.0441734 3 2.39743 -0.0676563 0
0.0441734 3 3.4013 -0.0408962 0
0.0441734 3 4.82552 -0.0239965 0
0.0441734 3 6.8461 -0.0157276 0
0.0441734 3 9.71274 -0.0089875 0
0.0441734 3 13.7797 -0.00468615 0
0.0441734 3 19.5497 -0.00349815 0
0.0441734 3 27.7356 -0.00189925 0
0.0441734 3 39.3493 -0.00110564 0
0.0441734 3 55.8259 -0.000740173 0
0.0441734 3 79.2016 -0.000485796 0
0.0441734 3 112.365 -0.00032791 0
0.0441734 3 159.416 -0.000226814 0
0.0441734 3 226.168 -0.000154537 0
0.0441734 3 320.87 -0.0001036 0
0.0441734 3 455.227 -7.05509e-05 0
0.0441734 3 645.842 -4.87536e-05 0
0.0441734 3 916.274 -3.2627e-05 0
0.0441734 3 1299.94 -2.18779e-05 0
0.0441734 3 1844.26 -1.48292e-05 0
0.0441734 3 2616.5 -1.01233e-05 0
0.0441734 3 3712.11 -6.75847e-06 0
0.0441734 3 5266.46 -4.47351e-06 0
0.0441734 3 7471.67 -2.94978e-06 0
0.0441734 3 10600.3 -1.93263e-06 0
0.0441734 3 15038.9 -1.25398e-06 0
0.0441734 3 21336 -8.03279e-07 0
0.0441734 3 30270 -5.06579e-07 0
0.0441734 3 42944.9 -3.13701e-07 0
0.0441734 3 60927 -1.90313e-07 0
0.0441734 3 86438.8 -1.12923e-07 0
0.0441734 3 122633 -6.5589e-08 0
0.0441734 3 173983 -3.75131e-08 0
0.0441734 3 246834 -2.10845e-08 0
0.0441734 3 350190 -1.14285e-08 0
0.0441734 3 496824 -5.97979e-09 0
0.0441734 3 704857 -2.90403e-09 0
0.0441734 3 1e+06 -1.09468e-09 0

0.107711 3 1e-06 -0.825075 0
0.107711 3 1.41873e-06 -0.825075 0
0.107711 3 2.01279e-06 -0.825074 0
0.107711 3 2.85559e-06 -0.825073 0
0.107711 3 4.0513e-06 -0.825071 0
0.107711 3 5.74769e-06 -0.825069 0
0.107711 3 8.15441e-06 -0.825066 0
0.107711 3 1.15689e-05 -0.825062 0
0.107711 3 1.64131e-05 -0.825056 0
0.107711 3 2.32857e-05 -0.825047 0
0.107711 3 3.3036e-05 -0.825035 0
0.107711 3 4.6869e-05 -0.825018 0
0.107711 3 6.64944e-05 -0.824993 0
0.107711 3 9.43373e-05 -0.824958 0
0.107711 3 0.000133839 -0.824909 0
0.107711 3 0.000189881 -0.824839 0
0.107711 3 0.000269389 -0.82474 0
0.107711 3 0.000382189 -0.824599 0
0.107711 3 0.000542222 -0.824399 0
0.107711 3 0.000769265 -0.824115 0
0.107711 3 0.00109138 -0.823713 0
0.107711 3 0.00154837 -0.823142 0
0.107711 3 0.00219671 -0.822334 0
0.107711 3 0.00311653 -0.821188 0
0.107711 3 0.0044215 -0.819565 0
0.107711 3 0.0062729 -0.817267 0
0.107711 3 0.00889953 -0.814016 0
0.107711 3 0.012626 -0.809425 0
0.107711 3 0.0179128 -0.802952 0
0.107711 3 0.0254134 -0.793849 0
0.107711 3 0.0360547 -0.7811 0
0.107711 3 0.0511518 -0.763342 0
0.107711 3 0.0725704 -0.738806 0
0.107711 3 0.102958 -0.705315 0
0.107711 3 0.146069 -0.66039 0
0.107711 3 0.207231 -0.601654 0
0.107711 3 0.294005 -0.527729 0
0.107711 3 0.417112 -0.43964 0
0.107711 3 0.591769 -0.342635 0
0.107711 3 0.839558 -0.247112 0
0.107711 3 1.1911 -0.165861 0
0.107711 3 1.68985 -0.106658 0
0.107711 3 2.39743 -0.0673489 0
0.107711 3 3.4013 -0.0407344 0
0.107711 3 4.82552 -0.0239194 0
0.107711 3 6.8461 -0.0156877 0
0.107711 3 9.71274 -0.00897 0
0.107711 3 13.7797 -0.00467905 0
0.107711 3 19.5497 -0.00349412 0
0.107711 3 27.7356 -0.00189765 0
0.107711 3 39.3493 -0.00110489 0
0.107711 3 55.8259 -0.000739792 0
0.107711 3 79.2016 -0.000485604 0
0.107711 3 112.365 -0.00032781 0
0.107711 3 159.416 -0.000226762 0
0.107711 3 226.168 -0.00015451 0
0.107711 3 320.87 -0.000103586 0
0.107711 3 455.227 -7.05438e-05 0
0.107711 3 645.842 -4.875e-05 0
0.107711 3 916.274 -3.26252e-05 0
0.107711 3 1299.94 -2.1877e-05 0
0.107711 3 1844.26 -1.48287e-05 0
0.107711 3 2616.5 -1.01231e-05 0
0.107711 3 3712.11 -6.75836e-06 0
0.107711 3 5266.46 -4.47345e-06 0
0.107711 3 7471.67 -2.94975e-06 0
0.107711 3 10600.3 -1.93262e-06 0
0.107711 3 15038.9 -1.25397e-06 0
0.107711 3 21336 -8.03275e-07 0
0.107711 3 30270 -5.06578e-07 0
0.107711 3 42944.9 -3.13701e-07 0
0.107711 3 60927 -1.90313e-07 0
0.107711 3 86438.8 -1.12923e-07 0
0.107711 3 122633 -6.55889e-08 0
0.107711 3 173983 -3.75131e-08 0
0.107711 3 246834 -2.10845e-08 0
0.107711 3 350190 -1.14285e-08 0
0.107711 3 496824 -5.97979e-09 0
0.107711 3 704857 -2.90403e-09 0
0.107711 3 1e+06 -1.09468e-09 0

0.262636 3 1e-06 -0.80058 0
0.262636 3 1.41873e-06 -0.800579 0
0.262636 3 2.01279e-06 -0.800579 0
0.262636 3 2.85559e-06 -0.800578 0
0.262636 3 4.0513e-06 -0.800576 0
0.262636 3 5.74769e-06 -0.800574 0
0.262636 3 8.15441e-06 -0.800571 0
0.262636 3 1.15689e-05 -0.800567 0
0.262636 3 1.64131e-05 -0.800561 0
0.262636 3 2.32857e-05 -0.800553 0
0.262636 3 3.3036e-05 -0.800541 0
0.262636 3 4.6869e-05 -0.800525 0
0.262636 3 6.64944e-05 -0.800501 0
0.262636 3 9.43373e-05 -0.800467 0
0.262636 3 0.000133839 -0.800419 0
0.262636 3 0.000189881 -0.800352 0
0.262636 3 0.000269389 -0.800255 0
0.262636 3 0.000382189 -0.800119 0
0.262636 3 0.000542222 -0.799925 0
0.262636 3 0.000769265 -0.799651 0
0.262636 3 0.00109138 -0.799262 0
0.262636 3 0.00154837 -0.79871 0
0.262636 3 0.00219671 -0.797928 0
0.262636 3 0.00311653 -0.796819 0
0.262636 3 0.0044215 -0.795248 0
0.262636 3 0.0062729 -0.793025 0
0.262636 3 0.00889953 -0.789881 0
0.262636 3 0.012626 -0.785441 0
0.262636 3 0.0179128 -0.779181 0
0.262636 3 0.0254134 -0.770381 0
0.262636 3 0.0360547 -0.758059 0
0.262636 3 0.0511518 -0.740903 0
0.262636 3 0.0725704 -0.717213 0
0.262636 3 0.102958 -0.684896 0
0.262636 3 0.146069 -0.641574 0
0.262636 3 0.207231 -0.584966 0
0.262636 3 0.294005 -0.513732 0
0.262636 3 0.417112 -0.428799 0
0.262636 3 0.591769 -0.335089 0
0.262636 3 0.839558 -0.242481 0
0.262636 3 1.1911 -0.163303 0
0.262636 3 1.68985 -0.105283 0
0.262636 3 2.39743 -0.0665946 0
0.262636 3 3.4013 -0.0403401 0
0.262636 3 4.82552 -0.0237315 0
0.262636 3 6.8461 -0.0155904 0
0.262636 3 9.71274 -0.00892727 0
0.262636 3 13.7797 -0.00466172 0
0.262636 3 19.5497 -0.00348429 0
0.262636 3 27.7356 -0.00189373 0
0.262636 3 39.3493 -0.00110308 0
0.262636 3 55.8259 -0.000738863 0
0.262636 3 79.2016 -0.000485134 0
0.262636 3 112.365 -0.000327566 0
0.262636 3 159.416 -0.000226634 0
0.262636 3 226.168 -0.000154444 0
0.262636 3 320.87 -0.000103552 0
0.262636 3 455.227 -7.05266e-05 0
0.262636 3 645.842 -4.87412e-05 0
0.262636 3 916.274 -3.26207e-05 0
0.262636 3 1299.94 -2.18747e-05 0
0.262636 3 1844.26 -1.48276e-05 0
0.262636 3 2616.5 -1.01225e-05 0
0.262636 3 3712.11 -6.75807e-06 0
0.262636 3 5266.46 -4.47331e-06 0
0.262636 3 7471.67 -2.94968e-06 0
0.262636 3 10600.3 -1.93258e-06 0
0.262636 3 15038.9 -1.25396e-06 0
0.262636 3 21336 -8.03268e-07 0
0.262636 3 30270 -5.06574e-07 0
0.262636 3 42944.9 -3.13699e-07 0
0.262636 3 60927 -1.90312e-07 0
0.262636 3 86438.8 -1.12923e-07 0
0.262636 3 122633 -6.55888e-08 0
0.262636 3 173983 -3.7513e-08 0
0.262636 3 246834 -2.10844e-08 0
0.262636 3 350190 -1.14285e-08 0
0.262636 3 496824 -5.97979e-09 0
0.262636 3 704857 -2.90403e-09 0
0.262636 3 1e+06 -1.09468e-09 0

0.6404 3 1e-06 -0.732658 0
0.6404 3 1.41873e-06 -0.732658 0
0.6404 3 2.01279e-06 -0.732657 0
0.6404 3 2.85559e-06 -0.732656 0
0.6404 3 4.0513e-06 -0.732655 0
0.6404 3 5.74769e-06 -0.732653 0
0.6404 3 8.15441e-06 -0.73265 0
0.6404 3 1.15689e-05 -0.732647 0
0.6404 3 1.64131e-05 -0.732641 0
0.6404 3 2.32857e-05 -0.732634 0
0.6404 3 3.3036e-05 -0.732623 0
0.6404 3 4.6869e-05 -0.732608 0
0.6404 3 6.64944e-05 -0.732587 0
0.6404 3 9.43373e-05 -0.732556 0
0.6404 3 0.000133839 -0.732513 0
0.6404 3 0.000189881 -0.732452 0
0.6404 3 0.000269389 -0.732365 0
0.6404 3 0.000382189 -0.732242 0
0.6404 3 0.000542222 -0.732067 0
0.6404 3 0.000769265 -0.73182 0
0.6404 3 0.00109138 -0.731468 0
0.6404 3 0.00154837 -0.73097 0
0.6404 3 0.00219671 -0.730264 0
0.6404 3 0.00311653 -0.729263 0
0.6404 3 0.0044215 -0.727845 0
0.6404 3 0.0062729 -0.725839 0
0.6404 3 0.00889953 -0.723002 0
0.6404 3 0.012626 -0.718996 0
0.6404 3 0.0179128 -0.713352 0
0.6404 3 0.0254134 -0.70542 0
0.6404 3 0.0360547 -0.694321 0
0.6404 3 0.0511518 -0.678881 0
0.6404 3 0.0725704 -0.65758 0
0.6404 3 0.102958 -0.628557 0
0.6404 3 0.146069 -0.589697 0
0.6404 3 0.207231 -0.538962 0
0.6404 3 0.294005 -0.475104 0
0.6404 3 0.417112 -0.398794 0
0.6404 3 0.591769 -0.314128 0
0.6404 3 0.839558 -0.229623 0
0.6404 3 1.1911 -0.156334 0
0.6404 3 1.68985 -0.101712 0
0.6404 3 2.39743 -0.0647302 0
0.6404 3 3.4013 -0.0393838 0
0.6404 3 4.82552 -0.0232756 0
0.6404 3 6.8461 -0.0153541 0
0.6404 3 9.71274 -0.00882316 0
0.6404 3 13.7797 -0.00461935 0
0.6404 3 19.5497 -0.00346028 0
0.6404 3 27.7356 -0.00188413 0
0.6404 3 39.3493 -0.00109864 0
0.6404 3 55.8259 -0.000736587 0
0.6404 3 79.2016 -0.000483983 0
0.6404 3 112.365 -0.000326969 0
0.6404 3 159.416 -0.000226321 0
0.6404 3 226.168 -0.000154283 0
0.6404 3 320.87 -0.00010347 0
0.6404 3 455.227 -7.04846e-05 0
0.6404 3 645.842 -4.87196e-05 0
0.6404 3 916.274 -3.26099e-05 0
0.6404 3 1299.94 -2.18692e-05 0
0.6404 3 1844.26 -1.48248e-05 0
0.6404 3 2616.5 -1.01211e-05 0
0.6404 3 3712.11 -6.75738e-06 0
0.6404 3 5266.46 -4.47297e-06 0
0.6404 3 7471.67 -2.94951e-06 0
0.6404 3 10600.3 -1.9325e-06 0
0.6404 3 15038.9 -1.25392e-06 0
0.6404 3 21336 -8.03249e-07 0
0.6404 3 30270 -5.06566e-07 0
0.6404 3 42944.9 -3.13695e-07 0
0.6404 3 60927 -1.9031e-07 0
0.6404 3 86438.8 -1.12922e-07 0
0.6404 3 122633 -6.55885e-08 0
0.6404 3 173983 -3.75129e-08 0
0.6404 3 246834 -2.10844e-08 0
0.6404 3 350190 -1.14285e-08 0
0.6404 3 496824 -5.97978e-09 0
0.6404 3 704857 -2.90402e-09 0
0.6404 3 1e+06 -1.09468e-09 0

1.56152 3 1e-06 -0.566982 0
1.56152 3 1.41873e-06 -0.566982 0
1.56152 3 2.01279e-06 -0.566982 0
1.56152 3 2.85559e-06 -0.566981 0
1.56152 3 4.0513e-06 -0.56698 0
1.56152 3 5.74769e-06 -0.566979 0
1.56152 3 8.15441e-06 -0.566977 0
1.56152 3 1.15689e-05 -0.566974 0
1.56152 3 1.64131e-05 -0.56697 0
1.56152 3 2.32857e-05 -0.566965 0
1.56152 3 3.3036e-05 -0.566957 0
1.56152 3 4.6869e-05 -0.566946 0
1.56152 3 6.64944e-05 -0.56693 0
1.56152 3 9.43373e-05 -0.566908 0
1.56152 3 0.000133839 -0.566877 0
1.56152 3 0.000189881 -0.566832 0
1.56152 3 0.000269389 -0.566769 0
1.56152 3 0.000382189 -0.566679 0
1.56152 3 0.000542222 -0.566551 0
1.56152 3 0.000769265 -0.566371 0
1.56152 3 0.00109138 -0.566114 0
1.56152 3 0.00154837 -0.565751 0
1.56152 3 0.00219671 -0.565236 0
1.56152 3 0.00311653 -0.564506 0
1.56152 3 0.0044215 -0.563473 0
1.56152 3 0.0062729 -0.56201 0
1.56152 3 0.00889953 -0.559942 0
1.56152 3 0.012626 -0.557024 0
1.56152 3 0.0179128 -0.552913 0
1.56152 3 0.0254134 -0.547139 0
1.56152 3 0.0360547 -0.539067 0
1.56152 3 0.0511518 -0.527847 0
1.56152 3 0.0725704 -0.512385 0
1.56152 3 0.102958 -0.491341 0
1.56152 3 0.146069 -0.463181 0
1.56152 3 0.207231 -0.426395 0
1.56152 3 0.294005 -0.379938 0
1.56152 3 0.417112 -0.323953 0
1.56152 3 0.591769 -0.26082 0
1.56152 3 0.839558 -0.196128 0
1.56152 3 1.1911 -0.137906 0
1.56152 3 1.68985 -0.0924492 0
1.56152 3 2.39743 -0.0601216 0
1.56152 3 3.4013 -0.0370925 0
1.56152 3 4.82552 -0.0221874 0
1.56152 3 6.8461 -0.0147877 0
1.56152 3 9.71274 -0.00857206 0
1.56152 3 13.7797 -0.00451651 0
1.56152 3 19.5497 -0.00340186 0
1.56152 3 27.7356 -0.00186064 0
1.56152 3 39.3493 -0.00108775 0
1.56152 3 55.8259 -0.000731009 0
1.56152 3 79.2016 -0.000481161 0
1.56152 3 112.365 -0.000325506 0
1.56152 3 159.416 -0.000225553 0
1.56152 3 226.168 -0.000153888 0
1.56152 3 320.87 -0.000103269 0
1.56152 3 455.227 -7.03815e-05 0
1.56152 3 645.842 -4.86668e-05 0
1.56152 3 916.274 -3.25833e-05 0
1.56152 3 1299.94 -2.18558e-05 0
1.56152 3 1844.26 -1.4818e-05 0
1.56152 3 2616.5 -1.01177e-05 0
1.56152 3 3712.11 -6.75568e-06 0
1.56152 3 5266.46 -4.47213e-06 0
1.56152 3 7471.67 -2.9491e-06 0
1.56152 3 10600.3 -1.9323e-06 0
1.56152 3 15038.9 -1.25382e-06 0
1.56152 3 21336 -8.03204e-07 0
1.56152 3 30270 -5.06545e-07 0
1.56152 3 42944.9 -3.13686e-07 0
1.56152 3 60927 -1.90306e-07 0
1.56152 3 86438.8 -1.1292e-07 0
1.56152 3 122633 -6.55878e-08 0
1.56152 3 173983 -3.75126e-08 0
1.56152 3 246834 -2.10843e-08 0
1.56152 3 350190 -1.14284e-08 0
1.56152 3 496824 -5.97977e-09 0
1.56152 3 704857 -2.90402e-09 0
1.56152 3 1e+06 -1.09468e-09 0

3.80755 3 1e-06 -0.310945 0
3.80755 3 1.41873e-06 -0.310945 0
3.80755 3 2.01279e-06 -0.310945 0
3.80755 3 2.85559e-06 -0.310944 0
3.80755 3 4.0513e-06 -0.310944 0
3.80755 3 5.74769e-06 -0.310943 0
3.80755 3 8.15441e-06 -0.310942 0
3.80755 3 1.15689e-05 -0.310941 0
3.80755 3 1.64131e-05 -0.310939 0
3.80755 3 2.32857e-05 -0.310937 0
3.80755 3 3.3036e-05 -0.310934 0
3.80755 3 4.6869e-05 -0.310929 0
3.80755 3 6.64944e-05 -0.310921 0
3.80755 3 9.43373e-05 -0.310912 0
3.80755 3 0.000133839 -0.310897 0
3.80755 3 0.000189881 -0.310877 0
3.80755 3 0.000269389 -0.310849 0
3.80755 3 0.000382189 -0.310808 0
3.80755 3 0.000542222 -0.310751 0
3.80755 3 0.000769265 -0.310669 0
3.80755 3 0.00109138 -0.310554 0
3.80755 3 0.00154837 -0.31039 0
3.80755 3 0.00219671 -0.310158 0
3.80755 3 0.00311653 -0.309829 0
3.80755 3 0.0044215 -0.309363 0
3.80755 3 0.0062729 -0.308704 0
3.80755 3 0.00889953 -0.307772 0
3.80755 3 0.012626 -0.306457 0
3.80755 3 0.0179128 -0.304604 0
3.80755 3 0.0254134 -0.302002 0
3.80755 3 0.0360547 -0.298361 0
3.80755 3 0.0511518 -0.293299 0
3.80755 3 0.0725704 -0.286315 0
3.80755 3 0.102958 -0.276788 0
3.80755 3 0.146069 -0.263984 0
3.80755 3 0.207231 -0.247121 0
3.80755 3 0.294005 -0.225505 0
3.80755 3 0.417112 -0.198784 0
3.80755 3 0.591769 -0.167416 0
3.80755 3 0.839558 -0.133399 0
3.80755 3 1.1911 -0.100445 0
3.80755 3 1.68985 -0.0722011 0
3.80755 3 2.39743 -0.0497409 0
3.80755 3 3.4013 -0.031944 0
3.80755 3 4.82552 -0.0197373 0
3.80755 3 6.8461 -0.0134963 0
3.80755 3 9.71274 -0.00799107 0
3.80755 3 13.7797 -0.0042757 0
3.80755 3 19.5497 -0.00326372 0
3.80755 3 27.7356 -0.0018046 0
3.80755 3 39.3493 -0.00106167 0
3.80755 3 55.8259 -0.000717592 0
3.80755 3 79.2016 -0.000474358 0
3.80755 3 112.365 -0.000321972 0
3.80755 3 159.416 -0.000223696 0
3.80755 3 226.168 -0.00015293 0
3.80755 3 320.87 -0.000102781 0
3.80755 3 455.227 -7.01313e-05 0
3.80755 3 645.842 -4.85384e-05 0
3.80755 3 916.274 -3.25185e-05 0
3.80755 3 1299.94 -2.18232e-05 0
3.80755 3 1844.26 -1.48015e-05 0
3.80755 3 2616.5 -1.01094e-05 0
3.80755 3 3712.11 -6.75154e-06 0
3.80755 3 5266.46 -4.47008e-06 0
3.80755 3 7471.67 -2.94809e-06 0
3.80755 3 10600.3 -1.93181e-06 0
3.80755 3 15038.9 -1.25358e-06 0
3.80755 3 21336 -8.03092e-07 0
3.80755 3 30270 -5.06494e-07 0
3.80755 3 42944.9 -3.13663e-07 0
3.80755 3 60927 -1.90296e-07 0
3.80755 3 86438.8 -1.12916e-07 0
3.80755 3 122633 -6.5586e-08 0
3.80755 3 173983 -3.75119e-08 0
3.80755 3 246834 -2.1084e-08 0
3.80755 3 350190 -1.14283e-08 0
3.80755 3 496824 -5.97973e-09 0
3.80755 3 704857 -2.904e-09 0
3.80755 3 1e+06 -1.09467e-09 0

9.28415 3 1e-06 -0.11131 0
9.28415 3 1.41873e-06 -0.11131 0
9.28415 3 2.01279e-06 -0.11131 0
9.28415 3 2.85559e-06 -0.11131 0
9.28415 3 4.0513e-06 -0.11131 0
9.28415 3 5.74769e-06 -0.11131 0
9.28415 3 8.15441e-06 -0.111309 0
9.28415 3 1.15689e-05 -0.111309 0
9.28415 3 1.64131e-05 -0.111309 0
9.28415 3 2.32857e-05 -0.111308 0
9.28415 3 3.3036e-05 -0.111307 0
9.28415 3 4.6869e-05 -0.111306 0
9.28415 3 6.64944e-05 -0.111305 0
9.28415 3 9.43373e-05 -0.111302 0
9.28415 3 0.000133839 -0.111299 0
9.28415 3 0.000189881 -0.111295 0
9.28415 3 0.000269389 -0.111288 0
9.28415 3 0.000382189 -0.111279 0
9.28415 3 0.000542222 -0.111266 0
9.28415 3 0.000769265 -0.111248 0
9.28415 3 0.00109138 -0.111222 0
9.28415 3 0.00154837 -0.111185 0
9.28415 3 0.00219671 -0.111132 0
9.28415 3 0.00311653 -0.111058 0
9.28415 3 0.0044215 -0.110952 0
9.28415 3 0.0062729 -0.110803 0
9.28415 3 0.00889953 -0.110592 0
9.28415 3 0.012626 -0.110294 0
9.28415 3 0.0179128 -0.109874 0
9.28415 3 0.0254134 -0.109283 0
9.28415 3 0.0360547 -0.108454 0
9.28415 3 0.0511518 -0.107298 0
9.28415 3 0.0725704 -0.105694 0
9.28415 3 0.102958 -0.103488 0
9.28415 3 0.146069 -0.100482 0
9.28415 3 0.207231 -0.0964347 0
9.28415 3 0.294005 -0.0910605 0
9.28415 3 0.417112 -0.0840529 0
9.28415 3 0.591769 -0.0752053 0
9.28415 3 0.839558 -0.0647303 0
9.28415 3 1.1911 -0.0535301 0
9.28415 3 1.68985 -0.0426861 0
9.28415 3 2.39743 -0.0324705 0
9.28415 3 3.4013 -0.0226398 0
9.28415 3 4.82552 -0.0150651 0
9.28415 3 6.8461 -0.0109186 0
9.28415 3 9.71274 -0.00678736 0
9.28415 3 13.7797 -0.00376359 0
9.28415 3 19.5497 -0.00296076 0
9.28415 3 27.7356 -0.00167947 0
9.28415 3 39.3493 -0.00100288 0
9.28415 3 55.8259 -0.000686992 0
9.28415 3 79.2016 -0.000458711 0
9.28415 3 112.365 -0.000313782 0
9.28415 3 159.416 -0.000219362 0
9.28415 3 226.168 -0.000150683 0
9.28415 3 320.87 -0.000101631 0
9.28415 3 455.227 -6.95401e-05 0
9.28415 3 645.842 -4.8234e-05 0
9.28415 3 916.274 -3.23647e-05 0
9.28415 3 1299.94 -2.17455e-05 0
9.28415 3 1844.26 -1.47622e-05 0
9.28415 3 2616.5 -1.00896e-05 0
9.28415 3 3712.11 -6.74164e-06 0
9.28415 3 5266.46 -4.46517e-06 0
9.28415 3 7471.67 -2.94567e-06 0
9.28415 3 10600.3 -1.93063e-06 0
9.28415 3 15038.9 -1.25302e-06 0
9.28415 3 21336 -8.02825e-07 0
9.28415 3 30270 -5.0637e-07 0
9.28415 3 42944.9 -3.13608e-07 0
9.28415 3 60927 -1.90272e-07 0
9.28415 3 86438.8 -1.12906e-07 0
9.28415 3 122633 -6.55818e-08 0
9.28415 3 173983 -3.75102e-08 0
9.28415 3 246834 -2.10833e-08 0
9.28415 3 350190 -1.14281e-08 0
9.28415 3 496824 -5.97963e-09 0
9.28415 3 704857 -2.90397e-09 0
9.28415 3 1e+06 -1.09466e-09 0

22.638 3 1e-06 -0.0294811 0
22.638 3 1.41873e-06 -0.0294811 0
22.638 3 2.01279e-06 -0.0294811 0
22.638 3 2.85559e-06 -0.0294811 0
22.638 3 4.0513e-06 -0.0294811 0
22.638 3 5.74769e-06 -0.0294811 0
22.638 3 8.15441e-06 -0.029481 0
22.638 3 1.15689e-05 -0.029481 0
22.638 3 1.64131e-05 -0.029481 0
22.638 3 2.32857e-05 -0.0294809 0
22.638 3 3.3036e-05 -0.0294808 0
22.638 3 4.6869e-05 -0.0294806 0
22.638 3 6.64944e-05 -0.0294804 0
22.638 3 9.43373e-05 -0.0294802 0
22.638 3 0.000133839 -0.0294798 0
22.638 3 0.000189881 -0.0294792 0
22.638 3 0.000269389 -0.0294784 0
22.638 3 0.000382189 -0.0294772 0
22.638 3 0.000542222 -0.0294755 0
22.638 3 0.000769265 -0.0294732 0
22.638 3 0.00109138 -0.0294699 0
22.638 3 0.00154837 -0.0294652 0
22.638 3 0.00219671 -0.0294585 0
22.638 3 0.00311653 -0.0294491 0
22.638 3 0.0044215 -0.0294357 0
22.638 3 0.0062729 -0.0294167 0
22.638 3 0.00889953 -0.0293899 0
22.638 3 0.012626 -0.029352 0
22.638 3 0.0179128 -0.0292986 0
22.638 3 0.0254134 -0.0292233 0
22.638 3 0.0360547 -0.0291177 0
22.638 3 0.0511518 -0.0289699 0
22.638 3 0.0725704 -0.0287639 0
22.638 3 0.102958 -0.028478 0
22.638 3 0.146069 -0.028082 0
22.638 3 0.207231 -0.0275326 0
22.638 3 0.294005 -0.0267661 0
22.638 3 0.417112 -0.0256912 0
22.638 3 0.591769 -0.024208 0
22.638 3 0.839558 -0.0222925 0
22.638 3 1.1911 -0.0200884 0
22.638 3 1.68985 -0.0177546 0
22.638 3 2.39743 -0.0150925 0
22.638 3 3.4013 -0.0117558 0
22.638 3 4.82552 -0.00880409 0
22.638 3 6.8461 -0.00704526 0
22.638 3 9.71274 -0.00480732 0
22.638 3 13.7797 -0.0028685 0
22.638 3 19.5497 -0.00239147 0
22.638 3 27.7356 -0.00143426 0
22.638 3 39.3493 -0.000884945 0
22.638 3 55.8259 -0.00062379 0
22.638 3 79.2016 -0.000425711 0
22.638 3 112.365 -0.000296185 0
22.638 3 159.416 -0.000209892 0
22.638 3 226.168 -0.00014571 0
22.638 3 320.87 -9.90613e-05 0
22.638 3 455.227 -6.82065e-05 0
22.638 3 645.842 -4.7542e-05 0
22.638 3 916.274 -3.20131e-05 0
22.638 3 1299.94 -2.15669e-05 0
22.638 3 1844.26 -1.46714e-05 0
22.638 3 2616.5 -1.00435e-05 0
22.638 3 3712.11 -6.7186e-06 0
22.638 3 5266.46 -4.45371e-06 0
22.638 3 7471.67 -2.94001e-06 0
22.638 3 10600.3 -1.92786e-06 0
22.638 3 15038.9 -1.25168e-06 0
22.638 3 21336 -8.02195e-07 0
22.638 3 30270 -5.06079e-07 0
22.638 3 42944.9 -3.13477e-07 0
22.638 3 60927 -1.90215e-07 0
22.638 3 86438.8 -1.12881e-07 0
22.638 3 122633 -6.55717e-08 0
22.638 3 173983 -3.75062e-08 0
22.638 3 246834 -2.10817e-08 0
22.638 3 350190 -1.14274e-08 0
22.638 3 496824 -5.97939e-09 0
22.638 3 704857 -2.90388e-09 0
22.638 3 1e+06 -1.09463e-09 0

55.1995 3 1e-06 -0.0069889 0
55.1995 3 1.41873e-06 -0.0069889 0
55.1995 3 2.01279e-06 -0.0069889 0
55.1995 3 2.85559e-06 -0.0069889 0
55.1995 3 4.0513e-06 -0.00698889 0
55.1995 3 5.74769e-06 -0.00698889 0
55.1995 3 8.15441e-06 -0.00698889 0
55.1995 3 1.15689e-05 -0.00698889 0
55.1995 3 1.64131e-05 -0.00698888 0
55.1995 3 2.32857e-05 -0.00698888 0
55.1995 3 3.3036e-05 -0.00698887 0
55.1995 3 4.6869e-05 -0.00698885 0
55.1995 3 6.64944e-05 -0.00698883 0
55.1995 3 9.43373e-05 -0.00698881 0
55.1995 3 0.000133839 -0.00698877 0
55.1995 3 0.000189881 -0.00698871 0
55.1995 3 0.000269389 -0.00698864 0
55.1995 3 0.000382189 -0.00698853 0
55.1995 3 0.000542222 -0.00698838 0
55.1995 3 0.000769265 -0.00698816 0
55.1995 3 0.00109138 -0.00698785 0
55.1995 3 0.00154837 -0.00698741 0
55.1995 3 0.00219671 -0.00698679 0
55.1995 3 0.00311653 -0.00698591 0
55.1995 3 0.0044215 -0.00698466 0
55.1995 3 0.0062729 -0.00698289 0
55.1995 3 0.00889953 -0.0069804 0
55.1995 3 0.012626 -0.00697688 0
55.1995 3 0.0179128 -0.00697193 0
55.1995 3 0.0254134 -0.00696498 0
55.1995 3 0.0360547 -0.00695526 0
55.1995 3 0.0511518 -0.00694171 0
55.1995 3 0.0725704 -0.00692286 0
55.1995 3 0.102958 -0.00689662 0
55.1995 3 0.146069 -0.00685978 0
55.1995 3 0.207231 -0.00680688 0
55.1995 3 0.294005 -0.00672823 0
55.1995 3 0.417112 -0.00660748 0
55.1995 3 0.591769 -0.00642456 0
55.1995 3 0.839558 -0.00617375 0
55.1995 3 1.1911 -0.00588516 0
55.1995 3 1.68985 -0.00558443 0
55.1995 3 2.39743 -0.0051667 0
55.1995 3 3.4013 -0.00445327 0
55.1995 3 4.82552 -0.00376505 0
55.1995 3 6.8461 -0.00335811 0
55.1995 3 9.71274 -0.00260128 0
55.1995 3 13.7797 -0.00174665 0
55.1995 3 19.5497 -0.00157985 0
55.1995 3 27.7356 -0.00104946 0
55.1995 3 39.3493 -0.000689954 0
55.1995 3 55.8259 -0.000512676 0
55.1995 3 79.2016 -0.000365046 0
55.1995 3 112.365 -0.000262562 0
55.1995 3 159.416 -0.00019116 0
55.1995 3 226.168 -0.000135606 0
55.1995 3 320.87 -9.37335e-05 0
55.1995 3 455.227 -6.53914e-05 0
55.1995 3 645.842 -4.60579e-05 0
55.1995 3 916.274 -3.12505e-05 0
55.1995 3 1299.94 -2.11757e-05 0
55.1995 3 1844.26 -1.44706e-05 0
55.1995 3 2616.5 -9.94086e-06 0
55.1995 3 3712.11 -6.66692e-06 0
55.1995 3 5266.46 -4.42788e-06 0
55.1995 3 7471.67 -2.92718e-06 0
55.1995 3 10600.3 -1.92155e-06 0
55.1995 3 15038.9 -1.24863e-06 0
55.1995 3 21336 -8.00746e-07 0
55.1995 3 30270 -5.05408e-07 0
55.1995 3 42944.9 -3.13173e-07 0
55.1995 3 60927 -1.90082e-07 0
55.1995 3 86438.8 -1.12825e-07 0
55.1995 3 122633 -6.55482e-08 0
55.1995 3 173983 -3.74966e-08 0
55.1995 3 246834 -2.1078e-08 0
55.1995 3 350190 -1.1426e-08 0
55.1995 3 496824 -5.97884e-09 0
55.1995 3 704857 -2.90368e-09 0
55.1995 3 1e+06 -1.09456e-09 0

134.596 3 1e-06 -0.00172565 0
134.596 3 1.41873e-06 -0.00172565 0
134.596 3 2.01279e-06 -0.00172565 0
134.596 3 2.85559e-06 -0.00172565 0
134.596 3 4.0513e-06 -0.00172565 0
134.596 3 5.74769e-06 -0.00172565 0
134.596 3 8.15441e-06 -0.00172565 0
134.596 3 1.15689e-05 -0.00172565 0
134.596 3 1.64131e-05 -0.00172565 0
134.596 3 2.32857e-05 -0.00172565 0
134.596 3 3.3036e-05 -0.00172565 0
134.596 3 4.6869e-05 -0.00172565 0
134.596 3 6.64944e-05 -0.00172565 0
134.596 3 9.43373e-05 -0.00172565 0
134.596 3 0.000133839 -0.00172564 0
134.596 3 0.000189881 -0.00172564 0
134.596 3 0.000269389 -0.00172563 0
134.596 3 0.000382189 -0.00172562 0
134.596 3 0.000542222 -0.00172561 0
134.596 3 0.000769265 -0.00172559 0
134.596 3 0.00109138 -0.00172556 0
134.596 3 0.00154837 -0.00172552 0
134.596 3 0.00219671 -0.00172547 0
134.596 3 0.00311653 -0.00172539 0
134.596 3 0.0044215 -0.00172529 0
134.596 3 0.0062729 -0.00172513 0
134.596 3 0.00889953 -0.00172492 0
134.596 3 0.012626 -0.00172462 0
134.596 3 0.0179128 -0.0017242 0
134.596 3 0.0254134 -0.00172361 0
134.596 3 0.0360547 -0.0017228 0
134.596 3 0.0511518 -0.00172168 0
134.596 3 0.0725704 -0.00172015 0
134.596 3 0.102958 -0.00171803 0
134.596 3 0.146069 -0.00171502 0
134.596 3 0.207231 -0.00171048 0
134.596 3 0.294005 -0.00170303 0
134.596 3 0.417112 -0.00169015 0
134.596 3 0.591769 -0.00166865 0
134.596 3 0.839558 -0.00163825 0
134.596 3 1.1911 -0.00160603 0
134.596 3 1.68985 -0.00157811 0
134.596 3 2.39743 -0.00152892 0
134.596 3 3.4013 -0.00141126 0
134.596 3 4.82552 -0.00129715 0
134.596 3 6.8461 -0.00124664 0
134.596 3 9.71274 -0.00108236 0
134.596 3 13.7797 -0.000832662 0
134.596 3 19.5497 -0.00080796 0
134.596 3 27.7356 -0.000616019 0
134.596 3 39.3493 -0.000447343 0
134.596 3 55.8259 -0.000359104 0
134.596 3 79.2016 -0.000274005 0
134.596 3 112.365 -0.000208457 0
134.596 3 159.416 -0.000159076 0
134.596 3 226.168 -0.000117415 0
134.596 3 320.87 -8.37654e-05 0
134.596 3 455.227 -5.99462e-05 0
134.596 3 645.842 -4.31029e-05 0
134.596 3 916.274 -2.97003e-05 0
134.596 3 1299.94 -2.03666e-05 0
134.596 3 1844.26 -1.40487e-05 0
134.596 3 2616.5 -9.72216e-06 0
134.596 3 3712.11 -6.55562e-06 0
134.596 3 5266.46 -4.37172e-06 0
134.596 3 7471.67 -2.89904e-06 0
134.596 3 10600.3 -1.90761e-06 0
134.596 3 15038.9 -1.24184e-06 0
134.596 3 21336 -7.97502e-07 0
134.596 3 30270 -5.03895e-07 0
134.596 3 42944.9 -3.12487e-07 0
134.596 3 60927 -1.89778e-07 0
134.596 3 86438.8 -1.12695e-07 0
134.596 3 122633 -6.5494e-08 0
134.596 3 173983 -3.74746e-08 0
134.596 3 246834 -2.10692e-08 0
134.596 3 350190 -1.14226e-08 0
134.596 3 496824 -5.97756e-09 0
134.596 3 704857 -2.9032e-09 0
134.596 3 1e+06 -1.0944e-09 0

328.193 3 1e-06 -0.000475403 0
328.193 3 1.41873e-06 -0.000475403 0
328.193 3 2.01279e-06 -0.000475403 0
328.193 3 2.85559e-06 -0.000475403 0
328.193 3 4.0513e-06 -0.000475403 0
328.193 3 5.74769e-06 -0.000475403 0
328.193 3 8.15441e-06 -0.000475403 0
328.193 3 1.15689e-05 -0.000475403 0
328.193 3 1.64131e-05 -0.000475403 0
328.193 3 2.32857e-05 -0.000475403 0
328.193 3 3.3036e-05 -0.000475403 0
328.193 3 4.6869e-05 -0.000475403 0
328.193 3 6.64944e-05 -0.000475403 0
328.193 3 9.43373e-05 -0.000475403 0
328.193 3 0.000133839 -0.000475402 0
328.193 3 0.000189881 -0.000475402 0
328.193 3 0.000269389 -0.000475401 0
328.193 3 0.000382189 -0.0004754 0
328.193 3 0.000542222 -0.000475399 0
328.193 3 0.000769265 -0.000475397 0
328.193 3 0.00109138 -0.000475395 0
328.193 3 0.00154837 -0.000475391 0
328.193 3 0.00219671 -0.000475386 0
328.193 3 0.00311653 -0.000475379 0
328.193 3 0.0044215 -0.000475369 0
328.193 3 0.0062729 -0.000475355 0
328.193 3 0.00889953 -0.000475335 0
328.193 3 0.012626 -0.000475308 0
328.193 3 0.0179128 -0.00047527 0
328.193 3 0.0254134 -0.000475218 0
328.193 3 0.0360547 -0.000475147 0
328.193 3 0.0511518 -0.000475054 0
328.193 3 0.0725704 -0.000474928 0
328.193 3 0.102958 -0.000474759 0
328.193 3 0.146069 -0.000474513 0
328.193 3 0.207231 -0.000474109 0
328.193 3 0.294005 -0.000473345 0
328.193 3 0.417112 -0.000471826 0
328.193 3 0.591769 -0.000469054 0
328.193 3 0.839558 -0.000465081 0
328.193 3 1.1911 -0.000461353 0
328.193 3 1.68985 -0.000459196 0
328.193 3 2.39743 -0.000453732 0
328.193 3 3.4013 -0.000435553 0
328.193 3 4.82552 -0.000418629 0
328.193 3 6.8461 -0.000415663 0
328.193 3 9.71274 -0.00038795 0
328.193 3 13.7797 -0.000334093 0
328.193 3 19.5497 -0.000335155 0
328.193 3 27.7356 -0.000289342 0
328.193 3 39.3493 -0.000235503 0
328.193 3 55.8259 -0.000205379 0
328.193 3 79.2016 -0.000170931 0
328.193 3 112.365 -0.000140331 0
328.193 3 159.416 -0.000114541 0
328.193 3 226.168 -8.99579e-05 0
328.193 3 320.87 -6.76813e-05 0
328.193 3 455.227 -5.06376e-05 0
328.193 3 645.842 -3.77892e-05 0
328.193 3 916.274 -2.68089e-05 0
328.193 3 1299.94 -1.88105e-05 0
328.193 3 1844.26 -1.32155e-05 0
328.193 3 2616.5 -9.28031e-06 0
328.193 3 3712.11 -6.32682e-06 0
328.193 3 5266.46 -4.25455e-06 0
328.193 3 7471.67 -2.83955e-06 0
328.193 3 10600.3 -1.8778e-06 0
328.193 3 15038.9 -1.22715e-06 0
328.193 3 21336 -7.90425e-07 0
328.193 3 30270 -5.00567e-07 0
328.193 3 42944.9 -3.10963e-07 0
328.193 3 60927 -1.89101e-07 0
328.193 3 86438.8 -1.12402e-07 0
328.193 3 122633 -6.53714e-08 0
328.193 3 173983 -3.74246e-08 0
328.193 3 246834 -2.10492e-08 0
328.193 3 350190 -1.14148e-08 0
328.193 3 496824 -5.97459e-09 0
328.193 3 704857 -2.90211e-09 0
328.193 3 1e+06 -1.09403e-09 0

800.25 3 1e-06 -0.000146253 0
800.25 3 1.41873e-06 -0.000146253 0
800.25 3 2.01279e-06 -0.000146253 0
800.25 3 2.85559e-06 -0.000146253 0
800.25 3 4.0513e-06 -0.000146253 0
800.25 3 5.74769e-06 -0.000146253 0
800.25 3 8.15441e-06 -0.000146253 0
800.25 3 1.15689e-05 -0.000146253 0
800.25 3 1.64131e-05 -0.000146253 0
800.25 3 2.32857e-05 -0.000146253 0
800.25 3 3.3036e-05 -0.000146253 0
800.25 3 4.6869e-05 -0.000146253 0
800.25 3 6.64944e-05 -0.000146253 0
800.25 3 9.43373e-05 -0.000146253 0
800.25 3 0.000133839 -0.000146253 0
800.25 3 0.000189881 -0.000146253 0
800.25 3 0.000269389 -0.000146253 0
800.25 3 0.000382189 -0.000146253 0
800.25 3 0.000542222 -0.000146253 0
800.25 3 0.000769265 -0.000146253 0
800.25 3 0.00109138 -0.000146252 0
800.25 3 0.00154837 -0.000146252 0
800.25 3 0.00219671 -0.000146251 0
800.25 3 0.00311653 -0.000146251 0
800.25 3 0.0044215 -0.00014625 0
800.25 3 0.0062729 -0.000146248 0
800.25 3 0.00889953 -0.000146246 0
800.25 3 0.012626 -0.000146243 0
800.25 3 0.0179128 -0.000146239 0
800.25 3 0.0254134 -0.000146234 0
800.25 3 0.0360547 -0.000146228 0
800.25 3 0.0511518 -0.000146219 0
800.25 3 0.0725704 -0.000146208 0
800.25 3 0.102958 -0.000146194 0
800.25 3 0.146069 -0.000146174 0
800.25 3 0.207231 -0.000146134 0
800.25 3 0.294005 -0.000146044 0
800.25 3 0.417112 -0.000145841 0
800.25 3 0.591769 -0.000145444 0
800.25 3 0.839558 -0.000144872 0
800.25 3 1.1911 -0.000144392 0
800.25 3 1.68985 -0.000144255 0
800.25 3 2.39743 -0.000143605 0
800.25 3 3.4013 -0.000140754 0
800.25 3 4.82552 -0.000138218 0
800.25 3 6.8461 -0.000138435 0
800.25 3 9.71274 -0.000134101 0
800.25 3 13.7797 -0.000124189 0
800.25 3 19.5497 -0.000125413 0
800.25 3 27.7356 -0.000116988 0
800.25 3 39.3493 -0.000104482 0
800.25 3 55.8259 -9.71667e-05 0
800.25 3 79.2016 -8.75146e-05 0
800.25 3 112.365 -7.76196e-05 0
800.25 3 159.416 -6.81884e-05 0
800.25 3 226.168 -5.78149e-05 0
800.25 3 320.87 -4.68373e-05 0
800.25 3 455.227 -3.74262e-05 0
800.25 3 645.842 -2.95983e-05 0
800.25 3 916.274 -2.20628e-05 0
800.25 3 1299.94 -1.61206e-05 0
800.25 3 1844.26 -1.17097e-05 0
800.25 3 2616.5 -8.45069e-06 0
800.25 3 3712.11 -5.88459e-06 0
800.25 3 5266.46 -4.02258e-06 0
800.25 3 7471.67 -2.71931e-06 0
800.25 3 10600.3 -1.81645e-06 0
800.25 3 15038.9 -1.19647e-06 0
800.25 3 21336 -7.75429e-07 0
800.25 3 30270 -4.93428e-07 0
800.25 3 42944.9 -3.0766e-07 0
800.25 3 60927 -1.87617e-07 0
800.25 3 86438.8 -1.11756e-07 0
800.25 3 122633 -6.5098e-08 0
800.25 3 173983 -3.7312e-08 0
800.25 3 246834 -2.1004e-08 0
800.25 3 350190 -1.13971e-08 0
800.25 3 496824 -5.96781e-09 0
800.25 3 704857 -2.89959e-09 0
800.25 3 1e+06 -1.09317e-09 0

1951.29 3 1e-06 -4.8663e-05 0
1951.29 3 1.41873e-06 -4.8663e-05 0
1951.29 3 2.01279e-06 -4.8663e-05 0
1951.29 3 2.85559e-06 -4.8663e-05 0
1951.29 3 4.0513e-06 -4.8663e-05 0
1951.29 3 5.74769e-06 -4.8663e-05 0
1951.29 3 8.15441e-06 -4.8663e-05 0
1951.29 3 1.15689e-05 -4.8663e-05 0
1951.29 3 1.64131e-05 -4.8663e-05 0
1951.29 3 2.32857e-05 -4.8663e-05 0
1951.29 3 3.3036e-05 -4.8663e-05 0
1951.29 3 4.6869e-05 -4.8663e-05 0
1951.29 3 6.64944e-05 -4.8663e-05 0
1951.29 3 9.43373e-05 -4.8663e-05 0
1951.29 3 0.000133839 -4.8663e-05 0
1951.29 3 0.000189881 -4.8663e-05 0
1951.29 3 0.000269389 -4.8663e-05 0
1951.29 3 0.000382189 -4.8663e-05 0
1951.29 3 0.000542222 -4.8663e-05 0
1951.29 3 0.000769265 -4.8663e-05 0
1951.29 3 0.00109138 -4.86629e-05 0
1951.29 3 0.00154837 -4.86629e-05 0
1951.29 3 0.00219671 -4.86628e-05 0
1951.29 3 0.00311653 -4.86627e-05 0
1951.29 3 0.0044215 -4.86626e-05 0
1951.29 3 0.0062729 -4.86624e-05 0
1951.29 3 0.00889953 -4.86622e-05 0
1951.29 3 0.012626 -4.86618e-05 0
1951.29 3 0.0179128 -4.86614e-05 0
1951.29 3 0.0254134 -4.86608e-05 0
1951.29 3 0.0360547 -4.86601e-05 0
1951.29 3 0.0511518 -4.86593e-05 0
1951.29 3 0.0725704 -4.86583e-05 0
1951.29 3 0.102958 -4.86572e-05 0
1951.29 3 0.146069 -4.86553e-05 0
1951.29 3 0.207231 -4.8651e-05 0
1951.29 3 0.294005 -4.86391e-05 0
1951.29 3 0.417112 -4.86093e-05 0
1951.29 3 0.591769 -4.85485e-05 0
1951.29 3 0.839558 -4.84606e-05 0
1951.29 3 1.1911 -4.83924e-05 0
1951.29 3 1.68985 -4.83887e-05 0
1951.29 3 2.39743 -4.83035e-05 0
1951.29 3 3.4013 -4.78463e-05 0
1951.29 3 4.82552 -4.74531e-05 0
1951.29 3 6.8461 -4.75614e-05 0
1951.29 3 9.71274 -4.68834e-05 0
1951.29 3 13.7797 -4.51787e-05 0
1951.29 3 19.5497 -4.55182e-05 0
1951.29 3 27.7356 -4.4126e-05 0
1951.29 3 39.3493 -4.17325e-05 0
1951.29 3 55.8259 -4.03228e-05 0
1951.29 3 79.2016 -3.82813e-05 0
1951.29 3 112.365 -3.59609e-05 0
1951.29 3 159.416 -3.3526e-05 0
1951.29 3 226.168 -3.04898e-05 0
1951.29 3 320.87 -2.67228e-05 0
1951.29 3 455.227 -2.30433e-05 0
1951.29 3 645.842 -1.95867e-05 0
1951.29 3 916.274 -1.56699e-05 0
1951.29 3 1299.94 -1.21857e-05 0
1951.29 3 1844.26 -9.34201e-06 0
1951.29 3 2616.5 -7.0613e-06 0
1951.29 3 3712.11 -5.10675e-06 0
1951.29 3 5266.46 -3.59795e-06 0
1951.29 3 7471.67 -2.49167e-06 0
1951.29 3 10600.3 -1.69693e-06 0
1951.29 3 15038.9 -1.13523e-06 0
1951.29 3 21336 -7.44881e-07 0
1951.29 3 30270 -4.78623e-07 0
1951.29 3 42944.9 -3.00699e-07 0
1951.29 3 60927 -1.84445e-07 0
1951.29 3 86438.8 -1.10355e-07 0
1951.29 3 122633 -6.44989e-08 0
1951.29 3 173983 -3.70628e-08 0
1951.29 3 246834 -2.09029e-08 0
1951.29 3 350190 -1.13573e-08 0
1951.29 3 496824 -5.95246e-09 0
1951.29 3 704857 -2.89387e-09 0
1951.29 3 1e+06 -1.09123e-09 0

4757.94 3 1e-06 -1.6904e-05 0
4757.94 3 1.41873e-06 -1.6904e-05 0
4757.94 3 2.01279e-06 -1.6904e-05 0
4757.94 3 2.85559e-06 -1.6904e-05 0
4757.94 3 4.0513e-06 -1.6904e-05 0
4757.94 3 5.74769e-06 -1.6904e-05 0
4757.94 3 8.15441e-06 -1.6904e-05 0
4757.94 3 1.15689e-05 -1.6904e-05 0
4757.94 3 1.64131e-05 -1.6904e-05 0
4757.94 3 2.32857e-05 -1.6904e-05 0
4757.94 3 3.3036e-05 -1.6904e-05 0
4757.94 3 4.6869e-05 -1.6904e-05 0
4757.94 3 6.64944e-05 -1.6904e-05 0
4757.94 3 9.43373e-05 -1.6904e-05 0
4757.94 3 0.000133839 -1.6904e-05 0
4757.94 3 0.000189881 -1.6904e-05 0
4757.94 3 0.000269389 -1.6904e-05 0
4757.94 3 0.000382189 -1.6904e-05 0
4757.94 3 0.000542222 -1.6904e-05 0
4757.94 3 0.000769265 -1.6904e-05 0
4757.94 3 0.00109138 -1.6904e-05 0
4757.94 3 0.00154837 -1.6904e-05 0
4757.94 3 0.00219671 -1.6904e-05 0
4757.94 3 0.00311653 -1.6904e-05 0
4757.94 3 0.0044215 -1.69039e-05 0
4757.94 3 0.0062729 -1.69039e-05 0
4757.94 3 0.00889953 -1.69039e-05 0
4757.94 3 0.012626 -1.69038e-05 0
4757.94 3 0.0179128 -1.69038e-05 0
4757.94 3 0.0254134 -1.69037e-05 0
4757.94 3 0.0360547 -1.69036e-05 0
4757.94 3 0.0511518 -1.69036e-05 0
4757.94 3 0.0725704 -1.69035e-05 0
4757.94 3 0.102958 -1.69034e-05 0
4757.94 3 0.146069 -1.69032e-05 0
4757.94 3 0.207231 -1.69027e-05 0
4757.94 3 0.294005 -1.6901e-05 0
4757.94 3 0.417112 -1.68964e-05 0
4757.94 3 0.591769 -1.68867e-05 0
4757.94 3 0.839558 -1.68727e-05 0
4757.94 3 1.1911 -1.68624e-05 0
4757.94 3 1.68985 -1.68636e-05 0
4757.94 3 2.39743 -1.68515e-05 0
4757.94 3 3.4013 -1.67771e-05 0
4757.94 3 4.82552 -1.67147e-05 0
4757.94 3 6.8461 -1.67398e-05 0
4757.94 3 9.71274 -1.66322e-05 0
4757.94 3 13.7797 -1.63466e-05 0
4757.94 3 19.5497 -1.64187e-05 0
4757.94 3 27.7356 -1.61952e-05 0
4757.94 3 39.3493 -1.57784e-05 0
4757.94 3 55.8259 -1.55381e-05 0
4757.94 3 79.2016 -1.51713e-05 0
4757.94 3 112.365 -1.47307e-05 0
4757.94 3 159.416 -1.42433e-05 0
4757.94 3 226.168 -1.3582e-05 0
4757.94 3 320.87 -1.26544e-05 0
4757.94 3 455.227 -1.16441e-05 0
4757.94 3 645.842 -1.05836e-05 0
4757.94 3 916.274 -9.16071e-06 0
4757.94 3 1299.94 -7.69641e-06 0
4757.94 3 1844.26 -6.34201e-06 0
4757.94 3 2616.5 -5.12221e-06 0
4757.94 3 3712.11 -3.93125e-06 0
4757.94 3 5266.46 -2.91278e-06 0
4757.94 3 7471.67 -2.1036e-06 0
4757.94 3 10600.3 -1.48354e-06 0
4757.94 3 15038.9 -1.02153e-06 0
4757.94 3 21336 -6.8627e-07 0
4757.94 3 30270 -4.4941e-07 0
4757.94 3 42944.9 -2.86625e-07 0
4757.94 3 60927 -1.77893e-07 0
4757.94 3 86438.8 -1.07408e-07 0
4757.94 3 122633 -6.32175e-08 0
4757.94 3 173983 -3.65223e-08 0
4757.94 3 246834 -2.06809e-08 0
4757.94 3 350190 -1.12689e-08 0
4757.94 3 496824 -5.91816e-09 0
4757.94 3 704857 -2.88102e-09 0
4757.94 3 1e+06 -1.08688e-09 0

11601.6 3 1e-06 -5.95379e-06 0
11601.6 3 1.41873e-06 -5.95379e-06 0
11601.6 3 2.01279e-06 -5.95379e-06 0
11601.6 3 2.85559e-06 -5.95379e-06 0
11601.6 3 4.0513e-06 -5.95379e-06 0
11601.6 3 5.74769e-06 -5.95379e-06 0
11601.6 3 8.15441e-06 -5.95379e-06 0
11601.6 3 1.15689e-05 -5.95379e-06 0
11601.6 3 1.64131e-05 -5.95379e-06 0
11601.6 3 2.32857e-05 -5.95379e-06 0
11601.6 3 3.3036e-05 -5.95379e-06 0
11601.6 3 4.6869e-05 -5.95379e-06 0
11601.6 3 6.64944e-05 -5.95379e-06 0
11601.6 3 9.43373e-05 -5.95379e-06 0
11601.6 3 0.000133839 -5.95379e-06 0
11601.6 3 0.000189881 -5.95379e-06 0
11601.6 3 0.000269389 -5.95379e-06 0
11601.6 3 0.000382189 -5.95379e-06 0
11601.6 3 0.000542222 -5.95379e-06 0
11601.6 3 0.000769265 -5.95379e-06 0
11601.6 3 0.00109138 -5.95379e-06 0
11601.6 3 0.00154837 -5.95379e-06 0
11601.6 3 0.00219671 -5.95379e-06 0
11601.6 3 0.00311653 -5.95378e-06 0
11601.6 3 0.0044215 -5.95378e-06 0
11601.6 3 0.0062729 -5.95378e-06 0
11601.6 3 0.00889953 -5.95377e-06 0
11601.6 3 0.012626 -5.95377e-06 0
11601.6 3 0.0179128 -5.95376e-06 0
11601.6 3 0.0254134 -5.95375e-06 0
11601.6 3 0.0360547 -5.95374e-06 0
11601.6 3 0.0511518 -5.95373e-06 0
11601.6 3 0.0725704 -5.95373e-06 0
11601.6 3 0.102958 -5.95372e-06 0
11601.6 3 0.146069 -5.95371e-06 0
11601.6 3 0.207231 -5.95364e-06 0
11601.6 3 0.294005 -5.95339e-06 0
11601.6 3 0.417112 -5.95265e-06 0
11601.6 3 0.591769 -5.95109e-06 0
11601.6 3 0.839558 -5.94882e-06 0
11601.6 3 1.1911 -5.94721e-06 0
11601.6 3 1.68985 -5.94758e-06 0
11601.6 3 2.39743 -5.94579e-06 0
11601.6 3 3.4013 -5.93358e-06 0
11601.6 3 4.82552 -5.9235e-06 0
11601.6 3 6.8461 -5.92843e-06 0
11601.6 3 9.71274 -5.91113e-06 0
11601.6 3 13.7797 -5.86369e-06 0
11601.6 3 19.5497 -5.87753e-06 0
11601.6 3 27.7356 -5.84172e-06 0
11601.6 3 39.3493 -5.77193e-06 0
11601.6 3 55.8259 -5.73312e-06 0
11601.6 3 79.2016 -5.67214e-06 0
11601.6 3 112.365 -5.59721e-06 0
11601.6 3 159.416 -5.51286e-06 0
11601.6 3 226.168 -5.39288e-06 0
11601.6 3 320.87 -5.2112e-06 0
11601.6 3 455.227 -5.00001e-06 0
11601.6 3 645.842 -4.76162e-06 0
11601.6 3 916.274 -4.39601e-06 0
11601.6 3 1299.94 -3.96624e-06 0
11601.6 3 1844.26 -3.51561e-06 0
11601.6 3 2616.5 -3.05509e-06 0
11601.6 3 3712.11 -2.52859e-06 0
11601.6 3 5266.46 -2.01074e-06 0
11601.6 3 7471.67 -1.5473e-06 0
11601.6 3 10600.3 -1.15422e-06 0
11601.6 3 15038.9 -8.34586e-07 0
11601.6 3 21336 -5.84553e-07 0
11601.6 3 30270 -3.96335e-07 0
11601.6 3 42944.9 -2.60038e-07 0
11601.6 3 60927 -1.65095e-07 0
11601.6 3 86438.8 -1.01484e-07 0
11601.6 3 122633 -6.05773e-08 0
11601.6 3 173983 -3.5385e-08 0
11601.6 3 246834 -2.02053e-08 0
11601.6 3 350190 -1.10769e-08 0
11601.6 3 496824 -5.84278e-09 0
11601.6 3 704857 -2.85257e-09 0
11601.6 3 1e+06 -1.07728e-09 0

28288.7 3 1e-06 -2.06035e-06 0
28288.7 3 1.41873e-06 -2.06035e-06 0
28288.7 3 2.01279e-06 -2.06035e-06 0
28288.7 3 2.85559e-06 -2.06035e-06 0
28288.7 3 4.0513e-06 -2.06035e-06 0
28288.7 3 5.74769e-06 -2.06035e-06 0
28288.7 3 8.15441e-06 -2.06035e-06 0
28288.7 3 1.15689e-05 -2.06035e-06 0
28288.7 3 1.64131e-05 -2.06035e-06 0
28288.7 3 2.32857e-05 -2.06035e-06 0
28288.7 3 3.3036e-05 -2.06035e-06 0
28288.7 3 4.6869e-05 -2.06035e-06 0
28288.7 3 6.64944e-05 -2.06035e-06 0
28288.7 3 9.43373e-05 -2.06035e-06 0
28288.7 3 0.000133839 -2.06035e-06 0
28288.7 3 0.000189881 -2.06035e-06 0
28288.7 3 0.000269389 -2.06035e-06 0
28288.7 3 0.000382189 -2.06035e-06 0
28288.7 3 0.000542222 -2.06035e-06 0
28288.7 3 0.000769265 -2.06035e-06 0
28288.7 3 0.00109138 -2.06035e-06 0
28288.7 3 0.00154837 -2.06035e-06 0
28288.7 3 0.00219671 -2.06035e-06 0
28288.7 3 0.00311653 -2.06035e-06 0
28288.7 3 0.0044215 -2.06035e-06 0
28288.7 3 0.0062729 -2.06035e-06 0
28288.7 3 0.00889953 -2.06035e-06 0
28288.7 3 0.012626 -2.06034e-06 0
28288.7 3 0.0179128 -2.06034e-06 0
28288.7 3 0.0254134 -2.06034e-06 0
28288.7 3 0.0360547 -2.06034e-06 0
28288.7 3 0.0511518 -2.06034e-06 0
28288.7 3 0.0725704 -2.06034e-06 0
28288.7 3 0.102958 -2.06034e-06 0
28288.7 3 0.146069 -2.06034e-06 0
28288.7 3 0.207231 -2.06033e-06 0
28288.7 3 0.294005 -2.06029e-06 0
28288.7 3 0.417112 -2.06017e-06 0
28288.7 3 0.591769 -2.05992e-06 0
28288.7 3 0.839558 -2.05955e-06 0
28288.7 3 1.1911 -2.05929e-06 0
28288.7 3 1.68985 -2.05938e-06 0
28288.7 3 2.39743 -2.05911e-06 0
28288.7 3 3.4013 -2.0571e-06 0
28288.7 3 4.82552 -2.05546e-06 0
28288.7 3 6.8461 -2.05637e-06 0
28288.7 3 9.71274 -2.05358e-06 0
28288.7 3 13.7797 -2.04573e-06 0
28288.7 3 19.5497 -2.04828e-06 0
28288.7 3 27.7356 -2.04255e-06 0
28288.7 3 39.3493 -2.03107e-06 0
28288.7 3 55.8259 -2.02498e-06 0
28288.7 3 79.2016 -2.01522e-06 0
28288.7 3 112.365 -2.00319e-06 0
28288.7 3 159.416 -1.98969e-06 0
28288.7 3 226.168 -1.97001e-06 0
28288.7 3 320.87 -1.93885e-06 0
28288.7 3 455.227 -1.90163e-06 0
28288.7 3 645.842 -1.85825e-06 0
28288.7 3 916.274 -1.78547e-06 0
28288.7 3 1299.94 -1.69183e-06 0
28288.7 3 1844.26 -1.58439e-06 0
28288.7 3 2616.5 -1.4631e-06 0
28288.7 3 3712.11 -1.30294e-06 0
28288.7 3 5266.46 -1.12026e-06 0
28288.7 3 7471.67 -9.31875e-07 0
28288.7 3 10600.3 -7.49481e-07 0
28288.7 3 15038.9 -5.81767e-07 0
28288.7 3 21336 -4.34786e-07 0
28288.7 3 30270 -3.1219e-07 0
28288.7 3 42944.9 -2.15127e-07 0
28288.7 3 60927 -1.42274e-07 0
28288.7 3 86438.8 -9.04235e-08 0
28288.7 3 122633 -5.54538e-08 0
28288.7 3 173983 -3.3104e-08 0
28288.7 3 246834 -1.92248e-08 0
28288.7 3 350190 -1.06724e-08 0
28288.7 3 496824 -5.6813e-09 0
28288.7 3 704857 -2.79093e-09 0
28288.7 3 1e+06 -1.05649e-09 0

68977.9 3 1e-06 -6.83574e-07 0
68977.9 3 1.41873e-06 -6.83574e-07 0
68977.9 3 2.01279e-06 -6.83574e-07 0
68977.9 3 2.85559e-06 -6.83574e-07 0
68977.9 3 4.0513e-06 -6.83574e-07 0
68977.9 3 5.74769e-06 -6.83574e-07 0
68977.9 3 8.15441e-06 -6.83574e-07 0
68977.9 3 1.15689e-05 -6.83574e-07 0
68977.9 3 1.64131e-05 -6.83574e-07 0
68977.9 3 2.32857e-05 -6.83574e-07 0
68977.9 3 3.3036e-05 -6.83574e-07 0
68977.9 3 4.6869e-05 -6.83574e-07 0
68977.9 3 6.64944e-05 -6.83574e-07 0
68977.9 3 9.43373e-05 -6.83574e-07 0
68977.9 3 0.000133839 -6.83574e-07 0
68977.9 3 0.000189881 -6.83574e-07 0
68977.9 3 0.000269389 -6.83574e-07 0
68977.9 3 0.000382189 -6.83574e-07 0
68977.9 3 0.000542222 -6.83574e-07 0
68977.9 3 0.000769265 -6.83574e-07 0
68977.9 3 0.00109138 -6.83574e-07 0
68977.9 3 0.00154837 -6.83574e-07 0
68977.9 3 0.00219671 -6.83574e-07 0
68977.9 3 0.00311653 -6.83574e-07 0
68977.9 3 0.0044215 -6.83574e-07 0
68977.9 3 0.0062729 -6.83574e-07 0
68977.9 3 0.00889953 -6.83574e-07 0
68977.9 3 0.012626 -6.83574e-07 0
68977.9 3 0.0179128 -6.83574e-07 0
68977.9 3 0.0254134 -6.83574e-07 0
68977.9 3 0.0360547 -6.83573e-07 0
68977.9 3 0.0511518 -6.83573e-07 0
68977.9 3 0.0725704 -6.83573e-07 0
68977.9 3 0.102958 -6.83574e-07 0
68977.9 3 0.146069 -6.83574e-07 0
68977.9 3 0.207231 -6.83573e-07 0
68977.9 3 0.294005 -6.83567e-07 0
68977.9 3 0.417112 -6.83548e-07 0
68977.9 3 0.591769 -6.83506e-07 0
68977.9 3 0.839558 -6.83446e-07 0
68977.9 3 1.1911 -6.83405e-07 0
68977.9 3 1.68985 -6.83422e-07 0
68977.9 3 2.39743 -6.83381e-07 0
68977.9 3 3.4013 -6.8305e-07 0
68977.9 3 4.82552 -6.82784e-07 0
68977.9 3 6.8461 -6.82951e-07 0
68977.9 3 9.71274 -6.82499e-07 0
68977.9 3 13.7797 -6.81205e-07 0
68977.9 3 19.5497 -6.81668e-07 0
68977.9 3 27.7356 -6.80754e-07 0
68977.9 3 39.3493 -6.78885e-07 0
68977.9 3 55.8259 -6.77949e-07 0
68977.9 3 79.2016 -6.76427e-07 0
68977.9 3 112.365 -6.74559e-07 0
68977.9 3 159.416 -6.72502e-07 0
68977.9 3 226.168 -6.6946e-07 0
68977.9 3 320.87 -6.64497e-07 0
68977.9 3 455.227 -6.58553e-07 0
68977.9 3 645.842 -6.51609e-07 0
68977.9 3 916.274 -6.39207e-07 0
68977.9 3 1299.94 -6.22454e-07 0
68977.9 3 1844.26 -6.02339e-07 0
68977.9 3 2616.5 -5.78339e-07 0
68977.9 3 3712.11 -5.4317e-07 0
68977.9 3 5266.46 -4.98037e-07 0
68977.9 3 7471.67 -4.45226e-07 0
68977.9 3 10600.3 -3.86931e-07 0
68977.9 3 15038.9 -3.25636e-07 0
68977.9 3 21336 -2.64059e-07 0
68977.9 3 30270 -2.05211e-07 0
68977.9 3 42944.9 -1.52175e-07 0
68977.9 3 60927 -1.0744e-07 0
68977.9 3 86438.8 -7.22572e-08 0
68977.9 3 122633 -4.64949e-08 0
68977.9 3 173983 -2.88966e-08 0
68977.9 3 246834 -1.73335e-08 0
68977.9 3 350190 -9.86432e-09 0
68977.9 3 496824 -5.34963e-09 0
68977.9 3 704857 -2.66189e-09 0
68977.9 3 1e+06 -1.01294e-09 0

168192 3 1e-06 -2.12024e-07 0
168192 3 1.41873e-06 -2.12024e-07 0
168192 3 2.01279e-06 -2.12024e-07 0
168192 3 2.85559e-06 -2.12024e-07 0
168192 3 4.0513e-06 -2.12024e-07 0
168192 3 5.74769e-06 -2.12024e-07 0
168192 3 8.15441e-06 -2.12024e-07 0
168192 3 1.15689e-05 -2.12024e-07 0
168192 3 1.64131e-05 -2.12024e-07 0
168192 3 2.32857e-05 -2.12024e-07 0
168192 3 3.3036e-05 -2.12024e-07 0
168192 3 4.6869e-05 -2.12024e-07 0
168192 3 6.64944e-05 -2.12024e-07 0
168192 3 9.43373e-05 -2.12024e-07 0
168192 3 0.000133839 -2.12024e-07 0
168192 3 0.000189881 -2.12024e-07 0
168192 3 0.000269389 -2.12024e-07 0
168192 3 0.000382189 -2.12024e-07 0
168192 3 0.000542222 -2.12024e-07 0
168192 3 0.000769265 -2.12024e-07 0
168192 3 0.00109138 -2.12024e-07 0
168192 3 0.00154837 -2.12024e-07 0
168192 3 0.00219671 -2.12024e-07 0
168192 3 0.00311653 -2.12024e-07 0
168192 3 0.0044215 -2.12024e-07 0
168192 3 0.0062729 -2.12024e-07 0
168192 3 0.00889953 -2.12024e-07 0
168192 3 0.012626 -2.12024e-07 0
168192 3 0.0179128 -2.12024e-07 0
168192 3 0.0254134 -2.12024e-07 0
168192 3 0.0360547 -2.12024e-07 0
168192 3 0.0511518 -2.12024e-07 0
168192 3 0.0725704 -2.12024e-07 0
168192 3 0.102958 -2.12024e-07 0
168192 3 0.146069 -2.12024e-07 0
168192 3 0.207231 -2.12024e-07 0
168192 3 0.294005 -2.12023e-07 0
168192 3 0.417112 -2.1202e-07 0
168192 3 0.591769 -2.12013e-07 0
168192 3 0.839558 -2.12003e-07 0
168192 3 1.1911 -2.11997e-07 0
168192 3 1.68985 -2.12e-07 0
168192 3 2.39743 -2.11994e-07 0
168192 3 3.4013 -2.1194e-07 0
168192 3 4.82552 -2.11897e-07 0
168192 3 6.8461 -2.11927e-07 0
168192 3 9.71274 -2.11855e-07 0
168192 3 13.7797 -2.11642e-07 0
168192 3 19.5497 -2.11727e-07 0
168192 3 27.7356 -2.11583e-07 0
168192 3 39.3493 -2.11282e-07 0
168192 3 55.8259 -2.11142e-07 0
168192 3 79.2016 -2.10912e-07 0
168192 3 112.365 -2.10633e-07 0
168192 3 159.416 -2.10337e-07 0
168192 3 226.168 -2.09893e-07 0
168192 3 320.87 -2.09147e-07 0
168192 3 455.227 -2.08268e-07 0
168192 3 645.842 -2.07263e-07 0
168192 3 916.274 -2.05356e-07 0
168192 3 1299.94 -2.02722e-07 0
168192 3 1844.26 -1.99525e-07 0
168192 3 2616.5 -1.95651e-07 0
168192 3 3712.11 -1.89554e-07 0
168192 3 5266.46 -1.81113e-07 0
168192 3 7471.67 -1.70365e-07 0
168192 3 10600.3 -1.57302e-07 0
168192 3 15038.9 -1.41987e-07 0
168192 3 21336 -1.24575e-07 0
168192 3 30270 -1.05453e-07 0
168192 3 42944.9 -8.54431e-08 0
168192 3 60927 -6.58332e-08 0
168192 3 86438.8 -4.80842e-08 0
168192 3 122633 -3.33697e-08 0
168192 3 173983 -2.21838e-08 0
168192 3 246834 -1.40867e-08 0
168192 3 350190 -8.39299e-09 0
168192 3 496824 -4.71689e-09 0
168192 3 704857 -2.40739e-09 0
168192 3 1e+06 -9.26396e-10 0

410113 3 1e-06 -6.02276e-08 0
410113 3 1.41873e-06 -6.02276e-08 0
410113 3 2.01279e-06 -6.02276e-08 0
410113 3 2.85559e-06 -6.02276e-08 0
410113 3 4.0513e-06 -6.02276e-08 0
410113 3 5.74769e-06 -6.02276e-08 0
410113 3 8.15441e-06 -6.02276e-08 0
410113 3 1.15689e-05 -6.02276e-08 0
410113 3 1.64131e-05 -6.02276e-08 0
410113 3 2.32857e-05 -6.02276e-08 0
410113 3 3.3036e-05 -6.02276e-08 0
410113 3 4.6869e-05 -6.02276e-08 0
410113 3 6.64944e-05 -6.02276e-08 0
410113 3 9.43373e-05 -6.02276e-08 0
410113 3 0.000133839 -6.02276e-08 0
410113 3 0.000189881 -6.02276e-08 0
410113 3 0.000269389 -6.02276e-08 0
410113 3 0.000382189 -6.02276e-08 0
410113 3 0.000542222 -6.02276e-08 0
410113 3 0.000769265 -6.02276e-08 0
410113 3 0.00109138 -6.02276e-08 0
410113 3 0.00154837 -6.02276e-08 0
410113 3 0.00219671 -6.02276e-08 0
410113 3 0.00311653 -6.02276e-08 0
410113 3 0.0044215 -6.02276e-08 0
410113 3 0.0062729 -6.02276e-08 0
410113 3 0.00889953 -6.02276e-08 0
410113 3 0.012626 -6.02276e-08 0
410113 3 0.0179128 -6.02276e-08 0
410113 3 0.0254134 -6.02276e-08 0
410113 3 0.0360547 -6.02276e-08 0
410113 3 0.0511518 -6.02276e-08 0
410113 3 0.0725704 -6.02276e-08 0
410113 3 0.102958 -6.02276e-08 0
410113 3 0.146069 -6.02276e-08 0
410113 3 0.207231 -6.02276e-08 0
410113 3 0.294005 -6.02275e-08 0
410113 3 0.417112 -6.0227e-08 0
410113 3 0.591769 -6.02259e-08 0
410113 3 0.839558 -6.02243e-08 0
410113 3 1.1911 -6.02233e-08 0
410113 3 1.68985 -6.0224e-08 0
410113 3 2.39743 -6.02232e-08 0
410113 3 3.4013 -6.02143e-08 0
410113 3 4.82552 -6.02074e-08 0
410113 3 6.8461 -6.02129e-08 0
410113 3 9.71274 -6.02014e-08 0
410113 3 13.7797 -6.01667e-08 0
410113 3 19.5497 -6.0182e-08 0
410113 3 27.7356 -6.01596e-08 0
410113 3 39.3493 -6.01117e-08 0
410113 3 55.8259 -6.00918e-08 0
410113 3 79.2016 -6.00581e-08 0
410113 3 112.365 -6.00184e-08 0
410113 3 159.416 -5.99785e-08 0
410113 3 226.168 -5.99179e-08 0
410113 3 320.87 -5.9812e-08 0
410113 3 455.227 -5.96913e-08 0
410113 3 645.842 -5.95602e-08 0
410113 3 916.274 -5.929e-08 0
410113 3 1299.94 -5.89131e-08 0
410113 3 1844.26 -5.84636e-08 0
410113 3 2616.5 -5.79279e-08 0
410113 3 3712.11 -5.70303e-08 0
410113 3 5266.46 -5.57291e-08 0
410113 3 7471.67 -5.39965e-08 0
410113 3 10600.3 -5.17775e-08 0
410113 3 15038.9 -4.90022e-08 0
410113 3 21336 -4.55741e-08 0
410113 3 30270 -4.13852e-08 0
410113 3 42944.9 -3.63874e-08 0
410113 3 60927 -3.07009e-08 0
410113 3 86438.8 -2.46839e-08 0
410113 3 122633 -1.88795e-08 0
410113 3 173983 -1.37916e-08 0
410113 3 246834 -9.5456e-09 0
410113 3 350190 -6.13e-09 0
410113 3 496824 -3.66453e-09 0
410113 3 704857 -1.95872e-09 0
410113 3 1e+06 -7.70567e-10 0

1e+06 3 1e-06 -1.55182e-08 0
1e+06 3 1.41873e-06 -1.55182e-08 0
1e+06 3 2.01279e-06 -1.55182e-08 0
1e+06 3 2.85559e-06 -1.55182e-08 0
1e+06 3 4.0513e-06 -1.55182e-08 0
1e+06 3 5.74769e-06 -1.55182e-08 0
1e+06 3 8.15441e-06 -1.55182e-08 0
1e+06 3 1.15689e-05 -1.55182e-08 0
1e+06 3 1.64131e-05 -1.55182e-08 0
1e+06 3 2.32857e-05 -1.55182e-08 0
1e+06 3 3.3036e-05 -1.55182e-08 0
1e+06 3 4.6869e-05 -1.55182e-08 0
1e+06 3 6.64944e-05 -1.55182e-08 0
1e+06 3 9.43373e-05 -1.55182e-08 0
1e+06 3 0.000133839 -1.55182e-08 0
1e+06 3 0.000189881 -1.55182e-08 0
1e+06 3 0.000269389 -1.55182e-08 0
1e+06 3 0.000382189 -1.55182e-08 0
1e+06 3 0.000542222 -1.55182e-08 0
1e+06 3 0.000769265 -1.55182e-08 0
1e+06 3 0.00109138 -1.55182e-08 0
1e+06 3 0.00154837 -1.55182e-08 0
1e+06 3 0.00219671 -1.55182e-08 0
1e+06 3 0.00311653 -1.55182e-08 0
1e+06 3 0.0044215 -1.55182e-08 0
1e+06 3 0.0062729 -1.55182e-08 0
1e+06 3 0.00889953 -1.55182e-08 0
1e+06 3 0.012626 -1.55182e-08 0
1e+06 3 0.0179128 -1.55182e-08 0
1e+06 3 0.0254134 -1.55182e-08 0
1e+06 3 0.0360547 -1.55182e-08 0
1e+06 3 0.0511518 -1.55183e-08 0
1e+06 3 0.0725704 -1.55183e-08 0
1e+06 3 0.102958 -1.55183e-08 0
1e+06 3 0.146069 -1.55183e-08 0
1e+06 3 0.207231 -1.55183e-08 0
1e+06 3 0.294005 -1.55182e-08 0
1e+06 3 0.417112 -1.55182e-08 0
1e+06 3 0.591769 -1.5518e-08 0
1e+06 3 0.839558 -1.55177e-08 0
1e+06 3 1.1911 -1.55176e-08 0
1e+06 3 1.68985 -1.55177e-08 0
1e+06 3 2.39743 -1.55176e-08 0
1e+06 3 3.4013 -1.55161e-08 0
1e+06 3 4.82552 -1.5515e-08 0
1e+06 3 6.8461 -1.5516e-08 0
1e+06 3 9.71274 -1.55142e-08 0
1e+06 3 13.7797 -1.55085e-08 0
1e+06 3 19.5497 -1.55113e-08 0
1e+06 3 27.7356 -1.55079e-08 0
1e+06 3 39.3493 -1.55002e-08 0
1e+06 3 55.8259 -1.54975e-08 0
1e+06 3 79.2016 -1.54927e-08 0
1e+06 3 112.365 -1.54873e-08 0
1e+06 3 159.416 -1.54823e-08 0
1e+06 3 226.168 -1.54745e-08 0
1e+06 3 320.87 -1.54602e-08 0
1e+06 3 455.227 -1.54447e-08 0
1e+06 3 645.842 -1.54295e-08 0
1e+06 3 916.274 -1.53935e-08 0
1e+06 3 1299.94 -1.53432e-08 0
1e+06 3 1844.26 -1.52857e-08 0
1e+06 3 2616.5 -1.52207e-08 0
1e+06 3 3712.11 -1.51028e-08 0
1e+06 3 5266.46 -1.4926e-08 0
1e+06 3 7471.67 -1.46861e-08 0
1e+06 3 10600.3 -1.43734e-08 0
1e+06 3 15038.9 -1.39725e-08 0
1e+06 3 21336 -1.34575e-08 0
1e+06 3 30270 -1.27873e-08 0
1e+06 3 42944.9 -1.19118e-08 0
1e+06 3 60927 -1.07935e-08 0
1e+06 3 86438.8 -9.442e-09 0
1e+06 3 122633 -7.94225e-09 0
1e+06 3 173983 -6.42334e-09 0
1e+06 3 246834 -4.92821e-09 0
1e+06 3 350190 -3.49707e-09 0
1e+06 3 496824 -2.28665e-09 0
1e+06 3 704857 -1.31358e-09 0
1e+06 3 1e+06 -5.36537e-10 0

