#q_sq i k_sq Re(fg) Im(fg)
1e-06 8 1e-06 0.921797 0
1e-06 8 1.41873e-06 0.921797 0
1e-06 8 2.01279e-06 0.921796 0
1e-06 8 2.85559e-06 0.921795 0
1e-06 8 4.0513e-06 0.921795 0
1e-06 8 5.74769e-06 0.921793 0
1e-06 8 8.15441e-06 0.921792 0
1e-06 8 1.15689e-05 0.921789 0
1e-06 8 1.64131e-05 0.921786 0
1e-06 8 2.32857e-05 0.921781 0
1e-06 8 3.3036e-05 0.921774 0
1e-06 8 4.6869e-05 0.921765 0
1e-06 8 6.64944e-05 0.921751 0
1e-06 8 9.43373e-05 0.921731 0
1e-06 8 0.000133839 0.921704 0
1e-06 8 0.000189881 0.921665 0
1e-06 8 0.000269389 0.921609 0
1e-06 8 0.000382189 0.92153 0
1e-06 8 0.000542222 0.921418 0
1e-06 8 0.000769265 0.92126 0
1e-06 8 0.00109138 0.921035 0
1e-06 8 0.00154837 0.920717 0
1e-06 8 0.00219671 0.920266 0
1e-06 8 0.00311653 0.919629 0
1e-06 8 0.0044215 0.918728 0
1e-06 8 0.0062729 0.917459 0
1e-06 8 0.00889953 0.915673 0
1e-06 8 0.012626 0.913169 0
1e-06 8 0.0179128 0.909679 0
1e-06 8 0.0254134 0.904847 0
1e-06 8 0.0360547 0.898228 0
1e-06 8 0.0511518 0.889291 0
1e-06 8 0.0725704 0.87748 0
1e-06 8 0.102958 0.862335 0
1e-06 8 0.146069 0.843756 0
1e-06 8 0.207231 0.822411 0
1e-06 8 0.294005 0.800236 0
1e-06 8 0.417112 0.780771 0
1e-06 8 0.591769 0.768632 0
1e-06 8 0.839558 0.767336 0
1e-06 8 1.1911 0.776554 0
1e-06 8 1.68985 0.79267 0
1e-06 8 2.39743 0.813052 0
1e-06 8 3.4013 0.839997 0
1e-06 8 4.82552 0.867008 0
1e-06 8 6.8461 0.87886 0
1e-06 8 9.71274 0.90062 0
1e-06 8 13.7797 0.924541 0
1e-06 8 19.5497 0.923508 0
1e-06 8 27.7356 0.936311 0
1e-06 8 39.3493 0.943945 0
1e-06 8 55.8259 0.945488 0
1e-06 8 79.2016 0.947472 0
1e-06 8 112.365 0.948898 0
1e-06 8 159.416 0.949531 0
1e-06 8 226.168 0.950482 0
1e-06 8 320.87 0.951913 0
1e-06 8 455.227 0.95284 0
1e-06 8 645.842 0.953272 0
1e-06 8 916.274 0.954519 0
1e-06 8 1299.94 0.955741 0
1e-06 8 1844.26 0.956619 0
1e-06 8 2616.5 0.957239 0
1e-06 8 3712.11 0.958297 0
1e-06 8 5266.46 0.959514 0
1e-06 8 7471.67 0.960732 0
1e-06 8 10600.3 0.961945 0
1e-06 8 15038.9 0.963168 0
1e-06 8 21336 0.964417 0
1e-06 8 30270 0.965703 0
1e-06 8 42944.9 0.967024 0
1e-06 8 60927 0.968363 0
1e-06 8 86438.8 0.969684 0
1e-06 8 122633 0.970921 0
1e-06 8 173983 0.972009 0
1e-06 8 246834 0.972968 0
1e-06 8 350190 0.973859 0
1e-06 8 496824 0.974642 0
1e-06 8 704857 0.975363 0
1e-06 8 1e+06 0.976099 0

2.43835e-06 8 1e-06 0.921797 0
2.43835e-06 8 1.41873e-06 0.921796 0
2.43835e-06 8 2.01279e-06 0.921796 0
2.43835e-06 8 2.85559e-06 0.921795 0
2.43835e-06 8 4.0513e-06 0.921794 0
2.43835e-06 8 5.74769e-06 0.921793 0
2.43835e-06 8 8.15441e-06 0.921792 0
2.43835e-06 8 1.15689e-05 0.921789 0
2.43835e-06 8 1.64131e-05 0.921786 0
2.43835e-06 8 2.32857e-05 0.921781 0
2.43835e-06 8 3.3036e-05 0.921774 0
2.43835e-06 8 4.6869e-05 0.921764 0
2.43835e-06 8 6.64944e-05 0.921751 0
2.43835e-06 8 9.43373e-05 0.921731 0
2.43835e-06 8 0.000133839 0.921704 0
2.43835e-06 8 0.000189881 0.921664 0
2.43835e-06 8 0.000269389 0.921609 0
2.43835e-06 8 0.000382189 0.92153 0
2.43835e-06 8 0.000542222 0.921418 0
2.43835e-06 8 0.000769265 0.92126 0
2.43835e-06 8 0.00109138 0.921035 0
2.43835e-06 8 0.00154837 0.920717 0
2.43835e-06 8 0.00219671 0.920266 0
2.43835e-06 8 0.00311653 0.919629 0
2.43835e-06 8 0.0044215 0.918728 0
2.43835e-06 8 0.0062729 0.917458 0
2.43835e-06 8 0.00889953 0.915672 0
2.43835e-06 8 0.012626 0.913169 0
2.43835e-06 8 0.0179128 0.909679 0
2.43835e-06 8 0.0254134 0.904847 0
2.43835e-06 8 0.0360547 0.898227 0
2.43835e-06 8 0.0511518 0.889291 0
2.43835e-06 8 0.0725704 0.87748 0
2.43835e-06 8 0.102958 0.862335 0
2.43835e-06 8 0.146069 0.843756 0
2.43835e-06 8 0.207231 0.822411 0
2.43835e-06 8 0.294005 0.800236 0
2.43835e-06 8 0.417112 0.780771 0
2.43835e-06 8 0.591769 0.768632 0
2.43835e-06 8 0.839558 0.767336 0
2.43835e-06 8 1.1911 0.776554 0
2.43835e-06 8 1.68985 0.79267 0
2.43835e-06 8 2.39743 0.813052 0
2.43835e-06 8 3.4013 0.839997 0
2.43835e-06 8 4.82552 0.867008 0
2.43835e-06 8 6.8461 0.87886 0
2.43835e-06 8 9.71274 0.90062 0
2.43835e-06 8 13.7797 0.924541 0
2.43835e-06 8 19.5497 0.923508 0
2.43835e-06 8 27.7356 0.936311 0
2.43835e-06 8 39.3493 0.943945 0
2.43835e-06 8 55.8259 0.945488 0
2.43835e-06 8 79.2016 0.947472 0
2.43835e-06 8 112.365 0.948898 0
2.43835e-06 8 159.416 0.949531 0
2.43835e-06 8 226.168 0.950482 0
2.43835e-06 8 320.87 0.951913 0
2.43835e-06 8 455.227 0.95284 0
2.43835e-06 8 645.842 0.953272 0
2.43835e-06 8 916.274 0.954519 0
2.43835e-06 8 1299.94 0.955741 0
2.43835e-06 8 1844.26 0.956619 0
2.43835e-06 8 2616.5 0.957239 0
2.43835e-06 8 3712.11 0.958297 0
2.43835e-06 8 5266.46 0.959514 0
2.43835e-06 8 7471.67 0.960732 0
2.43835e-06 8 10600.3 0.961945 0
2.43835e-06 8 15038.9 0.963168 0
2.43835e-06 8 21336 0.964417 0
2.43835e-06 8 30270 0.965703 0
2.43835e-06 8 42944.9 0.967024 0
2.43835e-06 8 60927 0.968363 0
2.43835e-06 8 86438.8 0.969684 0
2.43835e-06 8 122633 0.970921 0
2.43835e-06 8 173983 0.972009 0
2.43835e-06 8 246834 0.972968 0
2.43835e-06 8 350190 0.973859 0
2.43835e-06 8 496824 0.974642 0
2.43835e-06 8 704857 0.975363 0
2.43835e-06 8 1e+06 0.976099 0

5.94557e-06 8 1e-06 0.921796 0
5.94557e-06 8 1.41873e-06 0.921796 0
5.94557e-06 8 2.01279e-06 0.921795 0
5.94557e-06 8 2.85559e-06 0.921795 0
5.94557e-06 8 4.0513e-06 0.921794 0
5.94557e-06 8 5.74769e-06 0.921793 0
5.94557e-06 8 8.15441e-06 0.921791 0
5.94557e-06 8 1.15689e-05 0.921789 0
5.94557e-06 8 1.64131e-05 0.921785 0
5.94557e-06 8 2.32857e-05 0.92178 0
5.94557e-06 8 3.3036e-05 0.921774 0
5.94557e-06 8 4.6869e-05 0.921764 0
5.94557e-06 8 6.64944e-05 0.92175 0
5.94557e-06 8 9.43373e-05 0.921731 0
5.94557e-06 8 0.000133839 0.921703 0
5.94557e-06 8 0.000189881 0.921664 0
5.94557e-06 8 0.000269389 0.921608 0
5.94557e-06 8 0.000382189 0.921529 0
5.94557e-06 8 0.000542222 0.921418 0
5.94557e-06 8 0.000769265 0.921259 0
5.94557e-06 8 0.00109138 0.921034 0
5.94557e-06 8 0.00154837 0.920716 0
5.94557e-06 8 0.00219671 0.920265 0
5.94557e-06 8 0.00311653 0.919628 0
5.94557e-06 8 0.0044215 0.918728 0
5.94557e-06 8 0.0062729 0.917458 0
5.94557e-06 8 0.00889953 0.915672 0
5.94557e-06 8 0.012626 0.913169 0
5.94557e-06 8 0.0179128 0.909678 0
5.94557e-06 8 0.0254134 0.904847 0
5.94557e-06 8 0.0360547 0.898227 0
5.94557e-06 8 0.0511518 0.889291 0
5.94557e-06 8 0.0725704 0.87748 0
5.94557e-06 8 0.102958 0.862335 0
5.94557e-06 8 0.146069 0.843756 0
5.94557e-06 8 0.207231 0.82241 0
5.94557e-06 8 0.294005 0.800236 0
5.94557e-06 8 0.417112 0.780771 0
5.94557e-06 8 0.591769 0.768632 0
5.94557e-06 8 0.839558 0.767336 0
5.94557e-06 8 1.1911 0.776554 0
5.94557e-06 8 1.68985 0.79267 0
5.94557e-06 8 2.39743 0.813052 0
5.94557e-06 8 3.4013 0.839998 0
5.94557e-06 8 4.82552 0.867008 0
5.94557e-06 8 6.8461 0.87886 0
5.94557e-06 8 9.71274 0.90062 0
5.94557e-06 8 13.7797 0.924541 0
5.94557e-06 8 19.5497 0.923508 0
5.94557e-06 8 27.7356 0.936311 0
5.94557e-06 8 39.3493 0.943945 0
5.94557e-06 8 55.8259 0.945488 0
5.94557e-06 8 79.2016 0.947472 0
5.94557e-06 8 112.365 0.948898 0
5.94557e-06 8 159.416 0.949531 0
5.94557e-06 8 226.168 0.950482 0
5.94557e-06 8 320.87 0.951913 0
5.94557e-06 8 455.227 0.95284 0
5.94557e-06 8 645.842 0.953272 0
5.94557e-06 8 916.274 0.954519 0
5.94557e-06 8 1299.94 0.955741 0
5.94557e-06 8 1844.26 0.956619 0
5.94557e-06 8 2616.5 0.957239 0
5.94557e-06 8 3712.11 0.958297 0
5.94557e-06 8 5266.46 0.959514 0
5.94557e-06 8 7471.67 0.960732 0
5.94557e-06 8 10600.3 0.961945 0
5.94557e-06 8 15038.9 0.963168 0
5.94557e-06 8 21336 0.964417 0
5.94557e-06 8 30270 0.965703 0
5.94557e-06 8 42944.9 0.967024 0
5.94557e-06 8 60927 0.968363 0
5.94557e-06 8 86438.8 0.969684 0
5.94557e-06 8 122633 0.970921 0
5.94557e-06 8 173983 0.972009 0
5.94557e-06 8 246834 0.972968 0
5.94557e-06 8 350190 0.973859 0
5.94557e-06 8 496824 0.974642 0
5.94557e-06 8 704857 0.975363 0
5.94557e-06 8 1e+06 0.976099 0

1.44974e-05 8 1e-06 0.921795 0
1.44974e-05 8 1.41873e-06 0.921794 0
1.44974e-05 8 2.01279e-06 0.921794 0
1.44974e-05 8 2.85559e-06 0.921793 0
1.44974e-05 8 4.0513e-06 0.921793 0
1.44974e-05 8 5.74769e-06 0.921791 0
1.44974e-05 8 8.15441e-06 0.92179 0
1.44974e-05 8 1.15689e-05 0.921787 0
1.44974e-05 8 1.64131e-05 0.921784 0
1.44974e-05 8 2.32857e-05 0.921779 0
1.44974e-05 8 3.3036e-05 0.921772 0
1.44974e-05 8 4.6869e-05 0.921763 0
1.44974e-05 8 6.64944e-05 0.921749 0
1.44974e-05 8 9.43373e-05 0.921729 0
1.44974e-05 8 0.000133839 0.921702 0
1.44974e-05 8 0.000189881 0.921663 0
1.44974e-05 8 0.000269389 0.921607 0
1.44974e-05 8 0.000382189 0.921528 0
1.44974e-05 8 0.000542222 0.921416 0
1.44974e-05 8 0.000769265 0.921258 0
1.44974e-05 8 0.00109138 0.921033 0
1.44974e-05 8 0.00154837 0.920715 0
1.44974e-05 8 0.00219671 0.920264 0
1.44974e-05 8 0.00311653 0.919627 0
1.44974e-05 8 0.0044215 0.918726 0
1.44974e-05 8 0.0062729 0.917457 0
1.44974e-05 8 0.00889953 0.915671 0
1.44974e-05 8 0.012626 0.913168 0
1.44974e-05 8 0.0179128 0.909677 0
1.44974e-05 8 0.0254134 0.904846 0
1.44974e-05 8 0.0360547 0.898226 0
1.44974e-05 8 0.0511518 0.88929 0
1.44974e-05 8 0.0725704 0.877479 0
1.44974e-05 8 0.102958 0.862334 0
1.44974e-05 8 0.146069 0.843755 0
1.44974e-05 8 0.207231 0.82241 0
1.44974e-05 8 0.294005 0.800235 0
1.44974e-05 8 0.417112 0.780771 0
1.44974e-05 8 0.591769 0.768632 0
1.44974e-05 8 0.839558 0.767336 0
1.44974e-05 8 1.1911 0.776555 0
1.44974e-05 8 1.68985 0.79267 0
1.44974e-05 8 2.39743 0.813052 0
1.44974e-05 8 3.4013 0.839998 0
1.44974e-05 8 4.82552 0.867008 0
1.44974e-05 8 6.8461 0.87886 0
1.44974e-05 8 9.71274 0.90062 0
1.44974e-05 8 13.7797 0.924541 0
1.44974e-05 8 19.5497 0.923508 0
1.44974e-05 8 27.7356 0.936311 0
1.44974e-05 8 39.3493 0.943945 0
1.44974e-05 8 55.8259 0.945488 0
1.44974e-05 8 79.2016 0.947472 0
1.44974e-05 8 112.365 0.948898 0
1.44974e-05 8 159.416 0.949531 0
1.44974e-05 8 226.168 0.950482 0
1.44974e-05 8 320.87 0.951913 0
1.44974e-05 8 455.227 0.95284 0
1.44974e-05 8 645.842 0.953272 0
1.44974e-05 8 916.274 0.954519 0
1.44974e-05 8 1299.94 0.955741 0
1.44974e-05 8 1844.26 0.956619 0
1.44974e-05 8 2616.5 0.957239 0
1.44974e-05 8 3712.11 0.958297 0
1.44974e-05 8 5266.46 0.959514 0
1.44974e-05 8 7471.67 0.960732 0
1.44974e-05 8 10600.3 0.961945 0
1.44974e-05 8 15038.9 0.963168 0
1.44974e-05 8 21336 0.964417 0
1.44974e-05 8 30270 0.965703 0
1.44974e-05 8 42944.9 0.967024 0
1.44974e-05 8 60927 0.968363 0
1.44974e-05 8 86438.8 0.969684 0
1.44974e-05 8 122633 0.970921 0
1.44974e-05 8 173983 0.972009 0
1.44974e-05 8 246834 0.972968 0
1.44974e-05 8 350190 0.973859 0
1.44974e-05 8 496824 0.974642 0
1.44974e-05 8 704857 0.975363 0
1.44974e-05 8 1e+06 0.976099 0

3.53498e-05 8 1e-06 0.921792 0
3.53498e-05 8 1.41873e-06 0.921791 0
3.53498e-05 8 2.01279e-06 0.921791 0
3.53498e-05 8 2.85559e-06 0.92179 0
3.53498e-05 8 4.0513e-06 0.92179 0
3.53498e-05 8 5.74769e-06 0.921788 0
3.53498e-05 8 8.15441e-06 0.921787 0
3.53498e-05 8 1.15689e-05 0.921784 0
3.53498e-05 8 1.64131e-05 0.921781 0
3.53498e-05 8 2.32857e-05 0.921776 0
3.53498e-05 8 3.3036e-05 0.921769 0
3.53498e-05 8 4.6869e-05 0.92176 0
3.53498e-05 8 6.64944e-05 0.921746 0
3.53498e-05 8 9.43373e-05 0.921726 0
3.53498e-05 8 0.000133839 0.921699 0
3.53498e-05 8 0.000189881 0.921659 0
3.53498e-05 8 0.000269389 0.921604 0
3.53498e-05 8 0.000382189 0.921525 0
3.53498e-05 8 0.000542222 0.921413 0
3.53498e-05 8 0.000769265 0.921255 0
3.53498e-05 8 0.00109138 0.92103 0
3.53498e-05 8 0.00154837 0.920712 0
3.53498e-05 8 0.00219671 0.920261 0
3.53498e-05 8 0.00311653 0.919624 0
3.53498e-05 8 0.0044215 0.918723 0
3.53498e-05 8 0.0062729 0.917454 0
3.53498e-05 8 0.00889953 0.915668 0
3.53498e-05 8 0.012626 0.913165 0
3.53498e-05 8 0.0179128 0.909674 0
3.53498e-05 8 0.0254134 0.904843 0
3.53498e-05 8 0.0360547 0.898223 0
3.53498e-05 8 0.0511518 0.889287 0
3.53498e-05 8 0.0725704 0.877477 0
3.53498e-05 8 0.102958 0.862332 0
3.53498e-05 8 0.146069 0.843754 0
3.53498e-05 8 0.207231 0.822409 0
3.53498e-05 8 0.294005 0.800235 0
3.53498e-05 8 0.417112 0.78077 0
3.53498e-05 8 0.591769 0.768632 0
3.53498e-05 8 0.839558 0.767336 0
3.53498e-05 8 1.1911 0.776555 0
3.53498e-05 8 1.68985 0.79267 0
3.53498e-05 8 2.39743 0.813052 0
3.53498e-05 8 3.4013 0.839998 0
3.53498e-05 8 4.82552 0.867008 0
3.53498e-05 8 6.8461 0.87886 0
3.53498e-05 8 9.71274 0.90062 0
3.53498e-05 8 13.7797 0.924541 0
3.53498e-05 8 19.5497 0.923508 0
3.53498e-05 8 27.7356 0.936311 0
3.53498e-05 8 39.3493 0.943945 0
3.53498e-05 8 55.8259 0.945488 0
3.53498e-05 8 79.2016 0.947472 0
3.53498e-05 8 112.365 0.948898 0
3.53498e-05 8 159.416 0.949531 0
3.53498e-05 8 226.168 0.950482 0
3.53498e-05 8 320.87 0.951913 0
3.53498e-05 8 455.227 0.95284 0
3.53498e-05 8 645.842 0.953272 0
3.53498e-05 8 916.274 0.954519 0
3.53498e-05 8 1299.94 0.955741 0
3.53498e-05 8 1844.26 0.956619 0
3.53498e-05 8 2616.5 0.957239 0
3.53498e-05 8 3712.11 0.958297 0
3.53498e-05 8 5266.46 0.959514 0
3.53498e-05 8 7471.67 0.960732 0
3.53498e-05 8 10600.3 0.961945 0
3.53498e-05 8 15038.9 0.963168 0
3.53498e-05 8 21336 0.964417 0
3.53498e-05 8 30270 0.965703 0
3.53498e-05 8 42944.9 0.967024 0
3.53498e-05 8 60927 0.968363 0
3.53498e-05 8 86438.8 0.969684 0
3.53498e-05 8 122633 0.970921 0
3.53498e-05 8 173983 0.972009 0
3.53498e-05 8 246834 0.972968 0
3.53498e-05 8 350190 0.973859 0
3.53498e-05 8 496824 0.974642 0
3.53498e-05 8 704857 0.975363 0
3.53498e-05 8 1e+06 0.976099 0

8.61954e-05 8 1e-06 0.921784 0
8.61954e-05 8 1.41873e-06 0.921784 0
8.61954e-05 8 2.01279e-06 0.921783 0
8.61954e-05 8 2.85559e-06 0.921783 0
8.61954e-05 8 4.0513e-06 0.921782 0
8.61954e-05 8 5.74769e-06 0.921781 0
8.61954e-05 8 8.15441e-06 0.921779 0
8.61954e-05 8 1.15689e-05 0.921777 0
8.61954e-05 8 1.64131e-05 0.921773 0
8.61954e-05 8 2.32857e-05 0.921768 0
8.61954e-05 8 3.3036e-05 0.921762 0
8.61954e-05 8 4.6869e-05 0.921752 0
8.61954e-05 8 6.64944e-05 0.921738 0
8.61954e-05 8 9.43373e-05 0.921719 0
8.61954e-05 8 0.000133839 0.921691 0
8.61954e-05 8 0.000189881 0.921652 0
8.61954e-05 8 0.000269389 0.921596 0
8.61954e-05 8 0.000382189 0.921517 0
8.61954e-05 8 0.000542222 0.921406 0
8.61954e-05 8 0.000769265 0.921247 0
8.61954e-05 8 0.00109138 0.921022 0
8.61954e-05 8 0.00154837 0.920704 0
8.61954e-05 8 0.00219671 0.920254 0
8.61954e-05 8 0.00311653 0.919616 0
8.61954e-05 8 0.0044215 0.918716 0
8.61954e-05 8 0.0062729 0.917446 0
8.61954e-05 8 0.00889953 0.915661 0
8.61954e-05 8 0.012626 0.913158 0
8.61954e-05 8 0.0179128 0.909667 0
8.61954e-05 8 0.0254134 0.904836 0
8.61954e-05 8 0.0360547 0.898217 0
8.61954e-05 8 0.0511518 0.889281 0
8.61954e-05 8 0.0725704 0.877471 0
8.61954e-05 8 0.102958 0.862328 0
8.61954e-05 8 0.146069 0.84375 0
8.61954e-05 8 0.207231 0.822406 0
8.61954e-05 8 0.294005 0.800233 0
8.61954e-05 8 0.417112 0.78077 0
8.61954e-05 8 0.591769 0.768632 0
8.61954e-05 8 0.839558 0.767336 0
8.61954e-05 8 1.1911 0.776555 0
8.61954e-05 8 1.68985 0.792671 0
8.61954e-05 8 2.39743 0.813052 0
8.61954e-05 8 3.4013 0.839998 0
8.61954e-05 8 4.82552 0.867008 0
8.61954e-05 8 6.8461 0.87886 0
8.61954e-05 8 9.71274 0.90062 0
8.61954e-05 8 13.7797 0.924541 0
8.61954e-05 8 19.5497 0.923508 0
8.61954e-05 8 27.7356 0.936311 0
8.61954e-05 8 39.3493 0.943945 0
8.61954e-05 8 55.8259 0.945488 0
8.61954e-05 8 79.2016 0.947472 0
8.61954e-05 8 112.365 0.948898 0
8.61954e-05 8 159.416 0.949531 0
8.61954e-05 8 226.168 0.950482 0
8.61954e-05 8 320.87 0.951913 0
8.61954e-05 8 455.227 0.95284 0
8.61954e-05 8 645.842 0.953272 0
8.61954e-05 8 916.274 0.954519 0
8.61954e-05 8 1299.94 0.955741 0
8.61954e-05 8 1844.26 0.956619 0
8.61954e-05 8 2616.5 0.957239 0
8.61954e-05 8 3712.11 0.958297 0
8.61954e-05 8 5266.46 0.959514 0
8.61954e-05 8 7471.67 0.960732 0
8.61954e-05 8 10600.3 0.961945 0
8.61954e-05 8 15038.9 0.963168 0
8.61954e-05 8 21336 0.964417 0
8.61954e-05 8 30270 0.965703 0
8.61954e-05 8 42944.9 0.967024 0
8.61954e-05 8 60927 0.968363 0
8.61954e-05 8 86438.8 0.969684 0
8.61954e-05 8 122633 0.970921 0
8.61954e-05 8 173983 0.972009 0
8.61954e-05 8 246834 0.972968 0
8.61954e-05 8 350190 0.973859 0
8.61954e-05 8 496824 0.974642 0
8.61954e-05 8 704857 0.975363 0
8.61954e-05 8 1e+06 0.976099 0

0.000210175 8 1e-06 0.921767 0
0.000210175 8 1.41873e-06 0.921766 0
0.000210175 8 2.01279e-06 0.921766 0
0.000210175 8 2.85559e-06 0.921765 0
0.000210175 8 4.0513e-06 0.921765 0
0.000210175 8 5.74769e-06 0.921763 0
0.000210175 8 8.15441e-06 0.921762 0
0.000210175 8 1.15689e-05 0.921759 0
0.000210175 8 1.64131e-05 0.921756 0
0.000210175 8 2.32857e-05 0.921751 0
0.000210175 8 3.3036e-05 0.921744 0
0.000210175 8 4.6869e-05 0.921735 0
0.000210175 8 6.64944e-05 0.921721 0
0.000210175 8 9.43373e-05 0.921701 0
0.000210175 8 0.000133839 0.921674 0
0.000210175 8 0.000189881 0.921635 0
0.000210175 8 0.000269389 0.921579 0
0.000210175 8 0.000382189 0.9215 0
0.000210175 8 0.000542222 0.921388 0
0.000210175 8 0.000769265 0.92123 0
0.000210175 8 0.00109138 0.921005 0
0.000210175 8 0.00154837 0.920687 0
0.000210175 8 0.00219671 0.920236 0
0.000210175 8 0.00311653 0.919599 0
0.000210175 8 0.0044215 0.918699 0
0.000210175 8 0.0062729 0.917429 0
0.000210175 8 0.00889953 0.915644 0
0.000210175 8 0.012626 0.913141 0
0.000210175 8 0.0179128 0.909651 0
0.000210175 8 0.0254134 0.904821 0
0.000210175 8 0.0360547 0.898202 0
0.000210175 8 0.0511518 0.889268 0
0.000210175 8 0.0725704 0.877459 0
0.000210175 8 0.102958 0.862317 0
0.000210175 8 0.146069 0.843741 0
0.000210175 8 0.207231 0.8224 0
0.000210175 8 0.294005 0.800229 0
0.000210175 8 0.417112 0.780768 0
0.000210175 8 0.591769 0.768631 0
0.000210175 8 0.839558 0.767337 0
0.000210175 8 1.1911 0.776556 0
0.000210175 8 1.68985 0.792671 0
0.000210175 8 2.39743 0.813053 0
0.000210175 8 3.4013 0.839998 0
0.000210175 8 4.82552 0.867009 0
0.000210175 8 6.8461 0.87886 0
0.000210175 8 9.71274 0.90062 0
0.000210175 8 13.7797 0.924541 0
0.000210175 8 19.5497 0.923508 0
0.000210175 8 27.7356 0.936311 0
0.000210175 8 39.3493 0.943945 0
0.000210175 8 55.8259 0.945488 0
0.000210175 8 79.2016 0.947472 0
0.000210175 8 112.365 0.948898 0
0.000210175 8 159.416 0.949531 0
0.000210175 8 226.168 0.950482 0
0.000210175 8 320.87 0.951913 0
0.000210175 8 455.227 0.95284 0
0.000210175 8 645.842 0.953272 0
0.000210175 8 916.274 0.954519 0
0.000210175 8 1299.94 0.955741 0
0.000210175 8 1844.26 0.956619 0
0.000210175 8 2616.5 0.957239 0
0.000210175 8 3712.11 0.958297 0
0.000210175 8 5266.46 0.959514 0
0.000210175 8 7471.67 0.960732 0
0.000210175 8 10600.3 0.961945 0
0.000210175 8 15038.9 0.963168 0
0.000210175 8 21336 0.964417 0
0.000210175 8 30270 0.965703 0
0.000210175 8 42944.9 0.967024 0
0.000210175 8 60927 0.968363 0
0.000210175 8 86438.8 0.969684 0
0.000210175 8 122633 0.970921 0
0.000210175 8 173983 0.972009 0
0.000210175 8 246834 0.972968 0
0.000210175 8 350190 0.973859 0
0.000210175 8 496824 0.974642 0
0.000210175 8 704857 0.975363 0
0.000210175 8 1e+06 0.976099 0

0.000512481 8 1e-06 0.921728 0
0.000512481 8 1.41873e-06 0.921728 0
0.000512481 8 2.01279e-06 0.921728 0
0.000512481 8 2.85559e-06 0.921727 0
0.000512481 8 4.0513e-06 0.921726 0
0.000512481 8 5.74769e-06 0.921725 0
0.000512481 8 8.15441e-06 0.921723 0
0.000512481 8 1.15689e-05 0.921721 0
0.000512481 8 1.64131e-05 0.921717 0
0.000512481 8 2.32857e-05 0.921713 0
0.000512481 8 3.3036e-05 0.921706 0
0.000512481 8 4.6869e-05 0.921696 0
0.000512481 8 6.64944e-05 0.921682 0
0.000512481 8 9.43373e-05 0.921663 0
0.000512481 8 0.000133839 0.921635 0
0.000512481 8 0.000189881 0.921596 0
0.000512481 8 0.000269389 0.921541 0
0.000512481 8 0.000382189 0.921462 0
0.000512481 8 0.000542222 0.92135 0
0.000512481 8 0.000769265 0.921192 0
0.000512481 8 0.00109138 0.920967 0
0.000512481 8 0.00154837 0.920649 0
0.000512481 8 0.00219671 0.920198 0
0.000512481 8 0.00311653 0.919561 0
0.000512481 8 0.0044215 0.918661 0
0.000512481 8 0.0062729 0.917392 0
0.000512481 8 0.00889953 0.915607 0
0.000512481 8 0.012626 0.913105 0
0.000512481 8 0.0179128 0.909616 0
0.000512481 8 0.0254134 0.904786 0
0.000512481 8 0.0360547 0.89817 0
0.000512481 8 0.0511518 0.889237 0
0.000512481 8 0.0725704 0.877432 0
0.000512481 8 0.102958 0.862293 0
0.000512481 8 0.146069 0.843722 0
0.000512481 8 0.207231 0.822386 0
0.000512481 8 0.294005 0.800221 0
0.000512481 8 0.417112 0.780764 0
0.000512481 8 0.591769 0.768631 0
0.000512481 8 0.839558 0.767338 0
0.000512481 8 1.1911 0.776558 0
0.000512481 8 1.68985 0.792673 0
0.000512481 8 2.39743 0.813054 0
0.000512481 8 3.4013 0.839999 0
0.000512481 8 4.82552 0.867009 0
0.000512481 8 6.8461 0.87886 0
0.000512481 8 9.71274 0.90062 0
0.000512481 8 13.7797 0.924541 0
0.000512481 8 19.5497 0.923508 0
0.000512481 8 27.7356 0.936311 0
0.000512481 8 39.3493 0.943945 0
0.000512481 8 55.8259 0.945488 0
0.000512481 8 79.2016 0.947471 0
0.000512481 8 112.365 0.948898 0
0.000512481 8 159.416 0.949531 0
0.000512481 8 226.168 0.950482 0
0.000512481 8 320.87 0.951913 0
0.000512481 8 455.227 0.95284 0
0.000512481 8 645.842 0.953272 0
0.000512481 8 916.274 0.954519 0
0.000512481 8 1299.94 0.955741 0
0.000512481 8 1844.26 0.956619 0
0.000512481 8 2616.5 0.957239 0
0.000512481 8 3712.11 0.958297 0
0.000512481 8 5266.46 0.959514 0
0.000512481 8 7471.67 0.960732 0
0.000512481 8 10600.3 0.961945 0
0.000512481 8 15038.9 0.963168 0
0.000512481 8 21336 0.964417 0
0.000512481 8 30270 0.965703 0
0.000512481 8 42944.9 0.967024 0
0.000512481 8 60927 0.968363 0
0.000512481 8 86438.8 0.969684 0
0.000512481 8 122633 0.970921 0
0.000512481 8 173983 0.972009 0
0.000512481 8 246834 0.972968 0
0.000512481 8 350190 0.973859 0
0.000512481 8 496824 0.974642 0
0.000512481 8 704857 0.975363 0
0.000512481 8 1e+06 0.976099 0

0.00124961 8 1e-06 0.921647 0
0.00124961 8 1.41873e-06 0.921647 0
0.00124961 8 2.01279e-06 0.921646 0
0.00124961 8 2.85559e-06 0.921646 0
0.00124961 8 4.0513e-06 0.921645 0
0.00124961 8 5.74769e-06 0.921644 0
0.00124961 8 8.15441e-06 0.921642 0
0.00124961 8 1.15689e-05 0.92164 0
0.00124961 8 1.64131e-05 0.921636 0
0.00124961 8 2.32857e-05 0.921631 0
0.00124961 8 3.3036e-05 0.921625 0
0.00124961 8 4.6869e-05 0.921615 0
0.00124961 8 6.64944e-05 0.921601 0
0.00124961 8 9.43373e-05 0.921582 0
0.00124961 8 0.000133839 0.921554 0
0.00124961 8 0.000189881 0.921515 0
0.00124961 8 0.000269389 0.921459 0
0.00124961 8 0.000382189 0.921381 0
0.00124961 8 0.000542222 0.921269 0
0.00124961 8 0.000769265 0.92111 0
0.00124961 8 0.00109138 0.920886 0
0.00124961 8 0.00154837 0.920568 0
0.00124961 8 0.00219671 0.920118 0
0.00124961 8 0.00311653 0.919481 0
0.00124961 8 0.0044215 0.918582 0
0.00124961 8 0.0062729 0.917313 0
0.00124961 8 0.00889953 0.915529 0
0.00124961 8 0.012626 0.913028 0
0.00124961 8 0.0179128 0.909541 0
0.00124961 8 0.0254134 0.904714 0
0.00124961 8 0.0360547 0.8981 0
0.00124961 8 0.0511518 0.889173 0
0.00124961 8 0.0725704 0.877373 0
0.00124961 8 0.102958 0.862242 0
0.00124961 8 0.146069 0.84368 0
0.00124961 8 0.207231 0.822355 0
0.00124961 8 0.294005 0.800201 0
0.00124961 8 0.417112 0.780755 0
0.00124961 8 0.591769 0.76863 0
0.00124961 8 0.839558 0.767341 0
0.00124961 8 1.1911 0.776562 0
0.00124961 8 1.68985 0.792677 0
0.00124961 8 2.39743 0.813057 0
0.00124961 8 3.4013 0.840001 0
0.00124961 8 4.82552 0.867011 0
0.00124961 8 6.8461 0.878861 0
0.00124961 8 9.71274 0.900621 0
0.00124961 8 13.7797 0.924541 0
0.00124961 8 19.5497 0.923508 0
0.00124961 8 27.7356 0.936311 0
0.00124961 8 39.3493 0.943945 0
0.00124961 8 55.8259 0.945488 0
0.00124961 8 79.2016 0.947471 0
0.00124961 8 112.365 0.948898 0
0.00124961 8 159.416 0.949531 0
0.00124961 8 226.168 0.950482 0
0.00124961 8 320.87 0.951912 0
0.00124961 8 455.227 0.95284 0
0.00124961 8 645.842 0.953272 0
0.00124961 8 916.274 0.954519 0
0.00124961 8 1299.94 0.955741 0
0.00124961 8 1844.26 0.956619 0
0.00124961 8 2616.5 0.957239 0
0.00124961 8 3712.11 0.958297 0
0.00124961 8 5266.46 0.959514 0
0.00124961 8 7471.67 0.960732 0
0.00124961 8 10600.3 0.961945 0
0.00124961 8 15038.9 0.963168 0
0.00124961 8 21336 0.964417 0
0.00124961 8 30270 0.965703 0
0.00124961 8 42944.9 0.967024 0
0.00124961 8 60927 0.968363 0
0.00124961 8 86438.8 0.969684 0
0.00124961 8 122633 0.970921 0
0.00124961 8 173983 0.972009 0
0.00124961 8 246834 0.972968 0
0.00124961 8 350190 0.973859 0
0.00124961 8 496824 0.974642 0
0.00124961 8 704857 0.975363 0
0.00124961 8 1e+06 0.976099 0

0.00304699 8 1e-06 0.921471 0
0.00304699 8 1.41873e-06 0.921471 0
0.00304699 8 2.01279e-06 0.92147 0
0.00304699 8 2.85559e-06 0.92147 0
0.00304699 8 4.0513e-06 0.921469 0
0.00304699 8 5.74769e-06 0.921468 0
0.00304699 8 8.15441e-06 0.921466 0
0.00304699 8 1.15689e-05 0.921464 0
0.00304699 8 1.64131e-05 0.92146 0
0.00304699 8 2.32857e-05 0.921455 0
0.00304699 8 3.3036e-05 0.921449 0
0.00304699 8 4.6869e-05 0.921439 0
0.00304699 8 6.64944e-05 0.921425 0
0.00304699 8 9.43373e-05 0.921406 0
0.00304699 8 0.000133839 0.921378 0
0.00304699 8 0.000189881 0.921339 0
0.00304699 8 0.000269389 0.921284 0
0.00304699 8 0.000382189 0.921205 0
0.00304699 8 0.000542222 0.921093 0
0.00304699 8 0.000769265 0.920935 0
0.00304699 8 0.00109138 0.920711 0
0.00304699 8 0.00154837 0.920393 0
0.00304699 8 0.00219671 0.919943 0
0.00304699 8 0.00311653 0.919307 0
0.00304699 8 0.0044215 0.918409 0
0.00304699 8 0.0062729 0.917142 0
0.00304699 8 0.00889953 0.915359 0
0.00304699 8 0.012626 0.912861 0
0.00304699 8 0.0179128 0.909378 0
0.00304699 8 0.0254134 0.904556 0
0.00304699 8 0.0360547 0.89795 0
0.00304699 8 0.0511518 0.889032 0
0.00304699 8 0.0725704 0.877244 0
0.00304699 8 0.102958 0.86213 0
0.00304699 8 0.146069 0.843588 0
0.00304699 8 0.207231 0.822286 0
0.00304699 8 0.294005 0.800157 0
0.00304699 8 0.417112 0.780734 0
0.00304699 8 0.591769 0.768627 0
0.00304699 8 0.839558 0.767349 0
0.00304699 8 1.1911 0.776573 0
0.00304699 8 1.68985 0.792686 0
0.00304699 8 2.39743 0.813065 0
0.00304699 8 3.4013 0.840007 0
0.00304699 8 4.82552 0.867014 0
0.00304699 8 6.8461 0.878863 0
0.00304699 8 9.71274 0.900622 0
0.00304699 8 13.7797 0.924541 0
0.00304699 8 19.5497 0.923508 0
0.00304699 8 27.7356 0.93631 0
0.00304699 8 39.3493 0.943944 0
0.00304699 8 55.8259 0.945488 0
0.00304699 8 79.2016 0.947471 0
0.00304699 8 112.365 0.948898 0
0.00304699 8 159.416 0.949531 0
0.00304699 8 226.168 0.950481 0
0.00304699 8 320.87 0.951912 0
0.00304699 8 455.227 0.95284 0
0.00304699 8 645.842 0.953272 0
0.00304699 8 916.274 0.954519 0
0.00304699 8 1299.94 0.955741 0
0.00304699 8 1844.26 0.956619 0
0.00304699 8 2616.5 0.957239 0
0.00304699 8 3712.11 0.958297 0
0.00304699 8 5266.46 0.959514 0
0.00304699 8 7471.67 0.960732 0
0.00304699 8 10600.3 0.961945 0
0.00304699 8 15038.9 0.963168 0
0.00304699 8 21336 0.964417 0
0.00304699 8 30270 0.965703 0
0.00304699 8 42944.9 0.967024 0
0.00304699 8 60927 0.968363 0
0.00304699 8 86438.8 0.969684 0
0.00304699 8 122633 0.970921 0
0.00304699 8 173983 0.972009 0
0.00304699 8 246834 0.972968 0
0.00304699 8 350190 0.973859 0
0.00304699 8 496824 0.974642 0
0.00304699 8 704857 0.975363 0
0.00304699 8 1e+06 0.976099 0

0.00742964 8 1e-06 0.921029 0
0.00742964 8 1.41873e-06 0.921029 0
0.00742964 8 2.01279e-06 0.921028 0
0.00742964 8 2.85559e-06 0.921028 0
0.00742964 8 4.0513e-06 0.921027 0
0.00742964 8 5.74769e-06 0.921026 0
0.00742964 8 8.15441e-06 0.921024 0
0.00742964 8 1.15689e-05 0.921022 0
0.00742964 8 1.64131e-05 0.921018 0
0.00742964 8 2.32857e-05 0.921014 0
0.00742964 8 3.3036e-05 0.921007 0
0.00742964 8 4.6869e-05 0.920997 0
0.00742964 8 6.64944e-05 0.920983 0
0.00742964 8 9.43373e-05 0.920964 0
0.00742964 8 0.000133839 0.920937 0
0.00742964 8 0.000189881 0.920898 0
0.00742964 8 0.000269389 0.920842 0
0.00742964 8 0.000382189 0.920764 0
0.00742964 8 0.000542222 0.920652 0
0.00742964 8 0.000769265 0.920495 0
0.00742964 8 0.00109138 0.920271 0
0.00742964 8 0.00154837 0.919954 0
0.00742964 8 0.00219671 0.919506 0
0.00742964 8 0.00311653 0.918872 0
0.00742964 8 0.0044215 0.917975 0
0.00742964 8 0.0062729 0.916712 0
0.00742964 8 0.00889953 0.914934 0
0.00742964 8 0.012626 0.912443 0
0.00742964 8 0.0179128 0.90897 0
0.00742964 8 0.0254134 0.904161 0
0.00742964 8 0.0360547 0.897573 0
0.00742964 8 0.0511518 0.888679 0
0.00742964 8 0.0725704 0.876925 0
0.00742964 8 0.102958 0.861852 0
0.00742964 8 0.146069 0.84336 0
0.00742964 8 0.207231 0.822116 0
0.00742964 8 0.294005 0.800047 0
0.00742964 8 0.417112 0.78068 0
0.00742964 8 0.591769 0.768616 0
0.00742964 8 0.839558 0.767364 0
0.00742964 8 1.1911 0.776597 0
0.00742964 8 1.68985 0.792709 0
0.00742964 8 2.39743 0.813083 0
0.00742964 8 3.4013 0.84002 0
0.00742964 8 4.82552 0.867022 0
0.00742964 8 6.8461 0.878868 0
0.00742964 8 9.71274 0.900624 0
0.00742964 8 13.7797 0.924541 0
0.00742964 8 19.5497 0.923509 0
0.00742964 8 27.7356 0.93631 0
0.00742964 8 39.3493 0.943944 0
0.00742964 8 55.8259 0.945487 0
0.00742964 8 79.2016 0.947471 0
0.00742964 8 112.365 0.948898 0
0.00742964 8 159.416 0.949531 0
0.00742964 8 226.168 0.950481 0
0.00742964 8 320.87 0.951912 0
0.00742964 8 455.227 0.95284 0
0.00742964 8 645.842 0.953272 0
0.00742964 8 916.274 0.954519 0
0.00742964 8 1299.94 0.955741 0
0.00742964 8 1844.26 0.956619 0
0.00742964 8 2616.5 0.957239 0
0.00742964 8 3712.11 0.958297 0
0.00742964 8 5266.46 0.959514 0
0.00742964 8 7471.67 0.960732 0
0.00742964 8 10600.3 0.961945 0
0.00742964 8 15038.9 0.963168 0
0.00742964 8 21336 0.964417 0
0.00742964 8 30270 0.965703 0
0.00742964 8 42944.9 0.967024 0
0.00742964 8 60927 0.968363 0
0.00742964 8 86438.8 0.969684 0
0.00742964 8 122633 0.970921 0
0.00742964 8 173983 0.972009 0
0.00742964 8 246834 0.972968 0
0.00742964 8 350190 0.973859 0
0.00742964 8 496824 0.974642 0
0.00742964 8 704857 0.975363 0
0.00742964 8 1e+06 0.976099 0

0.0181161 8 1e-06 0.919937 0
0.0181161 8 1.41873e-06 0.919936 0
0.0181161 8 2.01279e-06 0.919936 0
0.0181161 8 2.85559e-06 0.919935 0
0.0181161 8 4.0513e-06 0.919934 0
0.0181161 8 5.74769e-06 0.919933 0
0.0181161 8 8.15441e-06 0.919932 0
0.0181161 8 1.15689e-05 0.919929 0
0.0181161 8 1.64131e-05 0.919926 0
0.0181161 8 2.32857e-05 0.919921 0
0.0181161 8 3.3036e-05 0.919914 0
0.0181161 8 4.6869e-05 0.919905 0
0.0181161 8 6.64944e-05 0.919891 0
0.0181161 8 9.43373e-05 0.919872 0
0.0181161 8 0.000133839 0.919845 0
0.0181161 8 0.000189881 0.919806 0
0.0181161 8 0.000269389 0.919751 0
0.0181161 8 0.000382189 0.919673 0
0.0181161 8 0.000542222 0.919563 0
0.0181161 8 0.000769265 0.919406 0
0.0181161 8 0.00109138 0.919184 0
0.0181161 8 0.00154837 0.918869 0
0.0181161 8 0.00219671 0.918424 0
0.0181161 8 0.00311653 0.917794 0
0.0181161 8 0.0044215 0.916904 0
0.0181161 8 0.0062729 0.915649 0
0.0181161 8 0.00889953 0.913884 0
0.0181161 8 0.012626 0.911409 0
0.0181161 8 0.0179128 0.907959 0
0.0181161 8 0.0254134 0.903183 0
0.0181161 8 0.0360547 0.89664 0
0.0181161 8 0.0511518 0.887807 0
0.0181161 8 0.0725704 0.876131 0
0.0181161 8 0.102958 0.86116 0
0.0181161 8 0.146069 0.842792 0
0.0181161 8 0.207231 0.821689 0
0.0181161 8 0.294005 0.79977 0
0.0181161 8 0.417112 0.78054 0
0.0181161 8 0.591769 0.768583 0
0.0181161 8 0.839558 0.767394 0
0.0181161 8 1.1911 0.776652 0
0.0181161 8 1.68985 0.792763 0
0.0181161 8 2.39743 0.813126 0
0.0181161 8 3.4013 0.840052 0
0.0181161 8 4.82552 0.86704 0
0.0181161 8 6.8461 0.87888 0
0.0181161 8 9.71274 0.900629 0
0.0181161 8 13.7797 0.924542 0
0.0181161 8 19.5497 0.923509 0
0.0181161 8 27.7356 0.93631 0
0.0181161 8 39.3493 0.943944 0
0.0181161 8 55.8259 0.945487 0
0.0181161 8 79.2016 0.947471 0
0.0181161 8 112.365 0.948898 0
0.0181161 8 159.416 0.949531 0
0.0181161 8 226.168 0.950481 0
0.0181161 8 320.87 0.951912 0
0.0181161 8 455.227 0.95284 0
0.0181161 8 645.842 0.953272 0
0.0181161 8 916.274 0.954519 0
0.0181161 8 1299.94 0.955741 0
0.0181161 8 1844.26 0.956619 0
0.0181161 8 2616.5 0.957239 0
0.0181161 8 3712.11 0.958297 0
0.0181161 8 5266.46 0.959514 0
0.0181161 8 7471.67 0.960732 0
0.0181161 8 10600.3 0.961945 0
0.0181161 8 15038.9 0.963168 0
0.0181161 8 21336 0.964417 0
0.0181161 8 30270 0.965703 0
0.0181161 8 42944.9 0.967024 0
0.0181161 8 60927 0.968363 0
0.0181161 8 86438.8 0.969684 0
0.0181161 8 122633 0.970921 0
0.0181161 8 173983 0.972009 0
0.0181161 8 246834 0.972968 0
0.0181161 8 350190 0.973859 0
0.0181161 8 496824 0.974642 0
0.0181161 8 704857 0.975363 0
0.0181161 8 1e+06 0.976099 0

0.0441734 8 1e-06 0.917289 0
0.0441734 8 1.41873e-06 0.917289 0
0.0441734 8 2.01279e-06 0.917289 0
0.0441734 8 2.85559e-06 0.917288 0
0.0441734 8 4.0513e-06 0.917287 0
0.0441734 8 5.74769e-06 0.917286 0
0.0441734 8 8.15441e-06 0.917284 0
0.0441734 8 1.15689e-05 0.917282 0
0.0441734 8 1.64131e-05 0.917279 0
0.0441734 8 2.32857e-05 0.917274 0
0.0441734 8 3.3036e-05 0.917268 0
0.0441734 8 4.6869e-05 0.917258 0
0.0441734 8 6.64944e-05 0.917245 0
0.0441734 8 9.43373e-05 0.917226 0
0.0441734 8 0.000133839 0.917199 0
0.0441734 8 0.000189881 0.917161 0
0.0441734 8 0.000269389 0.917107 0
0.0441734 8 0.000382189 0.91703 0
0.0441734 8 0.000542222 0.916921 0
0.0441734 8 0.000769265 0.916767 0
0.0441734 8 0.00109138 0.916549 0
0.0441734 8 0.00154837 0.91624 0
0.0441734 8 0.00219671 0.915802 0
0.0441734 8 0.00311653 0.915182 0
0.0441734 8 0.0044215 0.914307 0
0.0441734 8 0.0062729 0.913073 0
0.0441734 8 0.00889953 0.911336 0
0.0441734 8 0.012626 0.908903 0
0.0441734 8 0.0179128 0.90551 0
0.0441734 8 0.0254134 0.900813 0
0.0441734 8 0.0360547 0.894377 0
0.0441734 8 0.0511518 0.885689 0
0.0441734 8 0.0725704 0.874205 0
0.0441734 8 0.102958 0.859478 0
0.0441734 8 0.146069 0.841409 0
0.0441734 8 0.207231 0.82065 0
0.0441734 8 0.294005 0.799092 0
0.0441734 8 0.417112 0.780198 0
0.0441734 8 0.591769 0.7685 0
0.0441734 8 0.839558 0.767467 0
0.0441734 8 1.1911 0.776785 0
0.0441734 8 1.68985 0.792893 0
0.0441734 8 2.39743 0.813232 0
0.0441734 8 3.4013 0.840131 0
0.0441734 8 4.82552 0.867086 0
0.0441734 8 6.8461 0.878909 0
0.0441734 8 9.71274 0.900643 0
0.0441734 8 13.7797 0.924544 0
0.0441734 8 19.5497 0.923511 0
0.0441734 8 27.7356 0.936309 0
0.0441734 8 39.3493 0.943942 0
0.0441734 8 55.8259 0.945486 0
0.0441734 8 79.2016 0.94747 0
0.0441734 8 112.365 0.948897 0
0.0441734 8 159.416 0.94953 0
0.0441734 8 226.168 0.950481 0
0.0441734 8 320.87 0.951912 0
0.0441734 8 455.227 0.95284 0
0.0441734 8 645.842 0.953272 0
0.0441734 8 916.274 0.954519 0
0.0441734 8 1299.94 0.955741 0
0.0441734 8 1844.26 0.956619 0
0.0441734 8 2616.5 0.957239 0
0.0441734 8 3712.11 0.958297 0
0.0441734 8 5266.46 0.959514 0
0.0441734 8 7471.67 0.960732 0
0.0441734 8 10600.3 0.961945 0
0.0441734 8 15038.9 0.963168 0
0.0441734 8 21336 0.964417 0
0.0441734 8 30270 0.965703 0
0.0441734 8 42944.9 0.967024 0
0.0441734 8 60927 0.968363 0
0.0441734 8 86438.8 0.969684 0
0.0441734 8 122633 0.970921 0
0.0441734 8 173983 0.972009 0
0.0441734 8 246834 0.972968 0
0.0441734 8 350190 0.973859 0
0.0441734 8 496824 0.974642 0
0.0441734 8 704857 0.975363 0
0.0441734 8 1e+06 0.976099 0

0.107711 8 1e-06 0.910919 0
0.107711 8 1.41873e-06 0.910918 0
0.107711 8 2.01279e-06 0.910918 0
0.107711 8 2.85559e-06 0.910918 0
0.107711 8 4.0513e-06 0.910917 0
0.107711 8 5.74769e-06 0.910916 0
0.107711 8 8.15441e-06 0.910914 0
0.107711 8 1.15689e-05 0.910912 0
0.107711 8 1.64131e-05 0.910909 0
0.107711 8 2.32857e-05 0.910904 0
0.107711 8 3.3036e-05 0.910898 0
0.107711 8 4.6869e-05 0.910889 0
0.107711 8 6.64944e-05 0.910876 0
0.107711 8 9.43373e-05 0.910858 0
0.107711 8 0.000133839 0.910832 0
0.107711 8 0.000189881 0.910795 0
0.107711 8 0.000269389 0.910744 0
0.107711 8 0.000382189 0.91067 0
0.107711 8 0.000542222 0.910566 0
0.107711 8 0.000769265 0.910418 0
0.107711 8 0.00109138 0.910208 0
0.107711 8 0.00154837 0.909911 0
0.107711 8 0.00219671 0.909491 0
0.107711 8 0.00311653 0.908896 0
0.107711 8 0.0044215 0.908056 0
0.107711 8 0.0062729 0.906871 0
0.107711 8 0.00889953 0.905204 0
0.107711 8 0.012626 0.902868 0
0.107711 8 0.0179128 0.899611 0
0.107711 8 0.0254134 0.895101 0
0.107711 8 0.0360547 0.888923 0
0.107711 8 0.0511518 0.880581 0
0.107711 8 0.0725704 0.869553 0
0.107711 8 0.102958 0.85541 0
0.107711 8 0.146069 0.838058 0
0.107711 8 0.207231 0.818124 0
0.107711 8 0.294005 0.797437 0
0.107711 8 0.417112 0.779355 0
0.107711 8 0.591769 0.768291 0
0.107711 8 0.839558 0.767642 0
0.107711 8 1.1911 0.77711 0
0.107711 8 1.68985 0.793215 0
0.107711 8 2.39743 0.813493 0
0.107711 8 3.4013 0.840326 0
0.107711 8 4.82552 0.867198 0
0.107711 8 6.8461 0.878982 0
0.107711 8 9.71274 0.900676 0
0.107711 8 13.7797 0.924549 0
0.107711 8 19.5497 0.923517 0
0.107711 8 27.7356 0.936306 0
0.107711 8 39.3493 0.943938 0
0.107711 8 55.8259 0.945483 0
0.107711 8 79.2016 0.947468 0
0.107711 8 112.365 0.948896 0
0.107711 8 159.416 0.949529 0
0.107711 8 226.168 0.950481 0
0.107711 8 320.87 0.951912 0
0.107711 8 455.227 0.95284 0
0.107711 8 645.842 0.953272 0
0.107711 8 916.274 0.954519 0
0.107711 8 1299.94 0.955741 0
0.107711 8 1844.26 0.956619 0
0.107711 8 2616.5 0.957239 0
0.107711 8 3712.11 0.958297 0
0.107711 8 5266.46 0.959514 0
0.107711 8 7471.67 0.960732 0
0.107711 8 10600.3 0.961945 0
0.107711 8 15038.9 0.963168 0
0.107711 8 21336 0.964417 0
0.107711 8 30270 0.965703 0
0.107711 8 42944.9 0.967024 0
0.107711 8 60927 0.968363 0
0.107711 8 86438.8 0.969684 0
0.107711 8 122633 0.970921 0
0.107711 8 173983 0.972009 0
0.107711 8 246834 0.972968 0
0.107711 8 350190 0.973859 0
0.107711 8 496824 0.974642 0
0.107711 8 704857 0.975363 0
0.107711 8 1e+06 0.976099 0

0.262636 8 1e-06 0.895955 0
0.262636 8 1.41873e-06 0.895955 0
0.262636 8 2.01279e-06 0.895955 0
0.262636 8 2.85559e-06 0.895954 0
0.262636 8 4.0513e-06 0.895953 0
0.262636 8 5.74769e-06 0.895952 0
0.262636 8 8.15441e-06 0.895951 0
0.262636 8 1.15689e-05 0.895949 0
0.262636 8 1.64131e-05 0.895946 0
0.262636 8 2.32857e-05 0.895942 0
0.262636 8 3.3036e-05 0.895936 0
0.262636 8 4.6869e-05 0.895928 0
0.262636 8 6.64944e-05 0.895917 0
0.262636 8 9.43373e-05 0.8959 0
0.262636 8 0.000133839 0.895877 0
0.262636 8 0.000189881 0.895844 0
0.262636 8 0.000269389 0.895797 0
0.262636 8 0.000382189 0.89573 0
0.262636 8 0.000542222 0.895636 0
0.262636 8 0.000769265 0.895502 0
0.262636 8 0.00109138 0.895313 0
0.262636 8 0.00154837 0.895044 0
0.262636 8 0.00219671 0.894664 0
0.262636 8 0.00311653 0.894126 0
0.262636 8 0.0044215 0.893367 0
0.262636 8 0.0062729 0.892296 0
0.262636 8 0.00889953 0.890789 0
0.262636 8 0.012626 0.888677 0
0.262636 8 0.0179128 0.885732 0
0.262636 8 0.0254134 0.881655 0
0.262636 8 0.0360547 0.876069 0
0.262636 8 0.0511518 0.868526 0
0.262636 8 0.0725704 0.858554 0
0.262636 8 0.102958 0.845767 0
0.262636 8 0.146069 0.83008 0
0.262636 8 0.207231 0.812076 0
0.262636 8 0.294005 0.79344 0
0.262636 8 0.417112 0.77729 0
0.262636 8 0.591769 0.767757 0
0.262636 8 0.839558 0.768053 0
0.262636 8 1.1911 0.777901 0
0.262636 8 1.68985 0.794001 0
0.262636 8 2.39743 0.814131 0
0.262636 8 3.4013 0.840801 0
0.262636 8 4.82552 0.867473 0
0.262636 8 6.8461 0.879159 0
0.262636 8 9.71274 0.900757 0
0.262636 8 13.7797 0.924562 0
0.262636 8 19.5497 0.92353 0
0.262636 8 27.7356 0.9363 0
0.262636 8 39.3493 0.94393 0
0.262636 8 55.8259 0.945477 0
0.262636 8 79.2016 0.947464 0
0.262636 8 112.365 0.948893 0
0.262636 8 159.416 0.949527 0
0.262636 8 226.168 0.950479 0
0.262636 8 320.87 0.951911 0
0.262636 8 455.227 0.952839 0
0.262636 8 645.842 0.953271 0
0.262636 8 916.274 0.954519 0
0.262636 8 1299.94 0.955741 0
0.262636 8 1844.26 0.956619 0
0.262636 8 2616.5 0.957239 0
0.262636 8 3712.11 0.958297 0
0.262636 8 5266.46 0.959514 0
0.262636 8 7471.67 0.960732 0
0.262636 8 10600.3 0.961945 0
0.262636 8 15038.9 0.963168 0
0.262636 8 21336 0.964417 0
0.262636 8 30270 0.965703 0
0.262636 8 42944.9 0.967024 0
0.262636 8 60927 0.968363 0
0.262636 8 86438.8 0.969684 0
0.262636 8 122633 0.970921 0
0.262636 8 173983 0.972009 0
0.262636 8 246834 0.972968 0
0.262636 8 350190 0.973859 0
0.262636 8 496824 0.974642 0
0.262636 8 704857 0.975363 0
0.262636 8 1e+06 0.976099 0

0.6404 8 1e-06 0.863048 0
0.6404 8 1.41873e-06 0.863048 0
0.6404 8 2.01279e-06 0.863048 0
0.6404 8 2.85559e-06 0.863048 0
0.6404 8 4.0513e-06 0.863047 0
0.6404 8 5.74769e-06 0.863046 0
0.6404 8 8.15441e-06 0.863045 0
0.6404 8 1.15689e-05 0.863044 0
0.6404 8 1.64131e-05 0.863041 0
0.6404 8 2.32857e-05 0.863038 0
0.6404 8 3.3036e-05 0.863034 0
0.6404 8 4.6869e-05 0.863027 0
0.6404 8 6.64944e-05 0.863018 0
0.6404 8 9.43373e-05 0.863006 0
0.6404 8 0.000133839 0.862988 0
0.6404 8 0.000189881 0.862962 0
0.6404 8 0.000269389 0.862926 0
0.6404 8 0.000382189 0.862874 0
0.6404 8 0.000542222 0.862801 0
0.6404 8 0.000769265 0.862698 0
0.6404 8 0.00109138 0.862551 0
0.6404 8 0.00154837 0.862343 0
0.6404 8 0.00219671 0.862048 0
0.6404 8 0.00311653 0.861632 0
0.6404 8 0.0044215 0.861044 0
0.6404 8 0.0062729 0.860214 0
0.6404 8 0.00889953 0.859048 0
0.6404 8 0.012626 0.857412 0
0.6404 8 0.0179128 0.855133 0
0.6404 8 0.0254134 0.851977 0
0.6404 8 0.0360547 0.847654 0
0.6404 8 0.0511518 0.841821 0
0.6404 8 0.0725704 0.834115 0
0.6404 8 0.102958 0.824248 0
0.6404 8 0.146069 0.812175 0
0.6404 8 0.207231 0.798391 0
0.6404 8 0.294005 0.784299 0
0.6404 8 0.417112 0.772504 0
0.6404 8 0.591769 0.766505 0
0.6404 8 0.839558 0.76905 0
0.6404 8 1.1911 0.779834 0
0.6404 8 1.68985 0.795924 0
0.6404 8 2.39743 0.81568 0
0.6404 8 3.4013 0.841942 0
0.6404 8 4.82552 0.868133 0
0.6404 8 6.8461 0.879585 0
0.6404 8 9.71274 0.900953 0
0.6404 8 13.7797 0.924593 0
0.6404 8 19.5497 0.923562 0
0.6404 8 27.7356 0.936286 0
0.6404 8 39.3493 0.943909 0
0.6404 8 55.8259 0.945462 0
0.6404 8 79.2016 0.947452 0
0.6404 8 112.365 0.948885 0
0.6404 8 159.416 0.949522 0
0.6404 8 226.168 0.950476 0
0.6404 8 320.87 0.951908 0
0.6404 8 455.227 0.952837 0
0.6404 8 645.842 0.95327 0
0.6404 8 916.274 0.954518 0
0.6404 8 1299.94 0.95574 0
0.6404 8 1844.26 0.956618 0
0.6404 8 2616.5 0.957239 0
0.6404 8 3712.11 0.958297 0
0.6404 8 5266.46 0.959514 0
0.6404 8 7471.67 0.960732 0
0.6404 8 10600.3 0.961945 0
0.6404 8 15038.9 0.963168 0
0.6404 8 21336 0.964417 0
0.6404 8 30270 0.965703 0
0.6404 8 42944.9 0.967024 0
0.6404 8 60927 0.968363 0
0.6404 8 86438.8 0.969684 0
0.6404 8 122633 0.970921 0
0.6404 8 173983 0.972009 0
0.6404 8 246834 0.972968 0
0.6404 8 350190 0.973859 0
0.6404 8 496824 0.974642 0
0.6404 8 704857 0.975363 0
0.6404 8 1e+06 0.976099 0

1.56152 8 1e-06 0.805016 0
1.56152 8 1.41873e-06 0.805016 0
1.56152 8 2.01279e-06 0.805016 0
1.56152 8 2.85559e-06 0.805016 0
1.56152 8 4.0513e-06 0.805016 0
1.56152 8 5.74769e-06 0.805015 0
1.56152 8 8.15441e-06 0.805015 0
1.56152 8 1.15689e-05 0.805014 0
1.56152 8 1.64131e-05 0.805013 0
1.56152 8 2.32857e-05 0.805011 0
1.56152 8 3.3036e-05 0.805009 0
1.56152 8 4.6869e-05 0.805006 0
1.56152 8 6.64944e-05 0.805002 0
1.56152 8 9.43373e-05 0.804995 0
1.56152 8 0.000133839 0.804986 0
1.56152 8 0.000189881 0.804974 0
1.56152 8 0.000269389 0.804956 0
1.56152 8 0.000382189 0.80493 0
1.56152 8 0.000542222 0.804894 0
1.56152 8 0.000769265 0.804843 0
1.56152 8 0.00109138 0.80477 0
1.56152 8 0.00154837 0.804667 0
1.56152 8 0.00219671 0.804522 0
1.56152 8 0.00311653 0.804316 0
1.56152 8 0.0044215 0.804025 0
1.56152 8 0.0062729 0.803615 0
1.56152 8 0.00889953 0.803039 0
1.56152 8 0.012626 0.802232 0
1.56152 8 0.0179128 0.80111 0
1.56152 8 0.0254134 0.799559 0
1.56152 8 0.0360547 0.797442 0
1.56152 8 0.0511518 0.7946 0
1.56152 8 0.0725704 0.790873 0
1.56152 8 0.102958 0.786158 0
1.56152 8 0.146069 0.780505 0
1.56152 8 0.207231 0.774292 0
1.56152 8 0.294005 0.768458 0
1.56152 8 0.417112 0.764714 0
1.56152 8 0.591769 0.765384 0
1.56152 8 0.839558 0.772247 0
1.56152 8 1.1911 0.784772 0
1.56152 8 1.68985 0.800644 0
1.56152 8 2.39743 0.819415 0
1.56152 8 3.4013 0.844645 0
1.56152 8 4.82552 0.8697 0
1.56152 8 6.8461 0.880607 0
1.56152 8 9.71274 0.901428 0
1.56152 8 13.7797 0.924675 0
1.56152 8 19.5497 0.923644 0
1.56152 8 27.7356 0.936256 0
1.56152 8 39.3493 0.94386 0
1.56152 8 55.8259 0.945426 0
1.56152 8 79.2016 0.947426 0
1.56152 8 112.365 0.948866 0
1.56152 8 159.416 0.94951 0
1.56152 8 226.168 0.950468 0
1.56152 8 320.87 0.951903 0
1.56152 8 455.227 0.952834 0
1.56152 8 645.842 0.953268 0
1.56152 8 916.274 0.954516 0
1.56152 8 1299.94 0.955739 0
1.56152 8 1844.26 0.956618 0
1.56152 8 2616.5 0.957238 0
1.56152 8 3712.11 0.958296 0
1.56152 8 5266.46 0.959514 0
1.56152 8 7471.67 0.960732 0
1.56152 8 10600.3 0.961945 0
1.56152 8 15038.9 0.963168 0
1.56152 8 21336 0.964417 0
1.56152 8 30270 0.965703 0
1.56152 8 42944.9 0.967024 0
1.56152 8 60927 0.968364 0
1.56152 8 86438.8 0.969684 0
1.56152 8 122633 0.970921 0
1.56152 8 173983 0.972009 0
1.56152 8 246834 0.972968 0
1.56152 8 350190 0.973859 0
1.56152 8 496824 0.974642 0
1.56152 8 704857 0.975363 0
1.56152 8 1e+06 0.976099 0

3.80755 8 1e-06 0.758257 0
3.80755 8 1.41873e-06 0.758257 0
3.80755 8 2.01279e-06 0.758257 0
3.80755 8 2.85559e-06 0.758257 0
3.80755 8 4.0513e-06 0.758257 0
3.80755 8 5.74769e-06 0.758257 0
3.80755 8 8.15441e-06 0.758257 0
3.80755 8 1.15689e-05 0.758257 0
3.80755 8 1.64131e-05 0.758257 0
3.80755 8 2.32857e-05 0.758257 0
3.80755 8 3.3036e-05 0.758257 0
3.80755 8 4.6869e-05 0.758257 0
3.80755 8 6.64944e-05 0.758257 0
3.80755 8 9.43373e-05 0.758257 0
3.80755 8 0.000133839 0.758257 0
3.80755 8 0.000189881 0.758257 0
3.80755 8 0.000269389 0.758257 0
3.80755 8 0.000382189 0.758258 0
3.80755 8 0.000542222 0.758258 0
3.80755 8 0.000769265 0.758259 0
3.80755 8 0.00109138 0.758259 0
3.80755 8 0.00154837 0.75826 0
3.80755 8 0.00219671 0.758262 0
3.80755 8 0.00311653 0.758264 0
3.80755 8 0.0044215 0.758268 0
3.80755 8 0.0062729 0.758274 0
3.80755 8 0.00889953 0.758282 0
3.80755 8 0.012626 0.758296 0
3.80755 8 0.0179128 0.758319 0
3.80755 8 0.0254134 0.758357 0
3.80755 8 0.0360547 0.758425 0
3.80755 8 0.0511518 0.758543 0
3.80755 8 0.0725704 0.758756 0
3.80755 8 0.102958 0.759139 0
3.80755 8 0.146069 0.759834 0
3.80755 8 0.207231 0.761093 0
3.80755 8 0.294005 0.763368 0
3.80755 8 0.417112 0.767423 0
3.80755 8 0.591769 0.774311 0
3.80755 8 0.839558 0.784718 0
3.80755 8 1.1911 0.797799 0
3.80755 8 1.68985 0.811906 0
3.80755 8 2.39743 0.828108 0
3.80755 8 3.4013 0.850834 0
3.80755 8 4.82552 0.87335 0
3.80755 8 6.8461 0.883042 0
3.80755 8 9.71274 0.902604 0
3.80755 8 13.7797 0.924927 0
3.80755 8 19.5497 0.923883 0
3.80755 8 27.7356 0.936216 0
3.80755 8 39.3493 0.943766 0
3.80755 8 55.8259 0.945356 0
3.80755 8 79.2016 0.947373 0
3.80755 8 112.365 0.948829 0
3.80755 8 159.416 0.949485 0
3.80755 8 226.168 0.950451 0
3.80755 8 320.87 0.951891 0
3.80755 8 455.227 0.952826 0
3.80755 8 645.842 0.953263 0
3.80755 8 916.274 0.954513 0
3.80755 8 1299.94 0.955737 0
3.80755 8 1844.26 0.956616 0
3.80755 8 2616.5 0.957237 0
3.80755 8 3712.11 0.958296 0
3.80755 8 5266.46 0.959514 0
3.80755 8 7471.67 0.960732 0
3.80755 8 10600.3 0.961945 0
3.80755 8 15038.9 0.963168 0
3.80755 8 21336 0.964417 0
3.80755 8 30270 0.965703 0
3.80755 8 42944.9 0.967024 0
3.80755 8 60927 0.968364 0
3.80755 8 86438.8 0.969684 0
3.80755 8 122633 0.970921 0
3.80755 8 173983 0.972009 0
3.80755 8 246834 0.972968 0
3.80755 8 350190 0.973859 0
3.80755 8 496824 0.974642 0
3.80755 8 704857 0.975363 0
3.80755 8 1e+06 0.976099 0

9.28415 8 1e-06 0.788712 0
9.28415 8 1.41873e-06 0.788712 0
9.28415 8 2.01279e-06 0.788712 0
9.28415 8 2.85559e-06 0.788712 0
9.28415 8 4.0513e-06 0.788712 0
9.28415 8 5.74769e-06 0.788712 0
9.28415 8 8.15441e-06 0.788712 0
9.28415 8 1.15689e-05 0.788712 0
9.28415 8 1.64131e-05 0.788712 0
9.28415 8 2.32857e-05 0.788713 0
9.28415 8 3.3036e-05 0.788713 0
9.28415 8 4.6869e-05 0.788714 0
9.28415 8 6.64944e-05 0.788714 0
9.28415 8 9.43373e-05 0.788715 0
9.28415 8 0.000133839 0.788717 0
9.28415 8 0.000189881 0.788719 0
9.28415 8 0.000269389 0.788723 0
9.28415 8 0.000382189 0.788727 0
9.28415 8 0.000542222 0.788734 0
9.28415 8 0.000769265 0.788743 0
9.28415 8 0.00109138 0.788756 0
9.28415 8 0.00154837 0.788774 0
9.28415 8 0.00219671 0.7888 0
9.28415 8 0.00311653 0.788838 0
9.28415 8 0.0044215 0.78889 0
9.28415 8 0.0062729 0.788964 0
9.28415 8 0.00889953 0.789069 0
9.28415 8 0.012626 0.789218 0
9.28415 8 0.0179128 0.789427 0
9.28415 8 0.0254134 0.789721 0
9.28415 8 0.0360547 0.790132 0
9.28415 8 0.0511518 0.790705 0
9.28415 8 0.0725704 0.791497 0
9.28415 8 0.102958 0.792584 0
9.28415 8 0.146069 0.794063 0
9.28415 8 0.207231 0.796071 0
9.28415 8 0.294005 0.798832 0
9.28415 8 0.417112 0.802742 0
9.28415 8 0.591769 0.808405 0
9.28415 8 0.839558 0.816187 0
9.28415 8 1.1911 0.825309 0
9.28415 8 1.68985 0.834569 0
9.28415 8 2.39743 0.845787 0
9.28415 8 3.4013 0.863541 0
9.28415 8 4.82552 0.881206 0
9.28415 8 6.8461 0.888544 0
9.28415 8 9.71274 0.905448 0
9.28415 8 13.7797 0.925729 0
9.28415 8 19.5497 0.924602 0
9.28415 8 27.7356 0.936258 0
9.28415 8 39.3493 0.943638 0
9.28415 8 55.8259 0.945253 0
9.28415 8 79.2016 0.947289 0
9.28415 8 112.365 0.948768 0
9.28415 8 159.416 0.949446 0
9.28415 8 226.168 0.950425 0
9.28415 8 320.87 0.951872 0
9.28415 8 455.227 0.952813 0
9.28415 8 645.842 0.953255 0
9.28415 8 916.274 0.954507 0
9.28415 8 1299.94 0.955733 0
9.28415 8 1844.26 0.956613 0
9.28415 8 2616.5 0.957236 0
9.28415 8 3712.11 0.958295 0
9.28415 8 5266.46 0.959513 0
9.28415 8 7471.67 0.960732 0
9.28415 8 10600.3 0.961944 0
9.28415 8 15038.9 0.963168 0
9.28415 8 21336 0.964417 0
9.28415 8 30270 0.965703 0
9.28415 8 42944.9 0.967024 0
9.28415 8 60927 0.968364 0
9.28415 8 86438.8 0.969684 0
9.28415 8 122633 0.970921 0
9.28415 8 173983 0.972009 0
9.28415 8 246834 0.972968 0
9.28415 8 350190 0.973859 0
9.28415 8 496824 0.974642 0
9.28415 8 704857 0.975363 0
9.28415 8 1e+06 0.976099 0

22.638 8 1e-06 0.846417 0
22.638 8 1.41873e-06 0.846417 0
22.638 8 2.01279e-06 0.846417 0
22.638 8 2.85559e-06 0.846417 0
22.638 8 4.0513e-06 0.846417 0
22.638 8 5.74769e-06 0.846417 0
22.638 8 8.15441e-06 0.846417 0
22.638 8 1.15689e-05 0.846417 0
22.638 8 1.64131e-05 0.846417 0
22.638 8 2.32857e-05 0.846417 0
22.638 8 3.3036e-05 0.846418 0
22.638 8 4.6869e-05 0.846418 0
22.638 8 6.64944e-05 0.846418 0
22.638 8 9.43373e-05 0.846419 0
22.638 8 0.000133839 0.846419 0
22.638 8 0.000189881 0.84642 0
22.638 8 0.000269389 0.846422 0
22.638 8 0.000382189 0.846423 0
22.638 8 0.000542222 0.846426 0
22.638 8 0.000769265 0.84643 0
22.638 8 0.00109138 0.846435 0
22.638 8 0.00154837 0.846443 0
22.638 8 0.00219671 0.846454 0
22.638 8 0.00311653 0.846469 0
22.638 8 0.0044215 0.846491 0
22.638 8 0.0062729 0.846521 0
22.638 8 0.00889953 0.846565 0
22.638 8 0.012626 0.846625 0
22.638 8 0.0179128 0.846711 0
22.638 8 0.0254134 0.846831 0
22.638 8 0.0360547 0.846998 0
22.638 8 0.0511518 0.847229 0
22.638 8 0.0725704 0.847545 0
22.638 8 0.102958 0.847974 0
22.638 8 0.146069 0.848552 0
22.638 8 0.207231 0.849336 0
22.638 8 0.294005 0.850436 0
22.638 8 0.417112 0.852089 0
22.638 8 0.591769 0.854679 0
22.638 8 0.839558 0.858445 0
22.638 8 1.1911 0.862822 0
22.638 8 1.68985 0.866985 0
22.638 8 2.39743 0.872673 0
22.638 8 3.4013 0.883797 0
22.638 8 4.82552 0.894842 0
22.638 8 6.8461 0.898905 0
22.638 8 9.71274 0.911343 0
22.638 8 13.7797 0.927813 0
22.638 8 19.5497 0.926487 0
22.638 8 27.7356 0.936667 0
22.638 8 39.3493 0.943576 0
22.638 8 55.8259 0.945175 0
22.638 8 79.2016 0.947205 0
22.638 8 112.365 0.948699 0
22.638 8 159.416 0.949405 0
22.638 8 226.168 0.950398 0
22.638 8 320.87 0.95185 0
22.638 8 455.227 0.952797 0
22.638 8 645.842 0.953247 0
22.638 8 916.274 0.954501 0
22.638 8 1299.94 0.955728 0
22.638 8 1844.26 0.956611 0
22.638 8 2616.5 0.957235 0
22.638 8 3712.11 0.958294 0
22.638 8 5266.46 0.959513 0
22.638 8 7471.67 0.960731 0
22.638 8 10600.3 0.961944 0
22.638 8 15038.9 0.963168 0
22.638 8 21336 0.964417 0
22.638 8 30270 0.965703 0
22.638 8 42944.9 0.967024 0
22.638 8 60927 0.968364 0
22.638 8 86438.8 0.969684 0
22.638 8 122633 0.970921 0
22.638 8 173983 0.972009 0
22.638 8 246834 0.972968 0
22.638 8 350190 0.973859 0
22.638 8 496824 0.974642 0
22.638 8 704857 0.975363 0
22.638 8 1e+06 0.976099 0

55.1995 8 1e-06 0.891221 0
55.1995 8 1.41873e-06 0.891221 0
55.1995 8 2.01279e-06 0.891221 0
55.1995 8 2.85559e-06 0.891221 0
55.1995 8 4.0513e-06 0.891221 0
55.1995 8 5.74769e-06 0.891221 0
55.1995 8 8.15441e-06 0.891221 0
55.1995 8 1.15689e-05 0.891221 0
55.1995 8 1.64131e-05 0.891221 0
55.1995 8 2.32857e-05 0.891221 0
55.1995 8 3.3036e-05 0.891221 0
55.1995 8 4.6869e-05 0.891221 0
55.1995 8 6.64944e-05 0.891221 0
55.1995 8 9.43373e-05 0.891221 0
55.1995 8 0.000133839 0.891222 0
55.1995 8 0.000189881 0.891222 0
55.1995 8 0.000269389 0.891222 0
55.1995 8 0.000382189 0.891223 0
55.1995 8 0.000542222 0.891224 0
55.1995 8 0.000769265 0.891225 0
55.1995 8 0.00109138 0.891227 0
55.1995 8 0.00154837 0.89123 0
55.1995 8 0.00219671 0.891234 0
55.1995 8 0.00311653 0.891239 0
55.1995 8 0.0044215 0.891247 0
55.1995 8 0.0062729 0.891258 0
55.1995 8 0.00889953 0.891273 0
55.1995 8 0.012626 0.891294 0
55.1995 8 0.0179128 0.891324 0
55.1995 8 0.0254134 0.891366 0
55.1995 8 0.0360547 0.891423 0
55.1995 8 0.0511518 0.891502 0
55.1995 8 0.0725704 0.891607 0
55.1995 8 0.102958 0.891748 0
55.1995 8 0.146069 0.891933 0
55.1995 8 0.207231 0.892182 0
55.1995 8 0.294005 0.89254 0
55.1995 8 0.417112 0.893121 0
55.1995 8 0.591769 0.894117 0
55.1995 8 0.839558 0.895638 0
55.1995 8 1.1911 0.897327 0
55.1995 8 1.68985 0.898681 0
55.1995 8 2.39743 0.900866 0
55.1995 8 3.4013 0.90648 0
55.1995 8 4.82552 0.911876 0
55.1995 8 6.8461 0.913236 0
55.1995 8 9.71274 0.920546 0
55.1995 8 13.7797 0.931745 0
55.1995 8 19.5497 0.930277 0
55.1995 8 27.7356 0.937935 0
55.1995 8 39.3493 0.943812 0
55.1995 8 55.8259 0.945279 0
55.1995 8 79.2016 0.947207 0
55.1995 8 112.365 0.948675 0
55.1995 8 159.416 0.949399 0
55.1995 8 226.168 0.950396 0
55.1995 8 320.87 0.951841 0
55.1995 8 455.227 0.95279 0
55.1995 8 645.842 0.953246 0
55.1995 8 916.274 0.9545 0
55.1995 8 1299.94 0.955727 0
55.1995 8 1844.26 0.95661 0
55.1995 8 2616.5 0.957235 0
55.1995 8 3712.11 0.958295 0
55.1995 8 5266.46 0.959514 0
55.1995 8 7471.67 0.960732 0
55.1995 8 10600.3 0.961945 0
55.1995 8 15038.9 0.963169 0
55.1995 8 21336 0.964418 0
55.1995 8 30270 0.965703 0
55.1995 8 42944.9 0.967025 0
55.1995 8 60927 0.968364 0
55.1995 8 86438.8 0.969684 0
55.1995 8 122633 0.970921 0
55.1995 8 173983 0.972009 0
55.1995 8 246834 0.972968 0
55.1995 8 350190 0.973859 0
55.1995 8 496824 0.974642 0
55.1995 8 704857 0.975363 0
55.1995 8 1e+06 0.976099 0

134.596 8 1e-06 0.919012 0
134.596 8 1.41873e-06 0.919012 0
134.596 8 2.01279e-06 0.919012 0
134.596 8 2.85559e-06 0.919012 0
134.596 8 4.0513e-06 0.919012 0
134.596 8 5.74769e-06 0.919012 0
134.596 8 8.15441e-06 0.919012 0
134.596 8 1.15689e-05 0.919012 0
134.596 8 1.64131e-05 0.919012 0
134.596 8 2.32857e-05 0.919012 0
134.596 8 3.3036e-05 0.919012 0
134.596 8 4.6869e-05 0.919012 0
134.596 8 6.64944e-05 0.919012 0
134.596 8 9.43373e-05 0.919012 0
134.596 8 0.000133839 0.919012 0
134.596 8 0.000189881 0.919012 0
134.596 8 0.000269389 0.919013 0
134.596 8 0.000382189 0.919013 0
134.596 8 0.000542222 0.919013 0
134.596 8 0.000769265 0.919014 0
134.596 8 0.00109138 0.919014 0
134.596 8 0.00154837 0.919015 0
134.596 8 0.00219671 0.919017 0
134.596 8 0.00311653 0.919018 0
134.596 8 0.0044215 0.919021 0
134.596 8 0.0062729 0.919025 0
134.596 8 0.00889953 0.91903 0
134.596 8 0.012626 0.919038 0
134.596 8 0.0179128 0.919048 0
134.596 8 0.0254134 0.919062 0
134.596 8 0.0360547 0.919081 0
134.596 8 0.0511518 0.919107 0
134.596 8 0.0725704 0.919142 0
134.596 8 0.102958 0.919187 0
134.596 8 0.146069 0.919244 0
134.596 8 0.207231 0.919319 0
134.596 8 0.294005 0.91943 0
134.596 8 0.417112 0.919625 0
134.596 8 0.591769 0.919991 0
134.596 8 0.839558 0.92057 0
134.596 8 1.1911 0.921174 0
134.596 8 1.68985 0.921536 0
134.596 8 2.39743 0.92227 0
134.596 8 3.4013 0.924749 0
134.596 8 4.82552 0.927005 0
134.596 8 6.8461 0.927162 0
134.596 8 9.71274 0.930684 0
134.596 8 13.7797 0.936944 0
134.596 8 19.5497 0.935706 0
134.596 8 27.7356 0.940392 0
134.596 8 39.3493 0.944642 0
134.596 8 55.8259 0.945814 0
134.596 8 79.2016 0.947467 0
134.596 8 112.365 0.948805 0
134.596 8 159.416 0.949513 0
134.596 8 226.168 0.950479 0
134.596 8 320.87 0.95188 0
134.596 8 455.227 0.952814 0
134.596 8 645.842 0.953274 0
134.596 8 916.274 0.954517 0
134.596 8 1299.94 0.955736 0
134.596 8 1844.26 0.956618 0
134.596 8 2616.5 0.957244 0
134.596 8 3712.11 0.958302 0
134.596 8 5266.46 0.959519 0
134.596 8 7471.67 0.960737 0
134.596 8 10600.3 0.961949 0
134.596 8 15038.9 0.963172 0
134.596 8 21336 0.96442 0
134.596 8 30270 0.965705 0
134.596 8 42944.9 0.967026 0
134.596 8 60927 0.968365 0
134.596 8 86438.8 0.969685 0
134.596 8 122633 0.970922 0
134.596 8 173983 0.97201 0
134.596 8 246834 0.972969 0
134.596 8 350190 0.973859 0
134.596 8 496824 0.974642 0
134.596 8 704857 0.975363 0
134.596 8 1e+06 0.976099 0

328.193 8 1e-06 0.934587 0
328.193 8 1.41873e-06 0.934587 0
328.193 8 2.01279e-06 0.934587 0
328.193 8 2.85559e-06 0.934587 0
328.193 8 4.0513e-06 0.934588 0
328.193 8 5.74769e-06 0.934588 0
328.193 8 8.15441e-06 0.934588 0
328.193 8 1.15689e-05 0.934588 0
328.193 8 1.64131e-05 0.934588 0
328.193 8 2.32857e-05 0.934588 0
328.193 8 3.3036e-05 0.934588 0
328.193 8 4.6869e-05 0.934588 0
328.193 8 6.64944e-05 0.934588 0
328.193 8 9.43373e-05 0.934588 0
328.193 8 0.000133839 0.934588 0
328.193 8 0.000189881 0.934588 0
328.193 8 0.000269389 0.934588 0
328.193 8 0.000382189 0.934588 0
328.193 8 0.000542222 0.934588 0
328.193 8 0.000769265 0.934588 0
328.193 8 0.00109138 0.934588 0
328.193 8 0.00154837 0.934589 0
328.193 8 0.00219671 0.934589 0
328.193 8 0.00311653 0.93459 0
328.193 8 0.0044215 0.934591 0
328.193 8 0.0062729 0.934592 0
328.193 8 0.00889953 0.934594 0
328.193 8 0.012626 0.934597 0
328.193 8 0.0179128 0.934601 0
328.193 8 0.0254134 0.934606 0
328.193 8 0.0360547 0.934613 0
328.193 8 0.0511518 0.934622 0
328.193 8 0.0725704 0.934634 0
328.193 8 0.102958 0.934649 0
328.193 8 0.146069 0.934668 0
328.193 8 0.207231 0.934692 0
328.193 8 0.294005 0.934728 0
328.193 8 0.417112 0.934797 0
328.193 8 0.591769 0.934936 0
328.193 8 0.839558 0.93516 0
328.193 8 1.1911 0.935381 0
328.193 8 1.68985 0.935475 0
328.193 8 2.39743 0.935723 0
328.193 8 3.4013 0.936762 0
328.193 8 4.82552 0.937662 0
328.193 8 6.8461 0.937563 0
328.193 8 9.71274 0.939086 0
328.193 8 13.7797 0.942097 0
328.193 8 19.5497 0.941322 0
328.193 8 27.7356 0.943685 0
328.193 8 39.3493 0.946215 0
328.193 8 55.8259 0.947003 0
328.193 8 79.2016 0.948208 0
328.193 8 112.365 0.949272 0
328.193 8 159.416 0.949898 0
328.193 8 226.168 0.950764 0
328.193 8 320.87 0.952042 0
328.193 8 455.227 0.952921 0
328.193 8 645.842 0.953374 0
328.193 8 916.274 0.954581 0
328.193 8 1299.94 0.955776 0
328.193 8 1844.26 0.956648 0
328.193 8 2616.5 0.957271 0
328.193 8 3712.11 0.958323 0
328.193 8 5266.46 0.959535 0
328.193 8 7471.67 0.960749 0
328.193 8 10600.3 0.961959 0
328.193 8 15038.9 0.963179 0
328.193 8 21336 0.964426 0
328.193 8 30270 0.96571 0
328.193 8 42944.9 0.967029 0
328.193 8 60927 0.968367 0
328.193 8 86438.8 0.969686 0
328.193 8 122633 0.970923 0
328.193 8 173983 0.97201 0
328.193 8 246834 0.972969 0
328.193 8 350190 0.973859 0
328.193 8 496824 0.974642 0
328.193 8 704857 0.975364 0
328.193 8 1e+06 0.976099 0

800.25 8 1e-06 0.943492 0
800.25 8 1.41873e-06 0.943492 0
800.25 8 2.01279e-06 0.943492 0
800.25 8 2.85559e-06 0.943492 0
800.25 8 4.0513e-06 0.943492 0
800.25 8 5.74769e-06 0.943492 0
800.25 8 8.15441e-06 0.943492 0
800.25 8 1.15689e-05 0.943492 0
800.25 8 1.64131e-05 0.943492 0
800.25 8 2.32857e-05 0.943492 0
800.25 8 3.3036e-05 0.943492 0
800.25 8 4.6869e-05 0.943492 0
800.25 8 6.64944e-05 0.943492 0
800.25 8 9.43373e-05 0.943492 0
800.25 8 0.000133839 0.943492 0
800.25 8 0.000189881 0.943492 0
800.25 8 0.000269389 0.943492 0
800.25 8 0.000382189 0.943493 0
800.25 8 0.000542222 0.943493 0
800.25 8 0.000769265 0.943493 0
800.25 8 0.00109138 0.943493 0
800.25 8 0.00154837 0.943493 0
800.25 8 0.00219671 0.943493 0
800.25 8 0.00311653 0.943493 0
800.25 8 0.0044215 0.943494 0
800.25 8 0.0062729 0.943494 0
800.25 8 0.00889953 0.943495 0
800.25 8 0.012626 0.943496 0
800.25 8 0.0179128 0.943497 0
800.25 8 0.0254134 0.943499 0
800.25 8 0.0360547 0.943502 0
800.25 8 0.0511518 0.943506 0
800.25 8 0.0725704 0.94351 0
800.25 8 0.102958 0.943516 0
800.25 8 0.146069 0.943522 0
800.25 8 0.207231 0.943531 0
800.25 8 0.294005 0.943544 0
800.25 8 0.417112 0.94357 0
800.25 8 0.591769 0.943624 0
800.25 8 0.839558 0.943713 0
800.25 8 1.1911 0.943798 0
800.25 8 1.68985 0.943825 0
800.25 8 2.39743 0.943914 0
800.25 8 3.4013 0.944344 0
800.25 8 4.82552 0.944704 0
800.25 8 6.8461 0.94462 0
800.25 8 9.71274 0.945253 0
800.25 8 13.7797 0.946583 0
800.25 8 19.5497 0.946184 0
800.25 8 27.7356 0.947241 0
800.25 8 39.3493 0.948509 0
800.25 8 55.8259 0.94894 0
800.25 8 79.2016 0.949648 0
800.25 8 112.365 0.950334 0
800.25 8 159.416 0.950794 0
800.25 8 226.168 0.951462 0
800.25 8 320.87 0.952491 0
800.25 8 455.227 0.953236 0
800.25 8 645.842 0.953653 0
800.25 8 916.274 0.954766 0
800.25 8 1299.94 0.955896 0
800.25 8 1844.26 0.956737 0
800.25 8 2616.5 0.957348 0
800.25 8 3712.11 0.958381 0
800.25 8 5266.46 0.959578 0
800.25 8 7471.67 0.960783 0
800.25 8 10600.3 0.961985 0
800.25 8 15038.9 0.9632 0
800.25 8 21336 0.964442 0
800.25 8 30270 0.965721 0
800.25 8 42944.9 0.967037 0
800.25 8 60927 0.968373 0
800.25 8 86438.8 0.96969 0
800.25 8 122633 0.970925 0
800.25 8 173983 0.972012 0
800.25 8 246834 0.97297 0
800.25 8 350190 0.97386 0
800.25 8 496824 0.974642 0
800.25 8 704857 0.975364 0
800.25 8 1e+06 0.976099 0

1951.29 8 1e-06 0.94902 0
1951.29 8 1.41873e-06 0.94902 0
1951.29 8 2.01279e-06 0.94902 0
1951.29 8 2.85559e-06 0.94902 0
1951.29 8 4.0513e-06 0.94902 0
1951.29 8 5.74769e-06 0.94902 0
1951.29 8 8.15441e-06 0.94902 0
1951.29 8 1.15689e-05 0.94902 0
1951.29 8 1.64131e-05 0.94902 0
1951.29 8 2.32857e-05 0.94902 0
1951.29 8 3.3036e-05 0.94902 0
1951.29 8 4.6869e-05 0.94902 0
1951.29 8 6.64944e-05 0.94902 0
1951.29 8 9.43373e-05 0.94902 0
1951.29 8 0.000133839 0.94902 0
1951.29 8 0.000189881 0.94902 0
1951.29 8 0.000269389 0.94902 0
1951.29 8 0.000382189 0.94902 0
1951.29 8 0.000542222 0.94902 0
1951.29 8 0.000769265 0.94902 0
1951.29 8 0.00109138 0.94902 0
1951.29 8 0.00154837 0.94902 0
1951.29 8 0.00219671 0.94902 0
1951.29 8 0.00311653 0.94902 0
1951.29 8 0.0044215 0.94902 0
1951.29 8 0.0062729 0.94902 0
1951.29 8 0.00889953 0.949021 0
1951.29 8 0.012626 0.949021 0
1951.29 8 0.0179128 0.949022 0
1951.29 8 0.0254134 0.949022 0
1951.29 8 0.0360547 0.949023 0
1951.29 8 0.0511518 0.949025 0
1951.29 8 0.0725704 0.949027 0
1951.29 8 0.102958 0.949029 0
1951.29 8 0.146069 0.949031 0
1951.29 8 0.207231 0.949035 0
1951.29 8 0.294005 0.94904 0
1951.29 8 0.417112 0.94905 0
1951.29 8 0.591769 0.949072 0
1951.29 8 0.839558 0.949108 0
1951.29 8 1.1911 0.949142 0
1951.29 8 1.68985 0.94915 0
1951.29 8 2.39743 0.949185 0
1951.29 8 3.4013 0.949362 0
1951.29 8 4.82552 0.949509 0
1951.29 8 6.8461 0.949465 0
1951.29 8 9.71274 0.949726 0
1951.29 8 13.7797 0.950291 0
1951.29 8 19.5497 0.950109 0
1951.29 8 27.7356 0.950558 0
1951.29 8 39.3493 0.951132 0
1951.29 8 55.8259 0.951337 0
1951.29 8 79.2016 0.951689 0
1951.29 8 112.365 0.952054 0
1951.29 8 159.416 0.952325 0
1951.29 8 226.168 0.952742 0
1951.29 8 320.87 0.95342 0
1951.29 8 455.227 0.953947 0
1951.29 8 645.842 0.95429 0
1951.29 8 916.274 0.955218 0
1951.29 8 1299.94 0.956203 0
1951.29 8 1844.26 0.956968 0
1951.29 8 2616.5 0.957545 0
1951.29 8 3712.11 0.958531 0
1951.29 8 5266.46 0.95969 0
1951.29 8 7471.67 0.960868 0
1951.29 8 10600.3 0.962052 0
1951.29 8 15038.9 0.963251 0
1951.29 8 21336 0.964481 0
1951.29 8 30270 0.96575 0
1951.29 8 42944.9 0.967058 0
1951.29 8 60927 0.968387 0
1951.29 8 86438.8 0.9697 0
1951.29 8 122633 0.970932 0
1951.29 8 173983 0.972016 0
1951.29 8 246834 0.972972 0
1951.29 8 350190 0.973861 0
1951.29 8 496824 0.974643 0
1951.29 8 704857 0.975364 0
1951.29 8 1e+06 0.976099 0

4757.94 8 1e-06 0.952712 0
4757.94 8 1.41873e-06 0.952712 0
4757.94 8 2.01279e-06 0.952712 0
4757.94 8 2.85559e-06 0.952712 0
4757.94 8 4.0513e-06 0.952712 0
4757.94 8 5.74769e-06 0.952712 0
4757.94 8 8.15441e-06 0.952712 0
4757.94 8 1.15689e-05 0.952712 0
4757.94 8 1.64131e-05 0.952712 0
4757.94 8 2.32857e-05 0.952712 0
4757.94 8 3.3036e-05 0.952712 0
4757.94 8 4.6869e-05 0.952712 0
4757.94 8 6.64944e-05 0.952712 0
4757.94 8 9.43373e-05 0.952712 0
4757.94 8 0.000133839 0.952712 0
4757.94 8 0.000189881 0.952712 0
4757.94 8 0.000269389 0.952712 0
4757.94 8 0.000382189 0.952712 0
4757.94 8 0.000542222 0.952712 0
4757.94 8 0.000769265 0.952712 0
4757.94 8 0.00109138 0.952712 0
4757.94 8 0.00154837 0.952712 0
4757.94 8 0.00219671 0.952712 0
4757.94 8 0.00311653 0.952712 0
4757.94 8 0.0044215 0.952712 0
4757.94 8 0.0062729 0.952712 0
4757.94 8 0.00889953 0.952713 0
4757.94 8 0.012626 0.952713 0
4757.94 8 0.0179128 0.952713 0
4757.94 8 0.0254134 0.952713 0
4757.94 8 0.0360547 0.952714 0
4757.94 8 0.0511518 0.952714 0
4757.94 8 0.0725704 0.952715 0
4757.94 8 0.102958 0.952716 0
4757.94 8 0.146069 0.952717 0
4757.94 8 0.207231 0.952718 0
4757.94 8 0.294005 0.95272 0
4757.94 8 0.417112 0.952724 0
4757.94 8 0.591769 0.952733 0
4757.94 8 0.839558 0.952748 0
4757.94 8 1.1911 0.952762 0
4757.94 8 1.68985 0.952765 0
4757.94 8 2.39743 0.952779 0
4757.94 8 3.4013 0.952853 0
4757.94 8 4.82552 0.952913 0
4757.94 8 6.8461 0.952894 0
4757.94 8 9.71274 0.953002 0
4757.94 8 13.7797 0.953239 0
4757.94 8 19.5497 0.953162 0
4757.94 8 27.7356 0.953351 0
4757.94 8 39.3493 0.9536 0
4757.94 8 55.8259 0.953695 0
4757.94 8 79.2016 0.953859 0
4757.94 8 112.365 0.954038 0
4757.94 8 159.416 0.954186 0
4757.94 8 226.168 0.954419 0
4757.94 8 320.87 0.95481 0
4757.94 8 455.227 0.955148 0
4757.94 8 645.842 0.955416 0
4757.94 8 916.274 0.956092 0
4757.94 8 1299.94 0.95685 0
4757.94 8 1844.26 0.957478 0
4757.94 8 2616.5 0.95799 0
4757.94 8 3712.11 0.95888 0
4757.94 8 5266.46 0.959955 0
4757.94 8 7471.67 0.961073 0
4757.94 8 10600.3 0.962212 0
4757.94 8 15038.9 0.963375 0
4757.94 8 21336 0.964574 0
4757.94 8 30270 0.965819 0
4757.94 8 42944.9 0.967108 0
4757.94 8 60927 0.968422 0
4757.94 8 86438.8 0.969723 0
4757.94 8 122633 0.970947 0
4757.94 8 173983 0.972025 0
4757.94 8 246834 0.972978 0
4757.94 8 350190 0.973865 0
4757.94 8 496824 0.974645 0
4757.94 8 704857 0.975365 0
4757.94 8 1e+06 0.9761 0

11601.6 8 1e-06 0.955853 0
11601.6 8 1.41873e-06 0.955853 0
11601.6 8 2.01279e-06 0.955853 0
11601.6 8 2.85559e-06 0.955853 0
11601.6 8 4.0513e-06 0.955853 0
11601.6 8 5.74769e-06 0.955853 0
11601.6 8 8.15441e-06 0.955853 0
11601.6 8 1.15689e-05 0.955853 0
11601.6 8 1.64131e-05 0.955853 0
11601.6 8 2.32857e-05 0.955853 0
11601.6 8 3.3036e-05 0.955853 0
11601.6 8 4.6869e-05 0.955853 0
11601.6 8 6.64944e-05 0.955853 0
11601.6 8 9.43373e-05 0.955853 0
11601.6 8 0.000133839 0.955853 0
11601.6 8 0.000189881 0.955853 0
11601.6 8 0.000269389 0.955853 0
11601.6 8 0.000382189 0.955853 0
11601.6 8 0.000542222 0.955853 0
11601.6 8 0.000769265 0.955853 0
11601.6 8 0.00109138 0.955853 0
11601.6 8 0.00154837 0.955853 0
11601.6 8 0.00219671 0.955853 0
11601.6 8 0.00311653 0.955853 0
11601.6 8 0.0044215 0.955853 0
11601.6 8 0.0062729 0.955853 0
11601.6 8 0.00889953 0.955853 0
11601.6 8 0.012626 0.955853 0
11601.6 8 0.0179128 0.955853 0
11601.6 8 0.0254134 0.955854 0
11601.6 8 0.0360547 0.955854 0
11601.6 8 0.0511518 0.955854 0
11601.6 8 0.0725704 0.955854 0
11601.6 8 0.102958 0.955855 0
11601.6 8 0.146069 0.955855 0
11601.6 8 0.207231 0.955856 0
11601.6 8 0.294005 0.955856 0
11601.6 8 0.417112 0.955858 0
11601.6 8 0.591769 0.955862 0
11601.6 8 0.839558 0.955868 0
11601.6 8 1.1911 0.955874 0
11601.6 8 1.68985 0.955875 0
11601.6 8 2.39743 0.955881 0
11601.6 8 3.4013 0.955911 0
11601.6 8 4.82552 0.955936 0
11601.6 8 6.8461 0.955928 0
11601.6 8 9.71274 0.955973 0
11601.6 8 13.7797 0.956072 0
11601.6 8 19.5497 0.95604 0
11601.6 8 27.7356 0.956119 0
11601.6 8 39.3493 0.956225 0
11601.6 8 55.8259 0.956267 0
11601.6 8 79.2016 0.95634 0
11601.6 8 112.365 0.956422 0
11601.6 8 159.416 0.956493 0
11601.6 8 226.168 0.956608 0
11601.6 8 320.87 0.956804 0
11601.6 8 455.227 0.956987 0
11601.6 8 645.842 0.957153 0
11601.6 8 916.274 0.957557 0
11601.6 8 1299.94 0.958043 0
11601.6 8 1844.26 0.958488 0
11601.6 8 2616.5 0.958901 0
11601.6 8 3712.11 0.959629 0
11601.6 8 5266.46 0.960547 0
11601.6 8 7471.67 0.961542 0
11601.6 8 10600.3 0.962582 0
11601.6 8 15038.9 0.963665 0
11601.6 8 21336 0.964796 0
11601.6 8 30270 0.965984 0
11601.6 8 42944.9 0.967227 0
11601.6 8 60927 0.968506 0
11601.6 8 86438.8 0.969779 0
11601.6 8 122633 0.970984 0
11601.6 8 173983 0.972049 0
11601.6 8 246834 0.972993 0
11601.6 8 350190 0.973874 0
11601.6 8 496824 0.97465 0
11601.6 8 704857 0.975368 0
11601.6 8 1e+06 0.976101 0

28288.7 8 1e-06 0.958943 0
28288.7 8 1.41873e-06 0.958943 0
28288.7 8 2.01279e-06 0.958943 0
28288.7 8 2.85559e-06 0.958943 0
28288.7 8 4.0513e-06 0.958943 0
28288.7 8 5.74769e-06 0.958943 0
28288.7 8 8.15441e-06 0.958943 0
28288.7 8 1.15689e-05 0.958943 0
28288.7 8 1.64131e-05 0.958943 0
28288.7 8 2.32857e-05 0.958943 0
28288.7 8 3.3036e-05 0.958943 0
28288.7 8 4.6869e-05 0.958943 0
28288.7 8 6.64944e-05 0.958943 0
28288.7 8 9.43373e-05 0.958943 0
28288.7 8 0.000133839 0.958943 0
28288.7 8 0.000189881 0.958943 0
28288.7 8 0.000269389 0.958943 0
28288.7 8 0.000382189 0.958943 0
28288.7 8 0.000542222 0.958943 0
28288.7 8 0.000769265 0.958943 0
28288.7 8 0.00109138 0.958943 0
28288.7 8 0.00154837 0.958943 0
28288.7 8 0.00219671 0.958943 0
28288.7 8 0.00311653 0.958943 0
28288.7 8 0.0044215 0.958943 0
28288.7 8 0.0062729 0.958943 0
28288.7 8 0.00889953 0.958943 0
28288.7 8 0.012626 0.958944 0
28288.7 8 0.0179128 0.958944 0
28288.7 8 0.0254134 0.958944 0
28288.7 8 0.0360547 0.958944 0
28288.7 8 0.0511518 0.958944 0
28288.7 8 0.0725704 0.958944 0
28288.7 8 0.102958 0.958944 0
28288.7 8 0.146069 0.958944 0
28288.7 8 0.207231 0.958944 0
28288.7 8 0.294005 0.958945 0
28288.7 8 0.417112 0.958946 0
28288.7 8 0.591769 0.958947 0
28288.7 8 0.839558 0.95895 0
28288.7 8 1.1911 0.958952 0
28288.7 8 1.68985 0.958953 0
28288.7 8 2.39743 0.958955 0
28288.7 8 3.4013 0.958968 0
28288.7 8 4.82552 0.958978 0
28288.7 8 6.8461 0.958975 0
28288.7 8 9.71274 0.958994 0
28288.7 8 13.7797 0.959035 0
28288.7 8 19.5497 0.959022 0
28288.7 8 27.7356 0.959055 0
28288.7 8 39.3493 0.9591 0
28288.7 8 55.8259 0.959119 0
28288.7 8 79.2016 0.959151 0
28288.7 8 112.365 0.959189 0
28288.7 8 159.416 0.959223 0
28288.7 8 226.168 0.959278 0
28288.7 8 320.87 0.959372 0
28288.7 8 455.227 0.959464 0
28288.7 8 645.842 0.959558 0
28288.7 8 916.274 0.959773 0
28288.7 8 1299.94 0.960046 0
28288.7 8 1844.26 0.960322 0
28288.7 8 2616.5 0.960611 0
28288.7 8 3712.11 0.961117 0
28288.7 8 5266.46 0.961787 0
28288.7 8 7471.67 0.962558 0
28288.7 8 10600.3 0.963405 0
28288.7 8 15038.9 0.964319 0
28288.7 8 21336 0.965304 0
28288.7 8 30270 0.966368 0
28288.7 8 42944.9 0.967507 0
28288.7 8 60927 0.968703 0
28288.7 8 86438.8 0.969914 0
28288.7 8 122633 0.971072 0
28288.7 8 173983 0.972105 0
28288.7 8 246834 0.973028 0
28288.7 8 350190 0.973894 0
28288.7 8 496824 0.974662 0
28288.7 8 704857 0.975375 0
28288.7 8 1e+06 0.976104 0

68977.9 8 1e-06 0.962333 0
68977.9 8 1.41873e-06 0.962333 0
68977.9 8 2.01279e-06 0.962333 0
68977.9 8 2.85559e-06 0.962333 0
68977.9 8 4.0513e-06 0.962333 0
68977.9 8 5.74769e-06 0.962333 0
68977.9 8 8.15441e-06 0.962333 0
68977.9 8 1.15689e-05 0.962333 0
68977.9 8 1.64131e-05 0.962333 0
68977.9 8 2.32857e-05 0.962333 0
68977.9 8 3.3036e-05 0.962333 0
68977.9 8 4.6869e-05 0.962333 0
68977.9 8 6.64944e-05 0.962333 0
68977.9 8 9.43373e-05 0.962333 0
68977.9 8 0.000133839 0.962333 0
68977.9 8 0.000189881 0.962333 0
68977.9 8 0.000269389 0.962333 0
68977.9 8 0.000382189 0.962333 0
68977.9 8 0.000542222 0.962333 0
68977.9 8 0.000769265 0.962333 0
68977.9 8 0.00109138 0.962333 0
68977.9 8 0.00154837 0.962333 0
68977.9 8 0.00219671 0.962333 0
68977.9 8 0.00311653 0.962333 0
68977.9 8 0.0044215 0.962333 0
68977.9 8 0.0062729 0.962333 0
68977.9 8 0.00889953 0.962333 0
68977.9 8 0.012626 0.962333 0
68977.9 8 0.0179128 0.962333 0
68977.9 8 0.0254134 0.962333 0
68977.9 8 0.0360547 0.962333 0
68977.9 8 0.0511518 0.962333 0
68977.9 8 0.0725704 0.962333 0
68977.9 8 0.102958 0.962333 0
68977.9 8 0.146069 0.962333 0
68977.9 8 0.207231 0.962333 0
68977.9 8 0.294005 0.962334 0
68977.9 8 0.417112 0.962334 0
68977.9 8 0.591769 0.962335 0
68977.9 8 0.839558 0.962336 0
68977.9 8 1.1911 0.962337 0
68977.9 8 1.68985 0.962337 0
68977.9 8 2.39743 0.962338 0
68977.9 8 3.4013 0.962343 0
68977.9 8 4.82552 0.962347 0
68977.9 8 6.8461 0.962346 0
68977.9 8 9.71274 0.962354 0
68977.9 8 13.7797 0.962371 0
68977.9 8 19.5497 0.962366 0
68977.9 8 27.7356 0.96238 0
68977.9 8 39.3493 0.962399 0
68977.9 8 55.8259 0.962408 0
68977.9 8 79.2016 0.962422 0
68977.9 8 112.365 0.962439 0
68977.9 8 159.416 0.962455 0
68977.9 8 226.168 0.962481 0
68977.9 8 320.87 0.962524 0
68977.9 8 455.227 0.962569 0
68977.9 8 645.842 0.962617 0
68977.9 8 916.274 0.962721 0
68977.9 8 1299.94 0.962859 0
68977.9 8 1844.26 0.963006 0
68977.9 8 2616.5 0.963173 0
68977.9 8 3712.11 0.963464 0
68977.9 8 5266.46 0.963866 0
68977.9 8 7471.67 0.964357 0
68977.9 8 10600.3 0.964931 0
68977.9 8 15038.9 0.965585 0
68977.9 8 21336 0.966328 0
68977.9 8 30270 0.967168 0
68977.9 8 42944.9 0.968111 0
68977.9 8 60927 0.969141 0
68977.9 8 86438.8 0.970218 0
68977.9 8 122633 0.971275 0
68977.9 8 173983 0.972236 0
68977.9 8 246834 0.973111 0
68977.9 8 350190 0.973944 0
68977.9 8 496824 0.974691 0
68977.9 8 704857 0.975391 0
68977.9 8 1e+06 0.97611 0

168192 8 1e-06 0.965892 0
168192 8 1.41873e-06 0.965892 0
168192 8 2.01279e-06 0.965892 0
168192 8 2.85559e-06 0.965892 0
168192 8 4.0513e-06 0.965892 0
168192 8 5.74769e-06 0.965892 0
168192 8 8.15441e-06 0.965892 0
168192 8 1.15689e-05 0.965892 0
168192 8 1.64131e-05 0.965892 0
168192 8 2.32857e-05 0.965892 0
168192 8 3.3036e-05 0.965892 0
168192 8 4.6869e-05 0.965892 0
168192 8 6.64944e-05 0.965892 0
168192 8 9.43373e-05 0.965892 0
168192 8 0.000133839 0.965892 0
168192 8 0.000189881 0.965892 0
168192 8 0.000269389 0.965892 0
168192 8 0.000382189 0.965892 0
168192 8 0.000542222 0.965892 0
168192 8 0.000769265 0.965892 0
168192 8 0.00109138 0.965892 0
168192 8 0.00154837 0.965892 0
168192 8 0.00219671 0.965892 0
168192 8 0.00311653 0.965892 0
168192 8 0.0044215 0.965892 0
168192 8 0.0062729 0.965892 0
168192 8 0.00889953 0.965892 0
168192 8 0.012626 0.965892 0
168192 8 0.0179128 0.965892 0
168192 8 0.0254134 0.965892 0
168192 8 0.0360547 0.965892 0
168192 8 0.0511518 0.965892 0
168192 8 0.0725704 0.965892 0
168192 8 0.102958 0.965892 0
168192 8 0.146069 0.965892 0
168192 8 0.207231 0.965892 0
168192 8 0.294005 0.965892 0
168192 8 0.417112 0.965892 0
168192 8 0.591769 0.965892 0
168192 8 0.839558 0.965893 0
168192 8 1.1911 0.965893 0
168192 8 1.68985 0.965893 0
168192 8 2.39743 0.965894 0
168192 8 3.4013 0.965896 0
168192 8 4.82552 0.965898 0
168192 8 6.8461 0.965897 0
168192 8 9.71274 0.9659 0
168192 8 13.7797 0.965908 0
168192 8 19.5497 0.965906 0
168192 8 27.7356 0.965911 0
168192 8 39.3493 0.965919 0
168192 8 55.8259 0.965923 0
168192 8 79.2016 0.965929 0
168192 8 112.365 0.965936 0
168192 8 159.416 0.965943 0
168192 8 226.168 0.965955 0
168192 8 320.87 0.965974 0
168192 8 455.227 0.965993 0
168192 8 645.842 0.966015 0
168192 8 916.274 0.966062 0
168192 8 1299.94 0.966124 0
168192 8 1844.26 0.966193 0
168192 8 2616.5 0.966274 0
168192 8 3712.11 0.966415 0
168192 8 5266.46 0.966617 0
168192 8 7471.67 0.966874 0
168192 8 10600.3 0.967189 0
168192 8 15038.9 0.967569 0
168192 8 21336 0.968026 0
168192 8 30270 0.968575 0
168192 8 42944.9 0.969231 0
168192 8 60927 0.969993 0
168192 8 86438.8 0.970836 0
168192 8 122633 0.971703 0
168192 8 173983 0.972522 0
168192 8 246834 0.973296 0
168192 8 350190 0.974059 0
168192 8 496824 0.974759 0
168192 8 704857 0.975428 0
168192 8 1e+06 0.976127 0

410113 8 1e-06 0.96933 0
410113 8 1.41873e-06 0.96933 0
410113 8 2.01279e-06 0.96933 0
410113 8 2.85559e-06 0.96933 0
410113 8 4.0513e-06 0.96933 0
410113 8 5.74769e-06 0.96933 0
410113 8 8.15441e-06 0.96933 0
410113 8 1.15689e-05 0.96933 0
410113 8 1.64131e-05 0.96933 0
410113 8 2.32857e-05 0.96933 0
410113 8 3.3036e-05 0.96933 0
410113 8 4.6869e-05 0.96933 0
410113 8 6.64944e-05 0.96933 0
410113 8 9.43373e-05 0.96933 0
410113 8 0.000133839 0.96933 0
410113 8 0.000189881 0.96933 0
410113 8 0.000269389 0.96933 0
410113 8 0.000382189 0.96933 0
410113 8 0.000542222 0.96933 0
410113 8 0.000769265 0.96933 0
410113 8 0.00109138 0.96933 0
410113 8 0.00154837 0.96933 0
410113 8 0.00219671 0.96933 0
410113 8 0.00311653 0.96933 0
410113 8 0.0044215 0.96933 0
410113 8 0.0062729 0.96933 0
410113 8 0.00889953 0.96933 0
410113 8 0.012626 0.96933 0
410113 8 0.0179128 0.96933 0
410113 8 0.0254134 0.96933 0
410113 8 0.0360547 0.96933 0
410113 8 0.0511518 0.96933 0
410113 8 0.0725704 0.96933 0
410113 8 0.102958 0.96933 0
410113 8 0.146069 0.96933 0
410113 8 0.207231 0.96933 0
410113 8 0.294005 0.96933 0
410113 8 0.417112 0.96933 0
410113 8 0.591769 0.96933 0
410113 8 0.839558 0.96933 0
410113 8 1.1911 0.96933 0
410113 8 1.68985 0.96933 0
410113 8 2.39743 0.96933 0
410113 8 3.4013 0.969331 0
410113 8 4.82552 0.969332 0
410113 8 6.8461 0.969332 0
410113 8 9.71274 0.969333 0
410113 8 13.7797 0.969336 0
410113 8 19.5497 0.969335 0
410113 8 27.7356 0.969338 0
410113 8 39.3493 0.969341 0
410113 8 55.8259 0.969342 0
410113 8 79.2016 0.969345 0
410113 8 112.365 0.969348 0
410113 8 159.416 0.969351 0
410113 8 226.168 0.969355 0
410113 8 320.87 0.969363 0
410113 8 455.227 0.969371 0
410113 8 645.842 0.969379 0
410113 8 916.274 0.969398 0
410113 8 1299.94 0.969423 0
410113 8 1844.26 0.969451 0
410113 8 2616.5 0.969484 0
410113 8 3712.11 0.969543 0
410113 8 5266.46 0.969628 0
410113 8 7471.67 0.96974 0
410113 8 10600.3 0.969881 0
410113 8 15038.9 0.970057 0
410113 8 21336 0.970277 0
410113 8 30270 0.970557 0
410113 8 42944.9 0.970915 0
410113 8 60927 0.971363 0
410113 8 86438.8 0.971896 0
410113 8 122633 0.972482 0
410113 8 173983 0.973074 0
410113 8 246834 0.973673 0
410113 8 350190 0.9743 0
410113 8 496824 0.974907 0
410113 8 704857 0.975513 0
410113 8 1e+06 0.976164 0

1e+06 8 1e-06 0.972191 0
1e+06 8 1.41873e-06 0.972191 0
1e+06 8 2.01279e-06 0.972191 0
1e+06 8 2.85559e-06 0.972191 0
1e+06 8 4.0513e-06 0.972191 0
1e+06 8 5.74769e-06 0.972191 0
1e+06 8 8.15441e-06 0.972191 0
1e+06 8 1.15689e-05 0.972191 0
1e+06 8 1.64131e-05 0.972191 0
1e+06 8 2.32857e-05 0.972191 0
1e+06 8 3.3036e-05 0.972191 0
1e+06 8 4.6869e-05 0.972191 0
1e+06 8 6.64944e-05 0.972191 0
1e+06 8 9.43373e-05 0.972191 0
1e+06 8 0.000133839 0.972191 0
1e+06 8 0.000189881 0.972191 0
1e+06 8 0.000269389 0.972191 0
1e+06 8 0.000382189 0.972191 0
1e+06 8 0.000542222 0.972191 0
1e+06 8 0.000769265 0.972191 0
1e+06 8 0.00109138 0.972191 0
1e+06 8 0.00154837 0.972191 0
1e+06 8 0.00219671 0.972191 0
1e+06 8 0.00311653 0.972191 0
1e+06 8 0.0044215 0.972191 0
1e+06 8 0.0062729 0.972191 0
1e+06 8 0.00889953 0.972191 0
1e+06 8 0.012626 0.972191 0
1e+06 8 0.0179128 0.972191 0
1e+06 8 0.0254134 0.972191 0
1e+06 8 0.0360547 0.972191 0
1e+06 8 0.0511518 0.972191 0
1e+06 8 0.0725704 0.972191 0
1e+06 8 0.102958 0.972191 0
1e+06 8 0.146069 0.972191 0
1e+06 8 0.207231 0.972191 0
1e+06 8 0.294005 0.972191 0
1e+06 8 0.417112 0.972191 0
1e+06 8 0.591769 0.972191 0
1e+06 8 0.839558 0.972191 0
1e+06 8 1.1911 0.972191 0
1e+06 8 1.68985 0.972191 0
1e+06 8 2.39743 0.972191 0
1e+06 8 3.4013 0.972191 0
1e+06 8 4.82552 0.972192 0
1e+06 8 6.8461 0.972192 0
1e+06 8 9.71274 0.972192 0
1e+06 8 13.7797 0.972193 0
1e+06 8 19.5497 0.972193 0
1e+06 8 27.7356 0.972194 0
1e+06 8 39.3493 0.972195 0
1e+06 8 55.8259 0.972196 0
1e+06 8 79.2016 0.972197 0
1e+06 8 112.365 0.972198 0
1e+06 8 159.416 0.972199 0
1e+06 8 226.168 0.972201 0
1e+06 8 320.87 0.972203 0
1e+06 8 455.227 0.972206 0
1e+06 8 645.842 0.972209 0
1e+06 8 916.274 0.972216 0
1e+06 8 1299.94 0.972226 0
1e+06 8 1844.26 0.972236 0
1e+06 8 2616.5 0.972247 0
1e+06 8 3712.11 0.972269 0
1e+06 8 5266.46 0.972301 0
1e+06 8 7471.67 0.972343 0
1e+06 8 10600.3 0.972396 0
1e+06 8 15038.9 0.972463 0
1e+06 8 21336 0.97255 0
1e+06 8 30270 0.972663 0
1e+06 8 42944.9 0.972816 0
1e+06 8 60927 0.97302 0
1e+06 8 86438.8 0.973281 0
1e+06 8 122633 0.97359 0
1e+06 8 173983 0.973928 0
1e+06 8 246834 0.974303 0
1e+06 8 350190 0.974736 0
1e+06 8 496824 0.975191 0
1e+06 8 704857 0.975683 0
1e+06 8 1e+06 0.97624 0

