#q_sq i k_sq Re(w) Im(w)
1e-06 0 1e-06 1.54826 0
1e-06 0 1.41873e-06 1.54826 0
1e-06 0 2.01279e-06 1.54826 0
1e-06 0 2.85559e-06 1.54826 0
1e-06 0 4.0513e-06 1.54826 0
1e-06 0 5.74769e-06 1.54826 0
1e-06 0 8.15441e-06 1.54826 0
1e-06 0 1.15689e-05 1.54826 0
1e-06 0 1.64131e-05 1.54826 0
1e-06 0 2.32857e-05 1.54826 0
1e-06 0 3.3036e-05 1.54827 0
1e-06 0 4.6869e-05 1.54827 0
1e-06 0 6.64944e-05 1.54827 0
1e-06 0 9.43373e-05 1.54827 0
1e-06 0 0.000133839 1.54828 0
1e-06 0 0.000189881 1.54829 0
1e-06 0 0.000269389 1.5483 0
1e-06 0 0.000382189 1.54831 0
1e-06 0 0.000542222 1.54833 0
1e-06 0 0.000769265 1.54836 0
1e-06 0 0.00109138 1.54841 0
1e-06 0 0.00154837 1.54847 0
1e-06 0 0.00219671 1.54855 0
1e-06 0 0.00311653 1.54867 0
1e-06 0 0.0044215 1.54884 0
1e-06 0 0.0062729 1.54907 0
1e-06 0 0.00889953 1.54939 0
1e-06 0 0.012626 1.54984 0
1e-06 0 0.0179128 1.55044 0
1e-06 0 0.0254134 1.55124 0
1e-06 0 0.0360547 1.55226 0
1e-06 0 0.0511518 1.55349 0
1e-06 0 0.0725704 1.55482 0
1e-06 0 0.102958 1.55591 0
1e-06 0 0.146069 1.55604 0
1e-06 0 0.207231 1.55376 0
1e-06 0 0.294005 1.54659 0
1e-06 0 0.417112 1.53087 0
1e-06 0 0.591769 1.50233 0
1e-06 0 0.839558 1.45804 0
1e-06 0 1.1911 1.39924 0
1e-06 0 1.68985 1.33268 0
1e-06 0 2.39743 1.26753 0
1e-06 0 3.4013 1.21018 0
1e-06 0 4.82552 1.16264 0
1e-06 0 6.8461 1.12446 0
1e-06 0 9.71274 1.09442 0
1e-06 0 13.7797 1.07115 0
1e-06 0 19.5497 1.05329 0
1e-06 0 27.7356 1.03966 0
1e-06 0 39.3493 1.02927 0
1e-06 0 55.8259 1.02131 0
1e-06 0 79.2016 1.01519 0
1e-06 0 112.365 1.01038 0
1e-06 0 159.416 1.00645 0
1e-06 0 226.168 1.00318 0
1e-06 0 320.87 1.00059 0
1e-06 0 455.227 0.998652 0
1e-06 0 645.842 0.997179 0
1e-06 0 916.274 0.995941 0
1e-06 0 1299.94 0.994826 0
1e-06 0 1844.26 0.993803 0
1e-06 0 2616.5 0.992862 0
1e-06 0 3712.11 0.991993 0
1e-06 0 5266.46 0.99119 0
1e-06 0 7471.67 0.990445 0
1e-06 0 10600.3 0.989752 0
1e-06 0 15038.9 0.989105 0
1e-06 0 21336 0.9885 0
1e-06 0 30270 0.987933 0
1e-06 0 42944.9 0.9874 0
1e-06 0 60927 0.986899 0
1e-06 0 86438.8 0.986426 0
1e-06 0 122633 0.985978 0
1e-06 0 173983 0.985555 0
1e-06 0 246834 0.985153 0
1e-06 0 350190 0.984771 0
1e-06 0 496824 0.98441 0
1e-06 0 704857 0.984062 0
1e-06 0 1e+06 0.983729 0

2.43835e-06 0 1e-06 1.54826 0
2.43835e-06 0 1.41873e-06 1.54826 0
2.43835e-06 0 2.01279e-06 1.54826 0
2.43835e-06 0 2.85559e-06 1.54826 0
2.43835e-06 0 4.0513e-06 1.54826 0
2.43835e-06 0 5.74769e-06 1.54826 0
2.43835e-06 0 8.15441e-06 1.54826 0
2.43835e-06 0 1.15689e-05 1.54826 0
2.43835e-06 0 1.64131e-05 1.54826 0
2.43835e-06 0 2.32857e-05 1.54826 0
2.43835e-06 0 3.3036e-05 1.54827 0
2.43835e-06 0 4.6869e-05 1.54827 0
2.43835e-06 0 6.64944e-05 1.54827 0
2.43835e-06 0 9.43373e-05 1.54827 0
2.43835e-06 0 0.000133839 1.54828 0
2.43835e-06 0 0.000189881 1.54829 0
2.43835e-06 0 0.000269389 1.5483 0
2.43835e-06 0 0.000382189 1.54831 0
2.43835e-06 0 0.000542222 1.54833 0
2.43835e-06 0 0.000769265 1.54836 0
2.43835e-06 0 0.00109138 1.54841 0
2.43835e-06 0 0.00154837 1.54847 0
2.43835e-06 0 0.00219671 1.54855 0
2.43835e-06 0 0.00311653 1.54867 0
2.43835e-06 0 0.0044215 1.54884 0
2.43835e-06 0 0.0062729 1.54907 0
2.43835e-06 0 0.00889953 1.54939 0
2.43835e-06 0 0.012626 1.54984 0
2.43835e-06 0 0.0179128 1.55044 0
2.43835e-06 0 0.0254134 1.55124 0
2.43835e-06 0 0.0360547 1.55226 0
2.43835e-06 0 0.0511518 1.55349 0
2.43835e-06 0 0.0725704 1.55482 0
2.43835e-06 0 0.102958 1.55591 0
2.43835e-06 0 0.146069 1.55604 0
2.43835e-06 0 0.207231 1.55376 0
2.43835e-06 0 0.294005 1.54659 0
2.43835e-06 0 0.417112 1.53087 0
2.43835e-06 0 0.591769 1.50233 0
2.43835e-06 0 0.839558 1.45804 0
2.43835e-06 0 1.1911 1.39924 0
2.43835e-06 0 1.68985 1.33268 0
2.43835e-06 0 2.39743 1.26753 0
2.43835e-06 0 3.4013 1.21018 0
2.43835e-06 0 4.82552 1.16264 0
2.43835e-06 0 6.8461 1.12446 0
2.43835e-06 0 9.71274 1.09442 0
2.43835e-06 0 13.7797 1.07115 0
2.43835e-06 0 19.5497 1.05329 0
2.43835e-06 0 27.7356 1.03966 0
2.43835e-06 0 39.3493 1.02927 0
2.43835e-06 0 55.8259 1.02131 0
2.43835e-06 0 79.2016 1.01519 0
2.43835e-06 0 112.365 1.01038 0
2.43835e-06 0 159.416 1.00645 0
2.43835e-06 0 226.168 1.00318 0
2.43835e-06 0 320.87 1.00059 0
2.43835e-06 0 455.227 0.998652 0
2.43835e-06 0 645.842 0.997179 0
2.43835e-06 0 916.274 0.995941 0
2.43835e-06 0 1299.94 0.994826 0
2.43835e-06 0 1844.26 0.993803 0
2.43835e-06 0 2616.5 0.992862 0
2.43835e-06 0 3712.11 0.991993 0
2.43835e-06 0 5266.46 0.99119 0
2.43835e-06 0 7471.67 0.990445 0
2.43835e-06 0 10600.3 0.989752 0
2.43835e-06 0 15038.9 0.989105 0
2.43835e-06 0 21336 0.9885 0
2.43835e-06 0 30270 0.987933 0
2.43835e-06 0 42944.9 0.9874 0
2.43835e-06 0 60927 0.986899 0
2.43835e-06 0 86438.8 0.986426 0
2.43835e-06 0 122633 0.985978 0
2.43835e-06 0 173983 0.985555 0
2.43835e-06 0 246834 0.985153 0
2.43835e-06 0 350190 0.984771 0
2.43835e-06 0 496824 0.98441 0
2.43835e-06 0 704857 0.984062 0
2.43835e-06 0 1e+06 0.983729 0

5.94557e-06 0 1e-06 1.54826 0
5.94557e-06 0 1.41873e-06 1.54826 0
5.94557e-06 0 2.01279e-06 1.54826 0
5.94557e-06 0 2.85559e-06 1.54826 0
5.94557e-06 0 4.0513e-06 1.54826 0
5.94557e-06 0 5.74769e-06 1.54826 0
5.94557e-06 0 8.15441e-06 1.54826 0
5.94557e-06 0 1.15689e-05 1.54826 0
5.94557e-06 0 1.64131e-05 1.54826 0
5.94557e-06 0 2.32857e-05 1.54826 0
5.94557e-06 0 3.3036e-05 1.54827 0
5.94557e-06 0 4.6869e-05 1.54827 0
5.94557e-06 0 6.64944e-05 1.54827 0
5.94557e-06 0 9.43373e-05 1.54827 0
5.94557e-06 0 0.000133839 1.54828 0
5.94557e-06 0 0.000189881 1.54829 0
5.94557e-06 0 0.000269389 1.5483 0
5.94557e-06 0 0.000382189 1.54831 0
5.94557e-06 0 0.000542222 1.54833 0
5.94557e-06 0 0.000769265 1.54836 0
5.94557e-06 0 0.00109138 1.54841 0
5.94557e-06 0 0.00154837 1.54847 0
5.94557e-06 0 0.00219671 1.54855 0
5.94557e-06 0 0.00311653 1.54867 0
5.94557e-06 0 0.0044215 1.54884 0
5.94557e-06 0 0.0062729 1.54907 0
5.94557e-06 0 0.00889953 1.54939 0
5.94557e-06 0 0.012626 1.54984 0
5.94557e-06 0 0.0179128 1.55044 0
5.94557e-06 0 0.0254134 1.55124 0
5.94557e-06 0 0.0360547 1.55226 0
5.94557e-06 0 0.0511518 1.55349 0
5.94557e-06 0 0.0725704 1.55482 0
5.94557e-06 0 0.102958 1.55591 0
5.94557e-06 0 0.146069 1.55604 0
5.94557e-06 0 0.207231 1.55376 0
5.94557e-06 0 0.294005 1.54659 0
5.94557e-06 0 0.417112 1.53087 0
5.94557e-06 0 0.591769 1.50233 0
5.94557e-06 0 0.839558 1.45804 0
5.94557e-06 0 1.1911 1.39924 0
5.94557e-06 0 1.68985 1.33268 0
5.94557e-06 0 2.39743 1.26753 0
5.94557e-06 0 3.4013 1.21018 0
5.94557e-06 0 4.82552 1.16264 0
5.94557e-06 0 6.8461 1.12446 0
5.94557e-06 0 9.71274 1.09442 0
5.94557e-06 0 13.7797 1.07115 0
5.94557e-06 0 19.5497 1.05329 0
5.94557e-06 0 27.7356 1.03966 0
5.94557e-06 0 39.3493 1.02927 0
5.94557e-06 0 55.8259 1.02131 0
5.94557e-06 0 79.2016 1.01519 0
5.94557e-06 0 112.365 1.01038 0
5.94557e-06 0 159.416 1.00645 0
5.94557e-06 0 226.168 1.00318 0
5.94557e-06 0 320.87 1.00059 0
5.94557e-06 0 455.227 0.998652 0
5.94557e-06 0 645.842 0.997179 0
5.94557e-06 0 916.274 0.995941 0
5.94557e-06 0 1299.94 0.994826 0
5.94557e-06 0 1844.26 0.993803 0
5.94557e-06 0 2616.5 0.992862 0
5.94557e-06 0 3712.11 0.991993 0
5.94557e-06 0 5266.46 0.99119 0
5.94557e-06 0 7471.67 0.990445 0
5.94557e-06 0 10600.3 0.989752 0
5.94557e-06 0 15038.9 0.989105 0
5.94557e-06 0 21336 0.9885 0
5.94557e-06 0 30270 0.987933 0
5.94557e-06 0 42944.9 0.9874 0
5.94557e-06 0 60927 0.986899 0
5.94557e-06 0 86438.8 0.986426 0
5.94557e-06 0 122633 0.985978 0
5.94557e-06 0 173983 0.985555 0
5.94557e-06 0 246834 0.985153 0
5.94557e-06 0 350190 0.984771 0
5.94557e-06 0 496824 0.98441 0
5.94557e-06 0 704857 0.984062 0
5.94557e-06 0 1e+06 0.983729 0

1.44974e-05 0 1e-06 1.54826 0
1.44974e-05 0 1.41873e-06 1.54826 0
1.44974e-05 0 2.01279e-06 1.54826 0
1.44974e-05 0 2.85559e-06 1.54826 0
1.44974e-05 0 4.0513e-06 1.54826 0
1.44974e-05 0 5.74769e-06 1.54826 0
1.44974e-05 0 8.15441e-06 1.54826 0
1.44974e-05 0 1.15689e-05 1.54826 0
1.44974e-05 0 1.64131e-05 1.54826 0
1.44974e-05 0 2.32857e-05 1.54826 0
1.44974e-05 0 3.3036e-05 1.54827 0
1.44974e-05 0 4.6869e-05 1.54827 0
1.44974e-05 0 6.64944e-05 1.54827 0
1.44974e-05 0 9.43373e-05 1.54827 0
1.44974e-05 0 0.000133839 1.54828 0
1.44974e-05 0 0.000189881 1.54829 0
1.44974e-05 0 0.000269389 1.5483 0
1.44974e-05 0 0.000382189 1.54831 0
1.44974e-05 0 0.000542222 1.54833 0
1.44974e-05 0 0.000769265 1.54836 0
1.44974e-05 0 0.00109138 1.54841 0
1.44974e-05 0 0.00154837 1.54847 0
1.44974e-05 0 0.00219671 1.54855 0
1.44974e-05 0 0.00311653 1.54867 0
1.44974e-05 0 0.0044215 1.54884 0
1.44974e-05 0 0.0062729 1.54907 0
1.44974e-05 0 0.00889953 1.54939 0
1.44974e-05 0 0.012626 1.54984 0
1.44974e-05 0 0.0179128 1.55044 0
1.44974e-05 0 0.0254134 1.55124 0
1.44974e-05 0 0.0360547 1.55226 0
1.44974e-05 0 0.0511518 1.55349 0
1.44974e-05 0 0.0725704 1.55482 0
1.44974e-05 0 0.102958 1.55591 0
1.44974e-05 0 0.146069 1.55604 0
1.44974e-05 0 0.207231 1.55376 0
1.44974e-05 0 0.294005 1.54659 0
1.44974e-05 0 0.417112 1.53087 0
1.44974e-05 0 0.591769 1.50233 0
1.44974e-05 0 0.839558 1.45804 0
1.44974e-05 0 1.1911 1.39924 0
1.44974e-05 0 1.68985 1.33268 0
1.44974e-05 0 2.39743 1.26753 0
1.44974e-05 0 3.4013 1.21018 0
1.44974e-05 0 4.82552 1.16264 0
1.44974e-05 0 6.8461 1.12446 0
1.44974e-05 0 9.71274 1.09442 0
1.44974e-05 0 13.7797 1.07115 0
1.44974e-05 0 19.5497 1.05329 0
1.44974e-05 0 27.7356 1.03966 0
1.44974e-05 0 39.3493 1.02927 0
1.44974e-05 0 55.8259 1.02131 0
1.44974e-05 0 79.2016 1.01519 0
1.44974e-05 0 112.365 1.01038 0
1.44974e-05 0 159.416 1.00645 0
1.44974e-05 0 226.168 1.00318 0
1.44974e-05 0 320.87 1.00059 0
1.44974e-05 0 455.227 0.998652 0
1.44974e-05 0 645.842 0.997179 0
1.44974e-05 0 916.274 0.995941 0
1.44974e-05 0 1299.94 0.994826 0
1.44974e-05 0 1844.26 0.993803 0
1.44974e-05 0 2616.5 0.992862 0
1.44974e-05 0 3712.11 0.991993 0
1.44974e-05 0 5266.46 0.99119 0
1.44974e-05 0 7471.67 0.990445 0
1.44974e-05 0 10600.3 0.989752 0
1.44974e-05 0 15038.9 0.989105 0
1.44974e-05 0 21336 0.9885 0
1.44974e-05 0 30270 0.987933 0
1.44974e-05 0 42944.9 0.9874 0
1.44974e-05 0 60927 0.986899 0
1.44974e-05 0 86438.8 0.986426 0
1.44974e-05 0 122633 0.985978 0
1.44974e-05 0 173983 0.985555 0
1.44974e-05 0 246834 0.985153 0
1.44974e-05 0 350190 0.984771 0
1.44974e-05 0 496824 0.98441 0
1.44974e-05 0 704857 0.984062 0
1.44974e-05 0 1e+06 0.983729 0

3.53498e-05 0 1e-06 1.54826 0
3.53498e-05 0 1.41873e-06 1.54826 0
3.53498e-05 0 2.01279e-06 1.54826 0
3.53498e-05 0 2.85559e-06 1.54826 0
3.53498e-05 0 4.0513e-06 1.54826 0
3.53498e-05 0 5.74769e-06 1.54826 0
3.53498e-05 0 8.15441e-06 1.54826 0
3.53498e-05 0 1.15689e-05 1.54826 0
3.53498e-05 0 1.64131e-05 1.54826 0
3.53498e-05 0 2.32857e-05 1.54827 0
3.53498e-05 0 3.3036e-05 1.54827 0
3.53498e-05 0 4.6869e-05 1.54827 0
3.53498e-05 0 6.64944e-05 1.54827 0
3.53498e-05 0 9.43373e-05 1.54827 0
3.53498e-05 0 0.000133839 1.54828 0
3.53498e-05 0 0.000189881 1.54829 0
3.53498e-05 0 0.000269389 1.5483 0
3.53498e-05 0 0.000382189 1.54831 0
3.53498e-05 0 0.000542222 1.54833 0
3.53498e-05 0 0.000769265 1.54836 0
3.53498e-05 0 0.00109138 1.54841 0
3.53498e-05 0 0.00154837 1.54847 0
3.53498e-05 0 0.00219671 1.54855 0
3.53498e-05 0 0.00311653 1.54867 0
3.53498e-05 0 0.0044215 1.54884 0
3.53498e-05 0 0.0062729 1.54907 0
3.53498e-05 0 0.00889953 1.5494 0
3.53498e-05 0 0.012626 1.54984 0
3.53498e-05 0 0.0179128 1.55044 0
3.53498e-05 0 0.0254134 1.55124 0
3.53498e-05 0 0.0360547 1.55226 0
3.53498e-05 0 0.0511518 1.55349 0
3.53498e-05 0 0.0725704 1.55482 0
3.53498e-05 0 0.102958 1.55591 0
3.53498e-05 0 0.146069 1.55604 0
3.53498e-05 0 0.207231 1.55376 0
3.53498e-05 0 0.294005 1.54659 0
3.53498e-05 0 0.417112 1.53087 0
3.53498e-05 0 0.591769 1.50233 0
3.53498e-05 0 0.839558 1.45804 0
3.53498e-05 0 1.1911 1.39924 0
3.53498e-05 0 1.68985 1.33268 0
3.53498e-05 0 2.39743 1.26753 0
3.53498e-05 0 3.4013 1.21018 0
3.53498e-05 0 4.82552 1.16264 0
3.53498e-05 0 6.8461 1.12446 0
3.53498e-05 0 9.71274 1.09442 0
3.53498e-05 0 13.7797 1.07115 0
3.53498e-05 0 19.5497 1.05329 0
3.53498e-05 0 27.7356 1.03966 0
3.53498e-05 0 39.3493 1.02927 0
3.53498e-05 0 55.8259 1.02131 0
3.53498e-05 0 79.2016 1.01519 0
3.53498e-05 0 112.365 1.01038 0
3.53498e-05 0 159.416 1.00645 0
3.53498e-05 0 226.168 1.00318 0
3.53498e-05 0 320.87 1.00059 0
3.53498e-05 0 455.227 0.998652 0
3.53498e-05 0 645.842 0.997179 0
3.53498e-05 0 916.274 0.995941 0
3.53498e-05 0 1299.94 0.994826 0
3.53498e-05 0 1844.26 0.993803 0
3.53498e-05 0 2616.5 0.992862 0
3.53498e-05 0 3712.11 0.991993 0
3.53498e-05 0 5266.46 0.99119 0
3.53498e-05 0 7471.67 0.990445 0
3.53498e-05 0 10600.3 0.989752 0
3.53498e-05 0 15038.9 0.989105 0
3.53498e-05 0 21336 0.9885 0
3.53498e-05 0 30270 0.987933 0
3.53498e-05 0 42944.9 0.9874 0
3.53498e-05 0 60927 0.986899 0
3.53498e-05 0 86438.8 0.986426 0
3.53498e-05 0 122633 0.985978 0
3.53498e-05 0 173983 0.985555 0
3.53498e-05 0 246834 0.985153 0
3.53498e-05 0 350190 0.984771 0
3.53498e-05 0 496824 0.98441 0
3.53498e-05 0 704857 0.984062 0
3.53498e-05 0 1e+06 0.983729 0

8.61954e-05 0 1e-06 1.54826 0
8.61954e-05 0 1.41873e-06 1.54826 0
8.61954e-05 0 2.01279e-06 1.54826 0
8.61954e-05 0 2.85559e-06 1.54826 0
8.61954e-05 0 4.0513e-06 1.54826 0
8.61954e-05 0 5.74769e-06 1.54826 0
8.61954e-05 0 8.15441e-06 1.54826 0
8.61954e-05 0 1.15689e-05 1.54827 0
8.61954e-05 0 1.64131e-05 1.54827 0
8.61954e-05 0 2.32857e-05 1.54827 0
8.61954e-05 0 3.3036e-05 1.54827 0
8.61954e-05 0 4.6869e-05 1.54827 0
8.61954e-05 0 6.64944e-05 1.54827 0
8.61954e-05 0 9.43373e-05 1.54828 0
8.61954e-05 0 0.000133839 1.54828 0
8.61954e-05 0 0.000189881 1.54829 0
8.61954e-05 0 0.000269389 1.5483 0
8.61954e-05 0 0.000382189 1.54831 0
8.61954e-05 0 0.000542222 1.54834 0
8.61954e-05 0 0.000769265 1.54837 0
8.61954e-05 0 0.00109138 1.54841 0
8.61954e-05 0 0.00154837 1.54847 0
8.61954e-05 0 0.00219671 1.54855 0
8.61954e-05 0 0.00311653 1.54867 0
8.61954e-05 0 0.0044215 1.54884 0
8.61954e-05 0 0.0062729 1.54907 0
8.61954e-05 0 0.00889953 1.5494 0
8.61954e-05 0 0.012626 1.54984 0
8.61954e-05 0 0.0179128 1.55045 0
8.61954e-05 0 0.0254134 1.55124 0
8.61954e-05 0 0.0360547 1.55226 0
8.61954e-05 0 0.0511518 1.55349 0
8.61954e-05 0 0.0725704 1.55482 0
8.61954e-05 0 0.102958 1.55591 0
8.61954e-05 0 0.146069 1.55604 0
8.61954e-05 0 0.207231 1.55376 0
8.61954e-05 0 0.294005 1.54659 0
8.61954e-05 0 0.417112 1.53087 0
8.61954e-05 0 0.591769 1.50233 0
8.61954e-05 0 0.839558 1.45803 0
8.61954e-05 0 1.1911 1.39924 0
8.61954e-05 0 1.68985 1.33268 0
8.61954e-05 0 2.39743 1.26753 0
8.61954e-05 0 3.4013 1.21018 0
8.61954e-05 0 4.82552 1.16264 0
8.61954e-05 0 6.8461 1.12446 0
8.61954e-05 0 9.71274 1.09442 0
8.61954e-05 0 13.7797 1.07115 0
8.61954e-05 0 19.5497 1.05329 0
8.61954e-05 0 27.7356 1.03966 0
8.61954e-05 0 39.3493 1.02927 0
8.61954e-05 0 55.8259 1.02131 0
8.61954e-05 0 79.2016 1.01519 0
8.61954e-05 0 112.365 1.01038 0
8.61954e-05 0 159.416 1.00645 0
8.61954e-05 0 226.168 1.00318 0
8.61954e-05 0 320.87 1.00059 0
8.61954e-05 0 455.227 0.998652 0
8.61954e-05 0 645.842 0.997179 0
8.61954e-05 0 916.274 0.995941 0
8.61954e-05 0 1299.94 0.994826 0
8.61954e-05 0 1844.26 0.993803 0
8.61954e-05 0 2616.5 0.992862 0
8.61954e-05 0 3712.11 0.991993 0
8.61954e-05 0 5266.46 0.99119 0
8.61954e-05 0 7471.67 0.990445 0
8.61954e-05 0 10600.3 0.989752 0
8.61954e-05 0 15038.9 0.989105 0
8.61954e-05 0 21336 0.9885 0
8.61954e-05 0 30270 0.987933 0
8.61954e-05 0 42944.9 0.9874 0
8.61954e-05 0 60927 0.986899 0
8.61954e-05 0 86438.8 0.986426 0
8.61954e-05 0 122633 0.985978 0
8.61954e-05 0 173983 0.985555 0
8.61954e-05 0 246834 0.985153 0
8.61954e-05 0 350190 0.984771 0
8.61954e-05 0 496824 0.98441 0
8.61954e-05 0 704857 0.984062 0
8.61954e-05 0 1e+06 0.983729 0

0.000210175 0 1e-06 1.54827 0
0.000210175 0 1.41873e-06 1.54827 0
0.000210175 0 2.01279e-06 1.54827 0
0.000210175 0 2.85559e-06 1.54827 0
0.000210175 0 4.0513e-06 1.54827 0
0.000210175 0 5.74769e-06 1.54827 0
0.000210175 0 8.15441e-06 1.54827 0
0.000210175 0 1.15689e-05 1.54827 0
0.000210175 0 1.64131e-05 1.54827 0
0.000210175 0 2.32857e-05 1.54827 0
0.000210175 0 3.3036e-05 1.54827 0
0.000210175 0 4.6869e-05 1.54827 0
0.000210175 0 6.64944e-05 1.54828 0
0.000210175 0 9.43373e-05 1.54828 0
0.000210175 0 0.000133839 1.54829 0
0.000210175 0 0.000189881 1.54829 0
0.000210175 0 0.000269389 1.5483 0
0.000210175 0 0.000382189 1.54832 0
0.000210175 0 0.000542222 1.54834 0
0.000210175 0 0.000769265 1.54837 0
0.000210175 0 0.00109138 1.54841 0
0.000210175 0 0.00154837 1.54847 0
0.000210175 0 0.00219671 1.54856 0
0.000210175 0 0.00311653 1.54868 0
0.000210175 0 0.0044215 1.54884 0
0.000210175 0 0.0062729 1.54908 0
0.000210175 0 0.00889953 1.5494 0
0.000210175 0 0.012626 1.54985 0
0.000210175 0 0.0179128 1.55045 0
0.000210175 0 0.0254134 1.55125 0
0.000210175 0 0.0360547 1.55227 0
0.000210175 0 0.0511518 1.5535 0
0.000210175 0 0.0725704 1.55482 0
0.000210175 0 0.102958 1.55591 0
0.000210175 0 0.146069 1.55604 0
0.000210175 0 0.207231 1.55376 0
0.000210175 0 0.294005 1.54659 0
0.000210175 0 0.417112 1.53086 0
0.000210175 0 0.591769 1.50232 0
0.000210175 0 0.839558 1.45803 0
0.000210175 0 1.1911 1.39923 0
0.000210175 0 1.68985 1.33268 0
0.000210175 0 2.39743 1.26752 0
0.000210175 0 3.4013 1.21018 0
0.000210175 0 4.82552 1.16264 0
0.000210175 0 6.8461 1.12445 0
0.000210175 0 9.71274 1.09442 0
0.000210175 0 13.7797 1.07115 0
0.000210175 0 19.5497 1.05329 0
0.000210175 0 27.7356 1.03966 0
0.000210175 0 39.3493 1.02927 0
0.000210175 0 55.8259 1.02131 0
0.000210175 0 79.2016 1.01519 0
0.000210175 0 112.365 1.01038 0
0.000210175 0 159.416 1.00645 0
0.000210175 0 226.168 1.00318 0
0.000210175 0 320.87 1.00059 0
0.000210175 0 455.227 0.998652 0
0.000210175 0 645.842 0.997179 0
0.000210175 0 916.274 0.995941 0
0.000210175 0 1299.94 0.994826 0
0.000210175 0 1844.26 0.993803 0
0.000210175 0 2616.5 0.992862 0
0.000210175 0 3712.11 0.991993 0
0.000210175 0 5266.46 0.99119 0
0.000210175 0 7471.67 0.990445 0
0.000210175 0 10600.3 0.989752 0
0.000210175 0 15038.9 0.989105 0
0.000210175 0 21336 0.9885 0
0.000210175 0 30270 0.987933 0
0.000210175 0 42944.9 0.9874 0
0.000210175 0 60927 0.986899 0
0.000210175 0 86438.8 0.986426 0
0.000210175 0 122633 0.985978 0
0.000210175 0 173983 0.985555 0
0.000210175 0 246834 0.985153 0
0.000210175 0 350190 0.984771 0
0.000210175 0 496824 0.98441 0
0.000210175 0 704857 0.984062 0
0.000210175 0 1e+06 0.983729 0

0.000512481 0 1e-06 1.54828 0
0.000512481 0 1.41873e-06 1.54828 0
0.000512481 0 2.01279e-06 1.54828 0
0.000512481 0 2.85559e-06 1.54828 0
0.000512481 0 4.0513e-06 1.54828 0
0.000512481 0 5.74769e-06 1.54828 0
0.000512481 0 8.15441e-06 1.54828 0
0.000512481 0 1.15689e-05 1.54828 0
0.000512481 0 1.64131e-05 1.54828 0
0.000512481 0 2.32857e-05 1.54828 0
0.000512481 0 3.3036e-05 1.54828 0
0.000512481 0 4.6869e-05 1.54828 0
0.000512481 0 6.64944e-05 1.54829 0
0.000512481 0 9.43373e-05 1.54829 0
0.000512481 0 0.000133839 1.5483 0
0.000512481 0 0.000189881 1.5483 0
0.000512481 0 0.000269389 1.54831 0
0.000512481 0 0.000382189 1.54833 0
0.000512481 0 0.000542222 1.54835 0
0.000512481 0 0.000769265 1.54838 0
0.000512481 0 0.00109138 1.54842 0
0.000512481 0 0.00154837 1.54848 0
0.000512481 0 0.00219671 1.54857 0
0.000512481 0 0.00311653 1.54869 0
0.000512481 0 0.0044215 1.54885 0
0.000512481 0 0.0062729 1.54909 0
0.000512481 0 0.00889953 1.54941 0
0.000512481 0 0.012626 1.54985 0
0.000512481 0 0.0179128 1.55046 0
0.000512481 0 0.0254134 1.55125 0
0.000512481 0 0.0360547 1.55227 0
0.000512481 0 0.0511518 1.5535 0
0.000512481 0 0.0725704 1.55482 0
0.000512481 0 0.102958 1.55591 0
0.000512481 0 0.146069 1.55604 0
0.000512481 0 0.207231 1.55375 0
0.000512481 0 0.294005 1.54658 0
0.000512481 0 0.417112 1.53085 0
0.000512481 0 0.591769 1.50231 0
0.000512481 0 0.839558 1.45801 0
0.000512481 0 1.1911 1.39922 0
0.000512481 0 1.68985 1.33267 0
0.000512481 0 2.39743 1.26752 0
0.000512481 0 3.4013 1.21017 0
0.000512481 0 4.82552 1.16264 0
0.000512481 0 6.8461 1.12445 0
0.000512481 0 9.71274 1.09442 0
0.000512481 0 13.7797 1.07115 0
0.000512481 0 19.5497 1.05329 0
0.000512481 0 27.7356 1.03966 0
0.000512481 0 39.3493 1.02927 0
0.000512481 0 55.8259 1.02131 0
0.000512481 0 79.2016 1.01519 0
0.000512481 0 112.365 1.01038 0
0.000512481 0 159.416 1.00645 0
0.000512481 0 226.168 1.00318 0
0.000512481 0 320.87 1.00059 0
0.000512481 0 455.227 0.998652 0
0.000512481 0 645.842 0.997179 0
0.000512481 0 916.274 0.995941 0
0.000512481 0 1299.94 0.994826 0
0.000512481 0 1844.26 0.993803 0
0.000512481 0 2616.5 0.992862 0
0.000512481 0 3712.11 0.991993 0
0.000512481 0 5266.46 0.99119 0
0.000512481 0 7471.67 0.990445 0
0.000512481 0 10600.3 0.989752 0
0.000512481 0 15038.9 0.989105 0
0.000512481 0 21336 0.9885 0
0.000512481 0 30270 0.987933 0
0.000512481 0 42944.9 0.9874 0
0.000512481 0 60927 0.986899 0
0.000512481 0 86438.8 0.986426 0
0.000512481 0 122633 0.985978 0
0.000512481 0 173983 0.985555 0
0.000512481 0 246834 0.985153 0
0.000512481 0 350190 0.984771 0
0.000512481 0 496824 0.98441 0
0.000512481 0 704857 0.984062 0
0.000512481 0 1e+06 0.983729 0

0.00124961 0 1e-06 1.5483 0
0.00124961 0 1.41873e-06 1.5483 0
0.00124961 0 2.01279e-06 1.5483 0
0.00124961 0 2.85559e-06 1.5483 0
0.00124961 0 4.0513e-06 1.5483 0
0.00124961 0 5.74769e-06 1.5483 0
0.00124961 0 8.15441e-06 1.5483 0
0.00124961 0 1.15689e-05 1.5483 0
0.00124961 0 1.64131e-05 1.5483 0
0.00124961 0 2.32857e-05 1.54831 0
0.00124961 0 3.3036e-05 1.54831 0
0.00124961 0 4.6869e-05 1.54831 0
0.00124961 0 6.64944e-05 1.54831 0
0.00124961 0 9.43373e-05 1.54831 0
0.00124961 0 0.000133839 1.54832 0
0.00124961 0 0.000189881 1.54833 0
0.00124961 0 0.000269389 1.54834 0
0.00124961 0 0.000382189 1.54835 0
0.00124961 0 0.000542222 1.54837 0
0.00124961 0 0.000769265 1.5484 0
0.00124961 0 0.00109138 1.54845 0
0.00124961 0 0.00154837 1.54851 0
0.00124961 0 0.00219671 1.54859 0
0.00124961 0 0.00311653 1.54871 0
0.00124961 0 0.0044215 1.54888 0
0.00124961 0 0.0062729 1.54911 0
0.00124961 0 0.00889953 1.54943 0
0.00124961 0 0.012626 1.54988 0
0.00124961 0 0.0179128 1.55048 0
0.00124961 0 0.0254134 1.55127 0
0.00124961 0 0.0360547 1.55229 0
0.00124961 0 0.0511518 1.55352 0
0.00124961 0 0.0725704 1.55483 0
0.00124961 0 0.102958 1.55592 0
0.00124961 0 0.146069 1.55603 0
0.00124961 0 0.207231 1.55374 0
0.00124961 0 0.294005 1.54656 0
0.00124961 0 0.417112 1.53082 0
0.00124961 0 0.591769 1.50228 0
0.00124961 0 0.839558 1.45798 0
0.00124961 0 1.1911 1.39919 0
0.00124961 0 1.68985 1.33265 0
0.00124961 0 2.39743 1.2675 0
0.00124961 0 3.4013 1.21017 0
0.00124961 0 4.82552 1.16263 0
0.00124961 0 6.8461 1.12445 0
0.00124961 0 9.71274 1.09442 0
0.00124961 0 13.7797 1.07115 0
0.00124961 0 19.5497 1.05329 0
0.00124961 0 27.7356 1.03966 0
0.00124961 0 39.3493 1.02927 0
0.00124961 0 55.8259 1.02131 0
0.00124961 0 79.2016 1.01519 0
0.00124961 0 112.365 1.01038 0
0.00124961 0 159.416 1.00645 0
0.00124961 0 226.168 1.00318 0
0.00124961 0 320.87 1.00059 0
0.00124961 0 455.227 0.998652 0
0.00124961 0 645.842 0.997179 0
0.00124961 0 916.274 0.995941 0
0.00124961 0 1299.94 0.994826 0
0.00124961 0 1844.26 0.993803 0
0.00124961 0 2616.5 0.992862 0
0.00124961 0 3712.11 0.991993 0
0.00124961 0 5266.46 0.99119 0
0.00124961 0 7471.67 0.990445 0
0.00124961 0 10600.3 0.989752 0
0.00124961 0 15038.9 0.989105 0
0.00124961 0 21336 0.9885 0
0.00124961 0 30270 0.987933 0
0.00124961 0 42944.9 0.9874 0
0.00124961 0 60927 0.986899 0
0.00124961 0 86438.8 0.986426 0
0.00124961 0 122633 0.985978 0
0.00124961 0 173983 0.985555 0
0.00124961 0 246834 0.985153 0
0.00124961 0 350190 0.984771 0
0.00124961 0 496824 0.98441 0
0.00124961 0 704857 0.984062 0
0.00124961 0 1e+06 0.983729 0

0.00304699 0 1e-06 1.54836 0
0.00304699 0 1.41873e-06 1.54836 0
0.00304699 0 2.01279e-06 1.54836 0
0.00304699 0 2.85559e-06 1.54836 0
0.00304699 0 4.0513e-06 1.54836 0
0.00304699 0 5.74769e-06 1.54836 0
0.00304699 0 8.15441e-06 1.54836 0
0.00304699 0 1.15689e-05 1.54836 0
0.00304699 0 1.64131e-05 1.54836 0
0.00304699 0 2.32857e-05 1.54836 0
0.00304699 0 3.3036e-05 1.54837 0
0.00304699 0 4.6869e-05 1.54837 0
0.00304699 0 6.64944e-05 1.54837 0
0.00304699 0 9.43373e-05 1.54837 0
0.00304699 0 0.000133839 1.54838 0
0.00304699 0 0.000189881 1.54839 0
0.00304699 0 0.000269389 1.5484 0
0.00304699 0 0.000382189 1.54841 0
0.00304699 0 0.000542222 1.54843 0
0.00304699 0 0.000769265 1.54846 0
0.00304699 0 0.00109138 1.54851 0
0.00304699 0 0.00154837 1.54856 0
0.00304699 0 0.00219671 1.54865 0
0.00304699 0 0.00311653 1.54877 0
0.00304699 0 0.0044215 1.54893 0
0.00304699 0 0.0062729 1.54917 0
0.00304699 0 0.00889953 1.54949 0
0.00304699 0 0.012626 1.54993 0
0.00304699 0 0.0179128 1.55053 0
0.00304699 0 0.0254134 1.55132 0
0.00304699 0 0.0360547 1.55233 0
0.00304699 0 0.0511518 1.55355 0
0.00304699 0 0.0725704 1.55486 0
0.00304699 0 0.102958 1.55593 0
0.00304699 0 0.146069 1.55603 0
0.00304699 0 0.207231 1.55371 0
0.00304699 0 0.294005 1.54651 0
0.00304699 0 0.417112 1.53076 0
0.00304699 0 0.591769 1.5022 0
0.00304699 0 0.839558 1.4579 0
0.00304699 0 1.1911 1.39912 0
0.00304699 0 1.68985 1.3326 0
0.00304699 0 2.39743 1.26747 0
0.00304699 0 3.4013 1.21015 0
0.00304699 0 4.82552 1.16262 0
0.00304699 0 6.8461 1.12444 0
0.00304699 0 9.71274 1.09441 0
0.00304699 0 13.7797 1.07114 0
0.00304699 0 19.5497 1.05329 0
0.00304699 0 27.7356 1.03966 0
0.00304699 0 39.3493 1.02927 0
0.00304699 0 55.8259 1.02131 0
0.00304699 0 79.2016 1.01519 0
0.00304699 0 112.365 1.01038 0
0.00304699 0 159.416 1.00645 0
0.00304699 0 226.168 1.00318 0
0.00304699 0 320.87 1.00059 0
0.00304699 0 455.227 0.998652 0
0.00304699 0 645.842 0.997179 0
0.00304699 0 916.274 0.995941 0
0.00304699 0 1299.94 0.994826 0
0.00304699 0 1844.26 0.993803 0
0.00304699 0 2616.5 0.992862 0
0.00304699 0 3712.11 0.991993 0
0.00304699 0 5266.46 0.99119 0
0.00304699 0 7471.67 0.990445 0
0.00304699 0 10600.3 0.989752 0
0.00304699 0 15038.9 0.989105 0
0.00304699 0 21336 0.9885 0
0.00304699 0 30270 0.987933 0
0.00304699 0 42944.9 0.9874 0
0.00304699 0 60927 0.986899 0
0.00304699 0 86438.8 0.986426 0
0.00304699 0 122633 0.985978 0
0.00304699 0 173983 0.985555 0
0.00304699 0 246834 0.985153 0
0.00304699 0 350190 0.984771 0
0.00304699 0 496824 0.98441 0
0.00304699 0 704857 0.984062 0
0.00304699 0 1e+06 0.983729 0

0.00742964 0 1e-06 1.54851 0
0.00742964 0 1.41873e-06 1.54851 0
0.00742964 0 2.01279e-06 1.54851 0
0.00742964 0 2.85559e-06 1.54851 0
0.00742964 0 4.0513e-06 1.54851 0
0.00742964 0 5.74769e-06 1.54851 0
0.00742964 0 8.15441e-06 1.54851 0
0.00742964 0 1.15689e-05 1.54851 0
0.00742964 0 1.64131e-05 1.54851 0
0.00742964 0 2.32857e-05 1.54851 0
0.00742964 0 3.3036e-05 1.54851 0
0.00742964 0 4.6869e-05 1.54851 0
0.00742964 0 6.64944e-05 1.54851 0
0.00742964 0 9.43373e-05 1.54852 0
0.00742964 0 0.000133839 1.54852 0
0.00742964 0 0.000189881 1.54853 0
0.00742964 0 0.000269389 1.54854 0
0.00742964 0 0.000382189 1.54856 0
0.00742964 0 0.000542222 1.54858 0
0.00742964 0 0.000769265 1.54861 0
0.00742964 0 0.00109138 1.54865 0
0.00742964 0 0.00154837 1.54871 0
0.00742964 0 0.00219671 1.54879 0
0.00742964 0 0.00311653 1.54891 0
0.00742964 0 0.0044215 1.54907 0
0.00742964 0 0.0062729 1.5493 0
0.00742964 0 0.00889953 1.54962 0
0.00742964 0 0.012626 1.55006 0
0.00742964 0 0.0179128 1.55065 0
0.00742964 0 0.0254134 1.55143 0
0.00742964 0 0.0360547 1.55243 0
0.00742964 0 0.0511518 1.55363 0
0.00742964 0 0.0725704 1.55491 0
0.00742964 0 0.102958 1.55595 0
0.00742964 0 0.146069 1.55601 0
0.00742964 0 0.207231 1.55365 0
0.00742964 0 0.294005 1.5464 0
0.00742964 0 0.417112 1.5306 0
0.00742964 0 0.591769 1.50201 0
0.00742964 0 0.839558 1.45771 0
0.00742964 0 1.1911 1.39895 0
0.00742964 0 1.68985 1.33247 0
0.00742964 0 2.39743 1.26739 0
0.00742964 0 3.4013 1.2101 0
0.00742964 0 4.82552 1.16259 0
0.00742964 0 6.8461 1.12443 0
0.00742964 0 9.71274 1.09441 0
0.00742964 0 13.7797 1.07114 0
0.00742964 0 19.5497 1.05329 0
0.00742964 0 27.7356 1.03966 0
0.00742964 0 39.3493 1.02927 0
0.00742964 0 55.8259 1.02131 0
0.00742964 0 79.2016 1.01519 0
0.00742964 0 112.365 1.01038 0
0.00742964 0 159.416 1.00645 0
0.00742964 0 226.168 1.00318 0
0.00742964 0 320.87 1.00059 0
0.00742964 0 455.227 0.998652 0
0.00742964 0 645.842 0.997179 0
0.00742964 0 916.274 0.995941 0
0.00742964 0 1299.94 0.994826 0
0.00742964 0 1844.26 0.993803 0
0.00742964 0 2616.5 0.992862 0
0.00742964 0 3712.11 0.991993 0
0.00742964 0 5266.46 0.99119 0
0.00742964 0 7471.67 0.990445 0
0.00742964 0 10600.3 0.989752 0
0.00742964 0 15038.9 0.989105 0
0.00742964 0 21336 0.9885 0
0.00742964 0 30270 0.987933 0
0.00742964 0 42944.9 0.9874 0
0.00742964 0 60927 0.986899 0
0.00742964 0 86438.8 0.986426 0
0.00742964 0 122633 0.985978 0
0.00742964 0 173983 0.985555 0
0.00742964 0 246834 0.985153 0
0.00742964 0 350190 0.984771 0
0.00742964 0 496824 0.98441 0
0.00742964 0 704857 0.984062 0
0.00742964 0 1e+06 0.983729 0

0.0181161 0 1e-06 1.54885 0
0.0181161 0 1.41873e-06 1.54885 0
0.0181161 0 2.01279e-06 1.54885 0
0.0181161 0 2.85559e-06 1.54885 0
0.0181161 0 4.0513e-06 1.54885 0
0.0181161 0 5.74769e-06 1.54885 0
0.0181161 0 8.15441e-06 1.54885 0
0.0181161 0 1.15689e-05 1.54885 0
0.0181161 0 1.64131e-05 1.54885 0
0.0181161 0 2.32857e-05 1.54885 0
0.0181161 0 3.3036e-05 1.54885 0
0.0181161 0 4.6869e-05 1.54886 0
0.0181161 0 6.64944e-05 1.54886 0
0.0181161 0 9.43373e-05 1.54886 0
0.0181161 0 0.000133839 1.54887 0
0.0181161 0 0.000189881 1.54887 0
0.0181161 0 0.000269389 1.54888 0
0.0181161 0 0.000382189 1.5489 0
0.0181161 0 0.000542222 1.54892 0
0.0181161 0 0.000769265 1.54895 0
0.0181161 0 0.00109138 1.54899 0
0.0181161 0 0.00154837 1.54905 0
0.0181161 0 0.00219671 1.54913 0
0.0181161 0 0.00311653 1.54924 0
0.0181161 0 0.0044215 1.5494 0
0.0181161 0 0.0062729 1.54962 0
0.0181161 0 0.00889953 1.54993 0
0.0181161 0 0.012626 1.55036 0
0.0181161 0 0.0179128 1.55093 0
0.0181161 0 0.0254134 1.55169 0
0.0181161 0 0.0360547 1.55266 0
0.0181161 0 0.0511518 1.55381 0
0.0181161 0 0.0725704 1.55504 0
0.0181161 0 0.102958 1.556 0
0.0181161 0 0.146069 1.55596 0
0.0181161 0 0.207231 1.55349 0
0.0181161 0 0.294005 1.54611 0
0.0181161 0 0.417112 1.5302 0
0.0181161 0 0.591769 1.50154 0
0.0181161 0 0.839558 1.45724 0
0.0181161 0 1.1911 1.39855 0
0.0181161 0 1.68985 1.33217 0
0.0181161 0 2.39743 1.26719 0
0.0181161 0 3.4013 1.20998 0
0.0181161 0 4.82552 1.16252 0
0.0181161 0 6.8461 1.12439 0
0.0181161 0 9.71274 1.09438 0
0.0181161 0 13.7797 1.07113 0
0.0181161 0 19.5497 1.05328 0
0.0181161 0 27.7356 1.03966 0
0.0181161 0 39.3493 1.02926 0
0.0181161 0 55.8259 1.02131 0
0.0181161 0 79.2016 1.01519 0
0.0181161 0 112.365 1.01037 0
0.0181161 0 159.416 1.00645 0
0.0181161 0 226.168 1.00318 0
0.0181161 0 320.87 1.00059 0
0.0181161 0 455.227 0.998652 0
0.0181161 0 645.842 0.997179 0
0.0181161 0 916.274 0.995941 0
0.0181161 0 1299.94 0.994826 0
0.0181161 0 1844.26 0.993803 0
0.0181161 0 2616.5 0.992862 0
0.0181161 0 3712.11 0.991993 0
0.0181161 0 5266.46 0.99119 0
0.0181161 0 7471.67 0.990445 0
0.0181161 0 10600.3 0.989752 0
0.0181161 0 15038.9 0.989105 0
0.0181161 0 21336 0.9885 0
0.0181161 0 30270 0.987933 0
0.0181161 0 42944.9 0.9874 0
0.0181161 0 60927 0.986899 0
0.0181161 0 86438.8 0.986426 0
0.0181161 0 122633 0.985978 0
0.0181161 0 173983 0.985555 0
0.0181161 0 246834 0.985153 0
0.0181161 0 350190 0.984771 0
0.0181161 0 496824 0.98441 0
0.0181161 0 704857 0.984062 0
0.0181161 0 1e+06 0.983729 0

0.0441734 0 1e-06 1.54965 0
0.0441734 0 1.41873e-06 1.54965 0
0.0441734 0 2.01279e-06 1.54965 0
0.0441734 0 2.85559e-06 1.54965 0
0.0441734 0 4.0513e-06 1.54965 0
0.0441734 0 5.74769e-06 1.54965 0
0.0441734 0 8.15441e-06 1.54965 0
0.0441734 0 1.15689e-05 1.54965 0
0.0441734 0 1.64131e-05 1.54966 0
0.0441734 0 2.32857e-05 1.54966 0
0.0441734 0 3.3036e-05 1.54966 0
0.0441734 0 4.6869e-05 1.54966 0
0.0441734 0 6.64944e-05 1.54966 0
0.0441734 0 9.43373e-05 1.54966 0
0.0441734 0 0.000133839 1.54967 0
0.0441734 0 0.000189881 1.54968 0
0.0441734 0 0.000269389 1.54969 0
0.0441734 0 0.000382189 1.5497 0
0.0441734 0 0.000542222 1.54972 0
0.0441734 0 0.000769265 1.54974 0
0.0441734 0 0.00109138 1.54978 0
0.0441734 0 0.00154837 1.54984 0
0.0441734 0 0.00219671 1.54991 0
0.0441734 0 0.00311653 1.55002 0
0.0441734 0 0.0044215 1.55017 0
0.0441734 0 0.0062729 1.55038 0
0.0441734 0 0.00889953 1.55067 0
0.0441734 0 0.012626 1.55106 0
0.0441734 0 0.0179128 1.55159 0
0.0441734 0 0.0254134 1.5523 0
0.0441734 0 0.0360547 1.55319 0
0.0441734 0 0.0511518 1.55423 0
0.0441734 0 0.0725704 1.55531 0
0.0441734 0 0.102958 1.55609 0
0.0441734 0 0.146069 1.55583 0
0.0441734 0 0.207231 1.55308 0
0.0441734 0 0.294005 1.54544 0
0.0441734 0 0.417112 1.52926 0
0.0441734 0 0.591769 1.50042 0
0.0441734 0 0.839558 1.45609 0
0.0441734 0 1.1911 1.39755 0
0.0441734 0 1.68985 1.33143 0
0.0441734 0 2.39743 1.26672 0
0.0441734 0 3.4013 1.20969 0
0.0441734 0 4.82552 1.16236 0
0.0441734 0 6.8461 1.1243 0
0.0441734 0 9.71274 1.09433 0
0.0441734 0 13.7797 1.0711 0
0.0441734 0 19.5497 1.05327 0
0.0441734 0 27.7356 1.03965 0
0.0441734 0 39.3493 1.02926 0
0.0441734 0 55.8259 1.02131 0
0.0441734 0 79.2016 1.01518 0
0.0441734 0 112.365 1.01037 0
0.0441734 0 159.416 1.00645 0
0.0441734 0 226.168 1.00318 0
0.0441734 0 320.87 1.00059 0
0.0441734 0 455.227 0.998652 0
0.0441734 0 645.842 0.997179 0
0.0441734 0 916.274 0.995941 0
0.0441734 0 1299.94 0.994826 0
0.0441734 0 1844.26 0.993803 0
0.0441734 0 2616.5 0.992862 0
0.0441734 0 3712.11 0.991993 0
0.0441734 0 5266.46 0.99119 0
0.0441734 0 7471.67 0.990445 0
0.0441734 0 10600.3 0.989751 0
0.0441734 0 15038.9 0.989105 0
0.0441734 0 21336 0.9885 0
0.0441734 0 30270 0.987933 0
0.0441734 0 42944.9 0.9874 0
0.0441734 0 60927 0.986899 0
0.0441734 0 86438.8 0.986426 0
0.0441734 0 122633 0.985978 0
0.0441734 0 173983 0.985555 0
0.0441734 0 246834 0.985153 0
0.0441734 0 350190 0.984771 0
0.0441734 0 496824 0.98441 0
0.0441734 0 704857 0.984062 0
0.0441734 0 1e+06 0.983729 0

0.107711 0 1e-06 1.5514 0
0.107711 0 1.41873e-06 1.5514 0
0.107711 0 2.01279e-06 1.5514 0
0.107711 0 2.85559e-06 1.5514 0
0.107711 0 4.0513e-06 1.5514 0
0.107711 0 5.74769e-06 1.5514 0
0.107711 0 8.15441e-06 1.5514 0
0.107711 0 1.15689e-05 1.5514 0
0.107711 0 1.64131e-05 1.5514 0
0.107711 0 2.32857e-05 1.5514 0
0.107711 0 3.3036e-05 1.5514 0
0.107711 0 4.6869e-05 1.5514 0
0.107711 0 6.64944e-05 1.5514 0
0.107711 0 9.43373e-05 1.55141 0
0.107711 0 0.000133839 1.55141 0
0.107711 0 0.000189881 1.55141 0
0.107711 0 0.000269389 1.55142 0
0.107711 0 0.000382189 1.55143 0
0.107711 0 0.000542222 1.55145 0
0.107711 0 0.000769265 1.55147 0
0.107711 0 0.00109138 1.5515 0
0.107711 0 0.00154837 1.55155 0
0.107711 0 0.00219671 1.55161 0
0.107711 0 0.00311653 1.5517 0
0.107711 0 0.0044215 1.55183 0
0.107711 0 0.0062729 1.552 0
0.107711 0 0.00889953 1.55224 0
0.107711 0 0.012626 1.55257 0
0.107711 0 0.0179128 1.55301 0
0.107711 0 0.0254134 1.55358 0
0.107711 0 0.0360547 1.55428 0
0.107711 0 0.0511518 1.55508 0
0.107711 0 0.0725704 1.55582 0
0.107711 0 0.102958 1.55616 0
0.107711 0 0.146069 1.55536 0
0.107711 0 0.207231 1.55197 0
0.107711 0 0.294005 1.54364 0
0.107711 0 0.417112 1.52684 0
0.107711 0 0.591769 1.49763 0
0.107711 0 0.839558 1.45332 0
0.107711 0 1.1911 1.39515 0
0.107711 0 1.68985 1.32965 0
0.107711 0 2.39743 1.26555 0
0.107711 0 3.4013 1.209 0
0.107711 0 4.82552 1.16196 0
0.107711 0 6.8461 1.12407 0
0.107711 0 9.71274 1.09421 0
0.107711 0 13.7797 1.07103 0
0.107711 0 19.5497 1.05323 0
0.107711 0 27.7356 1.03963 0
0.107711 0 39.3493 1.02925 0
0.107711 0 55.8259 1.0213 0
0.107711 0 79.2016 1.01518 0
0.107711 0 112.365 1.01037 0
0.107711 0 159.416 1.00645 0
0.107711 0 226.168 1.00318 0
0.107711 0 320.87 1.00059 0
0.107711 0 455.227 0.998652 0
0.107711 0 645.842 0.997179 0
0.107711 0 916.274 0.995941 0
0.107711 0 1299.94 0.994826 0
0.107711 0 1844.26 0.993803 0
0.107711 0 2616.5 0.992862 0
0.107711 0 3712.11 0.991993 0
0.107711 0 5266.46 0.99119 0
0.107711 0 7471.67 0.990445 0
0.107711 0 10600.3 0.989751 0
0.107711 0 15038.9 0.989105 0
0.107711 0 21336 0.9885 0
0.107711 0 30270 0.987933 0
0.107711 0 42944.9 0.9874 0
0.107711 0 60927 0.986899 0
0.107711 0 86438.8 0.986426 0
0.107711 0 122633 0.985978 0
0.107711 0 173983 0.985555 0
0.107711 0 246834 0.985153 0
0.107711 0 350190 0.984771 0
0.107711 0 496824 0.98441 0
0.107711 0 704857 0.984062 0
0.107711 0 1e+06 0.983729 0

0.262636 0 1e-06 1.55444 0
0.262636 0 1.41873e-06 1.55444 0
0.262636 0 2.01279e-06 1.55444 0
0.262636 0 2.85559e-06 1.55444 0
0.262636 0 4.0513e-06 1.55444 0
0.262636 0 5.74769e-06 1.55444 0
0.262636 0 8.15441e-06 1.55444 0
0.262636 0 1.15689e-05 1.55444 0
0.262636 0 1.64131e-05 1.55444 0
0.262636 0 2.32857e-05 1.55444 0
0.262636 0 3.3036e-05 1.55444 0
0.262636 0 4.6869e-05 1.55445 0
0.262636 0 6.64944e-05 1.55445 0
0.262636 0 9.43373e-05 1.55445 0
0.262636 0 0.000133839 1.55445 0
0.262636 0 0.000189881 1.55445 0
0.262636 0 0.000269389 1.55446 0
0.262636 0 0.000382189 1.55446 0
0.262636 0 0.000542222 1.55447 0
0.262636 0 0.000769265 1.55449 0
0.262636 0 0.00109138 1.5545 0
0.262636 0 0.00154837 1.55453 0
0.262636 0 0.00219671 1.55457 0
0.262636 0 0.00311653 1.55462 0
0.262636 0 0.0044215 1.55469 0
0.262636 0 0.0062729 1.55478 0
0.262636 0 0.00889953 1.55491 0
0.262636 0 0.012626 1.55509 0
0.262636 0 0.0179128 1.55531 0
0.262636 0 0.0254134 1.55558 0
0.262636 0 0.0360547 1.55587 0
0.262636 0 0.0511518 1.55611 0
0.262636 0 0.0725704 1.55612 0
0.262636 0 0.102958 1.55548 0
0.262636 0 0.146069 1.55349 0
0.262636 0 0.207231 1.54871 0
0.262636 0 0.294005 1.53885 0
0.262636 0 0.417112 1.52072 0
0.262636 0 0.591769 1.49077 0
0.262636 0 0.839558 1.44651 0
0.262636 0 1.1911 1.38935 0
0.262636 0 1.68985 1.32539 0
0.262636 0 2.39743 1.26277 0
0.262636 0 3.4013 1.20731 0
0.262636 0 4.82552 1.16098 0
0.262636 0 6.8461 1.12353 0
0.262636 0 9.71274 1.09391 0
0.262636 0 13.7797 1.07087 0
0.262636 0 19.5497 1.05314 0
0.262636 0 27.7356 1.03958 0
0.262636 0 39.3493 1.02922 0
0.262636 0 55.8259 1.02129 0
0.262636 0 79.2016 1.01517 0
0.262636 0 112.365 1.01037 0
0.262636 0 159.416 1.00644 0
0.262636 0 226.168 1.00318 0
0.262636 0 320.87 1.00059 0
0.262636 0 455.227 0.998652 0
0.262636 0 645.842 0.997179 0
0.262636 0 916.274 0.995941 0
0.262636 0 1299.94 0.994826 0
0.262636 0 1844.26 0.993803 0
0.262636 0 2616.5 0.992862 0
0.262636 0 3712.11 0.991993 0
0.262636 0 5266.46 0.99119 0
0.262636 0 7471.67 0.990445 0
0.262636 0 10600.3 0.989751 0
0.262636 0 15038.9 0.989105 0
0.262636 0 21336 0.9885 0
0.262636 0 30270 0.987933 0
0.262636 0 42944.9 0.9874 0
0.262636 0 60927 0.986899 0
0.262636 0 86438.8 0.986426 0
0.262636 0 122633 0.985978 0
0.262636 0 173983 0.985555 0
0.262636 0 246834 0.985153 0
0.262636 0 350190 0.984771 0
0.262636 0 496824 0.98441 0
0.262636 0 704857 0.984062 0
0.262636 0 1e+06 0.983729 0

0.6404 0 1e-06 1.55575 0
0.6404 0 1.41873e-06 1.55575 0
0.6404 0 2.01279e-06 1.55575 0
0.6404 0 2.85559e-06 1.55575 0
0.6404 0 4.0513e-06 1.55575 0
0.6404 0 5.74769e-06 1.55575 0
0.6404 0 8.15441e-06 1.55575 0
0.6404 0 1.15689e-05 1.55575 0
0.6404 0 1.64131e-05 1.55575 0
0.6404 0 2.32857e-05 1.55575 0
0.6404 0 3.3036e-05 1.55575 0
0.6404 0 4.6869e-05 1.55575 0
0.6404 0 6.64944e-05 1.55575 0
0.6404 0 9.43373e-05 1.55575 0
0.6404 0 0.000133839 1.55575 0
0.6404 0 0.000189881 1.55575 0
0.6404 0 0.000269389 1.55575 0
0.6404 0 0.000382189 1.55574 0
0.6404 0 0.000542222 1.55574 0
0.6404 0 0.000769265 1.55573 0
0.6404 0 0.00109138 1.55572 0
0.6404 0 0.00154837 1.55571 0
0.6404 0 0.00219671 1.55569 0
0.6404 0 0.00311653 1.55567 0
0.6404 0 0.0044215 1.55564 0
0.6404 0 0.0062729 1.55559 0
0.6404 0 0.00889953 1.5555 0
0.6404 0 0.012626 1.55537 0
0.6404 0 0.0179128 1.55518 0
0.6404 0 0.0254134 1.55486 0
0.6404 0 0.0360547 1.55436 0
0.6404 0 0.0511518 1.55352 0
0.6404 0 0.0725704 1.55207 0
0.6404 0 0.102958 1.54956 0
0.6404 0 0.146069 1.54525 0
0.6404 0 0.207231 1.53779 0
0.6404 0 0.294005 1.52529 0
0.6404 0 0.417112 1.50485 0
0.6404 0 0.591769 1.47377 0
0.6404 0 0.839558 1.43031 0
0.6404 0 1.1911 1.37573 0
0.6404 0 1.68985 1.31542 0
0.6404 0 2.39743 1.25627 0
0.6404 0 3.4013 1.20339 0
0.6404 0 4.82552 1.15871 0
0.6404 0 6.8461 1.12223 0
0.6404 0 9.71274 1.09319 0
0.6404 0 13.7797 1.07047 0
0.6404 0 19.5497 1.05293 0
0.6404 0 27.7356 1.03947 0
0.6404 0 39.3493 1.02916 0
0.6404 0 55.8259 1.02126 0
0.6404 0 79.2016 1.01516 0
0.6404 0 112.365 1.01036 0
0.6404 0 159.416 1.00644 0
0.6404 0 226.168 1.00318 0
0.6404 0 320.87 1.00058 0
0.6404 0 455.227 0.998651 0
0.6404 0 645.842 0.997178 0
0.6404 0 916.274 0.995941 0
0.6404 0 1299.94 0.994826 0
0.6404 0 1844.26 0.993803 0
0.6404 0 2616.5 0.992862 0
0.6404 0 3712.11 0.991993 0
0.6404 0 5266.46 0.99119 0
0.6404 0 7471.67 0.990445 0
0.6404 0 10600.3 0.989751 0
0.6404 0 15038.9 0.989105 0
0.6404 0 21336 0.9885 0
0.6404 0 30270 0.987933 0
0.6404 0 42944.9 0.9874 0
0.6404 0 60927 0.986899 0
0.6404 0 86438.8 0.986426 0
0.6404 0 122633 0.985978 0
0.6404 0 173983 0.985555 0
0.6404 0 246834 0.985153 0
0.6404 0 350190 0.984771 0
0.6404 0 496824 0.98441 0
0.6404 0 704857 0.984062 0
0.6404 0 1e+06 0.983729 0

1.56152 0 1e-06 1.53471 0
1.56152 0 1.41873e-06 1.53471 0
1.56152 0 2.01279e-06 1.53471 0
1.56152 0 2.85559e-06 1.53471 0
1.56152 0 4.0513e-06 1.53471 0
1.56152 0 5.74769e-06 1.53471 0
1.56152 0 8.15441e-06 1.53471 0
1.56152 0 1.15689e-05 1.53471 0
1.56152 0 1.64131e-05 1.53471 0
1.56152 0 2.32857e-05 1.53471 0
1.56152 0 3.3036e-05 1.53471 0
1.56152 0 4.6869e-05 1.5347 0
1.56152 0 6.64944e-05 1.5347 0
1.56152 0 9.43373e-05 1.5347 0
1.56152 0 0.000133839 1.53469 0
1.56152 0 0.000189881 1.53469 0
1.56152 0 0.000269389 1.53467 0
1.56152 0 0.000382189 1.53466 0
1.56152 0 0.000542222 1.53464 0
1.56152 0 0.000769265 1.53461 0
1.56152 0 0.00109138 1.53456 0
1.56152 0 0.00154837 1.5345 0
1.56152 0 0.00219671 1.53441 0
1.56152 0 0.00311653 1.53429 0
1.56152 0 0.0044215 1.53412 0
1.56152 0 0.0062729 1.53387 0
1.56152 0 0.00889953 1.53349 0
1.56152 0 0.012626 1.53294 0
1.56152 0 0.0179128 1.53218 0
1.56152 0 0.0254134 1.53108 0
1.56152 0 0.0360547 1.52952 0
1.56152 0 0.0511518 1.5272 0
1.56152 0 0.0725704 1.52393 0
1.56152 0 0.102958 1.51904 0
1.56152 0 0.146069 1.51187 0
1.56152 0 0.207231 1.50138 0
1.56152 0 0.294005 1.48588 0
1.56152 0 0.417112 1.46378 0
1.56152 0 0.591769 1.43327 0
1.56152 0 0.839558 1.39345 0
1.56152 0 1.1911 1.34562 0
1.56152 0 1.68985 1.29345 0
1.56152 0 2.39743 1.24174 0
1.56152 0 3.4013 1.19444 0
1.56152 0 4.82552 1.15342 0
1.56152 0 6.8461 1.11921 0
1.56152 0 9.71274 1.0915 0
1.56152 0 13.7797 1.06955 0
1.56152 0 19.5497 1.05242 0
1.56152 0 27.7356 1.0392 0
1.56152 0 39.3493 1.02902 0
1.56152 0 55.8259 1.02118 0
1.56152 0 79.2016 1.01511 0
1.56152 0 112.365 1.01033 0
1.56152 0 159.416 1.00642 0
1.56152 0 226.168 1.00317 0
1.56152 0 320.87 1.00058 0
1.56152 0 455.227 0.998648 0
1.56152 0 645.842 0.997177 0
1.56152 0 916.274 0.99594 0
1.56152 0 1299.94 0.994825 0
1.56152 0 1844.26 0.993803 0
1.56152 0 2616.5 0.992862 0
1.56152 0 3712.11 0.991993 0
1.56152 0 5266.46 0.99119 0
1.56152 0 7471.67 0.990445 0
1.56152 0 10600.3 0.989751 0
1.56152 0 15038.9 0.989105 0
1.56152 0 21336 0.9885 0
1.56152 0 30270 0.987933 0
1.56152 0 42944.9 0.9874 0
1.56152 0 60927 0.986899 0
1.56152 0 86438.8 0.986426 0
1.56152 0 122633 0.985978 0
1.56152 0 173983 0.985555 0
1.56152 0 246834 0.985153 0
1.56152 0 350190 0.984771 0
1.56152 0 496824 0.98441 0
1.56152 0 704857 0.984062 0
1.56152 0 1e+06 0.983729 0

3.80755 0 1e-06 1.43843 0
3.80755 0 1.41873e-06 1.43843 0
3.80755 0 2.01279e-06 1.43843 0
3.80755 0 2.85559e-06 1.43843 0
3.80755 0 4.0513e-06 1.43843 0
3.80755 0 5.74769e-06 1.43843 0
3.80755 0 8.15441e-06 1.43843 0
3.80755 0 1.15689e-05 1.43843 0
3.80755 0 1.64131e-05 1.43842 0
3.80755 0 2.32857e-05 1.43842 0
3.80755 0 3.3036e-05 1.43842 0
3.80755 0 4.6869e-05 1.43842 0
3.80755 0 6.64944e-05 1.43842 0
3.80755 0 9.43373e-05 1.43841 0
3.80755 0 0.000133839 1.43841 0
3.80755 0 0.000189881 1.4384 0
3.80755 0 0.000269389 1.43838 0
3.80755 0 0.000382189 1.43836 0
3.80755 0 0.000542222 1.43834 0
3.80755 0 0.000769265 1.4383 0
3.80755 0 0.00109138 1.43825 0
3.80755 0 0.00154837 1.43817 0
3.80755 0 0.00219671 1.43806 0
3.80755 0 0.00311653 1.43789 0
3.80755 0 0.0044215 1.43767 0
3.80755 0 0.0062729 1.43734 0
3.80755 0 0.00889953 1.43689 0
3.80755 0 0.012626 1.43625 0
3.80755 0 0.0179128 1.43534 0
3.80755 0 0.0254134 1.43405 0
3.80755 0 0.0360547 1.43222 0
3.80755 0 0.0511518 1.42967 0
3.80755 0 0.0725704 1.42609 0
3.80755 0 0.102958 1.42104 0
3.80755 0 0.146069 1.41404 0
3.80755 0 0.207231 1.4043 0
3.80755 0 0.294005 1.39103 0
3.80755 0 0.417112 1.37332 0
3.80755 0 0.591769 1.35033 0
3.80755 0 0.839558 1.32173 0
3.80755 0 1.1911 1.28805 0
3.80755 0 1.68985 1.25092 0
3.80755 0 2.39743 1.21267 0
3.80755 0 3.4013 1.17574 0
3.80755 0 4.82552 1.14199 0
3.80755 0 6.8461 1.11247 0
3.80755 0 9.71274 1.08764 0
3.80755 0 13.7797 1.06739 0
3.80755 0 19.5497 1.05124 0
3.80755 0 27.7356 1.03855 0
3.80755 0 39.3493 1.02867 0
3.80755 0 55.8259 1.02099 0
3.80755 0 79.2016 1.01501 0
3.80755 0 112.365 1.01027 0
3.80755 0 159.416 1.00639 0
3.80755 0 226.168 1.00315 0
3.80755 0 320.87 1.00057 0
3.80755 0 455.227 0.998642 0
3.80755 0 645.842 0.997174 0
3.80755 0 916.274 0.995938 0
3.80755 0 1299.94 0.994824 0
3.80755 0 1844.26 0.993802 0
3.80755 0 2616.5 0.992861 0
3.80755 0 3712.11 0.991993 0
3.80755 0 5266.46 0.991189 0
3.80755 0 7471.67 0.990444 0
3.80755 0 10600.3 0.989751 0
3.80755 0 15038.9 0.989105 0
3.80755 0 21336 0.9885 0
3.80755 0 30270 0.987933 0
3.80755 0 42944.9 0.9874 0
3.80755 0 60927 0.986899 0
3.80755 0 86438.8 0.986426 0
3.80755 0 122633 0.985978 0
3.80755 0 173983 0.985555 0
3.80755 0 246834 0.985153 0
3.80755 0 350190 0.984771 0
3.80755 0 496824 0.98441 0
3.80755 0 704857 0.984062 0
3.80755 0 1e+06 0.983729 0

9.28415 0 1e-06 1.27328 0
9.28415 0 1.41873e-06 1.27328 0
9.28415 0 2.01279e-06 1.27328 0
9.28415 0 2.85559e-06 1.27328 0
9.28415 0 4.0513e-06 1.27328 0
9.28415 0 5.74769e-06 1.27328 0
9.28415 0 8.15441e-06 1.27328 0
9.28415 0 1.15689e-05 1.27328 0
9.28415 0 1.64131e-05 1.27328 0
9.28415 0 2.32857e-05 1.27328 0
9.28415 0 3.3036e-05 1.27328 0
9.28415 0 4.6869e-05 1.27327 0
9.28415 0 6.64944e-05 1.27327 0
9.28415 0 9.43373e-05 1.27327 0
9.28415 0 0.000133839 1.27327 0
9.28415 0 0.000189881 1.27326 0
9.28415 0 0.000269389 1.27326 0
9.28415 0 0.000382189 1.27325 0
9.28415 0 0.000542222 1.27324 0
9.28415 0 0.000769265 1.27322 0
9.28415 0 0.00109138 1.27319 0
9.28415 0 0.00154837 1.27316 0
9.28415 0 0.00219671 1.27311 0
9.28415 0 0.00311653 1.27304 0
9.28415 0 0.0044215 1.27294 0
9.28415 0 0.0062729 1.2728 0
9.28415 0 0.00889953 1.2726 0
9.28415 0 0.012626 1.27232 0
9.28415 0 0.0179128 1.27192 0
9.28415 0 0.0254134 1.27135 0
9.28415 0 0.0360547 1.27055 0
9.28415 0 0.0511518 1.26943 0
9.28415 0 0.0725704 1.26784 0
9.28415 0 0.102958 1.26561 0
9.28415 0 0.146069 1.26253 0
9.28415 0 0.207231 1.25829 0
9.28415 0 0.294005 1.25249 0
9.28415 0 0.417112 1.24477 0
9.28415 0 0.591769 1.2346 0
9.28415 0 0.839558 1.22162 0
9.28415 0 1.1911 1.20565 0
9.28415 0 1.68985 1.18674 0
9.28415 0 2.39743 1.1656 0
9.28415 0 3.4013 1.1431 0
9.28415 0 4.82552 1.12052 0
9.28415 0 6.8461 1.09901 0
9.28415 0 9.71274 1.07953 0
9.28415 0 13.7797 1.06265 0
9.28415 0 19.5497 1.04855 0
9.28415 0 27.7356 1.03705 0
9.28415 0 39.3493 1.02783 0
9.28415 0 55.8259 1.02053 0
9.28415 0 79.2016 1.01475 0
9.28415 0 112.365 1.01013 0
9.28415 0 159.416 1.0063 0
9.28415 0 226.168 1.0031 0
9.28415 0 320.87 1.00054 0
9.28415 0 455.227 0.998628 0
9.28415 0 645.842 0.997166 0
9.28415 0 916.274 0.995933 0
9.28415 0 1299.94 0.994821 0
9.28415 0 1844.26 0.9938 0
9.28415 0 2616.5 0.99286 0
9.28415 0 3712.11 0.991992 0
9.28415 0 5266.46 0.991189 0
9.28415 0 7471.67 0.990444 0
9.28415 0 10600.3 0.989751 0
9.28415 0 15038.9 0.989104 0
9.28415 0 21336 0.9885 0
9.28415 0 30270 0.987933 0
9.28415 0 42944.9 0.9874 0
9.28415 0 60927 0.986899 0
9.28415 0 86438.8 0.986426 0
9.28415 0 122633 0.985978 0
9.28415 0 173983 0.985555 0
9.28415 0 246834 0.985153 0
9.28415 0 350190 0.984771 0
9.28415 0 496824 0.98441 0
9.28415 0 704857 0.984062 0
9.28415 0 1e+06 0.983729 0

22.638 0 1e-06 1.14415 0
22.638 0 1.41873e-06 1.14415 0
22.638 0 2.01279e-06 1.14415 0
22.638 0 2.85559e-06 1.14415 0
22.638 0 4.0513e-06 1.14415 0
22.638 0 5.74769e-06 1.14415 0
22.638 0 8.15441e-06 1.14415 0
22.638 0 1.15689e-05 1.14415 0
22.638 0 1.64131e-05 1.14415 0
22.638 0 2.32857e-05 1.14415 0
22.638 0 3.3036e-05 1.14415 0
22.638 0 4.6869e-05 1.14415 0
22.638 0 6.64944e-05 1.14415 0
22.638 0 9.43373e-05 1.14415 0
22.638 0 0.000133839 1.14415 0
22.638 0 0.000189881 1.14414 0
22.638 0 0.000269389 1.14414 0
22.638 0 0.000382189 1.14414 0
22.638 0 0.000542222 1.14414 0
22.638 0 0.000769265 1.14413 0
22.638 0 0.00109138 1.14413 0
22.638 0 0.00154837 1.14412 0
22.638 0 0.00219671 1.14411 0
22.638 0 0.00311653 1.14409 0
22.638 0 0.0044215 1.14406 0
22.638 0 0.0062729 1.14403 0
22.638 0 0.00889953 1.14398 0
22.638 0 0.012626 1.1439 0
22.638 0 0.0179128 1.1438 0
22.638 0 0.0254134 1.14366 0
22.638 0 0.0360547 1.14345 0
22.638 0 0.0511518 1.14316 0
22.638 0 0.0725704 1.14275 0
22.638 0 0.102958 1.14217 0
22.638 0 0.146069 1.14136 0
22.638 0 0.207231 1.14024 0
22.638 0 0.294005 1.13868 0
22.638 0 0.417112 1.13652 0
22.638 0 0.591769 1.13359 0
22.638 0 0.839558 1.12968 0
22.638 0 1.1911 1.12448 0
22.638 0 1.68985 1.11784 0
22.638 0 2.39743 1.10965 0
22.638 0 3.4013 1.09996 0
22.638 0 4.82552 1.08892 0
22.638 0 6.8461 1.07712 0
22.638 0 9.71274 1.06516 0
22.638 0 13.7797 1.05363 0
22.638 0 19.5497 1.04309 0
22.638 0 27.7356 1.03384 0
22.638 0 39.3493 1.02599 0
22.638 0 55.8259 1.01948 0
22.638 0 79.2016 1.01416 0
22.638 0 112.365 1.00978 0
22.638 0 159.416 1.0061 0
22.638 0 226.168 1.00298 0
22.638 0 320.87 1.00048 0
22.638 0 455.227 0.998594 0
22.638 0 645.842 0.997146 0
22.638 0 916.274 0.995921 0
22.638 0 1299.94 0.994813 0
22.638 0 1844.26 0.993795 0
22.638 0 2616.5 0.992856 0
22.638 0 3712.11 0.99199 0
22.638 0 5266.46 0.991187 0
22.638 0 7471.67 0.990443 0
22.638 0 10600.3 0.98975 0
22.638 0 15038.9 0.989104 0
22.638 0 21336 0.988499 0
22.638 0 30270 0.987933 0
22.638 0 42944.9 0.9874 0
22.638 0 60927 0.986899 0
22.638 0 86438.8 0.986426 0
22.638 0 122633 0.985978 0
22.638 0 173983 0.985555 0
22.638 0 246834 0.985153 0
22.638 0 350190 0.984771 0
22.638 0 496824 0.98441 0
22.638 0 704857 0.984062 0
22.638 0 1e+06 0.983729 0

55.1995 0 1e-06 1.07106 0
55.1995 0 1.41873e-06 1.07106 0
55.1995 0 2.01279e-06 1.07106 0
55.1995 0 2.85559e-06 1.07106 0
55.1995 0 4.0513e-06 1.07106 0
55.1995 0 5.74769e-06 1.07106 0
55.1995 0 8.15441e-06 1.07106 0
55.1995 0 1.15689e-05 1.07106 0
55.1995 0 1.64131e-05 1.07106 0
55.1995 0 2.32857e-05 1.07106 0
55.1995 0 3.3036e-05 1.07106 0
55.1995 0 4.6869e-05 1.07106 0
55.1995 0 6.64944e-05 1.07106 0
55.1995 0 9.43373e-05 1.07106 0
55.1995 0 0.000133839 1.07106 0
55.1995 0 0.000189881 1.07106 0
55.1995 0 0.000269389 1.07106 0
55.1995 0 0.000382189 1.07106 0
55.1995 0 0.000542222 1.07106 0
55.1995 0 0.000769265 1.07106 0
55.1995 0 0.00109138 1.07106 0
55.1995 0 0.00154837 1.07105 0
55.1995 0 0.00219671 1.07105 0
55.1995 0 0.00311653 1.07105 0
55.1995 0 0.0044215 1.07104 0
55.1995 0 0.0062729 1.07103 0
55.1995 0 0.00889953 1.07102 0
55.1995 0 0.012626 1.07101 0
55.1995 0 0.0179128 1.07098 0
55.1995 0 0.0254134 1.07095 0
55.1995 0 0.0360547 1.07091 0
55.1995 0 0.0511518 1.07084 0
55.1995 0 0.0725704 1.07075 0
55.1995 0 0.102958 1.07062 0
55.1995 0 0.146069 1.07044 0
55.1995 0 0.207231 1.0702 0
55.1995 0 0.294005 1.06985 0
55.1995 0 0.417112 1.06936 0
55.1995 0 0.591769 1.06868 0
55.1995 0 0.839558 1.06773 0
55.1995 0 1.1911 1.06643 0
55.1995 0 1.68985 1.06468 0
55.1995 0 2.39743 1.06235 0
55.1995 0 3.4013 1.05934 0
55.1995 0 4.82552 1.05557 0
55.1995 0 6.8461 1.05098 0
55.1995 0 9.71274 1.04573 0
55.1995 0 13.7797 1.03994 0
55.1995 0 19.5497 1.03391 0
55.1995 0 27.7356 1.02794 0
55.1995 0 39.3493 1.02234 0
55.1995 0 55.8259 1.01729 0
55.1995 0 79.2016 1.01286 0
55.1995 0 112.365 1.009 0
55.1995 0 159.416 1.00562 0
55.1995 0 226.168 1.0027 0
55.1995 0 320.87 1.00032 0
55.1995 0 455.227 0.998512 0
55.1995 0 645.842 0.9971 0
55.1995 0 916.274 0.995892 0
55.1995 0 1299.94 0.994795 0
55.1995 0 1844.26 0.993783 0
55.1995 0 2616.5 0.992848 0
55.1995 0 3712.11 0.991984 0
55.1995 0 5266.46 0.991184 0
55.1995 0 7471.67 0.990441 0
55.1995 0 10600.3 0.989749 0
55.1995 0 15038.9 0.989103 0
55.1995 0 21336 0.988499 0
55.1995 0 30270 0.987932 0
55.1995 0 42944.9 0.9874 0
55.1995 0 60927 0.986899 0
55.1995 0 86438.8 0.986426 0
55.1995 0 122633 0.985978 0
55.1995 0 173983 0.985555 0
55.1995 0 246834 0.985153 0
55.1995 0 350190 0.984771 0
55.1995 0 496824 0.98441 0
55.1995 0 704857 0.984062 0
55.1995 0 1e+06 0.983729 0

134.596 0 1e-06 1.03358 0
134.596 0 1.41873e-06 1.03358 0
134.596 0 2.01279e-06 1.03358 0
134.596 0 2.85559e-06 1.03358 0
134.596 0 4.0513e-06 1.03358 0
134.596 0 5.74769e-06 1.03358 0
134.596 0 8.15441e-06 1.03358 0
134.596 0 1.15689e-05 1.03358 0
134.596 0 1.64131e-05 1.03358 0
134.596 0 2.32857e-05 1.03358 0
134.596 0 3.3036e-05 1.03358 0
134.596 0 4.6869e-05 1.03358 0
134.596 0 6.64944e-05 1.03358 0
134.596 0 9.43373e-05 1.03358 0
134.596 0 0.000133839 1.03358 0
134.596 0 0.000189881 1.03358 0
134.596 0 0.000269389 1.03358 0
134.596 0 0.000382189 1.03358 0
134.596 0 0.000542222 1.03358 0
134.596 0 0.000769265 1.03358 0
134.596 0 0.00109138 1.03358 0
134.596 0 0.00154837 1.03358 0
134.596 0 0.00219671 1.03358 0
134.596 0 0.00311653 1.03358 0
134.596 0 0.0044215 1.03357 0
134.596 0 0.0062729 1.03357 0
134.596 0 0.00889953 1.03357 0
134.596 0 0.012626 1.03357 0
134.596 0 0.0179128 1.03356 0
134.596 0 0.0254134 1.03356 0
134.596 0 0.0360547 1.03355 0
134.596 0 0.0511518 1.03353 0
134.596 0 0.0725704 1.03352 0
134.596 0 0.102958 1.03349 0
134.596 0 0.146069 1.03345 0
134.596 0 0.207231 1.0334 0
134.596 0 0.294005 1.03333 0
134.596 0 0.417112 1.03323 0
134.596 0 0.591769 1.03308 0
134.596 0 0.839558 1.03288 0
134.596 0 1.1911 1.03259 0
134.596 0 1.68985 1.03219 0
134.596 0 2.39743 1.03164 0
134.596 0 3.4013 1.03089 0
134.596 0 4.82552 1.02988 0
134.596 0 6.8461 1.02857 0
134.596 0 9.71274 1.02689 0
134.596 0 13.7797 1.02481 0
134.596 0 19.5497 1.02233 0
134.596 0 27.7356 1.01954 0
134.596 0 39.3493 1.01652 0
134.596 0 55.8259 1.01341 0
134.596 0 79.2016 1.01034 0
134.596 0 112.365 1.00738 0
134.596 0 159.416 1.00459 0
134.596 0 226.168 1.00208 0
134.596 0 320.87 0.999977 0
134.596 0 455.227 0.998325 0
134.596 0 645.842 0.99699 0
134.596 0 916.274 0.995823 0
134.596 0 1299.94 0.994749 0
134.596 0 1844.26 0.993753 0
134.596 0 2616.5 0.992829 0
134.596 0 3712.11 0.991972 0
134.596 0 5266.46 0.991176 0
134.596 0 7471.67 0.990435 0
134.596 0 10600.3 0.989745 0
134.596 0 15038.9 0.989101 0
134.596 0 21336 0.988497 0
134.596 0 30270 0.987931 0
134.596 0 42944.9 0.987399 0
134.596 0 60927 0.986898 0
134.596 0 86438.8 0.986425 0
134.596 0 122633 0.985978 0
134.596 0 173983 0.985555 0
134.596 0 246834 0.985153 0
134.596 0 350190 0.984771 0
134.596 0 496824 0.98441 0
134.596 0 704857 0.984062 0
134.596 0 1e+06 0.983729 0

328.193 0 1e-06 1.01466 0
328.193 0 1.41873e-06 1.01466 0
328.193 0 2.01279e-06 1.01466 0
328.193 0 2.85559e-06 1.01466 0
328.193 0 4.0513e-06 1.01466 0
328.193 0 5.74769e-06 1.01466 0
328.193 0 8.15441e-06 1.01466 0
328.193 0 1.15689e-05 1.01466 0
328.193 0 1.64131e-05 1.01466 0
328.193 0 2.32857e-05 1.01466 0
328.193 0 3.3036e-05 1.01466 0
328.193 0 4.6869e-05 1.01466 0
328.193 0 6.64944e-05 1.01466 0
328.193 0 9.43373e-05 1.01466 0
328.193 0 0.000133839 1.01465 0
328.193 0 0.000189881 1.01465 0
328.193 0 0.000269389 1.01465 0
328.193 0 0.000382189 1.01465 0
328.193 0 0.000542222 1.01465 0
328.193 0 0.000769265 1.01465 0
328.193 0 0.00109138 1.01465 0
328.193 0 0.00154837 1.01465 0
328.193 0 0.00219671 1.01465 0
328.193 0 0.00311653 1.01465 0
328.193 0 0.0044215 1.01465 0
328.193 0 0.0062729 1.01465 0
328.193 0 0.00889953 1.01465 0
328.193 0 0.012626 1.01465 0
328.193 0 0.0179128 1.01465 0
328.193 0 0.0254134 1.01465 0
328.193 0 0.0360547 1.01465 0
328.193 0 0.0511518 1.01465 0
328.193 0 0.0725704 1.01464 0
328.193 0 0.102958 1.01464 0
328.193 0 0.146069 1.01463 0
328.193 0 0.207231 1.01462 0
328.193 0 0.294005 1.0146 0
328.193 0 0.417112 1.01458 0
328.193 0 0.591769 1.01455 0
328.193 0 0.839558 1.0145 0
328.193 0 1.1911 1.01444 0
328.193 0 1.68985 1.01435 0
328.193 0 2.39743 1.01422 0
328.193 0 3.4013 1.01405 0
328.193 0 4.82552 1.01381 0
328.193 0 6.8461 1.01349 0
328.193 0 9.71274 1.01304 0
328.193 0 13.7797 1.01245 0
328.193 0 19.5497 1.01167 0
328.193 0 27.7356 1.01068 0
328.193 0 39.3493 1.00946 0
328.193 0 55.8259 1.00801 0
328.193 0 79.2016 1.00635 0
328.193 0 112.365 1.00453 0
328.193 0 159.416 1.00266 0
328.193 0 226.168 1.00086 0
328.193 0 320.87 0.999269 0
328.193 0 455.227 0.997915 0
328.193 0 645.842 0.99674 0
328.193 0 916.274 0.99566 0
328.193 0 1299.94 0.994642 0
328.193 0 1844.26 0.993683 0
328.193 0 2616.5 0.992783 0
328.193 0 3712.11 0.991941 0
328.193 0 5266.46 0.991156 0
328.193 0 7471.67 0.990422 0
328.193 0 10600.3 0.989737 0
328.193 0 15038.9 0.989095 0
328.193 0 21336 0.988494 0
328.193 0 30270 0.987929 0
328.193 0 42944.9 0.987398 0
328.193 0 60927 0.986897 0
328.193 0 86438.8 0.986425 0
328.193 0 122633 0.985978 0
328.193 0 173983 0.985555 0
328.193 0 246834 0.985152 0
328.193 0 350190 0.984771 0
328.193 0 496824 0.98441 0
328.193 0 704857 0.984062 0
328.193 0 1e+06 0.983729 0

800.25 0 1e-06 1.00425 0
800.25 0 1.41873e-06 1.00425 0
800.25 0 2.01279e-06 1.00425 0
800.25 0 2.85559e-06 1.00425 0
800.25 0 4.0513e-06 1.00425 0
800.25 0 5.74769e-06 1.00425 0
800.25 0 8.15441e-06 1.00425 0
800.25 0 1.15689e-05 1.00425 0
800.25 0 1.64131e-05 1.00425 0
800.25 0 2.32857e-05 1.00425 0
800.25 0 3.3036e-05 1.00425 0
800.25 0 4.6869e-05 1.00425 0
800.25 0 6.64944e-05 1.00425 0
800.25 0 9.43373e-05 1.00425 0
800.25 0 0.000133839 1.00425 0
800.25 0 0.000189881 1.00425 0
800.25 0 0.000269389 1.00425 0
800.25 0 0.000382189 1.00425 0
800.25 0 0.000542222 1.00425 0
800.25 0 0.000769265 1.00425 0
800.25 0 0.00109138 1.00425 0
800.25 0 0.00154837 1.00425 0
800.25 0 0.00219671 1.00425 0
800.25 0 0.00311653 1.00425 0
800.25 0 0.0044215 1.00425 0
800.25 0 0.0062729 1.00425 0
800.25 0 0.00889953 1.00425 0
800.25 0 0.012626 1.00425 0
800.25 0 0.0179128 1.00425 0
800.25 0 0.0254134 1.00425 0
800.25 0 0.0360547 1.00425 0
800.25 0 0.0511518 1.00425 0
800.25 0 0.0725704 1.00425 0
800.25 0 0.102958 1.00425 0
800.25 0 0.146069 1.00424 0
800.25 0 0.207231 1.00424 0
800.25 0 0.294005 1.00424 0
800.25 0 0.417112 1.00423 0
800.25 0 0.591769 1.00422 0
800.25 0 0.839558 1.00421 0
800.25 0 1.1911 1.0042 0
800.25 0 1.68985 1.00418 0
800.25 0 2.39743 1.00414 0
800.25 0 3.4013 1.0041 0
800.25 0 4.82552 1.00404 0
800.25 0 6.8461 1.00395 0
800.25 0 9.71274 1.00383 0
800.25 0 13.7797 1.00366 0
800.25 0 19.5497 1.00344 0
800.25 0 27.7356 1.00313 0
800.25 0 39.3493 1.00272 0
800.25 0 55.8259 1.0022 0
800.25 0 79.2016 1.00155 0
800.25 0 112.365 1.00077 0
800.25 0 159.416 0.999905 0
800.25 0 226.168 0.998984 0
800.25 0 320.87 0.998052 0
800.25 0 455.227 0.99713 0
800.25 0 645.842 0.996216 0
800.25 0 916.274 0.995303 0
800.25 0 1299.94 0.994399 0
800.25 0 1844.26 0.993519 0
800.25 0 2616.5 0.992674 0
800.25 0 3712.11 0.991869 0
800.25 0 5266.46 0.991108 0
800.25 0 7471.67 0.990391 0
800.25 0 10600.3 0.989716 0
800.25 0 15038.9 0.989081 0
800.25 0 21336 0.988484 0
800.25 0 30270 0.987923 0
800.25 0 42944.9 0.987394 0
800.25 0 60927 0.986894 0
800.25 0 86438.8 0.986423 0
800.25 0 122633 0.985976 0
800.25 0 173983 0.985554 0
800.25 0 246834 0.985152 0
800.25 0 350190 0.984771 0
800.25 0 496824 0.984409 0
800.25 0 704857 0.984062 0
800.25 0 1e+06 0.983729 0

1951.29 0 1e-06 0.998333 0
1951.29 0 1.41873e-06 0.998333 0
1951.29 0 2.01279e-06 0.998333 0
1951.29 0 2.85559e-06 0.998333 0
1951.29 0 4.0513e-06 0.998333 0
1951.29 0 5.74769e-06 0.998333 0
1951.29 0 8.15441e-06 0.998333 0
1951.29 0 1.15689e-05 0.998333 0
1951.29 0 1.64131e-05 0.998333 0
1951.29 0 2.32857e-05 0.998333 0
1951.29 0 3.3036e-05 0.998333 0
1951.29 0 4.6869e-05 0.998333 0
1951.29 0 6.64944e-05 0.998333 0
1951.29 0 9.43373e-05 0.998333 0
1951.29 0 0.000133839 0.998333 0
1951.29 0 0.000189881 0.998333 0
1951.29 0 0.000269389 0.998333 0
1951.29 0 0.000382189 0.998333 0
1951.29 0 0.000542222 0.998333 0
1951.29 0 0.000769265 0.998333 0
1951.29 0 0.00109138 0.998333 0
1951.29 0 0.00154837 0.998333 0
1951.29 0 0.00219671 0.998333 0
1951.29 0 0.00311653 0.998333 0
1951.29 0 0.0044215 0.998333 0
1951.29 0 0.0062729 0.998333 0
1951.29 0 0.00889953 0.998333 0
1951.29 0 0.012626 0.998333 0
1951.29 0 0.0179128 0.998333 0
1951.29 0 0.0254134 0.998333 0
1951.29 0 0.0360547 0.998333 0
1951.29 0 0.0511518 0.998332 0
1951.29 0 0.0725704 0.998332 0
1951.29 0 0.102958 0.998332 0
1951.29 0 0.146069 0.998332 0
1951.29 0 0.207231 0.998331 0
1951.29 0 0.294005 0.99833 0
1951.29 0 0.417112 0.998329 0
1951.29 0 0.591769 0.998327 0
1951.29 0 0.839558 0.998325 0
1951.29 0 1.1911 0.998322 0
1951.29 0 1.68985 0.998317 0
1951.29 0 2.39743 0.998311 0
1951.29 0 3.4013 0.998302 0
1951.29 0 4.82552 0.998289 0
1951.29 0 6.8461 0.998271 0
1951.29 0 9.71274 0.998245 0
1951.29 0 13.7797 0.998208 0
1951.29 0 19.5497 0.998159 0
1951.29 0 27.7356 0.99809 0
1951.29 0 39.3493 0.997994 0
1951.29 0 55.8259 0.997866 0
1951.29 0 79.2016 0.997693 0
1951.29 0 112.365 0.997467 0
1951.29 0 159.416 0.997176 0
1951.29 0 226.168 0.996813 0
1951.29 0 320.87 0.996371 0
1951.29 0 455.227 0.995851 0
1951.29 0 645.842 0.995255 0
1951.29 0 916.274 0.994598 0
1951.29 0 1299.94 0.993894 0
1951.29 0 1844.26 0.993166 0
1951.29 0 2616.5 0.99243 0
1951.29 0 3712.11 0.991704 0
1951.29 0 5266.46 0.990997 0
1951.29 0 7471.67 0.990316 0
1951.29 0 10600.3 0.989666 0
1951.29 0 15038.9 0.989048 0
1951.29 0 21336 0.988462 0
1951.29 0 30270 0.987908 0
1951.29 0 42944.9 0.987384 0
1951.29 0 60927 0.986888 0
1951.29 0 86438.8 0.986418 0
1951.29 0 122633 0.985973 0
1951.29 0 173983 0.985552 0
1951.29 0 246834 0.985151 0
1951.29 0 350190 0.98477 0
1951.29 0 496824 0.984409 0
1951.29 0 704857 0.984062 0
1951.29 0 1e+06 0.983729 0

4757.94 0 1e-06 0.9951 0
4757.94 0 1.41873e-06 0.9951 0
4757.94 0 2.01279e-06 0.9951 0
4757.94 0 2.85559e-06 0.9951 0
4757.94 0 4.0513e-06 0.9951 0
4757.94 0 5.74769e-06 0.9951 0
4757.94 0 8.15441e-06 0.9951 0
4757.94 0 1.15689e-05 0.9951 0
4757.94 0 1.64131e-05 0.9951 0
4757.94 0 2.32857e-05 0.9951 0
4757.94 0 3.3036e-05 0.9951 0
4757.94 0 4.6869e-05 0.9951 0
4757.94 0 6.64944e-05 0.9951 0
4757.94 0 9.43373e-05 0.9951 0
4757.94 0 0.000133839 0.9951 0
4757.94 0 0.000189881 0.9951 0
4757.94 0 0.000269389 0.9951 0
4757.94 0 0.000382189 0.9951 0
4757.94 0 0.000542222 0.9951 0
4757.94 0 0.000769265 0.9951 0
4757.94 0 0.00109138 0.9951 0
4757.94 0 0.00154837 0.9951 0
4757.94 0 0.00219671 0.9951 0
4757.94 0 0.00311653 0.9951 0
4757.94 0 0.0044215 0.9951 0
4757.94 0 0.0062729 0.9951 0
4757.94 0 0.00889953 0.9951 0
4757.94 0 0.012626 0.9951 0
4757.94 0 0.0179128 0.9951 0
4757.94 0 0.0254134 0.9951 0
4757.94 0 0.0360547 0.9951 0
4757.94 0 0.0511518 0.9951 0
4757.94 0 0.0725704 0.9951 0
4757.94 0 0.102958 0.9951 0
4757.94 0 0.146069 0.9951 0
4757.94 0 0.207231 0.9951 0
4757.94 0 0.294005 0.995099 0
4757.94 0 0.417112 0.995099 0
4757.94 0 0.591769 0.995099 0
4757.94 0 0.839558 0.995098 0
4757.94 0 1.1911 0.995097 0
4757.94 0 1.68985 0.995096 0
4757.94 0 2.39743 0.995094 0
4757.94 0 3.4013 0.995091 0
4757.94 0 4.82552 0.995088 0
4757.94 0 6.8461 0.995082 0
4757.94 0 9.71274 0.995075 0
4757.94 0 13.7797 0.995065 0
4757.94 0 19.5497 0.99505 0
4757.94 0 27.7356 0.995029 0
4757.94 0 39.3493 0.995 0
4757.94 0 55.8259 0.994959 0
4757.94 0 79.2016 0.994902 0
4757.94 0 112.365 0.994824 0
4757.94 0 159.416 0.994716 0
4757.94 0 226.168 0.994572 0
4757.94 0 320.87 0.99438 0
4757.94 0 455.227 0.994132 0
4757.94 0 645.842 0.993821 0
4757.94 0 916.274 0.993441 0
4757.94 0 1299.94 0.992995 0
4757.94 0 1844.26 0.992489 0
4757.94 0 2616.5 0.991937 0
4757.94 0 3712.11 0.991352 0
4757.94 0 5266.46 0.990751 0
4757.94 0 7471.67 0.990147 0
4757.94 0 10600.3 0.989551 0
4757.94 0 15038.9 0.98897 0
4757.94 0 21336 0.98841 0
4757.94 0 30270 0.987873 0
4757.94 0 42944.9 0.98736 0
4757.94 0 60927 0.986872 0
4757.94 0 86438.8 0.986408 0
4757.94 0 122633 0.985966 0
4757.94 0 173983 0.985547 0
4757.94 0 246834 0.985147 0
4757.94 0 350190 0.984768 0
4757.94 0 496824 0.984407 0
4757.94 0 704857 0.984061 0
4757.94 0 1e+06 0.983728 0

11601.6 0 1e-06 0.992599 0
11601.6 0 1.41873e-06 0.992599 0
11601.6 0 2.01279e-06 0.992599 0
11601.6 0 2.85559e-06 0.992599 0
11601.6 0 4.0513e-06 0.992599 0
11601.6 0 5.74769e-06 0.992599 0
11601.6 0 8.15441e-06 0.992599 0
11601.6 0 1.15689e-05 0.992599 0
11601.6 0 1.64131e-05 0.992599 0
11601.6 0 2.32857e-05 0.992599 0
11601.6 0 3.3036e-05 0.992599 0
11601.6 0 4.6869e-05 0.992599 0
11601.6 0 6.64944e-05 0.992599 0
11601.6 0 9.43373e-05 0.992599 0
11601.6 0 0.000133839 0.992599 0
11601.6 0 0.000189881 0.992599 0
11601.6 0 0.000269389 0.992599 0
11601.6 0 0.000382189 0.992599 0
11601.6 0 0.000542222 0.992599 0
11601.6 0 0.000769265 0.992599 0
11601.6 0 0.00109138 0.992599 0
11601.6 0 0.00154837 0.992599 0
11601.6 0 0.00219671 0.992599 0
11601.6 0 0.00311653 0.992599 0
11601.6 0 0.0044215 0.992599 0
11601.6 0 0.0062729 0.992599 0
11601.6 0 0.00889953 0.992599 0
11601.6 0 0.012626 0.992599 0
11601.6 0 0.0179128 0.992599 0
11601.6 0 0.0254134 0.992599 0
11601.6 0 0.0360547 0.992599 0
11601.6 0 0.0511518 0.992599 0
11601.6 0 0.0725704 0.992599 0
11601.6 0 0.102958 0.992599 0
11601.6 0 0.146069 0.992599 0
11601.6 0 0.207231 0.992599 0
11601.6 0 0.294005 0.992599 0
11601.6 0 0.417112 0.992598 0
11601.6 0 0.591769 0.992598 0
11601.6 0 0.839558 0.992598 0
11601.6 0 1.1911 0.992598 0
11601.6 0 1.68985 0.992597 0
11601.6 0 2.39743 0.992597 0
11601.6 0 3.4013 0.992596 0
11601.6 0 4.82552 0.992595 0
11601.6 0 6.8461 0.992593 0
11601.6 0 9.71274 0.99259 0
11601.6 0 13.7797 0.992587 0
11601.6 0 19.5497 0.992582 0
11601.6 0 27.7356 0.992575 0
11601.6 0 39.3493 0.992565 0
11601.6 0 55.8259 0.992551 0
11601.6 0 79.2016 0.992531 0
11601.6 0 112.365 0.992504 0
11601.6 0 159.416 0.992465 0
11601.6 0 226.168 0.992412 0
11601.6 0 320.87 0.992338 0
11601.6 0 455.227 0.992238 0
11601.6 0 645.842 0.992105 0
11601.6 0 916.274 0.99193 0
11601.6 0 1299.94 0.991705 0
11601.6 0 1844.26 0.991426 0
11601.6 0 2616.5 0.991091 0
11601.6 0 3712.11 0.990702 0
11601.6 0 5266.46 0.990266 0
11601.6 0 7471.67 0.989795 0
11601.6 0 10600.3 0.989301 0
11601.6 0 15038.9 0.988796 0
11601.6 0 21336 0.98829 0
11601.6 0 30270 0.987791 0
11601.6 0 42944.9 0.987305 0
11601.6 0 60927 0.986835 0
11601.6 0 86438.8 0.986383 0
11601.6 0 122633 0.98595 0
11601.6 0 173983 0.985536 0
11601.6 0 246834 0.98514 0
11601.6 0 350190 0.984763 0
11601.6 0 496824 0.984404 0
11601.6 0 704857 0.984058 0
11601.6 0 1e+06 0.983727 0

28288.7 0 1e-06 0.990558 0
28288.7 0 1.41873e-06 0.990558 0
28288.7 0 2.01279e-06 0.990558 0
28288.7 0 2.85559e-06 0.990558 0
28288.7 0 4.0513e-06 0.990558 0
28288.7 0 5.74769e-06 0.990558 0
28288.7 0 8.15441e-06 0.990558 0
28288.7 0 1.15689e-05 0.990558 0
28288.7 0 1.64131e-05 0.990558 0
28288.7 0 2.32857e-05 0.990558 0
28288.7 0 3.3036e-05 0.990558 0
28288.7 0 4.6869e-05 0.990558 0
28288.7 0 6.64944e-05 0.990558 0
28288.7 0 9.43373e-05 0.990558 0
28288.7 0 0.000133839 0.990558 0
28288.7 0 0.000189881 0.990558 0
28288.7 0 0.000269389 0.990558 0
28288.7 0 0.000382189 0.990558 0
28288.7 0 0.000542222 0.990558 0
28288.7 0 0.000769265 0.990558 0
28288.7 0 0.00109138 0.990558 0
28288.7 0 0.00154837 0.990558 0
28288.7 0 0.00219671 0.990558 0
28288.7 0 0.00311653 0.990558 0
28288.7 0 0.0044215 0.990558 0
28288.7 0 0.0062729 0.990558 0
28288.7 0 0.00889953 0.990558 0
28288.7 0 0.012626 0.990558 0
28288.7 0 0.0179128 0.990558 0
28288.7 0 0.0254134 0.990558 0
28288.7 0 0.0360547 0.990558 0
28288.7 0 0.0511518 0.990558 0
28288.7 0 0.0725704 0.990558 0
28288.7 0 0.102958 0.990558 0
28288.7 0 0.146069 0.990558 0
28288.7 0 0.207231 0.990558 0
28288.7 0 0.294005 0.990558 0
28288.7 0 0.417112 0.990558 0
28288.7 0 0.591769 0.990558 0
28288.7 0 0.839558 0.990558 0
28288.7 0 1.1911 0.990558 0
28288.7 0 1.68985 0.990558 0
28288.7 0 2.39743 0.990558 0
28288.7 0 3.4013 0.990557 0
28288.7 0 4.82552 0.990557 0
28288.7 0 6.8461 0.990556 0
28288.7 0 9.71274 0.990555 0
28288.7 0 13.7797 0.990554 0
28288.7 0 19.5497 0.990553 0
28288.7 0 27.7356 0.99055 0
28288.7 0 39.3493 0.990547 0
28288.7 0 55.8259 0.990542 0
28288.7 0 79.2016 0.990535 0
28288.7 0 112.365 0.990526 0
28288.7 0 159.416 0.990512 0
28288.7 0 226.168 0.990493 0
28288.7 0 320.87 0.990467 0
28288.7 0 455.227 0.99043 0
28288.7 0 645.842 0.990379 0
28288.7 0 916.274 0.99031 0
28288.7 0 1299.94 0.990215 0
28288.7 0 1844.26 0.99009 0
28288.7 0 2616.5 0.989927 0
28288.7 0 3712.11 0.989721 0
28288.7 0 5266.46 0.989468 0
28288.7 0 7471.67 0.989167 0
28288.7 0 10600.3 0.988823 0
28288.7 0 15038.9 0.988442 0
28288.7 0 21336 0.988035 0
28288.7 0 30270 0.987611 0
28288.7 0 42944.9 0.987179 0
28288.7 0 60927 0.986748 0
28288.7 0 86438.8 0.986323 0
28288.7 0 122633 0.985909 0
28288.7 0 173983 0.985508 0
28288.7 0 246834 0.985121 0
28288.7 0 350190 0.98475 0
28288.7 0 496824 0.984396 0
28288.7 0 704857 0.984053 0
28288.7 0 1e+06 0.983723 0

68977.9 0 1e-06 0.988863 0
68977.9 0 1.41873e-06 0.988863 0
68977.9 0 2.01279e-06 0.988863 0
68977.9 0 2.85559e-06 0.988863 0
68977.9 0 4.0513e-06 0.988863 0
68977.9 0 5.74769e-06 0.988863 0
68977.9 0 8.15441e-06 0.988863 0
68977.9 0 1.15689e-05 0.988863 0
68977.9 0 1.64131e-05 0.988863 0
68977.9 0 2.32857e-05 0.988863 0
68977.9 0 3.3036e-05 0.988863 0
68977.9 0 4.6869e-05 0.988863 0
68977.9 0 6.64944e-05 0.988863 0
68977.9 0 9.43373e-05 0.988863 0
68977.9 0 0.000133839 0.988863 0
68977.9 0 0.000189881 0.988863 0
68977.9 0 0.000269389 0.988863 0
68977.9 0 0.000382189 0.988863 0
68977.9 0 0.000542222 0.988863 0
68977.9 0 0.000769265 0.988863 0
68977.9 0 0.00109138 0.988863 0
68977.9 0 0.00154837 0.988863 0
68977.9 0 0.00219671 0.988863 0
68977.9 0 0.00311653 0.988863 0
68977.9 0 0.0044215 0.988863 0
68977.9 0 0.0062729 0.988863 0
68977.9 0 0.00889953 0.988863 0
68977.9 0 0.012626 0.988863 0
68977.9 0 0.0179128 0.988863 0
68977.9 0 0.0254134 0.988863 0
68977.9 0 0.0360547 0.988863 0
68977.9 0 0.0511518 0.988863 0
68977.9 0 0.0725704 0.988863 0
68977.9 0 0.102958 0.988863 0
68977.9 0 0.146069 0.988863 0
68977.9 0 0.207231 0.988863 0
68977.9 0 0.294005 0.988863 0
68977.9 0 0.417112 0.988863 0
68977.9 0 0.591769 0.988863 0
68977.9 0 0.839558 0.988863 0
68977.9 0 1.1911 0.988863 0
68977.9 0 1.68985 0.988863 0
68977.9 0 2.39743 0.988863 0
68977.9 0 3.4013 0.988863 0
68977.9 0 4.82552 0.988863 0
68977.9 0 6.8461 0.988863 0
68977.9 0 9.71274 0.988862 0
68977.9 0 13.7797 0.988862 0
68977.9 0 19.5497 0.988861 0
68977.9 0 27.7356 0.988861 0
68977.9 0 39.3493 0.988859 0
68977.9 0 55.8259 0.988858 0
68977.9 0 79.2016 0.988856 0
68977.9 0 112.365 0.988852 0
68977.9 0 159.416 0.988848 0
68977.9 0 226.168 0.988841 0
68977.9 0 320.87 0.988832 0
68977.9 0 455.227 0.988818 0
68977.9 0 645.842 0.9888 0
68977.9 0 916.274 0.988774 0
68977.9 0 1299.94 0.988738 0
68977.9 0 1844.26 0.988689 0
68977.9 0 2616.5 0.988622 0
68977.9 0 3712.11 0.988531 0
68977.9 0 5266.46 0.988412 0
68977.9 0 7471.67 0.988259 0
68977.9 0 10600.3 0.988067 0
68977.9 0 15038.9 0.987835 0
68977.9 0 21336 0.987562 0
68977.9 0 30270 0.987254 0
68977.9 0 42944.9 0.986917 0
68977.9 0 60927 0.98656 0
68977.9 0 86438.8 0.986191 0
68977.9 0 122633 0.985817 0
68977.9 0 173983 0.985445 0
68977.9 0 246834 0.985078 0
68977.9 0 350190 0.984721 0
68977.9 0 496824 0.984376 0
68977.9 0 704857 0.984039 0
68977.9 0 1e+06 0.983714 0

168192 0 1e-06 0.987432 0
168192 0 1.41873e-06 0.987432 0
168192 0 2.01279e-06 0.987432 0
168192 0 2.85559e-06 0.987432 0
168192 0 4.0513e-06 0.987432 0
168192 0 5.74769e-06 0.987432 0
168192 0 8.15441e-06 0.987432 0
168192 0 1.15689e-05 0.987432 0
168192 0 1.64131e-05 0.987432 0
168192 0 2.32857e-05 0.987432 0
168192 0 3.3036e-05 0.987432 0
168192 0 4.6869e-05 0.987432 0
168192 0 6.64944e-05 0.987432 0
168192 0 9.43373e-05 0.987432 0
168192 0 0.000133839 0.987432 0
168192 0 0.000189881 0.987432 0
168192 0 0.000269389 0.987432 0
168192 0 0.000382189 0.987432 0
168192 0 0.000542222 0.987432 0
168192 0 0.000769265 0.987432 0
168192 0 0.00109138 0.987432 0
168192 0 0.00154837 0.987432 0
168192 0 0.00219671 0.987432 0
168192 0 0.00311653 0.987432 0
168192 0 0.0044215 0.987432 0
168192 0 0.0062729 0.987432 0
168192 0 0.00889953 0.987432 0
168192 0 0.012626 0.987432 0
168192 0 0.0179128 0.987432 0
168192 0 0.0254134 0.987432 0
168192 0 0.0360547 0.987432 0
168192 0 0.0511518 0.987432 0
168192 0 0.0725704 0.987432 0
168192 0 0.102958 0.987432 0
168192 0 0.146069 0.987432 0
168192 0 0.207231 0.987432 0
168192 0 0.294005 0.987432 0
168192 0 0.417112 0.987432 0
168192 0 0.591769 0.987432 0
168192 0 0.839558 0.987432 0
168192 0 1.1911 0.987432 0
168192 0 1.68985 0.987432 0
168192 0 2.39743 0.987432 0
168192 0 3.4013 0.987432 0
168192 0 4.82552 0.987432 0
168192 0 6.8461 0.987431 0
168192 0 9.71274 0.987431 0
168192 0 13.7797 0.987431 0
168192 0 19.5497 0.987431 0
168192 0 27.7356 0.987431 0
168192 0 39.3493 0.98743 0
168192 0 55.8259 0.98743 0
168192 0 79.2016 0.987429 0
168192 0 112.365 0.987428 0
168192 0 159.416 0.987426 0
168192 0 226.168 0.987424 0
168192 0 320.87 0.987421 0
168192 0 455.227 0.987416 0
168192 0 645.842 0.987409 0
168192 0 916.274 0.9874 0
168192 0 1299.94 0.987387 0
168192 0 1844.26 0.987369 0
168192 0 2616.5 0.987343 0
168192 0 3712.11 0.987308 0
168192 0 5266.46 0.987259 0
168192 0 7471.67 0.987193 0
168192 0 10600.3 0.987106 0
168192 0 15038.9 0.986992 0
168192 0 21336 0.986846 0
168192 0 30270 0.986665 0
168192 0 42944.9 0.98645 0
168192 0 60927 0.9862 0
168192 0 86438.8 0.985922 0
168192 0 122633 0.985621 0
168192 0 173983 0.985305 0
168192 0 246834 0.984979 0
168192 0 350190 0.984653 0
168192 0 496824 0.984328 0
168192 0 704857 0.984006 0
168192 0 1e+06 0.983692 0

410113 0 1e-06 0.986204 0
410113 0 1.41873e-06 0.986204 0
410113 0 2.01279e-06 0.986204 0
410113 0 2.85559e-06 0.986204 0
410113 0 4.0513e-06 0.986204 0
410113 0 5.74769e-06 0.986204 0
410113 0 8.15441e-06 0.986204 0
410113 0 1.15689e-05 0.986204 0
410113 0 1.64131e-05 0.986204 0
410113 0 2.32857e-05 0.986204 0
410113 0 3.3036e-05 0.986204 0
410113 0 4.6869e-05 0.986204 0
410113 0 6.64944e-05 0.986204 0
410113 0 9.43373e-05 0.986204 0
410113 0 0.000133839 0.986204 0
410113 0 0.000189881 0.986204 0
410113 0 0.000269389 0.986204 0
410113 0 0.000382189 0.986204 0
410113 0 0.000542222 0.986204 0
410113 0 0.000769265 0.986204 0
410113 0 0.00109138 0.986204 0
410113 0 0.00154837 0.986204 0
410113 0 0.00219671 0.986204 0
410113 0 0.00311653 0.986204 0
410113 0 0.0044215 0.986204 0
410113 0 0.0062729 0.986204 0
410113 0 0.00889953 0.986204 0
410113 0 0.012626 0.986204 0
410113 0 0.0179128 0.986204 0
410113 0 0.0254134 0.986204 0
410113 0 0.0360547 0.986204 0
410113 0 0.0511518 0.986204 0
410113 0 0.0725704 0.986204 0
410113 0 0.102958 0.986204 0
410113 0 0.146069 0.986204 0
410113 0 0.207231 0.986204 0
410113 0 0.294005 0.986204 0
410113 0 0.417112 0.986204 0
410113 0 0.591769 0.986204 0
410113 0 0.839558 0.986204 0
410113 0 1.1911 0.986204 0
410113 0 1.68985 0.986204 0
410113 0 2.39743 0.986204 0
410113 0 3.4013 0.986204 0
410113 0 4.82552 0.986204 0
410113 0 6.8461 0.986204 0
410113 0 9.71274 0.986204 0
410113 0 13.7797 0.986204 0
410113 0 19.5497 0.986204 0
410113 0 27.7356 0.986204 0
410113 0 39.3493 0.986204 0
410113 0 55.8259 0.986204 0
410113 0 79.2016 0.986203 0
410113 0 112.365 0.986203 0
410113 0 159.416 0.986202 0
410113 0 226.168 0.986202 0
410113 0 320.87 0.9862 0
410113 0 455.227 0.986199 0
410113 0 645.842 0.986196 0
410113 0 916.274 0.986193 0
410113 0 1299.94 0.986188 0
410113 0 1844.26 0.986182 0
410113 0 2616.5 0.986172 0
410113 0 3712.11 0.986159 0
410113 0 5266.46 0.986141 0
410113 0 7471.67 0.986115 0
410113 0 10600.3 0.98608 0
410113 0 15038.9 0.986032 0
410113 0 21336 0.985967 0
410113 0 30270 0.985881 0
410113 0 42944.9 0.98577 0
410113 0 60927 0.98563 0
410113 0 86438.8 0.98546 0
410113 0 122633 0.985258 0
410113 0 173983 0.985028 0
410113 0 246834 0.984775 0
410113 0 350190 0.984505 0
410113 0 496824 0.984223 0
410113 0 704857 0.983932 0
410113 0 1e+06 0.98364 0

1e+06 0 1e-06 0.985138 0
1e+06 0 1.41873e-06 0.985138 0
1e+06 0 2.01279e-06 0.985138 0
1e+06 0 2.85559e-06 0.985138 0
1e+06 0 4.0513e-06 0.985138 0
1e+06 0 5.74769e-06 0.985138 0
1e+06 0 8.15441e-06 0.985138 0
1e+06 0 1.15689e-05 0.985138 0
1e+06 0 1.64131e-05 0.985138 0
1e+06 0 2.32857e-05 0.985138 0
1e+06 0 3.3036e-05 0.985138 0
1e+06 0 4.6869e-05 0.985138 0
1e+06 0 6.64944e-05 0.985138 0
1e+06 0 9.43373e-05 0.985138 0
1e+06 0 0.000133839 0.985138 0
1e+06 0 0.000189881 0.985138 0
1e+06 0 0.000269389 0.985138 0
1e+06 0 0.000382189 0.985138 0
1e+06 0 0.000542222 0.985138 0
1e+06 0 0.000769265 0.985138 0
1e+06 0 0.00109138 0.985138 0
1e+06 0 0.00154837 0.985138 0
1e+06 0 0.00219671 0.985138 0
1e+06 0 0.00311653 0.985138 0
1e+06 0 0.0044215 0.985138 0
1e+06 0 0.0062729 0.985138 0
1e+06 0 0.00889953 0.985138 0
1e+06 0 0.012626 0.985138 0
1e+06 0 0.0179128 0.985138 0
1e+06 0 0.0254134 0.985138 0
1e+06 0 0.0360547 0.985138 0
1e+06 0 0.0511518 0.985138 0
1e+06 0 0.0725704 0.985138 0
1e+06 0 0.102958 0.985138 0
1e+06 0 0.146069 0.985138 0
1e+06 0 0.207231 0.985138 0
1e+06 0 0.294005 0.985138 0
1e+06 0 0.417112 0.985138 0
1e+06 0 0.591769 0.985138 0
1e+06 0 0.839558 0.985138 0
1e+06 0 1.1911 0.985138 0
1e+06 0 1.68985 0.985138 0
1e+06 0 2.39743 0.985138 0
1e+06 0 3.4013 0.985138 0
1e+06 0 4.82552 0.985138 0
1e+06 0 6.8461 0.985138 0
1e+06 0 9.71274 0.985138 0
1e+06 0 13.7797 0.985138 0
1e+06 0 19.5497 0.985138 0
1e+06 0 27.7356 0.985138 0
1e+06 0 39.3493 0.985138 0
1e+06 0 55.8259 0.985138 0
1e+06 0 79.2016 0.985138 0
1e+06 0 112.365 0.985138 0
1e+06 0 159.416 0.985138 0
1e+06 0 226.168 0.985137 0
1e+06 0 320.87 0.985137 0
1e+06 0 455.227 0.985136 0
1e+06 0 645.842 0.985136 0
1e+06 0 916.274 0.985134 0
1e+06 0 1299.94 0.985133 0
1e+06 0 1844.26 0.98513 0
1e+06 0 2616.5 0.985127 0
1e+06 0 3712.11 0.985122 0
1e+06 0 5266.46 0.985115 0
1e+06 0 7471.67 0.985106 0
1e+06 0 10600.3 0.985092 0
1e+06 0 15038.9 0.985074 0
1e+06 0 21336 0.985048 0
1e+06 0 30270 0.985012 0
1e+06 0 42944.9 0.984964 0
1e+06 0 60927 0.9849 0
1e+06 0 86438.8 0.984815 0
1e+06 0 122633 0.984707 0
1e+06 0 173983 0.984573 0
1e+06 0 246834 0.984411 0
1e+06 0 350190 0.984222 0
1e+06 0 496824 0.984007 0
1e+06 0 704857 0.983773 0
1e+06 0 1e+06 0.983528 0

