#q_sq i k_sq Re(w) Im(w)
1e-06 1 1e-06 0.132196 0
1e-06 1 1.41873e-06 0.131693 0
1e-06 1 2.01279e-06 0.133429 0
1e-06 1 2.85559e-06 0.131417 0
1e-06 1 4.0513e-06 0.131824 0
1e-06 1 5.74769e-06 0.134282 0
1e-06 1 8.15441e-06 0.133792 0
1e-06 1 1.15689e-05 0.130322 0
1e-06 1 1.64131e-05 0.134815 0
1e-06 1 2.32857e-05 0.133937 0
1e-06 1 3.3036e-05 0.130552 0
1e-06 1 4.6869e-05 0.134203 0
1e-06 1 6.64944e-05 0.134835 0
1e-06 1 9.43373e-05 0.131807 0
1e-06 1 0.000133839 0.12898 0
1e-06 1 0.000189881 0.137187 0
1e-06 1 0.000269389 0.134557 0
1e-06 1 0.000382189 0.132094 0
1e-06 1 0.000542222 0.129773 0
1e-06 1 0.000769265 0.127564 0
1e-06 1 0.00109138 0.13631 0
1e-06 1 0.00154837 0.134002 0
1e-06 1 0.00219671 0.131629 0
1e-06 1 0.00311653 0.129094 0
1e-06 1 0.0044215 0.126263 0
1e-06 1 0.0062729 0.122959 0
1e-06 1 0.00889953 0.118938 0
1e-06 1 0.012626 0.113871 0
1e-06 1 0.0179128 0.107316 0
1e-06 1 0.0254134 0.104907 0
1e-06 1 0.0360547 0.0914838 0
1e-06 1 0.0511518 0.0736788 0
1e-06 1 0.0725704 0.0503143 0
1e-06 1 0.102958 0.0203059 0
1e-06 1 0.146069 -0.0168716 0
1e-06 1 0.207231 -0.0603441 0
1e-06 1 0.294005 -0.106633 0
1e-06 1 0.417112 -0.148561 0
1e-06 1 0.591769 -0.175671 0
1e-06 1 0.839558 -0.178148 0
1e-06 1 1.1911 -0.154102 0
1e-06 1 1.68985 -0.113973 0
1e-06 1 2.39743 -0.0740558 0
1e-06 1 3.4013 -0.0443603 0
1e-06 1 4.82552 -0.0254986 0
1e-06 1 6.8461 -0.0143078 0
1e-06 1 9.71274 -0.0078901 0
1e-06 1 13.7797 -0.00429885 0
1e-06 1 19.5497 -0.00232551 0
1e-06 1 27.7356 -0.00125471 0
1e-06 1 39.3493 -0.000677967 0
1e-06 1 55.8259 -0.000345374 0
1e-06 1 79.2016 -0.000190136 0
1e-06 1 112.365 -0.000107982 0
1e-06 1 159.416 -6.37098e-05 0
1e-06 1 226.168 -3.69647e-05 0
1e-06 1 320.87 -2.00208e-05 0
1e-06 1 455.227 -1.05221e-05 0
1e-06 1 645.842 -5.93196e-06 0
1e-06 1 916.274 -3.68004e-06 0
1e-06 1 1299.94 -2.32744e-06 0
1e-06 1 1844.26 -1.51403e-06 0
1e-06 1 2616.5 -9.87047e-07 0
1e-06 1 3712.11 -6.4515e-07 0
1e-06 1 5266.46 -4.22892e-07 0
1e-06 1 7471.67 -2.73322e-07 0
1e-06 1 10600.3 -1.80299e-07 0
1e-06 1 15038.9 -1.19243e-07 0
1e-06 1 21336 -7.78828e-08 0
1e-06 1 30270 -5.17827e-08 0
1e-06 1 42944.9 -3.45037e-08 0
1e-06 1 60927 -2.27324e-08 0
1e-06 1 86438.8 -1.52169e-08 0
1e-06 1 122633 -1.01984e-08 0
1e-06 1 173983 -6.77138e-09 0
1e-06 1 246834 -4.56417e-09 0
1e-06 1 350190 -3.02526e-09 0
1e-06 1 496824 -2.02738e-09 0
1e-06 1 704857 -1.38434e-09 0
1e-06 1 1e+06 -9.23425e-10 0

2.43835e-06 1 1e-06 0.134667 0
2.43835e-06 1 1.41873e-06 0.133618 0
2.43835e-06 1 2.01279e-06 0.132084 0
2.43835e-06 1 2.85559e-06 0.13321 0
2.43835e-06 1 4.0513e-06 0.132956 0
2.43835e-06 1 5.74769e-06 0.132543 0
2.43835e-06 1 8.15441e-06 0.132673 0
2.43835e-06 1 1.15689e-05 0.134131 0
2.43835e-06 1 1.64131e-05 0.134534 0
2.43835e-06 1 2.32857e-05 0.131927 0
2.43835e-06 1 3.3036e-05 0.129536 0
2.43835e-06 1 4.6869e-05 0.136363 0
2.43835e-06 1 6.64944e-05 0.134115 0
2.43835e-06 1 9.43373e-05 0.131309 0
2.43835e-06 1 0.000133839 0.128636 0
2.43835e-06 1 0.000189881 0.136929 0
2.43835e-06 1 0.000269389 0.134379 0
2.43835e-06 1 0.000382189 0.13197 0
2.43835e-06 1 0.000542222 0.129687 0
2.43835e-06 1 0.000769265 0.127505 0
2.43835e-06 1 0.00109138 0.136266 0
2.43835e-06 1 0.00154837 0.133971 0
2.43835e-06 1 0.00219671 0.131608 0
2.43835e-06 1 0.00311653 0.129079 0
2.43835e-06 1 0.0044215 0.126253 0
2.43835e-06 1 0.0062729 0.122952 0
2.43835e-06 1 0.00889953 0.118933 0
2.43835e-06 1 0.012626 0.113868 0
2.43835e-06 1 0.0179128 0.107314 0
2.43835e-06 1 0.0254134 0.104906 0
2.43835e-06 1 0.0360547 0.0914829 0
2.43835e-06 1 0.0511518 0.0736783 0
2.43835e-06 1 0.0725704 0.0503141 0
2.43835e-06 1 0.102958 0.0203059 0
2.43835e-06 1 0.146069 -0.0168716 0
2.43835e-06 1 0.207231 -0.060344 0
2.43835e-06 1 0.294005 -0.106633 0
2.43835e-06 1 0.417112 -0.148561 0
2.43835e-06 1 0.591769 -0.175671 0
2.43835e-06 1 0.839558 -0.178147 0
2.43835e-06 1 1.1911 -0.154102 0
2.43835e-06 1 1.68985 -0.113973 0
2.43835e-06 1 2.39743 -0.0740558 0
2.43835e-06 1 3.4013 -0.0443603 0
2.43835e-06 1 4.82552 -0.0254986 0
2.43835e-06 1 6.8461 -0.0143078 0
2.43835e-06 1 9.71274 -0.0078901 0
2.43835e-06 1 13.7797 -0.00429885 0
2.43835e-06 1 19.5497 -0.00232551 0
2.43835e-06 1 27.7356 -0.00125471 0
2.43835e-06 1 39.3493 -0.000677967 0
2.43835e-06 1 55.8259 -0.000345374 0
2.43835e-06 1 79.2016 -0.000190136 0
2.43835e-06 1 112.365 -0.000107982 0
2.43835e-06 1 159.416 -6.37098e-05 0
2.43835e-06 1 226.168 -3.69647e-05 0
2.43835e-06 1 320.87 -2.00208e-05 0
2.43835e-06 1 455.227 -1.05221e-05 0
2.43835e-06 1 645.842 -5.93196e-06 0
2.43835e-06 1 916.274 -3.68004e-06 0
2.43835e-06 1 1299.94 -2.32744e-06 0
2.43835e-06 1 1844.26 -1.51403e-06 0
2.43835e-06 1 2616.5 -9.87047e-07 0
2.43835e-06 1 3712.11 -6.4515e-07 0
2.43835e-06 1 5266.46 -4.22892e-07 0
2.43835e-06 1 7471.67 -2.73322e-07 0
2.43835e-06 1 10600.3 -1.80299e-07 0
2.43835e-06 1 15038.9 -1.19243e-07 0
2.43835e-06 1 21336 -7.78828e-08 0
2.43835e-06 1 30270 -5.17827e-08 0
2.43835e-06 1 42944.9 -3.45037e-08 0
2.43835e-06 1 60927 -2.27324e-08 0
2.43835e-06 1 86438.8 -1.52169e-08 0
2.43835e-06 1 122633 -1.01984e-08 0
2.43835e-06 1 173983 -6.77138e-09 0
2.43835e-06 1 246834 -4.56417e-09 0
2.43835e-06 1 350190 -3.02526e-09 0
2.43835e-06 1 496824 -2.02738e-09 0
2.43835e-06 1 704857 -1.38434e-09 0
2.43835e-06 1 1e+06 -9.23426e-10 0

5.94557e-06 1 1e-06 0.132835 0
5.94557e-06 1 1.41873e-06 0.133601 0
5.94557e-06 1 2.01279e-06 0.132893 0
5.94557e-06 1 2.85559e-06 0.133105 0
5.94557e-06 1 4.0513e-06 0.132691 0
5.94557e-06 1 5.74769e-06 0.132772 0
5.94557e-06 1 8.15441e-06 0.133245 0
5.94557e-06 1 1.15689e-05 0.132975 0
5.94557e-06 1 1.64131e-05 0.132792 0
5.94557e-06 1 2.32857e-05 0.133276 0
5.94557e-06 1 3.3036e-05 0.134848 0
5.94557e-06 1 4.6869e-05 0.134546 0
5.94557e-06 1 6.64944e-05 0.13239 0
5.94557e-06 1 9.43373e-05 0.130111 0
5.94557e-06 1 0.000133839 0.131599 0
5.94557e-06 1 0.000189881 0.136303 0
5.94557e-06 1 0.000269389 0.133945 0
5.94557e-06 1 0.000382189 0.13167 0
5.94557e-06 1 0.000542222 0.129479 0
5.94557e-06 1 0.000769265 0.12736 0
5.94557e-06 1 0.00109138 0.136157 0
5.94557e-06 1 0.00154837 0.133895 0
5.94557e-06 1 0.00219671 0.131556 0
5.94557e-06 1 0.00311653 0.129043 0
5.94557e-06 1 0.0044215 0.126228 0
5.94557e-06 1 0.0062729 0.122935 0
5.94557e-06 1 0.00889953 0.118921 0
5.94557e-06 1 0.012626 0.11386 0
5.94557e-06 1 0.0179128 0.107309 0
5.94557e-06 1 0.0254134 0.104902 0
5.94557e-06 1 0.0360547 0.0914807 0
5.94557e-06 1 0.0511518 0.073677 0
5.94557e-06 1 0.0725704 0.0503135 0
5.94557e-06 1 0.102958 0.0203057 0
5.94557e-06 1 0.146069 -0.0168715 0
5.94557e-06 1 0.207231 -0.0603438 0
5.94557e-06 1 0.294005 -0.106632 0
5.94557e-06 1 0.417112 -0.148561 0
5.94557e-06 1 0.591769 -0.175671 0
5.94557e-06 1 0.839558 -0.178147 0
5.94557e-06 1 1.1911 -0.154102 0
5.94557e-06 1 1.68985 -0.113973 0
5.94557e-06 1 2.39743 -0.0740557 0
5.94557e-06 1 3.4013 -0.0443603 0
5.94557e-06 1 4.82552 -0.0254986 0
5.94557e-06 1 6.8461 -0.0143078 0
5.94557e-06 1 9.71274 -0.0078901 0
5.94557e-06 1 13.7797 -0.00429885 0
5.94557e-06 1 19.5497 -0.00232551 0
5.94557e-06 1 27.7356 -0.00125471 0
5.94557e-06 1 39.3493 -0.000677967 0
5.94557e-06 1 55.8259 -0.000345374 0
5.94557e-06 1 79.2016 -0.000190136 0
5.94557e-06 1 112.365 -0.000107982 0
5.94557e-06 1 159.416 -6.37098e-05 0
5.94557e-06 1 226.168 -3.69647e-05 0
5.94557e-06 1 320.87 -2.00208e-05 0
5.94557e-06 1 455.227 -1.05221e-05 0
5.94557e-06 1 645.842 -5.93196e-06 0
5.94557e-06 1 916.274 -3.68004e-06 0
5.94557e-06 1 1299.94 -2.32744e-06 0
5.94557e-06 1 1844.26 -1.51403e-06 0
5.94557e-06 1 2616.5 -9.87047e-07 0
5.94557e-06 1 3712.11 -6.4515e-07 0
5.94557e-06 1 5266.46 -4.22892e-07 0
5.94557e-06 1 7471.67 -2.73322e-07 0
5.94557e-06 1 10600.3 -1.80299e-07 0
5.94557e-06 1 15038.9 -1.19243e-07 0
5.94557e-06 1 21336 -7.78828e-08 0
5.94557e-06 1 30270 -5.17827e-08 0
5.94557e-06 1 42944.9 -3.45037e-08 0
5.94557e-06 1 60927 -2.27324e-08 0
5.94557e-06 1 86438.8 -1.52169e-08 0
5.94557e-06 1 122633 -1.01984e-08 0
5.94557e-06 1 173983 -6.77138e-09 0
5.94557e-06 1 246834 -4.56417e-09 0
5.94557e-06 1 350190 -3.02526e-09 0
5.94557e-06 1 496824 -2.02738e-09 0
5.94557e-06 1 704857 -1.38434e-09 0
5.94557e-06 1 1e+06 -9.23426e-10 0

1.44974e-05 1 1e-06 0.133238 0
1.44974e-05 1 1.41873e-06 0.133208 0
1.44974e-05 1 2.01279e-06 0.132186 0
1.44974e-05 1 2.85559e-06 0.132831 0
1.44974e-05 1 4.0513e-06 0.132432 0
1.44974e-05 1 5.74769e-06 0.133279 0
1.44974e-05 1 8.15441e-06 0.13329 0
1.44974e-05 1 1.15689e-05 0.133013 0
1.44974e-05 1 1.64131e-05 0.133197 0
1.44974e-05 1 2.32857e-05 0.133106 0
1.44974e-05 1 3.3036e-05 0.132587 0
1.44974e-05 1 4.6869e-05 0.132089 0
1.44974e-05 1 6.64944e-05 0.132137 0
1.44974e-05 1 9.43373e-05 0.13315 0
1.44974e-05 1 0.000133839 0.135554 0
1.44974e-05 1 0.000189881 0.134802 0
1.44974e-05 1 0.000269389 0.132899 0
1.44974e-05 1 0.000382189 0.130942 0
1.44974e-05 1 0.000542222 0.128973 0
1.44974e-05 1 0.000769265 0.129607 0
1.44974e-05 1 0.00109138 0.135892 0
1.44974e-05 1 0.00154837 0.133712 0
1.44974e-05 1 0.00219671 0.131428 0
1.44974e-05 1 0.00311653 0.128955 0
1.44974e-05 1 0.0044215 0.126167 0
1.44974e-05 1 0.0062729 0.122893 0
1.44974e-05 1 0.00889953 0.118893 0
1.44974e-05 1 0.012626 0.113841 0
1.44974e-05 1 0.0179128 0.107296 0
1.44974e-05 1 0.0254134 0.104893 0
1.44974e-05 1 0.0360547 0.0914753 0
1.44974e-05 1 0.0511518 0.073674 0
1.44974e-05 1 0.0725704 0.050312 0
1.44974e-05 1 0.102958 0.0203053 0
1.44974e-05 1 0.146069 -0.0168712 0
1.44974e-05 1 0.207231 -0.0603431 0
1.44974e-05 1 0.294005 -0.106631 0
1.44974e-05 1 0.417112 -0.14856 0
1.44974e-05 1 0.591769 -0.17567 0
1.44974e-05 1 0.839558 -0.178147 0
1.44974e-05 1 1.1911 -0.154102 0
1.44974e-05 1 1.68985 -0.113973 0
1.44974e-05 1 2.39743 -0.0740557 0
1.44974e-05 1 3.4013 -0.0443602 0
1.44974e-05 1 4.82552 -0.0254986 0
1.44974e-05 1 6.8461 -0.0143078 0
1.44974e-05 1 9.71274 -0.0078901 0
1.44974e-05 1 13.7797 -0.00429884 0
1.44974e-05 1 19.5497 -0.00232551 0
1.44974e-05 1 27.7356 -0.00125471 0
1.44974e-05 1 39.3493 -0.000677967 0
1.44974e-05 1 55.8259 -0.000345374 0
1.44974e-05 1 79.2016 -0.000190136 0
1.44974e-05 1 112.365 -0.000107982 0
1.44974e-05 1 159.416 -6.37098e-05 0
1.44974e-05 1 226.168 -3.69647e-05 0
1.44974e-05 1 320.87 -2.00208e-05 0
1.44974e-05 1 455.227 -1.05221e-05 0
1.44974e-05 1 645.842 -5.93196e-06 0
1.44974e-05 1 916.274 -3.68004e-06 0
1.44974e-05 1 1299.94 -2.32744e-06 0
1.44974e-05 1 1844.26 -1.51403e-06 0
1.44974e-05 1 2616.5 -9.87047e-07 0
1.44974e-05 1 3712.11 -6.4515e-07 0
1.44974e-05 1 5266.46 -4.22892e-07 0
1.44974e-05 1 7471.67 -2.73322e-07 0
1.44974e-05 1 10600.3 -1.80299e-07 0
1.44974e-05 1 15038.9 -1.19243e-07 0
1.44974e-05 1 21336 -7.78828e-08 0
1.44974e-05 1 30270 -5.17827e-08 0
1.44974e-05 1 42944.9 -3.45037e-08 0
1.44974e-05 1 60927 -2.27324e-08 0
1.44974e-05 1 86438.8 -1.52169e-08 0
1.44974e-05 1 122633 -1.01984e-08 0
1.44974e-05 1 173983 -6.77138e-09 0
1.44974e-05 1 246834 -4.56417e-09 0
1.44974e-05 1 350190 -3.02526e-09 0
1.44974e-05 1 496824 -2.02738e-09 0
1.44974e-05 1 704857 -1.38434e-09 0
1.44974e-05 1 1e+06 -9.23426e-10 0

3.53498e-05 1 1e-06 0.133901 0
3.53498e-05 1 1.41873e-06 0.132962 0
3.53498e-05 1 2.01279e-06 0.132753 0
3.53498e-05 1 2.85559e-06 0.133086 0
3.53498e-05 1 4.0513e-06 0.133183 0
3.53498e-05 1 5.74769e-06 0.132236 0
3.53498e-05 1 8.15441e-06 0.13233 0
3.53498e-05 1 1.15689e-05 0.133613 0
3.53498e-05 1 1.64131e-05 0.132562 0
3.53498e-05 1 2.32857e-05 0.132719 0
3.53498e-05 1 3.3036e-05 0.132735 0
3.53498e-05 1 4.6869e-05 0.133059 0
3.53498e-05 1 6.64944e-05 0.132203 0
3.53498e-05 1 9.43373e-05 0.131153 0
3.53498e-05 1 0.000133839 0.131603 0
3.53498e-05 1 0.000189881 0.131275 0
3.53498e-05 1 0.000269389 0.130416 0
3.53498e-05 1 0.000382189 0.129202 0
3.53498e-05 1 0.000542222 0.129999 0
3.53498e-05 1 0.000769265 0.133344 0
3.53498e-05 1 0.00109138 0.13525 0
3.53498e-05 1 0.00154837 0.133265 0
3.53498e-05 1 0.00219671 0.131118 0
3.53498e-05 1 0.00311653 0.12874 0
3.53498e-05 1 0.0044215 0.126019 0
3.53498e-05 1 0.0062729 0.122791 0
3.53498e-05 1 0.00889953 0.118824 0
3.53498e-05 1 0.012626 0.113794 0
3.53498e-05 1 0.0179128 0.108184 0
3.53498e-05 1 0.0254134 0.104872 0
3.53498e-05 1 0.0360547 0.0914621 0
3.53498e-05 1 0.0511518 0.0736665 0
3.53498e-05 1 0.0725704 0.0503084 0
3.53498e-05 1 0.102958 0.0203042 0
3.53498e-05 1 0.146069 -0.0168706 0
3.53498e-05 1 0.207231 -0.0603416 0
3.53498e-05 1 0.294005 -0.10663 0
3.53498e-05 1 0.417112 -0.148558 0
3.53498e-05 1 0.591769 -0.175669 0
3.53498e-05 1 0.839558 -0.178146 0
3.53498e-05 1 1.1911 -0.154101 0
3.53498e-05 1 1.68985 -0.113972 0
3.53498e-05 1 2.39743 -0.0740555 0
3.53498e-05 1 3.4013 -0.0443602 0
3.53498e-05 1 4.82552 -0.0254985 0
3.53498e-05 1 6.8461 -0.0143078 0
3.53498e-05 1 9.71274 -0.00789009 0
3.53498e-05 1 13.7797 -0.00429884 0
3.53498e-05 1 19.5497 -0.00232551 0
3.53498e-05 1 27.7356 -0.00125471 0
3.53498e-05 1 39.3493 -0.000677966 0
3.53498e-05 1 55.8259 -0.000345374 0
3.53498e-05 1 79.2016 -0.000190136 0
3.53498e-05 1 112.365 -0.000107982 0
3.53498e-05 1 159.416 -6.37098e-05 0
3.53498e-05 1 226.168 -3.69647e-05 0
3.53498e-05 1 320.87 -2.00208e-05 0
3.53498e-05 1 455.227 -1.05221e-05 0
3.53498e-05 1 645.842 -5.93196e-06 0
3.53498e-05 1 916.274 -3.68004e-06 0
3.53498e-05 1 1299.94 -2.32744e-06 0
3.53498e-05 1 1844.26 -1.51403e-06 0
3.53498e-05 1 2616.5 -9.87047e-07 0
3.53498e-05 1 3712.11 -6.4515e-07 0
3.53498e-05 1 5266.46 -4.22892e-07 0
3.53498e-05 1 7471.67 -2.73322e-07 0
3.53498e-05 1 10600.3 -1.80299e-07 0
3.53498e-05 1 15038.9 -1.19243e-07 0
3.53498e-05 1 21336 -7.78828e-08 0
3.53498e-05 1 30270 -5.17827e-08 0
3.53498e-05 1 42944.9 -3.45037e-08 0
3.53498e-05 1 60927 -2.27324e-08 0
3.53498e-05 1 86438.8 -1.52169e-08 0
3.53498e-05 1 122633 -1.01984e-08 0
3.53498e-05 1 173983 -6.77138e-09 0
3.53498e-05 1 246834 -4.56417e-09 0
3.53498e-05 1 350190 -3.02526e-09 0
3.53498e-05 1 496824 -2.02738e-09 0
3.53498e-05 1 704857 -1.38434e-09 0
3.53498e-05 1 1e+06 -9.23426e-10 0

8.61954e-05 1 1e-06 0.131485 0
8.61954e-05 1 1.41873e-06 0.133666 0
8.61954e-05 1 2.01279e-06 0.133818 0
8.61954e-05 1 2.85559e-06 0.132483 0
8.61954e-05 1 4.0513e-06 0.13349 0
8.61954e-05 1 5.74769e-06 0.132959 0
8.61954e-05 1 8.15441e-06 0.132707 0
8.61954e-05 1 1.15689e-05 0.133376 0
8.61954e-05 1 1.64131e-05 0.132324 0
8.61954e-05 1 2.32857e-05 0.132183 0
8.61954e-05 1 3.3036e-05 0.133163 0
8.61954e-05 1 4.6869e-05 0.133241 0
8.61954e-05 1 6.64944e-05 0.132903 0
8.61954e-05 1 9.43373e-05 0.132913 0
8.61954e-05 1 0.000133839 0.131809 0
8.61954e-05 1 0.000189881 0.134 0
8.61954e-05 1 0.000269389 0.134231 0
8.61954e-05 1 0.000382189 0.134281 0
8.61954e-05 1 0.000542222 0.134815 0
8.61954e-05 1 0.000769265 0.134906 0
8.61954e-05 1 0.00109138 0.133709 0
8.61954e-05 1 0.00154837 0.13219 0
8.61954e-05 1 0.00219671 0.130369 0
8.61954e-05 1 0.00311653 0.12822 0
8.61954e-05 1 0.0044215 0.12566 0
8.61954e-05 1 0.0062729 0.122544 0
8.61954e-05 1 0.00889953 0.118655 0
8.61954e-05 1 0.012626 0.11368 0
8.61954e-05 1 0.0179128 0.109968 0
8.61954e-05 1 0.0254134 0.10482 0
8.61954e-05 1 0.0360547 0.09143 0
8.61954e-05 1 0.0511518 0.0736482 0
8.61954e-05 1 0.0725704 0.0502996 0
8.61954e-05 1 0.102958 0.0203017 0
8.61954e-05 1 0.146069 -0.0168692 0
8.61954e-05 1 0.207231 -0.0603379 0
8.61954e-05 1 0.294005 -0.106625 0
8.61954e-05 1 0.417112 -0.148554 0
8.61954e-05 1 0.591769 -0.175665 0
8.61954e-05 1 0.839558 -0.178143 0
8.61954e-05 1 1.1911 -0.154099 0
8.61954e-05 1 1.68985 -0.113972 0
8.61954e-05 1 2.39743 -0.0740551 0
8.61954e-05 1 3.4013 -0.04436 0
8.61954e-05 1 4.82552 -0.0254985 0
8.61954e-05 1 6.8461 -0.0143077 0
8.61954e-05 1 9.71274 -0.00789008 0
8.61954e-05 1 13.7797 -0.00429884 0
8.61954e-05 1 19.5497 -0.00232551 0
8.61954e-05 1 27.7356 -0.00125471 0
8.61954e-05 1 39.3493 -0.000677966 0
8.61954e-05 1 55.8259 -0.000345374 0
8.61954e-05 1 79.2016 -0.000190136 0
8.61954e-05 1 112.365 -0.000107982 0
8.61954e-05 1 159.416 -6.37098e-05 0
8.61954e-05 1 226.168 -3.69647e-05 0
8.61954e-05 1 320.87 -2.00208e-05 0
8.61954e-05 1 455.227 -1.05221e-05 0
8.61954e-05 1 645.842 -5.93196e-06 0
8.61954e-05 1 916.274 -3.68004e-06 0
8.61954e-05 1 1299.94 -2.32744e-06 0
8.61954e-05 1 1844.26 -1.51403e-06 0
8.61954e-05 1 2616.5 -9.87047e-07 0
8.61954e-05 1 3712.11 -6.4515e-07 0
8.61954e-05 1 5266.46 -4.22892e-07 0
8.61954e-05 1 7471.67 -2.73322e-07 0
8.61954e-05 1 10600.3 -1.80299e-07 0
8.61954e-05 1 15038.9 -1.19243e-07 0
8.61954e-05 1 21336 -7.78828e-08 0
8.61954e-05 1 30270 -5.17827e-08 0
8.61954e-05 1 42944.9 -3.45037e-08 0
8.61954e-05 1 60927 -2.27324e-08 0
8.61954e-05 1 86438.8 -1.52169e-08 0
8.61954e-05 1 122633 -1.01984e-08 0
8.61954e-05 1 173983 -6.77138e-09 0
8.61954e-05 1 246834 -4.56417e-09 0
8.61954e-05 1 350190 -3.02526e-09 0
8.61954e-05 1 496824 -2.02738e-09 0
8.61954e-05 1 704857 -1.38434e-09 0
8.61954e-05 1 1e+06 -9.23426e-10 0

0.000210175 1 1e-06 0.13175 0
0.000210175 1 1.41873e-06 0.130731 0
0.000210175 1 2.01279e-06 0.130677 0
0.000210175 1 2.85559e-06 0.133138 0
0.000210175 1 4.0513e-06 0.134777 0
0.000210175 1 5.74769e-06 0.131283 0
0.000210175 1 8.15441e-06 0.133269 0
0.000210175 1 1.15689e-05 0.13271 0
0.000210175 1 1.64131e-05 0.132905 0
0.000210175 1 2.32857e-05 0.133004 0
0.000210175 1 3.3036e-05 0.132324 0
0.000210175 1 4.6869e-05 0.132533 0
0.000210175 1 6.64944e-05 0.132165 0
0.000210175 1 9.43373e-05 0.132863 0
0.000210175 1 0.000133839 0.132836 0
0.000210175 1 0.000189881 0.132702 0
0.000210175 1 0.000269389 0.133026 0
0.000210175 1 0.000382189 0.132691 0
0.000210175 1 0.000542222 0.131225 0
0.000210175 1 0.000769265 0.129831 0
0.000210175 1 0.00109138 0.130097 0
0.000210175 1 0.00154837 0.129638 0
0.000210175 1 0.00219671 0.128578 0
0.000210175 1 0.00311653 0.12697 0
0.000210175 1 0.0044215 0.124792 0
0.000210175 1 0.0062729 0.121946 0
0.000210175 1 0.00889953 0.118245 0
0.000210175 1 0.012626 0.114451 0
0.000210175 1 0.0179128 0.111423 0
0.000210175 1 0.0254134 0.104693 0
0.000210175 1 0.0360547 0.0913517 0
0.000210175 1 0.0511518 0.0736038 0
0.000210175 1 0.0725704 0.0502782 0
0.000210175 1 0.102958 0.0202956 0
0.000210175 1 0.146069 -0.0168656 0
0.000210175 1 0.207231 -0.060329 0
0.000210175 1 0.294005 -0.106614 0
0.000210175 1 0.417112 -0.148543 0
0.000210175 1 0.591769 -0.175656 0
0.000210175 1 0.839558 -0.178136 0
0.000210175 1 1.1911 -0.154095 0
0.000210175 1 1.68985 -0.11397 0
0.000210175 1 2.39743 -0.0740542 0
0.000210175 1 3.4013 -0.0443596 0
0.000210175 1 4.82552 -0.0254983 0
0.000210175 1 6.8461 -0.0143077 0
0.000210175 1 9.71274 -0.00789006 0
0.000210175 1 13.7797 -0.00429883 0
0.000210175 1 19.5497 -0.0023255 0
0.000210175 1 27.7356 -0.00125471 0
0.000210175 1 39.3493 -0.000677966 0
0.000210175 1 55.8259 -0.000345374 0
0.000210175 1 79.2016 -0.000190136 0
0.000210175 1 112.365 -0.000107982 0
0.000210175 1 159.416 -6.37098e-05 0
0.000210175 1 226.168 -3.69647e-05 0
0.000210175 1 320.87 -2.00208e-05 0
0.000210175 1 455.227 -1.05221e-05 0
0.000210175 1 645.842 -5.93196e-06 0
0.000210175 1 916.274 -3.68004e-06 0
0.000210175 1 1299.94 -2.32744e-06 0
0.000210175 1 1844.26 -1.51403e-06 0
0.000210175 1 2616.5 -9.87047e-07 0
0.000210175 1 3712.11 -6.4515e-07 0
0.000210175 1 5266.46 -4.22892e-07 0
0.000210175 1 7471.67 -2.73322e-07 0
0.000210175 1 10600.3 -1.80299e-07 0
0.000210175 1 15038.9 -1.19243e-07 0
0.000210175 1 21336 -7.78828e-08 0
0.000210175 1 30270 -5.17827e-08 0
0.000210175 1 42944.9 -3.45037e-08 0
0.000210175 1 60927 -2.27324e-08 0
0.000210175 1 86438.8 -1.52169e-08 0
0.000210175 1 122633 -1.01984e-08 0
0.000210175 1 173983 -6.77138e-09 0
0.000210175 1 246834 -4.56417e-09 0
0.000210175 1 350190 -3.02526e-09 0
0.000210175 1 496824 -2.02738e-09 0
0.000210175 1 704857 -1.38434e-09 0
0.000210175 1 1e+06 -9.23426e-10 0

0.000512481 1 1e-06 0.133945 0
0.000512481 1 1.41873e-06 0.133514 0
0.000512481 1 2.01279e-06 0.132906 0
0.000512481 1 2.85559e-06 0.132053 0
0.000512481 1 4.0513e-06 0.130862 0
0.000512481 1 5.74769e-06 0.130771 0
0.000512481 1 8.15441e-06 0.133235 0
0.000512481 1 1.15689e-05 0.134425 0
0.000512481 1 1.64131e-05 0.13189 0
0.000512481 1 2.32857e-05 0.133377 0
0.000512481 1 3.3036e-05 0.132839 0
0.000512481 1 4.6869e-05 0.132737 0
0.000512481 1 6.64944e-05 0.132291 0
0.000512481 1 9.43373e-05 0.132728 0
0.000512481 1 0.000133839 0.132717 0
0.000512481 1 0.000189881 0.132145 0
0.000512481 1 0.000269389 0.132502 0
0.000512481 1 0.000382189 0.132353 0
0.000512481 1 0.000542222 0.132399 0
0.000512481 1 0.000769265 0.131125 0
0.000512481 1 0.00109138 0.132641 0
0.000512481 1 0.00154837 0.132008 0
0.000512481 1 0.00219671 0.130393 0
0.000512481 1 0.00311653 0.128462 0
0.000512481 1 0.0044215 0.126311 0
0.000512481 1 0.0062729 0.123925 0
0.000512481 1 0.00889953 0.121147 0
0.000512481 1 0.012626 0.117624 0
0.000512481 1 0.0179128 0.112717 0
0.000512481 1 0.0254134 0.104384 0
0.000512481 1 0.0360547 0.0911615 0
0.000512481 1 0.0511518 0.0734957 0
0.000512481 1 0.0725704 0.0502261 0
0.000512481 1 0.102958 0.0202808 0
0.000512481 1 0.146069 -0.0168569 0
0.000512481 1 0.207231 -0.060307 0
0.000512481 1 0.294005 -0.106586 0
0.000512481 1 0.417112 -0.148516 0
0.000512481 1 0.591769 -0.175634 0
0.000512481 1 0.839558 -0.17812 0
0.000512481 1 1.1911 -0.154086 0
0.000512481 1 1.68985 -0.113964 0
0.000512481 1 2.39743 -0.0740518 0
0.000512481 1 3.4013 -0.0443586 0
0.000512481 1 4.82552 -0.0254979 0
0.000512481 1 6.8461 -0.0143075 0
0.000512481 1 9.71274 -0.00789 0
0.000512481 1 13.7797 -0.00429881 0
0.000512481 1 19.5497 -0.00232549 0
0.000512481 1 27.7356 -0.00125471 0
0.000512481 1 39.3493 -0.000677964 0
0.000512481 1 55.8259 -0.000345373 0
0.000512481 1 79.2016 -0.000190135 0
0.000512481 1 112.365 -0.000107982 0
0.000512481 1 159.416 -6.37098e-05 0
0.000512481 1 226.168 -3.69647e-05 0
0.000512481 1 320.87 -2.00208e-05 0
0.000512481 1 455.227 -1.05221e-05 0
0.000512481 1 645.842 -5.93195e-06 0
0.000512481 1 916.274 -3.68004e-06 0
0.000512481 1 1299.94 -2.32744e-06 0
0.000512481 1 1844.26 -1.51403e-06 0
0.000512481 1 2616.5 -9.87047e-07 0
0.000512481 1 3712.11 -6.4515e-07 0
0.000512481 1 5266.46 -4.22892e-07 0
0.000512481 1 7471.67 -2.73322e-07 0
0.000512481 1 10600.3 -1.80299e-07 0
0.000512481 1 15038.9 -1.19243e-07 0
0.000512481 1 21336 -7.78828e-08 0
0.000512481 1 30270 -5.17827e-08 0
0.000512481 1 42944.9 -3.45037e-08 0
0.000512481 1 60927 -2.27324e-08 0
0.000512481 1 86438.8 -1.52169e-08 0
0.000512481 1 122633 -1.01984e-08 0
0.000512481 1 173983 -6.77138e-09 0
0.000512481 1 246834 -4.56417e-09 0
0.000512481 1 350190 -3.02526e-09 0
0.000512481 1 496824 -2.02738e-09 0
0.000512481 1 704857 -1.38434e-09 0
0.000512481 1 1e+06 -9.23426e-10 0

0.00124961 1 1e-06 0.13659 0
0.00124961 1 1.41873e-06 0.136409 0
0.00124961 1 2.01279e-06 0.136152 0
0.00124961 1 2.85559e-06 0.135789 0
0.00124961 1 4.0513e-06 0.135277 0
0.00124961 1 5.74769e-06 0.134558 0
0.00124961 1 8.15441e-06 0.133551 0
0.00124961 1 1.15689e-05 0.132147 0
0.00124961 1 1.64131e-05 0.130206 0
0.00124961 1 2.32857e-05 0.132283 0
0.00124961 1 3.3036e-05 0.134028 0
0.00124961 1 4.6869e-05 0.131833 0
0.00124961 1 6.64944e-05 0.133018 0
0.00124961 1 9.43373e-05 0.132508 0
0.00124961 1 0.000133839 0.132126 0
0.00124961 1 0.000189881 0.132592 0
0.00124961 1 0.000269389 0.132597 0
0.00124961 1 0.000382189 0.132544 0
0.00124961 1 0.000542222 0.131744 0
0.00124961 1 0.000769265 0.131651 0
0.00124961 1 0.00109138 0.131257 0
0.00124961 1 0.00154837 0.131291 0
0.00124961 1 0.00219671 0.129599 0
0.00124961 1 0.00311653 0.127427 0
0.00124961 1 0.0044215 0.12795 0
0.00124961 1 0.0062729 0.126887 0
0.00124961 1 0.00889953 0.124203 0
0.00124961 1 0.012626 0.119711 0
0.00124961 1 0.0179128 0.113045 0
0.00124961 1 0.0254134 0.103638 0
0.00124961 1 0.0360547 0.090701 0
0.00124961 1 0.0511518 0.0732333 0
0.00124961 1 0.0725704 0.0500995 0
0.00124961 1 0.102958 0.0202447 0
0.00124961 1 0.146069 -0.0168358 0
0.00124961 1 0.207231 -0.0602536 0
0.00124961 1 0.294005 -0.10652 0
0.00124961 1 0.417112 -0.14845 0
0.00124961 1 0.591769 -0.175579 0
0.00124961 1 0.839558 -0.178082 0
0.00124961 1 1.1911 -0.154062 0
0.00124961 1 1.68985 -0.113952 0
0.00124961 1 2.39743 -0.0740462 0
0.00124961 1 3.4013 -0.0443562 0
0.00124961 1 4.82552 -0.0254969 0
0.00124961 1 6.8461 -0.0143071 0
0.00124961 1 9.71274 -0.00788985 0
0.00124961 1 13.7797 -0.00429875 0
0.00124961 1 19.5497 -0.00232547 0
0.00124961 1 27.7356 -0.0012547 0
0.00124961 1 39.3493 -0.000677961 0
0.00124961 1 55.8259 -0.000345372 0
0.00124961 1 79.2016 -0.000190135 0
0.00124961 1 112.365 -0.000107982 0
0.00124961 1 159.416 -6.37097e-05 0
0.00124961 1 226.168 -3.69647e-05 0
0.00124961 1 320.87 -2.00208e-05 0
0.00124961 1 455.227 -1.05221e-05 0
0.00124961 1 645.842 -5.93195e-06 0
0.00124961 1 916.274 -3.68004e-06 0
0.00124961 1 1299.94 -2.32744e-06 0
0.00124961 1 1844.26 -1.51403e-06 0
0.00124961 1 2616.5 -9.87047e-07 0
0.00124961 1 3712.11 -6.4515e-07 0
0.00124961 1 5266.46 -4.22892e-07 0
0.00124961 1 7471.67 -2.73322e-07 0
0.00124961 1 10600.3 -1.80299e-07 0
0.00124961 1 15038.9 -1.19243e-07 0
0.00124961 1 21336 -7.78828e-08 0
0.00124961 1 30270 -5.17827e-08 0
0.00124961 1 42944.9 -3.45037e-08 0
0.00124961 1 60927 -2.27324e-08 0
0.00124961 1 86438.8 -1.52169e-08 0
0.00124961 1 122633 -1.01984e-08 0
0.00124961 1 173983 -6.77138e-09 0
0.00124961 1 246834 -4.56417e-09 0
0.00124961 1 350190 -3.02526e-09 0
0.00124961 1 496824 -2.02738e-09 0
0.00124961 1 704857 -1.38434e-09 0
0.00124961 1 1e+06 -9.23426e-10 0

0.00304699 1 1e-06 0.128697 0
0.00304699 1 1.41873e-06 0.128626 0
0.00304699 1 2.01279e-06 0.128526 0
0.00304699 1 2.85559e-06 0.128385 0
0.00304699 1 4.0513e-06 0.128185 0
0.00304699 1 5.74769e-06 0.127903 0
0.00304699 1 8.15441e-06 0.128904 0
0.00304699 1 1.15689e-05 0.131048 0
0.00304699 1 1.64131e-05 0.132901 0
0.00304699 1 2.32857e-05 0.134444 0
0.00304699 1 3.3036e-05 0.134238 0
0.00304699 1 4.6869e-05 0.131947 0
0.00304699 1 6.64944e-05 0.130485 0
0.00304699 1 9.43373e-05 0.132641 0
0.00304699 1 0.000133839 0.13113 0
0.00304699 1 0.000189881 0.132112 0
0.00304699 1 0.000269389 0.131585 0
0.00304699 1 0.000382189 0.131819 0
0.00304699 1 0.000542222 0.131115 0
0.00304699 1 0.000769265 0.13095 0
0.00304699 1 0.00109138 0.130203 0
0.00304699 1 0.00154837 0.130124 0
0.00304699 1 0.00219671 0.129266 0
0.00304699 1 0.00311653 0.128195 0
0.00304699 1 0.0044215 0.126741 0
0.00304699 1 0.0062729 0.124429 0
0.00304699 1 0.00889953 0.119541 0
0.00304699 1 0.012626 0.115704 0
0.00304699 1 0.0179128 0.110333 0
0.00304699 1 0.0254134 0.101864 0
0.00304699 1 0.0360547 0.0895972 0
0.00304699 1 0.0511518 0.0726013 0
0.00304699 1 0.0725704 0.0497935 0
0.00304699 1 0.102958 0.0201573 0
0.00304699 1 0.146069 -0.0167844 0
0.00304699 1 0.207231 -0.0601239 0
0.00304699 1 0.294005 -0.106358 0
0.00304699 1 0.417112 -0.148291 0
0.00304699 1 0.591769 -0.175446 0
0.00304699 1 0.839558 -0.177987 0
0.00304699 1 1.1911 -0.154004 0
0.00304699 1 1.68985 -0.113922 0
0.00304699 1 2.39743 -0.0740323 0
0.00304699 1 3.4013 -0.0443504 0
0.00304699 1 4.82552 -0.0254946 0
0.00304699 1 6.8461 -0.0143062 0
0.00304699 1 9.71274 -0.00788948 0
0.00304699 1 13.7797 -0.00429861 0
0.00304699 1 19.5497 -0.00232542 0
0.00304699 1 27.7356 -0.00125468 0
0.00304699 1 39.3493 -0.000677953 0
0.00304699 1 55.8259 -0.00034537 0
0.00304699 1 79.2016 -0.000190134 0
0.00304699 1 112.365 -0.000107981 0
0.00304699 1 159.416 -6.37095e-05 0
0.00304699 1 226.168 -3.69646e-05 0
0.00304699 1 320.87 -2.00207e-05 0
0.00304699 1 455.227 -1.05221e-05 0
0.00304699 1 645.842 -5.93195e-06 0
0.00304699 1 916.274 -3.68004e-06 0
0.00304699 1 1299.94 -2.32744e-06 0
0.00304699 1 1844.26 -1.51403e-06 0
0.00304699 1 2616.5 -9.87047e-07 0
0.00304699 1 3712.11 -6.4515e-07 0
0.00304699 1 5266.46 -4.22892e-07 0
0.00304699 1 7471.67 -2.73322e-07 0
0.00304699 1 10600.3 -1.80299e-07 0
0.00304699 1 15038.9 -1.19243e-07 0
0.00304699 1 21336 -7.78828e-08 0
0.00304699 1 30270 -5.17827e-08 0
0.00304699 1 42944.9 -3.45037e-08 0
0.00304699 1 60927 -2.27324e-08 0
0.00304699 1 86438.8 -1.52169e-08 0
0.00304699 1 122633 -1.01984e-08 0
0.00304699 1 173983 -6.77138e-09 0
0.00304699 1 246834 -4.56417e-09 0
0.00304699 1 350190 -3.02526e-09 0
0.00304699 1 496824 -2.02738e-09 0
0.00304699 1 704857 -1.38434e-09 0
0.00304699 1 1e+06 -9.23426e-10 0

0.00742964 1 1e-06 0.131836 0
0.00742964 1 1.41873e-06 0.131807 0
0.00742964 1 2.01279e-06 0.131765 0
0.00742964 1 2.85559e-06 0.131705 0
0.00742964 1 4.0513e-06 0.131621 0
0.00742964 1 5.74769e-06 0.131501 0
0.00742964 1 8.15441e-06 0.131332 0
0.00742964 1 1.15689e-05 0.131093 0
0.00742964 1 1.64131e-05 0.130755 0
0.00742964 1 2.32857e-05 0.130279 0
0.00742964 1 3.3036e-05 0.129609 0
0.00742964 1 4.6869e-05 0.12867 0
0.00742964 1 6.64944e-05 0.127408 0
0.00742964 1 9.43373e-05 0.130142 0
0.00742964 1 0.000133839 0.132073 0
0.00742964 1 0.000189881 0.130055 0
0.00742964 1 0.000269389 0.130249 0
0.00742964 1 0.000382189 0.129353 0
0.00742964 1 0.000542222 0.130105 0
0.00742964 1 0.000769265 0.12942 0
0.00742964 1 0.00109138 0.129442 0
0.00742964 1 0.00154837 0.128835 0
0.00742964 1 0.00219671 0.128364 0
0.00742964 1 0.00311653 0.126774 0
0.00742964 1 0.0044215 0.125205 0
0.00742964 1 0.0062729 0.122696 0
0.00742964 1 0.00889953 0.119656 0
0.00742964 1 0.012626 0.115104 0
0.00742964 1 0.0179128 0.109203 0
0.00742964 1 0.0254134 0.0992977 0
0.00742964 1 0.0360547 0.087015 0
0.00742964 1 0.0511518 0.071105 0
0.00742964 1 0.0725704 0.0490626 0
0.00742964 1 0.102958 0.0199472 0
0.00742964 1 0.146069 -0.0166604 0
0.00742964 1 0.207231 -0.0598098 0
0.00742964 1 0.294005 -0.105965 0
0.00742964 1 0.417112 -0.147905 0
0.00742964 1 0.591769 -0.175124 0
0.00742964 1 0.839558 -0.177756 0
0.00742964 1 1.1911 -0.153863 0
0.00742964 1 1.68985 -0.113848 0
0.00742964 1 2.39743 -0.0739986 0
0.00742964 1 3.4013 -0.0443362 0
0.00742964 1 4.82552 -0.0254888 0
0.00742964 1 6.8461 -0.0143039 0
0.00742964 1 9.71274 -0.0078886 0
0.00742964 1 13.7797 -0.00429827 0
0.00742964 1 19.5497 -0.00232529 0
0.00742964 1 27.7356 -0.00125463 0
0.00742964 1 39.3493 -0.000677935 0
0.00742964 1 55.8259 -0.000345363 0
0.00742964 1 79.2016 -0.000190131 0
0.00742964 1 112.365 -0.00010798 0
0.00742964 1 159.416 -6.37091e-05 0
0.00742964 1 226.168 -3.69644e-05 0
0.00742964 1 320.87 -2.00207e-05 0
0.00742964 1 455.227 -1.0522e-05 0
0.00742964 1 645.842 -5.93194e-06 0
0.00742964 1 916.274 -3.68003e-06 0
0.00742964 1 1299.94 -2.32744e-06 0
0.00742964 1 1844.26 -1.51403e-06 0
0.00742964 1 2616.5 -9.87046e-07 0
0.00742964 1 3712.11 -6.45149e-07 0
0.00742964 1 5266.46 -4.22892e-07 0
0.00742964 1 7471.67 -2.73322e-07 0
0.00742964 1 10600.3 -1.80299e-07 0
0.00742964 1 15038.9 -1.19243e-07 0
0.00742964 1 21336 -7.78827e-08 0
0.00742964 1 30270 -5.17827e-08 0
0.00742964 1 42944.9 -3.45037e-08 0
0.00742964 1 60927 -2.27324e-08 0
0.00742964 1 86438.8 -1.52169e-08 0
0.00742964 1 122633 -1.01984e-08 0
0.00742964 1 173983 -6.77138e-09 0
0.00742964 1 246834 -4.56417e-09 0
0.00742964 1 350190 -3.02526e-09 0
0.00742964 1 496824 -2.02738e-09 0
0.00742964 1 704857 -1.38434e-09 0
0.00742964 1 1e+06 -9.23426e-10 0

0.0181161 1 1e-06 0.123246 0
0.0181161 1 1.41873e-06 0.123234 0
0.0181161 1 2.01279e-06 0.123218 0
0.0181161 1 2.85559e-06 0.123195 0
0.0181161 1 4.0513e-06 0.123163 0
0.0181161 1 5.74769e-06 0.123117 0
0.0181161 1 8.15441e-06 0.123052 0
0.0181161 1 1.15689e-05 0.12296 0
0.0181161 1 1.64131e-05 0.122857 0
0.0181161 1 2.32857e-05 0.124628 0
0.0181161 1 3.3036e-05 0.126217 0
0.0181161 1 4.6869e-05 0.12765 0
0.0181161 1 6.64944e-05 0.128933 0
0.0181161 1 9.43373e-05 0.130055 0
0.0181161 1 0.000133839 0.129886 0
0.0181161 1 0.000189881 0.128347 0
0.0181161 1 0.000269389 0.126226 0
0.0181161 1 0.000382189 0.125762 0
0.0181161 1 0.000542222 0.127551 0
0.0181161 1 0.000769265 0.125623 0
0.0181161 1 0.00109138 0.126363 0
0.0181161 1 0.00154837 0.125386 0
0.0181161 1 0.00219671 0.124672 0
0.0181161 1 0.00311653 0.123421 0
0.0181161 1 0.0044215 0.121977 0
0.0181161 1 0.0062729 0.119502 0
0.0181161 1 0.00889953 0.116541 0
0.0181161 1 0.012626 0.111852 0
0.0181161 1 0.0179128 0.105255 0
0.0181161 1 0.0254134 0.096749 0
0.0181161 1 0.0360547 0.0848538 0
0.0181161 1 0.0511518 0.0683667 0
0.0181161 1 0.0725704 0.0464374 0
0.0181161 1 0.102958 0.0194528 0
0.0181161 1 0.146069 -0.0163657 0
0.0181161 1 0.207231 -0.0590574 0
0.0181161 1 0.294005 -0.10502 0
0.0181161 1 0.417112 -0.14697 0
0.0181161 1 0.591769 -0.174341 0
0.0181161 1 0.839558 -0.177195 0
0.0181161 1 1.1911 -0.15352 0
0.0181161 1 1.68985 -0.113669 0
0.0181161 1 2.39743 -0.0739166 0
0.0181161 1 3.4013 -0.0443015 0
0.0181161 1 4.82552 -0.0254748 0
0.0181161 1 6.8461 -0.0142984 0
0.0181161 1 9.71274 -0.00788643 0
0.0181161 1 13.7797 -0.00429744 0
0.0181161 1 19.5497 -0.00232497 0
0.0181161 1 27.7356 -0.00125451 0
0.0181161 1 39.3493 -0.000677889 0
0.0181161 1 55.8259 -0.000345346 0
0.0181161 1 79.2016 -0.000190125 0
0.0181161 1 112.365 -0.000107978 0
0.0181161 1 159.416 -6.3708e-05 0
0.0181161 1 226.168 -3.6964e-05 0
0.0181161 1 320.87 -2.00205e-05 0
0.0181161 1 455.227 -1.0522e-05 0
0.0181161 1 645.842 -5.93191e-06 0
0.0181161 1 916.274 -3.68002e-06 0
0.0181161 1 1299.94 -2.32743e-06 0
0.0181161 1 1844.26 -1.51403e-06 0
0.0181161 1 2616.5 -9.87045e-07 0
0.0181161 1 3712.11 -6.45149e-07 0
0.0181161 1 5266.46 -4.22892e-07 0
0.0181161 1 7471.67 -2.73322e-07 0
0.0181161 1 10600.3 -1.80298e-07 0
0.0181161 1 15038.9 -1.19243e-07 0
0.0181161 1 21336 -7.78827e-08 0
0.0181161 1 30270 -5.17827e-08 0
0.0181161 1 42944.9 -3.45037e-08 0
0.0181161 1 60927 -2.27324e-08 0
0.0181161 1 86438.8 -1.52169e-08 0
0.0181161 1 122633 -1.01984e-08 0
0.0181161 1 173983 -6.77138e-09 0
0.0181161 1 246834 -4.56417e-09 0
0.0181161 1 350190 -3.02526e-09 0
0.0181161 1 496824 -2.02738e-09 0
0.0181161 1 704857 -1.38434e-09 0
0.0181161 1 1e+06 -9.23426e-10 0

0.0441734 1 1e-06 0.120734 0
0.0441734 1 1.41873e-06 0.120729 0
0.0441734 1 2.01279e-06 0.120723 0
0.0441734 1 2.85559e-06 0.120714 0
0.0441734 1 4.0513e-06 0.120701 0
0.0441734 1 5.74769e-06 0.120682 0
0.0441734 1 8.15441e-06 0.120656 0
0.0441734 1 1.15689e-05 0.120619 0
0.0441734 1 1.64131e-05 0.120566 0
0.0441734 1 2.32857e-05 0.120492 0
0.0441734 1 3.3036e-05 0.120386 0
0.0441734 1 4.6869e-05 0.120236 0
0.0441734 1 6.64944e-05 0.120024 0
0.0441734 1 9.43373e-05 0.119725 0
0.0441734 1 0.000133839 0.119304 0
0.0441734 1 0.000189881 0.11871 0
0.0441734 1 0.000269389 0.117878 0
0.0441734 1 0.000382189 0.116718 0
0.0441734 1 0.000542222 0.117538 0
0.0441734 1 0.000769265 0.119159 0
0.0441734 1 0.00109138 0.118513 0
0.0441734 1 0.00154837 0.116953 0
0.0441734 1 0.00219671 0.117025 0
0.0441734 1 0.00311653 0.115601 0
0.0441734 1 0.0044215 0.11385 0
0.0441734 1 0.0062729 0.1119 0
0.0441734 1 0.00889953 0.108365 0
0.0441734 1 0.012626 0.103977 0
0.0441734 1 0.0179128 0.0981681 0
0.0441734 1 0.0254134 0.0893598 0
0.0441734 1 0.0360547 0.0775856 0
0.0441734 1 0.0511518 0.0615136 0
0.0441734 1 0.0725704 0.0400386 0
0.0441734 1 0.102958 0.0115172 0
0.0441734 1 0.146069 -0.0247732 0
0.0441734 1 0.207231 -0.064 0
0.0441734 1 0.294005 -0.103688 0
0.0441734 1 0.417112 -0.144741 0
0.0441734 1 0.591769 -0.172463 0
0.0441734 1 0.839558 -0.175842 0
0.0441734 1 1.1911 -0.152691 0
0.0441734 1 1.68985 -0.113235 0
0.0441734 1 2.39743 -0.0737173 0
0.0441734 1 3.4013 -0.0442172 0
0.0441734 1 4.82552 -0.0254406 0
0.0441734 1 6.8461 -0.0142848 0
0.0441734 1 9.71274 -0.00788117 0
0.0441734 1 13.7797 -0.00429541 0
0.0441734 1 19.5497 -0.0023242 0
0.0441734 1 27.7356 -0.00125421 0
0.0441734 1 39.3493 -0.000677777 0
0.0441734 1 55.8259 -0.000345306 0
0.0441734 1 79.2016 -0.000190109 0
0.0441734 1 112.365 -0.000107971 0
0.0441734 1 159.416 -6.37054e-05 0
0.0441734 1 226.168 -3.69629e-05 0
0.0441734 1 320.87 -2.00201e-05 0
0.0441734 1 455.227 -1.05218e-05 0
0.0441734 1 645.842 -5.93185e-06 0
0.0441734 1 916.274 -3.68e-06 0
0.0441734 1 1299.94 -2.32742e-06 0
0.0441734 1 1844.26 -1.51402e-06 0
0.0441734 1 2616.5 -9.87043e-07 0
0.0441734 1 3712.11 -6.45148e-07 0
0.0441734 1 5266.46 -4.22891e-07 0
0.0441734 1 7471.67 -2.73322e-07 0
0.0441734 1 10600.3 -1.80298e-07 0
0.0441734 1 15038.9 -1.19243e-07 0
0.0441734 1 21336 -7.78827e-08 0
0.0441734 1 30270 -5.17827e-08 0
0.0441734 1 42944.9 -3.45037e-08 0
0.0441734 1 60927 -2.27324e-08 0
0.0441734 1 86438.8 -1.52169e-08 0
0.0441734 1 122633 -1.01984e-08 0
0.0441734 1 173983 -6.77138e-09 0
0.0441734 1 246834 -4.56417e-09 0
0.0441734 1 350190 -3.02526e-09 0
0.0441734 1 496824 -2.02738e-09 0
0.0441734 1 704857 -1.38434e-09 0
0.0441734 1 1e+06 -9.23426e-10 0

0.107711 1 1e-06 0.0990055 0
0.107711 1 1.41873e-06 0.099004 0
0.107711 1 2.01279e-06 0.0990018 0
0.107711 1 2.85559e-06 0.0989987 0
0.107711 1 4.0513e-06 0.0989943 0
0.107711 1 5.74769e-06 0.0989881 0
0.107711 1 8.15441e-06 0.0989793 0
0.107711 1 1.15689e-05 0.0989668 0
0.107711 1 1.64131e-05 0.0989491 0
0.107711 1 2.32857e-05 0.0989239 0
0.107711 1 3.3036e-05 0.0988882 0
0.107711 1 4.6869e-05 0.0988377 0
0.107711 1 6.64944e-05 0.0987661 0
0.107711 1 9.43373e-05 0.0986646 0
0.107711 1 0.000133839 0.098521 0
0.107711 1 0.000189881 0.098318 0
0.107711 1 0.000269389 0.0980315 0
0.107711 1 0.000382189 0.0979427 0
0.107711 1 0.000542222 0.0990412 0
0.107711 1 0.000769265 0.0998675 0
0.107711 1 0.00109138 0.100379 0
0.107711 1 0.00154837 0.0992687 0
0.107711 1 0.00219671 0.0970644 0
0.107711 1 0.00311653 0.0966701 0
0.107711 1 0.0044215 0.0953131 0
0.107711 1 0.0062729 0.0931767 0
0.107711 1 0.00889953 0.090097 0
0.107711 1 0.012626 0.0858769 0
0.107711 1 0.0179128 0.0801437 0
0.107711 1 0.0254134 0.0718596 0
0.107711 1 0.0360547 0.0606759 0
0.107711 1 0.0511518 0.0453241 0
0.107711 1 0.0725704 0.0248568 0
0.107711 1 0.102958 -0.00174713 0
0.107711 1 0.146069 -0.0358131 0
0.107711 1 0.207231 -0.0723103 0
0.107711 1 0.294005 -0.117896 0
0.107711 1 0.417112 -0.155988 0
0.107711 1 0.591769 -0.175893 0
0.107711 1 0.839558 -0.173848 0
0.107711 1 1.1911 -0.150706 0
0.107711 1 1.68985 -0.112191 0
0.107711 1 2.39743 -0.0732357 0
0.107711 1 3.4013 -0.0440129 0
0.107711 1 4.82552 -0.0253575 0
0.107711 1 6.8461 -0.0142519 0
0.107711 1 9.71274 -0.00786835 0
0.107711 1 13.7797 -0.00429049 0
0.107711 1 19.5497 -0.00232232 0
0.107711 1 27.7356 -0.0012535 0
0.107711 1 39.3493 -0.000677504 0
0.107711 1 55.8259 -0.000345208 0
0.107711 1 79.2016 -0.000190071 0
0.107711 1 112.365 -0.000107956 0
0.107711 1 159.416 -6.36991e-05 0
0.107711 1 226.168 -3.69603e-05 0
0.107711 1 320.87 -2.00191e-05 0
0.107711 1 455.227 -1.05215e-05 0
0.107711 1 645.842 -5.93171e-06 0
0.107711 1 916.274 -3.67993e-06 0
0.107711 1 1299.94 -2.32739e-06 0
0.107711 1 1844.26 -1.51401e-06 0
0.107711 1 2616.5 -9.87037e-07 0
0.107711 1 3712.11 -6.45145e-07 0
0.107711 1 5266.46 -4.2289e-07 0
0.107711 1 7471.67 -2.73321e-07 0
0.107711 1 10600.3 -1.80298e-07 0
0.107711 1 15038.9 -1.19243e-07 0
0.107711 1 21336 -7.78827e-08 0
0.107711 1 30270 -5.17827e-08 0
0.107711 1 42944.9 -3.45037e-08 0
0.107711 1 60927 -2.27324e-08 0
0.107711 1 86438.8 -1.52169e-08 0
0.107711 1 122633 -1.01984e-08 0
0.107711 1 173983 -6.77138e-09 0
0.107711 1 246834 -4.56417e-09 0
0.107711 1 350190 -3.02526e-09 0
0.107711 1 496824 -2.02738e-09 0
0.107711 1 704857 -1.38434e-09 0
0.107711 1 1e+06 -9.23426e-10 0

0.262636 1 1e-06 0.057462 0
0.262636 1 1.41873e-06 0.0574616 0
0.262636 1 2.01279e-06 0.0574611 0
0.262636 1 2.85559e-06 0.0574603 0
0.262636 1 4.0513e-06 0.0574593 0
0.262636 1 5.74769e-06 0.0574578 0
0.262636 1 8.15441e-06 0.0574557 0
0.262636 1 1.15689e-05 0.0574527 0
0.262636 1 1.64131e-05 0.0574485 0
0.262636 1 2.32857e-05 0.0574425 0
0.262636 1 3.3036e-05 0.057434 0
0.262636 1 4.6869e-05 0.057422 0
0.262636 1 6.64944e-05 0.0574049 0
0.262636 1 9.43373e-05 0.0573806 0
0.262636 1 0.000133839 0.0573463 0
0.262636 1 0.000189881 0.0572976 0
0.262636 1 0.000269389 0.0572288 0
0.262636 1 0.000382189 0.0571313 0
0.262636 1 0.000542222 0.0569936 0
0.262636 1 0.000769265 0.0567994 0
0.262636 1 0.00109138 0.0565261 0
0.262636 1 0.00154837 0.0561429 0
0.262636 1 0.00219671 0.055608 0
0.262636 1 0.00311653 0.0548663 0
0.262636 1 0.0044215 0.0535774 0
0.262636 1 0.0062729 0.0513155 0
0.262636 1 0.00889953 0.0489888 0
0.262636 1 0.012626 0.0450376 0
0.262636 1 0.0179128 0.0399735 0
0.262636 1 0.0254134 0.0327318 0
0.262636 1 0.0360547 0.0228732 0
0.262636 1 0.0511518 0.00918846 0
0.262636 1 0.0725704 -0.00887261 0
0.262636 1 0.102958 -0.0319336 0
0.262636 1 0.146069 -0.0608522 0
0.262636 1 0.207231 -0.0939535 0
0.262636 1 0.294005 -0.128889 0
0.262636 1 0.417112 -0.161663 0
0.262636 1 0.591769 -0.175767 0
0.262636 1 0.839558 -0.176589 0
0.262636 1 1.1911 -0.149036 0
0.262636 1 1.68985 -0.109221 0
0.262636 1 2.39743 -0.0716075 0
0.262636 1 3.4013 -0.0435227 0
0.262636 1 4.82552 -0.0251573 0
0.262636 1 6.8461 -0.0141723 0
0.262636 1 9.71274 -0.00783728 0
0.262636 1 13.7797 -0.00427852 0
0.262636 1 19.5497 -0.00231775 0
0.262636 1 27.7356 -0.00125176 0
0.262636 1 39.3493 -0.000667947 0
0.262636 1 55.8259 -0.000345026 0
0.262636 1 79.2016 -0.000189979 0
0.262636 1 112.365 -0.000107919 0
0.262636 1 159.416 -6.36837e-05 0
0.262636 1 226.168 -3.6954e-05 0
0.262636 1 320.87 -2.00167e-05 0
0.262636 1 455.227 -1.05206e-05 0
0.262636 1 645.842 -5.93135e-06 0
0.262636 1 916.274 -3.67978e-06 0
0.262636 1 1299.94 -2.32732e-06 0
0.262636 1 1844.26 -1.51398e-06 0
0.262636 1 2616.5 -9.87022e-07 0
0.262636 1 3712.11 -6.45138e-07 0
0.262636 1 5266.46 -4.22887e-07 0
0.262636 1 7471.67 -2.7332e-07 0
0.262636 1 10600.3 -1.80297e-07 0
0.262636 1 15038.9 -1.19242e-07 0
0.262636 1 21336 -7.78825e-08 0
0.262636 1 30270 -5.17826e-08 0
0.262636 1 42944.9 -3.45037e-08 0
0.262636 1 60927 -2.27324e-08 0
0.262636 1 86438.8 -1.52169e-08 0
0.262636 1 122633 -1.01984e-08 0
0.262636 1 173983 -6.77138e-09 0
0.262636 1 246834 -4.56417e-09 0
0.262636 1 350190 -3.02526e-09 0
0.262636 1 496824 -2.02738e-09 0
0.262636 1 704857 -1.38434e-09 0
0.262636 1 1e+06 -9.23426e-10 0

0.6404 1 1e-06 -0.0271142 0
0.6404 1 1.41873e-06 -0.0271142 0
0.6404 1 2.01279e-06 -0.0271141 0
0.6404 1 2.85559e-06 -0.0271139 0
0.6404 1 4.0513e-06 -0.0271137 0
0.6404 1 5.74769e-06 -0.0271134 0
0.6404 1 8.15441e-06 -0.027113 0
0.6404 1 1.15689e-05 -0.0271125 0
0.6404 1 1.64131e-05 -0.0271116 0
0.6404 1 2.32857e-05 -0.0271105 0
0.6404 1 3.3036e-05 -0.0271088 0
0.6404 1 4.6869e-05 -0.0271065 0
0.6404 1 6.64944e-05 -0.0271032 0
0.6404 1 9.43373e-05 -0.0270985 0
0.6404 1 0.000133839 -0.0270918 0
0.6404 1 0.000189881 -0.0270824 0
0.6404 1 0.000269389 -0.027069 0
0.6404 1 0.000382189 -0.02705 0
0.6404 1 0.000542222 -0.0270232 0
0.6404 1 0.000769265 -0.0269851 0
0.6404 1 0.00109138 -0.0269314 0
0.6404 1 0.00154837 -0.0268555 0
0.6404 1 0.00219671 -0.0267485 0
0.6404 1 0.00311653 -0.0265982 0
0.6404 1 0.0044215 -0.0263879 0
0.6404 1 0.0062729 -0.0268737 0
0.6404 1 0.00889953 -0.0321722 0
0.6404 1 0.012626 -0.0371713 0
0.6404 1 0.0179128 -0.0371129 0
0.6404 1 0.0254134 -0.0441367 0
0.6404 1 0.0360547 -0.0501049 0
0.6404 1 0.0511518 -0.059963 0
0.6404 1 0.0725704 -0.0733706 0
0.6404 1 0.102958 -0.0895152 0
0.6404 1 0.146069 -0.110026 0
0.6404 1 0.207231 -0.132629 0
0.6404 1 0.294005 -0.154799 0
0.6404 1 0.417112 -0.173463 0
0.6404 1 0.591769 -0.180203 0
0.6404 1 0.839558 -0.169192 0
0.6404 1 1.1911 -0.14053 0
0.6404 1 1.68985 -0.103109 0
0.6404 1 2.39743 -0.0670441 0
0.6404 1 3.4013 -0.0407625 0
0.6404 1 4.82552 -0.0239347 0
0.6404 1 6.8461 -0.013683 0
0.6404 1 9.71274 -0.00765744 0
0.6404 1 13.7797 -0.00421298 0
0.6404 1 19.5497 -0.00228684 0
0.6404 1 27.7356 -0.00122801 0
0.6404 1 39.3493 -0.000653493 0
0.6404 1 55.8259 -0.000344799 0
0.6404 1 79.2016 -0.000189753 0
0.6404 1 112.365 -0.000107829 0
0.6404 1 159.416 -6.36461e-05 0
0.6404 1 226.168 -3.69386e-05 0
0.6404 1 320.87 -2.00108e-05 0
0.6404 1 455.227 -1.05184e-05 0
0.6404 1 645.842 -5.93049e-06 0
0.6404 1 916.274 -3.6794e-06 0
0.6404 1 1299.94 -2.32715e-06 0
0.6404 1 1844.26 -1.5139e-06 0
0.6404 1 2616.5 -9.86987e-07 0
0.6404 1 3712.11 -6.45122e-07 0
0.6404 1 5266.46 -4.22879e-07 0
0.6404 1 7471.67 -2.73316e-07 0
0.6404 1 10600.3 -1.80296e-07 0
0.6404 1 15038.9 -1.19242e-07 0
0.6404 1 21336 -7.78822e-08 0
0.6404 1 30270 -5.17824e-08 0
0.6404 1 42944.9 -3.45036e-08 0
0.6404 1 60927 -2.27323e-08 0
0.6404 1 86438.8 -1.52168e-08 0
0.6404 1 122633 -1.01983e-08 0
0.6404 1 173983 -6.77137e-09 0
0.6404 1 246834 -4.56416e-09 0
0.6404 1 350190 -3.02526e-09 0
0.6404 1 496824 -2.02738e-09 0
0.6404 1 704857 -1.38434e-09 0
0.6404 1 1e+06 -9.23426e-10 0

1.56152 1 1e-06 -0.136107 0
1.56152 1 1.41873e-06 -0.136107 0
1.56152 1 2.01279e-06 -0.136107 0
1.56152 1 2.85559e-06 -0.136107 0
1.56152 1 4.0513e-06 -0.136106 0
1.56152 1 5.74769e-06 -0.136106 0
1.56152 1 8.15441e-06 -0.136105 0
1.56152 1 1.15689e-05 -0.136104 0
1.56152 1 1.64131e-05 -0.136102 0
1.56152 1 2.32857e-05 -0.1361 0
1.56152 1 3.3036e-05 -0.136096 0
1.56152 1 4.6869e-05 -0.136091 0
1.56152 1 6.64944e-05 -0.136085 0
1.56152 1 9.43373e-05 -0.136075 0
1.56152 1 0.000133839 -0.136061 0
1.56152 1 0.000189881 -0.136042 0
1.56152 1 0.000269389 -0.136014 0
1.56152 1 0.000382189 -0.135975 0
1.56152 1 0.000542222 -0.13592 0
1.56152 1 0.000769265 -0.135841 0
1.56152 1 0.00109138 -0.135729 0
1.56152 1 0.00154837 -0.135572 0
1.56152 1 0.00219671 -0.135348 0
1.56152 1 0.00311653 -0.135033 0
1.56152 1 0.0044215 -0.134588 0
1.56152 1 0.0062729 -0.133962 0
1.56152 1 0.00889953 -0.138439 0
1.56152 1 0.012626 -0.144048 0
1.56152 1 0.0179128 -0.149101 0
1.56152 1 0.0254134 -0.149059 0
1.56152 1 0.0360547 -0.145348 0
1.56152 1 0.0511518 -0.153396 0
1.56152 1 0.0725704 -0.155174 0
1.56152 1 0.102958 -0.163478 0
1.56152 1 0.146069 -0.169057 0
1.56152 1 0.207231 -0.175615 0
1.56152 1 0.294005 -0.179205 0
1.56152 1 0.417112 -0.178829 0
1.56152 1 0.591769 -0.169968 0
1.56152 1 0.839558 -0.150835 0
1.56152 1 1.1911 -0.122004 0
1.56152 1 1.68985 -0.0892205 0
1.56152 1 2.39743 -0.059376 0
1.56152 1 3.4013 -0.0373815 0
1.56152 1 4.82552 -0.0223308 0
1.56152 1 6.8461 -0.0127504 0
1.56152 1 9.71274 -0.00715099 0
1.56152 1 13.7797 -0.00397386 0
1.56152 1 19.5497 -0.00217791 0
1.56152 1 27.7356 -0.00118178 0
1.56152 1 39.3493 -0.000636828 0
1.56152 1 55.8259 -0.000342983 0
1.56152 1 79.2016 -0.000189206 0
1.56152 1 112.365 -0.000107609 0
1.56152 1 159.416 -6.35547e-05 0
1.56152 1 226.168 -3.69012e-05 0
1.56152 1 320.87 -1.99965e-05 0
1.56152 1 455.227 -1.05131e-05 0
1.56152 1 645.842 -5.92838e-06 0
1.56152 1 916.274 -3.67848e-06 0
1.56152 1 1299.94 -2.32674e-06 0
1.56152 1 1844.26 -1.51371e-06 0
1.56152 1 2616.5 -9.869e-07 0
1.56152 1 3712.11 -6.45082e-07 0
1.56152 1 5266.46 -4.22861e-07 0
1.56152 1 7471.67 -2.73308e-07 0
1.56152 1 10600.3 -1.80292e-07 0
1.56152 1 15038.9 -1.1924e-07 0
1.56152 1 21336 -7.78813e-08 0
1.56152 1 30270 -5.17821e-08 0
1.56152 1 42944.9 -3.45034e-08 0
1.56152 1 60927 -2.27322e-08 0
1.56152 1 86438.8 -1.52168e-08 0
1.56152 1 122633 -1.01983e-08 0
1.56152 1 173983 -6.77137e-09 0
1.56152 1 246834 -4.56416e-09 0
1.56152 1 350190 -3.02526e-09 0
1.56152 1 496824 -2.02738e-09 0
1.56152 1 704857 -1.38434e-09 0
1.56152 1 1e+06 -9.23425e-10 0

3.80755 1 1e-06 -0.167895 0
3.80755 1 1.41873e-06 -0.167895 0
3.80755 1 2.01279e-06 -0.167895 0
3.80755 1 2.85559e-06 -0.167895 0
3.80755 1 4.0513e-06 -0.167895 0
3.80755 1 5.74769e-06 -0.167895 0
3.80755 1 8.15441e-06 -0.167894 0
3.80755 1 1.15689e-05 -0.167894 0
3.80755 1 1.64131e-05 -0.167893 0
3.80755 1 2.32857e-05 -0.167891 0
3.80755 1 3.3036e-05 -0.16789 0
3.80755 1 4.6869e-05 -0.167887 0
3.80755 1 6.64944e-05 -0.167884 0
3.80755 1 9.43373e-05 -0.167879 0
3.80755 1 0.000133839 -0.167872 0
3.80755 1 0.000189881 -0.167862 0
3.80755 1 0.000269389 -0.167848 0
3.80755 1 0.000382189 -0.167828 0
3.80755 1 0.000542222 -0.1678 0
3.80755 1 0.000769265 -0.16776 0
3.80755 1 0.00109138 -0.167704 0
3.80755 1 0.00154837 -0.167624 0
3.80755 1 0.00219671 -0.168553 0
3.80755 1 0.00311653 -0.16984 0
3.80755 1 0.0044215 -0.170985 0
3.80755 1 0.0062729 -0.172002 0
3.80755 1 0.00889953 -0.17289 0
3.80755 1 0.012626 -0.173635 0
3.80755 1 0.0179128 -0.174199 0
3.80755 1 0.0254134 -0.173003 0
3.80755 1 0.0360547 -0.171145 0
3.80755 1 0.0511518 -0.168576 0
3.80755 1 0.0725704 -0.165888 0
3.80755 1 0.102958 -0.165369 0
3.80755 1 0.146069 -0.161309 0
3.80755 1 0.207231 -0.156895 0
3.80755 1 0.294005 -0.149462 0
3.80755 1 0.417112 -0.139108 0
3.80755 1 0.591769 -0.125021 0
3.80755 1 0.839558 -0.106866 0
3.80755 1 1.1911 -0.0859645 0
3.80755 1 1.68985 -0.0644242 0
3.80755 1 2.39743 -0.0452401 0
3.80755 1 3.4013 -0.0298534 0
3.80755 1 4.82552 -0.0188829 0
3.80755 1 6.8461 -0.0113042 0
3.80755 1 9.71274 -0.00666133 0
3.80755 1 13.7797 -0.00376618 0
3.80755 1 19.5497 -0.00207465 0
3.80755 1 27.7356 -0.00113487 0
3.80755 1 39.3493 -0.000619853 0
3.80755 1 55.8259 -0.000339601 0
3.80755 1 79.2016 -0.000187885 0
3.80755 1 112.365 -0.000107078 0
3.80755 1 159.416 -6.33328e-05 0
3.80755 1 226.168 -3.68103e-05 0
3.80755 1 320.87 -1.99617e-05 0
3.80755 1 455.227 -1.05002e-05 0
3.80755 1 645.842 -5.92325e-06 0
3.80755 1 916.274 -3.67623e-06 0
3.80755 1 1299.94 -2.32574e-06 0
3.80755 1 1844.26 -1.51325e-06 0
3.80755 1 2616.5 -9.86689e-07 0
3.80755 1 3712.11 -6.44985e-07 0
3.80755 1 5266.46 -4.22816e-07 0
3.80755 1 7471.67 -2.73287e-07 0
3.80755 1 10600.3 -1.80282e-07 0
3.80755 1 15038.9 -1.19235e-07 0
3.80755 1 21336 -7.78793e-08 0
3.80755 1 30270 -5.17811e-08 0
3.80755 1 42944.9 -3.45029e-08 0
3.80755 1 60927 -2.2732e-08 0
3.80755 1 86438.8 -1.52167e-08 0
3.80755 1 122633 -1.01983e-08 0
3.80755 1 173983 -6.77134e-09 0
3.80755 1 246834 -4.56415e-09 0
3.80755 1 350190 -3.02525e-09 0
3.80755 1 496824 -2.02738e-09 0
3.80755 1 704857 -1.38434e-09 0
3.80755 1 1e+06 -9.23425e-10 0

9.28415 1 1e-06 -0.0764934 0
9.28415 1 1.41873e-06 -0.0764933 0
9.28415 1 2.01279e-06 -0.0764933 0
9.28415 1 2.85559e-06 -0.0764933 0
9.28415 1 4.0513e-06 -0.0764933 0
9.28415 1 5.74769e-06 -0.0764932 0
9.28415 1 8.15441e-06 -0.0764931 0
9.28415 1 1.15689e-05 -0.076493 0
9.28415 1 1.64131e-05 -0.0764928 0
9.28415 1 2.32857e-05 -0.0764926 0
9.28415 1 3.3036e-05 -0.0764923 0
9.28415 1 4.6869e-05 -0.0764918 0
9.28415 1 6.64944e-05 -0.0764912 0
9.28415 1 9.43373e-05 -0.0764903 0
9.28415 1 0.000133839 -0.076489 0
9.28415 1 0.000189881 -0.0764872 0
9.28415 1 0.000269389 -0.0764845 0
9.28415 1 0.000382189 -0.0764808 0
9.28415 1 0.000542222 -0.0764756 0
9.28415 1 0.000769265 -0.0764681 0
9.28415 1 0.00109138 -0.0764575 0
9.28415 1 0.00154837 -0.0764426 0
9.28415 1 0.00219671 -0.0764213 0
9.28415 1 0.00311653 -0.0763911 0
9.28415 1 0.0044215 -0.0763484 0
9.28415 1 0.0062729 -0.0762879 0
9.28415 1 0.00889953 -0.0762021 0
9.28415 1 0.012626 -0.0760808 0
9.28415 1 0.0179128 -0.0759094 0
9.28415 1 0.0254134 -0.0756674 0
9.28415 1 0.0360547 -0.0753269 0
9.28415 1 0.0511518 -0.0748489 0
9.28415 1 0.0725704 -0.074181 0
9.28415 1 0.102958 -0.0732537 0
9.28415 1 0.146069 -0.071176 0
9.28415 1 0.207231 -0.0682869 0
9.28415 1 0.294005 -0.0655782 0
9.28415 1 0.417112 -0.0611134 0
9.28415 1 0.591769 -0.0559185 0
9.28415 1 0.839558 -0.049436 0
9.28415 1 1.1911 -0.042034 0
9.28415 1 1.68985 -0.0341125 0
9.28415 1 2.39743 -0.0263292 0
9.28415 1 3.4013 -0.0190964 0
9.28415 1 4.82552 -0.0131837 0
9.28415 1 6.8461 -0.00860513 0
9.28415 1 9.71274 -0.00535167 0
9.28415 1 13.7797 -0.00322631 0
9.28415 1 19.5497 -0.00185891 0
9.28415 1 27.7356 -0.00106948 0
9.28415 1 39.3493 -0.000599542 0
9.28415 1 55.8259 -0.000331628 0
9.28415 1 79.2016 -0.000184738 0
9.28415 1 112.365 -0.000105803 0
9.28415 1 159.416 -6.27983e-05 0
9.28415 1 226.168 -3.65904e-05 0
9.28415 1 320.87 -1.98774e-05 0
9.28415 1 455.227 -1.04689e-05 0
9.28415 1 645.842 -5.91078e-06 0
9.28415 1 916.274 -3.65734e-06 0
9.28415 1 1299.94 -2.3233e-06 0
9.28415 1 1844.26 -1.51213e-06 0
9.28415 1 2616.5 -9.86175e-07 0
9.28415 1 3712.11 -6.44748e-07 0
9.28415 1 5266.46 -4.22706e-07 0
9.28415 1 7471.67 -2.73237e-07 0
9.28415 1 10600.3 -1.80259e-07 0
9.28415 1 15038.9 -1.19224e-07 0
9.28415 1 21336 -7.78743e-08 0
9.28415 1 30270 -5.17788e-08 0
9.28415 1 42944.9 -3.45018e-08 0
9.28415 1 60927 -2.27315e-08 0
9.28415 1 86438.8 -1.52165e-08 0
9.28415 1 122633 -1.01982e-08 0
9.28415 1 173983 -6.77129e-09 0
9.28415 1 246834 -4.56412e-09 0
9.28415 1 350190 -3.02524e-09 0
9.28415 1 496824 -2.02737e-09 0
9.28415 1 704857 -1.38434e-09 0
9.28415 1 1e+06 -9.23424e-10 0

22.638 1 1e-06 -0.019447 0
22.638 1 1.41873e-06 -0.019447 0
22.638 1 2.01279e-06 -0.019447 0
22.638 1 2.85559e-06 -0.019447 0
22.638 1 4.0513e-06 -0.019447 0
22.638 1 5.74769e-06 -0.019447 0
22.638 1 8.15441e-06 -0.019447 0
22.638 1 1.15689e-05 -0.019447 0
22.638 1 1.64131e-05 -0.019447 0
22.638 1 2.32857e-05 -0.019447 0
22.638 1 3.3036e-05 -0.0194469 0
22.638 1 4.6869e-05 -0.0194469 0
22.638 1 6.64944e-05 -0.0194468 0
22.638 1 9.43373e-05 -0.0194467 0
22.638 1 0.000133839 -0.0194466 0
22.638 1 0.000189881 -0.0194464 0
22.638 1 0.000269389 -0.0194461 0
22.638 1 0.000382189 -0.0194457 0
22.638 1 0.000542222 -0.0194452 0
22.638 1 0.000769265 -0.0194444 0
22.638 1 0.00109138 -0.0194433 0
22.638 1 0.00154837 -0.0194417 0
22.638 1 0.00219671 -0.0194395 0
22.638 1 0.00311653 -0.0194364 0
22.638 1 0.0044215 -0.0194319 0
22.638 1 0.0062729 -0.0194256 0
22.638 1 0.00889953 -0.0194166 0
22.638 1 0.012626 -0.0194039 0
22.638 1 0.0179128 -0.0193859 0
22.638 1 0.0254134 -0.0193604 0
22.638 1 0.0360547 -0.0193243 0
22.638 1 0.0511518 -0.0192734 0
22.638 1 0.0725704 -0.0192016 0
22.638 1 0.102958 -0.0191006 0
22.638 1 0.146069 -0.0189592 0
22.638 1 0.207231 -0.0184796 0
22.638 1 0.294005 -0.0178135 0
22.638 1 0.417112 -0.0171002 0
22.638 1 0.591769 -0.0166236 0
22.638 1 0.839558 -0.0154331 0
22.638 1 1.1911 -0.0141937 0
22.638 1 1.68985 -0.0125595 0
22.638 1 2.39743 -0.010735 0
22.638 1 3.4013 -0.00877991 0
22.638 1 4.82552 -0.00680308 0
22.638 1 6.8461 -0.0050025 0
22.638 1 9.71274 -0.00348852 0
22.638 1 13.7797 -0.00230099 0
22.638 1 19.5497 -0.00145221 0
22.638 1 27.7356 -0.000880397 0
22.638 1 39.3493 -0.000520016 0
22.638 1 55.8259 -0.000299742 0
22.638 1 79.2016 -0.000174165 0
22.638 1 112.365 -0.000102776 0
22.638 1 159.416 -6.15319e-05 0
22.638 1 226.168 -3.6065e-05 0
22.638 1 320.87 -1.96748e-05 0
22.638 1 455.227 -1.03933e-05 0
22.638 1 645.842 -5.88058e-06 0
22.638 1 916.274 -3.6132e-06 0
22.638 1 1299.94 -2.31738e-06 0
22.638 1 1844.26 -1.50941e-06 0
22.638 1 2616.5 -9.84923e-07 0
22.638 1 3712.11 -6.44171e-07 0
22.638 1 5266.46 -4.2244e-07 0
22.638 1 7471.67 -2.73116e-07 0
22.638 1 10600.3 -1.80203e-07 0
22.638 1 15038.9 -1.19198e-07 0
22.638 1 21336 -7.78622e-08 0
22.638 1 30270 -5.17731e-08 0
22.638 1 42944.9 -3.44992e-08 0
22.638 1 60927 -2.27303e-08 0
22.638 1 86438.8 -1.52159e-08 0
22.638 1 122633 -1.01979e-08 0
22.638 1 173983 -6.77116e-09 0
22.638 1 246834 -4.56406e-09 0
22.638 1 350190 -3.02521e-09 0
22.638 1 496824 -2.02736e-09 0
22.638 1 704857 -1.38433e-09 0
22.638 1 1e+06 -9.23421e-10 0

55.1995 1 1e-06 -0.00429256 0
55.1995 1 1.41873e-06 -0.00429256 0
55.1995 1 2.01279e-06 -0.00429256 0
55.1995 1 2.85559e-06 -0.00429256 0
55.1995 1 4.0513e-06 -0.00429256 0
55.1995 1 5.74769e-06 -0.00429256 0
55.1995 1 8.15441e-06 -0.00429256 0
55.1995 1 1.15689e-05 -0.00429256 0
55.1995 1 1.64131e-05 -0.00429256 0
55.1995 1 2.32857e-05 -0.00429256 0
55.1995 1 3.3036e-05 -0.00429255 0
55.1995 1 4.6869e-05 -0.00429255 0
55.1995 1 6.64944e-05 -0.00429254 0
55.1995 1 9.43373e-05 -0.00429254 0
55.1995 1 0.000133839 -0.00429252 0
55.1995 1 0.000189881 -0.00429251 0
55.1995 1 0.000269389 -0.00429248 0
55.1995 1 0.000382189 -0.00429245 0
55.1995 1 0.000542222 -0.0042924 0
55.1995 1 0.000769265 -0.00429233 0
55.1995 1 0.00109138 -0.00429223 0
55.1995 1 0.00154837 -0.00429208 0
55.1995 1 0.00219671 -0.00429188 0
55.1995 1 0.00311653 -0.0042916 0
55.1995 1 0.0044215 -0.00429119 0
55.1995 1 0.0062729 -0.00429062 0
55.1995 1 0.00889953 -0.00428981 0
55.1995 1 0.012626 -0.00428865 0
55.1995 1 0.0179128 -0.00428702 0
55.1995 1 0.0254134 -0.0042847 0
55.1995 1 0.0360547 -0.00428141 0
55.1995 1 0.0511518 -0.00427676 0
55.1995 1 0.0725704 -0.00427018 0
55.1995 1 0.102958 -0.00426087 0
55.1995 1 0.146069 -0.0042096 0
55.1995 1 0.207231 -0.00412595 0
55.1995 1 0.294005 -0.00403634 0
55.1995 1 0.417112 -0.00393622 0
55.1995 1 0.591769 -0.00385489 0
55.1995 1 0.839558 -0.00378982 0
55.1995 1 1.1911 -0.00367992 0
55.1995 1 1.68985 -0.00342533 0
55.1995 1 2.39743 -0.00319599 0
55.1995 1 3.4013 -0.00284936 0
55.1995 1 4.82552 -0.00248186 0
55.1995 1 6.8461 -0.00207139 0
55.1995 1 9.71274 -0.00164231 0
55.1995 1 13.7797 -0.00123577 0
55.1995 1 19.5497 -0.000883663 0
55.1995 1 27.7356 -0.000598194 0
55.1995 1 39.3493 -0.000388321 0
55.1995 1 55.8259 -0.000243642 0
55.1995 1 79.2016 -0.000149022 0
55.1995 1 112.365 -9.1787e-05 0
55.1995 1 159.416 -5.63292e-05 0
55.1995 1 226.168 -3.35213e-05 0
55.1995 1 320.87 -1.85005e-05 0
55.1995 1 455.227 -9.90807e-06 0
55.1995 1 645.842 -5.67871e-06 0
55.1995 1 916.274 -3.55049e-06 0
55.1995 1 1299.94 -2.30307e-06 0
55.1995 1 1844.26 -1.50282e-06 0
55.1995 1 2616.5 -9.81884e-07 0
55.1995 1 3712.11 -6.42768e-07 0
55.1995 1 5266.46 -4.20985e-07 0
55.1995 1 7471.67 -2.7282e-07 0
55.1995 1 10600.3 -1.80065e-07 0
55.1995 1 15038.9 -1.19134e-07 0
55.1995 1 21336 -7.78326e-08 0
55.1995 1 30270 -5.17592e-08 0
55.1995 1 42944.9 -3.44927e-08 0
55.1995 1 60927 -2.27272e-08 0
55.1995 1 86438.8 -1.52144e-08 0
55.1995 1 122633 -1.01972e-08 0
55.1995 1 173983 -6.77085e-09 0
55.1995 1 246834 -4.56391e-09 0
55.1995 1 350190 -3.02514e-09 0
55.1995 1 496824 -2.02733e-09 0
55.1995 1 704857 -1.38431e-09 0
55.1995 1 1e+06 -9.23413e-10 0

134.596 1 1e-06 -0.000846997 0
134.596 1 1.41873e-06 -0.000846997 0
134.596 1 2.01279e-06 -0.000846997 0
134.596 1 2.85559e-06 -0.000846997 0
134.596 1 4.0513e-06 -0.000846997 0
134.596 1 5.74769e-06 -0.000846997 0
134.596 1 8.15441e-06 -0.000846997 0
134.596 1 1.15689e-05 -0.000846997 0
134.596 1 1.64131e-05 -0.000846997 0
134.596 1 2.32857e-05 -0.000846997 0
134.596 1 3.3036e-05 -0.000846996 0
134.596 1 4.6869e-05 -0.000846996 0
134.596 1 6.64944e-05 -0.000846996 0
134.596 1 9.43373e-05 -0.000846995 0
134.596 1 0.000133839 -0.000846994 0
134.596 1 0.000189881 -0.000846993 0
134.596 1 0.000269389 -0.000846991 0
134.596 1 0.000382189 -0.000846988 0
134.596 1 0.000542222 -0.000846984 0
134.596 1 0.000769265 -0.000846978 0
134.596 1 0.00109138 -0.00084697 0
134.596 1 0.00154837 -0.000846958 0
134.596 1 0.00219671 -0.000846942 0
134.596 1 0.00311653 -0.000846919 0
134.596 1 0.0044215 -0.000846886 0
134.596 1 0.0062729 -0.00084684 0
134.596 1 0.00889953 -0.000846774 0
134.596 1 0.012626 -0.000846681 0
134.596 1 0.0179128 -0.000846548 0
134.596 1 0.0254134 -0.00084636 0
134.596 1 0.0360547 -0.000846094 0
134.596 1 0.0511518 -0.000845716 0
134.596 1 0.0725704 -0.00084518 0
134.596 1 0.102958 -0.000844422 0
134.596 1 0.146069 -0.000843348 0
134.596 1 0.207231 -0.000841829 0
134.596 1 0.294005 -0.000839683 0
134.596 1 0.417112 -0.000836658 0
134.596 1 0.591769 -0.000832403 0
134.596 1 0.839558 -0.00082644 0
134.596 1 1.1911 -0.000818124 0
134.596 1 1.68985 -0.000806609 0
134.596 1 2.39743 -0.000771746 0
134.596 1 3.4013 -0.000725918 0
134.596 1 4.82552 -0.000690139 0
134.596 1 6.8461 -0.000624148 0
134.596 1 9.71274 -0.000555252 0
134.596 1 13.7797 -0.000474594 0
134.596 1 19.5497 -0.000388849 0
134.596 1 27.7356 -0.000302677 0
134.596 1 39.3493 -0.000224435 0
134.596 1 55.8259 -0.000158739 0
134.596 1 79.2016 -0.000109116 0
134.596 1 112.365 -7.34257e-05 0
134.596 1 159.416 -4.80775e-05 0
134.596 1 226.168 -2.93596e-05 0
134.596 1 320.87 -1.68015e-05 0
134.596 1 455.227 -9.17669e-06 0
134.596 1 645.842 -5.42282e-06 0
134.596 1 916.274 -3.4671e-06 0
134.596 1 1299.94 -2.26889e-06 0
134.596 1 1844.26 -1.48698e-06 0
134.596 1 2616.5 -9.74552e-07 0
134.596 1 3712.11 -6.39372e-07 0
134.596 1 5266.46 -4.1659e-07 0
134.596 1 7471.67 -2.721e-07 0
134.596 1 10600.3 -1.7973e-07 0
134.596 1 15038.9 -1.18977e-07 0
134.596 1 21336 -7.77605e-08 0
134.596 1 30270 -5.17254e-08 0
134.596 1 42944.9 -3.44768e-08 0
134.596 1 60927 -2.27199e-08 0
134.596 1 86438.8 -1.5211e-08 0
134.596 1 122633 -1.01956e-08 0
134.596 1 173983 -6.77008e-09 0
134.596 1 246834 -4.56355e-09 0
134.596 1 350190 -3.02497e-09 0
134.596 1 496824 -2.02725e-09 0
134.596 1 704857 -1.38427e-09 0
134.596 1 1e+06 -9.23395e-10 0

328.193 1 1e-06 -0.000183539 0
328.193 1 1.41873e-06 -0.000183539 0
328.193 1 2.01279e-06 -0.000183539 0
328.193 1 2.85559e-06 -0.000183539 0
328.193 1 4.0513e-06 -0.000183539 0
328.193 1 5.74769e-06 -0.000183539 0
328.193 1 8.15441e-06 -0.000183539 0
328.193 1 1.15689e-05 -0.000183539 0
328.193 1 1.64131e-05 -0.000183539 0
328.193 1 2.32857e-05 -0.000183539 0
328.193 1 3.3036e-05 -0.000183539 0
328.193 1 4.6869e-05 -0.000183539 0
328.193 1 6.64944e-05 -0.000183539 0
328.193 1 9.43373e-05 -0.000183539 0
328.193 1 0.000133839 -0.000183539 0
328.193 1 0.000189881 -0.000183539 0
328.193 1 0.000269389 -0.000183539 0
328.193 1 0.000382189 -0.000183538 0
328.193 1 0.000542222 -0.000183538 0
328.193 1 0.000769265 -0.000183538 0
328.193 1 0.00109138 -0.000183537 0
328.193 1 0.00154837 -0.000183536 0
328.193 1 0.00219671 -0.000183534 0
328.193 1 0.00311653 -0.000183532 0
328.193 1 0.0044215 -0.000183529 0
328.193 1 0.0062729 -0.000183525 0
328.193 1 0.00889953 -0.000183519 0
328.193 1 0.012626 -0.000183511 0
328.193 1 0.0179128 -0.000183499 0
328.193 1 0.0254134 -0.000183483 0
328.193 1 0.0360547 -0.000183459 0
328.193 1 0.0511518 -0.000183425 0
328.193 1 0.0725704 -0.000183378 0
328.193 1 0.102958 -0.00018331 0
328.193 1 0.146069 -0.000183214 0
328.193 1 0.207231 -0.000183078 0
328.193 1 0.294005 -0.000182886 0
328.193 1 0.417112 -0.000182614 0
328.193 1 0.591769 -0.000182229 0
328.193 1 0.839558 -0.000181686 0
328.193 1 1.1911 -0.000180921 0
328.193 1 1.68985 -0.000179846 0
328.193 1 2.39743 -0.000177333 0
328.193 1 3.4013 -0.000171568 0
328.193 1 4.82552 -0.000165092 0
328.193 1 6.8461 -0.000159901 0
328.193 1 9.71274 -0.000152936 0
328.193 1 13.7797 -0.000141089 0
328.193 1 19.5497 -0.000128953 0
328.193 1 27.7356 -0.000113936 0
328.193 1 39.3493 -9.73628e-05 0
328.193 1 55.8259 -7.99681e-05 0
328.193 1 79.2016 -6.34248e-05 0
328.193 1 112.365 -4.74219e-05 0
328.193 1 159.416 -3.33775e-05 0
328.193 1 226.168 -2.15966e-05 0
328.193 1 320.87 -1.30543e-05 0
328.193 1 455.227 -7.86854e-06 0
328.193 1 645.842 -4.93575e-06 0
328.193 1 916.274 -3.26934e-06 0
328.193 1 1299.94 -2.18177e-06 0
328.193 1 1844.26 -1.44777e-06 0
328.193 1 2616.5 -9.55046e-07 0
328.193 1 3712.11 -6.27069e-07 0
328.193 1 5266.46 -4.10027e-07 0
328.193 1 7471.67 -2.70362e-07 0
328.193 1 10600.3 -1.78918e-07 0
328.193 1 15038.9 -1.18598e-07 0
328.193 1 21336 -7.75853e-08 0
328.193 1 30270 -5.16432e-08 0
328.193 1 42944.9 -3.44381e-08 0
328.193 1 60927 -2.27019e-08 0
328.193 1 86438.8 -1.52025e-08 0
328.193 1 122633 -1.01873e-08 0
328.193 1 173983 -6.7682e-09 0
328.193 1 246834 -4.56265e-09 0
328.193 1 350190 -3.02456e-09 0
328.193 1 496824 -2.02705e-09 0
328.193 1 704857 -1.38418e-09 0
328.193 1 1e+06 -9.2335e-10 0

800.25 1 1e-06 -4.63751e-05 0
800.25 1 1.41873e-06 -4.63751e-05 0
800.25 1 2.01279e-06 -4.63751e-05 0
800.25 1 2.85559e-06 -4.63751e-05 0
800.25 1 4.0513e-06 -4.63751e-05 0
800.25 1 5.74769e-06 -4.63751e-05 0
800.25 1 8.15441e-06 -4.63751e-05 0
800.25 1 1.15689e-05 -4.63751e-05 0
800.25 1 1.64131e-05 -4.63751e-05 0
800.25 1 2.32857e-05 -4.63751e-05 0
800.25 1 3.3036e-05 -4.63751e-05 0
800.25 1 4.6869e-05 -4.63751e-05 0
800.25 1 6.64944e-05 -4.63751e-05 0
800.25 1 9.43373e-05 -4.63751e-05 0
800.25 1 0.000133839 -4.6375e-05 0
800.25 1 0.000189881 -4.6375e-05 0
800.25 1 0.000269389 -4.6375e-05 0
800.25 1 0.000382189 -4.6375e-05 0
800.25 1 0.000542222 -4.6375e-05 0
800.25 1 0.000769265 -4.63749e-05 0
800.25 1 0.00109138 -4.63748e-05 0
800.25 1 0.00154837 -4.63747e-05 0
800.25 1 0.00219671 -4.63746e-05 0
800.25 1 0.00311653 -4.63744e-05 0
800.25 1 0.0044215 -4.63741e-05 0
800.25 1 0.0062729 -4.63736e-05 0
800.25 1 0.00889953 -4.6373e-05 0
800.25 1 0.012626 -4.63722e-05 0
800.25 1 0.0179128 -4.63709e-05 0
800.25 1 0.0254134 -4.63692e-05 0
800.25 1 0.0360547 -4.63667e-05 0
800.25 1 0.0511518 -4.63633e-05 0
800.25 1 0.0725704 -4.63583e-05 0
800.25 1 0.102958 -4.63513e-05 0
800.25 1 0.146069 -4.63414e-05 0
800.25 1 0.207231 -4.63254e-05 0
800.25 1 0.294005 -4.59939e-05 0
800.25 1 0.417112 -4.56792e-05 0
800.25 1 0.591769 -4.53694e-05 0
800.25 1 0.839558 -4.50513e-05 0
800.25 1 1.1911 -4.47104e-05 0
800.25 1 1.68985 -4.43295e-05 0
800.25 1 2.39743 -4.38877e-05 0
800.25 1 3.4013 -4.33823e-05 0
800.25 1 4.82552 -4.30816e-05 0
800.25 1 6.8461 -4.26621e-05 0
800.25 1 9.71274 -4.20807e-05 0
800.25 1 13.7797 -4.12458e-05 0
800.25 1 19.5497 -3.90002e-05 0
800.25 1 27.7356 -3.67123e-05 0
800.25 1 39.3493 -3.38044e-05 0
800.25 1 55.8259 -3.01945e-05 0
800.25 1 79.2016 -2.58479e-05 0
800.25 1 112.365 -2.10887e-05 0
800.25 1 159.416 -1.61786e-05 0
800.25 1 226.168 -1.17692e-05 0
800.25 1 320.87 -8.27003e-06 0
800.25 1 455.227 -5.7514e-06 0
800.25 1 645.842 -4.0439e-06 0
800.25 1 916.274 -2.83726e-06 0
800.25 1 1299.94 -1.96756e-06 0
800.25 1 1844.26 -1.33955e-06 0
800.25 1 2616.5 -8.9975e-07 0
800.25 1 3712.11 -6.01073e-07 0
800.25 1 5266.46 -4.00313e-07 0
800.25 1 7471.67 -2.66215e-07 0
800.25 1 10600.3 -1.76969e-07 0
800.25 1 15038.9 -1.17501e-07 0
800.25 1 21336 -7.71615e-08 0
800.25 1 30270 -5.14438e-08 0
800.25 1 42944.9 -3.43442e-08 0
800.25 1 60927 -2.26582e-08 0
800.25 1 86438.8 -1.51818e-08 0
800.25 1 122633 -1.01409e-08 0
800.25 1 173983 -6.76363e-09 0
800.25 1 246834 -4.56048e-09 0
800.25 1 350190 -3.02354e-09 0
800.25 1 496824 -2.02789e-09 0
800.25 1 704857 -1.38395e-09 0
800.25 1 1e+06 -9.23242e-10 0

1951.29 1 1e-06 -9.19466e-06 0
1951.29 1 1.41873e-06 -9.19466e-06 0
1951.29 1 2.01279e-06 -9.19466e-06 0
1951.29 1 2.85559e-06 -9.19466e-06 0
1951.29 1 4.0513e-06 -9.19466e-06 0
1951.29 1 5.74769e-06 -9.19466e-06 0
1951.29 1 8.15441e-06 -9.19466e-06 0
1951.29 1 1.15689e-05 -9.19466e-06 0
1951.29 1 1.64131e-05 -9.19466e-06 0
1951.29 1 2.32857e-05 -9.19466e-06 0
1951.29 1 3.3036e-05 -9.19466e-06 0
1951.29 1 4.6869e-05 -9.19466e-06 0
1951.29 1 6.64944e-05 -9.19466e-06 0
1951.29 1 9.43373e-05 -9.19466e-06 0
1951.29 1 0.000133839 -9.19466e-06 0
1951.29 1 0.000189881 -9.19465e-06 0
1951.29 1 0.000269389 -9.19465e-06 0
1951.29 1 0.000382189 -9.19465e-06 0
1951.29 1 0.000542222 -9.19465e-06 0
1951.29 1 0.000769265 -9.19464e-06 0
1951.29 1 0.00109138 -9.19464e-06 0
1951.29 1 0.00154837 -9.19463e-06 0
1951.29 1 0.00219671 -9.19462e-06 0
1951.29 1 0.00311653 -9.1946e-06 0
1951.29 1 0.0044215 -9.19457e-06 0
1951.29 1 0.0062729 -9.19454e-06 0
1951.29 1 0.00889953 -9.19449e-06 0
1951.29 1 0.012626 -9.19442e-06 0
1951.29 1 0.0179128 -9.19432e-06 0
1951.29 1 0.0254134 -9.19418e-06 0
1951.29 1 0.0360547 -9.19398e-06 0
1951.29 1 0.0511518 -9.1937e-06 0
1951.29 1 0.0725704 -9.19329e-06 0
1951.29 1 0.102958 -9.19272e-06 0
1951.29 1 0.146069 -9.19191e-06 0
1951.29 1 0.207231 -9.19077e-06 0
1951.29 1 0.294005 -9.18914e-06 0
1951.29 1 0.417112 -9.18683e-06 0
1951.29 1 0.591769 -9.18355e-06 0
1951.29 1 0.839558 -9.17891e-06 0
1951.29 1 1.1911 -9.17233e-06 0
1951.29 1 1.68985 -9.16301e-06 0
1951.29 1 2.39743 -9.14983e-06 0
1951.29 1 3.4013 -9.13119e-06 0
1951.29 1 4.82552 -9.10487e-06 0
1951.29 1 6.8461 -9.06779e-06 0
1951.29 1 9.71274 -9.0157e-06 0
1951.29 1 13.7797 -8.94281e-06 0
1951.29 1 19.5497 -8.68188e-06 0
1951.29 1 27.7356 -8.34678e-06 0
1951.29 1 39.3493 -8.01857e-06 0
1951.29 1 55.8259 -7.73087e-06 0
1951.29 1 79.2016 -7.15524e-06 0
1951.29 1 112.365 -6.56846e-06 0
1951.29 1 159.416 -5.85673e-06 0
1951.29 1 226.168 -5.08553e-06 0
1951.29 1 320.87 -4.29672e-06 0
1951.29 1 455.227 -3.51767e-06 0
1951.29 1 645.842 -2.78845e-06 0
1951.29 1 916.274 -2.13449e-06 0
1951.29 1 1299.94 -1.58169e-06 0
1951.29 1 1844.26 -1.13868e-06 0
1951.29 1 2616.5 -8.01181e-07 0
1951.29 1 3712.11 -5.5254e-07 0
1951.29 1 5266.46 -3.77125e-07 0
1951.29 1 7471.67 -2.54942e-07 0
1951.29 1 10600.3 -1.71072e-07 0
1951.29 1 15038.9 -1.14098e-07 0
1951.29 1 21336 -7.6147e-08 0
1951.29 1 30270 -5.09639e-08 0
1951.29 1 42944.9 -3.41163e-08 0
1951.29 1 60927 -2.25524e-08 0
1951.29 1 86438.8 -1.51317e-08 0
1951.29 1 122633 -1.00851e-08 0
1951.29 1 173983 -6.75251e-09 0
1951.29 1 246834 -4.55261e-09 0
1951.29 1 350190 -3.02107e-09 0
1951.29 1 496824 -2.02769e-09 0
1951.29 1 704857 -1.38339e-09 0
1951.29 1 1e+06 -9.22977e-10 0

4757.94 1 1e-06 -2.59616e-06 0
4757.94 1 1.41873e-06 -2.59616e-06 0
4757.94 1 2.01279e-06 -2.59616e-06 0
4757.94 1 2.85559e-06 -2.59616e-06 0
4757.94 1 4.0513e-06 -2.59616e-06 0
4757.94 1 5.74769e-06 -2.59616e-06 0
4757.94 1 8.15441e-06 -2.59616e-06 0
4757.94 1 1.15689e-05 -2.59616e-06 0
4757.94 1 1.64131e-05 -2.59616e-06 0
4757.94 1 2.32857e-05 -2.59616e-06 0
4757.94 1 3.3036e-05 -2.59616e-06 0
4757.94 1 4.6869e-05 -2.59616e-06 0
4757.94 1 6.64944e-05 -2.59616e-06 0
4757.94 1 9.43373e-05 -2.59616e-06 0
4757.94 1 0.000133839 -2.59616e-06 0
4757.94 1 0.000189881 -2.59616e-06 0
4757.94 1 0.000269389 -2.59616e-06 0
4757.94 1 0.000382189 -2.59616e-06 0
4757.94 1 0.000542222 -2.59616e-06 0
4757.94 1 0.000769265 -2.59616e-06 0
4757.94 1 0.00109138 -2.59616e-06 0
4757.94 1 0.00154837 -2.59616e-06 0
4757.94 1 0.00219671 -2.59616e-06 0
4757.94 1 0.00311653 -2.59616e-06 0
4757.94 1 0.0044215 -2.59615e-06 0
4757.94 1 0.0062729 -2.59615e-06 0
4757.94 1 0.00889953 -2.59614e-06 0
4757.94 1 0.012626 -2.59614e-06 0
4757.94 1 0.0179128 -2.59613e-06 0
4757.94 1 0.0254134 -2.59611e-06 0
4757.94 1 0.0360547 -2.59609e-06 0
4757.94 1 0.0511518 -2.59605e-06 0
4757.94 1 0.0725704 -2.59601e-06 0
4757.94 1 0.102958 -2.59594e-06 0
4757.94 1 0.146069 -2.59585e-06 0
4757.94 1 0.207231 -2.59571e-06 0
4757.94 1 0.294005 -2.59552e-06 0
4757.94 1 0.417112 -2.59526e-06 0
4757.94 1 0.591769 -2.59488e-06 0
4757.94 1 0.839558 -2.59434e-06 0
4757.94 1 1.1911 -2.59358e-06 0
4757.94 1 1.68985 -2.59249e-06 0
4757.94 1 2.39743 -2.59096e-06 0
4757.94 1 3.4013 -2.58878e-06 0
4757.94 1 4.82552 -2.58571e-06 0
4757.94 1 6.8461 -2.58135e-06 0
4757.94 1 9.71274 -2.5752e-06 0
4757.94 1 13.7797 -2.56652e-06 0
4757.94 1 19.5497 -2.55431e-06 0
4757.94 1 27.7356 -2.53718e-06 0
4757.94 1 39.3493 -2.51327e-06 0
4757.94 1 55.8259 -2.48011e-06 0
4757.94 1 79.2016 -2.42722e-06 0
4757.94 1 112.365 -2.34043e-06 0
4757.94 1 159.416 -2.24369e-06 0
4757.94 1 226.168 -2.11117e-06 0
4757.94 1 320.87 -1.94944e-06 0
4757.94 1 455.227 -1.75383e-06 0
4757.94 1 645.842 -1.532e-06 0
4757.94 1 916.274 -1.29167e-06 0
4757.94 1 1299.94 -1.05072e-06 0
4757.94 1 1844.26 -8.24575e-07 0
4757.94 1 2616.5 -6.24123e-07 0
4757.94 1 3712.11 -4.58396e-07 0
4757.94 1 5266.46 -3.2791e-07 0
4757.94 1 7471.67 -2.30187e-07 0
4757.94 1 10600.3 -1.5922e-07 0
4757.94 1 15038.9 -1.08822e-07 0
4757.94 1 21336 -7.37816e-08 0
4757.94 1 30270 -4.97055e-08 0
4757.94 1 42944.9 -3.32624e-08 0
4757.94 1 60927 -2.22984e-08 0
4757.94 1 86438.8 -1.50109e-08 0
4757.94 1 122633 -9.99406e-09 0
4757.94 1 173983 -6.72554e-09 0
4757.94 1 246834 -4.51982e-09 0
4757.94 1 350190 -3.01505e-09 0
4757.94 1 496824 -2.02454e-09 0
4757.94 1 704857 -1.38201e-09 0
4757.94 1 1e+06 -9.22332e-10 0

11601.6 1 1e-06 -8.73568e-07 0
11601.6 1 1.41873e-06 -8.73567e-07 0
11601.6 1 2.01279e-06 -8.73567e-07 0
11601.6 1 2.85559e-06 -8.73567e-07 0
11601.6 1 4.0513e-06 -8.73567e-07 0
11601.6 1 5.74769e-06 -8.73567e-07 0
11601.6 1 8.15441e-06 -8.73567e-07 0
11601.6 1 1.15689e-05 -8.73567e-07 0
11601.6 1 1.64131e-05 -8.73567e-07 0
11601.6 1 2.32857e-05 -8.73567e-07 0
11601.6 1 3.3036e-05 -8.73567e-07 0
11601.6 1 4.6869e-05 -8.73567e-07 0
11601.6 1 6.64944e-05 -8.73567e-07 0
11601.6 1 9.43373e-05 -8.73567e-07 0
11601.6 1 0.000133839 -8.73567e-07 0
11601.6 1 0.000189881 -8.73567e-07 0
11601.6 1 0.000269389 -8.73567e-07 0
11601.6 1 0.000382189 -8.73567e-07 0
11601.6 1 0.000542222 -8.73567e-07 0
11601.6 1 0.000769265 -8.73567e-07 0
11601.6 1 0.00109138 -8.73567e-07 0
11601.6 1 0.00154837 -8.73567e-07 0
11601.6 1 0.00219671 -8.73567e-07 0
11601.6 1 0.00311653 -8.73567e-07 0
11601.6 1 0.0044215 -8.73566e-07 0
11601.6 1 0.0062729 -8.73566e-07 0
11601.6 1 0.00889953 -8.73565e-07 0
11601.6 1 0.012626 -8.73564e-07 0
11601.6 1 0.0179128 -8.73562e-07 0
11601.6 1 0.0254134 -8.7356e-07 0
11601.6 1 0.0360547 -8.73557e-07 0
11601.6 1 0.0511518 -8.73552e-07 0
11601.6 1 0.0725704 -8.73546e-07 0
11601.6 1 0.102958 -8.73537e-07 0
11601.6 1 0.146069 -8.73524e-07 0
11601.6 1 0.207231 -8.73505e-07 0
11601.6 1 0.294005 -8.73479e-07 0
11601.6 1 0.417112 -8.73442e-07 0
11601.6 1 0.591769 -8.7339e-07 0
11601.6 1 0.839558 -8.73315e-07 0
11601.6 1 1.1911 -8.7321e-07 0
11601.6 1 1.68985 -8.7306e-07 0
11601.6 1 2.39743 -8.72848e-07 0
11601.6 1 3.4013 -8.72547e-07 0
11601.6 1 4.82552 -8.72121e-07 0
11601.6 1 6.8461 -8.71517e-07 0
11601.6 1 9.71274 -8.70661e-07 0
11601.6 1 13.7797 -8.6945e-07 0
11601.6 1 19.5497 -8.67737e-07 0
11601.6 1 27.7356 -8.65318e-07 0
11601.6 1 39.3493 -8.61248e-07 0
11601.6 1 55.8259 -8.51906e-07 0
11601.6 1 79.2016 -8.4078e-07 0
11601.6 1 112.365 -8.27044e-07 0
11601.6 1 159.416 -8.12629e-07 0
11601.6 1 226.168 -7.95323e-07 0
11601.6 1 320.87 -7.65337e-07 0
11601.6 1 455.227 -7.27357e-07 0
11601.6 1 645.842 -6.80148e-07 0
11601.6 1 916.274 -6.21924e-07 0
11601.6 1 1299.94 -5.53458e-07 0
11601.6 1 1844.26 -4.76628e-07 0
11601.6 1 2616.5 -3.97283e-07 0
11601.6 1 3712.11 -3.18624e-07 0
11601.6 1 5266.46 -2.47251e-07 0
11601.6 1 7471.67 -1.85433e-07 0
11601.6 1 10600.3 -1.35205e-07 0
11601.6 1 15038.9 -9.64063e-08 0
11601.6 1 21336 -6.75767e-08 0
11601.6 1 30270 -4.65975e-08 0
11601.6 1 42944.9 -3.18859e-08 0
11601.6 1 60927 -2.17023e-08 0
11601.6 1 86438.8 -1.46573e-08 0
11601.6 1 122633 -9.83981e-09 0
11601.6 1 173983 -6.66068e-09 0
11601.6 1 246834 -4.46989e-09 0
11601.6 1 350190 -3.00049e-09 0
11601.6 1 496824 -2.01601e-09 0
11601.6 1 704857 -1.37868e-09 0
11601.6 1 1e+06 -9.20763e-10 0

28288.7 1 1e-06 -2.9371e-07 0
28288.7 1 1.41873e-06 -2.9371e-07 0
28288.7 1 2.01279e-06 -2.9371e-07 0
28288.7 1 2.85559e-06 -2.9371e-07 0
28288.7 1 4.0513e-06 -2.9371e-07 0
28288.7 1 5.74769e-06 -2.9371e-07 0
28288.7 1 8.15441e-06 -2.9371e-07 0
28288.7 1 1.15689e-05 -2.9371e-07 0
28288.7 1 1.64131e-05 -2.9371e-07 0
28288.7 1 2.32857e-05 -2.9371e-07 0
28288.7 1 3.3036e-05 -2.9371e-07 0
28288.7 1 4.6869e-05 -2.9371e-07 0
28288.7 1 6.64944e-05 -2.9371e-07 0
28288.7 1 9.43373e-05 -2.9371e-07 0
28288.7 1 0.000133839 -2.9371e-07 0
28288.7 1 0.000189881 -2.9371e-07 0
28288.7 1 0.000269389 -2.9371e-07 0
28288.7 1 0.000382189 -2.9371e-07 0
28288.7 1 0.000542222 -2.9371e-07 0
28288.7 1 0.000769265 -2.9371e-07 0
28288.7 1 0.00109138 -2.9371e-07 0
28288.7 1 0.00154837 -2.9371e-07 0
28288.7 1 0.00219671 -2.9371e-07 0
28288.7 1 0.00311653 -2.9371e-07 0
28288.7 1 0.0044215 -2.9371e-07 0
28288.7 1 0.0062729 -2.9371e-07 0
28288.7 1 0.00889953 -2.93709e-07 0
28288.7 1 0.012626 -2.93709e-07 0
28288.7 1 0.0179128 -2.93709e-07 0
28288.7 1 0.0254134 -2.93709e-07 0
28288.7 1 0.0360547 -2.93708e-07 0
28288.7 1 0.0511518 -2.93708e-07 0
28288.7 1 0.0725704 -2.93707e-07 0
28288.7 1 0.102958 -2.93705e-07 0
28288.7 1 0.146069 -2.93704e-07 0
28288.7 1 0.207231 -2.93701e-07 0
28288.7 1 0.294005 -2.93698e-07 0
28288.7 1 0.417112 -2.93692e-07 0
28288.7 1 0.591769 -2.93685e-07 0
28288.7 1 0.839558 -2.93675e-07 0
28288.7 1 1.1911 -2.9366e-07 0
28288.7 1 1.68985 -2.9364e-07 0
28288.7 1 2.39743 -2.93611e-07 0
28288.7 1 3.4013 -2.93569e-07 0
28288.7 1 4.82552 -2.9351e-07 0
28288.7 1 6.8461 -2.93427e-07 0
28288.7 1 9.71274 -2.93308e-07 0
28288.7 1 13.7797 -2.9314e-07 0
28288.7 1 19.5497 -2.92903e-07 0
28288.7 1 27.7356 -2.92566e-07 0
28288.7 1 39.3493 -2.9209e-07 0
28288.7 1 55.8259 -2.91416e-07 0
28288.7 1 79.2016 -2.90467e-07 0
28288.7 1 112.365 -2.8913e-07 0
28288.7 1 159.416 -2.87254e-07 0
28288.7 1 226.168 -2.83603e-07 0
28288.7 1 320.87 -2.78235e-07 0
28288.7 1 455.227 -2.71528e-07 0
28288.7 1 645.842 -2.64661e-07 0
28288.7 1 916.274 -2.53701e-07 0
28288.7 1 1299.94 -2.39955e-07 0
28288.7 1 1844.26 -2.22234e-07 0
28288.7 1 2616.5 -2.0125e-07 0
28288.7 1 3712.11 -1.7684e-07 0
28288.7 1 5266.46 -1.50728e-07 0
28288.7 1 7471.67 -1.23873e-07 0
28288.7 1 10600.3 -9.80918e-08 0
28288.7 1 15038.9 -7.52658e-08 0
28288.7 1 21336 -5.59357e-08 0
28288.7 1 30270 -4.05495e-08 0
28288.7 1 42944.9 -2.88116e-08 0
28288.7 1 60927 -2.01083e-08 0
28288.7 1 86438.8 -1.38925e-08 0
28288.7 1 122633 -9.52418e-09 0
28288.7 1 173983 -6.48127e-09 0
28288.7 1 246834 -4.38515e-09 0
28288.7 1 350190 -2.96556e-09 0
28288.7 1 496824 -1.99901e-09 0
28288.7 1 704857 -1.37063e-09 0
28288.7 1 1e+06 -9.16961e-10 0

68977.9 1 1e-06 -1.00825e-07 0
68977.9 1 1.41873e-06 -1.00825e-07 0
68977.9 1 2.01279e-06 -1.00825e-07 0
68977.9 1 2.85559e-06 -1.00825e-07 0
68977.9 1 4.0513e-06 -1.00825e-07 0
68977.9 1 5.74769e-06 -1.00825e-07 0
68977.9 1 8.15441e-06 -1.00825e-07 0
68977.9 1 1.15689e-05 -1.00825e-07 0
68977.9 1 1.64131e-05 -1.00825e-07 0
68977.9 1 2.32857e-05 -1.00825e-07 0
68977.9 1 3.3036e-05 -1.00825e-07 0
68977.9 1 4.6869e-05 -1.00825e-07 0
68977.9 1 6.64944e-05 -1.00825e-07 0
68977.9 1 9.43373e-05 -1.00825e-07 0
68977.9 1 0.000133839 -1.00825e-07 0
68977.9 1 0.000189881 -1.00825e-07 0
68977.9 1 0.000269389 -1.00825e-07 0
68977.9 1 0.000382189 -1.00825e-07 0
68977.9 1 0.000542222 -1.00825e-07 0
68977.9 1 0.000769265 -1.00825e-07 0
68977.9 1 0.00109138 -1.00825e-07 0
68977.9 1 0.00154837 -1.00825e-07 0
68977.9 1 0.00219671 -1.00825e-07 0
68977.9 1 0.00311653 -1.00825e-07 0
68977.9 1 0.0044215 -1.00825e-07 0
68977.9 1 0.0062729 -1.00825e-07 0
68977.9 1 0.00889953 -1.00825e-07 0
68977.9 1 0.012626 -1.00825e-07 0
68977.9 1 0.0179128 -1.00825e-07 0
68977.9 1 0.0254134 -1.00825e-07 0
68977.9 1 0.0360547 -1.00825e-07 0
68977.9 1 0.0511518 -1.00825e-07 0
68977.9 1 0.0725704 -1.00825e-07 0
68977.9 1 0.102958 -1.00824e-07 0
68977.9 1 0.146069 -1.00824e-07 0
68977.9 1 0.207231 -1.00824e-07 0
68977.9 1 0.294005 -1.00823e-07 0
68977.9 1 0.417112 -1.00823e-07 0
68977.9 1 0.591769 -1.00822e-07 0
68977.9 1 0.839558 -1.0082e-07 0
68977.9 1 1.1911 -1.00818e-07 0
68977.9 1 1.68985 -1.00815e-07 0
68977.9 1 2.39743 -1.00811e-07 0
68977.9 1 3.4013 -1.00805e-07 0
68977.9 1 4.82552 -1.00797e-07 0
68977.9 1 6.8461 -1.00785e-07 0
68977.9 1 9.71274 -1.00768e-07 0
68977.9 1 13.7797 -1.00745e-07 0
68977.9 1 19.5497 -1.00711e-07 0
68977.9 1 27.7356 -1.00664e-07 0
68977.9 1 39.3493 -1.00596e-07 0
68977.9 1 55.8259 -1.00501e-07 0
68977.9 1 79.2016 -1.00366e-07 0
68977.9 1 112.365 -1.00174e-07 0
68977.9 1 159.416 -9.99044e-08 0
68977.9 1 226.168 -9.95238e-08 0
68977.9 1 320.87 -9.89888e-08 0
68977.9 1 455.227 -9.82396e-08 0
68977.9 1 645.842 -9.69062e-08 0
68977.9 1 916.274 -9.48908e-08 0
68977.9 1 1299.94 -9.23583e-08 0
68977.9 1 1844.26 -8.97037e-08 0
68977.9 1 2616.5 -8.53635e-08 0
68977.9 1 3712.11 -8.01738e-08 0
68977.9 1 5266.46 -7.36449e-08 0
68977.9 1 7471.67 -6.59378e-08 0
68977.9 1 10600.3 -5.73362e-08 0
68977.9 1 15038.9 -4.81546e-08 0
68977.9 1 21336 -3.90731e-08 0
68977.9 1 30270 -3.05799e-08 0
68977.9 1 42944.9 -2.31933e-08 0
68977.9 1 60927 -1.71072e-08 0
68977.9 1 86438.8 -1.23281e-08 0
68977.9 1 122633 -8.72038e-09 0
68977.9 1 173983 -6.09436e-09 0
68977.9 1 246834 -4.20825e-09 0
68977.9 1 350190 -2.86197e-09 0
68977.9 1 496824 -1.95957e-09 0
68977.9 1 704857 -1.34738e-09 0
68977.9 1 1e+06 -9.07819e-10 0

168192 1 1e-06 -3.52396e-08 0
168192 1 1.41873e-06 -3.52396e-08 0
168192 1 2.01279e-06 -3.52396e-08 0
168192 1 2.85559e-06 -3.52396e-08 0
168192 1 4.0513e-06 -3.52396e-08 0
168192 1 5.74769e-06 -3.52396e-08 0
168192 1 8.15441e-06 -3.52396e-08 0
168192 1 1.15689e-05 -3.52396e-08 0
168192 1 1.64131e-05 -3.52396e-08 0
168192 1 2.32857e-05 -3.52396e-08 0
168192 1 3.3036e-05 -3.52396e-08 0
168192 1 4.6869e-05 -3.52396e-08 0
168192 1 6.64944e-05 -3.52396e-08 0
168192 1 9.43373e-05 -3.52396e-08 0
168192 1 0.000133839 -3.52396e-08 0
168192 1 0.000189881 -3.52396e-08 0
168192 1 0.000269389 -3.52396e-08 0
168192 1 0.000382189 -3.52396e-08 0
168192 1 0.000542222 -3.52396e-08 0
168192 1 0.000769265 -3.52396e-08 0
168192 1 0.00109138 -3.52396e-08 0
168192 1 0.00154837 -3.52396e-08 0
168192 1 0.00219671 -3.52396e-08 0
168192 1 0.00311653 -3.52396e-08 0
168192 1 0.0044215 -3.52396e-08 0
168192 1 0.0062729 -3.52396e-08 0
168192 1 0.00889953 -3.52396e-08 0
168192 1 0.012626 -3.52396e-08 0
168192 1 0.0179128 -3.52396e-08 0
168192 1 0.0254134 -3.52396e-08 0
168192 1 0.0360547 -3.52395e-08 0
168192 1 0.0511518 -3.52395e-08 0
168192 1 0.0725704 -3.52395e-08 0
168192 1 0.102958 -3.52395e-08 0
168192 1 0.146069 -3.52395e-08 0
168192 1 0.207231 -3.52394e-08 0
168192 1 0.294005 -3.52393e-08 0
168192 1 0.417112 -3.52392e-08 0
168192 1 0.591769 -3.52391e-08 0
168192 1 0.839558 -3.52389e-08 0
168192 1 1.1911 -3.52386e-08 0
168192 1 1.68985 -3.52382e-08 0
168192 1 2.39743 -3.52376e-08 0
168192 1 3.4013 -3.52367e-08 0
168192 1 4.82552 -3.52355e-08 0
168192 1 6.8461 -3.52339e-08 0
168192 1 9.71274 -3.52315e-08 0
168192 1 13.7797 -3.52281e-08 0
168192 1 19.5497 -3.52232e-08 0
168192 1 27.7356 -3.52164e-08 0
168192 1 39.3493 -3.52067e-08 0
168192 1 55.8259 -3.5193e-08 0
168192 1 79.2016 -3.51735e-08 0
168192 1 112.365 -3.51459e-08 0
168192 1 159.416 -3.51069e-08 0
168192 1 226.168 -3.50516e-08 0
168192 1 320.87 -3.49735e-08 0
168192 1 455.227 -3.48633e-08 0
168192 1 645.842 -3.47081e-08 0
168192 1 916.274 -3.44903e-08 0
168192 1 1299.94 -3.41249e-08 0
168192 1 1844.26 -3.35298e-08 0
168192 1 2616.5 -3.27789e-08 0
168192 1 3712.11 -3.19467e-08 0
168192 1 5266.46 -3.07243e-08 0
168192 1 7471.67 -2.91269e-08 0
168192 1 10600.3 -2.71118e-08 0
168192 1 15038.9 -2.46774e-08 0
168192 1 21336 -2.18231e-08 0
168192 1 30270 -1.87419e-08 0
168192 1 42944.9 -1.55387e-08 0
168192 1 60927 -1.24215e-08 0
168192 1 86438.8 -9.61097e-09 0
168192 1 122633 -7.22052e-09 0
168192 1 173983 -5.29527e-09 0
168192 1 246834 -3.78749e-09 0
168192 1 350190 -2.65837e-09 0
168192 1 496824 -1.86061e-09 0
168192 1 704857 -1.29476e-09 0
168192 1 1e+06 -8.85123e-10 0

410113 1 1e-06 -1.25092e-08 0
410113 1 1.41873e-06 -1.25092e-08 0
410113 1 2.01279e-06 -1.25092e-08 0
410113 1 2.85559e-06 -1.25092e-08 0
410113 1 4.0513e-06 -1.25092e-08 0
410113 1 5.74769e-06 -1.25092e-08 0
410113 1 8.15441e-06 -1.25092e-08 0
410113 1 1.15689e-05 -1.25092e-08 0
410113 1 1.64131e-05 -1.25092e-08 0
410113 1 2.32857e-05 -1.25092e-08 0
410113 1 3.3036e-05 -1.25092e-08 0
410113 1 4.6869e-05 -1.25092e-08 0
410113 1 6.64944e-05 -1.25092e-08 0
410113 1 9.43373e-05 -1.25092e-08 0
410113 1 0.000133839 -1.25092e-08 0
410113 1 0.000189881 -1.25092e-08 0
410113 1 0.000269389 -1.25092e-08 0
410113 1 0.000382189 -1.25092e-08 0
410113 1 0.000542222 -1.25092e-08 0
410113 1 0.000769265 -1.25092e-08 0
410113 1 0.00109138 -1.25092e-08 0
410113 1 0.00154837 -1.25092e-08 0
410113 1 0.00219671 -1.25092e-08 0
410113 1 0.00311653 -1.25092e-08 0
410113 1 0.0044215 -1.25092e-08 0
410113 1 0.0062729 -1.25092e-08 0
410113 1 0.00889953 -1.25092e-08 0
410113 1 0.012626 -1.25092e-08 0
410113 1 0.0179128 -1.25092e-08 0
410113 1 0.0254134 -1.25092e-08 0
410113 1 0.0360547 -1.25092e-08 0
410113 1 0.0511518 -1.25092e-08 0
410113 1 0.0725704 -1.25092e-08 0
410113 1 0.102958 -1.25092e-08 0
410113 1 0.146069 -1.25092e-08 0
410113 1 0.207231 -1.25092e-08 0
410113 1 0.294005 -1.25092e-08 0
410113 1 0.417112 -1.25092e-08 0
410113 1 0.591769 -1.25092e-08 0
410113 1 0.839558 -1.25091e-08 0
410113 1 1.1911 -1.25091e-08 0
410113 1 1.68985 -1.2509e-08 0
410113 1 2.39743 -1.25089e-08 0
410113 1 3.4013 -1.25088e-08 0
410113 1 4.82552 -1.25086e-08 0
410113 1 6.8461 -1.25084e-08 0
410113 1 9.71274 -1.25081e-08 0
410113 1 13.7797 -1.25076e-08 0
410113 1 19.5497 -1.25069e-08 0
410113 1 27.7356 -1.25059e-08 0
410113 1 39.3493 -1.25044e-08 0
410113 1 55.8259 -1.25024e-08 0
410113 1 79.2016 -1.24996e-08 0
410113 1 112.365 -1.24956e-08 0
410113 1 159.416 -1.24899e-08 0
410113 1 226.168 -1.24818e-08 0
410113 1 320.87 -1.24703e-08 0
410113 1 455.227 -1.24541e-08 0
410113 1 645.842 -1.24312e-08 0
410113 1 916.274 -1.23988e-08 0
410113 1 1299.94 -1.23531e-08 0
410113 1 1844.26 -1.22538e-08 0
410113 1 2616.5 -1.21204e-08 0
410113 1 3712.11 -1.19521e-08 0
410113 1 5266.46 -1.17508e-08 0
410113 1 7471.67 -1.15158e-08 0
410113 1 10600.3 -1.11416e-08 0
410113 1 15038.9 -1.06415e-08 0
410113 1 21336 -1.00279e-08 0
410113 1 30270 -9.2529e-09 0
410113 1 42944.9 -8.33087e-09 0
410113 1 60927 -7.28026e-09 0
410113 1 86438.8 -6.17358e-09 0
410113 1 122633 -5.04895e-09 0
410113 1 173983 -3.98943e-09 0
410113 1 246834 -3.03971e-09 0
410113 1 350190 -2.2594e-09 0
410113 1 496824 -1.65546e-09 0
410113 1 704857 -1.18631e-09 0
410113 1 1e+06 -8.26641e-10 0

1e+06 1 1e-06 -4.45329e-09 0
1e+06 1 1.41873e-06 -4.45329e-09 0
1e+06 1 2.01279e-06 -4.45329e-09 0
1e+06 1 2.85559e-06 -4.45329e-09 0
1e+06 1 4.0513e-06 -4.45329e-09 0
1e+06 1 5.74769e-06 -4.45329e-09 0
1e+06 1 8.15441e-06 -4.45329e-09 0
1e+06 1 1.15689e-05 -4.45329e-09 0
1e+06 1 1.64131e-05 -4.45329e-09 0
1e+06 1 2.32857e-05 -4.45329e-09 0
1e+06 1 3.3036e-05 -4.45329e-09 0
1e+06 1 4.6869e-05 -4.45329e-09 0
1e+06 1 6.64944e-05 -4.45329e-09 0
1e+06 1 9.43373e-05 -4.45329e-09 0
1e+06 1 0.000133839 -4.45329e-09 0
1e+06 1 0.000189881 -4.45329e-09 0
1e+06 1 0.000269389 -4.45329e-09 0
1e+06 1 0.000382189 -4.45329e-09 0
1e+06 1 0.000542222 -4.45329e-09 0
1e+06 1 0.000769265 -4.45329e-09 0
1e+06 1 0.00109138 -4.45329e-09 0
1e+06 1 0.00154837 -4.45329e-09 0
1e+06 1 0.00219671 -4.45329e-09 0
1e+06 1 0.00311653 -4.45329e-09 0
1e+06 1 0.0044215 -4.45329e-09 0
1e+06 1 0.0062729 -4.45329e-09 0
1e+06 1 0.00889953 -4.45329e-09 0
1e+06 1 0.012626 -4.45329e-09 0
1e+06 1 0.0179128 -4.45329e-09 0
1e+06 1 0.0254134 -4.45329e-09 0
1e+06 1 0.0360547 -4.45329e-09 0
1e+06 1 0.0511518 -4.45329e-09 0
1e+06 1 0.0725704 -4.45329e-09 0
1e+06 1 0.102958 -4.45329e-09 0
1e+06 1 0.146069 -4.45329e-09 0
1e+06 1 0.207231 -4.45329e-09 0
1e+06 1 0.294005 -4.45329e-09 0
1e+06 1 0.417112 -4.45328e-09 0
1e+06 1 0.591769 -4.45328e-09 0
1e+06 1 0.839558 -4.45328e-09 0
1e+06 1 1.1911 -4.45327e-09 0
1e+06 1 1.68985 -4.45326e-09 0
1e+06 1 2.39743 -4.45325e-09 0
1e+06 1 3.4013 -4.45323e-09 0
1e+06 1 4.82552 -4.45321e-09 0
1e+06 1 6.8461 -4.45317e-09 0
1e+06 1 9.71274 -4.45312e-09 0
1e+06 1 13.7797 -4.45305e-09 0
1e+06 1 19.5497 -4.45294e-09 0
1e+06 1 27.7356 -4.4528e-09 0
1e+06 1 39.3493 -4.45259e-09 0
1e+06 1 55.8259 -4.4523e-09 0
1e+06 1 79.2016 -4.45189e-09 0
1e+06 1 112.365 -4.4513e-09 0
1e+06 1 159.416 -4.45046e-09 0
1e+06 1 226.168 -4.44928e-09 0
1e+06 1 320.87 -4.4476e-09 0
1e+06 1 455.227 -4.44522e-09 0
1e+06 1 645.842 -4.44185e-09 0
1e+06 1 916.274 -4.43708e-09 0
1e+06 1 1299.94 -4.43033e-09 0
1e+06 1 1844.26 -4.42078e-09 0
1e+06 1 2616.5 -4.40731e-09 0
1e+06 1 3712.11 -4.38833e-09 0
1e+06 1 5266.46 -4.36169e-09 0
1e+06 1 7471.67 -4.32444e-09 0
1e+06 1 10600.3 -4.27267e-09 0
1e+06 1 15038.9 -4.18988e-09 0
1e+06 1 21336 -4.06849e-09 0
1e+06 1 30270 -3.92517e-09 0
1e+06 1 42944.9 -3.72543e-09 0
1e+06 1 60927 -3.47738e-09 0
1e+06 1 86438.8 -3.1731e-09 0
1e+06 1 122633 -2.82136e-09 0
1e+06 1 173983 -2.43338e-09 0
1e+06 1 246834 -2.03747e-09 0
1e+06 1 350190 -1.6539e-09 0
1e+06 1 496824 -1.29793e-09 0
1e+06 1 704857 -9.78074e-10 0
1e+06 1 1e+06 -7.12577e-10 0

