#q_sq i k_sq Re(w) Im(w)
1e-06 2 1e-06 -1.02862 0
1e-06 2 1.55052e-06 -1.02878 0
1e-06 2 2.4041e-06 -1.03097 0
1e-06 2 3.72759e-06 -1.03094 0
1e-06 2 5.77969e-06 -1.02921 0
1e-06 2 8.96151e-06 -1.02159 0
1e-06 2 1.3895e-05 -1.02947 0
1e-06 2 2.15443e-05 -1.03344 0
1e-06 2 3.34048e-05 -1.01108 0
1e-06 2 5.17947e-05 -1.04922 0
1e-06 2 8.03086e-05 -1.01782 0
1e-06 2 0.00012452 -1.02045 0
1e-06 2 0.00019307 -1.04559 0
1e-06 2 0.000299358 -1.02016 0
1e-06 2 0.000464159 -0.997122 0
1e-06 2 0.000719686 -1.06143 0
1e-06 2 0.00111588 -1.04118 0
1e-06 2 0.0017302 -1.02272 0
1e-06 2 0.0026827 -1.00574 0
1e-06 2 0.00415956 -0.989884 0
1e-06 2 0.00644947 -1.06076 0
1e-06 2 0.01 -1.04416 0
1e-06 2 0.0155052 -1.02651 0
1e-06 2 0.024041 -1.00643 0
1e-06 2 0.0372759 -0.981935 0
1e-06 2 0.0577969 -0.950162 0
1e-06 2 0.0896151 -0.907029 0
1e-06 2 0.13895 -0.84696 0
1e-06 2 0.215443 -0.763006 0
1e-06 2 0.334048 -0.64833 0
1e-06 2 0.517947 -0.500908 0
1e-06 2 0.803086 -0.332629 0
1e-06 2 1.2452 -0.163394 0
1e-06 2 1.9307 -0.0597048 0
1e-06 2 2.99358 -0.0158968 0
1e-06 2 4.64159 -0.00366395 0
1e-06 2 7.19686 -0.00102535 0
1e-06 2 11.1588 -0.000366987 0
1e-06 2 17.302 -0.000145134 0
1e-06 2 26.827 -6.06944e-05 0
1e-06 2 41.5956 -2.66356e-05 0
1e-06 2 64.4947 -1.22312e-05 0
1e-06 2 100 -5.87182e-06 0
1e-06 2 155.052 -2.94444e-06 0
1e-06 2 240.41 -1.46602e-06 0
1e-06 2 372.759 -7.84072e-07 0
1e-06 2 577.969 -4.34058e-07 0
1e-06 2 896.151 -2.48011e-07 0
1e-06 2 1389.5 -1.44376e-07 0
1e-06 2 2154.43 -8.36148e-08 0
1e-06 2 3340.48 -4.97865e-08 0
1e-06 2 5179.47 -2.98536e-08 0
1e-06 2 8030.86 -1.77741e-08 0
1e-06 2 12452 -1.07784e-08 0
1e-06 2 19307 -6.56096e-09 0
1e-06 2 29935.8 -3.96454e-09 0
1e-06 2 46415.9 -2.42915e-09 0
1e-06 2 71968.6 -1.47787e-09 0
1e-06 2 111588 -9.10042e-10 0
1e-06 2 173020 -5.5664e-10 0
1e-06 2 268270 -3.44189e-10 0
1e-06 2 415956 -2.1133e-10 0
1e-06 2 644947 -1.30255e-10 0
1e-06 2 1e+06 -8.03259e-11 0

2.43835e-06 2 1e-06 -1.02852 0
2.43835e-06 2 1.55052e-06 -1.02537 0
2.43835e-06 2 2.4041e-06 -1.02843 0
2.43835e-06 2 3.72759e-06 -1.03081 0
2.43835e-06 2 5.77969e-06 -1.03085 0
2.43835e-06 2 8.96151e-06 -1.02803 0
2.43835e-06 2 1.3895e-05 -1.02959 0
2.43835e-06 2 2.15443e-05 -1.0198 0
2.43835e-06 2 3.34048e-05 -1.02824 0
2.43835e-06 2 5.17947e-05 -1.0421 0
2.43835e-06 2 8.03086e-05 -1.01335 0
2.43835e-06 2 0.00012452 -1.03044 0
2.43835e-06 2 0.00019307 -1.04368 0
2.43835e-06 2 0.000299358 -1.01896 0
2.43835e-06 2 0.000464159 -0.996359 0
2.43835e-06 2 0.000719686 -1.06091 0
2.43835e-06 2 0.00111588 -1.04085 0
2.43835e-06 2 0.0017302 -1.02251 0
2.43835e-06 2 0.0026827 -1.00561 0
2.43835e-06 2 0.00415956 -0.9898 0
2.43835e-06 2 0.00644947 -1.0607 0
2.43835e-06 2 0.01 -1.04413 0
2.43835e-06 2 0.0155052 -1.02649 0
2.43835e-06 2 0.024041 -1.00641 0
2.43835e-06 2 0.0372759 -0.981926 0
2.43835e-06 2 0.0577969 -0.950156 0
2.43835e-06 2 0.0896151 -0.907025 0
2.43835e-06 2 0.13895 -0.846957 0
2.43835e-06 2 0.215443 -0.763004 0
2.43835e-06 2 0.334048 -0.648329 0
2.43835e-06 2 0.517947 -0.500908 0
2.43835e-06 2 0.803086 -0.332629 0
2.43835e-06 2 1.2452 -0.163394 0
2.43835e-06 2 1.9307 -0.0597048 0
2.43835e-06 2 2.99358 -0.0158968 0
2.43835e-06 2 4.64159 -0.00366395 0
2.43835e-06 2 7.19686 -0.00102535 0
2.43835e-06 2 11.1588 -0.000366987 0
2.43835e-06 2 17.302 -0.000145134 0
2.43835e-06 2 26.827 -6.06944e-05 0
2.43835e-06 2 41.5956 -2.66356e-05 0
2.43835e-06 2 64.4947 -1.22312e-05 0
2.43835e-06 2 100 -5.87182e-06 0
2.43835e-06 2 155.052 -2.94444e-06 0
2.43835e-06 2 240.41 -1.46602e-06 0
2.43835e-06 2 372.759 -7.84072e-07 0
2.43835e-06 2 577.969 -4.34058e-07 0
2.43835e-06 2 896.151 -2.48011e-07 0
2.43835e-06 2 1389.5 -1.44376e-07 0
2.43835e-06 2 2154.43 -8.36148e-08 0
2.43835e-06 2 3340.48 -4.97865e-08 0
2.43835e-06 2 5179.47 -2.98536e-08 0
2.43835e-06 2 8030.86 -1.77741e-08 0
2.43835e-06 2 12452 -1.07784e-08 0
2.43835e-06 2 19307 -6.56096e-09 0
2.43835e-06 2 29935.8 -3.96454e-09 0
2.43835e-06 2 46415.9 -2.42915e-09 0
2.43835e-06 2 71968.6 -1.47787e-09 0
2.43835e-06 2 111588 -9.10042e-10 0
2.43835e-06 2 173020 -5.56639e-10 0
2.43835e-06 2 268270 -3.44189e-10 0
2.43835e-06 2 415956 -2.1133e-10 0
2.43835e-06 2 644947 -1.30255e-10 0
2.43835e-06 2 1e+06 -8.03259e-11 0

5.94557e-06 2 1e-06 -1.02591 0
5.94557e-06 2 1.55052e-06 -1.03177 0
5.94557e-06 2 2.4041e-06 -1.02872 0
5.94557e-06 2 3.72759e-06 -1.03037 0
5.94557e-06 2 5.77969e-06 -1.02894 0
5.94557e-06 2 8.96151e-06 -1.02319 0
5.94557e-06 2 1.3895e-05 -1.02746 0
5.94557e-06 2 2.15443e-05 -1.02738 0
5.94557e-06 2 3.34048e-05 -1.02977 0
5.94557e-06 2 5.17947e-05 -1.02515 0
5.94557e-06 2 8.03086e-05 -1.019 0
5.94557e-06 2 0.00012452 -1.03663 0
5.94557e-06 2 0.00019307 -1.03903 0
5.94557e-06 2 0.000299358 -1.01602 0
5.94557e-06 2 0.000464159 -1.00242 0
5.94557e-06 2 0.000719686 -1.05963 0
5.94557e-06 2 0.00111588 -1.04004 0
5.94557e-06 2 0.0017302 -1.022 0
5.94557e-06 2 0.0026827 -1.00528 0
5.94557e-06 2 0.00415956 -0.989594 0
5.94557e-06 2 0.00644947 -1.06056 0
5.94557e-06 2 0.01 -1.04404 0
5.94557e-06 2 0.0155052 -1.02643 0
5.94557e-06 2 0.024041 -1.00638 0
5.94557e-06 2 0.0372759 -0.981903 0
5.94557e-06 2 0.0577969 -0.950142 0
5.94557e-06 2 0.0896151 -0.907016 0
5.94557e-06 2 0.13895 -0.846952 0
5.94557e-06 2 0.215443 -0.763001 0
5.94557e-06 2 0.334048 -0.648328 0
5.94557e-06 2 0.517947 -0.500907 0
5.94557e-06 2 0.803086 -0.332628 0
5.94557e-06 2 1.2452 -0.163394 0
5.94557e-06 2 1.9307 -0.0597048 0
5.94557e-06 2 2.99358 -0.0158968 0
5.94557e-06 2 4.64159 -0.00366395 0
5.94557e-06 2 7.19686 -0.00102535 0
5.94557e-06 2 11.1588 -0.000366987 0
5.94557e-06 2 17.302 -0.000145134 0
5.94557e-06 2 26.827 -6.06944e-05 0
5.94557e-06 2 41.5956 -2.66356e-05 0
5.94557e-06 2 64.4947 -1.22312e-05 0
5.94557e-06 2 100 -5.87182e-06 0
5.94557e-06 2 155.052 -2.94444e-06 0
5.94557e-06 2 240.41 -1.46602e-06 0
5.94557e-06 2 372.759 -7.84072e-07 0
5.94557e-06 2 577.969 -4.34058e-07 0
5.94557e-06 2 896.151 -2.48011e-07 0
5.94557e-06 2 1389.5 -1.44376e-07 0
5.94557e-06 2 2154.43 -8.36148e-08 0
5.94557e-06 2 3340.48 -4.97865e-08 0
5.94557e-06 2 5179.47 -2.98536e-08 0
5.94557e-06 2 8030.86 -1.77741e-08 0
5.94557e-06 2 12452 -1.07784e-08 0
5.94557e-06 2 19307 -6.56096e-09 0
5.94557e-06 2 29935.8 -3.96454e-09 0
5.94557e-06 2 46415.9 -2.42915e-09 0
5.94557e-06 2 71968.6 -1.47787e-09 0
5.94557e-06 2 111588 -9.10042e-10 0
5.94557e-06 2 173020 -5.56639e-10 0
5.94557e-06 2 268270 -3.44189e-10 0
5.94557e-06 2 415956 -2.1133e-10 0
5.94557e-06 2 644947 -1.30255e-10 0
5.94557e-06 2 1e+06 -8.03259e-11 0

1.44974e-05 2 1e-06 -1.02851 0
1.44974e-05 2 1.55052e-06 -1.03131 0
1.44974e-05 2 2.4041e-06 -1.03118 0
1.44974e-05 2 3.72759e-06 -1.02631 0
1.44974e-05 2 5.77969e-06 -1.02489 0
1.44974e-05 2 8.96151e-06 -1.02887 0
1.44974e-05 2 1.3895e-05 -1.02924 0
1.44974e-05 2 2.15443e-05 -1.02373 0
1.44974e-05 2 3.34048e-05 -1.0281 0
1.44974e-05 2 5.17947e-05 -1.02862 0
1.44974e-05 2 8.03086e-05 -1.02937 0
1.44974e-05 2 0.00012452 -1.03589 0
1.44974e-05 2 0.00019307 -1.02787 0
1.44974e-05 2 0.000299358 -1.00894 0
1.44974e-05 2 0.000464159 -1.02204 0
1.44974e-05 2 0.000719686 -1.05654 0
1.44974e-05 2 0.00111588 -1.03808 0
1.44974e-05 2 0.0017302 -1.02075 0
1.44974e-05 2 0.0026827 -1.00449 0
1.44974e-05 2 0.00415956 -0.989092 0
1.44974e-05 2 0.00644947 -1.05424 0
1.44974e-05 2 0.01 -1.04382 0
1.44974e-05 2 0.0155052 -1.02629 0
1.44974e-05 2 0.024041 -1.00629 0
1.44974e-05 2 0.0372759 -0.981847 0
1.44974e-05 2 0.0577969 -0.950107 0
1.44974e-05 2 0.0896151 -0.906995 0
1.44974e-05 2 0.13895 -0.846939 0
1.44974e-05 2 0.215443 -0.762994 0
1.44974e-05 2 0.334048 -0.648323 0
1.44974e-05 2 0.517947 -0.500905 0
1.44974e-05 2 0.803086 -0.332628 0
1.44974e-05 2 1.2452 -0.163394 0
1.44974e-05 2 1.9307 -0.0597047 0
1.44974e-05 2 2.99358 -0.0158968 0
1.44974e-05 2 4.64159 -0.00366394 0
1.44974e-05 2 7.19686 -0.00102535 0
1.44974e-05 2 11.1588 -0.000366987 0
1.44974e-05 2 17.302 -0.000145134 0
1.44974e-05 2 26.827 -6.06944e-05 0
1.44974e-05 2 41.5956 -2.66355e-05 0
1.44974e-05 2 64.4947 -1.22312e-05 0
1.44974e-05 2 100 -5.87182e-06 0
1.44974e-05 2 155.052 -2.94444e-06 0
1.44974e-05 2 240.41 -1.46602e-06 0
1.44974e-05 2 372.759 -7.84072e-07 0
1.44974e-05 2 577.969 -4.34058e-07 0
1.44974e-05 2 896.151 -2.48011e-07 0
1.44974e-05 2 1389.5 -1.44376e-07 0
1.44974e-05 2 2154.43 -8.36148e-08 0
1.44974e-05 2 3340.48 -4.97865e-08 0
1.44974e-05 2 5179.47 -2.98536e-08 0
1.44974e-05 2 8030.86 -1.77741e-08 0
1.44974e-05 2 12452 -1.07784e-08 0
1.44974e-05 2 19307 -6.56096e-09 0
1.44974e-05 2 29935.8 -3.96454e-09 0
1.44974e-05 2 46415.9 -2.42915e-09 0
1.44974e-05 2 71968.6 -1.47787e-09 0
1.44974e-05 2 111588 -9.10042e-10 0
1.44974e-05 2 173020 -5.56639e-10 0
1.44974e-05 2 268270 -3.44189e-10 0
1.44974e-05 2 415956 -2.1133e-10 0
1.44974e-05 2 644947 -1.30255e-10 0
1.44974e-05 2 1e+06 -8.03259e-11 0

3.53498e-05 2 1e-06 -1.02573 0
3.53498e-05 2 1.55052e-06 -1.02554 0
3.53498e-05 2 2.4041e-06 -1.02785 0
3.53498e-05 2 3.72759e-06 -1.02902 0
3.53498e-05 2 5.77969e-06 -1.03024 0
3.53498e-05 2 8.96151e-06 -1.0253 0
3.53498e-05 2 1.3895e-05 -1.02643 0
3.53498e-05 2 2.15443e-05 -1.02861 0
3.53498e-05 2 3.34048e-05 -1.02931 0
3.53498e-05 2 5.17947e-05 -1.02484 0
3.53498e-05 2 8.03086e-05 -1.03216 0
3.53498e-05 2 0.00012452 -1.03112 0
3.53498e-05 2 0.00019307 -1.02764 0
3.53498e-05 2 0.000299358 -1.02676 0
3.53498e-05 2 0.000464159 -1.03273 0
3.53498e-05 2 0.000719686 -1.04907 0
3.53498e-05 2 0.00111588 -1.03332 0
3.53498e-05 2 0.0017302 -1.01773 0
3.53498e-05 2 0.0026827 -1.00257 0
3.53498e-05 2 0.00415956 -0.995024 0
3.53498e-05 2 0.00644947 -1.04496 0
3.53498e-05 2 0.01 -1.04328 0
3.53498e-05 2 0.0155052 -1.02595 0
3.53498e-05 2 0.024041 -1.00607 0
3.53498e-05 2 0.0372759 -0.981712 0
3.53498e-05 2 0.0577969 -0.950022 0
3.53498e-05 2 0.0896151 -0.906943 0
3.53498e-05 2 0.13895 -0.846908 0
3.53498e-05 2 0.215443 -0.762976 0
3.53498e-05 2 0.334048 -0.648313 0
3.53498e-05 2 0.517947 -0.5009 0
3.53498e-05 2 0.803086 -0.332625 0
3.53498e-05 2 1.2452 -0.163393 0
3.53498e-05 2 1.9307 -0.0597045 0
3.53498e-05 2 2.99358 -0.0158968 0
3.53498e-05 2 4.64159 -0.00366394 0
3.53498e-05 2 7.19686 -0.00102534 0
3.53498e-05 2 11.1588 -0.000366987 0
3.53498e-05 2 17.302 -0.000145134 0
3.53498e-05 2 26.827 -6.06944e-05 0
3.53498e-05 2 41.5956 -2.66355e-05 0
3.53498e-05 2 64.4947 -1.22312e-05 0
3.53498e-05 2 100 -5.87182e-06 0
3.53498e-05 2 155.052 -2.94444e-06 0
3.53498e-05 2 240.41 -1.46602e-06 0
3.53498e-05 2 372.759 -7.84072e-07 0
3.53498e-05 2 577.969 -4.34058e-07 0
3.53498e-05 2 896.151 -2.48011e-07 0
3.53498e-05 2 1389.5 -1.44376e-07 0
3.53498e-05 2 2154.43 -8.36148e-08 0
3.53498e-05 2 3340.48 -4.97865e-08 0
3.53498e-05 2 5179.47 -2.98536e-08 0
3.53498e-05 2 8030.86 -1.77741e-08 0
3.53498e-05 2 12452 -1.07784e-08 0
3.53498e-05 2 19307 -6.56096e-09 0
3.53498e-05 2 29935.8 -3.96454e-09 0
3.53498e-05 2 46415.9 -2.42915e-09 0
3.53498e-05 2 71968.6 -1.47787e-09 0
3.53498e-05 2 111588 -9.10042e-10 0
3.53498e-05 2 173020 -5.56639e-10 0
3.53498e-05 2 268270 -3.43769e-10 0
3.53498e-05 2 415956 -2.1133e-10 0
3.53498e-05 2 644947 -1.30255e-10 0
3.53498e-05 2 1e+06 -8.03259e-11 0

8.61954e-05 2 1e-06 -1.02857 0
8.61954e-05 2 1.55052e-06 -1.02672 0
8.61954e-05 2 2.4041e-06 -1.03198 0
8.61954e-05 2 3.72759e-06 -1.02497 0
8.61954e-05 2 5.77969e-06 -1.02792 0
8.61954e-05 2 8.96151e-06 -1.02826 0
8.61954e-05 2 1.3895e-05 -1.02935 0
8.61954e-05 2 2.15443e-05 -1.02541 0
8.61954e-05 2 3.34048e-05 -1.02505 0
8.61954e-05 2 5.17947e-05 -1.02916 0
8.61954e-05 2 8.03086e-05 -1.02866 0
8.61954e-05 2 0.00012452 -1.03273 0
8.61954e-05 2 0.00019307 -1.03009 0
8.61954e-05 2 0.000299358 -1.02358 0
8.61954e-05 2 0.000464159 -1.02995 0
8.61954e-05 2 0.000719686 -1.03128 0
8.61954e-05 2 0.00111588 -1.02191 0
8.61954e-05 2 0.0017302 -1.01043 0
8.61954e-05 2 0.0026827 -1.0013 0
8.61954e-05 2 0.00415956 -1.01459 0
8.61954e-05 2 0.00644947 -1.04028 0
8.61954e-05 2 0.01 -1.04197 0
8.61954e-05 2 0.0155052 -1.02512 0
8.61954e-05 2 0.024041 -1.00555 0
8.61954e-05 2 0.0372759 -0.981381 0
8.61954e-05 2 0.0577969 -0.949816 0
8.61954e-05 2 0.0896151 -0.906816 0
8.61954e-05 2 0.13895 -0.846831 0
8.61954e-05 2 0.215443 -0.762931 0
8.61954e-05 2 0.334048 -0.648289 0
8.61954e-05 2 0.517947 -0.500888 0
8.61954e-05 2 0.803086 -0.33262 0
8.61954e-05 2 1.2452 -0.163391 0
8.61954e-05 2 1.9307 -0.0597042 0
8.61954e-05 2 2.99358 -0.0158967 0
8.61954e-05 2 4.64159 -0.00366393 0
8.61954e-05 2 7.19686 -0.00102534 0
8.61954e-05 2 11.1588 -0.000366987 0
8.61954e-05 2 17.302 -0.000145134 0
8.61954e-05 2 26.827 -6.06943e-05 0
8.61954e-05 2 41.5956 -2.66355e-05 0
8.61954e-05 2 64.4947 -1.22312e-05 0
8.61954e-05 2 100 -5.87182e-06 0
8.61954e-05 2 155.052 -2.94444e-06 0
8.61954e-05 2 240.41 -1.46602e-06 0
8.61954e-05 2 372.759 -7.84072e-07 0
8.61954e-05 2 577.969 -4.34058e-07 0
8.61954e-05 2 896.151 -2.48011e-07 0
8.61954e-05 2 1389.5 -1.44376e-07 0
8.61954e-05 2 2154.43 -8.36148e-08 0
8.61954e-05 2 3340.48 -4.97865e-08 0
8.61954e-05 2 5179.47 -2.98536e-08 0
8.61954e-05 2 8030.86 -1.77741e-08 0
8.61954e-05 2 12452 -1.07784e-08 0
8.61954e-05 2 19307 -6.56096e-09 0
8.61954e-05 2 29935.8 -3.96454e-09 0
8.61954e-05 2 46415.9 -2.42915e-09 0
8.61954e-05 2 71968.6 -1.47787e-09 0
8.61954e-05 2 111588 -9.10042e-10 0
8.61954e-05 2 173020 -5.56639e-10 0
8.61954e-05 2 268270 -3.43405e-10 0
8.61954e-05 2 415956 -2.1133e-10 0
8.61954e-05 2 644947 -1.30255e-10 0
8.61954e-05 2 1e+06 -8.03259e-11 0

0.000210175 2 1e-06 -1.02001 0
0.000210175 2 1.55052e-06 -1.02213 0
0.000210175 2 2.4041e-06 -1.02855 0
0.000210175 2 3.72759e-06 -1.02627 0
0.000210175 2 5.77969e-06 -1.03347 0
0.000210175 2 8.96151e-06 -1.02481 0
0.000210175 2 1.3895e-05 -1.02742 0
0.000210175 2 2.15443e-05 -1.02854 0
0.000210175 2 3.34048e-05 -1.03003 0
0.000210175 2 5.17947e-05 -1.0257 0
0.000210175 2 8.03086e-05 -1.0267 0
0.000210175 2 0.00012452 -1.02981 0
0.000210175 2 0.00019307 -1.02647 0
0.000210175 2 0.000299358 -1.02857 0
0.000210175 2 0.000464159 -1.02513 0
0.000210175 2 0.000719686 -1.02861 0
0.000210175 2 0.00111588 -1.02673 0
0.000210175 2 0.0017302 -1.02372 0
0.000210175 2 0.0026827 -1.02289 0
0.000210175 2 0.00415956 -1.02691 0
0.000210175 2 0.00644947 -1.03798 0
0.000210175 2 0.01 -1.0388 0
0.000210175 2 0.0155052 -1.0231 0
0.000210175 2 0.024041 -1.00427 0
0.000210175 2 0.0372759 -0.980576 0
0.000210175 2 0.0577969 -0.949313 0
0.000210175 2 0.0896151 -0.906506 0
0.000210175 2 0.13895 -0.846645 0
0.000210175 2 0.215443 -0.762823 0
0.000210175 2 0.334048 -0.64823 0
0.000210175 2 0.517947 -0.500858 0
0.000210175 2 0.803086 -0.332608 0
0.000210175 2 1.2452 -0.163387 0
0.000210175 2 1.9307 -0.0597032 0
0.000210175 2 2.99358 -0.0158965 0
0.000210175 2 4.64159 -0.00366391 0
0.000210175 2 7.19686 -0.00102534 0
0.000210175 2 11.1588 -0.000366986 0
0.000210175 2 17.302 -0.000145133 0
0.000210175 2 26.827 -6.06943e-05 0
0.000210175 2 41.5956 -2.66355e-05 0
0.000210175 2 64.4947 -1.22312e-05 0
0.000210175 2 100 -5.87182e-06 0
0.000210175 2 155.052 -2.94444e-06 0
0.000210175 2 240.41 -1.46602e-06 0
0.000210175 2 372.759 -7.84072e-07 0
0.000210175 2 577.969 -4.34058e-07 0
0.000210175 2 896.151 -2.48011e-07 0
0.000210175 2 1389.5 -1.44376e-07 0
0.000210175 2 2154.43 -8.36148e-08 0
0.000210175 2 3340.48 -4.97865e-08 0
0.000210175 2 5179.47 -2.98536e-08 0
0.000210175 2 8030.86 -1.77741e-08 0
0.000210175 2 12452 -1.07784e-08 0
0.000210175 2 19307 -6.56096e-09 0
0.000210175 2 29935.8 -3.96454e-09 0
0.000210175 2 46415.9 -2.42915e-09 0
0.000210175 2 71968.6 -1.47787e-09 0
0.000210175 2 111588 -9.10042e-10 0
0.000210175 2 173020 -5.56639e-10 0
0.000210175 2 268270 -3.43172e-10 0
0.000210175 2 415956 -2.1133e-10 0
0.000210175 2 644947 -1.30255e-10 0
0.000210175 2 1e+06 -8.03259e-11 0

0.000512481 2 1e-06 -1.0375 0
0.000512481 2 1.55052e-06 -1.03315 0
0.000512481 2 2.4041e-06 -1.02647 0
0.000512481 2 3.72759e-06 -1.01897 0
0.000512481 2 5.77969e-06 -1.02778 0
0.000512481 2 8.96151e-06 -1.02752 0
0.000512481 2 1.3895e-05 -1.02977 0
0.000512481 2 2.15443e-05 -1.02302 0
0.000512481 2 3.34048e-05 -1.02566 0
0.000512481 2 5.17947e-05 -1.02912 0
0.000512481 2 8.03086e-05 -1.03148 0
0.000512481 2 0.00012452 -1.02873 0
0.000512481 2 0.00019307 -1.02957 0
0.000512481 2 0.000299358 -1.02677 0
0.000512481 2 0.000464159 -1.02937 0
0.000512481 2 0.000719686 -1.02627 0
0.000512481 2 0.00111588 -1.0313 0
0.000512481 2 0.0017302 -1.0222 0
0.000512481 2 0.0026827 -1.02675 0
0.000512481 2 0.00415956 -1.02986 0
0.000512481 2 0.00644947 -1.03457 0
0.000512481 2 0.01 -1.03114 0
0.000512481 2 0.0155052 -1.01821 0
0.000512481 2 0.024041 -1.00117 0
0.000512481 2 0.0372759 -0.978618 0
0.000512481 2 0.0577969 -0.94809 0
0.000512481 2 0.0896151 -0.905752 0
0.000512481 2 0.13895 -0.84619 0
0.000512481 2 0.215443 -0.762558 0
0.000512481 2 0.334048 -0.648085 0
0.000512481 2 0.517947 -0.500786 0
0.000512481 2 0.803086 -0.332363 0
0.000512481 2 1.2452 -0.163377 0
0.000512481 2 1.9307 -0.0597009 0
0.000512481 2 2.99358 -0.0158961 0
0.000512481 2 4.64159 -0.00366385 0
0.000512481 2 7.19686 -0.00102533 0
0.000512481 2 11.1588 -0.000366983 0
0.000512481 2 17.302 -0.000145133 0
0.000512481 2 26.827 -6.06941e-05 0
0.000512481 2 41.5956 -2.66355e-05 0
0.000512481 2 64.4947 -1.22312e-05 0
0.000512481 2 100 -5.87181e-06 0
0.000512481 2 155.052 -2.94444e-06 0
0.000512481 2 240.41 -1.46602e-06 0
0.000512481 2 372.759 -7.84072e-07 0
0.000512481 2 577.969 -4.34058e-07 0
0.000512481 2 896.151 -2.48011e-07 0
0.000512481 2 1389.5 -1.44376e-07 0
0.000512481 2 2154.43 -8.36148e-08 0
0.000512481 2 3340.48 -4.97865e-08 0
0.000512481 2 5179.47 -2.98536e-08 0
0.000512481 2 8030.86 -1.77741e-08 0
0.000512481 2 12452 -1.07784e-08 0
0.000512481 2 19307 -6.56096e-09 0
0.000512481 2 29935.8 -3.96454e-09 0
0.000512481 2 46415.9 -2.42915e-09 0
0.000512481 2 71968.6 -1.47787e-09 0
0.000512481 2 111588 -9.10042e-10 0
0.000512481 2 173020 -5.56639e-10 0
0.000512481 2 268270 -3.43023e-10 0
0.000512481 2 415956 -2.1133e-10 0
0.000512481 2 644947 -1.30255e-10 0
0.000512481 2 1e+06 -8.03259e-11 0

0.00124961 2 1e-06 -1.05963 0
0.00124961 2 1.55052e-06 -1.05634 0
0.00124961 2 2.4041e-06 -1.05238 0
0.00124961 2 3.72759e-06 -1.04883 0
0.00124961 2 5.77969e-06 -1.04389 0
0.00124961 2 8.96151e-06 -1.03367 0
0.00124961 2 1.3895e-05 -1.02528 0
0.00124961 2 2.15443e-05 -1.02952 0
0.00124961 2 3.34048e-05 -1.02142 0
0.00124961 2 5.17947e-05 -1.03071 0
0.00124961 2 8.03086e-05 -1.03032 0
0.00124961 2 0.00012452 -1.02894 0
0.00124961 2 0.00019307 -1.02513 0
0.00124961 2 0.000299358 -1.03076 0
0.00124961 2 0.000464159 -1.02642 0
0.00124961 2 0.000719686 -1.02808 0
0.00124961 2 0.00111588 -1.02524 0
0.00124961 2 0.0017302 -1.02589 0
0.00124961 2 0.0026827 -1.02487 0
0.00124961 2 0.00415956 -1.02593 0
0.00124961 2 0.00644947 -1.01727 0
0.00124961 2 0.01 -1.01291 0
0.00124961 2 0.0155052 -1.00649 0
0.00124961 2 0.024041 -0.99368 0
0.00124961 2 0.0372759 -0.973877 0
0.00124961 2 0.0577969 -0.945119 0
0.00124961 2 0.0896151 -0.903918 0
0.00124961 2 0.13895 -0.845084 0
0.00124961 2 0.215443 -0.761915 0
0.00124961 2 0.334048 -0.647732 0
0.00124961 2 0.517947 -0.50061 0
0.00124961 2 0.803086 -0.331066 0
0.00124961 2 1.2452 -0.16413 0
0.00124961 2 1.9307 -0.0596953 0
0.00124961 2 2.99358 -0.0158952 0
0.00124961 2 4.64159 -0.0036637 0
0.00124961 2 7.19686 -0.0010253 0
0.00124961 2 11.1588 -0.000366977 0
0.00124961 2 17.302 -0.000145131 0
0.00124961 2 26.827 -6.06937e-05 0
0.00124961 2 41.5956 -2.66354e-05 0
0.00124961 2 64.4947 -1.22312e-05 0
0.00124961 2 100 -5.8718e-06 0
0.00124961 2 155.052 -2.94444e-06 0
0.00124961 2 240.41 -1.46602e-06 0
0.00124961 2 372.759 -7.84072e-07 0
0.00124961 2 577.969 -4.34057e-07 0
0.00124961 2 896.151 -2.48011e-07 0
0.00124961 2 1389.5 -1.44376e-07 0
0.00124961 2 2154.43 -8.36148e-08 0
0.00124961 2 3340.48 -4.97865e-08 0
0.00124961 2 5179.47 -2.98536e-08 0
0.00124961 2 8030.86 -1.77741e-08 0
0.00124961 2 12452 -1.07784e-08 0
0.00124961 2 19307 -6.56096e-09 0
0.00124961 2 29935.8 -3.96454e-09 0
0.00124961 2 46415.9 -2.42915e-09 0
0.00124961 2 71968.6 -1.47787e-09 0
0.00124961 2 111588 -9.10042e-10 0
0.00124961 2 173020 -5.56639e-10 0
0.00124961 2 268270 -3.42928e-10 0
0.00124961 2 415956 -2.1133e-10 0
0.00124961 2 644947 -1.30255e-10 0
0.00124961 2 1e+06 -8.03259e-11 0

0.00304699 2 1e-06 -1.00187 0
0.00304699 2 1.55052e-06 -1.00115 0
0.00304699 2 2.4041e-06 -1.00005 0
0.00304699 2 3.72759e-06 -0.99846 0
0.00304699 2 5.77969e-06 -1.01122 0
0.00304699 2 8.96151e-06 -1.02113 0
0.00304699 2 1.3895e-05 -1.02804 0
0.00304699 2 2.15443e-05 -1.03141 0
0.00304699 2 3.34048e-05 -1.03011 0
0.00304699 2 5.17947e-05 -1.03101 0
0.00304699 2 8.03086e-05 -1.02849 0
0.00304699 2 0.00012452 -1.02931 0
0.00304699 2 0.00019307 -1.02732 0
0.00304699 2 0.000299358 -1.02717 0
0.00304699 2 0.000464159 -1.02809 0
0.00304699 2 0.000719686 -1.02548 0
0.00304699 2 0.00111588 -1.02689 0
0.00304699 2 0.0017302 -1.02454 0
0.00304699 2 0.0026827 -1.02543 0
0.00304699 2 0.00415956 -1.0276 0
0.00304699 2 0.00644947 -1.01259 0
0.00304699 2 0.01 -1.01511 0
0.00304699 2 0.0155052 -1.00748 0
0.00304699 2 0.024041 -0.991264 0
0.00304699 2 0.0372759 -0.967376 0
0.00304699 2 0.0577969 -0.937951 0
0.00304699 2 0.0896151 -0.899477 0
0.00304699 2 0.13895 -0.842398 0
0.00304699 2 0.215443 -0.76035 0
0.00304699 2 0.334048 -0.646873 0
0.00304699 2 0.517947 -0.501226 0
0.00304699 2 0.803086 -0.329997 0
0.00304699 2 1.2452 -0.165575 0
0.00304699 2 1.9307 -0.0596816 0
0.00304699 2 2.99358 -0.0158928 0
0.00304699 2 4.64159 -0.00366335 0
0.00304699 2 7.19686 -0.00102524 0
0.00304699 2 11.1588 -0.000366963 0
0.00304699 2 17.302 -0.000145128 0
0.00304699 2 26.827 -6.06927e-05 0
0.00304699 2 41.5956 -2.66351e-05 0
0.00304699 2 64.4947 -1.22311e-05 0
0.00304699 2 100 -5.87177e-06 0
0.00304699 2 155.052 -2.94443e-06 0
0.00304699 2 240.41 -1.46602e-06 0
0.00304699 2 372.759 -7.84071e-07 0
0.00304699 2 577.969 -4.34057e-07 0
0.00304699 2 896.151 -2.48011e-07 0
0.00304699 2 1389.5 -1.44376e-07 0
0.00304699 2 2154.43 -8.36148e-08 0
0.00304699 2 3340.48 -4.97865e-08 0
0.00304699 2 5179.47 -2.98536e-08 0
0.00304699 2 8030.86 -1.77741e-08 0
0.00304699 2 12452 -1.07784e-08 0
0.00304699 2 19307 -6.56096e-09 0
0.00304699 2 29935.8 -3.96454e-09 0
0.00304699 2 46415.9 -2.42915e-09 0
0.00304699 2 71968.6 -1.47787e-09 0
0.00304699 2 111588 -9.10042e-10 0
0.00304699 2 173020 -5.56639e-10 0
0.00304699 2 268270 -3.42866e-10 0
0.00304699 2 415956 -2.1133e-10 0
0.00304699 2 644947 -1.30255e-10 0
0.00304699 2 1e+06 -8.03259e-11 0

0.00742964 2 1e-06 -1.03603 0
0.00742964 2 1.55052e-06 -1.03573 0
0.00742964 2 2.4041e-06 -1.03526 0
0.00742964 2 3.72759e-06 -1.03453 0
0.00742964 2 5.77969e-06 -1.03341 0
0.00742964 2 8.96151e-06 -1.03167 0
0.00742964 2 1.3895e-05 -1.02898 0
0.00742964 2 2.15443e-05 -1.02484 0
0.00742964 2 3.34048e-05 -1.01849 0
0.00742964 2 5.17947e-05 -1.01653 0
0.00742964 2 8.03086e-05 -1.02524 0
0.00742964 2 0.00012452 -1.02539 0
0.00742964 2 0.00019307 -1.02749 0
0.00742964 2 0.000299358 -1.02209 0
0.00742964 2 0.000464159 -1.02607 0
0.00742964 2 0.000719686 -1.02564 0
0.00742964 2 0.00111588 -1.02197 0
0.00742964 2 0.0017302 -1.02675 0
0.00742964 2 0.0026827 -1.01981 0
0.00742964 2 0.00415956 -1.02187 0
0.00742964 2 0.00644947 -1.01907 0
0.00742964 2 0.01 -1.00908 0
0.00742964 2 0.0155052 -1.01038 0
0.00742964 2 0.024041 -0.993531 0
0.00742964 2 0.0372759 -0.980211 0
0.00742964 2 0.0577969 -0.953505 0
0.00742964 2 0.0896151 -0.912066 0
0.00742964 2 0.13895 -0.852206 0
0.00742964 2 0.215443 -0.767994 0
0.00742964 2 0.334048 -0.65253 0
0.00742964 2 0.517947 -0.502556 0
0.00742964 2 0.803086 -0.328824 0
0.00742964 2 1.2452 -0.166127 0
0.00742964 2 1.9307 -0.0596481 0
0.00742964 2 2.99358 -0.0158871 0
0.00742964 2 4.64159 -0.0036625 0
0.00742964 2 7.19686 -0.00102508 0
0.00742964 2 11.1588 -0.000366927 0
0.00742964 2 17.302 -0.000145118 0
0.00742964 2 26.827 -6.06902e-05 0
0.00742964 2 41.5956 -2.66344e-05 0
0.00742964 2 64.4947 -1.22309e-05 0
0.00742964 2 100 -5.87171e-06 0
0.00742964 2 155.052 -2.94441e-06 0
0.00742964 2 240.41 -1.46601e-06 0
0.00742964 2 372.759 -7.84068e-07 0
0.00742964 2 577.969 -4.34056e-07 0
0.00742964 2 896.151 -2.48011e-07 0
0.00742964 2 1389.5 -1.44375e-07 0
0.00742964 2 2154.43 -8.36147e-08 0
0.00742964 2 3340.48 -4.97864e-08 0
0.00742964 2 5179.47 -2.98536e-08 0
0.00742964 2 8030.86 -1.77741e-08 0
0.00742964 2 12452 -1.07784e-08 0
0.00742964 2 19307 -6.56096e-09 0
0.00742964 2 29935.8 -3.96454e-09 0
0.00742964 2 46415.9 -2.42915e-09 0
0.00742964 2 71968.6 -1.47787e-09 0
0.00742964 2 111588 -9.10042e-10 0
0.00742964 2 173020 -5.56639e-10 0
0.00742964 2 268270 -3.42827e-10 0
0.00742964 2 415956 -2.1133e-10 0
0.00742964 2 644947 -1.30255e-10 0
0.00742964 2 1e+06 -8.03259e-11 0

0.0181161 2 1e-06 -0.989237 0
0.0181161 2 1.55052e-06 -0.989119 0
0.0181161 2 2.4041e-06 -0.988934 0
0.0181161 2 3.72759e-06 -0.988649 0
0.0181161 2 5.77969e-06 -0.988207 0
0.0181161 2 8.96151e-06 -0.992759 0
0.0181161 2 1.3895e-05 -1.00364 0
0.0181161 2 2.15443e-05 -1.01263 0
0.0181161 2 3.34048e-05 -1.01992 0
0.0181161 2 5.17947e-05 -1.02547 0
0.0181161 2 8.03086e-05 -1.02899 0
0.0181161 2 0.00012452 -1.02978 0
0.0181161 2 0.00019307 -1.02663 0
0.0181161 2 0.000299358 -1.02471 0
0.0181161 2 0.000464159 -1.0221 0
0.0181161 2 0.000719686 -1.02476 0
0.0181161 2 0.00111588 -1.02124 0
0.0181161 2 0.0017302 -1.021 0
0.0181161 2 0.0026827 -1.02095 0
0.0181161 2 0.00415956 -1.0181 0
0.0181161 2 0.00644947 -1.01695 0
0.0181161 2 0.01 -1.01063 0
0.0181161 2 0.0155052 -1.00177 0
0.0181161 2 0.024041 -0.990587 0
0.0181161 2 0.0372759 -0.980509 0
0.0181161 2 0.0577969 -0.947854 0
0.0181161 2 0.0896151 -0.914191 0
0.0181161 2 0.13895 -0.857947 0
0.0181161 2 0.215443 -0.773451 0
0.0181161 2 0.334048 -0.655238 0
0.0181161 2 0.517947 -0.50205 0
0.0181161 2 0.803086 -0.327028 0
0.0181161 2 1.2452 -0.165804 0
0.0181161 2 1.9307 -0.0595668 0
0.0181161 2 2.99358 -0.0158731 0
0.0181161 2 4.64159 -0.00366042 0
0.0181161 2 7.19686 -0.00102471 0
0.0181161 2 11.1588 -0.00036684 0
0.0181161 2 17.302 -0.000145096 0
0.0181161 2 26.827 -6.06843e-05 0
0.0181161 2 41.5956 -2.66327e-05 0
0.0181161 2 64.4947 -1.22304e-05 0
0.0181161 2 100 -5.87156e-06 0
0.0181161 2 155.052 -2.94436e-06 0
0.0181161 2 240.41 -1.466e-06 0
0.0181161 2 372.759 -7.84063e-07 0
0.0181161 2 577.969 -4.34054e-07 0
0.0181161 2 896.151 -2.4801e-07 0
0.0181161 2 1389.5 -1.44375e-07 0
0.0181161 2 2154.43 -8.36146e-08 0
0.0181161 2 3340.48 -4.97864e-08 0
0.0181161 2 5179.47 -2.98536e-08 0
0.0181161 2 8030.86 -1.77741e-08 0
0.0181161 2 12452 -1.07784e-08 0
0.0181161 2 19307 -6.56095e-09 0
0.0181161 2 29935.8 -3.96454e-09 0
0.0181161 2 46415.9 -2.42915e-09 0
0.0181161 2 71968.6 -1.47787e-09 0
0.0181161 2 111588 -9.10042e-10 0
0.0181161 2 173020 -5.56639e-10 0
0.0181161 2 268270 -3.42802e-10 0
0.0181161 2 415956 -2.1133e-10 0
0.0181161 2 644947 -1.30255e-10 0
0.0181161 2 1e+06 -8.03259e-11 0

0.0441734 2 1e-06 -1.02876 0
0.0441734 2 1.55052e-06 -1.02871 0
0.0441734 2 2.4041e-06 -1.02863 0
0.0441734 2 3.72759e-06 -1.02851 0
0.0441734 2 5.77969e-06 -1.02832 0
0.0441734 2 8.96151e-06 -1.02803 0
0.0441734 2 1.3895e-05 -1.02757 0
0.0441734 2 2.15443e-05 -1.02687 0
0.0441734 2 3.34048e-05 -1.02578 0
0.0441734 2 5.17947e-05 -1.0241 0
0.0441734 2 8.03086e-05 -1.02151 0
0.0441734 2 0.00012452 -1.01751 0
0.0441734 2 0.00019307 -1.01138 0
0.0441734 2 0.000299358 -1.00201 0
0.0441734 2 0.000464159 -1.01193 0
0.0441734 2 0.000719686 -1.01376 0
0.0441734 2 0.00111588 -1.01037 0
0.0441734 2 0.0017302 -1.01223 0
0.0441734 2 0.0026827 -1.01504 0
0.0441734 2 0.00415956 -1.00855 0
0.0441734 2 0.00644947 -1.00593 0
0.0441734 2 0.01 -0.999658 0
0.0441734 2 0.0155052 -0.995463 0
0.0441734 2 0.024041 -0.984188 0
0.0441734 2 0.0372759 -0.968436 0
0.0441734 2 0.0577969 -0.944983 0
0.0441734 2 0.0896151 -0.90576 0
0.0441734 2 0.13895 -0.85161 0
0.0441734 2 0.215443 -0.766541 0
0.0441734 2 0.334048 -0.650906 0
0.0441734 2 0.517947 -0.498042 0
0.0441734 2 0.803086 -0.323584 0
0.0441734 2 1.2452 -0.164319 0
0.0441734 2 1.9307 -0.059828 0
0.0441734 2 2.99358 -0.0158391 0
0.0441734 2 4.64159 -0.00365535 0
0.0441734 2 7.19686 -0.00102379 0
0.0441734 2 11.1588 -0.000366629 0
0.0441734 2 17.302 -0.000145042 0
0.0441734 2 26.827 -6.06697e-05 0
0.0441734 2 41.5956 -2.66286e-05 0
0.0441734 2 64.4947 -1.22292e-05 0
0.0441734 2 100 -5.87118e-06 0
0.0441734 2 155.052 -2.94424e-06 0
0.0441734 2 240.41 -1.46596e-06 0
0.0441734 2 372.759 -7.84049e-07 0
0.0441734 2 577.969 -4.3405e-07 0
0.0441734 2 896.151 -2.48008e-07 0
0.0441734 2 1389.5 -1.44374e-07 0
0.0441734 2 2154.43 -8.36144e-08 0
0.0441734 2 3340.48 -4.97863e-08 0
0.0441734 2 5179.47 -2.98536e-08 0
0.0441734 2 8030.86 -1.77741e-08 0
0.0441734 2 12452 -1.07784e-08 0
0.0441734 2 19307 -6.56095e-09 0
0.0441734 2 29935.8 -3.96454e-09 0
0.0441734 2 46415.9 -2.42915e-09 0
0.0441734 2 71968.6 -1.47787e-09 0
0.0441734 2 111588 -9.10042e-10 0
0.0441734 2 173020 -5.56639e-10 0
0.0441734 2 268270 -3.42785e-10 0
0.0441734 2 415956 -2.1133e-10 0
0.0441734 2 644947 -1.30255e-10 0
0.0441734 2 1e+06 -8.03259e-11 0

0.107711 2 1e-06 -0.976535 0
0.107711 2 1.55052e-06 -0.976516 0
0.107711 2 2.4041e-06 -0.976485 0
0.107711 2 3.72759e-06 -0.976438 0
0.107711 2 5.77969e-06 -0.976364 0
0.107711 2 8.96151e-06 -0.97625 0
0.107711 2 1.3895e-05 -0.976074 0
0.107711 2 2.15443e-05 -0.9758 0
0.107711 2 3.34048e-05 -0.975376 0
0.107711 2 5.17947e-05 -0.974719 0
0.107711 2 8.03086e-05 -0.973702 0
0.107711 2 0.00012452 -0.97213 0
0.107711 2 0.00019307 -0.969702 0
0.107711 2 0.000299358 -0.979715 0
0.107711 2 0.000464159 -0.9893 0
0.107711 2 0.000719686 -0.99503 0
0.107711 2 0.00111588 -0.995986 0
0.107711 2 0.0017302 -0.990557 0
0.107711 2 0.0026827 -0.994889 0
0.107711 2 0.00415956 -0.986076 0
0.107711 2 0.00644947 -0.982877 0
0.107711 2 0.01 -0.982366 0
0.107711 2 0.0155052 -0.97372 0
0.107711 2 0.024041 -0.966997 0
0.107711 2 0.0372759 -0.947469 0
0.107711 2 0.0577969 -0.92317 0
0.107711 2 0.0896151 -0.887862 0
0.107711 2 0.13895 -0.834207 0
0.107711 2 0.215443 -0.747499 0
0.107711 2 0.334048 -0.635449 0
0.107711 2 0.517947 -0.486117 0
0.107711 2 0.803086 -0.316292 0
0.107711 2 1.2452 -0.160863 0
0.107711 2 1.9307 -0.0591551 0
0.107711 2 2.99358 -0.0157568 0
0.107711 2 4.64159 -0.00364306 0
0.107711 2 7.19686 -0.00102157 0
0.107711 2 11.1588 -0.000366115 0
0.107711 2 17.302 -0.000144911 0
0.107711 2 26.827 -6.06343e-05 0
0.107711 2 41.5956 -2.66185e-05 0
0.107711 2 64.4947 -1.22262e-05 0
0.107711 2 100 -5.87026e-06 0
0.107711 2 155.052 -2.94394e-06 0
0.107711 2 240.41 -1.46586e-06 0
0.107711 2 372.759 -7.84016e-07 0
0.107711 2 577.969 -4.34038e-07 0
0.107711 2 896.151 -2.48004e-07 0
0.107711 2 1389.5 -1.44373e-07 0
0.107711 2 2154.43 -8.36138e-08 0
0.107711 2 3340.48 -4.97861e-08 0
0.107711 2 5179.47 -2.98535e-08 0
0.107711 2 8030.86 -1.7774e-08 0
0.107711 2 12452 -1.07784e-08 0
0.107711 2 19307 -6.56095e-09 0
0.107711 2 29935.8 -3.96454e-09 0
0.107711 2 46415.9 -2.42915e-09 0
0.107711 2 71968.6 -1.47787e-09 0
0.107711 2 111588 -9.10042e-10 0
0.107711 2 173020 -5.56639e-10 0
0.107711 2 268270 -3.42774e-10 0
0.107711 2 415956 -2.1133e-10 0
0.107711 2 644947 -1.30255e-10 0
0.107711 2 1e+06 -8.03259e-11 0

0.262636 2 1e-06 -0.980387 0
0.262636 2 1.55052e-06 -0.980378 0
0.262636 2 2.4041e-06 -0.980366 0
0.262636 2 3.72759e-06 -0.980346 0
0.262636 2 5.77969e-06 -0.980316 0
0.262636 2 8.96151e-06 -0.980269 0
0.262636 2 1.3895e-05 -0.980196 0
0.262636 2 2.15443e-05 -0.980084 0
0.262636 2 3.34048e-05 -0.979909 0
0.262636 2 5.17947e-05 -0.979638 0
0.262636 2 8.03086e-05 -0.97828 0
0.262636 2 0.00012452 -0.973479 0
0.262636 2 0.00019307 -0.969885 0
0.262636 2 0.000299358 -0.96718 0
0.262636 2 0.000464159 -0.965016 0
0.262636 2 0.000719686 -0.962954 0
0.262636 2 0.00111588 -0.960388 0
0.262636 2 0.0017302 -0.955518 0
0.262636 2 0.0026827 -0.942344 0
0.262636 2 0.00415956 -0.942985 0
0.262636 2 0.00644947 -0.937562 0
0.262636 2 0.01 -0.939623 0
0.262636 2 0.0155052 -0.92861 0
0.262636 2 0.024041 -0.918801 0
0.262636 2 0.0372759 -0.903878 0
0.262636 2 0.0577969 -0.880065 0
0.262636 2 0.0896151 -0.841921 0
0.262636 2 0.13895 -0.78919 0
0.262636 2 0.215443 -0.711055 0
0.262636 2 0.334048 -0.601323 0
0.262636 2 0.517947 -0.458473 0
0.262636 2 0.803086 -0.29877 0
0.262636 2 1.2452 -0.15411 0
0.262636 2 1.9307 -0.0577633 0
0.262636 2 2.99358 -0.0155595 0
0.262636 2 4.64159 -0.00361344 0
0.262636 2 7.19686 -0.00101619 0
0.262636 2 11.1588 -0.000364866 0
0.262636 2 17.302 -0.000144592 0
0.262636 2 26.827 -6.0548e-05 0
0.262636 2 41.5956 -2.65941e-05 0
0.262636 2 64.4947 -1.22189e-05 0
0.262636 2 100 -5.86801e-06 0
0.262636 2 155.052 -2.92636e-06 0
0.262636 2 240.41 -1.46563e-06 0
0.262636 2 372.759 -7.83936e-07 0
0.262636 2 577.969 -4.34009e-07 0
0.262636 2 896.151 -2.47993e-07 0
0.262636 2 1389.5 -1.44369e-07 0
0.262636 2 2154.43 -8.36123e-08 0
0.262636 2 3340.48 -4.97855e-08 0
0.262636 2 5179.47 -2.98532e-08 0
0.262636 2 8030.86 -1.7774e-08 0
0.262636 2 12452 -1.07784e-08 0
0.262636 2 19307 -6.56093e-09 0
0.262636 2 29935.8 -3.96454e-09 0
0.262636 2 46415.9 -2.42914e-09 0
0.262636 2 71968.6 -1.47787e-09 0
0.262636 2 111588 -9.10042e-10 0
0.262636 2 173020 -5.56639e-10 0
0.262636 2 268270 -3.42766e-10 0
0.262636 2 415956 -2.1133e-10 0
0.262636 2 644947 -1.30255e-10 0
0.262636 2 1e+06 -8.03259e-11 0

0.6404 2 1e-06 -0.844686 0
0.6404 2 1.55052e-06 -0.844683 0
0.6404 2 2.4041e-06 -0.844678 0
0.6404 2 3.72759e-06 -0.844672 0
0.6404 2 5.77969e-06 -0.844661 0
0.6404 2 8.96151e-06 -0.844644 0
0.6404 2 1.3895e-05 -0.844619 0
0.6404 2 2.15443e-05 -0.844579 0
0.6404 2 3.34048e-05 -0.844517 0
0.6404 2 5.17947e-05 -0.844421 0
0.6404 2 8.03086e-05 -0.844273 0
0.6404 2 0.00012452 -0.844042 0
0.6404 2 0.00019307 -0.843686 0
0.6404 2 0.000299358 -0.843133 0
0.6404 2 0.000464159 -0.842278 0
0.6404 2 0.000719686 -0.840956 0
0.6404 2 0.00111588 -0.838914 0
0.6404 2 0.0017302 -0.835766 0
0.6404 2 0.0026827 -0.830932 0
0.6404 2 0.00415956 -0.824027 0
0.6404 2 0.00644947 -0.828416 0
0.6404 2 0.01 -0.826232 0
0.6404 2 0.0155052 -0.817552 0
0.6404 2 0.024041 -0.811487 0
0.6404 2 0.0372759 -0.798613 0
0.6404 2 0.0577969 -0.775179 0
0.6404 2 0.0896151 -0.741762 0
0.6404 2 0.13895 -0.692488 0
0.6404 2 0.215443 -0.622352 0
0.6404 2 0.334048 -0.523663 0
0.6404 2 0.517947 -0.398943 0
0.6404 2 0.803086 -0.259655 0
0.6404 2 1.2452 -0.134571 0
0.6404 2 1.9307 -0.0513344 0
0.6404 2 2.99358 -0.0144803 0
0.6404 2 4.64159 -0.00354316 0
0.6404 2 7.19686 -0.00100329 0
0.6404 2 11.1588 -0.000361857 0
0.6404 2 17.302 -0.000143819 0
0.6404 2 26.827 -6.03386e-05 0
0.6404 2 41.5956 -2.65346e-05 0
0.6404 2 64.4947 -1.22013e-05 0
0.6404 2 100 -5.86255e-06 0
0.6404 2 155.052 -2.90054e-06 0
0.6404 2 240.41 -1.46506e-06 0
0.6404 2 372.759 -7.8374e-07 0
0.6404 2 577.969 -4.33939e-07 0
0.6404 2 896.151 -2.47968e-07 0
0.6404 2 1389.5 -1.44359e-07 0
0.6404 2 2154.43 -8.36087e-08 0
0.6404 2 3340.48 -4.97841e-08 0
0.6404 2 5179.47 -2.98527e-08 0
0.6404 2 8030.86 -1.77738e-08 0
0.6404 2 12452 -1.07783e-08 0
0.6404 2 19307 -6.5609e-09 0
0.6404 2 29935.8 -3.96452e-09 0
0.6404 2 46415.9 -2.42914e-09 0
0.6404 2 71968.6 -1.47786e-09 0
0.6404 2 111588 -9.10041e-10 0
0.6404 2 173020 -5.56639e-10 0
0.6404 2 268270 -3.4276e-10 0
0.6404 2 415956 -2.1133e-10 0
0.6404 2 644947 -1.30255e-10 0
0.6404 2 1e+06 -8.03259e-11 0

1.56152 2 1e-06 -0.604791 0
1.56152 2 1.55052e-06 -0.60479 0
1.56152 2 2.4041e-06 -0.604788 0
1.56152 2 3.72759e-06 -0.604786 0
1.56152 2 5.77969e-06 -0.604783 0
1.56152 2 8.96151e-06 -0.604778 0
1.56152 2 1.3895e-05 -0.604771 0
1.56152 2 2.15443e-05 -0.604759 0
1.56152 2 3.34048e-05 -0.604741 0
1.56152 2 5.17947e-05 -0.604713 0
1.56152 2 8.03086e-05 -0.604669 0
1.56152 2 0.00012452 -0.604602 0
1.56152 2 0.00019307 -0.604497 0
1.56152 2 0.000299358 -0.604334 0
1.56152 2 0.000464159 -0.604083 0
1.56152 2 0.000719686 -0.603693 0
1.56152 2 0.00111588 -0.603089 0
1.56152 2 0.0017302 -0.602155 0
1.56152 2 0.0026827 -0.600713 0
1.56152 2 0.00415956 -0.598505 0
1.56152 2 0.00644947 -0.599842 0
1.56152 2 0.01 -0.599014 0
1.56152 2 0.0155052 -0.595309 0
1.56152 2 0.024041 -0.587621 0
1.56152 2 0.0372759 -0.577801 0
1.56152 2 0.0577969 -0.558629 0
1.56152 2 0.0896151 -0.534585 0
1.56152 2 0.13895 -0.497268 0
1.56152 2 0.215443 -0.444096 0
1.56152 2 0.334048 -0.372179 0
1.56152 2 0.517947 -0.282006 0
1.56152 2 0.803086 -0.183803 0
1.56152 2 1.2452 -0.0966675 0
1.56152 2 1.9307 -0.0386792 0
1.56152 2 2.99358 -0.0114279 0
1.56152 2 4.64159 -0.00302816 0
1.56152 2 7.19686 -0.000929487 0
1.56152 2 11.1588 -0.000349173 0
1.56152 2 17.302 -0.000141968 0
1.56152 2 26.827 -5.9834e-05 0
1.56152 2 41.5956 -2.63908e-05 0
1.56152 2 64.4947 -1.21585e-05 0
1.56152 2 100 -5.83818e-06 0
1.56152 2 155.052 -2.87729e-06 0
1.56152 2 240.41 -1.46368e-06 0
1.56152 2 372.759 -7.83262e-07 0
1.56152 2 577.969 -4.33768e-07 0
1.56152 2 896.151 -2.47905e-07 0
1.56152 2 1389.5 -1.44336e-07 0
1.56152 2 2154.43 -8.35998e-08 0
1.56152 2 3340.48 -4.97807e-08 0
1.56152 2 5179.47 -2.98514e-08 0
1.56152 2 8030.86 -1.77732e-08 0
1.56152 2 12452 -1.07781e-08 0
1.56152 2 19307 -6.56083e-09 0
1.56152 2 29935.8 -3.96449e-09 0
1.56152 2 46415.9 -2.42913e-09 0
1.56152 2 71968.6 -1.47786e-09 0
1.56152 2 111588 -9.10039e-10 0
1.56152 2 173020 -5.56638e-10 0
1.56152 2 268270 -3.42753e-10 0
1.56152 2 415956 -2.1133e-10 0
1.56152 2 644947 -1.30255e-10 0
1.56152 2 1e+06 -8.03259e-11 0

3.80755 2 1e-06 -0.267658 0
3.80755 2 1.55052e-06 -0.267657 0
3.80755 2 2.4041e-06 -0.267657 0
3.80755 2 3.72759e-06 -0.267657 0
3.80755 2 5.77969e-06 -0.267656 0
3.80755 2 8.96151e-06 -0.267655 0
3.80755 2 1.3895e-05 -0.267654 0
3.80755 2 2.15443e-05 -0.267652 0
3.80755 2 3.34048e-05 -0.267649 0
3.80755 2 5.17947e-05 -0.267643 0
3.80755 2 8.03086e-05 -0.267636 0
3.80755 2 0.00012452 -0.267623 0
3.80755 2 0.00019307 -0.267604 0
3.80755 2 0.000299358 -0.267575 0
3.80755 2 0.000464159 -0.267529 0
3.80755 2 0.000719686 -0.267424 0
3.80755 2 0.00111588 -0.265995 0
3.80755 2 0.0017302 -0.264689 0
3.80755 2 0.0026827 -0.263418 0
3.80755 2 0.00415956 -0.262083 0
3.80755 2 0.00644947 -0.260566 0
3.80755 2 0.01 -0.258705 0
3.80755 2 0.0155052 -0.256285 0
3.80755 2 0.024041 -0.253 0
3.80755 2 0.0372759 -0.248428 0
3.80755 2 0.0577969 -0.241578 0
3.80755 2 0.0896151 -0.230194 0
3.80755 2 0.13895 -0.214003 0
3.80755 2 0.215443 -0.191445 0
3.80755 2 0.334048 -0.160212 0
3.80755 2 0.517947 -0.122689 0
3.80755 2 0.803086 -0.0819405 0
3.80755 2 1.2452 -0.0451315 0
3.80755 2 1.9307 -0.0197167 0
3.80755 2 2.99358 -0.00686792 0
3.80755 2 4.64159 -0.00219639 0
3.80755 2 7.19686 -0.000771452 0
3.80755 2 11.1588 -0.000314278 0
3.80755 2 17.302 -0.000131351 0
3.80755 2 26.827 -5.69249e-05 0
3.80755 2 41.5956 -2.55377e-05 0
3.80755 2 64.4947 -1.18622e-05 0
3.80755 2 100 -5.71053e-06 0
3.80755 2 155.052 -2.84927e-06 0
3.80755 2 240.41 -1.46031e-06 0
3.80755 2 372.759 -7.82099e-07 0
3.80755 2 577.969 -4.33353e-07 0
3.80755 2 896.151 -2.47751e-07 0
3.80755 2 1389.5 -1.44278e-07 0
3.80755 2 2154.43 -8.35783e-08 0
3.80755 2 3340.48 -4.97725e-08 0
3.80755 2 5179.47 -2.98482e-08 0
3.80755 2 8030.86 -1.7772e-08 0
3.80755 2 12452 -1.07776e-08 0
3.80755 2 19307 -6.56064e-09 0
3.80755 2 29935.8 -3.96442e-09 0
3.80755 2 46415.9 -2.4291e-09 0
3.80755 2 71968.6 -1.47785e-09 0
3.80755 2 111588 -9.10035e-10 0
3.80755 2 173020 -5.56636e-10 0
3.80755 2 268270 -3.42746e-10 0
3.80755 2 415956 -2.1133e-10 0
3.80755 2 644947 -1.30255e-10 0
3.80755 2 1e+06 -8.03258e-11 0

9.28415 2 1e-06 -0.0360556 0
9.28415 2 1.55052e-06 -0.0360556 0
9.28415 2 2.4041e-06 -0.0360555 0
9.28415 2 3.72759e-06 -0.0360555 0
9.28415 2 5.77969e-06 -0.0360555 0
9.28415 2 8.96151e-06 -0.0360554 0
9.28415 2 1.3895e-05 -0.0360554 0
9.28415 2 2.15443e-05 -0.0360553 0
9.28415 2 3.34048e-05 -0.0360551 0
9.28415 2 5.17947e-05 -0.0360548 0
9.28415 2 8.03086e-05 -0.0360544 0
9.28415 2 0.00012452 -0.0360537 0
9.28415 2 0.00019307 -0.0360526 0
9.28415 2 0.000299358 -0.036051 0
9.28415 2 0.000464159 -0.0360485 0
9.28415 2 0.000719686 -0.0360445 0
9.28415 2 0.00111588 -0.0360385 0
9.28415 2 0.0017302 -0.036029 0
9.28415 2 0.0026827 -0.0360145 0
9.28415 2 0.00415956 -0.0359919 0
9.28415 2 0.00644947 -0.0359569 0
9.28415 2 0.01 -0.0359028 0
9.28415 2 0.0155052 -0.0358192 0
9.28415 2 0.024041 -0.0356903 0
9.28415 2 0.0372759 -0.0354923 0
9.28415 2 0.0577969 -0.0351896 0
9.28415 2 0.0896151 -0.034385 0
9.28415 2 0.13895 -0.0319997 0
9.28415 2 0.215443 -0.0293868 0
9.28415 2 0.334048 -0.0249685 0
9.28415 2 0.517947 -0.0205883 0
9.28415 2 0.803086 -0.0150913 0
9.28415 2 1.2452 -0.00964433 0
9.28415 2 1.9307 -0.0053006 0
9.28415 2 2.99358 -0.00258616 0
9.28415 2 4.64159 -0.00117618 0
9.28415 2 7.19686 -0.000540942 0
9.28415 2 11.1588 -0.000249064 0
9.28415 2 17.302 -0.000113071 0
9.28415 2 26.827 -5.19457e-05 0
9.28415 2 41.5956 -2.39837e-05 0
9.28415 2 64.4947 -1.13536e-05 0
9.28415 2 100 -5.54907e-06 0
9.28415 2 155.052 -2.80459e-06 0
9.28415 2 240.41 -1.45217e-06 0
9.28415 2 372.759 -7.79278e-07 0
9.28415 2 577.969 -4.32342e-07 0
9.28415 2 896.151 -2.47378e-07 0
9.28415 2 1389.5 -1.44065e-07 0
9.28415 2 2154.43 -8.35259e-08 0
9.28415 2 3340.48 -4.97523e-08 0
9.28415 2 5179.47 -2.98404e-08 0
9.28415 2 8030.86 -1.7769e-08 0
9.28415 2 12452 -1.07764e-08 0
9.28415 2 19307 -6.56018e-09 0
9.28415 2 29935.8 -3.96424e-09 0
9.28415 2 46415.9 -2.42903e-09 0
9.28415 2 71968.6 -1.47782e-09 0
9.28415 2 111588 -9.10024e-10 0
9.28415 2 173020 -5.56632e-10 0
9.28415 2 268270 -3.42735e-10 0
9.28415 2 415956 -2.11329e-10 0
9.28415 2 644947 -1.30255e-10 0
9.28415 2 1e+06 -8.03257e-11 0

22.638 2 1e-06 -0.00207283 0
22.638 2 1.55052e-06 -0.00207283 0
22.638 2 2.4041e-06 -0.00207283 0
22.638 2 3.72759e-06 -0.00207283 0
22.638 2 5.77969e-06 -0.00207283 0
22.638 2 8.96151e-06 -0.00207283 0
22.638 2 1.3895e-05 -0.00207283 0
22.638 2 2.15443e-05 -0.00207282 0
22.638 2 3.34048e-05 -0.00207282 0
22.638 2 5.17947e-05 -0.00207281 0
22.638 2 8.03086e-05 -0.0020728 0
22.638 2 0.00012452 -0.00207279 0
22.638 2 0.00019307 -0.00207276 0
22.638 2 0.000299358 -0.00207272 0
22.638 2 0.000464159 -0.00207266 0
22.638 2 0.000719686 -0.00207257 0
22.638 2 0.00111588 -0.00207243 0
22.638 2 0.0017302 -0.0020722 0
22.638 2 0.0026827 -0.00207186 0
22.638 2 0.00415956 -0.00207133 0
22.638 2 0.00644947 -0.0020705 0
22.638 2 0.01 -0.00206922 0
22.638 2 0.0155052 -0.00206724 0
22.638 2 0.024041 -0.00206417 0
22.638 2 0.0372759 -0.00205943 0
22.638 2 0.0577969 -0.00205212 0
22.638 2 0.0896151 -0.0020409 0
22.638 2 0.13895 -0.00197634 0
22.638 2 0.215443 -0.0018755 0
22.638 2 0.334048 -0.0017652 0
22.638 2 0.517947 -0.00161962 0
22.638 2 0.803086 -0.00142783 0
22.638 2 1.2452 -0.00118666 0
22.638 2 1.9307 -0.000933183 0
22.638 2 2.99358 -0.000677802 0
22.638 2 4.64159 -0.000451695 0
22.638 2 7.19686 -0.000277559 0
22.638 2 11.1588 -0.000156201 0
22.638 2 17.302 -8.29954e-05 0
22.638 2 26.827 -4.20907e-05 0
22.638 2 41.5956 -2.10565e-05 0
22.638 2 64.4947 -1.04287e-05 0
22.638 2 100 -5.28183e-06 0
22.638 2 155.052 -2.72033e-06 0
22.638 2 240.41 -1.43269e-06 0
22.638 2 372.759 -7.72483e-07 0
22.638 2 577.969 -4.29898e-07 0
22.638 2 896.151 -2.46473e-07 0
22.638 2 1389.5 -1.43003e-07 0
22.638 2 2154.43 -8.33984e-08 0
22.638 2 3340.48 -4.97033e-08 0
22.638 2 5179.47 -2.98214e-08 0
22.638 2 8030.86 -1.77662e-08 0
22.638 2 12452 -1.07736e-08 0
22.638 2 19307 -6.55906e-09 0
22.638 2 29935.8 -3.9638e-09 0
22.638 2 46415.9 -2.42886e-09 0
22.638 2 71968.6 -1.47775e-09 0
22.638 2 111588 -9.09997e-10 0
22.638 2 173020 -5.56622e-10 0
22.638 2 268270 -3.42718e-10 0
22.638 2 415956 -2.11327e-10 0
22.638 2 644947 -1.30254e-10 0
22.638 2 1e+06 -8.03254e-11 0

55.1995 2 1e-06 -0.000242139 0
55.1995 2 1.55052e-06 -0.000242139 0
55.1995 2 2.4041e-06 -0.000242139 0
55.1995 2 3.72759e-06 -0.000242139 0
55.1995 2 5.77969e-06 -0.000242139 0
55.1995 2 8.96151e-06 -0.000242139 0
55.1995 2 1.3895e-05 -0.000242139 0
55.1995 2 2.15443e-05 -0.000242139 0
55.1995 2 3.34048e-05 -0.000242139 0
55.1995 2 5.17947e-05 -0.000242138 0
55.1995 2 8.03086e-05 -0.000242138 0
55.1995 2 0.00012452 -0.000242137 0
55.1995 2 0.00019307 -0.000242136 0
55.1995 2 0.000299358 -0.000242134 0
55.1995 2 0.000464159 -0.000242131 0
55.1995 2 0.000719686 -0.000242127 0
55.1995 2 0.00111588 -0.00024212 0
55.1995 2 0.0017302 -0.000242109 0
55.1995 2 0.0026827 -0.000242093 0
55.1995 2 0.00415956 -0.000242067 0
55.1995 2 0.00644947 -0.000242027 0
55.1995 2 0.01 -0.000241966 0
55.1995 2 0.0155052 -0.000241871 0
55.1995 2 0.024041 -0.000241723 0
55.1995 2 0.0372759 -0.000241495 0
55.1995 2 0.0577969 -0.000241141 0
55.1995 2 0.0896151 -0.000237629 0
55.1995 2 0.13895 -0.000233152 0
55.1995 2 0.215443 -0.000228474 0
55.1995 2 0.334048 -0.000223217 0
55.1995 2 0.517947 -0.000216911 0
55.1995 2 0.803086 -0.000208967 0
55.1995 2 1.2452 -0.000195774 0
55.1995 2 1.9307 -0.000180486 0
55.1995 2 2.99358 -0.000156739 0
55.1995 2 4.64159 -0.000129429 0
55.1995 2 7.19686 -9.95374e-05 0
55.1995 2 11.1588 -7.06301e-05 0
55.1995 2 17.302 -4.59149e-05 0
55.1995 2 26.827 -2.78145e-05 0
55.1995 2 41.5956 -1.58372e-05 0
55.1995 2 64.4947 -8.6838e-06 0
55.1995 2 100 -4.71183e-06 0
55.1995 2 155.052 -2.53375e-06 0
55.1995 2 240.41 -1.37329e-06 0
55.1995 2 372.759 -7.52958e-07 0
55.1995 2 577.969 -4.2282e-07 0
55.1995 2 896.151 -2.43147e-07 0
55.1995 2 1389.5 -1.41577e-07 0
55.1995 2 2154.43 -8.3089e-08 0
55.1995 2 3340.48 -4.95841e-08 0
55.1995 2 5179.47 -2.97752e-08 0
55.1995 2 8030.86 -1.77735e-08 0
55.1995 2 12452 -1.07666e-08 0
55.1995 2 19307 -6.55633e-09 0
55.1995 2 29935.8 -3.96274e-09 0
55.1995 2 46415.9 -2.42843e-09 0
55.1995 2 71968.6 -1.47759e-09 0
55.1995 2 111588 -9.09931e-10 0
55.1995 2 173020 -5.56596e-10 0
55.1995 2 268270 -3.42688e-10 0
55.1995 2 415956 -2.11323e-10 0
55.1995 2 644947 -1.30253e-10 0
55.1995 2 1e+06 -8.03248e-11 0

134.596 2 1e-06 -3.81954e-05 0
134.596 2 1.55052e-06 -3.81953e-05 0
134.596 2 2.4041e-06 -3.81953e-05 0
134.596 2 3.72759e-06 -3.81953e-05 0
134.596 2 5.77969e-06 -3.81953e-05 0
134.596 2 8.96151e-06 -3.81953e-05 0
134.596 2 1.3895e-05 -3.81953e-05 0
134.596 2 2.15443e-05 -3.81953e-05 0
134.596 2 3.34048e-05 -3.81953e-05 0
134.596 2 5.17947e-05 -3.81953e-05 0
134.596 2 8.03086e-05 -3.81953e-05 0
134.596 2 0.00012452 -3.81952e-05 0
134.596 2 0.00019307 -3.81951e-05 0
134.596 2 0.000299358 -3.8195e-05 0
134.596 2 0.000464159 -3.81948e-05 0
134.596 2 0.000719686 -3.81945e-05 0
134.596 2 0.00111588 -3.81941e-05 0
134.596 2 0.0017302 -3.81934e-05 0
134.596 2 0.0026827 -3.81923e-05 0
134.596 2 0.00415956 -3.81907e-05 0
134.596 2 0.00644947 -3.81881e-05 0
134.596 2 0.01 -3.81841e-05 0
134.596 2 0.0155052 -3.8178e-05 0
134.596 2 0.024041 -3.81684e-05 0
134.596 2 0.0372759 -3.81536e-05 0
134.596 2 0.0577969 -3.81306e-05 0
134.596 2 0.0896151 -3.80951e-05 0
134.596 2 0.13895 -3.80402e-05 0
134.596 2 0.215443 -3.79552e-05 0
134.596 2 0.334048 -3.78243e-05 0
134.596 2 0.517947 -3.76231e-05 0
134.596 2 0.803086 -3.73152e-05 0
134.596 2 1.2452 -3.68476e-05 0
134.596 2 1.9307 -3.54319e-05 0
134.596 2 2.99358 -3.36064e-05 0
134.596 2 4.64159 -3.08438e-05 0
134.596 2 7.19686 -2.75442e-05 0
134.596 2 11.1588 -2.3236e-05 0
134.596 2 17.302 -1.84514e-05 0
134.596 2 26.827 -1.36382e-05 0
134.596 2 41.5956 -9.33145e-06 0
134.596 2 64.4947 -5.988e-06 0
134.596 2 100 -3.64912e-06 0
134.596 2 155.052 -2.14947e-06 0
134.596 2 240.41 -1.22955e-06 0
134.596 2 372.759 -7.02569e-07 0
134.596 2 577.969 -4.03848e-07 0
134.596 2 896.151 -2.35985e-07 0
134.596 2 1389.5 -1.3901e-07 0
134.596 2 2154.43 -8.2344e-08 0
134.596 2 3340.48 -4.92958e-08 0
134.596 2 5179.47 -2.96632e-08 0
134.596 2 8030.86 -1.77381e-08 0
134.596 2 12452 -1.07497e-08 0
134.596 2 19307 -6.54968e-09 0
134.596 2 29935.8 -3.96015e-09 0
134.596 2 46415.9 -2.42741e-09 0
134.596 2 71968.6 -1.47718e-09 0
134.596 2 111588 -9.09771e-10 0
134.596 2 173020 -5.56533e-10 0
134.596 2 268270 -3.42633e-10 0
134.596 2 415956 -2.11313e-10 0
134.596 2 644947 -1.30249e-10 0
134.596 2 1e+06 -8.03232e-11 0

328.193 2 1e-06 -8.01058e-06 0
328.193 2 1.55052e-06 -8.01058e-06 0
328.193 2 2.4041e-06 -8.01058e-06 0
328.193 2 3.72759e-06 -8.01058e-06 0
328.193 2 5.77969e-06 -8.01058e-06 0
328.193 2 8.96151e-06 -8.01058e-06 0
328.193 2 1.3895e-05 -8.01058e-06 0
328.193 2 2.15443e-05 -8.01058e-06 0
328.193 2 3.34048e-05 -8.01057e-06 0
328.193 2 5.17947e-05 -8.01057e-06 0
328.193 2 8.03086e-05 -8.01057e-06 0
328.193 2 0.00012452 -8.01057e-06 0
328.193 2 0.00019307 -8.01056e-06 0
328.193 2 0.000299358 -8.01055e-06 0
328.193 2 0.000464159 -8.01053e-06 0
328.193 2 0.000719686 -8.01051e-06 0
328.193 2 0.00111588 -8.01047e-06 0
328.193 2 0.0017302 -8.01041e-06 0
328.193 2 0.0026827 -8.01032e-06 0
328.193 2 0.00415956 -8.01018e-06 0
328.193 2 0.00644947 -8.00996e-06 0
328.193 2 0.01 -8.00961e-06 0
328.193 2 0.0155052 -8.00908e-06 0
328.193 2 0.024041 -8.00826e-06 0
328.193 2 0.0372759 -8.00698e-06 0
328.193 2 0.0577969 -8.00501e-06 0
328.193 2 0.0896151 -8.00194e-06 0
328.193 2 0.13895 -7.9972e-06 0
328.193 2 0.215443 -7.98985e-06 0
328.193 2 0.334048 -7.97848e-06 0
328.193 2 0.517947 -7.96092e-06 0
328.193 2 0.803086 -7.93385e-06 0
328.193 2 1.2452 -7.89222e-06 0
328.193 2 1.9307 -7.75319e-06 0
328.193 2 2.99358 -7.55508e-06 0
328.193 2 4.64159 -7.31292e-06 0
328.193 2 7.19686 -6.97571e-06 0
328.193 2 11.1588 -6.49199e-06 0
328.193 2 17.302 -5.84169e-06 0
328.193 2 26.827 -5.04873e-06 0
328.193 2 41.5956 -4.12443e-06 0
328.193 2 64.4947 -3.16086e-06 0
328.193 2 100 -2.27325e-06 0
328.193 2 155.052 -1.52958e-06 0
328.193 2 240.41 -9.75195e-07 0
328.193 2 372.759 -6.01183e-07 0
328.193 2 577.969 -3.66035e-07 0
328.193 2 896.151 -2.2137e-07 0
328.193 2 1389.5 -1.33641e-07 0
328.193 2 2154.43 -8.05621e-08 0
328.193 2 3340.48 -4.85486e-08 0
328.193 2 5179.47 -2.92573e-08 0
328.193 2 8030.86 -1.76256e-08 0
328.193 2 12452 -1.07087e-08 0
328.193 2 19307 -6.53094e-09 0
328.193 2 29935.8 -3.95384e-09 0
328.193 2 46415.9 -2.42491e-09 0
328.193 2 71968.6 -1.4762e-09 0
328.193 2 111588 -9.09382e-10 0
328.193 2 173020 -5.56379e-10 0
328.193 2 268270 -3.42525e-10 0
328.193 2 415956 -2.11289e-10 0
328.193 2 644947 -1.30239e-10 0
328.193 2 1e+06 -8.03194e-11 0

800.25 2 1e-06 -1.9959e-06 0
800.25 2 1.55052e-06 -1.9959e-06 0
800.25 2 2.4041e-06 -1.9959e-06 0
800.25 2 3.72759e-06 -1.9959e-06 0
800.25 2 5.77969e-06 -1.9959e-06 0
800.25 2 8.96151e-06 -1.9959e-06 0
800.25 2 1.3895e-05 -1.9959e-06 0
800.25 2 2.15443e-05 -1.9959e-06 0
800.25 2 3.34048e-05 -1.9959e-06 0
800.25 2 5.17947e-05 -1.9959e-06 0
800.25 2 8.03086e-05 -1.9959e-06 0
800.25 2 0.00012452 -1.9959e-06 0
800.25 2 0.00019307 -1.9959e-06 0
800.25 2 0.000299358 -1.9959e-06 0
800.25 2 0.000464159 -1.9959e-06 0
800.25 2 0.000719686 -1.99589e-06 0
800.25 2 0.00111588 -1.99589e-06 0
800.25 2 0.0017302 -1.99588e-06 0
800.25 2 0.0026827 -1.99587e-06 0
800.25 2 0.00415956 -1.99586e-06 0
800.25 2 0.00644947 -1.99584e-06 0
800.25 2 0.01 -1.9958e-06 0
800.25 2 0.0155052 -1.99575e-06 0
800.25 2 0.024041 -1.99566e-06 0
800.25 2 0.0372759 -1.99553e-06 0
800.25 2 0.0577969 -1.99533e-06 0
800.25 2 0.0896151 -1.99163e-06 0
800.25 2 0.13895 -1.98163e-06 0
800.25 2 0.215443 -1.97276e-06 0
800.25 2 0.334048 -1.96447e-06 0
800.25 2 0.517947 -1.9562e-06 0
800.25 2 0.803086 -1.9473e-06 0
800.25 2 1.2452 -1.93695e-06 0
800.25 2 1.9307 -1.92408e-06 0
800.25 2 2.99358 -1.90716e-06 0
800.25 2 4.64159 -1.88411e-06 0
800.25 2 7.19686 -1.85195e-06 0
800.25 2 11.1588 -1.80704e-06 0
800.25 2 17.302 -1.7315e-06 0
800.25 2 26.827 -1.62908e-06 0
800.25 2 41.5956 -1.48623e-06 0
800.25 2 64.4947 -1.29982e-06 0
800.25 2 100 -1.08292e-06 0
800.25 2 155.052 -8.51306e-07 0
800.25 2 240.41 -6.2905e-07 0
800.25 2 372.759 -4.4153e-07 0
800.25 2 577.969 -2.96577e-07 0
800.25 2 896.151 -1.92586e-07 0
800.25 2 1389.5 -1.21806e-07 0
800.25 2 2154.43 -7.57607e-08 0
800.25 2 3340.48 -4.658e-08 0
800.25 2 5179.47 -2.84804e-08 0
800.25 2 8030.86 -1.73506e-08 0
800.25 2 12452 -1.061e-08 0
800.25 2 19307 -6.46877e-09 0
800.25 2 29935.8 -3.93854e-09 0
800.25 2 46415.9 -2.41885e-09 0
800.25 2 71968.6 -1.47382e-09 0
800.25 2 111588 -9.08433e-10 0
800.25 2 173020 -5.56004e-10 0
800.25 2 268270 -3.42304e-10 0
800.25 2 415956 -2.1123e-10 0
800.25 2 644947 -1.30215e-10 0
800.25 2 1e+06 -8.031e-11 0

1951.29 2 1e-06 -5.44257e-07 0
1951.29 2 1.55052e-06 -5.44257e-07 0
1951.29 2 2.4041e-06 -5.44257e-07 0
1951.29 2 3.72759e-06 -5.44257e-07 0
1951.29 2 5.77969e-06 -5.44257e-07 0
1951.29 2 8.96151e-06 -5.44257e-07 0
1951.29 2 1.3895e-05 -5.44257e-07 0
1951.29 2 2.15443e-05 -5.44257e-07 0
1951.29 2 3.34048e-05 -5.44257e-07 0
1951.29 2 5.17947e-05 -5.44257e-07 0
1951.29 2 8.03086e-05 -5.44257e-07 0
1951.29 2 0.00012452 -5.44257e-07 0
1951.29 2 0.00019307 -5.44257e-07 0
1951.29 2 0.000299358 -5.44257e-07 0
1951.29 2 0.000464159 -5.44256e-07 0
1951.29 2 0.000719686 -5.44256e-07 0
1951.29 2 0.00111588 -5.44256e-07 0
1951.29 2 0.0017302 -5.44255e-07 0
1951.29 2 0.0026827 -5.44254e-07 0
1951.29 2 0.00415956 -5.44252e-07 0
1951.29 2 0.00644947 -5.4425e-07 0
1951.29 2 0.01 -5.44246e-07 0
1951.29 2 0.0155052 -5.4424e-07 0
1951.29 2 0.024041 -5.4423e-07 0
1951.29 2 0.0372759 -5.44216e-07 0
1951.29 2 0.0577969 -5.44193e-07 0
1951.29 2 0.0896151 -5.44158e-07 0
1951.29 2 0.13895 -5.44104e-07 0
1951.29 2 0.215443 -5.44019e-07 0
1951.29 2 0.334048 -5.43889e-07 0
1951.29 2 0.517947 -5.43687e-07 0
1951.29 2 0.803086 -5.43373e-07 0
1951.29 2 1.2452 -5.42888e-07 0
1951.29 2 1.9307 -5.42137e-07 0
1951.29 2 2.99358 -5.40977e-07 0
1951.29 2 4.64159 -5.39188e-07 0
1951.29 2 7.19686 -5.36437e-07 0
1951.29 2 11.1588 -5.3108e-07 0
1951.29 2 17.302 -5.20877e-07 0
1951.29 2 26.827 -5.07663e-07 0
1951.29 2 41.5956 -4.89776e-07 0
1951.29 2 64.4947 -4.62018e-07 0
1951.29 2 100 -4.25894e-07 0
1951.29 2 155.052 -3.7924e-07 0
1951.29 2 240.41 -3.22863e-07 0
1951.29 2 372.759 -2.60984e-07 0
1951.29 2 577.969 -1.99833e-07 0
1951.29 2 896.151 -1.44624e-07 0
1951.29 2 1389.5 -9.96399e-08 0
1951.29 2 2154.43 -6.60253e-08 0
1951.29 2 3340.48 -4.25185e-08 0
1951.29 2 5179.47 -2.68099e-08 0
1951.29 2 8030.86 -1.67091e-08 0
1951.29 2 12452 -1.03326e-08 0
1951.29 2 19307 -6.35487e-09 0
1951.29 2 29935.8 -3.90172e-09 0
1951.29 2 46415.9 -2.40051e-09 0
1951.29 2 71968.6 -1.46803e-09 0
1951.29 2 111588 -9.06129e-10 0
1951.29 2 173020 -5.55093e-10 0
1951.29 2 268270 -3.41828e-10 0
1951.29 2 415956 -2.11086e-10 0
1951.29 2 644947 -1.30158e-10 0
1951.29 2 1e+06 -8.02872e-11 0

4757.94 2 1e-06 -1.71961e-07 0
4757.94 2 1.55052e-06 -1.71961e-07 0
4757.94 2 2.4041e-06 -1.71961e-07 0
4757.94 2 3.72759e-06 -1.71961e-07 0
4757.94 2 5.77969e-06 -1.71961e-07 0
4757.94 2 8.96151e-06 -1.71961e-07 0
4757.94 2 1.3895e-05 -1.71961e-07 0
4757.94 2 2.15443e-05 -1.71961e-07 0
4757.94 2 3.34048e-05 -1.71961e-07 0
4757.94 2 5.17947e-05 -1.71961e-07 0
4757.94 2 8.03086e-05 -1.71961e-07 0
4757.94 2 0.00012452 -1.71961e-07 0
4757.94 2 0.00019307 -1.71961e-07 0
4757.94 2 0.000299358 -1.71961e-07 0
4757.94 2 0.000464159 -1.71961e-07 0
4757.94 2 0.000719686 -1.71961e-07 0
4757.94 2 0.00111588 -1.71961e-07 0
4757.94 2 0.0017302 -1.71961e-07 0
4757.94 2 0.0026827 -1.7196e-07 0
4757.94 2 0.00415956 -1.7196e-07 0
4757.94 2 0.00644947 -1.7196e-07 0
4757.94 2 0.01 -1.71959e-07 0
4757.94 2 0.0155052 -1.71959e-07 0
4757.94 2 0.024041 -1.71957e-07 0
4757.94 2 0.0372759 -1.71955e-07 0
4757.94 2 0.0577969 -1.71953e-07 0
4757.94 2 0.0896151 -1.71948e-07 0
4757.94 2 0.13895 -1.71941e-07 0
4757.94 2 0.215443 -1.7193e-07 0
4757.94 2 0.334048 -1.71913e-07 0
4757.94 2 0.517947 -1.72034e-07 0
4757.94 2 0.803086 -1.72222e-07 0
4757.94 2 1.2452 -1.72322e-07 0
4757.94 2 1.9307 -1.7233e-07 0
4757.94 2 2.99358 -1.72231e-07 0
4757.94 2 4.64159 -1.72e-07 0
4757.94 2 7.19686 -1.71591e-07 0
4757.94 2 11.1588 -1.70933e-07 0
4757.94 2 17.302 -1.69917e-07 0
4757.94 2 26.827 -1.68382e-07 0
4757.94 2 41.5956 -1.66216e-07 0
4757.94 2 64.4947 -1.62716e-07 0
4757.94 2 100 -1.57271e-07 0
4757.94 2 155.052 -1.49492e-07 0
4757.94 2 240.41 -1.38812e-07 0
4757.94 2 372.759 -1.24555e-07 0
4757.94 2 577.969 -1.07269e-07 0
4757.94 2 896.151 -8.78601e-08 0
4757.94 2 1389.5 -6.80443e-08 0
4757.94 2 2154.43 -4.99629e-08 0
4757.94 2 3340.48 -3.4919e-08 0
4757.94 2 5179.47 -2.34549e-08 0
4757.94 2 8030.86 -1.52559e-08 0
4757.94 2 12452 -9.72987e-09 0
4757.94 2 19307 -6.11159e-09 0
4757.94 2 29935.8 -3.80744e-09 0
4757.94 2 46415.9 -2.35692e-09 0
4757.94 2 71968.6 -1.45412e-09 0
4757.94 2 111588 -8.98244e-10 0
4757.94 2 173020 -5.52884e-10 0
4757.94 2 268270 -3.40772e-10 0
4757.94 2 415956 -2.10735e-10 0
4757.94 2 644947 -1.30018e-10 0
4757.94 2 1e+06 -8.02316e-11 0

11601.6 2 1e-06 -5.91478e-08 0
11601.6 2 1.55052e-06 -5.91478e-08 0
11601.6 2 2.4041e-06 -5.91478e-08 0
11601.6 2 3.72759e-06 -5.91478e-08 0
11601.6 2 5.77969e-06 -5.91478e-08 0
11601.6 2 8.96151e-06 -5.91478e-08 0
11601.6 2 1.3895e-05 -5.91478e-08 0
11601.6 2 2.15443e-05 -5.91478e-08 0
11601.6 2 3.34048e-05 -5.91478e-08 0
11601.6 2 5.17947e-05 -5.91478e-08 0
11601.6 2 8.03086e-05 -5.91478e-08 0
11601.6 2 0.00012452 -5.91478e-08 0
11601.6 2 0.00019307 -5.91478e-08 0
11601.6 2 0.000299358 -5.91478e-08 0
11601.6 2 0.000464159 -5.91478e-08 0
11601.6 2 0.000719686 -5.91478e-08 0
11601.6 2 0.00111588 -5.91478e-08 0
11601.6 2 0.0017302 -5.91478e-08 0
11601.6 2 0.0026827 -5.91477e-08 0
11601.6 2 0.00415956 -5.91477e-08 0
11601.6 2 0.00644947 -5.91477e-08 0
11601.6 2 0.01 -5.91476e-08 0
11601.6 2 0.0155052 -5.91475e-08 0
11601.6 2 0.024041 -5.91473e-08 0
11601.6 2 0.0372759 -5.9147e-08 0
11601.6 2 0.0577969 -5.91466e-08 0
11601.6 2 0.0896151 -5.9146e-08 0
11601.6 2 0.13895 -5.9145e-08 0
11601.6 2 0.215443 -5.91435e-08 0
11601.6 2 0.334048 -5.91411e-08 0
11601.6 2 0.517947 -5.91374e-08 0
11601.6 2 0.803086 -5.91316e-08 0
11601.6 2 1.2452 -5.91227e-08 0
11601.6 2 1.9307 -5.91089e-08 0
11601.6 2 2.99358 -5.90875e-08 0
11601.6 2 4.64159 -5.90544e-08 0
11601.6 2 7.19686 -5.90031e-08 0
11601.6 2 11.1588 -5.89238e-08 0
11601.6 2 17.302 -5.88012e-08 0
11601.6 2 26.827 -5.8523e-08 0
11601.6 2 41.5956 -5.80625e-08 0
11601.6 2 64.4947 -5.74588e-08 0
11601.6 2 100 -5.66279e-08 0
11601.6 2 155.052 -5.54538e-08 0
11601.6 2 240.41 -5.36366e-08 0
11601.6 2 372.759 -5.11852e-08 0
11601.6 2 577.969 -4.75868e-08 0
11601.6 2 896.151 -4.29694e-08 0
11601.6 2 1389.5 -3.72396e-08 0
11601.6 2 2154.43 -3.07324e-08 0
11601.6 2 3340.48 -2.40479e-08 0
11601.6 2 5179.47 -1.78076e-08 0
11601.6 2 8030.86 -1.25677e-08 0
11601.6 2 12452 -8.50802e-09 0
11601.6 2 19307 -5.58591e-09 0
11601.6 2 29935.8 -3.5876e-09 0
11601.6 2 46415.9 -2.26714e-09 0
11601.6 2 71968.6 -1.41889e-09 0
11601.6 2 111588 -8.82394e-10 0
11601.6 2 173020 -5.47569e-10 0
11601.6 2 268270 -3.3837e-10 0
11601.6 2 415956 -2.09884e-10 0
11601.6 2 644947 -1.29679e-10 0
11601.6 2 1e+06 -8.00964e-11 0

28288.7 2 1e-06 -2.07123e-08 0
28288.7 2 1.55052e-06 -2.07123e-08 0
28288.7 2 2.4041e-06 -2.07123e-08 0
28288.7 2 3.72759e-06 -2.07123e-08 0
28288.7 2 5.77969e-06 -2.07123e-08 0
28288.7 2 8.96151e-06 -2.07123e-08 0
28288.7 2 1.3895e-05 -2.07123e-08 0
28288.7 2 2.15443e-05 -2.07123e-08 0
28288.7 2 3.34048e-05 -2.07123e-08 0
28288.7 2 5.17947e-05 -2.07123e-08 0
28288.7 2 8.03086e-05 -2.07123e-08 0
28288.7 2 0.00012452 -2.07123e-08 0
28288.7 2 0.00019307 -2.07123e-08 0
28288.7 2 0.000299358 -2.07123e-08 0
28288.7 2 0.000464159 -2.07123e-08 0
28288.7 2 0.000719686 -2.07123e-08 0
28288.7 2 0.00111588 -2.07123e-08 0
28288.7 2 0.0017302 -2.07123e-08 0
28288.7 2 0.0026827 -2.07123e-08 0
28288.7 2 0.00415956 -2.07123e-08 0
28288.7 2 0.00644947 -2.07123e-08 0
28288.7 2 0.01 -2.07123e-08 0
28288.7 2 0.0155052 -2.07122e-08 0
28288.7 2 0.024041 -2.07122e-08 0
28288.7 2 0.0372759 -2.07122e-08 0
28288.7 2 0.0577969 -2.07121e-08 0
28288.7 2 0.0896151 -2.0712e-08 0
28288.7 2 0.13895 -2.07119e-08 0
28288.7 2 0.215443 -2.07117e-08 0
28288.7 2 0.334048 -2.07113e-08 0
28288.7 2 0.517947 -2.07108e-08 0
28288.7 2 0.803086 -2.071e-08 0
28288.7 2 1.2452 -2.07087e-08 0
28288.7 2 1.9307 -2.07067e-08 0
28288.7 2 2.99358 -2.07036e-08 0
28288.7 2 4.64159 -2.06989e-08 0
28288.7 2 7.19686 -2.06915e-08 0
28288.7 2 11.1588 -2.068e-08 0
28288.7 2 17.302 -2.06623e-08 0
28288.7 2 26.827 -2.06349e-08 0
28288.7 2 41.5956 -2.05926e-08 0
28288.7 2 64.4947 -2.05273e-08 0
28288.7 2 100 -2.04269e-08 0
28288.7 2 155.052 -2.02351e-08 0
28288.7 2 240.41 -1.99401e-08 0
28288.7 2 372.759 -1.95296e-08 0
28288.7 2 577.969 -1.89388e-08 0
28288.7 2 896.151 -1.80616e-08 0
28288.7 2 1389.5 -1.68588e-08 0
28288.7 2 2154.43 -1.52703e-08 0
28288.7 2 3340.48 -1.32889e-08 0
28288.7 2 5179.47 -1.10266e-08 0
28288.7 2 8030.86 -8.68682e-09 0
28288.7 2 12452 -6.48036e-09 0
28288.7 2 19307 -4.60103e-09 0
28288.7 2 29935.8 -3.13502e-09 0
28288.7 2 46415.9 -2.07067e-09 0
28288.7 2 71968.6 -1.33663e-09 0
28288.7 2 111588 -8.48278e-10 0
28288.7 2 173020 -5.33418e-10 0
28288.7 2 268270 -3.32869e-10 0
28288.7 2 415956 -2.07257e-10 0
28288.7 2 644947 -1.28859e-10 0
28288.7 2 1e+06 -7.97685e-11 0

68977.9 2 1e-06 -7.42908e-09 0
68977.9 2 1.55052e-06 -7.42908e-09 0
68977.9 2 2.4041e-06 -7.42908e-09 0
68977.9 2 3.72759e-06 -7.42908e-09 0
68977.9 2 5.77969e-06 -7.42908e-09 0
68977.9 2 8.96151e-06 -7.42908e-09 0
68977.9 2 1.3895e-05 -7.42908e-09 0
68977.9 2 2.15443e-05 -7.42908e-09 0
68977.9 2 3.34048e-05 -7.42908e-09 0
68977.9 2 5.17947e-05 -7.42908e-09 0
68977.9 2 8.03086e-05 -7.42908e-09 0
68977.9 2 0.00012452 -7.42908e-09 0
68977.9 2 0.00019307 -7.42908e-09 0
68977.9 2 0.000299358 -7.42908e-09 0
68977.9 2 0.000464159 -7.42908e-09 0
68977.9 2 0.000719686 -7.42908e-09 0
68977.9 2 0.00111588 -7.42908e-09 0
68977.9 2 0.0017302 -7.42908e-09 0
68977.9 2 0.0026827 -7.42908e-09 0
68977.9 2 0.00415956 -7.42908e-09 0
68977.9 2 0.00644947 -7.42908e-09 0
68977.9 2 0.01 -7.42907e-09 0
68977.9 2 0.0155052 -7.42907e-09 0
68977.9 2 0.024041 -7.42907e-09 0
68977.9 2 0.0372759 -7.42906e-09 0
68977.9 2 0.0577969 -7.42905e-09 0
68977.9 2 0.0896151 -7.42904e-09 0
68977.9 2 0.13895 -7.42902e-09 0
68977.9 2 0.215443 -7.42899e-09 0
68977.9 2 0.334048 -7.42894e-09 0
68977.9 2 0.517947 -7.42886e-09 0
68977.9 2 0.803086 -7.42874e-09 0
68977.9 2 1.2452 -7.42855e-09 0
68977.9 2 1.9307 -7.42826e-09 0
68977.9 2 2.99358 -7.4278e-09 0
68977.9 2 4.64159 -7.4271e-09 0
68977.9 2 7.19686 -7.42602e-09 0
68977.9 2 11.1588 -7.42433e-09 0
68977.9 2 17.302 -7.42172e-09 0
68977.9 2 26.827 -7.41768e-09 0
68977.9 2 41.5956 -7.41142e-09 0
68977.9 2 64.4947 -7.40173e-09 0
68977.9 2 100 -7.38676e-09 0
68977.9 2 155.052 -7.36366e-09 0
68977.9 2 240.41 -7.32813e-09 0
68977.9 2 372.759 -7.27245e-09 0
68977.9 2 577.969 -7.16864e-09 0
68977.9 2 896.151 -7.02421e-09 0
68977.9 2 1389.5 -6.82e-09 0
68977.9 2 2154.43 -6.50905e-09 0
68977.9 2 3340.48 -6.09032e-09 0
68977.9 2 5179.47 -5.53003e-09 0
68977.9 2 8030.86 -4.82881e-09 0
68977.9 2 12452 -4.02515e-09 0
68977.9 2 19307 -3.1853e-09 0
68977.9 2 29935.8 -2.38913e-09 0
68977.9 2 46415.9 -1.70519e-09 0
68977.9 2 71968.6 -1.16787e-09 0
68977.9 2 111588 -7.74739e-10 0
68977.9 2 173020 -5.02061e-10 0
68977.9 2 268270 -3.20072e-10 0
68977.9 2 415956 -2.01869e-10 0
68977.9 2 644947 -1.26687e-10 0
68977.9 2 1e+06 -7.898e-11 0

168192 2 1e-06 -2.70856e-09 0
168192 2 1.55052e-06 -2.70856e-09 0
168192 2 2.4041e-06 -2.70856e-09 0
168192 2 3.72759e-06 -2.70856e-09 0
168192 2 5.77969e-06 -2.70856e-09 0
168192 2 8.96151e-06 -2.70856e-09 0
168192 2 1.3895e-05 -2.70856e-09 0
168192 2 2.15443e-05 -2.70856e-09 0
168192 2 3.34048e-05 -2.70856e-09 0
168192 2 5.17947e-05 -2.70856e-09 0
168192 2 8.03086e-05 -2.70856e-09 0
168192 2 0.00012452 -2.70856e-09 0
168192 2 0.00019307 -2.70856e-09 0
168192 2 0.000299358 -2.70856e-09 0
168192 2 0.000464159 -2.70856e-09 0
168192 2 0.000719686 -2.70856e-09 0
168192 2 0.00111588 -2.70856e-09 0
168192 2 0.0017302 -2.70856e-09 0
168192 2 0.0026827 -2.70856e-09 0
168192 2 0.00415956 -2.70856e-09 0
168192 2 0.00644947 -2.70856e-09 0
168192 2 0.01 -2.70856e-09 0
168192 2 0.0155052 -2.70856e-09 0
168192 2 0.024041 -2.70856e-09 0
168192 2 0.0372759 -2.70856e-09 0
168192 2 0.0577969 -2.70856e-09 0
168192 2 0.0896151 -2.70856e-09 0
168192 2 0.13895 -2.70855e-09 0
168192 2 0.215443 -2.70855e-09 0
168192 2 0.334048 -2.70854e-09 0
168192 2 0.517947 -2.70853e-09 0
168192 2 0.803086 -2.70851e-09 0
168192 2 1.2452 -2.70848e-09 0
168192 2 1.9307 -2.70844e-09 0
168192 2 2.99358 -2.70837e-09 0
168192 2 4.64159 -2.70827e-09 0
168192 2 7.19686 -2.7081e-09 0
168192 2 11.1588 -2.70785e-09 0
168192 2 17.302 -2.70746e-09 0
168192 2 26.827 -2.70686e-09 0
168192 2 41.5956 -2.70592e-09 0
168192 2 64.4947 -2.70446e-09 0
168192 2 100 -2.70221e-09 0
168192 2 155.052 -2.69873e-09 0
168192 2 240.41 -2.69335e-09 0
168192 2 372.759 -2.68504e-09 0
168192 2 577.969 -2.67227e-09 0
168192 2 896.151 -2.65005e-09 0
168192 2 1389.5 -2.61391e-09 0
168192 2 2154.43 -2.563e-09 0
168192 2 3340.48 -2.48984e-09 0
168192 2 5179.47 -2.37997e-09 0
168192 2 8030.86 -2.22972e-09 0
168192 2 12452 -2.02914e-09 0
168192 2 19307 -1.77692e-09 0
168192 2 29935.8 -1.48615e-09 0
168192 2 46415.9 -1.18122e-09 0
168192 2 71968.6 -8.89352e-10 0
168192 2 111588 -6.37869e-10 0
168192 2 173020 -4.38887e-10 0
168192 2 268270 -2.92043e-10 0
168192 2 415956 -1.89963e-10 0
168192 2 644947 -1.21722e-10 0
168192 2 1e+06 -7.69531e-11 0

410113 2 1e-06 -9.99527e-10 0
410113 2 1.55052e-06 -9.99527e-10 0
410113 2 2.4041e-06 -9.99527e-10 0
410113 2 3.72759e-06 -9.99527e-10 0
410113 2 5.77969e-06 -9.99527e-10 0
410113 2 8.96151e-06 -9.99527e-10 0
410113 2 1.3895e-05 -9.99527e-10 0
410113 2 2.15443e-05 -9.99527e-10 0
410113 2 3.34048e-05 -9.99527e-10 0
410113 2 5.17947e-05 -9.99527e-10 0
410113 2 8.03086e-05 -9.99527e-10 0
410113 2 0.00012452 -9.99527e-10 0
410113 2 0.00019307 -9.99527e-10 0
410113 2 0.000299358 -9.99527e-10 0
410113 2 0.000464159 -9.99527e-10 0
410113 2 0.000719686 -9.99527e-10 0
410113 2 0.00111588 -9.99527e-10 0
410113 2 0.0017302 -9.99527e-10 0
410113 2 0.0026827 -9.99527e-10 0
410113 2 0.00415956 -9.99527e-10 0
410113 2 0.00644947 -9.99527e-10 0
410113 2 0.01 -9.99527e-10 0
410113 2 0.0155052 -9.99527e-10 0
410113 2 0.024041 -9.99527e-10 0
410113 2 0.0372759 -9.99526e-10 0
410113 2 0.0577969 -9.99526e-10 0
410113 2 0.0896151 -9.99526e-10 0
410113 2 0.13895 -9.99525e-10 0
410113 2 0.215443 -9.99525e-10 0
410113 2 0.334048 -9.99524e-10 0
410113 2 0.517947 -9.99522e-10 0
410113 2 0.803086 -9.99519e-10 0
410113 2 1.2452 -9.99515e-10 0
410113 2 1.9307 -9.99508e-10 0
410113 2 2.99358 -9.99498e-10 0
410113 2 4.64159 -9.99482e-10 0
410113 2 7.19686 -9.99457e-10 0
410113 2 11.1588 -9.99419e-10 0
410113 2 17.302 -9.9936e-10 0
410113 2 26.827 -9.99268e-10 0
410113 2 41.5956 -9.99126e-10 0
410113 2 64.4947 -9.98906e-10 0
410113 2 100 -9.98565e-10 0
410113 2 155.052 -9.98036e-10 0
410113 2 240.41 -9.97217e-10 0
410113 2 372.759 -9.95949e-10 0
410113 2 577.969 -9.93991e-10 0
410113 2 896.151 -9.90592e-10 0
410113 2 1389.5 -9.84194e-10 0
410113 2 2154.43 -9.75453e-10 0
410113 2 3340.48 -9.63051e-10 0
410113 2 5179.47 -9.45146e-10 0
410113 2 8030.86 -9.17574e-10 0
410113 2 12452 -8.7961e-10 0
410113 2 19307 -8.24424e-10 0
410113 2 29935.8 -7.51883e-10 0
410113 2 46415.9 -6.60196e-10 0
410113 2 71968.6 -5.53927e-10 0
410113 2 111588 -4.41556e-10 0
410113 2 173020 -3.33746e-10 0
410113 2 268270 -2.40159e-10 0
410113 2 415956 -1.65948e-10 0
410113 2 644947 -1.11029e-10 0
410113 2 1e+06 -7.23595e-11 0

1e+06 2 1e-06 -3.69342e-10 0
1e+06 2 1.55052e-06 -3.69342e-10 0
1e+06 2 2.4041e-06 -3.69342e-10 0
1e+06 2 3.72759e-06 -3.69342e-10 0
1e+06 2 5.77969e-06 -3.69342e-10 0
1e+06 2 8.96151e-06 -3.69342e-10 0
1e+06 2 1.3895e-05 -3.69342e-10 0
1e+06 2 2.15443e-05 -3.69342e-10 0
1e+06 2 3.34048e-05 -3.69342e-10 0
1e+06 2 5.17947e-05 -3.69342e-10 0
1e+06 2 8.03086e-05 -3.69342e-10 0
1e+06 2 0.00012452 -3.69342e-10 0
1e+06 2 0.00019307 -3.69342e-10 0
1e+06 2 0.000299358 -3.69342e-10 0
1e+06 2 0.000464159 -3.69342e-10 0
1e+06 2 0.000719686 -3.69342e-10 0
1e+06 2 0.00111588 -3.69342e-10 0
1e+06 2 0.0017302 -3.69342e-10 0
1e+06 2 0.0026827 -3.69342e-10 0
1e+06 2 0.00415956 -3.69342e-10 0
1e+06 2 0.00644947 -3.69342e-10 0
1e+06 2 0.01 -3.69342e-10 0
1e+06 2 0.0155052 -3.69342e-10 0
1e+06 2 0.024041 -3.69342e-10 0
1e+06 2 0.0372759 -3.69342e-10 0
1e+06 2 0.0577969 -3.69342e-10 0
1e+06 2 0.0896151 -3.69342e-10 0
1e+06 2 0.13895 -3.69342e-10 0
1e+06 2 0.215443 -3.69341e-10 0
1e+06 2 0.334048 -3.69341e-10 0
1e+06 2 0.517947 -3.69341e-10 0
1e+06 2 0.803086 -3.69341e-10 0
1e+06 2 1.2452 -3.6934e-10 0
1e+06 2 1.9307 -3.69339e-10 0
1e+06 2 2.99358 -3.69337e-10 0
1e+06 2 4.64159 -3.69335e-10 0
1e+06 2 7.19686 -3.69331e-10 0
1e+06 2 11.1588 -3.69326e-10 0
1e+06 2 17.302 -3.69317e-10 0
1e+06 2 26.827 -3.69303e-10 0
1e+06 2 41.5956 -3.69281e-10 0
1e+06 2 64.4947 -3.69248e-10 0
1e+06 2 100 -3.69196e-10 0
1e+06 2 155.052 -3.69116e-10 0
1e+06 2 240.41 -3.68991e-10 0
1e+06 2 372.759 -3.68799e-10 0
1e+06 2 577.969 -3.685e-10 0
1e+06 2 896.151 -3.68163e-10 0
1e+06 2 1389.5 -3.67515e-10 0
1e+06 2 2154.43 -3.66413e-10 0
1e+06 2 3340.48 -3.64651e-10 0
1e+06 2 5179.47 -3.61932e-10 0
1e+06 2 8030.86 -3.57977e-10 0
1e+06 2 12452 -3.5137e-10 0
1e+06 2 19307 -3.41634e-10 0
1e+06 2 29935.8 -3.27383e-10 0
1e+06 2 46415.9 -3.07535e-10 0
1e+06 2 71968.6 -2.80716e-10 0
1e+06 2 111588 -2.47124e-10 0
1e+06 2 173020 -2.07889e-10 0
1e+06 2 268270 -1.66239e-10 0
1e+06 2 415956 -1.26258e-10 0
1e+06 2 644947 -9.12048e-11 0
1e+06 2 1e+06 -6.30934e-11 0

