#q_sq i k_sq Re(fg) Im(fg)
1e-06 3 1e-06 -0.777323 0
1e-06 3 1.55052e-06 -0.777322 0
1e-06 3 2.4041e-06 -0.777321 0
1e-06 3 3.72759e-06 -0.77732 0
1e-06 3 5.77969e-06 -0.777317 0
1e-06 3 8.96151e-06 -0.777313 0
1e-06 3 1.3895e-05 -0.777308 0
1e-06 3 2.15443e-05 -0.777299 0
1e-06 3 3.34048e-05 -0.777285 0
1e-06 3 5.17947e-05 -0.777263 0
1e-06 3 8.03086e-05 -0.77723 0
1e-06 3 0.00012452 -0.777178 0
1e-06 3 0.00019307 -0.777098 0
1e-06 3 0.000299358 -0.776973 0
1e-06 3 0.000464159 -0.77678 0
1e-06 3 0.000719686 -0.77648 0
1e-06 3 0.00111588 -0.776016 0
1e-06 3 0.0017302 -0.775298 0
1e-06 3 0.0026827 -0.774184 0
1e-06 3 0.00415956 -0.772462 0
1e-06 3 0.00644947 -0.769799 0
1e-06 3 0.01 -0.765689 0
1e-06 3 0.0155052 -0.759364 0
1e-06 3 0.024041 -0.749667 0
1e-06 3 0.0372759 -0.734893 0
1e-06 3 0.0577969 -0.712606 0
1e-06 3 0.0896151 -0.679486 0
1e-06 3 0.13895 -0.631409 0
1e-06 3 0.215443 -0.564134 0
1e-06 3 0.334048 -0.475077 0
1e-06 3 0.517947 -0.366857 0
1e-06 3 0.803086 -0.251756 0
1e-06 3 1.2452 -0.151363 0
1e-06 3 1.9307 -0.0830656 0
1e-06 3 2.99358 -0.0459094 0
1e-06 3 4.64159 -0.0243823 0
1e-06 3 7.19686 -0.0106504 0
1e-06 3 11.1588 -0.00647651 0
1e-06 3 17.302 -0.00306594 0
1e-06 3 26.827 -0.00153581 0
1e-06 3 41.5956 -0.000955644 0
1e-06 3 64.4947 -0.000594565 0
1e-06 3 100 -0.000363106 0
1e-06 3 155.052 -0.000227496 0
1e-06 3 240.41 -0.000141979 0
1e-06 3 372.759 -8.62684e-05 0
1e-06 3 577.969 -5.3247e-05 0
1e-06 3 896.151 -3.36158e-05 0
1e-06 3 1389.5 -2.0783e-05 0
1e-06 3 2154.43 -1.27407e-05 0
1e-06 3 3340.48 -7.86744e-06 0
1e-06 3 5179.47 -4.90448e-06 0
1e-06 3 8030.86 -3.07678e-06 0
1e-06 3 12452 -1.91544e-06 0
1e-06 3 19307 -1.18743e-06 0
1e-06 3 29935.8 -7.36988e-07 0
1e-06 3 46415.9 -4.57697e-07 0
1e-06 3 71968.6 -2.84285e-07 0
1e-06 3 111588 -1.75875e-07 0
1e-06 3 173020 -1.0671e-07 0
1e-06 3 268270 -6.36456e-08 0
1e-06 3 415956 -3.65788e-08 0
1e-06 3 644947 -1.95708e-08 0
1e-06 3 1e+06 -9.19947e-09 0

2.43835e-06 3 1e-06 -0.777323 0
2.43835e-06 3 1.55052e-06 -0.777322 0
2.43835e-06 3 2.4041e-06 -0.777321 0
2.43835e-06 3 3.72759e-06 -0.777319 0
2.43835e-06 3 5.77969e-06 -0.777317 0
2.43835e-06 3 8.96151e-06 -0.777313 0
2.43835e-06 3 1.3895e-05 -0.777307 0
2.43835e-06 3 2.15443e-05 -0.777299 0
2.43835e-06 3 3.34048e-05 -0.777285 0
2.43835e-06 3 5.17947e-05 -0.777263 0
2.43835e-06 3 8.03086e-05 -0.77723 0
2.43835e-06 3 0.00012452 -0.777178 0
2.43835e-06 3 0.00019307 -0.777097 0
2.43835e-06 3 0.000299358 -0.776973 0
2.43835e-06 3 0.000464159 -0.77678 0
2.43835e-06 3 0.000719686 -0.77648 0
2.43835e-06 3 0.00111588 -0.776016 0
2.43835e-06 3 0.0017302 -0.775297 0
2.43835e-06 3 0.0026827 -0.774184 0
2.43835e-06 3 0.00415956 -0.772462 0
2.43835e-06 3 0.00644947 -0.769799 0
2.43835e-06 3 0.01 -0.765689 0
2.43835e-06 3 0.0155052 -0.759364 0
2.43835e-06 3 0.024041 -0.749666 0
2.43835e-06 3 0.0372759 -0.734892 0
2.43835e-06 3 0.0577969 -0.712606 0
2.43835e-06 3 0.0896151 -0.679486 0
2.43835e-06 3 0.13895 -0.631409 0
2.43835e-06 3 0.215443 -0.564134 0
2.43835e-06 3 0.334048 -0.475077 0
2.43835e-06 3 0.517947 -0.366857 0
2.43835e-06 3 0.803086 -0.251756 0
2.43835e-06 3 1.2452 -0.151363 0
2.43835e-06 3 1.9307 -0.0830656 0
2.43835e-06 3 2.99358 -0.0459094 0
2.43835e-06 3 4.64159 -0.0243823 0
2.43835e-06 3 7.19686 -0.0106504 0
2.43835e-06 3 11.1588 -0.00647651 0
2.43835e-06 3 17.302 -0.00306594 0
2.43835e-06 3 26.827 -0.00153581 0
2.43835e-06 3 41.5956 -0.000955644 0
2.43835e-06 3 64.4947 -0.000594565 0
2.43835e-06 3 100 -0.000363106 0
2.43835e-06 3 155.052 -0.000227496 0
2.43835e-06 3 240.41 -0.000141979 0
2.43835e-06 3 372.759 -8.62684e-05 0
2.43835e-06 3 577.969 -5.3247e-05 0
2.43835e-06 3 896.151 -3.36158e-05 0
2.43835e-06 3 1389.5 -2.0783e-05 0
2.43835e-06 3 2154.43 -1.27407e-05 0
2.43835e-06 3 3340.48 -7.86744e-06 0
2.43835e-06 3 5179.47 -4.90448e-06 0
2.43835e-06 3 8030.86 -3.07678e-06 0
2.43835e-06 3 12452 -1.91544e-06 0
2.43835e-06 3 19307 -1.18743e-06 0
2.43835e-06 3 29935.8 -7.36988e-07 0
2.43835e-06 3 46415.9 -4.57697e-07 0
2.43835e-06 3 71968.6 -2.84285e-07 0
2.43835e-06 3 111588 -1.75875e-07 0
2.43835e-06 3 173020 -1.0671e-07 0
2.43835e-06 3 268270 -6.36456e-08 0
2.43835e-06 3 415956 -3.65788e-08 0
2.43835e-06 3 644947 -1.95708e-08 0
2.43835e-06 3 1e+06 -9.19947e-09 0

5.94557e-06 3 1e-06 -0.777322 0
5.94557e-06 3 1.55052e-06 -0.777322 0
5.94557e-06 3 2.4041e-06 -0.777321 0
5.94557e-06 3 3.72759e-06 -0.777319 0
5.94557e-06 3 5.77969e-06 -0.777317 0
5.94557e-06 3 8.96151e-06 -0.777313 0
5.94557e-06 3 1.3895e-05 -0.777307 0
5.94557e-06 3 2.15443e-05 -0.777298 0
5.94557e-06 3 3.34048e-05 -0.777284 0
5.94557e-06 3 5.17947e-05 -0.777263 0
5.94557e-06 3 8.03086e-05 -0.777229 0
5.94557e-06 3 0.00012452 -0.777177 0
5.94557e-06 3 0.00019307 -0.777097 0
5.94557e-06 3 0.000299358 -0.776972 0
5.94557e-06 3 0.000464159 -0.776779 0
5.94557e-06 3 0.000719686 -0.77648 0
5.94557e-06 3 0.00111588 -0.776016 0
5.94557e-06 3 0.0017302 -0.775297 0
5.94557e-06 3 0.0026827 -0.774184 0
5.94557e-06 3 0.00415956 -0.772461 0
5.94557e-06 3 0.00644947 -0.769798 0
5.94557e-06 3 0.01 -0.765689 0
5.94557e-06 3 0.0155052 -0.759363 0
5.94557e-06 3 0.024041 -0.749666 0
5.94557e-06 3 0.0372759 -0.734892 0
5.94557e-06 3 0.0577969 -0.712605 0
5.94557e-06 3 0.0896151 -0.679486 0
5.94557e-06 3 0.13895 -0.631408 0
5.94557e-06 3 0.215443 -0.564134 0
5.94557e-06 3 0.334048 -0.475077 0
5.94557e-06 3 0.517947 -0.366857 0
5.94557e-06 3 0.803086 -0.251756 0
5.94557e-06 3 1.2452 -0.151363 0
5.94557e-06 3 1.9307 -0.0830656 0
5.94557e-06 3 2.99358 -0.0459094 0
5.94557e-06 3 4.64159 -0.0243822 0
5.94557e-06 3 7.19686 -0.0106504 0
5.94557e-06 3 11.1588 -0.00647651 0
5.94557e-06 3 17.302 -0.00306594 0
5.94557e-06 3 26.827 -0.00153581 0
5.94557e-06 3 41.5956 -0.000955644 0
5.94557e-06 3 64.4947 -0.000594565 0
5.94557e-06 3 100 -0.000363106 0
5.94557e-06 3 155.052 -0.000227496 0
5.94557e-06 3 240.41 -0.000141979 0
5.94557e-06 3 372.759 -8.62684e-05 0
5.94557e-06 3 577.969 -5.3247e-05 0
5.94557e-06 3 896.151 -3.36158e-05 0
5.94557e-06 3 1389.5 -2.0783e-05 0
5.94557e-06 3 2154.43 -1.27407e-05 0
5.94557e-06 3 3340.48 -7.86744e-06 0
5.94557e-06 3 5179.47 -4.90448e-06 0
5.94557e-06 3 8030.86 -3.07678e-06 0
5.94557e-06 3 12452 -1.91544e-06 0
5.94557e-06 3 19307 -1.18743e-06 0
5.94557e-06 3 29935.8 -7.36988e-07 0
5.94557e-06 3 46415.9 -4.57697e-07 0
5.94557e-06 3 71968.6 -2.84285e-07 0
5.94557e-06 3 111588 -1.75875e-07 0
5.94557e-06 3 173020 -1.0671e-07 0
5.94557e-06 3 268270 -6.36456e-08 0
5.94557e-06 3 415956 -3.65788e-08 0
5.94557e-06 3 644947 -1.95708e-08 0
5.94557e-06 3 1e+06 -9.19947e-09 0

1.44974e-05 3 1e-06 -0.777321 0
1.44974e-05 3 1.55052e-06 -0.777321 0
1.44974e-05 3 2.4041e-06 -0.77732 0
1.44974e-05 3 3.72759e-06 -0.777318 0
1.44974e-05 3 5.77969e-06 -0.777316 0
1.44974e-05 3 8.96151e-06 -0.777312 0
1.44974e-05 3 1.3895e-05 -0.777306 0
1.44974e-05 3 2.15443e-05 -0.777297 0
1.44974e-05 3 3.34048e-05 -0.777283 0
1.44974e-05 3 5.17947e-05 -0.777262 0
1.44974e-05 3 8.03086e-05 -0.777228 0
1.44974e-05 3 0.00012452 -0.777176 0
1.44974e-05 3 0.00019307 -0.777096 0
1.44974e-05 3 0.000299358 -0.776971 0
1.44974e-05 3 0.000464159 -0.776778 0
1.44974e-05 3 0.000719686 -0.776479 0
1.44974e-05 3 0.00111588 -0.776015 0
1.44974e-05 3 0.0017302 -0.775296 0
1.44974e-05 3 0.0026827 -0.774183 0
1.44974e-05 3 0.00415956 -0.77246 0
1.44974e-05 3 0.00644947 -0.769797 0
1.44974e-05 3 0.01 -0.765688 0
1.44974e-05 3 0.0155052 -0.759362 0
1.44974e-05 3 0.024041 -0.749665 0
1.44974e-05 3 0.0372759 -0.734891 0
1.44974e-05 3 0.0577969 -0.712604 0
1.44974e-05 3 0.0896151 -0.679485 0
1.44974e-05 3 0.13895 -0.631407 0
1.44974e-05 3 0.215443 -0.564133 0
1.44974e-05 3 0.334048 -0.475076 0
1.44974e-05 3 0.517947 -0.366856 0
1.44974e-05 3 0.803086 -0.251756 0
1.44974e-05 3 1.2452 -0.151363 0
1.44974e-05 3 1.9307 -0.0830655 0
1.44974e-05 3 2.99358 -0.0459094 0
1.44974e-05 3 4.64159 -0.0243822 0
1.44974e-05 3 7.19686 -0.0106504 0
1.44974e-05 3 11.1588 -0.00647651 0
1.44974e-05 3 17.302 -0.00306594 0
1.44974e-05 3 26.827 -0.00153581 0
1.44974e-05 3 41.5956 -0.000955644 0
1.44974e-05 3 64.4947 -0.000594565 0
1.44974e-05 3 100 -0.000363106 0
1.44974e-05 3 155.052 -0.000227496 0
1.44974e-05 3 240.41 -0.000141979 0
1.44974e-05 3 372.759 -8.62684e-05 0
1.44974e-05 3 577.969 -5.3247e-05 0
1.44974e-05 3 896.151 -3.36158e-05 0
1.44974e-05 3 1389.5 -2.0783e-05 0
1.44974e-05 3 2154.43 -1.27407e-05 0
1.44974e-05 3 3340.48 -7.86744e-06 0
1.44974e-05 3 5179.47 -4.90448e-06 0
1.44974e-05 3 8030.86 -3.07678e-06 0
1.44974e-05 3 12452 -1.91544e-06 0
1.44974e-05 3 19307 -1.18743e-06 0
1.44974e-05 3 29935.8 -7.36988e-07 0
1.44974e-05 3 46415.9 -4.57697e-07 0
1.44974e-05 3 71968.6 -2.84285e-07 0
1.44974e-05 3 111588 -1.75875e-07 0
1.44974e-05 3 173020 -1.0671e-07 0
1.44974e-05 3 268270 -6.36456e-08 0
1.44974e-05 3 415956 -3.65788e-08 0
1.44974e-05 3 644947 -1.95708e-08 0
1.44974e-05 3 1e+06 -9.19947e-09 0

3.53498e-05 3 1e-06 -0.777319 0
3.53498e-05 3 1.55052e-06 -0.777318 0
3.53498e-05 3 2.4041e-06 -0.777317 0
3.53498e-05 3 3.72759e-06 -0.777315 0
3.53498e-05 3 5.77969e-06 -0.777313 0
3.53498e-05 3 8.96151e-06 -0.777309 0
3.53498e-05 3 1.3895e-05 -0.777304 0
3.53498e-05 3 2.15443e-05 -0.777295 0
3.53498e-05 3 3.34048e-05 -0.777281 0
3.53498e-05 3 5.17947e-05 -0.777259 0
3.53498e-05 3 8.03086e-05 -0.777226 0
3.53498e-05 3 0.00012452 -0.777174 0
3.53498e-05 3 0.00019307 -0.777093 0
3.53498e-05 3 0.000299358 -0.776969 0
3.53498e-05 3 0.000464159 -0.776776 0
3.53498e-05 3 0.000719686 -0.776476 0
3.53498e-05 3 0.00111588 -0.776012 0
3.53498e-05 3 0.0017302 -0.775293 0
3.53498e-05 3 0.0026827 -0.77418 0
3.53498e-05 3 0.00415956 -0.772458 0
3.53498e-05 3 0.00644947 -0.769795 0
3.53498e-05 3 0.01 -0.765685 0
3.53498e-05 3 0.0155052 -0.75936 0
3.53498e-05 3 0.024041 -0.749663 0
3.53498e-05 3 0.0372759 -0.734889 0
3.53498e-05 3 0.0577969 -0.712602 0
3.53498e-05 3 0.0896151 -0.679482 0
3.53498e-05 3 0.13895 -0.631406 0
3.53498e-05 3 0.215443 -0.564131 0
3.53498e-05 3 0.334048 -0.475075 0
3.53498e-05 3 0.517947 -0.366855 0
3.53498e-05 3 0.803086 -0.251756 0
3.53498e-05 3 1.2452 -0.151363 0
3.53498e-05 3 1.9307 -0.0830654 0
3.53498e-05 3 2.99358 -0.0459093 0
3.53498e-05 3 4.64159 -0.0243822 0
3.53498e-05 3 7.19686 -0.0106504 0
3.53498e-05 3 11.1588 -0.00647651 0
3.53498e-05 3 17.302 -0.00306594 0
3.53498e-05 3 26.827 -0.00153581 0
3.53498e-05 3 41.5956 -0.000955643 0
3.53498e-05 3 64.4947 -0.000594565 0
3.53498e-05 3 100 -0.000363106 0
3.53498e-05 3 155.052 -0.000227496 0
3.53498e-05 3 240.41 -0.000141979 0
3.53498e-05 3 372.759 -8.62684e-05 0
3.53498e-05 3 577.969 -5.3247e-05 0
3.53498e-05 3 896.151 -3.36158e-05 0
3.53498e-05 3 1389.5 -2.0783e-05 0
3.53498e-05 3 2154.43 -1.27407e-05 0
3.53498e-05 3 3340.48 -7.86744e-06 0
3.53498e-05 3 5179.47 -4.90448e-06 0
3.53498e-05 3 8030.86 -3.07678e-06 0
3.53498e-05 3 12452 -1.91544e-06 0
3.53498e-05 3 19307 -1.18743e-06 0
3.53498e-05 3 29935.8 -7.36988e-07 0
3.53498e-05 3 46415.9 -4.57697e-07 0
3.53498e-05 3 71968.6 -2.84285e-07 0
3.53498e-05 3 111588 -1.75875e-07 0
3.53498e-05 3 173020 -1.0671e-07 0
3.53498e-05 3 268270 -6.36456e-08 0
3.53498e-05 3 415956 -3.65788e-08 0
3.53498e-05 3 644947 -1.95708e-08 0
3.53498e-05 3 1e+06 -9.19947e-09 0

8.61954e-05 3 1e-06 -0.777313 0
8.61954e-05 3 1.55052e-06 -0.777312 0
8.61954e-05 3 2.4041e-06 -0.777311 0
8.61954e-05 3 3.72759e-06 -0.777309 0
8.61954e-05 3 5.77969e-06 -0.777307 0
8.61954e-05 3 8.96151e-06 -0.777303 0
8.61954e-05 3 1.3895e-05 -0.777297 0
8.61954e-05 3 2.15443e-05 -0.777288 0
8.61954e-05 3 3.34048e-05 -0.777275 0
8.61954e-05 3 5.17947e-05 -0.777253 0
8.61954e-05 3 8.03086e-05 -0.77722 0
8.61954e-05 3 0.00012452 -0.777168 0
8.61954e-05 3 0.00019307 -0.777087 0
8.61954e-05 3 0.000299358 -0.776963 0
8.61954e-05 3 0.000464159 -0.77677 0
8.61954e-05 3 0.000719686 -0.77647 0
8.61954e-05 3 0.00111588 -0.776006 0
8.61954e-05 3 0.0017302 -0.775287 0
8.61954e-05 3 0.0026827 -0.774174 0
8.61954e-05 3 0.00415956 -0.772452 0
8.61954e-05 3 0.00644947 -0.769789 0
8.61954e-05 3 0.01 -0.765679 0
8.61954e-05 3 0.0155052 -0.759354 0
8.61954e-05 3 0.024041 -0.749657 0
8.61954e-05 3 0.0372759 -0.734883 0
8.61954e-05 3 0.0577969 -0.712596 0
8.61954e-05 3 0.0896151 -0.679477 0
8.61954e-05 3 0.13895 -0.631401 0
8.61954e-05 3 0.215443 -0.564127 0
8.61954e-05 3 0.334048 -0.475072 0
8.61954e-05 3 0.517947 -0.366853 0
8.61954e-05 3 0.803086 -0.251754 0
8.61954e-05 3 1.2452 -0.151362 0
8.61954e-05 3 1.9307 -0.083065 0
8.61954e-05 3 2.99358 -0.0459091 0
8.61954e-05 3 4.64159 -0.0243821 0
8.61954e-05 3 7.19686 -0.0106504 0
8.61954e-05 3 11.1588 -0.0064765 0
8.61954e-05 3 17.302 -0.00306593 0
8.61954e-05 3 26.827 -0.0015358 0
8.61954e-05 3 41.5956 -0.000955643 0
8.61954e-05 3 64.4947 -0.000594565 0
8.61954e-05 3 100 -0.000363106 0
8.61954e-05 3 155.052 -0.000227496 0
8.61954e-05 3 240.41 -0.000141979 0
8.61954e-05 3 372.759 -8.62684e-05 0
8.61954e-05 3 577.969 -5.3247e-05 0
8.61954e-05 3 896.151 -3.36158e-05 0
8.61954e-05 3 1389.5 -2.0783e-05 0
8.61954e-05 3 2154.43 -1.27407e-05 0
8.61954e-05 3 3340.48 -7.86744e-06 0
8.61954e-05 3 5179.47 -4.90448e-06 0
8.61954e-05 3 8030.86 -3.07678e-06 0
8.61954e-05 3 12452 -1.91544e-06 0
8.61954e-05 3 19307 -1.18743e-06 0
8.61954e-05 3 29935.8 -7.36988e-07 0
8.61954e-05 3 46415.9 -4.57697e-07 0
8.61954e-05 3 71968.6 -2.84285e-07 0
8.61954e-05 3 111588 -1.75875e-07 0
8.61954e-05 3 173020 -1.0671e-07 0
8.61954e-05 3 268270 -6.36456e-08 0
8.61954e-05 3 415956 -3.65788e-08 0
8.61954e-05 3 644947 -1.95708e-08 0
8.61954e-05 3 1e+06 -9.19947e-09 0

0.000210175 3 1e-06 -0.777298 0
0.000210175 3 1.55052e-06 -0.777297 0
0.000210175 3 2.4041e-06 -0.777296 0
0.000210175 3 3.72759e-06 -0.777294 0
0.000210175 3 5.77969e-06 -0.777292 0
0.000210175 3 8.96151e-06 -0.777288 0
0.000210175 3 1.3895e-05 -0.777283 0
0.000210175 3 2.15443e-05 -0.777274 0
0.000210175 3 3.34048e-05 -0.77726 0
0.000210175 3 5.17947e-05 -0.777238 0
0.000210175 3 8.03086e-05 -0.777205 0
0.000210175 3 0.00012452 -0.777153 0
0.000210175 3 0.00019307 -0.777072 0
0.000210175 3 0.000299358 -0.776948 0
0.000210175 3 0.000464159 -0.776755 0
0.000210175 3 0.000719686 -0.776455 0
0.000210175 3 0.00111588 -0.775991 0
0.000210175 3 0.0017302 -0.775272 0
0.000210175 3 0.0026827 -0.774159 0
0.000210175 3 0.00415956 -0.772437 0
0.000210175 3 0.00644947 -0.769774 0
0.000210175 3 0.01 -0.765665 0
0.000210175 3 0.0155052 -0.759339 0
0.000210175 3 0.024041 -0.749642 0
0.000210175 3 0.0372759 -0.734869 0
0.000210175 3 0.0577969 -0.712583 0
0.000210175 3 0.0896151 -0.679464 0
0.000210175 3 0.13895 -0.631389 0
0.000210175 3 0.215443 -0.564117 0
0.000210175 3 0.334048 -0.475063 0
0.000210175 3 0.517947 -0.366847 0
0.000210175 3 0.803086 -0.251751 0
0.000210175 3 1.2452 -0.15136 0
0.000210175 3 1.9307 -0.0830641 0
0.000210175 3 2.99358 -0.0459087 0
0.000210175 3 4.64159 -0.024382 0
0.000210175 3 7.19686 -0.0106503 0
0.000210175 3 11.1588 -0.00647648 0
0.000210175 3 17.302 -0.00306592 0
0.000210175 3 26.827 -0.0015358 0
0.000210175 3 41.5956 -0.000955642 0
0.000210175 3 64.4947 -0.000594565 0
0.000210175 3 100 -0.000363106 0
0.000210175 3 155.052 -0.000227496 0
0.000210175 3 240.41 -0.000141978 0
0.000210175 3 372.759 -8.62684e-05 0
0.000210175 3 577.969 -5.3247e-05 0
0.000210175 3 896.151 -3.36158e-05 0
0.000210175 3 1389.5 -2.0783e-05 0
0.000210175 3 2154.43 -1.27407e-05 0
0.000210175 3 3340.48 -7.86744e-06 0
0.000210175 3 5179.47 -4.90448e-06 0
0.000210175 3 8030.86 -3.07678e-06 0
0.000210175 3 12452 -1.91544e-06 0
0.000210175 3 19307 -1.18743e-06 0
0.000210175 3 29935.8 -7.36988e-07 0
0.000210175 3 46415.9 -4.57697e-07 0
0.000210175 3 71968.6 -2.84285e-07 0
0.000210175 3 111588 -1.75875e-07 0
0.000210175 3 173020 -1.0671e-07 0
0.000210175 3 268270 -6.36456e-08 0
0.000210175 3 415956 -3.65788e-08 0
0.000210175 3 644947 -1.95708e-08 0
0.000210175 3 1e+06 -9.19947e-09 0

0.000512481 3 1e-06 -0.777261 0
0.000512481 3 1.55052e-06 -0.777261 0
0.000512481 3 2.4041e-06 -0.77726 0
0.000512481 3 3.72759e-06 -0.777258 0
0.000512481 3 5.77969e-06 -0.777256 0
0.000512481 3 8.96151e-06 -0.777252 0
0.000512481 3 1.3895e-05 -0.777246 0
0.000512481 3 2.15443e-05 -0.777237 0
0.000512481 3 3.34048e-05 -0.777223 0
0.000512481 3 5.17947e-05 -0.777202 0
0.000512481 3 8.03086e-05 -0.777168 0
0.000512481 3 0.00012452 -0.777116 0
0.000512481 3 0.00019307 -0.777036 0
0.000512481 3 0.000299358 -0.776912 0
0.000512481 3 0.000464159 -0.776718 0
0.000512481 3 0.000719686 -0.776419 0
0.000512481 3 0.00111588 -0.775955 0
0.000512481 3 0.0017302 -0.775236 0
0.000512481 3 0.0026827 -0.774123 0
0.000512481 3 0.00415956 -0.772401 0
0.000512481 3 0.00644947 -0.769738 0
0.000512481 3 0.01 -0.765629 0
0.000512481 3 0.0155052 -0.759304 0
0.000512481 3 0.024041 -0.749608 0
0.000512481 3 0.0372759 -0.734835 0
0.000512481 3 0.0577969 -0.71255 0
0.000512481 3 0.0896151 -0.679433 0
0.000512481 3 0.13895 -0.631361 0
0.000512481 3 0.215443 -0.564092 0
0.000512481 3 0.334048 -0.475044 0
0.000512481 3 0.517947 -0.366833 0
0.000512481 3 0.803086 -0.251742 0
0.000512481 3 1.2452 -0.151356 0
0.000512481 3 1.9307 -0.083062 0
0.000512481 3 2.99358 -0.0459078 0
0.000512481 3 4.64159 -0.0243816 0
0.000512481 3 7.19686 -0.0106502 0
0.000512481 3 11.1588 -0.00647642 0
0.000512481 3 17.302 -0.00306591 0
0.000512481 3 26.827 -0.0015358 0
0.000512481 3 41.5956 -0.000955639 0
0.000512481 3 64.4947 -0.000594563 0
0.000512481 3 100 -0.000363105 0
0.000512481 3 155.052 -0.000227495 0
0.000512481 3 240.41 -0.000141978 0
0.000512481 3 372.759 -8.62683e-05 0
0.000512481 3 577.969 -5.32469e-05 0
0.000512481 3 896.151 -3.36158e-05 0
0.000512481 3 1389.5 -2.0783e-05 0
0.000512481 3 2154.43 -1.27407e-05 0
0.000512481 3 3340.48 -7.86744e-06 0
0.000512481 3 5179.47 -4.90448e-06 0
0.000512481 3 8030.86 -3.07678e-06 0
0.000512481 3 12452 -1.91544e-06 0
0.000512481 3 19307 -1.18743e-06 0
0.000512481 3 29935.8 -7.36988e-07 0
0.000512481 3 46415.9 -4.57697e-07 0
0.000512481 3 71968.6 -2.84285e-07 0
0.000512481 3 111588 -1.75875e-07 0
0.000512481 3 173020 -1.0671e-07 0
0.000512481 3 268270 -6.36456e-08 0
0.000512481 3 415956 -3.65788e-08 0
0.000512481 3 644947 -1.95708e-08 0
0.000512481 3 1e+06 -9.19947e-09 0

0.00124961 3 1e-06 -0.777173 0
0.00124961 3 1.55052e-06 -0.777172 0
0.00124961 3 2.4041e-06 -0.777171 0
0.00124961 3 3.72759e-06 -0.77717 0
0.00124961 3 5.77969e-06 -0.777167 0
0.00124961 3 8.96151e-06 -0.777163 0
0.00124961 3 1.3895e-05 -0.777158 0
0.00124961 3 2.15443e-05 -0.777149 0
0.00124961 3 3.34048e-05 -0.777135 0
0.00124961 3 5.17947e-05 -0.777113 0
0.00124961 3 8.03086e-05 -0.77708 0
0.00124961 3 0.00012452 -0.777028 0
0.00124961 3 0.00019307 -0.776948 0
0.00124961 3 0.000299358 -0.776823 0
0.00124961 3 0.000464159 -0.77663 0
0.00124961 3 0.000719686 -0.77633 0
0.00124961 3 0.00111588 -0.775867 0
0.00124961 3 0.0017302 -0.775148 0
0.00124961 3 0.0026827 -0.774035 0
0.00124961 3 0.00415956 -0.772313 0
0.00124961 3 0.00644947 -0.76965 0
0.00124961 3 0.01 -0.765542 0
0.00124961 3 0.0155052 -0.759218 0
0.00124961 3 0.024041 -0.749522 0
0.00124961 3 0.0372759 -0.734752 0
0.00124961 3 0.0577969 -0.71247 0
0.00124961 3 0.0896151 -0.679357 0
0.00124961 3 0.13895 -0.631291 0
0.00124961 3 0.215443 -0.564032 0
0.00124961 3 0.334048 -0.474995 0
0.00124961 3 0.517947 -0.366799 0
0.00124961 3 0.803086 -0.251721 0
0.00124961 3 1.2452 -0.151345 0
0.00124961 3 1.9307 -0.0830568 0
0.00124961 3 2.99358 -0.0459054 0
0.00124961 3 4.64159 -0.0243806 0
0.00124961 3 7.19686 -0.0106499 0
0.00124961 3 11.1588 -0.00647628 0
0.00124961 3 17.302 -0.00306586 0
0.00124961 3 26.827 -0.00153578 0
0.00124961 3 41.5956 -0.000955631 0
0.00124961 3 64.4947 -0.00059456 0
0.00124961 3 100 -0.000363104 0
0.00124961 3 155.052 -0.000227495 0
0.00124961 3 240.41 -0.000141978 0
0.00124961 3 372.759 -8.62682e-05 0
0.00124961 3 577.969 -5.32469e-05 0
0.00124961 3 896.151 -3.36158e-05 0
0.00124961 3 1389.5 -2.0783e-05 0
0.00124961 3 2154.43 -1.27407e-05 0
0.00124961 3 3340.48 -7.86744e-06 0
0.00124961 3 5179.47 -4.90448e-06 0
0.00124961 3 8030.86 -3.07678e-06 0
0.00124961 3 12452 -1.91544e-06 0
0.00124961 3 19307 -1.18743e-06 0
0.00124961 3 29935.8 -7.36988e-07 0
0.00124961 3 46415.9 -4.57697e-07 0
0.00124961 3 71968.6 -2.84285e-07 0
0.00124961 3 111588 -1.75875e-07 0
0.00124961 3 173020 -1.0671e-07 0
0.00124961 3 268270 -6.36456e-08 0
0.00124961 3 415956 -3.65788e-08 0
0.00124961 3 644947 -1.95708e-08 0
0.00124961 3 1e+06 -9.19947e-09 0

0.00304699 3 1e-06 -0.776956 0
0.00304699 3 1.55052e-06 -0.776956 0
0.00304699 3 2.4041e-06 -0.776955 0
0.00304699 3 3.72759e-06 -0.776953 0
0.00304699 3 5.77969e-06 -0.776951 0
0.00304699 3 8.96151e-06 -0.776947 0
0.00304699 3 1.3895e-05 -0.776941 0
0.00304699 3 2.15443e-05 -0.776932 0
0.00304699 3 3.34048e-05 -0.776918 0
0.00304699 3 5.17947e-05 -0.776897 0
0.00304699 3 8.03086e-05 -0.776863 0
0.00304699 3 0.00012452 -0.776812 0
0.00304699 3 0.00019307 -0.776731 0
0.00304699 3 0.000299358 -0.776607 0
0.00304699 3 0.000464159 -0.776414 0
0.00304699 3 0.000719686 -0.776114 0
0.00304699 3 0.00111588 -0.775651 0
0.00304699 3 0.0017302 -0.774932 0
0.00304699 3 0.0026827 -0.773819 0
0.00304699 3 0.00415956 -0.772098 0
0.00304699 3 0.00644947 -0.769436 0
0.00304699 3 0.01 -0.765329 0
0.00304699 3 0.0155052 -0.759007 0
0.00304699 3 0.024041 -0.749314 0
0.00304699 3 0.0372759 -0.734548 0
0.00304699 3 0.0577969 -0.712273 0
0.00304699 3 0.0896151 -0.679172 0
0.00304699 3 0.13895 -0.631121 0
0.00304699 3 0.215443 -0.563884 0
0.00304699 3 0.334048 -0.474877 0
0.00304699 3 0.517947 -0.366715 0
0.00304699 3 0.803086 -0.251671 0
0.00304699 3 1.2452 -0.151319 0
0.00304699 3 1.9307 -0.0830442 0
0.00304699 3 2.99358 -0.0458996 0
0.00304699 3 4.64159 -0.0243783 0
0.00304699 3 7.19686 -0.0106492 0
0.00304699 3 11.1588 -0.00647595 0
0.00304699 3 17.302 -0.00306576 0
0.00304699 3 26.827 -0.00153574 0
0.00304699 3 41.5956 -0.000955613 0
0.00304699 3 64.4947 -0.000594552 0
0.00304699 3 100 -0.0003631 0
0.00304699 3 155.052 -0.000227493 0
0.00304699 3 240.41 -0.000141977 0
0.00304699 3 372.759 -8.62679e-05 0
0.00304699 3 577.969 -5.32468e-05 0
0.00304699 3 896.151 -3.36158e-05 0
0.00304699 3 1389.5 -2.0783e-05 0
0.00304699 3 2154.43 -1.27407e-05 0
0.00304699 3 3340.48 -7.86744e-06 0
0.00304699 3 5179.47 -4.90448e-06 0
0.00304699 3 8030.86 -3.07678e-06 0
0.00304699 3 12452 -1.91544e-06 0
0.00304699 3 19307 -1.18743e-06 0
0.00304699 3 29935.8 -7.36988e-07 0
0.00304699 3 46415.9 -4.57697e-07 0
0.00304699 3 71968.6 -2.84285e-07 0
0.00304699 3 111588 -1.75875e-07 0
0.00304699 3 173020 -1.0671e-07 0
0.00304699 3 268270 -6.36456e-08 0
0.00304699 3 415956 -3.65788e-08 0
0.00304699 3 644947 -1.95708e-08 0
0.00304699 3 1e+06 -9.19947e-09 0

0.00742964 3 1e-06 -0.776427 0
0.00742964 3 1.55052e-06 -0.776426 0
0.00742964 3 2.4041e-06 -0.776425 0
0.00742964 3 3.72759e-06 -0.776424 0
0.00742964 3 5.77969e-06 -0.776421 0
0.00742964 3 8.96151e-06 -0.776418 0
0.00742964 3 1.3895e-05 -0.776412 0
0.00742964 3 2.15443e-05 -0.776403 0
0.00742964 3 3.34048e-05 -0.776389 0
0.00742964 3 5.17947e-05 -0.776367 0
0.00742964 3 8.03086e-05 -0.776334 0
0.00742964 3 0.00012452 -0.776282 0
0.00742964 3 0.00019307 -0.776202 0
0.00742964 3 0.000299358 -0.776077 0
0.00742964 3 0.000464159 -0.775885 0
0.00742964 3 0.000719686 -0.775586 0
0.00742964 3 0.00111588 -0.775122 0
0.00742964 3 0.0017302 -0.774404 0
0.00742964 3 0.0026827 -0.773292 0
0.00742964 3 0.00415956 -0.771572 0
0.00742964 3 0.00644947 -0.768912 0
0.00742964 3 0.01 -0.764808 0
0.00742964 3 0.0155052 -0.758491 0
0.00742964 3 0.024041 -0.748806 0
0.00742964 3 0.0372759 -0.734051 0
0.00742964 3 0.0577969 -0.711793 0
0.00742964 3 0.0896151 -0.678718 0
0.00742964 3 0.13895 -0.630706 0
0.00742964 3 0.215443 -0.563524 0
0.00742964 3 0.334048 -0.474589 0
0.00742964 3 0.517947 -0.366511 0
0.00742964 3 0.803086 -0.251548 0
0.00742964 3 1.2452 -0.151255 0
0.00742964 3 1.9307 -0.0830134 0
0.00742964 3 2.99358 -0.0458854 0
0.00742964 3 4.64159 -0.0243727 0
0.00742964 3 7.19686 -0.0106474 0
0.00742964 3 11.1588 -0.00647513 0
0.00742964 3 17.302 -0.0030655 0
0.00742964 3 26.827 -0.00153564 0
0.00742964 3 41.5956 -0.000955569 0
0.00742964 3 64.4947 -0.000594532 0
0.00742964 3 100 -0.000363091 0
0.00742964 3 155.052 -0.000227489 0
0.00742964 3 240.41 -0.000141976 0
0.00742964 3 372.759 -8.62672e-05 0
0.00742964 3 577.969 -5.32464e-05 0
0.00742964 3 896.151 -3.36156e-05 0
0.00742964 3 1389.5 -2.07829e-05 0
0.00742964 3 2154.43 -1.27406e-05 0
0.00742964 3 3340.48 -7.86743e-06 0
0.00742964 3 5179.47 -4.90448e-06 0
0.00742964 3 8030.86 -3.07678e-06 0
0.00742964 3 12452 -1.91544e-06 0
0.00742964 3 19307 -1.18743e-06 0
0.00742964 3 29935.8 -7.36988e-07 0
0.00742964 3 46415.9 -4.57697e-07 0
0.00742964 3 71968.6 -2.84285e-07 0
0.00742964 3 111588 -1.75875e-07 0
0.00742964 3 173020 -1.0671e-07 0
0.00742964 3 268270 -6.36456e-08 0
0.00742964 3 415956 -3.65788e-08 0
0.00742964 3 644947 -1.95708e-08 0
0.00742964 3 1e+06 -9.19947e-09 0

0.0181161 3 1e-06 -0.775126 0
0.0181161 3 1.55052e-06 -0.775125 0
0.0181161 3 2.4041e-06 -0.775124 0
0.0181161 3 3.72759e-06 -0.775123 0
0.0181161 3 5.77969e-06 -0.77512 0
0.0181161 3 8.96151e-06 -0.775117 0
0.0181161 3 1.3895e-05 -0.775111 0
0.0181161 3 2.15443e-05 -0.775102 0
0.0181161 3 3.34048e-05 -0.775088 0
0.0181161 3 5.17947e-05 -0.775066 0
0.0181161 3 8.03086e-05 -0.775033 0
0.0181161 3 0.00012452 -0.774981 0
0.0181161 3 0.00019307 -0.774901 0
0.0181161 3 0.000299358 -0.774777 0
0.0181161 3 0.000464159 -0.774585 0
0.0181161 3 0.000719686 -0.774286 0
0.0181161 3 0.00111588 -0.773823 0
0.0181161 3 0.0017302 -0.773107 0
0.0181161 3 0.0026827 -0.771997 0
0.0181161 3 0.00415956 -0.77028 0
0.0181161 3 0.00644947 -0.767625 0
0.0181161 3 0.01 -0.763528 0
0.0181161 3 0.0155052 -0.757223 0
0.0181161 3 0.024041 -0.747556 0
0.0181161 3 0.0372759 -0.732829 0
0.0181161 3 0.0577969 -0.710614 0
0.0181161 3 0.0896151 -0.677603 0
0.0181161 3 0.13895 -0.629685 0
0.0181161 3 0.215443 -0.562638 0
0.0181161 3 0.334048 -0.47388 0
0.0181161 3 0.517947 -0.366009 0
0.0181161 3 0.803086 -0.251245 0
0.0181161 3 1.2452 -0.151098 0
0.0181161 3 1.9307 -0.0829381 0
0.0181161 3 2.99358 -0.0458509 0
0.0181161 3 4.64159 -0.0243589 0
0.0181161 3 7.19686 -0.010643 0
0.0181161 3 11.1588 -0.00647314 0
0.0181161 3 17.302 -0.00306486 0
0.0181161 3 26.827 -0.00153541 0
0.0181161 3 41.5956 -0.00095546 0
0.0181161 3 64.4947 -0.000594483 0
0.0181161 3 100 -0.00036307 0
0.0181161 3 155.052 -0.00022748 0
0.0181161 3 240.41 -0.000141971 0
0.0181161 3 372.759 -8.62654e-05 0
0.0181161 3 577.969 -5.32457e-05 0
0.0181161 3 896.151 -3.36153e-05 0
0.0181161 3 1389.5 -2.07828e-05 0
0.0181161 3 2154.43 -1.27406e-05 0
0.0181161 3 3340.48 -7.8674e-06 0
0.0181161 3 5179.47 -4.90447e-06 0
0.0181161 3 8030.86 -3.07677e-06 0
0.0181161 3 12452 -1.91544e-06 0
0.0181161 3 19307 -1.18743e-06 0
0.0181161 3 29935.8 -7.36987e-07 0
0.0181161 3 46415.9 -4.57697e-07 0
0.0181161 3 71968.6 -2.84285e-07 0
0.0181161 3 111588 -1.75875e-07 0
0.0181161 3 173020 -1.0671e-07 0
0.0181161 3 268270 -6.36456e-08 0
0.0181161 3 415956 -3.65788e-08 0
0.0181161 3 644947 -1.95708e-08 0
0.0181161 3 1e+06 -9.19947e-09 0

0.0441734 3 1e-06 -0.771891 0
0.0441734 3 1.55052e-06 -0.771891 0
0.0441734 3 2.4041e-06 -0.77189 0
0.0441734 3 3.72759e-06 -0.771888 0
0.0441734 3 5.77969e-06 -0.771886 0
0.0441734 3 8.96151e-06 -0.771882 0
0.0441734 3 1.3895e-05 -0.771876 0
0.0441734 3 2.15443e-05 -0.771867 0
0.0441734 3 3.34048e-05 -0.771853 0
0.0441734 3 5.17947e-05 -0.771832 0
0.0441734 3 8.03086e-05 -0.771799 0
0.0441734 3 0.00012452 -0.771747 0
0.0441734 3 0.00019307 -0.771668 0
0.0441734 3 0.000299358 -0.771544 0
0.0441734 3 0.000464159 -0.771352 0
0.0441734 3 0.000719686 -0.771055 0
0.0441734 3 0.00111588 -0.770595 0
0.0441734 3 0.0017302 -0.769881 0
0.0441734 3 0.0026827 -0.768777 0
0.0441734 3 0.00415956 -0.767067 0
0.0441734 3 0.00644947 -0.764425 0
0.0441734 3 0.01 -0.760347 0
0.0441734 3 0.0155052 -0.754071 0
0.0441734 3 0.024041 -0.744449 0
0.0441734 3 0.0372759 -0.729792 0
0.0441734 3 0.0577969 -0.707683 0
0.0441734 3 0.0896151 -0.674831 0
0.0441734 3 0.13895 -0.62715 0
0.0441734 3 0.215443 -0.560437 0
0.0441734 3 0.334048 -0.47212 0
0.0441734 3 0.517947 -0.364765 0
0.0441734 3 0.803086 -0.250495 0
0.0441734 3 1.2452 -0.150711 0
0.0441734 3 1.9307 -0.082754 0
0.0441734 3 2.99358 -0.0457668 0
0.0441734 3 4.64159 -0.0243253 0
0.0441734 3 7.19686 -0.0106324 0
0.0441734 3 11.1588 -0.00646828 0
0.0441734 3 17.302 -0.00306331 0
0.0441734 3 26.827 -0.00153483 0
0.0441734 3 41.5956 -0.000955197 0
0.0441734 3 64.4947 -0.000594364 0
0.0441734 3 100 -0.000363017 0
0.0441734 3 155.052 -0.000227456 0
0.0441734 3 240.41 -0.000141961 0
0.0441734 3 372.759 -8.6261e-05 0
0.0441734 3 577.969 -5.32438e-05 0
0.0441734 3 896.151 -3.36145e-05 0
0.0441734 3 1389.5 -2.07824e-05 0
0.0441734 3 2154.43 -1.27404e-05 0
0.0441734 3 3340.48 -7.86734e-06 0
0.0441734 3 5179.47 -4.90444e-06 0
0.0441734 3 8030.86 -3.07676e-06 0
0.0441734 3 12452 -1.91544e-06 0
0.0441734 3 19307 -1.18743e-06 0
0.0441734 3 29935.8 -7.36987e-07 0
0.0441734 3 46415.9 -4.57696e-07 0
0.0441734 3 71968.6 -2.84285e-07 0
0.0441734 3 111588 -1.75875e-07 0
0.0441734 3 173020 -1.0671e-07 0
0.0441734 3 268270 -6.36456e-08 0
0.0441734 3 415956 -3.65787e-08 0
0.0441734 3 644947 -1.95708e-08 0
0.0441734 3 1e+06 -9.19947e-09 0

0.107711 3 1e-06 -0.763677 0
0.107711 3 1.55052e-06 -0.763677 0
0.107711 3 2.4041e-06 -0.763676 0
0.107711 3 3.72759e-06 -0.763674 0
0.107711 3 5.77969e-06 -0.763672 0
0.107711 3 8.96151e-06 -0.763668 0
0.107711 3 1.3895e-05 -0.763662 0
0.107711 3 2.15443e-05 -0.763654 0
0.107711 3 3.34048e-05 -0.76364 0
0.107711 3 5.17947e-05 -0.763619 0
0.107711 3 8.03086e-05 -0.763586 0
0.107711 3 0.00012452 -0.763535 0
0.107711 3 0.00019307 -0.763456 0
0.107711 3 0.000299358 -0.763334 0
0.107711 3 0.000464159 -0.763145 0
0.107711 3 0.000719686 -0.762851 0
0.107711 3 0.00111588 -0.762396 0
0.107711 3 0.0017302 -0.761691 0
0.107711 3 0.0026827 -0.7606 0
0.107711 3 0.00415956 -0.758911 0
0.107711 3 0.00644947 -0.7563 0
0.107711 3 0.01 -0.75227 0
0.107711 3 0.0155052 -0.746069 0
0.107711 3 0.024041 -0.736563 0
0.107711 3 0.0372759 -0.722083 0
0.107711 3 0.0577969 -0.700245 0
0.107711 3 0.0896151 -0.667801 0
0.107711 3 0.13895 -0.620722 0
0.107711 3 0.215443 -0.554859 0
0.107711 3 0.334048 -0.467665 0
0.107711 3 0.517947 -0.361619 0
0.107711 3 0.803086 -0.24861 0
0.107711 3 1.2452 -0.149749 0
0.107711 3 1.9307 -0.0823026 0
0.107711 3 2.99358 -0.0455622 0
0.107711 3 4.64159 -0.0242434 0
0.107711 3 7.19686 -0.0106065 0
0.107711 3 11.1588 -0.00645643 0
0.107711 3 17.302 -0.00305952 0
0.107711 3 26.827 -0.00153342 0
0.107711 3 41.5956 -0.000954553 0
0.107711 3 64.4947 -0.000594074 0
0.107711 3 100 -0.00036289 0
0.107711 3 155.052 -0.0002274 0
0.107711 3 240.41 -0.000141937 0
0.107711 3 372.759 -8.62504e-05 0
0.107711 3 577.969 -5.32392e-05 0
0.107711 3 896.151 -3.36125e-05 0
0.107711 3 1389.5 -2.07816e-05 0
0.107711 3 2154.43 -1.27401e-05 0
0.107711 3 3340.48 -7.86719e-06 0
0.107711 3 5179.47 -4.90438e-06 0
0.107711 3 8030.86 -3.07673e-06 0
0.107711 3 12452 -1.91542e-06 0
0.107711 3 19307 -1.18742e-06 0
0.107711 3 29935.8 -7.36985e-07 0
0.107711 3 46415.9 -4.57695e-07 0
0.107711 3 71968.6 -2.84285e-07 0
0.107711 3 111588 -1.75875e-07 0
0.107711 3 173020 -1.0671e-07 0
0.107711 3 268270 -6.36456e-08 0
0.107711 3 415956 -3.65787e-08 0
0.107711 3 644947 -1.95708e-08 0
0.107711 3 1e+06 -9.19947e-09 0

0.262636 3 1e-06 -0.741898 0
0.262636 3 1.55052e-06 -0.741897 0
0.262636 3 2.4041e-06 -0.741896 0
0.262636 3 3.72759e-06 -0.741895 0
0.262636 3 5.77969e-06 -0.741892 0
0.262636 3 8.96151e-06 -0.741889 0
0.262636 3 1.3895e-05 -0.741883 0
0.262636 3 2.15443e-05 -0.741875 0
0.262636 3 3.34048e-05 -0.741862 0
0.262636 3 5.17947e-05 -0.741841 0
0.262636 3 8.03086e-05 -0.74181 0
0.262636 3 0.00012452 -0.74176 0
0.262636 3 0.00019307 -0.741684 0
0.262636 3 0.000299358 -0.741566 0
0.262636 3 0.000464159 -0.741382 0
0.262636 3 0.000719686 -0.741098 0
0.262636 3 0.00111588 -0.740658 0
0.262636 3 0.0017302 -0.739976 0
0.262636 3 0.0026827 -0.73892 0
0.262636 3 0.00415956 -0.737285 0
0.262636 3 0.00644947 -0.734758 0
0.262636 3 0.01 -0.73086 0
0.262636 3 0.0155052 -0.72486 0
0.262636 3 0.024041 -0.715665 0
0.262636 3 0.0372759 -0.701662 0
0.262636 3 0.0577969 -0.680549 0
0.262636 3 0.0896151 -0.649198 0
0.262636 3 0.13895 -0.603722 0
0.262636 3 0.215443 -0.540124 0
0.262636 3 0.334048 -0.455907 0
0.262636 3 0.517947 -0.353339 0
0.262636 3 0.803086 -0.243687 0
0.262636 3 1.2452 -0.147289 0
0.262636 3 1.9307 -0.081185 0
0.262636 3 2.99358 -0.0450644 0
0.262636 3 4.64159 -0.0240445 0
0.262636 3 7.19686 -0.0105433 0
0.262636 3 11.1588 -0.00642756 0
0.262636 3 17.302 -0.00305026 0
0.262636 3 26.827 -0.00152998 0
0.262636 3 41.5956 -0.00095298 0
0.262636 3 64.4947 -0.000593365 0
0.262636 3 100 -0.000362577 0
0.262636 3 155.052 -0.000227261 0
0.262636 3 240.41 -0.000141876 0
0.262636 3 372.759 -8.62245e-05 0
0.262636 3 577.969 -5.32281e-05 0
0.262636 3 896.151 -3.36077e-05 0
0.262636 3 1389.5 -2.07795e-05 0
0.262636 3 2154.43 -1.27392e-05 0
0.262636 3 3340.48 -7.86682e-06 0
0.262636 3 5179.47 -4.90422e-06 0
0.262636 3 8030.86 -3.07667e-06 0
0.262636 3 12452 -1.9154e-06 0
0.262636 3 19307 -1.18741e-06 0
0.262636 3 29935.8 -7.3698e-07 0
0.262636 3 46415.9 -4.57693e-07 0
0.262636 3 71968.6 -2.84284e-07 0
0.262636 3 111588 -1.75875e-07 0
0.262636 3 173020 -1.0671e-07 0
0.262636 3 268270 -6.36455e-08 0
0.262636 3 415956 -3.65787e-08 0
0.262636 3 644947 -1.95708e-08 0
0.262636 3 1e+06 -9.19947e-09 0

0.6404 3 1e-06 -0.681999 0
0.6404 3 1.55052e-06 -0.681999 0
0.6404 3 2.4041e-06 -0.681998 0
0.6404 3 3.72759e-06 -0.681997 0
0.6404 3 5.77969e-06 -0.681995 0
0.6404 3 8.96151e-06 -0.681991 0
0.6404 3 1.3895e-05 -0.681986 0
0.6404 3 2.15443e-05 -0.681979 0
0.6404 3 3.34048e-05 -0.681967 0
0.6404 3 5.17947e-05 -0.681948 0
0.6404 3 8.03086e-05 -0.681919 0
0.6404 3 0.00012452 -0.681875 0
0.6404 3 0.00019307 -0.681806 0
0.6404 3 0.000299358 -0.681699 0
0.6404 3 0.000464159 -0.681532 0
0.6404 3 0.000719686 -0.681275 0
0.6404 3 0.00111588 -0.680876 0
0.6404 3 0.0017302 -0.680258 0
0.6404 3 0.0026827 -0.679301 0
0.6404 3 0.00415956 -0.67782 0
0.6404 3 0.00644947 -0.675531 0
0.6404 3 0.01 -0.672 0
0.6404 3 0.0155052 -0.666566 0
0.6404 3 0.024041 -0.658242 0
0.6404 3 0.0372759 -0.645572 0
0.6404 3 0.0577969 -0.626483 0
0.6404 3 0.0896151 -0.598161 0
0.6404 3 0.13895 -0.557117 0
0.6404 3 0.215443 -0.499742 0
0.6404 3 0.334048 -0.423688 0
0.6404 3 0.517947 -0.330668 0
0.6404 3 0.803086 -0.230296 0
0.6404 3 1.2452 -0.140775 0
0.6404 3 1.9307 -0.0783764 0
0.6404 3 2.99358 -0.0438583 0
0.6404 3 4.64159 -0.0235639 0
0.6404 3 7.19686 -0.0103898 0
0.6404 3 11.1588 -0.00635727 0
0.6404 3 17.302 -0.00302763 0
0.6404 3 26.827 -0.00152155 0
0.6404 3 41.5956 -0.00094913 0
0.6404 3 64.4947 -0.00059163 0
0.6404 3 100 -0.000361814 0
0.6404 3 155.052 -0.000226922 0
0.6404 3 240.41 -0.000141728 0
0.6404 3 372.759 -8.61611e-05 0
0.6404 3 577.969 -5.32008e-05 0
0.6404 3 896.151 -3.35959e-05 0
0.6404 3 1389.5 -2.07745e-05 0
0.6404 3 2154.43 -1.27371e-05 0
0.6404 3 3340.48 -7.86591e-06 0
0.6404 3 5179.47 -4.90383e-06 0
0.6404 3 8030.86 -3.0765e-06 0
0.6404 3 12452 -1.91533e-06 0
0.6404 3 19307 -1.18738e-06 0
0.6404 3 29935.8 -7.36967e-07 0
0.6404 3 46415.9 -4.57688e-07 0
0.6404 3 71968.6 -2.84281e-07 0
0.6404 3 111588 -1.75874e-07 0
0.6404 3 173020 -1.06709e-07 0
0.6404 3 268270 -6.36454e-08 0
0.6404 3 415956 -3.65786e-08 0
0.6404 3 644947 -1.95707e-08 0
0.6404 3 1e+06 -9.19946e-09 0

1.56152 3 1e-06 -0.532629 0
1.56152 3 1.55052e-06 -0.532629 0
1.56152 3 2.4041e-06 -0.532628 0
1.56152 3 3.72759e-06 -0.532627 0
1.56152 3 5.77969e-06 -0.532625 0
1.56152 3 8.96151e-06 -0.532623 0
1.56152 3 1.3895e-05 -0.532619 0
1.56152 3 2.15443e-05 -0.532614 0
1.56152 3 3.34048e-05 -0.532605 0
1.56152 3 5.17947e-05 -0.532591 0
1.56152 3 8.03086e-05 -0.53257 0
1.56152 3 0.00012452 -0.532537 0
1.56152 3 0.00019307 -0.532486 0
1.56152 3 0.000299358 -0.532407 0
1.56152 3 0.000464159 -0.532284 0
1.56152 3 0.000719686 -0.532094 0
1.56152 3 0.00111588 -0.531799 0
1.56152 3 0.0017302 -0.531343 0
1.56152 3 0.0026827 -0.530636 0
1.56152 3 0.00415956 -0.529542 0
1.56152 3 0.00644947 -0.527852 0
1.56152 3 0.01 -0.525245 0
1.56152 3 0.0155052 -0.521236 0
1.56152 3 0.024041 -0.515098 0
1.56152 3 0.0372759 -0.505762 0
1.56152 3 0.0577969 -0.491711 0
1.56152 3 0.0896151 -0.47089 0
1.56152 3 0.13895 -0.440748 0
1.56152 3 0.215443 -0.398585 0
1.56152 3 0.334048 -0.342427 0
1.56152 3 0.517947 -0.272803 0
1.56152 3 0.803086 -0.195615 0
1.56152 3 1.2452 -0.123877 0
1.56152 3 1.9307 -0.0713551 0
1.56152 3 2.99358 -0.0409773 0
1.56152 3 4.64159 -0.0224228 0
1.56152 3 7.19686 -0.0100211 0
1.56152 3 11.1588 -0.0061878 0
1.56152 3 17.302 -0.00297255 0
1.56152 3 26.827 -0.00150096 0
1.56152 3 41.5956 -0.000939722 0
1.56152 3 64.4947 -0.000587389 0
1.56152 3 100 -0.000359946 0
1.56152 3 155.052 -0.000226093 0
1.56152 3 240.41 -0.000141366 0
1.56152 3 372.759 -8.60061e-05 0
1.56152 3 577.969 -5.3134e-05 0
1.56152 3 896.151 -3.35671e-05 0
1.56152 3 1389.5 -2.07622e-05 0
1.56152 3 2154.43 -1.27319e-05 0
1.56152 3 3340.48 -7.86369e-06 0
1.56152 3 5179.47 -4.90289e-06 0
1.56152 3 8030.86 -3.0761e-06 0
1.56152 3 12452 -1.91516e-06 0
1.56152 3 19307 -1.18731e-06 0
1.56152 3 29935.8 -7.36938e-07 0
1.56152 3 46415.9 -4.57676e-07 0
1.56152 3 71968.6 -2.84276e-07 0
1.56152 3 111588 -1.75872e-07 0
1.56152 3 173020 -1.06708e-07 0
1.56152 3 268270 -6.3645e-08 0
1.56152 3 415956 -3.65785e-08 0
1.56152 3 644947 -1.95707e-08 0
1.56152 3 1e+06 -9.19943e-09 0

3.80755 3 1e-06 -0.292028 0
3.80755 3 1.55052e-06 -0.292027 0
3.80755 3 2.4041e-06 -0.292027 0
3.80755 3 3.72759e-06 -0.292027 0
3.80755 3 5.77969e-06 -0.292026 0
3.80755 3 8.96151e-06 -0.292025 0
3.80755 3 1.3895e-05 -0.292023 0
3.80755 3 2.15443e-05 -0.292021 0
3.80755 3 3.34048e-05 -0.292017 0
3.80755 3 5.17947e-05 -0.29201 0
3.80755 3 8.03086e-05 -0.292001 0
3.80755 3 0.00012452 -0.291986 0
3.80755 3 0.00019307 -0.291962 0
3.80755 3 0.000299358 -0.291926 0
3.80755 3 0.000464159 -0.29187 0
3.80755 3 0.000719686 -0.291783 0
3.80755 3 0.00111588 -0.291649 0
3.80755 3 0.0017302 -0.29144 0
3.80755 3 0.0026827 -0.291118 0
3.80755 3 0.00415956 -0.290618 0
3.80755 3 0.00644947 -0.289847 0
3.80755 3 0.01 -0.288658 0
3.80755 3 0.0155052 -0.28683 0
3.80755 3 0.024041 -0.284031 0
3.80755 3 0.0372759 -0.279778 0
3.80755 3 0.0577969 -0.27338 0
3.80755 3 0.0896151 -0.263899 0
3.80755 3 0.13895 -0.25015 0
3.80755 3 0.215443 -0.230792 0
3.80755 3 0.334048 -0.204546 0
3.80755 3 0.517947 -0.17072 0
3.80755 3 0.803086 -0.130592 0
3.80755 3 1.2452 -0.0896431 0
3.80755 3 1.9307 -0.0562227 0
3.80755 3 2.99358 -0.0346473 0
3.80755 3 4.64159 -0.0198825 0
3.80755 3 7.19686 -0.00918225 0
3.80755 3 11.1588 -0.00579598 0
3.80755 3 17.302 -0.00284287 0
3.80755 3 26.827 -0.00145211 0
3.80755 3 41.5956 -0.000917283 0
3.80755 3 64.4947 -0.000577232 0
3.80755 3 100 -0.000355459 0
3.80755 3 155.052 -0.000224096 0
3.80755 3 240.41 -0.000140493 0
3.80755 3 372.759 -8.56311e-05 0
3.80755 3 577.969 -5.29724e-05 0
3.80755 3 896.151 -3.34972e-05 0
3.80755 3 1389.5 -2.07324e-05 0
3.80755 3 2154.43 -1.27192e-05 0
3.80755 3 3340.48 -7.85831e-06 0
3.80755 3 5179.47 -4.9006e-06 0
3.80755 3 8030.86 -3.07513e-06 0
3.80755 3 12452 -1.91475e-06 0
3.80755 3 19307 -1.18714e-06 0
3.80755 3 29935.8 -7.36865e-07 0
3.80755 3 46415.9 -4.57645e-07 0
3.80755 3 71968.6 -2.84263e-07 0
3.80755 3 111588 -1.75866e-07 0
3.80755 3 173020 -1.06706e-07 0
3.80755 3 268270 -6.3644e-08 0
3.80755 3 415956 -3.65781e-08 0
3.80755 3 644947 -1.95705e-08 0
3.80755 3 1e+06 -9.19936e-09 0

9.28415 3 1e-06 -0.103434 0
9.28415 3 1.55052e-06 -0.103434 0
9.28415 3 2.4041e-06 -0.103434 0
9.28415 3 3.72759e-06 -0.103434 0
9.28415 3 5.77969e-06 -0.103433 0
9.28415 3 8.96151e-06 -0.103433 0
9.28415 3 1.3895e-05 -0.103433 0
9.28415 3 2.15443e-05 -0.103432 0
9.28415 3 3.34048e-05 -0.103431 0
9.28415 3 5.17947e-05 -0.10343 0
9.28415 3 8.03086e-05 -0.103428 0
9.28415 3 0.00012452 -0.103424 0
9.28415 3 0.00019307 -0.103419 0
9.28415 3 0.000299358 -0.103411 0
9.28415 3 0.000464159 -0.103398 0
9.28415 3 0.000719686 -0.103378 0
9.28415 3 0.00111588 -0.103348 0
9.28415 3 0.0017302 -0.103301 0
9.28415 3 0.0026827 -0.103227 0
9.28415 3 0.00415956 -0.103114 0
9.28415 3 0.00644947 -0.102939 0
9.28415 3 0.01 -0.10267 0
9.28415 3 0.0155052 -0.102255 0
9.28415 3 0.024041 -0.101622 0
9.28415 3 0.0372759 -0.100659 0
9.28415 3 0.0577969 -0.0992115 0
9.28415 3 0.0896151 -0.0970639 0
9.28415 3 0.13895 -0.0939314 0
9.28415 3 0.215443 -0.089442 0
9.28415 3 0.334048 -0.0830834 0
9.28415 3 0.517947 -0.0741496 0
9.28415 3 0.803086 -0.0620857 0
9.28415 3 1.2452 -0.0478079 0
9.28415 3 1.9307 -0.0342337 0
9.28415 3 2.99358 -0.0239578 0
9.28415 3 4.64159 -0.0151567 0
9.28415 3 7.19686 -0.00752431 0
9.28415 3 11.1588 -0.00498416 0
9.28415 3 17.302 -0.00256381 0
9.28415 3 26.827 -0.00134513 0
9.28415 3 41.5956 -0.000867174 0
9.28415 3 64.4947 -0.000554206 0
9.28415 3 100 -0.00034517 0
9.28415 3 155.052 -0.000219471 0
9.28415 3 240.41 -0.000138456 0
9.28415 3 372.759 -8.47521e-05 0
9.28415 3 577.969 -5.25917e-05 0
9.28415 3 896.151 -3.33319e-05 0
9.28415 3 1389.5 -2.06618e-05 0
9.28415 3 2154.43 -1.26891e-05 0
9.28415 3 3340.48 -7.84548e-06 0
9.28415 3 5179.47 -4.89513e-06 0
9.28415 3 8030.86 -3.07281e-06 0
9.28415 3 12452 -1.91377e-06 0
9.28415 3 19307 -1.18673e-06 0
9.28415 3 29935.8 -7.36691e-07 0
9.28415 3 46415.9 -4.57572e-07 0
9.28415 3 71968.6 -2.84232e-07 0
9.28415 3 111588 -1.75853e-07 0
9.28415 3 173020 -1.067e-07 0
9.28415 3 268270 -6.36417e-08 0
9.28415 3 415956 -3.65771e-08 0
9.28415 3 644947 -1.95701e-08 0
9.28415 3 1e+06 -9.1992e-09 0

22.638 3 1e-06 -0.0283069 0
22.638 3 1.55052e-06 -0.0283069 0
22.638 3 2.4041e-06 -0.0283069 0
22.638 3 3.72759e-06 -0.0283069 0
22.638 3 5.77969e-06 -0.0283069 0
22.638 3 8.96151e-06 -0.0283069 0
22.638 3 1.3895e-05 -0.0283068 0
22.638 3 2.15443e-05 -0.0283067 0
22.638 3 3.34048e-05 -0.0283066 0
22.638 3 5.17947e-05 -0.0283064 0
22.638 3 8.03086e-05 -0.0283061 0
22.638 3 0.00012452 -0.0283057 0
22.638 3 0.00019307 -0.028305 0
22.638 3 0.000299358 -0.0283039 0
22.638 3 0.000464159 -0.0283022 0
22.638 3 0.000719686 -0.0282996 0
22.638 3 0.00111588 -0.0282956 0
22.638 3 0.0017302 -0.0282894 0
22.638 3 0.0026827 -0.0282798 0
22.638 3 0.00415956 -0.0282649 0
22.638 3 0.00644947 -0.028242 0
22.638 3 0.01 -0.0282067 0
22.638 3 0.0155052 -0.0281527 0
22.638 3 0.024041 -0.0280704 0
22.638 3 0.0372759 -0.0279464 0
22.638 3 0.0577969 -0.0277615 0
22.638 3 0.0896151 -0.0274899 0
22.638 3 0.13895 -0.0270955 0
22.638 3 0.215443 -0.0265203 0
22.638 3 0.334048 -0.0256459 0
22.638 3 0.517947 -0.024227 0
22.638 3 0.803086 -0.0219287 0
22.638 3 1.2452 -0.0187328 0
22.638 3 1.9307 -0.0152635 0
22.638 3 2.99358 -0.0123382 0
22.638 3 4.64159 -0.00893007 0
22.638 3 7.19686 -0.00502765 0
22.638 3 11.1588 -0.00362707 0
22.638 3 17.302 -0.00205538 0
22.638 3 26.827 -0.00114192 0
22.638 3 41.5956 -0.000767588 0
22.638 3 64.4947 -0.000506784 0
22.638 3 100 -0.000323407 0
22.638 3 155.052 -0.000209466 0
22.638 3 240.41 -0.000133971 0
22.638 3 372.759 -8.27931e-05 0
22.638 3 577.969 -5.17342e-05 0
22.638 3 896.151 -3.29562e-05 0
22.638 3 1389.5 -2.05e-05 0
22.638 3 2154.43 -1.26199e-05 0
22.638 3 3340.48 -7.81579e-06 0
22.638 3 5179.47 -4.88242e-06 0
22.638 3 8030.86 -3.0674e-06 0
22.638 3 12452 -1.91148e-06 0
22.638 3 19307 -1.18576e-06 0
22.638 3 29935.8 -7.36282e-07 0
22.638 3 46415.9 -4.57399e-07 0
22.638 3 71968.6 -2.84159e-07 0
22.638 3 111588 -1.75822e-07 0
22.638 3 173020 -1.06687e-07 0
22.638 3 268270 -6.36362e-08 0
22.638 3 415956 -3.65748e-08 0
22.638 3 644947 -1.95691e-08 0
22.638 3 1e+06 -9.19881e-09 0

55.1995 3 1e-06 -0.00707201 0
55.1995 3 1.55052e-06 -0.00707201 0
55.1995 3 2.4041e-06 -0.00707201 0
55.1995 3 3.72759e-06 -0.00707201 0
55.1995 3 5.77969e-06 -0.00707201 0
55.1995 3 8.96151e-06 -0.00707201 0
55.1995 3 1.3895e-05 -0.007072 0
55.1995 3 2.15443e-05 -0.00707199 0
55.1995 3 3.34048e-05 -0.00707198 0
55.1995 3 5.17947e-05 -0.00707196 0
55.1995 3 8.03086e-05 -0.00707193 0
55.1995 3 0.00012452 -0.00707188 0
55.1995 3 0.00019307 -0.00707181 0
55.1995 3 0.000299358 -0.0070717 0
55.1995 3 0.000464159 -0.00707153 0
55.1995 3 0.000719686 -0.00707126 0
55.1995 3 0.00111588 -0.00707084 0
55.1995 3 0.0017302 -0.0070702 0
55.1995 3 0.0026827 -0.0070692 0
55.1995 3 0.00415956 -0.00706767 0
55.1995 3 0.00644947 -0.00706532 0
55.1995 3 0.01 -0.00706173 0
55.1995 3 0.0155052 -0.00705629 0
55.1995 3 0.024041 -0.00704813 0
55.1995 3 0.0372759 -0.00703613 0
55.1995 3 0.0577969 -0.00701887 0
55.1995 3 0.0896151 -0.0069947 0
55.1995 3 0.13895 -0.00696128 0
55.1995 3 0.215443 -0.00691289 0
55.1995 3 0.334048 -0.00683034 0
55.1995 3 0.517947 -0.00666133 0
55.1995 3 0.803086 -0.00632045 0
55.1995 3 1.2452 -0.00577695 0
55.1995 3 1.9307 -0.00515099 0
55.1995 3 2.99358 -0.0046626 0
55.1995 3 4.64159 -0.00383912 0
55.1995 3 7.19686 -0.00255024 0
55.1995 3 11.1588 -0.00204971 0
55.1995 3 17.302 -0.00135676 0
55.1995 3 26.827 -0.000836574 0
55.1995 3 41.5956 -0.000604256 0
55.1995 3 64.4947 -0.000423276 0
55.1995 3 100 -0.000282944 0
55.1995 3 155.052 -0.000189993 0
55.1995 3 240.41 -0.000124931 0
55.1995 3 372.759 -7.87426e-05 0
55.1995 3 577.969 -4.99232e-05 0
55.1995 3 896.151 -3.21482e-05 0
55.1995 3 1389.5 -2.01476e-05 0
55.1995 3 2154.43 -1.24674e-05 0
55.1995 3 3340.48 -7.74976e-06 0
55.1995 3 5179.47 -4.85393e-06 0
55.1995 3 8030.86 -3.05517e-06 0
55.1995 3 12452 -1.90627e-06 0
55.1995 3 19307 -1.18355e-06 0
55.1995 3 29935.8 -7.35343e-07 0
55.1995 3 46415.9 -4.57001e-07 0
55.1995 3 71968.6 -2.83991e-07 0
55.1995 3 111588 -1.75751e-07 0
55.1995 3 173020 -1.06657e-07 0
55.1995 3 268270 -6.36235e-08 0
55.1995 3 415956 -3.65695e-08 0
55.1995 3 644947 -1.95669e-08 0
55.1995 3 1e+06 -9.19789e-09 0

134.596 3 1e-06 -0.00174191 0
134.596 3 1.55052e-06 -0.0017419 0
134.596 3 2.4041e-06 -0.0017419 0
134.596 3 3.72759e-06 -0.0017419 0
134.596 3 5.77969e-06 -0.0017419 0
134.596 3 8.96151e-06 -0.0017419 0
134.596 3 1.3895e-05 -0.0017419 0
134.596 3 2.15443e-05 -0.0017419 0
134.596 3 3.34048e-05 -0.0017419 0
134.596 3 5.17947e-05 -0.0017419 0
134.596 3 8.03086e-05 -0.0017419 0
134.596 3 0.00012452 -0.00174189 0
134.596 3 0.00019307 -0.00174189 0
134.596 3 0.000299358 -0.00174188 0
134.596 3 0.000464159 -0.00174186 0
134.596 3 0.000719686 -0.00174184 0
134.596 3 0.00111588 -0.0017418 0
134.596 3 0.0017302 -0.00174174 0
134.596 3 0.0026827 -0.00174165 0
134.596 3 0.00415956 -0.00174152 0
134.596 3 0.00644947 -0.00174131 0
134.596 3 0.01 -0.001741 0
134.596 3 0.0155052 -0.00174054 0
134.596 3 0.024041 -0.00173988 0
134.596 3 0.0372759 -0.00173897 0
134.596 3 0.0577969 -0.00173779 0
134.596 3 0.0896151 -0.00173641 0
134.596 3 0.13895 -0.00173493 0
134.596 3 0.215443 -0.00173303 0
134.596 3 0.334048 -0.00172808 0
134.596 3 0.517947 -0.00171117 0
134.596 3 0.803086 -0.00166641 0
134.596 3 1.2452 -0.00158673 0
134.596 3 1.9307 -0.00149576 0
134.596 3 2.99358 -0.00144659 0
134.596 3 4.64159 -0.00130911 0
134.596 3 7.19686 -0.00102068 0
134.596 3 11.1588 -0.000902301 0
134.596 3 17.302 -0.000708176 0
134.596 3 26.827 -0.000504254 0
134.596 3 41.5956 -0.000400567 0
134.596 3 64.4947 -0.000306023 0
134.596 3 100 -0.000220467 0
134.596 3 155.052 -0.000157378 0
134.596 3 240.41 -0.000108772 0
134.596 3 372.759 -7.11552e-05 0
134.596 3 577.969 -4.63983e-05 0
134.596 3 896.151 -3.05239e-05 0
134.596 3 1389.5 -1.94223e-05 0
134.596 3 2154.43 -1.21477e-05 0
134.596 3 3340.48 -7.60917e-06 0
134.596 3 5179.47 -4.79244e-06 0
134.596 3 8030.86 -3.0285e-06 0
134.596 3 12452 -1.89482e-06 0
134.596 3 19307 -1.17865e-06 0
134.596 3 29935.8 -7.3325e-07 0
134.596 3 46415.9 -4.56108e-07 0
134.596 3 71968.6 -2.83611e-07 0
134.596 3 111588 -1.75589e-07 0
134.596 3 173020 -1.06589e-07 0
134.596 3 268270 -6.35944e-08 0
134.596 3 415956 -3.65572e-08 0
134.596 3 644947 -1.95618e-08 0
134.596 3 1e+06 -9.1958e-09 0

328.193 3 1e-06 -0.000476423 0
328.193 3 1.55052e-06 -0.000476423 0
328.193 3 2.4041e-06 -0.000476423 0
328.193 3 3.72759e-06 -0.000476423 0
328.193 3 5.77969e-06 -0.000476422 0
328.193 3 8.96151e-06 -0.000476422 0
328.193 3 1.3895e-05 -0.000476422 0
328.193 3 2.15443e-05 -0.000476422 0
328.193 3 3.34048e-05 -0.000476422 0
328.193 3 5.17947e-05 -0.000476422 0
328.193 3 8.03086e-05 -0.000476422 0
328.193 3 0.00012452 -0.000476421 0
328.193 3 0.00019307 -0.000476421 0
328.193 3 0.000299358 -0.00047642 0
328.193 3 0.000464159 -0.000476418 0
328.193 3 0.000719686 -0.000476416 0
328.193 3 0.00111588 -0.000476413 0
328.193 3 0.0017302 -0.000476407 0
328.193 3 0.0026827 -0.000476399 0
328.193 3 0.00415956 -0.000476387 0
328.193 3 0.00644947 -0.000476368 0
328.193 3 0.01 -0.000476342 0
328.193 3 0.0155052 -0.000476304 0
328.193 3 0.024041 -0.000476254 0
328.193 3 0.0372759 -0.000476195 0
328.193 3 0.0577969 -0.000476145 0
328.193 3 0.0896151 -0.000476142 0
328.193 3 0.13895 -0.000476248 0
328.193 3 0.215443 -0.000476471 0
328.193 3 0.334048 -0.000476436 0
328.193 3 0.517947 -0.000474689 0
328.193 3 0.803086 -0.000468518 0
328.193 3 1.2452 -0.000456667 0
328.193 3 1.9307 -0.00044362 0
328.193 3 2.99358 -0.000440336 0
328.193 3 4.64159 -0.000420083 0
328.193 3 7.19686 -0.000367015 0
328.193 3 11.1588 -0.000345019 0
328.193 3 17.302 -0.000305977 0
328.193 3 26.827 -0.00025031 0
328.193 3 41.5956 -0.00021802 0
328.193 3 64.4947 -0.000183369 0
328.193 3 100 -0.000145493 0
328.193 3 155.052 -0.000113106 0
328.193 3 240.41 -8.43677e-05 0
328.193 3 372.759 -5.87425e-05 0
328.193 3 577.969 -4.02444e-05 0
328.193 3 896.151 -2.75289e-05 0
328.193 3 1389.5 -1.80307e-05 0
328.193 3 2154.43 -1.15152e-05 0
328.193 3 3340.48 -7.32394e-06 0
328.193 3 5179.47 -4.66507e-06 0
328.193 3 8030.86 -2.97232e-06 0
328.193 3 12452 -1.87037e-06 0
328.193 3 19307 -1.16808e-06 0
328.193 3 29935.8 -7.2869e-07 0
328.193 3 46415.9 -4.54146e-07 0
328.193 3 71968.6 -2.82769e-07 0
328.193 3 111588 -1.75229e-07 0
328.193 3 173020 -1.06435e-07 0
328.193 3 268270 -6.3529e-08 0
328.193 3 415956 -3.65295e-08 0
328.193 3 644947 -1.95502e-08 0
328.193 3 1e+06 -9.19103e-09 0

800.25 3 1e-06 -0.000147015 0
800.25 3 1.55052e-06 -0.000147015 0
800.25 3 2.4041e-06 -0.000147015 0
800.25 3 3.72759e-06 -0.000147015 0
800.25 3 5.77969e-06 -0.000147015 0
800.25 3 8.96151e-06 -0.000147015 0
800.25 3 1.3895e-05 -0.000147015 0
800.25 3 2.15443e-05 -0.000147015 0
800.25 3 3.34048e-05 -0.000147015 0
800.25 3 5.17947e-05 -0.000147015 0
800.25 3 8.03086e-05 -0.000147015 0
800.25 3 0.00012452 -0.000147015 0
800.25 3 0.00019307 -0.000147015 0
800.25 3 0.000299358 -0.000147015 0
800.25 3 0.000464159 -0.000147014 0
800.25 3 0.000719686 -0.000147014 0
800.25 3 0.00111588 -0.000147014 0
800.25 3 0.0017302 -0.000147013 0
800.25 3 0.0026827 -0.000147012 0
800.25 3 0.00415956 -0.000147011 0
800.25 3 0.00644947 -0.000147009 0
800.25 3 0.01 -0.000147007 0
800.25 3 0.0155052 -0.000147003 0
800.25 3 0.024041 -0.000146999 0
800.25 3 0.0372759 -0.000146997 0
800.25 3 0.0577969 -0.000146999 0
800.25 3 0.0896151 -0.000147016 0
800.25 3 0.13895 -0.000147061 0
800.25 3 0.215443 -0.00014714 0
800.25 3 0.334048 -0.000147196 0
800.25 3 0.517947 -0.000146989 0
800.25 3 0.803086 -0.00014606 0
800.25 3 1.2452 -0.000144198 0
800.25 3 1.9307 -0.000142212 0
800.25 3 2.99358 -0.000142139 0
800.25 3 4.64159 -0.000139108 0
800.25 3 7.19686 -0.000129983 0
800.25 3 11.1588 -0.00012629 0
800.25 3 17.302 -0.000119582 0
800.25 3 26.827 -0.000107816 0
800.25 3 41.5956 -0.000100385 0
800.25 3 64.4947 -9.13299e-05 0
800.25 3 100 -7.95512e-05 0
800.25 3 155.052 -6.77496e-05 0
800.25 3 240.41 -5.54076e-05 0
800.25 3 372.759 -4.2121e-05 0
800.25 3 577.969 -3.11195e-05 0
800.25 3 896.151 -2.26752e-05 0
800.25 3 1389.5 -1.56192e-05 0
800.25 3 2154.43 -1.03618e-05 0
800.25 3 3340.48 -6.78196e-06 0
800.25 3 5179.47 -4.41495e-06 0
800.25 3 8030.86 -2.85908e-06 0
800.25 3 12452 -1.8201e-06 0
800.25 3 19307 -1.14598e-06 0
800.25 3 29935.8 -7.19026e-07 0
800.25 3 46415.9 -4.49939e-07 0
800.25 3 71968.6 -2.80946e-07 0
800.25 3 111588 -1.74441e-07 0
800.25 3 173020 -1.06096e-07 0
800.25 3 268270 -6.33838e-08 0
800.25 3 415956 -3.64677e-08 0
800.25 3 644947 -1.95242e-08 0
800.25 3 1e+06 -9.18035e-09 0

1951.29 3 1e-06 -4.94142e-05 0
1951.29 3 1.55052e-06 -4.94142e-05 0
1951.29 3 2.4041e-06 -4.94142e-05 0
1951.29 3 3.72759e-06 -4.94142e-05 0
1951.29 3 5.77969e-06 -4.94142e-05 0
1951.29 3 8.96151e-06 -4.94142e-05 0
1951.29 3 1.3895e-05 -4.94142e-05 0
1951.29 3 2.15443e-05 -4.94142e-05 0
1951.29 3 3.34048e-05 -4.94142e-05 0
1951.29 3 5.17947e-05 -4.94142e-05 0
1951.29 3 8.03086e-05 -4.94142e-05 0
1951.29 3 0.00012452 -4.94142e-05 0
1951.29 3 0.00019307 -4.94142e-05 0
1951.29 3 0.000299358 -4.94142e-05 0
1951.29 3 0.000464159 -4.94142e-05 0
1951.29 3 0.000719686 -4.94141e-05 0
1951.29 3 0.00111588 -4.94141e-05 0
1951.29 3 0.0017302 -4.9414e-05 0
1951.29 3 0.0026827 -4.94139e-05 0
1951.29 3 0.00415956 -4.94138e-05 0
1951.29 3 0.00644947 -4.94135e-05 0
1951.29 3 0.01 -4.94132e-05 0
1951.29 3 0.0155052 -4.94129e-05 0
1951.29 3 0.024041 -4.94126e-05 0
1951.29 3 0.0372759 -4.94127e-05 0
1951.29 3 0.0577969 -4.94141e-05 0
1951.29 3 0.0896151 -4.94183e-05 0
1951.29 3 0.13895 -4.94281e-05 0
1951.29 3 0.215443 -4.94447e-05 0
1951.29 3 0.334048 -4.94591e-05 0
1951.29 3 0.517947 -4.94311e-05 0
1951.29 3 0.803086 -4.92837e-05 0
1951.29 3 1.2452 -4.89815e-05 0
1951.29 3 1.9307 -4.86657e-05 0
1951.29 3 2.99358 -4.86955e-05 0
1951.29 3 4.64159 -4.82242e-05 0
1951.29 3 7.19686 -4.66882e-05 0
1951.29 3 11.1588 -4.60893e-05 0
1951.29 3 17.302 -4.4994e-05 0
1951.29 3 26.827 -4.28338e-05 0
1951.29 3 41.5956 -4.14277e-05 0
1951.29 3 64.4947 -3.9577e-05 0
1951.29 3 100 -3.68564e-05 0
1951.29 3 155.052 -3.37744e-05 0
1951.29 3 240.41 -3.00471e-05 0
1951.29 3 372.759 -2.51843e-05 0
1951.29 3 577.969 -2.0433e-05 0
1951.29 3 896.151 -1.62048e-05 0
1951.29 3 1389.5 -1.20453e-05 0
1951.29 3 2154.43 -8.5053e-06 0
1951.29 3 3340.48 -5.84993e-06 0
1951.29 3 5179.47 -3.96123e-06 0
1951.29 3 8030.86 -2.6448e-06 0
1951.29 3 12452 -1.72186e-06 0
1951.29 3 19307 -1.10171e-06 0
1951.29 3 29935.8 -6.99252e-07 0
1951.29 3 46415.9 -4.41182e-07 0
1951.29 3 71968.6 -2.77095e-07 0
1951.29 3 111588 -1.72756e-07 0
1951.29 3 173020 -1.05364e-07 0
1951.29 3 268270 -6.30674e-08 0
1951.29 3 415956 -3.63319e-08 0
1951.29 3 644947 -1.94668e-08 0
1951.29 3 1e+06 -9.15674e-09 0

4757.94 3 1e-06 -1.75701e-05 0
4757.94 3 1.55052e-06 -1.75701e-05 0
4757.94 3 2.4041e-06 -1.75701e-05 0
4757.94 3 3.72759e-06 -1.75701e-05 0
4757.94 3 5.77969e-06 -1.75701e-05 0
4757.94 3 8.96151e-06 -1.75701e-05 0
4757.94 3 1.3895e-05 -1.75701e-05 0
4757.94 3 2.15443e-05 -1.75701e-05 0
4757.94 3 3.34048e-05 -1.75701e-05 0
4757.94 3 5.17947e-05 -1.75701e-05 0
4757.94 3 8.03086e-05 -1.75701e-05 0
4757.94 3 0.00012452 -1.75701e-05 0
4757.94 3 0.00019307 -1.75701e-05 0
4757.94 3 0.000299358 -1.75701e-05 0
4757.94 3 0.000464159 -1.75701e-05 0
4757.94 3 0.000719686 -1.75701e-05 0
4757.94 3 0.00111588 -1.757e-05 0
4757.94 3 0.0017302 -1.757e-05 0
4757.94 3 0.0026827 -1.757e-05 0
4757.94 3 0.00415956 -1.757e-05 0
4757.94 3 0.00644947 -1.757e-05 0
4757.94 3 0.01 -1.75699e-05 0
4757.94 3 0.0155052 -1.75699e-05 0
4757.94 3 0.024041 -1.75699e-05 0
4757.94 3 0.0372759 -1.75699e-05 0
4757.94 3 0.0577969 -1.75702e-05 0
4757.94 3 0.0896151 -1.75711e-05 0
4757.94 3 0.13895 -1.75729e-05 0
4757.94 3 0.215443 -1.7576e-05 0
4757.94 3 0.334048 -1.75789e-05 0
4757.94 3 0.517947 -1.75747e-05 0
4757.94 3 0.803086 -1.75507e-05 0
4757.94 3 1.2452 -1.75008e-05 0
4757.94 3 1.9307 -1.74493e-05 0
4757.94 3 2.99358 -1.7458e-05 0
4757.94 3 4.64159 -1.73824e-05 0
4757.94 3 7.19686 -1.71252e-05 0
4757.94 3 11.1588 -1.70284e-05 0
4757.94 3 17.302 -1.68507e-05 0
4757.94 3 26.827 -1.64782e-05 0
4757.94 3 41.5956 -1.62363e-05 0
4757.94 3 64.4947 -1.59058e-05 0
4757.94 3 100 -1.53846e-05 0
4757.94 3 155.052 -1.47509e-05 0
4757.94 3 240.41 -1.39046e-05 0
4757.94 3 372.759 -1.26217e-05 0
4757.94 3 577.969 -1.11634e-05 0
4757.94 3 896.151 -9.65099e-06 0
4757.94 3 1389.5 -7.86473e-06 0
4757.94 3 2154.43 -6.0535e-06 0
4757.94 3 3340.48 -4.48786e-06 0
4757.94 3 5179.47 -3.23915e-06 0
4757.94 3 8030.86 -2.27901e-06 0
4757.94 3 12452 -1.5449e-06 0
4757.94 3 19307 -1.01856e-06 0
4757.94 3 29935.8 -6.60872e-07 0
4757.94 3 46415.9 -4.23727e-07 0
4757.94 3 71968.6 -2.69252e-07 0
4757.94 3 111588 -1.69262e-07 0
4757.94 3 173020 -1.03824e-07 0
4757.94 3 268270 -6.23934e-08 0
4757.94 3 415956 -3.60399e-08 0
4757.94 3 644947 -1.93425e-08 0
4757.94 3 1e+06 -9.10544e-09 0

11601.6 3 1e-06 -6.4137e-06 0
11601.6 3 1.55052e-06 -6.4137e-06 0
11601.6 3 2.4041e-06 -6.4137e-06 0
11601.6 3 3.72759e-06 -6.4137e-06 0
11601.6 3 5.77969e-06 -6.4137e-06 0
11601.6 3 8.96151e-06 -6.4137e-06 0
11601.6 3 1.3895e-05 -6.4137e-06 0
11601.6 3 2.15443e-05 -6.4137e-06 0
11601.6 3 3.34048e-05 -6.4137e-06 0
11601.6 3 5.17947e-05 -6.4137e-06 0
11601.6 3 8.03086e-05 -6.4137e-06 0
11601.6 3 0.00012452 -6.4137e-06 0
11601.6 3 0.00019307 -6.4137e-06 0
11601.6 3 0.000299358 -6.4137e-06 0
11601.6 3 0.000464159 -6.4137e-06 0
11601.6 3 0.000719686 -6.4137e-06 0
11601.6 3 0.00111588 -6.4137e-06 0
11601.6 3 0.0017302 -6.41369e-06 0
11601.6 3 0.0026827 -6.41369e-06 0
11601.6 3 0.00415956 -6.41369e-06 0
11601.6 3 0.00644947 -6.41369e-06 0
11601.6 3 0.01 -6.41368e-06 0
11601.6 3 0.0155052 -6.41368e-06 0
11601.6 3 0.024041 -6.41368e-06 0
11601.6 3 0.0372759 -6.41369e-06 0
11601.6 3 0.0577969 -6.41375e-06 0
11601.6 3 0.0896151 -6.4139e-06 0
11601.6 3 0.13895 -6.41423e-06 0
11601.6 3 0.215443 -6.41477e-06 0
11601.6 3 0.334048 -6.4153e-06 0
11601.6 3 0.517947 -6.41466e-06 0
11601.6 3 0.803086 -6.41069e-06 0
11601.6 3 1.2452 -6.40239e-06 0
11601.6 3 1.9307 -6.39389e-06 0
11601.6 3 2.99358 -6.39572e-06 0
11601.6 3 4.64159 -6.3834e-06 0
11601.6 3 7.19686 -6.34038e-06 0
11601.6 3 11.1588 -6.32475e-06 0
11601.6 3 17.302 -6.29588e-06 0
11601.6 3 26.827 -6.23332e-06 0
11601.6 3 41.5956 -6.19351e-06 0
11601.6 3 64.4947 -6.13832e-06 0
11601.6 3 100 -6.04803e-06 0
11601.6 3 155.052 -5.93488e-06 0
11601.6 3 240.41 -5.77535e-06 0
11601.6 3 372.759 -5.50947e-06 0
11601.6 3 577.969 -5.17474e-06 0
11601.6 3 896.151 -4.7848e-06 0
11601.6 3 1389.5 -4.24607e-06 0
11601.6 3 2154.43 -3.59154e-06 0
11601.6 3 3340.48 -2.92092e-06 0
11601.6 3 5179.47 -2.29865e-06 0
11601.6 3 8030.86 -1.74735e-06 0
11601.6 3 12452 -1.26397e-06 0
11601.6 3 19307 -8.77181e-07 0
11601.6 3 29935.8 -5.91987e-07 0
11601.6 3 46415.9 -3.91033e-07 0
11601.6 3 71968.6 -2.54056e-07 0
11601.6 3 111588 -1.62304e-07 0
11601.6 3 173020 -1.0069e-07 0
11601.6 3 268270 -6.09973e-08 0
11601.6 3 415956 -3.54267e-08 0
11601.6 3 644947 -1.90789e-08 0
11601.6 3 1e+06 -8.99626e-09 0

28288.7 3 1e-06 -2.38914e-06 0
28288.7 3 1.55052e-06 -2.38914e-06 0
28288.7 3 2.4041e-06 -2.38914e-06 0
28288.7 3 3.72759e-06 -2.38914e-06 0
28288.7 3 5.77969e-06 -2.38914e-06 0
28288.7 3 8.96151e-06 -2.38914e-06 0
28288.7 3 1.3895e-05 -2.38914e-06 0
28288.7 3 2.15443e-05 -2.38914e-06 0
28288.7 3 3.34048e-05 -2.38914e-06 0
28288.7 3 5.17947e-05 -2.38914e-06 0
28288.7 3 8.03086e-05 -2.38914e-06 0
28288.7 3 0.00012452 -2.38914e-06 0
28288.7 3 0.00019307 -2.38914e-06 0
28288.7 3 0.000299358 -2.38914e-06 0
28288.7 3 0.000464159 -2.38913e-06 0
28288.7 3 0.000719686 -2.38913e-06 0
28288.7 3 0.00111588 -2.38913e-06 0
28288.7 3 0.0017302 -2.38913e-06 0
28288.7 3 0.0026827 -2.38913e-06 0
28288.7 3 0.00415956 -2.38913e-06 0
28288.7 3 0.00644947 -2.38913e-06 0
28288.7 3 0.01 -2.38913e-06 0
28288.7 3 0.0155052 -2.38913e-06 0
28288.7 3 0.024041 -2.38913e-06 0
28288.7 3 0.0372759 -2.38914e-06 0
28288.7 3 0.0577969 -2.38915e-06 0
28288.7 3 0.0896151 -2.38917e-06 0
28288.7 3 0.13895 -2.38923e-06 0
28288.7 3 0.215443 -2.38932e-06 0
28288.7 3 0.334048 -2.38942e-06 0
28288.7 3 0.517947 -2.38932e-06 0
28288.7 3 0.803086 -2.38865e-06 0
28288.7 3 1.2452 -2.38727e-06 0
28288.7 3 1.9307 -2.38586e-06 0
28288.7 3 2.99358 -2.3862e-06 0
28288.7 3 4.64159 -2.38417e-06 0
28288.7 3 7.19686 -2.37697e-06 0
28288.7 3 11.1588 -2.37443e-06 0
28288.7 3 17.302 -2.36971e-06 0
28288.7 3 26.827 -2.35929e-06 0
28288.7 3 41.5956 -2.35281e-06 0
28288.7 3 64.4947 -2.34379e-06 0
28288.7 3 100 -2.32877e-06 0
28288.7 3 155.052 -2.30977e-06 0
28288.7 3 240.41 -2.28231e-06 0
28288.7 3 372.759 -2.23409e-06 0
28288.7 3 577.969 -2.17e-06 0
28288.7 3 896.151 -2.09018e-06 0
28288.7 3 1389.5 -1.96761e-06 0
28288.7 3 2154.43 -1.7961e-06 0
28288.7 3 3340.48 -1.59105e-06 0
28288.7 3 5179.47 -1.36906e-06 0
28288.7 3 8030.86 -1.13818e-06 0
28288.7 3 12452 -8.97334e-07 0
28288.7 3 19307 -6.71831e-07 0
28288.7 3 29935.8 -4.82926e-07 0
28288.7 3 46415.9 -3.35584e-07 0
28288.7 3 71968.6 -2.2683e-07 0
28288.7 3 111588 -1.49282e-07 0
28288.7 3 173020 -9.46226e-08 0
28288.7 3 268270 -5.82221e-08 0
28288.7 3 415956 -3.41825e-08 0
28288.7 3 644947 -1.85367e-08 0
28288.7 3 1e+06 -8.77033e-09 0

68977.9 3 1e-06 -8.97503e-07 0
68977.9 3 1.55052e-06 -8.97503e-07 0
68977.9 3 2.4041e-06 -8.97503e-07 0
68977.9 3 3.72759e-06 -8.97503e-07 0
68977.9 3 5.77969e-06 -8.97503e-07 0
68977.9 3 8.96151e-06 -8.97503e-07 0
68977.9 3 1.3895e-05 -8.97503e-07 0
68977.9 3 2.15443e-05 -8.97503e-07 0
68977.9 3 3.34048e-05 -8.97503e-07 0
68977.9 3 5.17947e-05 -8.97503e-07 0
68977.9 3 8.03086e-05 -8.97503e-07 0
68977.9 3 0.00012452 -8.97503e-07 0
68977.9 3 0.00019307 -8.97503e-07 0
68977.9 3 0.000299358 -8.97503e-07 0
68977.9 3 0.000464159 -8.97503e-07 0
68977.9 3 0.000719686 -8.97503e-07 0
68977.9 3 0.00111588 -8.97503e-07 0
68977.9 3 0.0017302 -8.97503e-07 0
68977.9 3 0.0026827 -8.97503e-07 0
68977.9 3 0.00415956 -8.97503e-07 0
68977.9 3 0.00644947 -8.97502e-07 0
68977.9 3 0.01 -8.97502e-07 0
68977.9 3 0.0155052 -8.97502e-07 0
68977.9 3 0.024041 -8.97502e-07 0
68977.9 3 0.0372759 -8.97503e-07 0
68977.9 3 0.0577969 -8.97505e-07 0
68977.9 3 0.0896151 -8.97509e-07 0
68977.9 3 0.13895 -8.97519e-07 0
68977.9 3 0.215443 -8.97536e-07 0
68977.9 3 0.334048 -8.97552e-07 0
68977.9 3 0.517947 -8.97535e-07 0
68977.9 3 0.803086 -8.97425e-07 0
68977.9 3 1.2452 -8.97193e-07 0
68977.9 3 1.9307 -8.96958e-07 0
68977.9 3 2.99358 -8.9702e-07 0
68977.9 3 4.64159 -8.96685e-07 0
68977.9 3 7.19686 -8.9548e-07 0
68977.9 3 11.1588 -8.95064e-07 0
68977.9 3 17.302 -8.9429e-07 0
68977.9 3 26.827 -8.92559e-07 0
68977.9 3 41.5956 -8.9151e-07 0
68977.9 3 64.4947 -8.90052e-07 0
68977.9 3 100 -8.87597e-07 0
68977.9 3 155.052 -8.84496e-07 0
68977.9 3 240.41 -8.79972e-07 0
68977.9 3 372.759 -8.71791e-07 0
68977.9 3 577.969 -8.60663e-07 0
68977.9 3 896.151 -8.46385e-07 0
68977.9 3 1389.5 -8.23093e-07 0
68977.9 3 2154.43 -7.87522e-07 0
68977.9 3 3340.48 -7.4024e-07 0
68977.9 3 5179.47 -6.82665e-07 0
68977.9 3 8030.86 -6.13992e-07 0
68977.9 3 12452 -5.29181e-07 0
68977.9 3 19307 -4.34164e-07 0
68977.9 3 29935.8 -3.40058e-07 0
68977.9 3 46415.9 -2.54929e-07 0
68977.9 3 71968.6 -1.83649e-07 0
68977.9 3 111588 -1.27135e-07 0
68977.9 3 173020 -8.37382e-08 0
68977.9 3 268270 -5.30306e-08 0
68977.9 3 415956 -3.17805e-08 0
68977.9 3 644947 -1.74675e-08 0
68977.9 3 1e+06 -8.32066e-09 0

168192 3 1e-06 -3.36535e-07 0
168192 3 1.55052e-06 -3.36535e-07 0
168192 3 2.4041e-06 -3.36535e-07 0
168192 3 3.72759e-06 -3.36535e-07 0
168192 3 5.77969e-06 -3.36535e-07 0
168192 3 8.96151e-06 -3.36535e-07 0
168192 3 1.3895e-05 -3.36535e-07 0
168192 3 2.15443e-05 -3.36535e-07 0
168192 3 3.34048e-05 -3.36535e-07 0
168192 3 5.17947e-05 -3.36535e-07 0
168192 3 8.03086e-05 -3.36535e-07 0
168192 3 0.00012452 -3.36535e-07 0
168192 3 0.00019307 -3.36535e-07 0
168192 3 0.000299358 -3.36535e-07 0
168192 3 0.000464159 -3.36535e-07 0
168192 3 0.000719686 -3.36535e-07 0
168192 3 0.00111588 -3.36535e-07 0
168192 3 0.0017302 -3.36535e-07 0
168192 3 0.0026827 -3.36535e-07 0
168192 3 0.00415956 -3.36535e-07 0
168192 3 0.00644947 -3.36535e-07 0
168192 3 0.01 -3.36535e-07 0
168192 3 0.0155052 -3.36535e-07 0
168192 3 0.024041 -3.36535e-07 0
168192 3 0.0372759 -3.36535e-07 0
168192 3 0.0577969 -3.36535e-07 0
168192 3 0.0896151 -3.36536e-07 0
168192 3 0.13895 -3.36538e-07 0
168192 3 0.215443 -3.36541e-07 0
168192 3 0.334048 -3.36543e-07 0
168192 3 0.517947 -3.36541e-07 0
168192 3 0.803086 -3.36522e-07 0
168192 3 1.2452 -3.36484e-07 0
168192 3 1.9307 -3.36444e-07 0
168192 3 2.99358 -3.36455e-07 0
168192 3 4.64159 -3.364e-07 0
168192 3 7.19686 -3.36198e-07 0
168192 3 11.1588 -3.3613e-07 0
168192 3 17.302 -3.36002e-07 0
168192 3 26.827 -3.35715e-07 0
168192 3 41.5956 -3.35544e-07 0
168192 3 64.4947 -3.35309e-07 0
168192 3 100 -3.34909e-07 0
168192 3 155.052 -3.34407e-07 0
168192 3 240.41 -3.33672e-07 0
168192 3 372.759 -3.3232e-07 0
168192 3 577.969 -3.30467e-07 0
168192 3 896.151 -3.28067e-07 0
168192 3 1389.5 -3.24027e-07 0
168192 3 2154.43 -3.17565e-07 0
168192 3 3340.48 -3.08467e-07 0
168192 3 5179.47 -2.96605e-07 0
168192 3 8030.86 -2.81153e-07 0
168192 3 12452 -2.59553e-07 0
168192 3 19307 -2.31321e-07 0
168192 3 29935.8 -1.98222e-07 0
168192 3 46415.9 -1.6268e-07 0
168192 3 71968.6 -1.27587e-07 0
168192 3 111588 -9.51224e-08 0
168192 3 173020 -6.66099e-08 0
168192 3 268270 -4.42906e-08 0
168192 3 415956 -2.7525e-08 0
168192 3 644947 -1.55065e-08 0
168192 3 1e+06 -7.4826e-09 0

410113 3 1e-06 -1.24239e-07 0
410113 3 1.55052e-06 -1.24239e-07 0
410113 3 2.4041e-06 -1.24239e-07 0
410113 3 3.72759e-06 -1.24239e-07 0
410113 3 5.77969e-06 -1.24239e-07 0
410113 3 8.96151e-06 -1.24239e-07 0
410113 3 1.3895e-05 -1.24239e-07 0
410113 3 2.15443e-05 -1.24239e-07 0
410113 3 3.34048e-05 -1.24239e-07 0
410113 3 5.17947e-05 -1.24239e-07 0
410113 3 8.03086e-05 -1.24239e-07 0
410113 3 0.00012452 -1.24239e-07 0
410113 3 0.00019307 -1.24239e-07 0
410113 3 0.000299358 -1.24239e-07 0
410113 3 0.000464159 -1.24239e-07 0
410113 3 0.000719686 -1.24239e-07 0
410113 3 0.00111588 -1.24239e-07 0
410113 3 0.0017302 -1.24239e-07 0
410113 3 0.0026827 -1.24239e-07 0
410113 3 0.00415956 -1.24239e-07 0
410113 3 0.00644947 -1.24239e-07 0
410113 3 0.01 -1.24239e-07 0
410113 3 0.0155052 -1.24239e-07 0
410113 3 0.024041 -1.24239e-07 0
410113 3 0.0372759 -1.24239e-07 0
410113 3 0.0577969 -1.24239e-07 0
410113 3 0.0896151 -1.24239e-07 0
410113 3 0.13895 -1.24239e-07 0
410113 3 0.215443 -1.2424e-07 0
410113 3 0.334048 -1.2424e-07 0
410113 3 0.517947 -1.2424e-07 0
410113 3 0.803086 -1.24237e-07 0
410113 3 1.2452 -1.2423e-07 0
410113 3 1.9307 -1.24223e-07 0
410113 3 2.99358 -1.24225e-07 0
410113 3 4.64159 -1.24216e-07 0
410113 3 7.19686 -1.24182e-07 0
410113 3 11.1588 -1.24171e-07 0
410113 3 17.302 -1.2415e-07 0
410113 3 26.827 -1.24102e-07 0
410113 3 41.5956 -1.24074e-07 0
410113 3 64.4947 -1.24036e-07 0
410113 3 100 -1.23971e-07 0
410113 3 155.052 -1.23889e-07 0
410113 3 240.41 -1.2377e-07 0
410113 3 372.759 -1.23548e-07 0
410113 3 577.969 -1.23244e-07 0
410113 3 896.151 -1.22849e-07 0
410113 3 1389.5 -1.22174e-07 0
410113 3 2154.43 -1.21069e-07 0
410113 3 3340.48 -1.19472e-07 0
410113 3 5179.47 -1.1732e-07 0
410113 3 8030.86 -1.14387e-07 0
410113 3 12452 -1.09979e-07 0
410113 3 19307 -1.03606e-07 0
410113 3 29935.8 -9.51268e-08 0
410113 3 46415.9 -8.45727e-08 0
410113 3 71968.6 -7.23006e-08 0
410113 3 111588 -5.87564e-08 0
410113 3 173020 -4.46389e-08 0
410113 3 268270 -3.1872e-08 0
410113 3 415956 -2.09736e-08 0
410113 3 644947 -1.23131e-08 0
410113 3 1e+06 -6.07894e-09 0

1e+06 3 1e-06 -4.33803e-08 0
1e+06 3 1.55052e-06 -4.33803e-08 0
1e+06 3 2.4041e-06 -4.33803e-08 0
1e+06 3 3.72759e-06 -4.33803e-08 0
1e+06 3 5.77969e-06 -4.33803e-08 0
1e+06 3 8.96151e-06 -4.33803e-08 0
1e+06 3 1.3895e-05 -4.33803e-08 0
1e+06 3 2.15443e-05 -4.33803e-08 0
1e+06 3 3.34048e-05 -4.33803e-08 0
1e+06 3 5.17947e-05 -4.33803e-08 0
1e+06 3 8.03086e-05 -4.33803e-08 0
1e+06 3 0.00012452 -4.33803e-08 0
1e+06 3 0.00019307 -4.33803e-08 0
1e+06 3 0.000299358 -4.33803e-08 0
1e+06 3 0.000464159 -4.33803e-08 0
1e+06 3 0.000719686 -4.33803e-08 0
1e+06 3 0.00111588 -4.33803e-08 0
1e+06 3 0.0017302 -4.33803e-08 0
1e+06 3 0.0026827 -4.33803e-08 0
1e+06 3 0.00415956 -4.33803e-08 0
1e+06 3 0.00644947 -4.33803e-08 0
1e+06 3 0.01 -4.33803e-08 0
1e+06 3 0.0155052 -4.33803e-08 0
1e+06 3 0.024041 -4.33803e-08 0
1e+06 3 0.0372759 -4.33803e-08 0
1e+06 3 0.0577969 -4.33803e-08 0
1e+06 3 0.0896151 -4.33803e-08 0
1e+06 3 0.13895 -4.33804e-08 0
1e+06 3 0.215443 -4.33804e-08 0
1e+06 3 0.334048 -4.33805e-08 0
1e+06 3 0.517947 -4.33804e-08 0
1e+06 3 0.803086 -4.33799e-08 0
1e+06 3 1.2452 -4.33788e-08 0
1e+06 3 1.9307 -4.33777e-08 0
1e+06 3 2.99358 -4.33781e-08 0
1e+06 3 4.64159 -4.33765e-08 0
1e+06 3 7.19686 -4.33709e-08 0
1e+06 3 11.1588 -4.3369e-08 0
1e+06 3 17.302 -4.33655e-08 0
1e+06 3 26.827 -4.33576e-08 0
1e+06 3 41.5956 -4.3353e-08 0
1e+06 3 64.4947 -4.33468e-08 0
1e+06 3 100 -4.33361e-08 0
1e+06 3 155.052 -4.33228e-08 0
1e+06 3 240.41 -4.33034e-08 0
1e+06 3 372.759 -4.32671e-08 0
1e+06 3 577.969 -4.32173e-08 0
1e+06 3 896.151 -4.3153e-08 0
1e+06 3 1389.5 -4.30418e-08 0
1e+06 3 2154.43 -4.28581e-08 0
1e+06 3 3340.48 -4.25893e-08 0
1e+06 3 5179.47 -4.22225e-08 0
1e+06 3 8030.86 -4.17124e-08 0
1e+06 3 12452 -4.09176e-08 0
1e+06 3 19307 -3.9704e-08 0
1e+06 3 29935.8 -3.79658e-08 0
1e+06 3 46415.9 -3.55835e-08 0
1e+06 3 71968.6 -3.24578e-08 0
1e+06 3 111588 -2.84453e-08 0
1e+06 3 173020 -2.35024e-08 0
1e+06 3 268270 -1.82279e-08 0
1e+06 3 415956 -1.29203e-08 0
1e+06 3 644947 -8.04349e-09 0
1e+06 3 1e+06 -4.1129e-09 0

