#q_sq i k_sq Re(fg) Im(fg)
1e-06 6 1e-06 -1.7898e+10 -0
1e-06 6 1.55052e-06 -1.15433e+10 -0
1e-06 6 2.4041e-06 -7.44482e+09 -0
1e-06 6 3.72759e-06 -4.80153e+09 -0
1e-06 6 5.77969e-06 -3.09675e+09 -0
1e-06 6 8.96151e-06 -1.99726e+09 -0
1e-06 6 1.3895e-05 -1.28814e+09 -0
1e-06 6 2.15443e-05 -8.30803e+08 -0
1e-06 6 3.34048e-05 -5.35843e+08 -0
1e-06 6 5.17947e-05 -3.45609e+08 -0
1e-06 6 8.03086e-05 -2.22918e+08 -0
1e-06 6 0.00012452 -1.43789e+08 -0
1e-06 6 0.00019307 -9.27555e+07 -0
1e-06 6 0.000299358 -5.98413e+07 -0
1e-06 6 0.000464159 -3.86134e+07 -0
1e-06 6 0.000719686 -2.49225e+07 -0
1e-06 6 0.00111588 -1.60925e+07 -0
1e-06 6 0.0017302 -1.03976e+07 -0
1e-06 6 0.0026827 -6.72455e+06 -0
1e-06 6 0.00415956 -4.35543e+06 -0
1e-06 6 0.00644947 -2.82718e+06 -0
1e-06 6 0.01 -1.84109e+06 -0
1e-06 6 0.0155052 -1.20444e+06 -0
1e-06 6 0.024041 -792823 -0
1e-06 6 0.0372759 -525886 -0
1e-06 6 0.0577969 -351661 -0
1e-06 6 0.0896151 -236533 -0
1e-06 6 0.13895 -158873 -0
1e-06 6 0.215443 -105025 -0
1e-06 6 0.334048 -66790.5 -0
1e-06 6 0.517947 -39552 -0
1e-06 6 0.803086 -20738.4 -0
1e-06 6 1.2452 -9344.7 -0
1e-06 6 1.9307 -4168.94 -0
1e-06 6 2.99358 -1445.57 -0
1e-06 6 4.64159 150.537 -0
1e-06 6 7.19686 10.9864 -0
1e-06 6 11.1588 298.726 -0
1e-06 6 17.302 7.1053 -0
1e-06 6 26.827 -153.749 -0
1e-06 6 41.5956 -104.61 -0
1e-06 6 64.4947 -63.0788 -0
1e-06 6 100 -39.6119 -0
1e-06 6 155.052 -23.9492 -0
1e-06 6 240.41 -14.0082 -0
1e-06 6 372.759 -8.64624 -0
1e-06 6 577.969 -5.33258 -0
1e-06 6 896.151 -3.09587 -0
1e-06 6 1389.5 -1.83262 -0
1e-06 6 2154.43 -1.10132 -0
1e-06 6 3340.48 -0.660027 -0
1e-06 6 5179.47 -0.39288 -0
1e-06 6 8030.86 -0.227222 -0
1e-06 6 12452 -0.131479 -0
1e-06 6 19307 -0.0761346 -0
1e-06 6 29935.8 -0.0435809 -0
1e-06 6 46415.9 -0.024633 -0
1e-06 6 71968.6 -0.0135903 -0
1e-06 6 111588 -0.00704213 -0
1e-06 6 173020 -0.00361878 -0
1e-06 6 268270 -0.00165347 -0
1e-06 6 415956 -0.000624611 -0
1e-06 6 644947 -0.000143273 -0
1e-06 6 1e+06 -5.387e-05 -0

2.43835e-06 6 1e-06 -7.3402e+09 -0
2.43835e-06 6 1.55052e-06 -4.73405e+09 -0
2.43835e-06 6 2.4041e-06 -3.05322e+09 -0
2.43835e-06 6 3.72759e-06 -1.96917e+09 -0
2.43835e-06 6 5.77969e-06 -1.27002e+09 -0
2.43835e-06 6 8.96151e-06 -8.19101e+08 -0
2.43835e-06 6 1.3895e-05 -5.28284e+08 -0
2.43835e-06 6 2.15443e-05 -3.40723e+08 -0
2.43835e-06 6 3.34048e-05 -2.19756e+08 -0
2.43835e-06 6 5.17947e-05 -1.41739e+08 -0
2.43835e-06 6 8.03086e-05 -9.14217e+07 -0
2.43835e-06 6 0.00012452 -5.89699e+07 -0
2.43835e-06 6 0.00019307 -3.80402e+07 -0
2.43835e-06 6 0.000299358 -2.45417e+07 -0
2.43835e-06 6 0.000464159 -1.58358e+07 -0
2.43835e-06 6 0.000719686 -1.0221e+07 -0
2.43835e-06 6 0.00111588 -6.59976e+06 -0
2.43835e-06 6 0.0017302 -4.26419e+06 -0
2.43835e-06 6 0.0026827 -2.75782e+06 -0
2.43835e-06 6 0.00415956 -1.78622e+06 -0
2.43835e-06 6 0.00644947 -1.15946e+06 -0
2.43835e-06 6 0.01 -755056 -0
2.43835e-06 6 0.0155052 -493956 -0
2.43835e-06 6 0.024041 -325147 -0
2.43835e-06 6 0.0372759 -215673 -0
2.43835e-06 6 0.0577969 -144221 -0
2.43835e-06 6 0.0896151 -97005.5 -0
2.43835e-06 6 0.13895 -65156 -0
2.43835e-06 6 0.215443 -43072.2 -0
2.43835e-06 6 0.334048 -27391.7 -0
2.43835e-06 6 0.517947 -16220.8 -0
2.43835e-06 6 0.803086 -8505.08 -0
2.43835e-06 6 1.2452 -3832.38 -0
2.43835e-06 6 1.9307 -1709.74 -0
2.43835e-06 6 2.99358 -592.847 -0
2.43835e-06 6 4.64159 61.7371 -0
2.43835e-06 6 7.19686 4.50558 -0
2.43835e-06 6 11.1588 122.511 -0
2.43835e-06 6 17.302 2.91395 -0
2.43835e-06 6 26.827 -63.0546 -0
2.43835e-06 6 41.5956 -42.9017 -0
2.43835e-06 6 64.4947 -25.8694 -0
2.43835e-06 6 100 -16.2454 -0
2.43835e-06 6 155.052 -9.82186 -0
2.43835e-06 6 240.41 -5.74495 -0
2.43835e-06 6 372.759 -3.54593 -0
2.43835e-06 6 577.969 -2.18696 -0
2.43835e-06 6 896.151 -1.26966 -0
2.43835e-06 6 1389.5 -0.751581 -0
2.43835e-06 6 2154.43 -0.451666 -0
2.43835e-06 6 3340.48 -0.270685 -0
2.43835e-06 6 5179.47 -0.161125 -0
2.43835e-06 6 8030.86 -0.0931867 -0
2.43835e-06 6 12452 -0.0539211 -0
2.43835e-06 6 19307 -0.0312238 -0
2.43835e-06 6 29935.8 -0.0178731 -0
2.43835e-06 6 46415.9 -0.0101023 -0
2.43835e-06 6 71968.6 -0.00557356 -0
2.43835e-06 6 111588 -0.00288807 -0
2.43835e-06 6 173020 -0.00148411 -0
2.43835e-06 6 268270 -0.000678109 -0
2.43835e-06 6 415956 -0.000256161 -0
2.43835e-06 6 644947 -5.87582e-05 -0
2.43835e-06 6 1e+06 -2.20928e-05 -0

5.94557e-06 6 1e-06 -3.01031e+09 -0
5.94557e-06 6 1.55052e-06 -1.94149e+09 -0
5.94557e-06 6 2.4041e-06 -1.25216e+09 -0
5.94557e-06 6 3.72759e-06 -8.07581e+08 -0
5.94557e-06 6 5.77969e-06 -5.2085e+08 -0
5.94557e-06 6 8.96151e-06 -3.35924e+08 -0
5.94557e-06 6 1.3895e-05 -2.16656e+08 -0
5.94557e-06 6 2.15443e-05 -1.39735e+08 -0
5.94557e-06 6 3.34048e-05 -9.01247e+07 -0
5.94557e-06 6 5.17947e-05 -5.81288e+07 -0
5.94557e-06 6 8.03086e-05 -3.74932e+07 -0
5.94557e-06 6 0.00012452 -2.41843e+07 -0
5.94557e-06 6 0.00019307 -1.56008e+07 -0
5.94557e-06 6 0.000299358 -1.00649e+07 -0
5.94557e-06 6 0.000464159 -6.49449e+06 -0
5.94557e-06 6 0.000719686 -4.19178e+06 -0
5.94557e-06 6 0.00111588 -2.70664e+06 -0
5.94557e-06 6 0.0017302 -1.7488e+06 -0
5.94557e-06 6 0.0026827 -1.13102e+06 -0
5.94557e-06 6 0.00415956 -732551 -0
5.94557e-06 6 0.00644947 -475511 -0
5.94557e-06 6 0.01 -309658 -0
5.94557e-06 6 0.0155052 -202578 -0
5.94557e-06 6 0.024041 -133347 -0
5.94557e-06 6 0.0372759 -88450.3 -0
5.94557e-06 6 0.0577969 -59146.8 -0
5.94557e-06 6 0.0896151 -39783.3 -0
5.94557e-06 6 0.13895 -26721.4 -0
5.94557e-06 6 0.215443 -17664.5 -0
5.94557e-06 6 0.334048 -11233.7 -0
5.94557e-06 6 0.517947 -6652.39 -0
5.94557e-06 6 0.803086 -3488.05 -0
5.94557e-06 6 1.2452 -1571.71 -0
5.94557e-06 6 1.9307 -701.184 -0
5.94557e-06 6 2.99358 -243.134 -0
5.94557e-06 6 4.64159 25.3191 -0
5.94557e-06 6 7.19686 1.8477 -0
5.94557e-06 6 11.1588 50.2434 -0
5.94557e-06 6 17.302 1.19502 -0
5.94557e-06 6 26.827 -25.8595 -0
5.94557e-06 6 41.5956 -17.5946 -0
5.94557e-06 6 64.4947 -10.6094 -0
5.94557e-06 6 100 -6.66243 -0
5.94557e-06 6 155.052 -4.02807 -0
5.94557e-06 6 240.41 -2.35608 -0
5.94557e-06 6 372.759 -1.45423 -0
5.94557e-06 6 577.969 -0.896899 -0
5.94557e-06 6 896.151 -0.520703 -0
5.94557e-06 6 1389.5 -0.308233 -0
5.94557e-06 6 2154.43 -0.185234 -0
5.94557e-06 6 3340.48 -0.111011 -0
5.94557e-06 6 5179.47 -0.0660794 -0
5.94557e-06 6 8030.86 -0.0382171 -0
5.94557e-06 6 12452 -0.0221137 -0
5.94557e-06 6 19307 -0.0128053 -0
5.94557e-06 6 29935.8 -0.00732998 -0
5.94557e-06 6 46415.9 -0.00414309 -0
5.94557e-06 6 71968.6 -0.00228579 -0
5.94557e-06 6 111588 -0.00118443 -0
5.94557e-06 6 173020 -0.000608651 -0
5.94557e-06 6 268270 -0.000278101 -0
5.94557e-06 6 415956 -0.000105055 -0
5.94557e-06 6 644947 -2.40975e-05 -0
5.94557e-06 6 1e+06 -9.06052e-06 -0

1.44974e-05 6 1e-06 -1.23457e+09 -0
1.44974e-05 6 1.55052e-06 -7.96232e+08 -0
1.44974e-05 6 2.4041e-06 -5.13528e+08 -0
1.44974e-05 6 3.72759e-06 -3.312e+08 -0
1.44974e-05 6 5.77969e-06 -2.13607e+08 -0
1.44974e-05 6 8.96151e-06 -1.37767e+08 -0
1.44974e-05 6 1.3895e-05 -8.88535e+07 -0
1.44974e-05 6 2.15443e-05 -5.73071e+07 -0
1.44974e-05 6 3.34048e-05 -3.69613e+07 -0
1.44974e-05 6 5.17947e-05 -2.38394e+07 -0
1.44974e-05 6 8.03086e-05 -1.53764e+07 -0
1.44974e-05 6 0.00012452 -9.9183e+06 -0
1.44974e-05 6 0.00019307 -6.39808e+06 -0
1.44974e-05 6 0.000299358 -4.12773e+06 -0
1.44974e-05 6 0.000464159 -2.66347e+06 -0
1.44974e-05 6 0.000719686 -1.7191e+06 -0
1.44974e-05 6 0.00111588 -1.11003e+06 -0
1.44974e-05 6 0.0017302 -717206 -0
1.44974e-05 6 0.0026827 -463846 -0
1.44974e-05 6 0.00415956 -300429 -0
1.44974e-05 6 0.00644947 -195013 -0
1.44974e-05 6 0.01 -126995 -0
1.44974e-05 6 0.0155052 -83079.9 -0
1.44974e-05 6 0.024041 -54687.5 -0
1.44974e-05 6 0.0372759 -36274.8 -0
1.44974e-05 6 0.0577969 -24257 -0
1.44974e-05 6 0.0896151 -16315.8 -0
1.44974e-05 6 0.13895 -10958.9 -0
1.44974e-05 6 0.215443 -7244.52 -0
1.44974e-05 6 0.334048 -4607.15 -0
1.44974e-05 6 0.517947 -2728.26 -0
1.44974e-05 6 0.803086 -1430.51 -0
1.44974e-05 6 1.2452 -644.58 -0
1.44974e-05 6 1.9307 -287.564 -0
1.44974e-05 6 2.99358 -99.7121 -0
1.44974e-05 6 4.64159 10.3836 -0
1.44974e-05 6 7.19686 0.757672 -0
1.44974e-05 6 11.1588 20.6054 -0
1.44974e-05 6 17.302 0.490067 -0
1.44974e-05 6 26.827 -10.6053 -0
1.44974e-05 6 41.5956 -7.21575 -0
1.44974e-05 6 64.4947 -4.35104 -0
1.44974e-05 6 100 -2.73235 -0
1.44974e-05 6 155.052 -1.65196 -0
1.44974e-05 6 240.41 -0.966256 -0
1.44974e-05 6 372.759 -0.596399 -0
1.44974e-05 6 577.969 -0.36783 -0
1.44974e-05 6 896.151 -0.213547 -0
1.44974e-05 6 1389.5 -0.12641 -0
1.44974e-05 6 2154.43 -0.0759668 -0
1.44974e-05 6 3340.48 -0.0455272 -0
1.44974e-05 6 5179.47 -0.0271 -0
1.44974e-05 6 8030.86 -0.0156733 -0
1.44974e-05 6 12452 -0.00906911 -0
1.44974e-05 6 19307 -0.0052516 -0
1.44974e-05 6 29935.8 -0.00300612 -0
1.44974e-05 6 46415.9 -0.00169913 -0
1.44974e-05 6 71968.6 -0.00093743 -0
1.44974e-05 6 111588 -0.000485751 -0
1.44974e-05 6 173020 -0.000249616 -0
1.44974e-05 6 268270 -0.000114053 -0
1.44974e-05 6 415956 -4.30843e-05 -0
1.44974e-05 6 644947 -9.88269e-06 -0
1.44974e-05 6 1e+06 -3.71583e-06 -0

3.53498e-05 6 1e-06 -5.06313e+08 -0
3.53498e-05 6 1.55052e-06 -3.26545e+08 -0
3.53498e-05 6 2.4041e-06 -2.10605e+08 -0
3.53498e-05 6 3.72759e-06 -1.3583e+08 -0
3.53498e-05 6 5.77969e-06 -8.76033e+07 -0
3.53498e-05 6 8.96151e-06 -5.65e+07 -0
3.53498e-05 6 1.3895e-05 -3.644e+07 -0
3.53498e-05 6 2.15443e-05 -2.35024e+07 -0
3.53498e-05 6 3.34048e-05 -1.51583e+07 -0
3.53498e-05 6 5.17947e-05 -9.77686e+06 -0
3.53498e-05 6 8.03086e-05 -6.30609e+06 -0
3.53498e-05 6 0.00012452 -4.06763e+06 -0
3.53498e-05 6 0.00019307 -2.62394e+06 -0
3.53498e-05 6 0.000299358 -1.69284e+06 -0
3.53498e-05 6 0.000464159 -1.09233e+06 -0
3.53498e-05 6 0.000719686 -705028 -0
3.53498e-05 6 0.00111588 -455239 -0
3.53498e-05 6 0.0017302 -294136 -0
3.53498e-05 6 0.0026827 -190230 -0
3.53498e-05 6 0.00415956 -123210 -0
3.53498e-05 6 0.00644947 -79977.8 -0
3.53498e-05 6 0.01 -52082.5 -0
3.53498e-05 6 0.0155052 -34072.3 -0
3.53498e-05 6 0.024041 -22428.2 -0
3.53498e-05 6 0.0372759 -14876.9 -0
3.53498e-05 6 0.0577969 -9948.25 -0
3.53498e-05 6 0.0896151 -6691.42 -0
3.53498e-05 6 0.13895 -4494.48 -0
3.53498e-05 6 0.215443 -2971.15 -0
3.53498e-05 6 0.334048 -1889.51 -0
3.53498e-05 6 0.517947 -1118.93 -0
3.53498e-05 6 0.803086 -586.681 -0
3.53498e-05 6 1.2452 -264.352 -0
3.53498e-05 6 1.9307 -117.933 -0
3.53498e-05 6 2.99358 -40.893 -0
3.53498e-05 6 4.64159 4.25841 -0
3.53498e-05 6 7.19686 0.310637 -0
3.53498e-05 6 11.1588 8.45047 -0
3.53498e-05 6 17.302 0.200957 -0
3.53498e-05 6 26.827 -4.34939 -0
3.53498e-05 6 41.5956 -2.95928 -0
3.53498e-05 6 64.4947 -1.78442 -0
3.53498e-05 6 100 -1.12057 -0
3.53498e-05 6 155.052 -0.677491 -0
3.53498e-05 6 240.41 -0.396274 -0
3.53498e-05 6 372.759 -0.244591 -0
3.53498e-05 6 577.969 -0.150852 -0
3.53498e-05 6 896.151 -0.0875782 -0
3.53498e-05 6 1389.5 -0.0518425 -0
3.53498e-05 6 2154.43 -0.031155 -0
3.53498e-05 6 3340.48 -0.0186713 -0
3.53498e-05 6 5179.47 -0.011114 -0
3.53498e-05 6 8030.86 -0.00642782 -0
3.53498e-05 6 12452 -0.00371936 -0
3.53498e-05 6 19307 -0.00215375 -0
3.53498e-05 6 29935.8 -0.00123285 -0
3.53498e-05 6 46415.9 -0.000696836 -0
3.53498e-05 6 71968.6 -0.000384452 -0
3.53498e-05 6 111588 -0.000199213 -0
3.53498e-05 6 173020 -0.000102371 -0
3.53498e-05 6 268270 -4.67745e-05 -0
3.53498e-05 6 415956 -1.76694e-05 -0
3.53498e-05 6 644947 -4.05302e-06 -0
3.53498e-05 6 1e+06 -1.52391e-06 -0

8.61954e-05 6 1e-06 -2.07647e+08 -0
8.61954e-05 6 1.55052e-06 -1.33921e+08 -0
8.61954e-05 6 2.4041e-06 -8.63722e+07 -0
8.61954e-05 6 3.72759e-06 -5.57057e+07 -0
8.61954e-05 6 5.77969e-06 -3.59274e+07 -0
8.61954e-05 6 8.96151e-06 -2.31715e+07 -0
8.61954e-05 6 1.3895e-05 -1.49446e+07 -0
8.61954e-05 6 2.15443e-05 -9.63869e+06 -0
8.61954e-05 6 3.34048e-05 -6.21666e+06 -0
8.61954e-05 6 5.17947e-05 -4.00964e+06 -0
8.61954e-05 6 8.03086e-05 -2.58622e+06 -0
8.61954e-05 6 0.00012452 -1.6682e+06 -0
8.61954e-05 6 0.00019307 -1.07612e+06 -0
8.61954e-05 6 0.000299358 -694259 -0
8.61954e-05 6 0.000464159 -447980 -0
8.61954e-05 6 0.000719686 -289142 -0
8.61954e-05 6 0.00111588 -186700 -0
8.61954e-05 6 0.0017302 -120630 -0
8.61954e-05 6 0.0026827 -78016.1 -0
8.61954e-05 6 0.00415956 -50530.5 -0
8.61954e-05 6 0.00644947 -32800.2 -0
8.61954e-05 6 0.01 -21359.9 -0
8.61954e-05 6 0.0155052 -13973.7 -0
8.61954e-05 6 0.024041 -9198.27 -0
8.61954e-05 6 0.0372759 -6101.36 -0
8.61954e-05 6 0.0577969 -4080.04 -0
8.61954e-05 6 0.0896151 -2744.36 -0
8.61954e-05 6 0.13895 -1843.35 -0
8.61954e-05 6 0.215443 -1218.59 -0
8.61954e-05 6 0.334048 -774.967 -0
8.61954e-05 6 0.517947 -458.918 -0
8.61954e-05 6 0.803086 -240.618 -0
8.61954e-05 6 1.2452 -108.416 -0
8.61954e-05 6 1.9307 -48.3649 -0
8.61954e-05 6 2.99358 -16.7705 -0
8.61954e-05 6 4.64159 1.74637 -0
8.61954e-05 6 7.19686 0.127302 -0
8.61954e-05 6 11.1588 3.46558 -0
8.61954e-05 6 17.302 0.0823888 -0
8.61954e-05 6 26.827 -1.78375 -0
8.61954e-05 6 41.5956 -1.21364 -0
8.61954e-05 6 64.4947 -0.731815 -0
8.61954e-05 6 100 -0.459561 -0
8.61954e-05 6 155.052 -0.277848 -0
8.61954e-05 6 240.41 -0.162517 -0
8.61954e-05 6 372.759 -0.10031 -0
8.61954e-05 6 577.969 -0.0618662 -0
8.61954e-05 6 896.151 -0.035917 -0
8.61954e-05 6 1389.5 -0.0212613 -0
8.61954e-05 6 2154.43 -0.012777 -0
8.61954e-05 6 3340.48 -0.00765734 -0
8.61954e-05 6 5179.47 -0.00455801 -0
8.61954e-05 6 8030.86 -0.00263613 -0
8.61954e-05 6 12452 -0.00152536 -0
8.61954e-05 6 19307 -0.00088328 -0
8.61954e-05 6 29935.8 -0.000505606 -0
8.61954e-05 6 46415.9 -0.000285781 -0
8.61954e-05 6 71968.6 -0.000157669 -0
8.61954e-05 6 111588 -8.16997e-05 -0
8.61954e-05 6 173020 -4.19835e-05 -0
8.61954e-05 6 268270 -1.91828e-05 -0
8.61954e-05 6 415956 -7.24645e-06 -0
8.61954e-05 6 644947 -1.66219e-06 -0
8.61954e-05 6 1e+06 -6.24975e-07 -0

0.000210175 6 1e-06 -8.51596e+07 -0
0.000210175 6 1.55052e-06 -5.49235e+07 -0
0.000210175 6 2.4041e-06 -3.54228e+07 -0
0.000210175 6 3.72759e-06 -2.28459e+07 -0
0.000210175 6 5.77969e-06 -1.47345e+07 -0
0.000210175 6 8.96151e-06 -9.50305e+06 -0
0.000210175 6 1.3895e-05 -6.12905e+06 -0
0.000210175 6 2.15443e-05 -3.953e+06 -0
0.000210175 6 3.34048e-05 -2.54956e+06 -0
0.000210175 6 5.17947e-05 -1.64442e+06 -0
0.000210175 6 8.03086e-05 -1.06066e+06 -0
0.000210175 6 0.00012452 -684157 -0
0.000210175 6 0.00019307 -441335 -0
0.000210175 6 0.000299358 -284728 -0
0.000210175 6 0.000464159 -183725 -0
0.000210175 6 0.000719686 -118583 -0
0.000210175 6 0.00111588 -76569.3 -0
0.000210175 6 0.0017302 -49472.5 -0
0.000210175 6 0.0026827 -31996 -0
0.000210175 6 0.00415956 -20723.6 -0
0.000210175 6 0.00644947 -13452.1 -0
0.000210175 6 0.01 -8760.23 -0
0.000210175 6 0.0155052 -5731 -0
0.000210175 6 0.024041 -3772.51 -0
0.000210175 6 0.0372759 -2502.4 -0
0.000210175 6 0.0577969 -1673.42 -0
0.000210175 6 0.0896151 -1125.62 -0
0.000210175 6 0.13895 -756.083 -0
0.000210175 6 0.215443 -499.839 -0
0.000210175 6 0.334048 -317.88 -0
0.000210175 6 0.517947 -188.239 -0
0.000210175 6 0.803086 -98.6924 -0
0.000210175 6 1.2452 -44.4642 -0
0.000210175 6 1.9307 -19.8343 -0
0.000210175 6 2.99358 -6.87759 -0
0.000210175 6 4.64159 0.716154 -0
0.000210175 6 7.19686 0.0521143 -0
0.000210175 6 11.1588 1.42121 -0
0.000210175 6 17.302 0.0337626 -0
0.000210175 6 26.827 -0.731548 -0
0.000210175 6 41.5956 -0.497734 -0
0.000210175 6 64.4947 -0.300128 -0
0.000210175 6 100 -0.188472 -0
0.000210175 6 155.052 -0.113949 -0
0.000210175 6 240.41 -0.0666505 -0
0.000210175 6 372.759 -0.0411384 -0
0.000210175 6 577.969 -0.0253721 -0
0.000210175 6 896.151 -0.01473 -0
0.000210175 6 1389.5 -0.00871952 -0
0.000210175 6 2154.43 -0.00524003 -0
0.000210175 6 3340.48 -0.00314037 -0
0.000210175 6 5179.47 -0.0018693 -0
0.000210175 6 8030.86 -0.00108111 -0
0.000210175 6 12452 -0.000625568 -0
0.000210175 6 19307 -0.000362244 -0
0.000210175 6 29935.8 -0.000207356 -0
0.000210175 6 46415.9 -0.000117203 -0
0.000210175 6 71968.6 -6.46619e-05 -0
0.000210175 6 111588 -3.35061e-05 -0
0.000210175 6 173020 -1.7218e-05 -0
0.000210175 6 268270 -7.86712e-06 -0
0.000210175 6 415956 -2.97186e-06 -0
0.000210175 6 644947 -6.81687e-07 -0
0.000210175 6 1e+06 -2.5631e-07 -0

0.000512481 6 1e-06 -3.49261e+07 -0
0.000512481 6 1.55052e-06 -2.25255e+07 -0
0.000512481 6 2.4041e-06 -1.45278e+07 -0
0.000512481 6 3.72759e-06 -9.36969e+06 -0
0.000512481 6 5.77969e-06 -6.04299e+06 -0
0.000512481 6 8.96151e-06 -3.89744e+06 -0
0.000512481 6 1.3895e-05 -2.51368e+06 -0
0.000512481 6 2.15443e-05 -1.62123e+06 -0
0.000512481 6 3.34048e-05 -1.04564e+06 -0
0.000512481 6 5.17947e-05 -674420 -0
0.000512481 6 8.03086e-05 -435002 -0
0.000512481 6 0.00012452 -280590 -0
0.000512481 6 0.00019307 -181003 -0
0.000512481 6 0.000299358 -116774 -0
0.000512481 6 0.000464159 -75350.3 -0
0.000512481 6 0.000719686 -48633.9 -0
0.000512481 6 0.00111588 -31403.2 -0
0.000512481 6 0.0017302 -20290.1 -0
0.000512481 6 0.0026827 -13122.5 -0
0.000512481 6 0.00415956 -8499.41 -0
0.000512481 6 0.00644947 -5517.18 -0
0.000512481 6 0.01 -3592.93 -0
0.000512481 6 0.0155052 -2350.56 -0
0.000512481 6 0.024041 -1547.33 -0
0.000512481 6 0.0372759 -1026.42 -0
0.000512481 6 0.0577969 -686.429 -0
0.000512481 6 0.0896151 -461.753 -0
0.000512481 6 0.13895 -310.182 -0
0.000512481 6 0.215443 -205.071 -0
0.000512481 6 0.334048 -130.423 -0
0.000512481 6 0.517947 -77.2309 -0
0.000512481 6 0.803086 -40.4871 -0
0.000512481 6 1.2452 -18.2369 -0
0.000512481 6 1.9307 -8.13355 -0
0.000512481 6 2.99358 -2.82038 -0
0.000512481 6 4.64159 0.293649 -0
0.000512481 6 7.19686 0.0212788 -0
0.000512481 6 11.1588 0.582792 -0
0.000512481 6 17.302 0.0138204 -0
0.000512481 6 26.827 -0.300026 -0
0.000512481 6 41.5956 -0.204131 -0
0.000512481 6 64.4947 -0.123088 -0
0.000512481 6 100 -0.0772956 -0
0.000512481 6 155.052 -0.0467324 -0
0.000512481 6 240.41 -0.0273343 -0
0.000512481 6 372.759 -0.0168714 -0
0.000512481 6 577.969 -0.0104055 -0
0.000512481 6 896.151 -0.00604097 -0
0.000512481 6 1389.5 -0.00357599 -0
0.000512481 6 2154.43 -0.002149 -0
0.000512481 6 3340.48 -0.00128791 -0
0.000512481 6 5179.47 -0.000766624 -0
0.000512481 6 8030.86 -0.000443377 -0
0.000512481 6 12452 -0.000256553 -0
0.000512481 6 19307 -0.000148561 -0
0.000512481 6 29935.8 -8.50392e-05 -0
0.000512481 6 46415.9 -4.80662e-05 -0
0.000512481 6 71968.6 -2.65187e-05 -0
0.000512481 6 111588 -1.37413e-05 -0
0.000512481 6 173020 -7.0613e-06 -0
0.000512481 6 268270 -3.22641e-06 -0
0.000512481 6 415956 -1.2188e-06 -0
0.000512481 6 644947 -2.79568e-07 -0
0.000512481 6 1e+06 -1.05116e-07 -0

0.00124961 6 1e-06 -1.43247e+07 -0
0.00124961 6 1.55052e-06 -9.2387e+06 -0
0.00124961 6 2.4041e-06 -5.95849e+06 -0
0.00124961 6 3.72759e-06 -3.84292e+06 -0
0.00124961 6 5.77969e-06 -2.47849e+06 -0
0.00124961 6 8.96151e-06 -1.59851e+06 -0
0.00124961 6 1.3895e-05 -1.03097e+06 -0
0.00124961 6 2.15443e-05 -664936 -0
0.00124961 6 3.34048e-05 -428864 -0
0.00124961 6 5.17947e-05 -276609 -0
0.00124961 6 8.03086e-05 -178414 -0
0.00124961 6 0.00012452 -115083 -0
0.00124961 6 0.00019307 -74237.4 -0
0.00124961 6 0.000299358 -47894.4 -0
0.00124961 6 0.000464159 -30904.6 -0
0.00124961 6 0.000719686 -19947 -0
0.00124961 6 0.00111588 -12880 -0
0.00124961 6 0.0017302 -8321.99 -0
0.00124961 6 0.0026827 -5382.25 -0
0.00124961 6 0.00415956 -3486.12 -0
0.00124961 6 0.00644947 -2262.98 -0
0.00124961 6 0.01 -1473.75 -0
0.00124961 6 0.0155052 -964.202 -0
0.00124961 6 0.024041 -634.758 -0
0.00124961 6 0.0372759 -421.107 -0
0.00124961 6 0.0577969 -281.653 -0
0.00124961 6 0.0896151 -189.493 -0
0.00124961 6 0.13895 -127.313 -0
0.00124961 6 0.215443 -84.1831 -0
0.00124961 6 0.334048 -53.5439 -0
0.00124961 6 0.517947 -31.7049 -0
0.00124961 6 0.803086 -16.6164 -0
0.00124961 6 1.2452 -7.48074 -0
0.00124961 6 1.9307 -3.33491 -0
0.00124961 6 2.99358 -1.15646 -0
0.00124961 6 4.64159 0.120374 -0
0.00124961 6 7.19686 0.00863273 -0
0.00124961 6 11.1588 0.238945 -0
0.00124961 6 17.302 0.00564184 -0
0.00124961 6 26.827 -0.123054 -0
0.00124961 6 41.5956 -0.0837208 -0
0.00124961 6 64.4947 -0.0504817 -0
0.00124961 6 100 -0.0317006 -0
0.00124961 6 155.052 -0.0191658 -0
0.00124961 6 240.41 -0.0112103 -0
0.00124961 6 372.759 -0.00691923 -0
0.00124961 6 577.969 -0.00426743 -0
0.00124961 6 896.151 -0.00247749 -0
0.00124961 6 1389.5 -0.00146656 -0
0.00124961 6 2154.43 -0.000881335 -0
0.00124961 6 3340.48 -0.000528187 -0
0.00124961 6 5179.47 -0.000314402 -0
0.00124961 6 8030.86 -0.000181835 -0
0.00124961 6 12452 -0.000105216 -0
0.00124961 6 19307 -6.09268e-05 -0
0.00124961 6 29935.8 -3.48757e-05 -0
0.00124961 6 46415.9 -1.97126e-05 -0
0.00124961 6 71968.6 -1.08756e-05 -0
0.00124961 6 111588 -5.63547e-06 -0
0.00124961 6 173020 -2.89593e-06 -0
0.00124961 6 268270 -1.32319e-06 -0
0.00124961 6 415956 -4.99845e-07 -0
0.00124961 6 644947 -1.14655e-07 -0
0.00124961 6 1e+06 -4.31095e-08 -0

0.00304699 6 1e-06 -5.87584e+06 -0
0.00304699 6 1.55052e-06 -3.78961e+06 -0
0.00304699 6 2.4041e-06 -2.4441e+06 -0
0.00304699 6 3.72759e-06 -1.57632e+06 -0
0.00304699 6 5.77969e-06 -1.01665e+06 -0
0.00304699 6 8.96151e-06 -655691 -0
0.00304699 6 1.3895e-05 -422892 -0
0.00304699 6 2.15443e-05 -272749 -0
0.00304699 6 3.34048e-05 -175915 -0
0.00304699 6 5.17947e-05 -113462 -0
0.00304699 6 8.03086e-05 -73183.4 -0
0.00304699 6 0.00012452 -47205.7 -0
0.00304699 6 0.00019307 -30451.5 -0
0.00304699 6 0.000299358 -19645.9 -0
0.00304699 6 0.000464159 -12676.8 -0
0.00304699 6 0.000719686 -8182.18 -0
0.00304699 6 0.00111588 -5283.35 -0
0.00304699 6 0.0017302 -3413.72 -0
0.00304699 6 0.0026827 -2207.87 -0
0.00304699 6 0.00415956 -1430.1 -0
0.00304699 6 0.00644947 -928.383 -0
0.00304699 6 0.01 -604.652 -0
0.00304699 6 0.0155052 -395.637 -0
0.00304699 6 0.024041 -260.5 -0
0.00304699 6 0.0372759 -172.858 -0
0.00304699 6 0.0577969 -115.649 -0
0.00304699 6 0.0896151 -77.8355 -0
0.00304699 6 0.13895 -52.3156 -0
0.00304699 6 0.215443 -34.6054 -0
0.00304699 6 0.334048 -22.015 -0
0.00304699 6 0.517947 -13.0341 -0
0.00304699 6 0.803086 -6.82668 -0
0.00304699 6 1.2452 -3.0695 -0
0.00304699 6 1.9307 -1.36693 -0
0.00304699 6 2.99358 -0.474071 -0
0.00304699 6 4.64159 0.0493117 -0
0.00304699 6 7.19686 0.00344644 -0
0.00304699 6 11.1588 0.0979286 -0
0.00304699 6 17.302 0.00228771 -0
0.00304699 6 26.827 -0.0504756 -0
0.00304699 6 41.5956 -0.034339 -0
0.00304699 6 64.4947 -0.0207049 -0
0.00304699 6 100 -0.0130015 -0
0.00304699 6 155.052 -0.00786043 -0
0.00304699 6 240.41 -0.00459759 -0
0.00304699 6 372.759 -0.00283771 -0
0.00304699 6 577.969 -0.00175014 -0
0.00304699 6 896.151 -0.00101606 -0
0.00304699 6 1389.5 -0.000601458 -0
0.00304699 6 2154.43 -0.000361448 -0
0.00304699 6 3340.48 -0.000216617 -0
0.00304699 6 5179.47 -0.000128941 -0
0.00304699 6 8030.86 -7.45728e-05 -0
0.00304699 6 12452 -4.31504e-05 -0
0.00304699 6 19307 -2.49869e-05 -0
0.00304699 6 29935.8 -1.4303e-05 -0
0.00304699 6 46415.9 -8.08438e-06 -0
0.00304699 6 71968.6 -4.46024e-06 -0
0.00304699 6 111588 -2.31118e-06 -0
0.00304699 6 173020 -1.18766e-06 -0
0.00304699 6 268270 -5.42657e-07 -0
0.00304699 6 415956 -2.04993e-07 -0
0.00304699 6 644947 -4.70213e-08 -0
0.00304699 6 1e+06 -1.76797e-08 -0

0.00742964 6 1e-06 -2.41083e+06 -0
0.00742964 6 1.55052e-06 -1.55486e+06 -0
0.00742964 6 2.4041e-06 -1.00281e+06 -0
0.00742964 6 3.72759e-06 -646759 -0
0.00742964 6 5.77969e-06 -417128 -0
0.00742964 6 8.96151e-06 -269028 -0
0.00742964 6 1.3895e-05 -173511 -0
0.00742964 6 2.15443e-05 -111908 -0
0.00742964 6 3.34048e-05 -72177.4 -0
0.00742964 6 5.17947e-05 -46553.2 -0
0.00742964 6 8.03086e-05 -30027 -0
0.00742964 6 0.00012452 -19368.4 -0
0.00742964 6 0.00019307 -12494.3 -0
0.00742964 6 0.000299358 -8060.77 -0
0.00742964 6 0.000464159 -5201.4 -0
0.00742964 6 0.000719686 -3357.26 -0
0.00742964 6 0.00111588 -2167.87 -0
0.00742964 6 0.0017302 -1400.78 -0
0.00742964 6 0.0026827 -906.02 -0
0.00742964 6 0.00415956 -586.903 -0
0.00742964 6 0.00644947 -381.049 -0
0.00742964 6 0.01 -248.221 -0
0.00742964 6 0.0155052 -162.462 -0
0.00742964 6 0.024041 -107.012 -0
0.00742964 6 0.0372759 -71.0483 -0
0.00742964 6 0.0577969 -47.5683 -0
0.00742964 6 0.0896151 -32.0434 -0
0.00742964 6 0.13895 -21.5582 -0
0.00742964 6 0.215443 -14.2728 -0
0.00742964 6 0.334048 -9.08458 -0
0.00742964 6 0.517947 -5.37689 -0
0.00742964 6 0.803086 -2.81178 -0
0.00742964 6 1.2452 -1.26039 -0
0.00742964 6 1.9307 -0.559839 -0
0.00742964 6 2.99358 -0.194213 -0
0.00742964 6 4.64159 0.0201681 -0
0.00742964 6 7.19686 0.0013195 -0
0.00742964 6 11.1588 0.0400962 -0
0.00742964 6 17.302 0.000912142 -0
0.00742964 6 26.827 -0.0207102 -0
0.00742964 6 41.5956 -0.0140869 -0
0.00742964 6 64.4947 -0.008493 -0
0.00742964 6 100 -0.00533277 -0
0.00742964 6 155.052 -0.00322394 -0
0.00742964 6 240.41 -0.00188564 -0
0.00742964 6 372.759 -0.00116383 -0
0.00742964 6 577.969 -0.000717775 -0
0.00742964 6 896.151 -0.000416705 -0
0.00742964 6 1389.5 -0.000246669 -0
0.00742964 6 2154.43 -0.000148235 -0
0.00742964 6 3340.48 -8.88378e-05 -0
0.00742964 6 5179.47 -5.28803e-05 -0
0.00742964 6 8030.86 -3.05833e-05 -0
0.00742964 6 12452 -1.76966e-05 -0
0.00742964 6 19307 -1.02474e-05 -0
0.00742964 6 29935.8 -5.86583e-06 -0
0.00742964 6 46415.9 -3.31551e-06 -0
0.00742964 6 71968.6 -1.8292e-06 -0
0.00742964 6 111588 -9.47844e-07 -0
0.00742964 6 173020 -4.87074e-07 -0
0.00742964 6 268270 -2.22551e-07 -0
0.00742964 6 415956 -8.40701e-08 -0
0.00742964 6 644947 -1.9284e-08 -0
0.00742964 6 1e+06 -7.25069e-09 -0

0.0181161 6 1e-06 -989772 -0
0.0181161 6 1.55052e-06 -638351 -0
0.0181161 6 2.4041e-06 -411703 -0
0.0181161 6 3.72759e-06 -265528 -0
0.0181161 6 5.77969e-06 -171252 -0
0.0181161 6 8.96151e-06 -110450 -0
0.0181161 6 1.3895e-05 -71235.4 -0
0.0181161 6 2.15443e-05 -45944.2 -0
0.0181161 6 3.34048e-05 -29632.7 -0
0.0181161 6 5.17947e-05 -19112.6 -0
0.0181161 6 8.03086e-05 -12327.8 -0
0.0181161 6 0.00012452 -7951.88 -0
0.0181161 6 0.00019307 -5129.67 -0
0.0181161 6 0.000299358 -3309.5 -0
0.0181161 6 0.000464159 -2135.58 -0
0.0181161 6 0.000719686 -1378.47 -0
0.0181161 6 0.00111588 -890.163 -0
0.0181161 6 0.0017302 -575.229 -0
0.0181161 6 0.0026827 -372.106 -0
0.0181161 6 0.00415956 -241.091 -0
0.0181161 6 0.00644947 -156.577 -0
0.0181161 6 0.01 -102.043 -0
0.0181161 6 0.0155052 -66.8322 -0
0.0181161 6 0.024041 -44.0642 -0
0.0181161 6 0.0372759 -29.2943 -0
0.0181161 6 0.0577969 -19.6475 -0
0.0181161 6 0.0896151 -13.2633 -0
0.0181161 6 0.13895 -8.94413 -0
0.0181161 6 0.215443 -5.93411 -0
0.0181161 6 0.334048 -3.78153 -0
0.0181161 6 0.517947 -2.2365 -0
0.0181161 6 0.803086 -1.16518 -0
0.0181161 6 1.2452 -0.518445 -0
0.0181161 6 1.9307 -0.228843 -0
0.0181161 6 2.99358 -0.0794415 -0
0.0181161 6 4.64159 0.00821572 -0
0.0181161 6 7.19686 0.000447282 -0
0.0181161 6 11.1588 0.0163784 -0
0.0181161 6 17.302 0.000348019 -0
0.0181161 6 26.827 -0.00850306 -0
0.0181161 6 41.5956 -0.00578129 -0
0.0181161 6 64.4947 -0.00348477 -0
0.0181161 6 100 -0.00218772 -0
0.0181161 6 155.052 -0.00132246 -0
0.0181161 6 240.41 -0.00077344 -0
0.0181161 6 372.759 -0.000477345 -0
0.0181161 6 577.969 -0.000294387 -0
0.0181161 6 896.151 -0.000170903 -0
0.0181161 6 1389.5 -0.000101165 -0
0.0181161 6 2154.43 -6.07944e-05 -0
0.0181161 6 3340.48 -3.6434e-05 -0
0.0181161 6 5179.47 -2.16871e-05 -0
0.0181161 6 8030.86 -1.25427e-05 -0
0.0181161 6 12452 -7.25761e-06 -0
0.0181161 6 19307 -4.20262e-06 -0
0.0181161 6 29935.8 -2.40566e-06 -0
0.0181161 6 46415.9 -1.35973e-06 -0
0.0181161 6 71968.6 -7.5018e-07 -0
0.0181161 6 111588 -3.88723e-07 -0
0.0181161 6 173020 -1.99755e-07 -0
0.0181161 6 268270 -9.12709e-08 -0
0.0181161 6 415956 -3.44782e-08 -0
0.0181161 6 644947 -7.90864e-09 -0
0.0181161 6 1e+06 -2.9736e-09 -0

0.0441734 6 1e-06 -406929 -0
0.0441734 6 1.55052e-06 -262448 -0
0.0441734 6 2.4041e-06 -169265 -0
0.0441734 6 3.72759e-06 -109168 -0
0.0441734 6 5.77969e-06 -70407.9 -0
0.0441734 6 8.96151e-06 -45409.8 -0
0.0441734 6 1.3895e-05 -29287.4 -0
0.0441734 6 2.15443e-05 -18889.4 -0
0.0441734 6 3.34048e-05 -12183.1 -0
0.0441734 6 5.17947e-05 -7857.99 -0
0.0441734 6 8.03086e-05 -5068.5 -0
0.0441734 6 0.00012452 -3269.43 -0
0.0441734 6 0.00019307 -2109.12 -0
0.0441734 6 0.000299358 -1360.79 -0
0.0441734 6 0.000464159 -878.15 -0
0.0441734 6 0.000719686 -566.873 -0
0.0441734 6 0.00111588 -366.115 -0
0.0441734 6 0.0017302 -236.635 -0
0.0441734 6 0.0026827 -153.124 -0
0.0441734 6 0.00415956 -99.2588 -0
0.0441734 6 0.00644947 -64.5111 -0
0.0441734 6 0.01 -42.089 -0
0.0441734 6 0.0155052 -27.6106 -0
0.0441734 6 0.024041 -18.2467 -0
0.0441734 6 0.0372759 -12.1694 -0
0.0441734 6 0.0577969 -8.19607 -0
0.0441734 6 0.0896151 -5.56088 -0
0.0441734 6 0.13895 -3.77054 -0
0.0441734 6 0.215443 -2.51395 -0
0.0441734 6 0.334048 -1.60639 -0
0.0441734 6 0.517947 -0.948377 -0
0.0441734 6 0.803086 -0.489776 -0
0.0441734 6 1.2452 -0.214142 -0
0.0441734 6 1.9307 -0.093103 -0
0.0441734 6 2.99358 -0.0323749 -0
0.0441734 6 4.64159 0.00331338 -0
0.0441734 6 7.19686 8.97238e-05 -0
0.0441734 6 11.1588 0.00665155 -0
0.0441734 6 17.302 0.000116699 -0
0.0441734 6 26.827 -0.00349674 -0
0.0441734 6 41.5956 -0.00237504 -0
0.0441734 6 64.4947 -0.00143083 -0
0.0441734 6 100 -0.000897894 -0
0.0441734 6 155.052 -0.00054264 -0
0.0441734 6 240.41 -0.000317311 -0
0.0441734 6 372.759 -0.00019581 -0
0.0441734 6 577.969 -0.00012075 -0
0.0441734 6 896.151 -7.0097e-05 -0
0.0441734 6 1389.5 -4.14919e-05 -0
0.0441734 6 2154.43 -2.49337e-05 -0
0.0441734 6 3340.48 -1.49425e-05 -0
0.0441734 6 5179.47 -8.89434e-06 -0
0.0441734 6 8030.86 -5.14399e-06 -0
0.0441734 6 12452 -2.97647e-06 -0
0.0441734 6 19307 -1.72356e-06 -0
0.0441734 6 29935.8 -9.86595e-07 -0
0.0441734 6 46415.9 -5.57646e-07 -0
0.0441734 6 71968.6 -3.07659e-07 -0
0.0441734 6 111588 -1.59421e-07 -0
0.0441734 6 173020 -8.19223e-08 -0
0.0441734 6 268270 -3.74314e-08 -0
0.0441734 6 415956 -1.414e-08 -0
0.0441734 6 644947 -3.24344e-09 -0
0.0441734 6 1e+06 -1.21951e-09 -0

0.107711 6 1e-06 -167783 -0
0.107711 6 1.55052e-06 -108211 -0
0.107711 6 2.4041e-06 -69790.7 -0
0.107711 6 3.72759e-06 -45011.6 -0
0.107711 6 5.77969e-06 -29030.3 -0
0.107711 6 8.96151e-06 -18723.3 -0
0.107711 6 1.3895e-05 -12075.8 -0
0.107711 6 2.15443e-05 -7788.49 -0
0.107711 6 3.34048e-05 -5023.42 -0
0.107711 6 5.17947e-05 -3240.1 -0
0.107711 6 8.03086e-05 -2089.96 -0
0.107711 6 0.00012452 -1348.17 -0
0.107711 6 0.00019307 -869.761 -0
0.107711 6 0.000299358 -561.211 -0
0.107711 6 0.000464159 -362.213 -0
0.107711 6 0.000719686 -233.869 -0
0.107711 6 0.00111588 -151.094 -0
0.107711 6 0.0017302 -97.7069 -0
0.107711 6 0.0026827 -63.2737 -0
0.107711 6 0.00415956 -41.0637 -0
0.107711 6 0.00644947 -26.7358 -0
0.107711 6 0.01 -17.4895 -0
0.107711 6 0.0155052 -11.5177 -0
0.107711 6 0.024041 -7.65354 -0
0.107711 6 0.0372759 -5.1429 -0
0.107711 6 0.0577969 -3.49733 -0
0.107711 6 0.0896151 -2.40023 -0
0.107711 6 0.13895 -1.64737 -0
0.107711 6 0.215443 -1.11013 -0
0.107711 6 0.334048 -0.713418 -0
0.107711 6 0.517947 -0.419487 -0
0.107711 6 0.803086 -0.212501 -0
0.107711 6 1.2452 -0.0892928 -0
0.107711 6 1.9307 -0.0374503 -0
0.107711 6 2.99358 -0.0130793 -0
0.107711 6 4.64159 0.0013016 -0
0.107711 6 7.19686 -5.65468e-05 -0
0.107711 6 11.1588 0.00266268 -0
0.107711 6 17.302 2.19127e-05 -0
0.107711 6 26.827 -0.00144355 -0
0.107711 6 41.5956 -0.000978085 -0
0.107711 6 64.4947 -0.000588476 -0
0.107711 6 100 -0.00036892 -0
0.107711 6 155.052 -0.000222825 -0
0.107711 6 240.41 -0.000130247 -0
0.107711 6 372.759 -8.03491e-05 -0
0.107711 6 577.969 -4.95391e-05 -0
0.107711 6 896.151 -2.8755e-05 -0
0.107711 6 1389.5 -1.70193e-05 -0
0.107711 6 2154.43 -1.02268e-05 -0
0.107711 6 3340.48 -6.12857e-06 -0
0.107711 6 5179.47 -3.64787e-06 -0
0.107711 6 8030.86 -2.10969e-06 -0
0.107711 6 12452 -1.22072e-06 -0
0.107711 6 19307 -7.06865e-07 -0
0.107711 6 29935.8 -4.0462e-07 -0
0.107711 6 46415.9 -2.287e-07 -0
0.107711 6 71968.6 -1.26176e-07 -0
0.107711 6 111588 -6.53807e-08 -0
0.107711 6 173020 -3.35975e-08 -0
0.107711 6 268270 -1.53511e-08 -0
0.107711 6 415956 -5.79901e-09 -0
0.107711 6 644947 -1.33018e-09 -0
0.107711 6 1e+06 -5.0014e-10 -0

0.262636 6 1e-06 -69442.7 -0
0.262636 6 1.55052e-06 -44787 -0
0.262636 6 2.4041e-06 -28885.4 -0
0.262636 6 3.72759e-06 -18629.7 -0
0.262636 6 5.77969e-06 -12015.3 -0
0.262636 6 8.96151e-06 -7749.4 -0
0.262636 6 1.3895e-05 -4998.1 -0
0.262636 6 2.15443e-05 -3223.67 -0
0.262636 6 3.34048e-05 -2079.25 -0
0.262636 6 5.17947e-05 -1341.16 -0
0.262636 6 8.03086e-05 -865.135 -0
0.262636 6 0.00012452 -558.122 -0
0.262636 6 0.00019307 -360.116 -0
0.262636 6 0.000299358 -232.412 -0
0.262636 6 0.000464159 -150.049 -0
0.262636 6 0.000719686 -96.9298 -0
0.262636 6 0.00111588 -62.6702 -0
0.262636 6 0.0017302 -40.574 -0
0.262636 6 0.0026827 -26.3222 -0
0.262636 6 0.00415956 -17.1293 -0
0.262636 6 0.00644947 -11.1983 -0
0.262636 6 0.01 -7.37002 -0
0.262636 6 0.0155052 -4.89625 -0
0.262636 6 0.024041 -3.29372 -0
0.262636 6 0.0372759 -2.24972 -0
0.262636 6 0.0577969 -1.56142 -0
0.262636 6 0.0896151 -1.09693 -0
0.262636 6 0.13895 -0.770933 -0
0.262636 6 0.215443 -0.529947 -0
0.262636 6 0.334048 -0.344005 -0
0.262636 6 0.517947 -0.200676 -0
0.262636 6 0.803086 -0.0979948 -0
0.262636 6 1.2452 -0.0379635 -0
0.262636 6 1.9307 -0.014669 -0
0.262636 6 2.99358 -0.00518348 -0
0.262636 6 4.64159 0.000473568 -0
0.262636 6 7.19686 -0.000115635 -0
0.262636 6 11.1588 0.00102737 -0
0.262636 6 17.302 -1.67627e-05 -0
0.262636 6 26.827 -0.000601456 -0
0.262636 6 41.5956 -0.000405156 -0
0.262636 6 64.4947 -0.000243011 -0
0.262636 6 100 -0.000151979 -0
0.262636 6 155.052 -9.16647e-05 -0
0.262636 6 240.41 -5.35294e-05 -0
0.262636 6 372.759 -3.2997e-05 -0
0.262636 6 577.969 -2.03347e-05 -0
0.262636 6 896.151 -1.18002e-05 -0
0.262636 6 1389.5 -6.98275e-06 -0
0.262636 6 2154.43 -4.1953e-06 -0
0.262636 6 3340.48 -2.51387e-06 -0
0.262636 6 5179.47 -1.49622e-06 -0
0.262636 6 8030.86 -8.65287e-07 -0
0.262636 6 12452 -5.00662e-07 -0
0.262636 6 19307 -2.89906e-07 -0
0.262636 6 29935.8 -1.65945e-07 -0
0.262636 6 46415.9 -9.37946e-08 -0
0.262636 6 71968.6 -5.1747e-08 -0
0.262636 6 111588 -2.68138e-08 -0
0.262636 6 173020 -1.37789e-08 -0
0.262636 6 268270 -6.29575e-09 -0
0.262636 6 415956 -2.37827e-09 -0
0.262636 6 644947 -5.45531e-10 -0
0.262636 6 1e+06 -2.05116e-10 -0

0.6404 6 1e-06 -28567.8 -0
0.6404 6 1.55052e-06 -18424.8 -0
0.6404 6 2.4041e-06 -11883.1 -0
0.6404 6 3.72759e-06 -7664.1 -0
0.6404 6 5.77969e-06 -4943.04 -0
0.6404 6 8.96151e-06 -3188.1 -0
0.6404 6 1.3895e-05 -2056.26 -0
0.6404 6 2.15443e-05 -1326.28 -0
0.6404 6 3.34048e-05 -855.485 -0
0.6404 6 5.17947e-05 -551.846 -0
0.6404 6 8.03086e-05 -356.015 -0
0.6404 6 0.00012452 -229.715 -0
0.6404 6 0.00019307 -148.258 -0
0.6404 6 0.000299358 -95.7222 -0
0.6404 6 0.000464159 -61.8395 -0
0.6404 6 0.000719686 -39.9868 -0
0.6404 6 0.00111588 -25.8928 -0
0.6404 6 0.0017302 -16.8025 -0
0.6404 6 0.0026827 -10.9393 -0
0.6404 6 0.00415956 -7.15693 -0
0.6404 6 0.00644947 -4.71626 -0
0.6404 6 0.01 -3.14019 -0
0.6404 6 0.0155052 -2.12074 -0
0.6404 6 0.024041 -1.45877 -0
0.6404 6 0.0372759 -1.02521 -0
0.6404 6 0.0577969 -0.73604 -0
0.6404 6 0.0896151 -0.536318 -0
0.6404 6 0.13895 -0.390318 -0
0.6404 6 0.215443 -0.275878 -0
0.6404 6 0.334048 -0.181602 -0
0.6404 6 0.517947 -0.104954 -0
0.6404 6 0.803086 -0.0487833 -0
0.6404 6 1.2452 -0.0165989 -0
0.6404 6 1.9307 -0.00544105 -0
0.6404 6 2.99358 -0.00198874 -0
0.6404 6 4.64159 0.000127253 -0
0.6404 6 7.19686 -0.00013768 -0
0.6404 6 11.1588 0.000358103 -0
0.6404 6 17.302 -3.21478e-05 -0
0.6404 6 26.827 -0.000255953 -0
0.6404 6 41.5956 -0.000170143 -0
0.6404 6 64.4947 -0.000101317 -0
0.6404 6 100 -6.30044e-05 -0
0.6404 6 155.052 -3.78727e-05 -0
0.6404 6 240.41 -2.20662e-05 -0
0.6404 6 372.759 -1.35772e-05 -0
0.6404 6 577.969 -8.35758e-06 -0
0.6404 6 896.151 -4.84675e-06 -0
0.6404 6 1389.5 -2.86663e-06 -0
0.6404 6 2154.43 -1.7217e-06 -0
0.6404 6 3340.48 -1.03143e-06 -0
0.6404 6 5179.47 -6.13808e-07 -0
0.6404 6 8030.86 -3.5494e-07 -0
0.6404 6 12452 -2.05358e-07 -0
0.6404 6 19307 -1.18906e-07 -0
0.6404 6 29935.8 -6.80608e-08 -0
0.6404 6 46415.9 -3.84683e-08 -0
0.6404 6 71968.6 -2.12229e-08 -0
0.6404 6 111588 -1.0997e-08 -0
0.6404 6 173020 -5.65102e-09 -0
0.6404 6 268270 -2.58202e-09 -0
0.6404 6 415956 -9.75376e-10 -0
0.6404 6 644947 -2.23736e-10 -0
0.6404 6 1e+06 -8.41227e-11 -0

1.56152 6 1e-06 -11047.4 -0
1.56152 6 1.55052e-06 -7125.05 -0
1.56152 6 2.4041e-06 -4595.33 -0
1.56152 6 3.72759e-06 -2963.8 -0
1.56152 6 5.77969e-06 -1911.55 -0
1.56152 6 8.96151e-06 -1232.9 -0
1.56152 6 1.3895e-05 -795.214 -0
1.56152 6 2.15443e-05 -512.927 -0
1.56152 6 3.34048e-05 -330.867 -0
1.56152 6 5.17947e-05 -213.448 -0
1.56152 6 8.03086e-05 -137.719 -0
1.56152 6 0.00012452 -88.8781 -0
1.56152 6 0.00019307 -57.3781 -0
1.56152 6 0.000299358 -37.0623 -0
1.56152 6 0.000464159 -23.9596 -0
1.56152 6 0.000719686 -15.509 -0
1.56152 6 0.00111588 -10.0587 -0
1.56152 6 0.0017302 -6.54336 -0
1.56152 6 0.0026827 -4.27588 -0
1.56152 6 0.00415956 -2.81305 -0
1.56152 6 0.00644947 -1.86894 -0
1.56152 6 0.01 -1.25904 -0
1.56152 6 0.0155052 -0.864153 -0
1.56152 6 0.024041 -0.607162 -0
1.56152 6 0.0372759 -0.437991 -0
1.56152 6 0.0577969 -0.323926 -0
1.56152 6 0.0896151 -0.24345 -0
1.56152 6 0.13895 -0.182479 -0
1.56152 6 0.215443 -0.132304 -0
1.56152 6 0.334048 -0.0887409 -0
1.56152 6 0.517947 -0.0516303 -0
1.56152 6 0.803086 -0.0234787 -0
1.56152 6 1.2452 -0.0071512 -0
1.56152 6 1.9307 -0.00191026 -0
1.56152 6 2.99358 -0.000773231 -0
1.56152 6 4.64159 -2.79538e-05 -0
1.56152 6 7.19686 -0.000141507 -0
1.56152 6 11.1588 8.69064e-05 -0
1.56152 6 17.302 -3.73348e-05 -0
1.56152 6 26.827 -0.000113908 -0
1.56152 6 41.5956 -7.36492e-05 -0
1.56152 6 64.4947 -4.31717e-05 -0
1.56152 6 100 -2.65044e-05 -0
1.56152 6 155.052 -1.58088e-05 -0
1.56152 6 240.41 -9.16179e-06 -0
1.56152 6 372.759 -5.61266e-06 -0
1.56152 6 577.969 -3.44553e-06 -0
1.56152 6 896.151 -1.99505e-06 -0
1.56152 6 1389.5 -1.17856e-06 -0
1.56152 6 2154.43 -7.0725e-07 -0
1.56152 6 3340.48 -4.23468e-07 -0
1.56152 6 5179.47 -2.51917e-07 -0
1.56152 6 8030.86 -1.45641e-07 -0
1.56152 6 12452 -8.42499e-08 -0
1.56152 6 19307 -4.8777e-08 -0
1.56152 6 29935.8 -2.79174e-08 -0
1.56152 6 46415.9 -1.57783e-08 -0
1.56152 6 71968.6 -8.70456e-09 -0
1.56152 6 111588 -4.51032e-09 -0
1.56152 6 173020 -2.31768e-09 -0
1.56152 6 268270 -1.05897e-09 -0
1.56152 6 415956 -4.00033e-10 -0
1.56152 6 644947 -9.17637e-11 -0
1.56152 6 1e+06 -3.45018e-11 -0

3.80755 6 1e-06 -3644.06 -0
3.80755 6 1.55052e-06 -2350.24 -0
3.80755 6 2.4041e-06 -1515.79 -0
3.80755 6 3.72759e-06 -977.62 -0
3.80755 6 5.77969e-06 -630.526 -0
3.80755 6 8.96151e-06 -406.67 -0
3.80755 6 1.3895e-05 -262.294 -0
3.80755 6 2.15443e-05 -169.18 -0
3.80755 6 3.34048e-05 -109.126 -0
3.80755 6 5.17947e-05 -70.3943 -0
3.80755 6 8.03086e-05 -45.4145 -0
3.80755 6 0.00012452 -29.3039 -0
3.80755 6 0.00019307 -18.9134 -0
3.80755 6 0.000299358 -12.212 -0
3.80755 6 0.000464159 -7.89002 -0
3.80755 6 0.000719686 -5.10254 -0
3.80755 6 0.00111588 -3.30474 -0
3.80755 6 0.0017302 -2.14521 -0
3.80755 6 0.0026827 -1.39732 -0
3.80755 6 0.00415956 -0.914877 -0
3.80755 6 0.00644947 -0.603586 -0
3.80755 6 0.01 -0.402602 -0
3.80755 6 0.0155052 -0.272646 -0
3.80755 6 0.024041 -0.188329 -0
3.80755 6 0.0372759 -0.133202 -0
3.80755 6 0.0577969 -0.0965569 -0
3.80755 6 0.0896151 -0.0713845 -0
3.80755 6 0.13895 -0.0530887 -0
3.80755 6 0.215443 -0.0387299 -0
3.80755 6 0.334048 -0.0266346 -0
3.80755 6 0.517947 -0.0162083 -0
3.80755 6 0.803086 -0.00778737 -0
3.80755 6 1.2452 -0.00247805 -0
3.80755 6 1.9307 -0.000750047 -0
3.80755 6 2.99358 -0.000395201 -0
3.80755 6 4.64159 -0.000106198 -0
3.80755 6 7.19686 -0.000131531 -0
3.80755 6 11.1588 -1.71199e-05 -0
3.80755 6 17.302 -3.69733e-05 -0
3.80755 6 26.827 -5.48714e-05 -0
3.80755 6 41.5956 -3.38209e-05 -0
3.80755 6 64.4947 -1.9247e-05 -0
3.80755 6 100 -1.15117e-05 -0
3.80755 6 155.052 -6.75311e-06 -0
3.80755 6 240.41 -3.86751e-06 -0
3.80755 6 372.759 -2.34571e-06 -0
3.80755 6 577.969 -1.43087e-06 -0
3.80755 6 896.151 -8.25481e-07 -0
3.80755 6 1389.5 -4.86242e-07 -0
3.80755 6 2154.43 -2.91206e-07 -0
3.80755 6 3340.48 -1.74133e-07 -0
3.80755 6 5179.47 -1.03501e-07 -0
3.80755 6 8030.86 -5.98044e-08 -0
3.80755 6 12452 -3.4582e-08 -0
3.80755 6 19307 -2.0016e-08 -0
3.80755 6 29935.8 -1.14541e-08 -0
3.80755 6 46415.9 -6.47281e-09 -0
3.80755 6 71968.6 -3.57063e-09 -0
3.80755 6 111588 -1.85006e-09 -0
3.80755 6 173020 -9.50637e-10 -0
3.80755 6 268270 -4.34346e-10 -0
3.80755 6 415956 -1.64078e-10 -0
3.80755 6 644947 -3.76401e-11 -0
3.80755 6 1e+06 -1.41517e-11 -0

9.28415 6 1e-06 -1075.75 -0
9.28415 6 1.55052e-06 -693.8 -0
9.28415 6 2.4041e-06 -447.465 -0
9.28415 6 3.72759e-06 -288.592 -0
9.28415 6 5.77969e-06 -186.127 -0
9.28415 6 8.96151e-06 -120.043 -0
9.28415 6 1.3895e-05 -77.4218 -0
9.28415 6 2.15443e-05 -49.9336 -0
9.28415 6 3.34048e-05 -32.2052 -0
9.28415 6 5.17947e-05 -20.7713 -0
9.28415 6 8.03086e-05 -13.3971 -0
9.28415 6 0.00012452 -8.64111 -0
9.28415 6 0.00019307 -5.57375 -0
9.28415 6 0.000299358 -3.59547 -0
9.28415 6 0.000464159 -2.31958 -0
9.28415 6 0.000719686 -1.4967 -0
9.28415 6 0.00111588 -0.965986 -0
9.28415 6 0.0017302 -0.623704 -0
9.28415 6 0.0026827 -0.402948 -0
9.28415 6 0.00415956 -0.260571 -0
9.28415 6 0.00644947 -0.168743 -0
9.28415 6 0.01 -0.109515 -0
9.28415 6 0.0155052 -0.0713106 -0
9.28415 6 0.024041 -0.0466611 -0
9.28415 6 0.0372759 -0.0307485 -0
9.28415 6 0.0577969 -0.020462 -0
9.28415 6 0.0896151 -0.0137895 -0
9.28415 6 0.13895 -0.00942347 -0
9.28415 6 0.215443 -0.0065041 -0
9.28415 6 0.334048 -0.00445083 -0
9.28415 6 0.517947 -0.00287106 -0
9.28415 6 0.803086 -0.00157392 -0
9.28415 6 1.2452 -0.000685358 -0
9.28415 6 1.9307 -0.000382081 -0
9.28415 6 2.99358 -0.00026845 -0
9.28415 6 4.64159 -0.000127976 -0
9.28415 6 7.19686 -0.000106055 -0
9.28415 6 11.1588 -4.63307e-05 -0
9.28415 6 17.302 -3.20343e-05 -0
9.28415 6 26.827 -2.90982e-05 -0
9.28415 6 41.5956 -1.6959e-05 -0
9.28415 6 64.4947 -9.26779e-06 -0
9.28415 6 100 -5.31177e-06 -0
9.28415 6 155.052 -3.02384e-06 -0
9.28415 6 240.41 -1.69179e-06 -0
9.28415 6 372.759 -1.00463e-06 -0
9.28415 6 577.969 -6.04278e-07 -0
9.28415 6 896.151 -3.45727e-07 -0
9.28415 6 1389.5 -2.02289e-07 -0
9.28415 6 2154.43 -1.20574e-07 -0
9.28415 6 3340.48 -7.18752e-08 -0
9.28415 6 5179.47 -4.26335e-08 -0
9.28415 6 8030.86 -2.46016e-08 -0
9.28415 6 12452 -1.42125e-08 -0
9.28415 6 19307 -8.22081e-09 -0
9.28415 6 29935.8 -4.70227e-09 -0
9.28415 6 46415.9 -2.65652e-09 -0
9.28415 6 71968.6 -1.46514e-09 -0
9.28415 6 111588 -7.59048e-10 -0
9.28415 6 173020 -3.89995e-10 -0
9.28415 6 268270 -1.78181e-10 -0
9.28415 6 415956 -6.73093e-11 -0
9.28415 6 644947 -1.54434e-11 -0
9.28415 6 1e+06 -5.80584e-12 -0

22.638 6 1e-06 -332.418 -0
22.638 6 1.55052e-06 -214.392 -0
22.638 6 2.4041e-06 -138.271 -0
22.638 6 3.72759e-06 -89.1776 -0
22.638 6 5.77969e-06 -57.5148 -0
22.638 6 8.96151e-06 -37.094 -0
22.638 6 1.3895e-05 -23.9236 -0
22.638 6 2.15443e-05 -15.4295 -0
22.638 6 3.34048e-05 -9.95119 -0
22.638 6 5.17947e-05 -6.41799 -0
22.638 6 8.03086e-05 -4.13927 -0
22.638 6 0.00012452 -2.66961 -0
22.638 6 0.00019307 -1.72176 -0
22.638 6 0.000299358 -1.11045 -0
22.638 6 0.000464159 -0.716186 -0
22.638 6 0.000719686 -0.461907 -0
22.638 6 0.00111588 -0.297911 -0
22.638 6 0.0017302 -0.192142 -0
22.638 6 0.0026827 -0.123928 -0
22.638 6 0.00415956 -0.0799333 -0
22.638 6 0.00644947 -0.0515602 -0
22.638 6 0.01 -0.0332624 -0
22.638 6 0.0155052 -0.0214633 -0
22.638 6 0.024041 -0.0138566 -0
22.638 6 0.0372759 -0.00895497 -0
22.638 6 0.0577969 -0.00579973 -0
22.638 6 0.0896151 -0.00377251 -0
22.638 6 0.13895 -0.00247369 -0
22.638 6 0.215443 -0.00164267 -0
22.638 6 0.334048 -0.00110499 -0
22.638 6 0.517947 -0.000740198 -0
22.638 6 0.803086 -0.000473401 -0
22.638 6 1.2452 -0.000291007 -0
22.638 6 1.9307 -0.000206728 -0
22.638 6 2.99358 -0.000159398 -0
22.638 6 4.64159 -9.37909e-05 -0
22.638 6 7.19686 -6.70642e-05 -0
22.638 6 11.1588 -3.95426e-05 -0
22.638 6 17.302 -2.28918e-05 -0
22.638 6 26.827 -1.6029e-05 -0
22.638 6 41.5956 -9.12318e-06 -0
22.638 6 64.4947 -4.86361e-06 -0
22.638 6 100 -2.66892e-06 -0
22.638 6 155.052 -1.46302e-06 -0
22.638 6 240.41 -7.90094e-07 -0
22.638 6 372.759 -4.51902e-07 -0
22.638 6 577.969 -2.64497e-07 -0
22.638 6 896.151 -1.48753e-07 -0
22.638 6 1389.5 -8.57753e-08 -0
22.638 6 2154.43 -5.05792e-08 -0
22.638 6 3340.48 -2.99339e-08 -0
22.638 6 5179.47 -1.76698e-08 -0
22.638 6 8030.86 -1.01643e-08 -0
22.638 6 12452 -5.85868e-09 -0
22.638 6 19307 -3.38344e-09 -0
22.638 6 29935.8 -1.93327e-09 -0
22.638 6 46415.9 -1.09141e-09 -0
22.638 6 71968.6 -6.01658e-10 -0
22.638 6 111588 -3.11612e-10 -0
22.638 6 173020 -1.60068e-10 -0
22.638 6 268270 -7.31241e-11 -0
22.638 6 415956 -2.76235e-11 -0
22.638 6 644947 -6.34025e-12 -0
22.638 6 1e+06 -2.38311e-12 -0

55.1995 6 1e-06 -108.927 -0
55.1995 6 1.55052e-06 -70.2524 -0
55.1995 6 2.4041e-06 -45.3091 -0
55.1995 6 3.72759e-06 -29.222 -0
55.1995 6 5.77969e-06 -18.8466 -0
55.1995 6 8.96151e-06 -12.1551 -0
55.1995 6 1.3895e-05 -7.83939 -0
55.1995 6 2.15443e-05 -5.056 -0
55.1995 6 3.34048e-05 -3.26087 -0
55.1995 6 5.17947e-05 -2.1031 -0
55.1995 6 8.03086e-05 -1.3564 -0
55.1995 6 0.00012452 -0.874819 -0
55.1995 6 0.00019307 -0.564225 -0
55.1995 6 0.000299358 -0.363908 -0
55.1995 6 0.000464159 -0.234715 -0
55.1995 6 0.000719686 -0.151392 -0
55.1995 6 0.00111588 -0.0976534 -0
55.1995 6 0.0017302 -0.0629948 -0
55.1995 6 0.0026827 -0.0406419 -0
55.1995 6 0.00415956 -0.0262256 -0
55.1995 6 0.00644947 -0.0169279 -0
55.1995 6 0.01 -0.0109317 -0
55.1995 6 0.0155052 -0.0070647 -0
55.1995 6 0.024041 -0.00457118 -0
55.1995 6 0.0372759 -0.00296366 -0
55.1995 6 0.0577969 -0.00192781 -0
55.1995 6 0.0896151 -0.00126092 -0
55.1995 6 0.13895 -0.0008321 -0
55.1995 6 0.215443 -0.00055651 -0
55.1995 6 0.334048 -0.000378412 -0
55.1995 6 0.517947 -0.000260487 -0
55.1995 6 0.803086 -0.000178602 -0
55.1995 6 1.2452 -0.000122001 -0
55.1995 6 1.9307 -8.88542e-05 -0
55.1995 6 2.99358 -6.85874e-05 -0
55.1995 6 4.64159 -4.46963e-05 -0
55.1995 6 7.19686 -3.0546e-05 -0
55.1995 6 11.1588 -2.10307e-05 -0
55.1995 6 17.302 -1.23942e-05 -0
55.1995 6 26.827 -7.99134e-06 -0
55.1995 6 41.5956 -4.74566e-06 -0
55.1995 6 64.4947 -2.60778e-06 -0
55.1995 6 100 -1.42481e-06 -0
55.1995 6 155.052 -7.6835e-07 -0
55.1995 6 240.41 -4.02916e-07 -0
55.1995 6 372.759 -2.1993e-07 -0
55.1995 6 577.969 -1.23565e-07 -0
55.1995 6 896.151 -6.75089e-08 -0
55.1995 6 1389.5 -3.78609e-08 -0
55.1995 6 2154.43 -2.18373e-08 -0
55.1995 6 3340.48 -1.27234e-08 -0
55.1995 6 5179.47 -7.42927e-09 -0
55.1995 6 8030.86 -4.24275e-09 -0
55.1995 6 12452 -2.43253e-09 -0
55.1995 6 19307 -1.39954e-09 -0
55.1995 6 29935.8 -7.97667e-10 -0
55.1995 6 46415.9 -4.4954e-10 -0
55.1995 6 71968.6 -2.47532e-10 -0
55.1995 6 111588 -1.28113e-10 -0
55.1995 6 173020 -6.57729e-11 -0
55.1995 6 268270 -3.00393e-11 -0
55.1995 6 415956 -1.13478e-11 -0
55.1995 6 644947 -2.60696e-12 -0
55.1995 6 1e+06 -9.79421e-13 -0

134.596 6 1e-06 -36.781 -0
134.596 6 1.55052e-06 -23.7218 -0
134.596 6 2.4041e-06 -15.2993 -0
134.596 6 3.72759e-06 -9.86723 -0
134.596 6 5.77969e-06 -6.36384 -0
134.596 6 8.96151e-06 -4.10434 -0
134.596 6 1.3895e-05 -2.64709 -0
134.596 6 2.15443e-05 -1.70723 -0
134.596 6 3.34048e-05 -1.10108 -0
134.596 6 5.17947e-05 -0.71014 -0
134.596 6 8.03086e-05 -0.458006 -0
134.596 6 0.00012452 -0.295393 -0
134.596 6 0.00019307 -0.190517 -0
134.596 6 0.000299358 -0.122877 -0
134.596 6 0.000464159 -0.0792526 -0
134.596 6 0.000719686 -0.0511174 -0
134.596 6 0.00111588 -0.0329717 -0
134.596 6 0.0017302 -0.0212687 -0
134.596 6 0.0026827 -0.0137209 -0
134.596 6 0.00415956 -0.00885296 -0
134.596 6 0.00644947 -0.00571343 -0
134.596 6 0.01 -0.00368864 -0
134.596 6 0.0155052 -0.0023828 -0
134.596 6 0.024041 -0.00154068 -0
134.596 6 0.0372759 -0.00099766 -0
134.596 6 0.0577969 -0.000647585 -0
134.596 6 0.0896151 -0.00042199 -0
134.596 6 0.13895 -0.0002767 -0
134.596 6 0.215443 -0.00018316 -0
134.596 6 0.334048 -0.000122803 -0
134.596 6 0.517947 -8.34292e-05 -0
134.596 6 0.803086 -5.70979e-05 -0
134.596 6 1.2452 -3.9329e-05 -0
134.596 6 1.9307 -2.81839e-05 -0
134.596 6 2.99358 -2.12637e-05 -0
134.596 6 4.64159 -1.47031e-05 -0
134.596 6 7.19686 -1.01076e-05 -0
134.596 6 11.1588 -7.59799e-06 -0
134.596 6 17.302 -4.8907e-06 -0
134.596 6 26.827 -3.18895e-06 -0
134.596 6 41.5956 -2.0737e-06 -0
134.596 6 64.4947 -1.25067e-06 -0
134.596 6 100 -7.2839e-07 -0
134.596 6 155.052 -4.09481e-07 -0
134.596 6 240.41 -2.17646e-07 -0
134.596 6 372.759 -1.15991e-07 -0
134.596 6 577.969 -6.29353e-08 -0
134.596 6 896.151 -3.33115e-08 -0
134.596 6 1389.5 -1.79502e-08 -0
134.596 6 2154.43 -9.97451e-09 -0
134.596 6 3340.48 -5.64369e-09 -0
134.596 6 5179.47 -3.22353e-09 -0
134.596 6 8030.86 -1.81264e-09 -0
134.596 6 12452 -1.02701e-09 -0
134.596 6 19307 -5.85819e-10 -0
134.596 6 29935.8 -3.3192e-10 -0
134.596 6 46415.9 -1.86298e-10 -0
134.596 6 71968.6 -1.02301e-10 -0
134.596 6 111588 -5.28587e-11 -0
134.596 6 173020 -2.71015e-11 -0
134.596 6 268270 -1.23698e-11 -0
134.596 6 415956 -4.67307e-12 -0
134.596 6 644947 -1.07592e-12 -0
134.596 6 1e+06 -4.03762e-13 -0

328.193 6 1e-06 -12.7113 -0
328.193 6 1.55052e-06 -8.19812 -0
328.193 6 2.4041e-06 -5.28735 -0
328.193 6 3.72759e-06 -3.41006 -0
328.193 6 5.77969e-06 -2.19931 -0
328.193 6 8.96151e-06 -1.41844 -0
328.193 6 1.3895e-05 -0.914816 -0
328.193 6 2.15443e-05 -0.590009 -0
328.193 6 3.34048e-05 -0.380525 -0
328.193 6 5.17947e-05 -0.245419 -0
328.193 6 8.03086e-05 -0.158283 -0
328.193 6 0.00012452 -0.102085 -0
328.193 6 0.00019307 -0.0658398 -0
328.193 6 0.000299358 -0.0424638 -0
328.193 6 0.000464159 -0.0273876 -0
328.193 6 0.000719686 -0.0176642 -0
328.193 6 0.00111588 -0.0113931 -0
328.193 6 0.0017302 -0.00734863 -0
328.193 6 0.0026827 -0.00474014 -0
328.193 6 0.00415956 -0.00305781 -0
328.193 6 0.00644947 -0.0019728 -0
328.193 6 0.01 -0.00127303 -0
328.193 6 0.0155052 -0.000821727 -0
328.193 6 0.024041 -0.000530671 -0
328.193 6 0.0372759 -0.000342971 -0
328.193 6 0.0577969 -0.000221938 -0
328.193 6 0.0896151 -0.000143909 -0
328.193 6 0.13895 -9.36181e-05 -0
328.193 6 0.215443 -6.12137e-05 -0
328.193 6 0.334048 -4.03188e-05 -0
328.193 6 0.517947 -2.67868e-05 -0
328.193 6 0.803086 -1.79246e-05 -0
328.193 6 1.2452 -1.20775e-05 -0
328.193 6 1.9307 -8.33888e-06 -0
328.193 6 2.99358 -5.99857e-06 -0
328.193 6 4.64159 -4.1642e-06 -0
328.193 6 7.19686 -2.84489e-06 -0
328.193 6 11.1588 -2.15509e-06 -0
328.193 6 17.302 -1.4721e-06 -0
328.193 6 26.827 -9.81052e-07 -0
328.193 6 41.5956 -6.95269e-07 -0
328.193 6 64.4947 -4.7248e-07 -0
328.193 6 100 -3.09715e-07 -0
328.193 6 155.052 -1.93506e-07 -0
328.193 6 240.41 -1.11462e-07 -0
328.193 6 372.759 -6.16778e-08 -0
328.193 6 577.969 -3.38268e-08 -0
328.193 6 896.151 -1.78378e-08 -0
328.193 6 1389.5 -9.32272e-09 -0
328.193 6 2154.43 -4.96727e-09 -0
328.193 6 3340.48 -2.69746e-09 -0
328.193 6 5179.47 -1.48618e-09 -0
328.193 6 8030.86 -8.12461e-10 -0
328.193 6 12452 -4.49608e-10 -0
328.193 6 19307 -2.51842e-10 -0
328.193 6 29935.8 -1.40845e-10 -0
328.193 6 46415.9 -7.83238e-11 -0
328.193 6 71968.6 -4.27364e-11 -0
328.193 6 111588 -2.19954e-11 -0
328.193 6 173020 -1.12419e-11 -0
328.193 6 268270 -5.12338e-12 -0
328.193 6 415956 -1.93572e-12 -0
328.193 6 644947 -4.4805e-13 -0
328.193 6 1e+06 -1.67691e-13 -0

800.25 6 1e-06 -4.43952 -0
800.25 6 1.55052e-06 -2.86325 -0
800.25 6 2.4041e-06 -1.84665 -0
800.25 6 3.72759e-06 -1.19099 -0
800.25 6 5.77969e-06 -0.768124 -0
800.25 6 8.96151e-06 -0.495399 -0
800.25 6 1.3895e-05 -0.319506 -0
800.25 6 2.15443e-05 -0.206064 -0
800.25 6 3.34048e-05 -0.132901 -0
800.25 6 5.17947e-05 -0.085714 -0
800.25 6 8.03086e-05 -0.0552811 -0
800.25 6 0.00012452 -0.0356535 -0
800.25 6 0.00019307 -0.0229947 -0
800.25 6 0.000299358 -0.0148305 -0
800.25 6 0.000464159 -0.00956497 -0
800.25 6 0.000719686 -0.00616901 -0
800.25 6 0.00111588 -0.0039788 -0
800.25 6 0.0017302 -0.00256622 -0
800.25 6 0.0026827 -0.00165519 -0
800.25 6 0.00415956 -0.00106762 -0
800.25 6 0.00644947 -0.000688676 -0
800.25 6 0.01 -0.000444275 -0
800.25 6 0.0155052 -0.00028665 -0
800.25 6 0.024041 -0.000184993 -0
800.25 6 0.0372759 -0.000119432 -0
800.25 6 0.0577969 -7.71526e-05 -0
800.25 6 0.0896151 -4.98895e-05 -0
800.25 6 0.13895 -3.23121e-05 -0
800.25 6 0.215443 -2.0981e-05 -0
800.25 6 0.334048 -1.36746e-05 -0
800.25 6 0.517947 -8.95476e-06 -0
800.25 6 0.803086 -5.89024e-06 -0
800.25 6 1.2452 -3.89219e-06 -0
800.25 6 1.9307 -2.60765e-06 -0
800.25 6 2.99358 -1.79406e-06 -0
800.25 6 4.64159 -1.21915e-06 -0
800.25 6 7.19686 -8.19163e-07 -0
800.25 6 11.1588 -5.96719e-07 -0
800.25 6 17.302 -4.11967e-07 -0
800.25 6 26.827 -2.75892e-07 -0
800.25 6 41.5956 -2.01379e-07 -0
800.25 6 64.4947 -1.47024e-07 -0
800.25 6 100 -1.05828e-07 -0
800.25 6 155.052 -7.37187e-08 -0
800.25 6 240.41 -4.76421e-08 -0
800.25 6 372.759 -2.91081e-08 -0
800.25 6 577.969 -1.7256e-08 -0
800.25 6 896.151 -9.61818e-09 -0
800.25 6 1389.5 -5.10774e-09 -0
800.25 6 2154.43 -2.68423e-09 -0
800.25 6 3340.48 -1.41451e-09 -0
800.25 6 5179.47 -7.50348e-10 -0
800.25 6 8030.86 -3.9527e-10 -0
800.25 6 12452 -2.10779e-10 -0
800.25 6 19307 -1.14301e-10 -0
800.25 6 29935.8 -6.23248e-11 -0
800.25 6 46415.9 -3.39998e-11 -0
800.25 6 71968.6 -1.82975e-11 -0
800.25 6 111588 -9.3354e-12 -0
800.25 6 173020 -4.73715e-12 -0
800.25 6 268270 -2.15148e-12 -0
800.25 6 415956 -8.13118e-13 -0
800.25 6 644947 -1.90573e-13 -0
800.25 6 1e+06 -7.08863e-14 -0

1951.29 6 1e-06 -1.54966 -0
1951.29 6 1.55052e-06 -0.999448 -0
1951.29 6 2.4041e-06 -0.64459 -0
1951.29 6 3.72759e-06 -0.415727 -0
1951.29 6 5.77969e-06 -0.268121 -0
1951.29 6 8.96151e-06 -0.172924 -0
1951.29 6 1.3895e-05 -0.111527 -0
1951.29 6 2.15443e-05 -0.0719289 -0
1951.29 6 3.34048e-05 -0.0463903 -0
1951.29 6 5.17947e-05 -0.0299193 -0
1951.29 6 8.03086e-05 -0.0192964 -0
1951.29 6 0.00012452 -0.0124451 -0
1951.29 6 0.00019307 -0.00802647 -0
1951.29 6 0.000299358 -0.00517667 -0
1951.29 6 0.000464159 -0.00333869 -0
1951.29 6 0.000719686 -0.0021533 -0
1951.29 6 0.00111588 -0.00138878 -0
1951.29 6 0.0017302 -0.000895708 -0
1951.29 6 0.0026827 -0.000577702 -0
1951.29 6 0.00415956 -0.000372606 -0
1951.29 6 0.00644947 -0.00024033 -0
1951.29 6 0.01 -0.000155019 -0
1951.29 6 0.0155052 -9.99981e-05 -0
1951.29 6 0.024041 -6.45129e-05 -0
1951.29 6 0.0372759 -4.16273e-05 -0
1951.29 6 0.0577969 -2.68679e-05 -0
1951.29 6 0.0896151 -1.73498e-05 -0
1951.29 6 0.13895 -1.1212e-05 -0
1951.29 6 0.215443 -7.25443e-06 -0
1951.29 6 0.334048 -4.70233e-06 -0
1951.29 6 0.517947 -3.05523e-06 -0
1951.29 6 0.803086 -1.98967e-06 -0
1951.29 6 1.2452 -1.29887e-06 -0
1951.29 6 1.9307 -8.53956e-07 -0
1951.29 6 2.99358 -5.69767e-07 -0
1951.29 6 4.64159 -3.78443e-07 -0
1951.29 6 7.19686 -2.49684e-07 -0
1951.29 6 11.1588 -1.73322e-07 -0
1951.29 6 17.302 -1.17267e-07 -0
1951.29 6 26.827 -7.74915e-08 -0
1951.29 6 41.5956 -5.5162e-08 -0
1951.29 6 64.4947 -4.02542e-08 -0
1951.29 6 100 -2.97448e-08 -0
1951.29 6 155.052 -2.20492e-08 -0
1951.29 6 240.41 -1.58205e-08 -0
1951.29 6 372.759 -1.09486e-08 -0
1951.29 6 577.969 -7.34076e-09 -0
1951.29 6 896.151 -4.57272e-09 -0
1951.29 6 1389.5 -2.63361e-09 -0
1951.29 6 2154.43 -1.45113e-09 -0
1951.29 6 3340.48 -7.78946e-10 -0
1951.29 6 5179.47 -4.10869e-10 -0
1951.29 6 8030.86 -2.11944e-10 -0
1951.29 6 12452 -1.09058e-10 -0
1951.29 6 19307 -5.67658e-11 -0
1951.29 6 29935.8 -2.97938e-11 -0
1951.29 6 46415.9 -1.57285e-11 -0
1951.29 6 71968.6 -8.24889e-12 -0
1951.29 6 111588 -4.13644e-12 -0
1951.29 6 173020 -2.06771e-12 -0
1951.29 6 268270 -9.32251e-13 -0
1951.29 6 415956 -3.52642e-13 -0
1951.29 6 644947 -8.49709e-14 -0
1951.29 6 1e+06 -3.11902e-14 -0

4757.94 6 1e-06 -0.537515 -0
4757.94 6 1.55052e-06 -0.346669 -0
4757.94 6 2.4041e-06 -0.223583 -0
4757.94 6 3.72759e-06 -0.144199 -0
4757.94 6 5.77969e-06 -0.0930007 -0
4757.94 6 8.96151e-06 -0.0599805 -0
4757.94 6 1.3895e-05 -0.0386842 -0
4757.94 6 2.15443e-05 -0.0249493 -0
4757.94 6 3.34048e-05 -0.0160909 -0
4757.94 6 5.17947e-05 -0.0103778 -0
4757.94 6 8.03086e-05 -0.00669313 -0
4757.94 6 0.00012452 -0.00431672 -0
4757.94 6 0.00019307 -0.00278405 -0
4757.94 6 0.000299358 -0.00179557 -0
4757.94 6 0.000464159 -0.00115805 -0
4757.94 6 0.000719686 -0.000746884 -0
4757.94 6 0.00111588 -0.000481703 -0
4757.94 6 0.0017302 -0.000310676 -0
4757.94 6 0.0026827 -0.000200372 -0
4757.94 6 0.00415956 -0.000129233 -0
4757.94 6 0.00644947 -8.33513e-05 -0
4757.94 6 0.01 -5.37603e-05 -0
4757.94 6 0.0155052 -3.46757e-05 -0
4757.94 6 0.024041 -2.23672e-05 -0
4757.94 6 0.0372759 -1.44289e-05 -0
4757.94 6 0.0577969 -9.30929e-06 -0
4757.94 6 0.0896151 -6.00754e-06 -0
4757.94 6 0.13895 -3.87824e-06 -0
4757.94 6 0.215443 -2.50512e-06 -0
4757.94 6 0.334048 -1.61959e-06 -0
4757.94 6 0.517947 -1.04829e-06 -0
4757.94 6 0.803086 -6.79297e-07 -0
4757.94 6 1.2452 -4.40722e-07 -0
4757.94 6 1.9307 -2.86954e-07 -0
4757.94 6 2.99358 -1.88266e-07 -0
4757.94 6 4.64159 -1.23294e-07 -0
4757.94 6 7.19686 -8.04549e-08 -0
4757.94 6 11.1588 -5.40026e-08 -0
4757.94 6 17.302 -3.58122e-08 -0
4757.94 6 26.827 -2.34058e-08 -0
4757.94 6 41.5956 -1.60633e-08 -0
4757.94 6 64.4947 -1.13164e-08 -0
4757.94 6 100 -8.15385e-09 -0
4757.94 6 155.052 -6.02585e-09 -0
4757.94 6 240.41 -4.48644e-09 -0
4757.94 6 372.759 -3.32226e-09 -0
4757.94 6 577.969 -2.43572e-09 -0
4757.94 6 896.151 -1.69885e-09 -0
4757.94 6 1389.5 -1.10416e-09 -0
4757.94 6 2154.43 -6.78599e-10 -0
4757.94 6 3340.48 -3.97712e-10 -0
4757.94 6 5179.47 -2.22885e-10 -0
4757.94 6 8030.86 -1.18835e-10 -0
4757.94 6 12452 -6.12517e-11 -0
4757.94 6 19307 -3.12055e-11 -0
4757.94 6 29935.8 -1.58415e-11 -0
4757.94 6 46415.9 -8.05093e-12 -0
4757.94 6 71968.6 -4.07378e-12 -0
4757.94 6 111588 -1.98882e-12 -0
4757.94 6 173020 -9.68639e-13 -0
4757.94 6 268270 -4.31075e-13 -0
4757.94 6 415956 -1.63502e-13 -0
4757.94 6 644947 -4.15956e-14 -0
4757.94 6 1e+06 -1.48989e-14 -0

11601.6 6 1e-06 -0.183866 -0
11601.6 6 1.55052e-06 -0.118584 -0
11601.6 6 2.4041e-06 -0.0764803 -0
11601.6 6 3.72759e-06 -0.0493257 -0
11601.6 6 5.77969e-06 -0.0318124 -0
11601.6 6 8.96151e-06 -0.0205173 -0
11601.6 6 1.3895e-05 -0.0132326 -0
11601.6 6 2.15443e-05 -0.00853431 -0
11601.6 6 3.34048e-05 -0.00550418 -0
11601.6 6 5.17947e-05 -0.0035499 -0
11601.6 6 8.03086e-05 -0.0022895 -0
11601.6 6 0.00012452 -0.0014766 -0
11601.6 6 0.00019307 -0.000952332 -0
11601.6 6 0.000299358 -0.000614204 -0
11601.6 6 0.000464159 -0.000396129 -0
11601.6 6 0.000719686 -0.000255483 -0
11601.6 6 0.00111588 -0.000164773 -0
11601.6 6 0.0017302 -0.00010627 -0
11601.6 6 0.0026827 -6.85393e-05 -0
11601.6 6 0.00415956 -4.42047e-05 -0
11601.6 6 0.00644947 -2.85102e-05 -0
11601.6 6 0.01 -1.83881e-05 -0
11601.6 6 0.0155052 -1.18598e-05 -0
11601.6 6 0.024041 -7.64949e-06 -0
11601.6 6 0.0372759 -4.93405e-06 -0
11601.6 6 0.0577969 -3.18276e-06 -0
11601.6 6 0.0896151 -2.05329e-06 -0
11601.6 6 0.13895 -1.32487e-06 -0
11601.6 6 0.215443 -8.55107e-07 -0
11601.6 6 0.334048 -5.52144e-07 -0
11601.6 6 0.517947 -3.56721e-07 -0
11601.6 6 0.803086 -2.30595e-07 -0
11601.6 6 1.2452 -1.49151e-07 -0
11601.6 6 1.9307 -9.66404e-08 -0
11601.6 6 2.99358 -6.28573e-08 -0
11601.6 6 4.64159 -4.08481e-08 -0
11601.6 6 7.19686 -2.64933e-08 -0
11601.6 6 11.1588 -1.74372e-08 -0
11601.6 6 17.302 -1.14073e-08 -0
11601.6 6 26.827 -7.39969e-09 -0
11601.6 6 41.5956 -4.93375e-09 -0
11601.6 6 64.4947 -3.34807e-09 -0
11601.6 6 100 -2.31399e-09 -0
11601.6 6 155.052 -1.6419e-09 -0
11601.6 6 240.41 -1.19267e-09 -0
11601.6 6 372.759 -8.80665e-10 -0
11601.6 6 577.969 -6.61783e-10 -0
11601.6 6 896.151 -4.94334e-10 -0
11601.6 6 1389.5 -3.57269e-10 -0
11601.6 6 2154.43 -2.49066e-10 -0
11601.6 6 3340.48 -1.663e-10 -0
11601.6 6 5179.47 -1.05121e-10 -0
11601.6 6 8030.86 -6.18808e-11 -0
11601.6 6 12452 -3.40704e-11 -0
11601.6 6 19307 -1.79343e-11 -0
11601.6 6 29935.8 -9.15804e-12 -0
11601.6 6 46415.9 -4.58759e-12 -0
11601.6 6 71968.6 -2.26267e-12 -0
11601.6 6 111588 -1.07798e-12 -0
11601.6 6 173020 -5.09014e-13 -0
11601.6 6 268270 -2.22982e-13 -0
11601.6 6 415956 -8.52238e-14 -0
11601.6 6 644947 -2.36201e-14 -0
11601.6 6 1e+06 -8.17307e-15 -0

28288.7 6 1e-06 -0.0617756 -0
28288.7 6 1.55052e-06 -0.039842 -0
28288.7 6 2.4041e-06 -0.0256959 -0
28288.7 6 3.72759e-06 -0.0165725 -0
28288.7 6 5.77969e-06 -0.0106884 -0
28288.7 6 8.96151e-06 -0.00689344 -0
28288.7 6 1.3895e-05 -0.0044459 -0
28288.7 6 2.15443e-05 -0.00286737 -0
28288.7 6 3.34048e-05 -0.0018493 -0
28288.7 6 5.17947e-05 -0.0011927 -0
28288.7 6 8.03086e-05 -0.000769228 -0
28288.7 6 0.00012452 -0.000496111 -0
28288.7 6 0.00019307 -0.000319965 -0
28288.7 6 0.000299358 -0.000206361 -0
28288.7 6 0.000464159 -0.000133092 -0
28288.7 6 0.000719686 -8.58371e-05 -0
28288.7 6 0.00111588 -5.53605e-05 -0
28288.7 6 0.0017302 -3.57046e-05 -0
28288.7 6 0.0026827 -2.30277e-05 -0
28288.7 6 0.00415956 -1.48517e-05 -0
28288.7 6 0.00644947 -9.57864e-06 -0
28288.7 6 0.01 -6.1778e-06 -0
28288.7 6 0.0155052 -3.98444e-06 -0
28288.7 6 0.024041 -2.56984e-06 -0
28288.7 6 0.0372759 -1.6575e-06 -0
28288.7 6 0.0577969 -1.06909e-06 -0
28288.7 6 0.0896151 -6.89602e-07 -0
28288.7 6 0.13895 -4.44858e-07 -0
28288.7 6 0.215443 -2.87015e-07 -0
28288.7 6 0.334048 -1.85217e-07 -0
28288.7 6 0.517947 -1.19557e-07 -0
28288.7 6 0.803086 -7.7196e-08 -0
28288.7 6 1.2452 -4.98586e-08 -0
28288.7 6 1.9307 -3.22303e-08 -0
28288.7 6 2.99358 -2.08751e-08 -0
28288.7 6 4.64159 -1.35145e-08 -0
28288.7 6 7.19686 -8.74022e-09 -0
28288.7 6 11.1588 -5.69535e-09 -0
28288.7 6 17.302 -3.69975e-09 -0
28288.7 6 26.827 -2.39233e-09 -0
28288.7 6 41.5956 -1.5697e-09 -0
28288.7 6 64.4947 -1.04044e-09 -0
28288.7 6 100 -6.97645e-10 -0
28288.7 6 155.052 -4.76574e-10 -0
28288.7 6 240.41 -3.32672e-10 -0
28288.7 6 372.759 -2.37197e-10 -0
28288.7 6 577.969 -1.74074e-10 -0
28288.7 6 896.151 -1.30789e-10 -0
28288.7 6 1389.5 -9.87682e-11 -0
28288.7 6 2154.43 -7.4411e-11 -0
28288.7 6 3340.48 -5.51908e-11 -0
28288.7 6 5179.47 -3.94415e-11 -0
28288.7 6 8030.86 -2.64028e-11 -0
28288.7 6 12452 -1.63695e-11 -0
28288.7 6 19307 -9.48975e-12 -0
28288.7 6 29935.8 -5.19436e-12 -0
28288.7 6 46415.9 -2.71222e-12 -0
28288.7 6 71968.6 -1.36185e-12 -0
28288.7 6 111588 -6.52302e-13 -0
28288.7 6 173020 -3.04044e-13 -0
28288.7 6 268270 -1.3261e-13 -0
28288.7 6 415956 -5.16363e-14 -0
28288.7 6 644947 -1.58294e-14 -0
28288.7 6 1e+06 -5.30448e-15 -0

68977.9 6 1e-06 -0.0201499 -0
68977.9 6 1.55052e-06 -0.0129956 -0
68977.9 6 2.4041e-06 -0.00838146 -0
68977.9 6 3.72759e-06 -0.00540559 -0
68977.9 6 5.77969e-06 -0.00348632 -0
68977.9 6 8.96151e-06 -0.00224849 -0
68977.9 6 1.3895e-05 -0.00145016 -0
68977.9 6 2.15443e-05 -0.000935273 -0
68977.9 6 3.34048e-05 -0.000603201 -0
68977.9 6 5.17947e-05 -0.000389033 -0
68977.9 6 8.03086e-05 -0.000250905 -0
68977.9 6 0.00012452 -0.000161821 -0
68977.9 6 0.00019307 -0.000104366 -0
68977.9 6 0.000299358 -6.73103e-05 -0
68977.9 6 0.000464159 -4.34116e-05 -0
68977.9 6 0.000719686 -2.79982e-05 -0
68977.9 6 0.00111588 -1.80573e-05 -0
68977.9 6 0.0017302 -1.1646e-05 -0
68977.9 6 0.0026827 -7.51109e-06 -0
68977.9 6 0.00415956 -4.84426e-06 -0
68977.9 6 0.00644947 -3.12431e-06 -0
68977.9 6 0.01 -2.01502e-06 -0
68977.9 6 0.0155052 -1.2996e-06 -0
68977.9 6 0.024041 -8.38185e-07 -0
68977.9 6 0.0372759 -5.406e-07 -0
68977.9 6 0.0577969 -3.48673e-07 -0
68977.9 6 0.0896151 -2.24891e-07 -0
68977.9 6 0.13895 -1.4506e-07 -0
68977.9 6 0.215443 -9.3573e-08 -0
68977.9 6 0.334048 -6.03673e-08 -0
68977.9 6 0.517947 -3.89506e-08 -0
68977.9 6 0.803086 -2.51355e-08 -0
68977.9 6 1.2452 -1.62227e-08 -0
68977.9 6 1.9307 -1.04749e-08 -0
68977.9 6 2.99358 -6.77032e-09 -0
68977.9 6 4.64159 -4.37481e-09 -0
68977.9 6 7.19686 -2.82525e-09 -0
68977.9 6 11.1588 -1.83166e-09 -0
68977.9 6 17.302 -1.18549e-09 -0
68977.9 6 26.827 -7.65289e-10 -0
68977.9 6 41.5956 -4.9779e-10 -0
68977.9 6 64.4947 -3.25524e-10 -0
68977.9 6 100 -2.14213e-10 -0
68977.9 6 155.052 -1.42497e-10 -0
68977.9 6 240.41 -9.61362e-11 -0
68977.9 6 372.759 -6.58967e-11 -0
68977.9 6 577.969 -4.63027e-11 -0
68977.9 6 896.151 -3.35073e-11 -0
68977.9 6 1389.5 -2.48247e-11 -0
68977.9 6 2154.43 -1.88095e-11 -0
68977.9 6 3340.48 -1.44801e-11 -0
68977.9 6 5179.47 -1.11346e-11 -0
68977.9 6 8030.86 -8.31995e-12 -0
68977.9 6 12452 -5.90246e-12 -0
68977.9 6 19307 -3.94204e-12 -0
68977.9 6 29935.8 -2.46322e-12 -0
68977.9 6 46415.9 -1.43807e-12 -0
68977.9 6 71968.6 -7.864e-13 -0
68977.9 6 111588 -4.00686e-13 -0
68977.9 6 173020 -1.9317e-13 -0
68977.9 6 268270 -8.6695e-14 -0
68977.9 6 415956 -3.50763e-14 -0
68977.9 6 644947 -1.1804e-14 -0
68977.9 6 1e+06 -3.8974e-15 -0

168192 6 1e-06 -0.00629168 -0
168192 6 1.55052e-06 -0.0040578 -0
168192 6 2.4041e-06 -0.00261706 -0
168192 6 3.72759e-06 -0.00168787 -0
168192 6 5.77969e-06 -0.00108858 -0
168192 6 8.96151e-06 -0.000702079 -0
168192 6 1.3895e-05 -0.000452803 -0
168192 6 2.15443e-05 -0.000292034 -0
168192 6 3.34048e-05 -0.000188346 -0
168192 6 5.17947e-05 -0.000121473 -0
168192 6 8.03086e-05 -7.83438e-05 -0
168192 6 0.00012452 -5.05276e-05 -0
168192 6 0.00019307 -3.25876e-05 -0
168192 6 0.000299358 -2.10173e-05 -0
168192 6 0.000464159 -1.3555e-05 -0
168192 6 0.000719686 -8.74227e-06 -0
168192 6 0.00111588 -5.6383e-06 -0
168192 6 0.0017302 -3.6364e-06 -0
168192 6 0.0026827 -2.34529e-06 -0
168192 6 0.00415956 -1.51259e-06 -0
168192 6 0.00644947 -9.75542e-07 -0
168192 6 0.01 -6.29175e-07 -0
168192 6 0.0155052 -4.05786e-07 -0
168192 6 0.024041 -2.61713e-07 -0
168192 6 0.0372759 -1.68793e-07 -0
168192 6 0.0577969 -1.08865e-07 -0
168192 6 0.0896151 -7.02149e-08 -0
168192 6 0.13895 -4.52876e-08 -0
168192 6 0.215443 -2.9211e-08 -0
168192 6 0.334048 -1.88425e-08 -0
168192 6 0.517947 -1.21552e-08 -0
168192 6 0.803086 -7.84184e-09 -0
168192 6 1.2452 -5.0595e-09 -0
168192 6 1.9307 -3.26513e-09 -0
168192 6 2.99358 -2.10825e-09 -0
168192 6 4.64159 -1.36108e-09 -0
168192 6 7.19686 -8.78425e-10 -0
168192 6 11.1588 -5.68115e-10 -0
168192 6 17.302 -3.67077e-10 -0
168192 6 26.827 -2.36834e-10 -0
168192 6 41.5956 -1.53428e-10 -0
168192 6 64.4947 -9.96819e-11 -0
168192 6 100 -6.49854e-11 -0
168192 6 155.052 -4.26251e-11 -0
168192 6 240.41 -2.81933e-11 -0
168192 6 372.759 -1.88359e-11 -0
168192 6 577.969 -1.27978e-11 -0
168192 6 896.151 -8.89956e-12 -0
168192 6 1389.5 -6.33856e-12 -0
168192 6 2154.43 -4.64448e-12 -0
168192 6 3340.48 -3.50872e-12 -0
168192 6 5179.47 -2.7185e-12 -0
168192 6 8030.86 -2.12693e-12 -0
168192 6 12452 -1.64465e-12 -0
168192 6 19307 -1.23718e-12 -0
168192 6 29935.8 -8.89527e-13 -0
168192 6 46415.9 -6.01206e-13 -0
168192 6 71968.6 -3.76997e-13 -0
168192 6 111588 -2.16144e-13 -0
168192 6 173020 -1.14158e-13 -0
168192 6 268270 -5.52484e-14 -0
168192 6 415956 -2.39015e-14 -0
168192 6 644947 -8.7472e-15 -0
168192 6 1e+06 -2.90949e-15 -0

410113 6 1e-06 -0.0018394 -0
410113 6 1.55052e-06 -0.00118631 -0
410113 6 2.4041e-06 -0.00076511 -0
410113 6 3.72759e-06 -0.000493455 -0
410113 6 5.77969e-06 -0.000318252 -0
410113 6 8.96151e-06 -0.000205256 -0
410113 6 1.3895e-05 -0.000132379 -0
410113 6 2.15443e-05 -8.53774e-05 -0
410113 6 3.34048e-05 -5.50639e-05 -0
410113 6 5.17947e-05 -3.55133e-05 -0
410113 6 8.03086e-05 -2.29042e-05 -0
410113 6 0.00012452 -1.4772e-05 -0
410113 6 0.00019307 -9.52713e-06 -0
410113 6 0.000299358 -6.14449e-06 -0
410113 6 0.000464159 -3.96287e-06 -0
410113 6 0.000719686 -2.55584e-06 -0
410113 6 0.00111588 -1.64838e-06 -0
410113 6 0.0017302 -1.06312e-06 -0
410113 6 0.0026827 -6.85655e-07 -0
410113 6 0.00415956 -4.42211e-07 -0
410113 6 0.00644947 -2.85203e-07 -0
410113 6 0.01 -1.83941e-07 -0
410113 6 0.0155052 -1.18633e-07 -0
410113 6 0.024041 -7.65121e-08 -0
410113 6 0.0372759 -4.93466e-08 -0
410113 6 0.0577969 -3.18264e-08 -0
410113 6 0.0896151 -2.05267e-08 -0
410113 6 0.13895 -1.32391e-08 -0
410113 6 0.215443 -8.539e-09 -0
410113 6 0.334048 -5.50769e-09 -0
410113 6 0.517947 -3.55263e-09 -0
410113 6 0.803086 -2.29166e-09 -0
410113 6 1.2452 -1.47832e-09 -0
410113 6 1.9307 -9.53771e-10 -0
410113 6 2.99358 -6.15535e-10 -0
410113 6 4.64159 -3.97214e-10 -0
410113 6 7.19686 -2.56279e-10 -0
410113 6 11.1588 -1.65548e-10 -0
410113 6 17.302 -1.06879e-10 -0
410113 6 26.827 -6.89423e-11 -0
410113 6 41.5956 -4.45753e-11 -0
410113 6 64.4947 -2.88677e-11 -0
410113 6 100 -1.87318e-11 -0
410113 6 155.052 -1.21979e-11 -0
410113 6 240.41 -7.9826e-12 -0
410113 6 372.759 -5.25611e-12 -0
410113 6 577.969 -3.49805e-12 -0
410113 6 896.151 -2.36523e-12 -0
410113 6 1389.5 -1.6288e-12 -0
410113 6 2154.43 -1.14919e-12 -0
410113 6 3340.48 -8.36034e-13 -0
410113 6 5179.47 -6.29231e-13 -0
410113 6 8030.86 -4.88382e-13 -0
410113 6 12452 -3.86131e-13 -0
410113 6 19307 -3.07236e-13 -0
410113 6 29935.8 -2.41814e-13 -0
410113 6 46415.9 -1.84119e-13 -0
410113 6 71968.6 -1.32387e-13 -0
410113 6 111588 -8.75961e-14 -0
410113 6 173020 -5.3033e-14 -0
410113 6 268270 -2.89946e-14 -0
410113 6 415956 -1.38804e-14 -0
410113 6 644947 -5.54278e-15 -0
410113 6 1e+06 -1.89311e-15 -0

1e+06 6 1e-06 -0.000483913 -0
1e+06 6 1.55052e-06 -0.000312098 -0
1e+06 6 2.4041e-06 -0.000201287 -0
1e+06 6 3.72759e-06 -0.000129819 -0
1e+06 6 5.77969e-06 -8.37265e-05 -0
1e+06 6 8.96151e-06 -5.39991e-05 -0
1e+06 6 1.3895e-05 -3.48266e-05 -0
1e+06 6 2.15443e-05 -2.24613e-05 -0
1e+06 6 3.34048e-05 -1.44863e-05 -0
1e+06 6 5.17947e-05 -9.3429e-06 -0
1e+06 6 8.03086e-05 -6.02568e-06 -0
1e+06 6 0.00012452 -3.88624e-06 -0
1e+06 6 0.00019307 -2.50642e-06 -0
1e+06 6 0.000299358 -1.61651e-06 -0
1e+06 6 0.000464159 -1.04256e-06 -0
1e+06 6 0.000719686 -6.72396e-07 -0
1e+06 6 0.00111588 -4.33659e-07 -0
1e+06 6 0.0017302 -2.79687e-07 -0
1e+06 6 0.0026827 -1.80383e-07 -0
1e+06 6 0.00415956 -1.16338e-07 -0
1e+06 6 0.00644947 -7.50317e-08 -0
1e+06 6 0.01 -4.83915e-08 -0
1e+06 6 0.0155052 -3.121e-08 -0
1e+06 6 0.024041 -2.01289e-08 -0
1e+06 6 0.0372759 -1.29821e-08 -0
1e+06 6 0.0577969 -8.37283e-09 -0
1e+06 6 0.0896151 -5.4001e-09 -0
1e+06 6 0.13895 -3.48285e-09 -0
1e+06 6 0.215443 -2.24633e-09 -0
1e+06 6 0.334048 -1.44885e-09 -0
1e+06 6 0.517947 -9.34504e-10 -0
1e+06 6 0.803086 -6.02771e-10 -0
1e+06 6 1.2452 -3.88807e-10 -0
1e+06 6 1.9307 -2.50814e-10 -0
1e+06 6 2.99358 -1.61828e-10 -0
1e+06 6 4.64159 -1.04407e-10 -0
1e+06 6 7.19686 -6.73514e-11 -0
1e+06 6 11.1588 -4.34803e-11 -0
1e+06 6 17.302 -2.80591e-11 -0
1e+06 6 26.827 -1.80966e-11 -0
1e+06 6 41.5956 -1.16883e-11 -0
1e+06 6 64.4947 -7.55654e-12 -0
1e+06 6 100 -4.89091e-12 -0
1e+06 6 155.052 -3.17227e-12 -0
1e+06 6 240.41 -2.06368e-12 -0
1e+06 6 372.759 -1.34741e-12 -0
1e+06 6 577.969 -8.85581e-13 -0
1e+06 6 896.151 -5.88022e-13 -0
1e+06 6 1389.5 -3.95289e-13 -0
1e+06 6 2154.43 -2.70395e-13 -0
1e+06 6 3340.48 -1.89486e-13 -0
1e+06 6 5179.47 -1.3694e-13 -0
1e+06 6 8030.86 -1.02475e-13 -0
1e+06 6 12452 -7.91345e-14 -0
1e+06 6 19307 -6.27785e-14 -0
1e+06 6 29935.8 -5.06484e-14 -0
1e+06 6 46415.9 -4.08295e-14 -0
1e+06 6 71968.6 -3.21376e-14 -0
1e+06 6 111588 -2.39908e-14 -0
1e+06 6 173020 -1.66326e-14 -0
1e+06 6 268270 -1.03837e-14 -0
1e+06 6 415956 -5.5702e-15 -0
1e+06 6 644947 -2.41409e-15 -0
1e+06 6 1e+06 -8.41591e-16 -0

