#q_sq i k_sq Re(fg) Im(fg)
1e-06 5 1e-06 -1.78979e+10 -0
1e-06 5 1.55052e-06 -1.15432e+10 -0
1e-06 5 2.4041e-06 -7.44475e+09 -0
1e-06 5 3.72759e-06 -4.80146e+09 -0
1e-06 5 5.77969e-06 -3.09668e+09 -0
1e-06 5 8.96151e-06 -1.99719e+09 -0
1e-06 5 1.3895e-05 -1.28808e+09 -0
1e-06 5 2.15443e-05 -8.30735e+08 -0
1e-06 5 3.34048e-05 -5.35775e+08 -0
1e-06 5 5.17947e-05 -3.45541e+08 -0
1e-06 5 8.03086e-05 -2.22851e+08 -0
1e-06 5 0.00012452 -1.43722e+08 -0
1e-06 5 0.00019307 -9.2688e+07 -0
1e-06 5 0.000299358 -5.97739e+07 -0
1e-06 5 0.000464159 -3.8546e+07 -0
1e-06 5 0.000719686 -2.48552e+07 -0
1e-06 5 0.00111588 -1.60253e+07 -0
1e-06 5 0.0017302 -1.03306e+07 -0
1e-06 5 0.0026827 -6.65779e+06 -0
1e-06 5 0.00415956 -4.28909e+06 -0
1e-06 5 0.00644947 -2.76149e+06 -0
1e-06 5 0.01 -1.7764e+06 -0
1e-06 5 0.0155052 -1.14126e+06 -0
1e-06 5 0.024041 -731913 -0
1e-06 5 0.0372759 -468331 -0
1e-06 5 0.0577969 -298930 -0
1e-06 5 0.0896151 -190467 -0
1e-06 5 0.13895 -121449 -0
1e-06 5 0.215443 -77773.9 -0
1e-06 5 0.334048 -49903.9 -0
1e-06 5 0.517947 -31224 -0
1e-06 5 0.803086 -17946.2 -0
1e-06 5 1.2452 -9423.53 -0
1e-06 5 1.9307 -4525 -0
1e-06 5 2.99358 -1152.62 -0
1e-06 5 4.64159 144.626 -0
1e-06 5 7.19686 46.0067 -0
1e-06 5 11.1588 399.729 -0
1e-06 5 17.302 56.8043 -0
1e-06 5 26.827 -129.957 -0
1e-06 5 41.5956 -89.5946 -0
1e-06 5 64.4947 -55.2525 -0
1e-06 5 100 -34.9452 -0
1e-06 5 155.052 -20.7177 -0
1e-06 5 240.41 -12.1712 -0
1e-06 5 372.759 -7.64906 -0
1e-06 5 577.969 -4.63206 -0
1e-06 5 896.151 -2.63759 -0
1e-06 5 1389.5 -1.57993 -0
1e-06 5 2154.43 -0.952652 -0
1e-06 5 3340.48 -0.564902 -0
1e-06 5 5179.47 -0.32935 -0
1e-06 5 8030.86 -0.186494 -0
1e-06 5 12452 -0.107151 -0
1e-06 5 19307 -0.0614016 -0
1e-06 5 29935.8 -0.0344845 -0
1e-06 5 46415.9 -0.0190045 -0
1e-06 5 71968.6 -0.010113 -0
1e-06 5 111588 -0.00506933 -0
1e-06 5 173020 -0.00259266 -0
1e-06 5 268270 -0.00116256 -0
1e-06 5 415956 -0.000479765 -0
1e-06 5 644947 -0.000203934 -0
1e-06 5 1e+06 -0.000169432 -0

2.43835e-06 5 1e-06 -7.34017e+09 -0
2.43835e-06 5 1.55052e-06 -4.73402e+09 -0
2.43835e-06 5 2.4041e-06 -3.05319e+09 -0
2.43835e-06 5 3.72759e-06 -1.96914e+09 -0
2.43835e-06 5 5.77969e-06 -1.26999e+09 -0
2.43835e-06 5 8.96151e-06 -8.19073e+08 -0
2.43835e-06 5 1.3895e-05 -5.28256e+08 -0
2.43835e-06 5 2.15443e-05 -3.40695e+08 -0
2.43835e-06 5 3.34048e-05 -2.19728e+08 -0
2.43835e-06 5 5.17947e-05 -1.41711e+08 -0
2.43835e-06 5 8.03086e-05 -9.1394e+07 -0
2.43835e-06 5 0.00012452 -5.89422e+07 -0
2.43835e-06 5 0.00019307 -3.80125e+07 -0
2.43835e-06 5 0.000299358 -2.4514e+07 -0
2.43835e-06 5 0.000464159 -1.58082e+07 -0
2.43835e-06 5 0.000719686 -1.01934e+07 -0
2.43835e-06 5 0.00111588 -6.57219e+06 -0
2.43835e-06 5 0.0017302 -4.2367e+06 -0
2.43835e-06 5 0.0026827 -2.73044e+06 -0
2.43835e-06 5 0.00415956 -1.75901e+06 -0
2.43835e-06 5 0.00644947 -1.13252e+06 -0
2.43835e-06 5 0.01 -728524 -0
2.43835e-06 5 0.0155052 -468044 -0
2.43835e-06 5 0.024041 -300167 -0
2.43835e-06 5 0.0372759 -192069 -0
2.43835e-06 5 0.0577969 -122595 -0
2.43835e-06 5 0.0896151 -78112.9 -0
2.43835e-06 5 0.13895 -49807.4 -0
2.43835e-06 5 0.215443 -31895.9 -0
2.43835e-06 5 0.334048 -20466.1 -0
2.43835e-06 5 0.517947 -12805.3 -0
2.43835e-06 5 0.803086 -7359.91 -0
2.43835e-06 5 1.2452 -3864.69 -0
2.43835e-06 5 1.9307 -1855.75 -0
2.43835e-06 5 2.99358 -472.701 -0
2.43835e-06 5 4.64159 59.3137 -0
2.43835e-06 5 7.19686 18.8681 -0
2.43835e-06 5 11.1588 163.934 -0
2.43835e-06 5 17.302 23.2962 -0
2.43835e-06 5 26.827 -53.297 -0
2.43835e-06 5 41.5956 -36.7439 -0
2.43835e-06 5 64.4947 -22.6598 -0
2.43835e-06 5 100 -14.3315 -0
2.43835e-06 5 155.052 -8.4966 -0
2.43835e-06 5 240.41 -4.99157 -0
2.43835e-06 5 372.759 -3.13698 -0
2.43835e-06 5 577.969 -1.89967 -0
2.43835e-06 5 896.151 -1.08171 -0
2.43835e-06 5 1389.5 -0.647949 -0
2.43835e-06 5 2154.43 -0.390695 -0
2.43835e-06 5 3340.48 -0.231674 -0
2.43835e-06 5 5179.47 -0.135071 -0
2.43835e-06 5 8030.86 -0.0764834 -0
2.43835e-06 5 12452 -0.0439438 -0
2.43835e-06 5 19307 -0.0251816 -0
2.43835e-06 5 29935.8 -0.0141425 -0
2.43835e-06 5 46415.9 -0.00779399 -0
2.43835e-06 5 71968.6 -0.00414748 -0
2.43835e-06 5 111588 -0.002079 -0
2.43835e-06 5 173020 -0.00106328 -0
2.43835e-06 5 268270 -0.000476782 -0
2.43835e-06 5 415956 -0.000196758 -0
2.43835e-06 5 644947 -8.3636e-05 -0
2.43835e-06 5 1e+06 -6.94862e-05 -0

5.94557e-06 5 1e-06 -3.0103e+09 -0
5.94557e-06 5 1.55052e-06 -1.94148e+09 -0
5.94557e-06 5 2.4041e-06 -1.25215e+09 -0
5.94557e-06 5 3.72759e-06 -8.0757e+08 -0
5.94557e-06 5 5.77969e-06 -5.20839e+08 -0
5.94557e-06 5 8.96151e-06 -3.35912e+08 -0
5.94557e-06 5 1.3895e-05 -2.16645e+08 -0
5.94557e-06 5 2.15443e-05 -1.39723e+08 -0
5.94557e-06 5 3.34048e-05 -9.01134e+07 -0
5.94557e-06 5 5.17947e-05 -5.81175e+07 -0
5.94557e-06 5 8.03086e-05 -3.74818e+07 -0
5.94557e-06 5 0.00012452 -2.4173e+07 -0
5.94557e-06 5 0.00019307 -1.55894e+07 -0
5.94557e-06 5 0.000299358 -1.00535e+07 -0
5.94557e-06 5 0.000464159 -6.48315e+06 -0
5.94557e-06 5 0.000719686 -4.18045e+06 -0
5.94557e-06 5 0.00111588 -2.69534e+06 -0
5.94557e-06 5 0.0017302 -1.73752e+06 -0
5.94557e-06 5 0.0026827 -1.11979e+06 -0
5.94557e-06 5 0.00415956 -721393 -0
5.94557e-06 5 0.00644947 -464462 -0
5.94557e-06 5 0.01 -298777 -0
5.94557e-06 5 0.0155052 -191951 -0
5.94557e-06 5 0.024041 -123102 -0
5.94557e-06 5 0.0372759 -78769.6 -0
5.94557e-06 5 0.0577969 -50277.5 -0
5.94557e-06 5 0.0896151 -32034.9 -0
5.94557e-06 5 0.13895 -20426.5 -0
5.94557e-06 5 0.215443 -13080.8 -0
5.94557e-06 5 0.334048 -8393.3 -0
5.94557e-06 5 0.517947 -5251.53 -0
5.94557e-06 5 0.803086 -3018.35 -0
5.94557e-06 5 1.2452 -1584.94 -0
5.94557e-06 5 1.9307 -761.061 -0
5.94557e-06 5 2.99358 -193.859 -0
5.94557e-06 5 4.64159 24.3259 -0
5.94557e-06 5 7.19686 7.73825 -0
5.94557e-06 5 11.1588 67.2314 -0
5.94557e-06 5 17.302 9.55409 -0
5.94557e-06 5 26.827 -21.8578 -0
5.94557e-06 5 41.5956 -15.0691 -0
5.94557e-06 5 64.4947 -9.29305 -0
5.94557e-06 5 100 -5.87752 -0
5.94557e-06 5 155.052 -3.48456 -0
5.94557e-06 5 240.41 -2.04711 -0
5.94557e-06 5 372.759 -1.28651 -0
5.94557e-06 5 577.969 -0.779078 -0
5.94557e-06 5 896.151 -0.443623 -0
5.94557e-06 5 1389.5 -0.265732 -0
5.94557e-06 5 2154.43 -0.160229 -0
5.94557e-06 5 3340.48 -0.0950123 -0
5.94557e-06 5 5179.47 -0.0553942 -0
5.94557e-06 5 8030.86 -0.0313668 -0
5.94557e-06 5 12452 -0.0180219 -0
5.94557e-06 5 19307 -0.0103273 -0
5.94557e-06 5 29935.8 -0.00580003 -0
5.94557e-06 5 46415.9 -0.00319641 -0
5.94557e-06 5 71968.6 -0.00170093 -0
5.94557e-06 5 111588 -0.000852623 -0
5.94557e-06 5 173020 -0.000436066 -0
5.94557e-06 5 268270 -0.000195534 -0
5.94557e-06 5 415956 -8.06928e-05 -0
5.94557e-06 5 644947 -3.43002e-05 -0
5.94557e-06 5 1e+06 -2.84972e-05 -0

1.44974e-05 5 1e-06 -1.23456e+09 -0
1.44974e-05 5 1.55052e-06 -7.96227e+08 -0
1.44974e-05 5 2.4041e-06 -5.13524e+08 -0
1.44974e-05 5 3.72759e-06 -3.31195e+08 -0
1.44974e-05 5 5.77969e-06 -2.13603e+08 -0
1.44974e-05 5 8.96151e-06 -1.37762e+08 -0
1.44974e-05 5 1.3895e-05 -8.88489e+07 -0
1.44974e-05 5 2.15443e-05 -5.73024e+07 -0
1.44974e-05 5 3.34048e-05 -3.69567e+07 -0
1.44974e-05 5 5.17947e-05 -2.38347e+07 -0
1.44974e-05 5 8.03086e-05 -1.53718e+07 -0
1.44974e-05 5 0.00012452 -9.91364e+06 -0
1.44974e-05 5 0.00019307 -6.39343e+06 -0
1.44974e-05 5 0.000299358 -4.12308e+06 -0
1.44974e-05 5 0.000464159 -2.65882e+06 -0
1.44974e-05 5 0.000719686 -1.71446e+06 -0
1.44974e-05 5 0.00111588 -1.10539e+06 -0
1.44974e-05 5 0.0017302 -712581 -0
1.44974e-05 5 0.0026827 -459240 -0
1.44974e-05 5 0.00415956 -295853 -0
1.44974e-05 5 0.00644947 -190482 -0
1.44974e-05 5 0.01 -122532 -0
1.44974e-05 5 0.0155052 -78721.3 -0
1.44974e-05 5 0.024041 -50485.6 -0
1.44974e-05 5 0.0372759 -32304.2 -0
1.44974e-05 5 0.0577969 -20619.3 -0
1.44974e-05 5 0.0896151 -13137.8 -0
1.44974e-05 5 0.13895 -8377.01 -0
1.44974e-05 5 0.215443 -5364.46 -0
1.44974e-05 5 0.334048 -3442.09 -0
1.44974e-05 5 0.517947 -2153.64 -0
1.44974e-05 5 0.803086 -1237.82 -0
1.44974e-05 5 1.2452 -649.985 -0
1.44974e-05 5 1.9307 -312.113 -0
1.44974e-05 5 2.99358 -79.5018 -0
1.44974e-05 5 4.64159 9.97697 -0
1.44974e-05 5 7.19686 3.17376 -0
1.44974e-05 5 11.1588 27.5725 -0
1.44974e-05 5 17.302 3.91828 -0
1.44974e-05 5 26.827 -8.96413 -0
1.44974e-05 5 41.5956 -6.18003 -0
1.44974e-05 5 64.4947 -3.81119 -0
1.44974e-05 5 100 -2.41044 -0
1.44974e-05 5 155.052 -1.42906 -0
1.44974e-05 5 240.41 -0.839544 -0
1.44974e-05 5 372.759 -0.527616 -0
1.44974e-05 5 577.969 -0.31951 -0
1.44974e-05 5 896.151 -0.181935 -0
1.44974e-05 5 1389.5 -0.10898 -0
1.44974e-05 5 2154.43 -0.0657119 -0
1.44974e-05 5 3340.48 -0.0389657 -0
1.44974e-05 5 5179.47 -0.0227179 -0
1.44974e-05 5 8030.86 -0.0128639 -0
1.44974e-05 5 12452 -0.00739102 -0
1.44974e-05 5 19307 -0.00423535 -0
1.44974e-05 5 29935.8 -0.00237867 -0
1.44974e-05 5 46415.9 -0.00131089 -0
1.44974e-05 5 71968.6 -0.000697575 -0
1.44974e-05 5 111588 -0.000349671 -0
1.44974e-05 5 173020 -0.000178836 -0
1.44974e-05 5 268270 -8.01912e-05 -0
1.44974e-05 5 415956 -3.30931e-05 -0
1.44974e-05 5 644947 -1.40669e-05 -0
1.44974e-05 5 1e+06 -1.16871e-05 -0

3.53498e-05 5 1e-06 -5.06311e+08 -0
3.53498e-05 5 1.55052e-06 -3.26544e+08 -0
3.53498e-05 5 2.4041e-06 -2.10603e+08 -0
3.53498e-05 5 3.72759e-06 -1.35828e+08 -0
3.53498e-05 5 5.77969e-06 -8.76014e+07 -0
3.53498e-05 5 8.96151e-06 -5.64981e+07 -0
3.53498e-05 5 1.3895e-05 -3.64381e+07 -0
3.53498e-05 5 2.15443e-05 -2.35005e+07 -0
3.53498e-05 5 3.34048e-05 -1.51564e+07 -0
3.53498e-05 5 5.17947e-05 -9.77495e+06 -0
3.53498e-05 5 8.03086e-05 -6.30418e+06 -0
3.53498e-05 5 0.00012452 -4.06572e+06 -0
3.53498e-05 5 0.00019307 -2.62203e+06 -0
3.53498e-05 5 0.000299358 -1.69093e+06 -0
3.53498e-05 5 0.000464159 -1.09042e+06 -0
3.53498e-05 5 0.000719686 -703122 -0
3.53498e-05 5 0.00111588 -453337 -0
3.53498e-05 5 0.0017302 -292239 -0
3.53498e-05 5 0.0026827 -188340 -0
3.53498e-05 5 0.00415956 -121333 -0
3.53498e-05 5 0.00644947 -78119 -0
3.53498e-05 5 0.01 -50251.9 -0
3.53498e-05 5 0.0155052 -32284.5 -0
3.53498e-05 5 0.024041 -20704.6 -0
3.53498e-05 5 0.0372759 -13248.2 -0
3.53498e-05 5 0.0577969 -8456.07 -0
3.53498e-05 5 0.0896151 -5387.8 -0
3.53498e-05 5 0.13895 -3435.36 -0
3.53498e-05 5 0.215443 -2199.89 -0
3.53498e-05 5 0.334048 -1411.53 -0
3.53498e-05 5 0.517947 -883.159 -0
3.53498e-05 5 0.803086 -507.603 -0
3.53498e-05 5 1.2452 -266.548 -0
3.53498e-05 5 1.9307 -127.994 -0
3.53498e-05 5 2.99358 -32.6026 -0
3.53498e-05 5 4.64159 4.09229 -0
3.53498e-05 5 7.19686 1.3018 -0
3.53498e-05 5 11.1588 11.3079 -0
3.53498e-05 5 17.302 1.60697 -0
3.53498e-05 5 26.827 -3.67629 -0
3.53498e-05 5 41.5956 -2.5345 -0
3.53498e-05 5 64.4947 -1.56302 -0
3.53498e-05 5 100 -0.988552 -0
3.53498e-05 5 155.052 -0.586076 -0
3.53498e-05 5 240.41 -0.344307 -0
3.53498e-05 5 372.759 -0.216382 -0
3.53498e-05 5 577.969 -0.131035 -0
3.53498e-05 5 896.151 -0.0746139 -0
3.53498e-05 5 1389.5 -0.0446941 -0
3.53498e-05 5 2154.43 -0.0269493 -0
3.53498e-05 5 3340.48 -0.0159803 -0
3.53498e-05 5 5179.47 -0.00931689 -0
3.53498e-05 5 8030.86 -0.00527566 -0
3.53498e-05 5 12452 -0.00303115 -0
3.53498e-05 5 19307 -0.00173697 -0
3.53498e-05 5 29935.8 -0.000975521 -0
3.53498e-05 5 46415.9 -0.000537612 -0
3.53498e-05 5 71968.6 -0.000286084 -0
3.53498e-05 5 111588 -0.000143405 -0
3.53498e-05 5 173020 -7.3343e-05 -0
3.53498e-05 5 268270 -3.28874e-05 -0
3.53498e-05 5 415956 -1.35719e-05 -0
3.53498e-05 5 644947 -5.76903e-06 -0
3.53498e-05 5 1e+06 -4.79301e-06 -0

8.61954e-05 5 1e-06 -2.07646e+08 -0
8.61954e-05 5 1.55052e-06 -1.3392e+08 -0
8.61954e-05 5 2.4041e-06 -8.63714e+07 -0
8.61954e-05 5 3.72759e-06 -5.57049e+07 -0
8.61954e-05 5 5.77969e-06 -3.59266e+07 -0
8.61954e-05 5 8.96151e-06 -2.31707e+07 -0
8.61954e-05 5 1.3895e-05 -1.49438e+07 -0
8.61954e-05 5 2.15443e-05 -9.63791e+06 -0
8.61954e-05 5 3.34048e-05 -6.21588e+06 -0
8.61954e-05 5 5.17947e-05 -4.00885e+06 -0
8.61954e-05 5 8.03086e-05 -2.58544e+06 -0
8.61954e-05 5 0.00012452 -1.66741e+06 -0
8.61954e-05 5 0.00019307 -1.07533e+06 -0
8.61954e-05 5 0.000299358 -693475 -0
8.61954e-05 5 0.000464159 -447197 -0
8.61954e-05 5 0.000719686 -288361 -0
8.61954e-05 5 0.00111588 -185920 -0
8.61954e-05 5 0.0017302 -119851 -0
8.61954e-05 5 0.0026827 -77241 -0
8.61954e-05 5 0.00415956 -49760.2 -0
8.61954e-05 5 0.00644947 -32037.6 -0
8.61954e-05 5 0.01 -20608.8 -0
8.61954e-05 5 0.0155052 -13240.1 -0
8.61954e-05 5 0.024041 -8491.08 -0
8.61954e-05 5 0.0372759 -5433.1 -0
8.61954e-05 5 0.0577969 -3467.77 -0
8.61954e-05 5 0.0896151 -2209.44 -0
8.61954e-05 5 0.13895 -1408.73 -0
8.61954e-05 5 0.215443 -902.066 -0
8.61954e-05 5 0.334048 -578.776 -0
8.61954e-05 5 0.517947 -362.117 -0
8.61954e-05 5 0.803086 -208.132 -0
8.61954e-05 5 1.2452 -109.296 -0
8.61954e-05 5 1.9307 -52.4842 -0
8.61954e-05 5 2.99358 -13.3686 -0
8.61954e-05 5 4.64159 1.67891 -0
8.61954e-05 5 7.19686 0.534084 -0
8.61954e-05 5 11.1588 4.63756 -0
8.61954e-05 5 17.302 0.659068 -0
8.61954e-05 5 26.827 -1.50768 -0
8.61954e-05 5 41.5956 -1.03942 -0
8.61954e-05 5 64.4947 -0.641009 -0
8.61954e-05 5 100 -0.405416 -0
8.61954e-05 5 155.052 -0.240356 -0
8.61954e-05 5 240.41 -0.141204 -0
8.61954e-05 5 372.759 -0.0887407 -0
8.61954e-05 5 577.969 -0.053739 -0
8.61954e-05 5 896.151 -0.0306001 -0
8.61954e-05 5 1389.5 -0.0183296 -0
8.61954e-05 5 2154.43 -0.0110522 -0
8.61954e-05 5 3340.48 -0.00655374 -0
8.61954e-05 5 5179.47 -0.00382097 -0
8.61954e-05 5 8030.86 -0.00216361 -0
8.61954e-05 5 12452 -0.00124311 -0
8.61954e-05 5 19307 -0.000712354 -0
8.61954e-05 5 29935.8 -0.000400074 -0
8.61954e-05 5 46415.9 -0.000220482 -0
8.61954e-05 5 71968.6 -0.000117327 -0
8.61954e-05 5 111588 -5.88121e-05 -0
8.61954e-05 5 173020 -3.00789e-05 -0
8.61954e-05 5 268270 -1.34875e-05 -0
8.61954e-05 5 415956 -5.56602e-06 -0
8.61954e-05 5 644947 -2.36595e-06 -0
8.61954e-05 5 1e+06 -1.96567e-06 -0

0.000210175 5 1e-06 -8.51592e+07 -0
0.000210175 5 1.55052e-06 -5.49231e+07 -0
0.000210175 5 2.4041e-06 -3.54225e+07 -0
0.000210175 5 3.72759e-06 -2.28456e+07 -0
0.000210175 5 5.77969e-06 -1.47342e+07 -0
0.000210175 5 8.96151e-06 -9.50272e+06 -0
0.000210175 5 1.3895e-05 -6.12873e+06 -0
0.000210175 5 2.15443e-05 -3.95268e+06 -0
0.000210175 5 3.34048e-05 -2.54924e+06 -0
0.000210175 5 5.17947e-05 -1.6441e+06 -0
0.000210175 5 8.03086e-05 -1.06033e+06 -0
0.000210175 5 0.00012452 -683835 -0
0.000210175 5 0.00019307 -441014 -0
0.000210175 5 0.000299358 -284407 -0
0.000210175 5 0.000464159 -183403 -0
0.000210175 5 0.000719686 -118262 -0
0.000210175 5 0.00111588 -76248.9 -0
0.000210175 5 0.0017302 -49153 -0
0.000210175 5 0.0026827 -31677.7 -0
0.000210175 5 0.00415956 -20407.4 -0
0.000210175 5 0.00644947 -13139 -0
0.000210175 5 0.01 -8451.85 -0
0.000210175 5 0.0155052 -5429.82 -0
0.000210175 5 0.024041 -3482.15 -0
0.000210175 5 0.0372759 -2228.02 -0
0.000210175 5 0.0577969 -1422.01 -0
0.000210175 5 0.0896151 -905.953 -0
0.000210175 5 0.13895 -577.582 -0
0.000210175 5 0.215443 -369.811 -0
0.000210175 5 0.334048 -237.252 -0
0.000210175 5 0.517947 -148.432 -0
0.000210175 5 0.803086 -85.3151 -0
0.000210175 5 1.2452 -44.8048 -0
0.000210175 5 1.9307 -21.5168 -0
0.000210175 5 2.99358 -5.48055 -0
0.000210175 5 4.64159 0.689156 -0
0.000210175 5 7.19686 0.219235 -0
0.000210175 5 11.1588 1.90198 -0
0.000210175 5 17.302 0.270322 -0
0.000210175 5 26.827 -0.618301 -0
0.000210175 5 41.5956 -0.426273 -0
0.000210175 5 64.4947 -0.262882 -0
0.000210175 5 100 -0.166264 -0
0.000210175 5 155.052 -0.0985724 -0
0.000210175 5 240.41 -0.0579094 -0
0.000210175 5 372.759 -0.0363935 -0
0.000210175 5 577.969 -0.022039 -0
0.000210175 5 896.151 -0.0125495 -0
0.000210175 5 1389.5 -0.00751719 -0
0.000210175 5 2154.43 -0.00453266 -0
0.000210175 5 3340.48 -0.00268777 -0
0.000210175 5 5179.47 -0.00156703 -0
0.000210175 5 8030.86 -0.000887325 -0
0.000210175 5 12452 -0.000509816 -0
0.000210175 5 19307 -0.000292145 -0
0.000210175 5 29935.8 -0.000164075 -0
0.000210175 5 46415.9 -9.04223e-05 -0
0.000210175 5 71968.6 -4.81172e-05 -0
0.000210175 5 111588 -2.41196e-05 -0
0.000210175 5 173020 -1.23357e-05 -0
0.000210175 5 268270 -5.53141e-06 -0
0.000210175 5 415956 -2.28269e-06 -0
0.000210175 5 644947 -9.70307e-07 -0
0.000210175 5 1e+06 -8.06148e-07 -0

0.000512481 5 1e-06 -3.4926e+07 -0
0.000512481 5 1.55052e-06 -2.25254e+07 -0
0.000512481 5 2.4041e-06 -1.45277e+07 -0
0.000512481 5 3.72759e-06 -9.36956e+06 -0
0.000512481 5 5.77969e-06 -6.04286e+06 -0
0.000512481 5 8.96151e-06 -3.89731e+06 -0
0.000512481 5 1.3895e-05 -2.51355e+06 -0
0.000512481 5 2.15443e-05 -1.62109e+06 -0
0.000512481 5 3.34048e-05 -1.04551e+06 -0
0.000512481 5 5.17947e-05 -674288 -0
0.000512481 5 8.03086e-05 -434870 -0
0.000512481 5 0.00012452 -280458 -0
0.000512481 5 0.00019307 -180871 -0
0.000512481 5 0.000299358 -116642 -0
0.000512481 5 0.000464159 -75218.2 -0
0.000512481 5 0.000719686 -48501.9 -0
0.000512481 5 0.00111588 -31271.4 -0
0.000512481 5 0.0017302 -20158.7 -0
0.000512481 5 0.0026827 -12991.6 -0
0.000512481 5 0.00415956 -8369.38 -0
0.000512481 5 0.00644947 -5388.43 -0
0.000512481 5 0.01 -3466.12 -0
0.000512481 5 0.0155052 -2226.71 -0
0.000512481 5 0.024041 -1427.92 -0
0.000512481 5 0.0372759 -913.574 -0
0.000512481 5 0.0577969 -583.015 -0
0.000512481 5 0.0896151 -371.377 -0
0.000512481 5 0.13895 -236.718 -0
0.000512481 5 0.215443 -151.526 -0
0.000512481 5 0.334048 -97.1885 -0
0.000512481 5 0.517947 -60.7965 -0
0.000512481 5 0.803086 -34.9463 -0
0.000512481 5 1.2452 -18.3561 -0
0.000512481 5 1.9307 -8.81662 -0
0.000512481 5 2.99358 -2.24554 -0
0.000512481 5 4.64159 0.283243 -0
0.000512481 5 7.19686 0.0901114 -0
0.000512481 5 11.1588 0.780078 -0
0.000512481 5 17.302 0.110892 -0
0.000512481 5 26.827 -0.253557 -0
0.000512481 5 41.5956 -0.174812 -0
0.000512481 5 64.4947 -0.107808 -0
0.000512481 5 100 -0.0681854 -0
0.000512481 5 155.052 -0.040425 -0
0.000512481 5 240.41 -0.023749 -0
0.000512481 5 372.759 -0.0149253 -0
0.000512481 5 577.969 -0.00903839 -0
0.000512481 5 896.151 -0.00514666 -0
0.000512481 5 1389.5 -0.00308288 -0
0.000512481 5 2154.43 -0.00185889 -0
0.000512481 5 3340.48 -0.00110229 -0
0.000512481 5 5179.47 -0.000642657 -0
0.000512481 5 8030.86 -0.000363903 -0
0.000512481 5 12452 -0.000209082 -0
0.000512481 5 19307 -0.000119812 -0
0.000512481 5 29935.8 -6.72893e-05 -0
0.000512481 5 46415.9 -3.70833e-05 -0
0.000512481 5 71968.6 -1.97335e-05 -0
0.000512481 5 111588 -9.89174e-06 -0
0.000512481 5 173020 -5.05904e-06 -0
0.000512481 5 268270 -2.2685e-06 -0
0.000512481 5 415956 -9.36161e-07 -0
0.000512481 5 644947 -3.97935e-07 -0
0.000512481 5 1e+06 -3.30611e-07 -0

0.00124961 5 1e-06 -1.43247e+07 -0
0.00124961 5 1.55052e-06 -9.23865e+06 -0
0.00124961 5 2.4041e-06 -5.95843e+06 -0
0.00124961 5 3.72759e-06 -3.84287e+06 -0
0.00124961 5 5.77969e-06 -2.47844e+06 -0
0.00124961 5 8.96151e-06 -1.59846e+06 -0
0.00124961 5 1.3895e-05 -1.03092e+06 -0
0.00124961 5 2.15443e-05 -664882 -0
0.00124961 5 3.34048e-05 -428809 -0
0.00124961 5 5.17947e-05 -276555 -0
0.00124961 5 8.03086e-05 -178359 -0
0.00124961 5 0.00012452 -115028 -0
0.00124961 5 0.00019307 -74182.8 -0
0.00124961 5 0.000299358 -47839.9 -0
0.00124961 5 0.000464159 -30850.1 -0
0.00124961 5 0.000719686 -19892.6 -0
0.00124961 5 0.00111588 -12825.6 -0
0.00124961 5 0.0017302 -8267.76 -0
0.00124961 5 0.0026827 -5328.24 -0
0.00124961 5 0.00415956 -3432.45 -0
0.00124961 5 0.00644947 -2209.83 -0
0.00124961 5 0.01 -1421.41 -0
0.00124961 5 0.0155052 -913.071 -0
0.00124961 5 0.024041 -585.455 -0
0.00124961 5 0.0372759 -374.504 -0
0.00124961 5 0.0577969 -238.933 -0
0.00124961 5 0.0896151 -152.141 -0
0.00124961 5 0.13895 -96.9251 -0
0.00124961 5 0.215443 -62.0046 -0
0.00124961 5 0.334048 -39.7468 -0
0.00124961 5 0.517947 -24.8562 -0
0.00124961 5 0.803086 -14.2895 -0
0.00124961 5 1.2452 -7.50921 -0
0.00124961 5 1.9307 -3.60813 -0
0.00124961 5 2.99358 -0.918823 -0
0.00124961 5 4.64159 0.116773 -0
0.00124961 5 7.19686 0.0371562 -0
0.00124961 5 11.1588 0.319973 -0
0.00124961 5 17.302 0.045508 -0
0.00124961 5 26.827 -0.10397 -0
0.00124961 5 41.5956 -0.0716849 -0
0.00124961 5 64.4947 -0.0442096 -0
0.00124961 5 100 -0.027962 -0
0.00124961 5 155.052 -0.016578 -0
0.00124961 5 240.41 -0.00973942 -0
0.00124961 5 372.759 -0.00612089 -0
0.00124961 5 577.969 -0.00370669 -0
0.00124961 5 896.151 -0.00211068 -0
0.00124961 5 1389.5 -0.00126432 -0
0.00124961 5 2154.43 -0.00076235 -0
0.00124961 5 3340.48 -0.000452059 -0
0.00124961 5 5179.47 -0.000263561 -0
0.00124961 5 8030.86 -0.000149241 -0
0.00124961 5 12452 -8.5747e-05 -0
0.00124961 5 19307 -4.91365e-05 -0
0.00124961 5 29935.8 -2.75962e-05 -0
0.00124961 5 46415.9 -1.52083e-05 -0
0.00124961 5 71968.6 -8.09294e-06 -0
0.00124961 5 111588 -4.05673e-06 -0
0.00124961 5 173020 -2.07478e-06 -0
0.00124961 5 268270 -9.30341e-07 -0
0.00124961 5 415956 -3.83931e-07 -0
0.00124961 5 644947 -1.63198e-07 -0
0.00124961 5 1e+06 -1.35588e-07 -0

0.00304699 5 1e-06 -5.87582e+06 -0
0.00304699 5 1.55052e-06 -3.78959e+06 -0
0.00304699 5 2.4041e-06 -2.44408e+06 -0
0.00304699 5 3.72759e-06 -1.5763e+06 -0
0.00304699 5 5.77969e-06 -1.01663e+06 -0
0.00304699 5 8.96151e-06 -655669 -0
0.00304699 5 1.3895e-05 -422870 -0
0.00304699 5 2.15443e-05 -272727 -0
0.00304699 5 3.34048e-05 -175892 -0
0.00304699 5 5.17947e-05 -113439 -0
0.00304699 5 8.03086e-05 -73160.6 -0
0.00304699 5 0.00012452 -47182.9 -0
0.00304699 5 0.00019307 -30428.7 -0
0.00304699 5 0.000299358 -19623.2 -0
0.00304699 5 0.000464159 -12654.1 -0
0.00304699 5 0.000719686 -8159.5 -0
0.00304699 5 0.00111588 -5260.7 -0
0.00304699 5 0.0017302 -3391.14 -0
0.00304699 5 0.0026827 -2185.38 -0
0.00304699 5 0.00415956 -1407.75 -0
0.00304699 5 0.00644947 -906.243 -0
0.00304699 5 0.01 -582.843 -0
0.00304699 5 0.0155052 -374.331 -0
0.00304699 5 0.024041 -239.95 -0
0.00304699 5 0.0372759 -153.424 -0
0.00304699 5 0.0577969 -97.821 -0
0.00304699 5 0.0896151 -62.2291 -0
0.00304699 5 0.13895 -39.5943 -0
0.00304699 5 0.215443 -25.2909 -0
0.00304699 5 0.334048 -16.1894 -0
0.00304699 5 0.517947 -10.1167 -0
0.00304699 5 0.803086 -5.81786 -0
0.00304699 5 1.2452 -3.06077 -0
0.00304699 5 1.9307 -1.47207 -0
0.00304699 5 2.99358 -0.37472 -0
0.00304699 5 4.64159 0.0485014 -0
0.00304699 5 7.19686 0.0154385 -0
0.00304699 5 11.1588 0.131278 -0
0.00304699 5 17.302 0.0186932 -0
0.00304699 5 26.827 -0.0426231 -0
0.00304699 5 41.5956 -0.0293911 -0
0.00304699 5 64.4947 -0.0181272 -0
0.00304699 5 100 -0.0114658 -0
0.00304699 5 155.052 -0.00679807 -0
0.00304699 5 240.41 -0.0039939 -0
0.00304699 5 372.759 -0.00251009 -0
0.00304699 5 577.969 -0.00152009 -0
0.00304699 5 896.151 -0.000865585 -0
0.00304699 5 1389.5 -0.000518498 -0
0.00304699 5 2154.43 -0.000312644 -0
0.00304699 5 3340.48 -0.000185392 -0
0.00304699 5 5179.47 -0.000108089 -0
0.00304699 5 8030.86 -6.1205e-05 -0
0.00304699 5 12452 -3.51657e-05 -0
0.00304699 5 19307 -2.01514e-05 -0
0.00304699 5 29935.8 -1.13175e-05 -0
0.00304699 5 46415.9 -6.23711e-06 -0
0.00304699 5 71968.6 -3.31901e-06 -0
0.00304699 5 111588 -1.66371e-06 -0
0.00304699 5 173020 -8.50891e-07 -0
0.00304699 5 268270 -3.81544e-07 -0
0.00304699 5 415956 -1.57455e-07 -0
0.00304699 5 644947 -6.69296e-08 -0
0.00304699 5 1e+06 -5.56063e-08 -0

0.00742964 5 1e-06 -2.41082e+06 -0
0.00742964 5 1.55052e-06 -1.55485e+06 -0
0.00742964 5 2.4041e-06 -1.0028e+06 -0
0.00742964 5 3.72759e-06 -646749 -0
0.00742964 5 5.77969e-06 -417118 -0
0.00742964 5 8.96151e-06 -269018 -0
0.00742964 5 1.3895e-05 -173502 -0
0.00742964 5 2.15443e-05 -111898 -0
0.00742964 5 3.34048e-05 -72167.7 -0
0.00742964 5 5.17947e-05 -46543.5 -0
0.00742964 5 8.03086e-05 -30017.3 -0
0.00742964 5 0.00012452 -19358.8 -0
0.00742964 5 0.00019307 -12484.6 -0
0.00742964 5 0.000299358 -8051.1 -0
0.00742964 5 0.000464159 -5191.74 -0
0.00742964 5 0.000719686 -3347.61 -0
0.00742964 5 0.00111588 -2158.24 -0
0.00742964 5 0.0017302 -1391.17 -0
0.00742964 5 0.0026827 -896.448 -0
0.00742964 5 0.00415956 -577.389 -0
0.00742964 5 0.00644947 -371.625 -0
0.00742964 5 0.01 -238.937 -0
0.00742964 5 0.0155052 -153.387 -0
0.00742964 5 0.024041 -98.2535 -0
0.00742964 5 0.0372759 -62.7564 -0
0.00742964 5 0.0577969 -39.949 -0
0.00742964 5 0.0896151 -25.3553 -0
0.00742964 5 0.13895 -16.0824 -0
0.00742964 5 0.215443 -10.2343 -0
0.00742964 5 0.334048 -6.52836 -0
0.00742964 5 0.517947 -4.07208 -0
0.00742964 5 0.803086 -2.34366 -0
0.00742964 5 1.2452 -1.23645 -0
0.00742964 5 1.9307 -0.59606 -0
0.00742964 5 2.99358 -0.15158 -0
0.00742964 5 4.64159 0.0205017 -0
0.00742964 5 7.19686 0.00653163 -0
0.00742964 5 11.1588 0.0538916 -0
0.00742964 5 17.302 0.00769605 -0
0.00742964 5 26.827 -0.0174638 -0
0.00742964 5 41.5956 -0.0120459 -0
0.00742964 5 64.4947 -0.00743048 -0
0.00742964 5 100 -0.00470054 -0
0.00742964 5 155.052 -0.00278719 -0
0.00742964 5 240.41 -0.00163759 -0
0.00742964 5 372.759 -0.00102926 -0
0.00742964 5 577.969 -0.000623337 -0
0.00742964 5 896.151 -0.000354956 -0
0.00742964 5 1389.5 -0.000212629 -0
0.00742964 5 2154.43 -0.000128213 -0
0.00742964 5 3340.48 -7.60292e-05 -0
0.00742964 5 5179.47 -4.43274e-05 -0
0.00742964 5 8030.86 -2.51005e-05 -0
0.00742964 5 12452 -1.44217e-05 -0
0.00742964 5 19307 -8.26426e-06 -0
0.00742964 5 29935.8 -4.64141e-06 -0
0.00742964 5 46415.9 -2.5579e-06 -0
0.00742964 5 71968.6 -1.36116e-06 -0
0.00742964 5 111588 -6.82307e-07 -0
0.00742964 5 173020 -3.4896e-07 -0
0.00742964 5 268270 -1.56476e-07 -0
0.00742964 5 415956 -6.45741e-08 -0
0.00742964 5 644947 -2.74486e-08 -0
0.00742964 5 1e+06 -2.28048e-08 -0

0.0181161 5 1e-06 -989767 -0
0.0181161 5 1.55052e-06 -638347 -0
0.0181161 5 2.4041e-06 -411699 -0
0.0181161 5 3.72759e-06 -265524 -0
0.0181161 5 5.77969e-06 -171248 -0
0.0181161 5 8.96151e-06 -110446 -0
0.0181161 5 1.3895e-05 -71231.1 -0
0.0181161 5 2.15443e-05 -45939.9 -0
0.0181161 5 3.34048e-05 -29628.4 -0
0.0181161 5 5.17947e-05 -19108.3 -0
0.0181161 5 8.03086e-05 -12323.4 -0
0.0181161 5 0.00012452 -7947.57 -0
0.0181161 5 0.00019307 -5125.36 -0
0.0181161 5 0.000299358 -3305.19 -0
0.0181161 5 0.000464159 -2131.27 -0
0.0181161 5 0.000719686 -1374.16 -0
0.0181161 5 0.00111588 -885.864 -0
0.0181161 5 0.0017302 -570.941 -0
0.0181161 5 0.0026827 -367.834 -0
0.0181161 5 0.00415956 -236.845 -0
0.0181161 5 0.00644947 -152.369 -0
0.0181161 5 0.01 -97.8946 -0
0.0181161 5 0.0155052 -62.7739 -0
0.0181161 5 0.024041 -40.1415 -0
0.0181161 5 0.0372759 -25.5723 -0
0.0181161 5 0.0577969 -16.2151 -0
0.0181161 5 0.0896151 -10.2332 -0
0.0181161 5 0.13895 -6.44035 -0
0.0181161 5 0.215443 -4.05999 -0
0.0181161 5 0.334048 -2.56683 -0
0.0181161 5 0.517947 -1.59355 -0
0.0181161 5 0.803086 -0.919125 -0
0.0181161 5 1.2452 -0.488391 -0
0.0181161 5 1.9307 -0.236831 -0
0.0181161 5 2.99358 -0.0600744 -0
0.0181161 5 4.64159 0.00901701 -0
0.0181161 5 7.19686 0.00287847 -0
0.0181161 5 11.1588 0.0221545 -0
0.0181161 5 17.302 0.00318595 -0
0.0181161 5 26.827 -0.00714569 -0
0.0181161 5 41.5956 -0.00493238 -0
0.0181161 5 64.4947 -0.00304363 -0
0.0181161 5 100 -0.00192601 -0
0.0181161 5 155.052 -0.00114227 -0
0.0181161 5 240.41 -0.000671242 -0
0.0181161 5 372.759 -0.000421952 -0
0.0181161 5 577.969 -0.000255567 -0
0.0181161 5 896.151 -0.000145541 -0
0.0181161 5 1389.5 -8.71882e-05 -0
0.0181161 5 2154.43 -5.25759e-05 -0
0.0181161 5 3340.48 -3.1178e-05 -0
0.0181161 5 5179.47 -1.81781e-05 -0
0.0181161 5 8030.86 -1.02935e-05 -0
0.0181161 5 12452 -5.91432e-06 -0
0.0181161 5 19307 -3.38919e-06 -0
0.0181161 5 29935.8 -1.90346e-06 -0
0.0181161 5 46415.9 -1.04901e-06 -0
0.0181161 5 71968.6 -5.58223e-07 -0
0.0181161 5 111588 -2.7982e-07 -0
0.0181161 5 173020 -1.43112e-07 -0
0.0181161 5 268270 -6.41721e-08 -0
0.0181161 5 415956 -2.64824e-08 -0
0.0181161 5 644947 -1.12569e-08 -0
0.0181161 5 1e+06 -9.3525e-09 -0

0.0441734 5 1e-06 -406927 -0
0.0441734 5 1.55052e-06 -262446 -0
0.0441734 5 2.4041e-06 -169263 -0
0.0441734 5 3.72759e-06 -109166 -0
0.0441734 5 5.77969e-06 -70405.8 -0
0.0441734 5 8.96151e-06 -45407.7 -0
0.0441734 5 1.3895e-05 -29285.3 -0
0.0441734 5 2.15443e-05 -18887.2 -0
0.0441734 5 3.34048e-05 -12181 -0
0.0441734 5 5.17947e-05 -7855.88 -0
0.0441734 5 8.03086e-05 -5066.38 -0
0.0441734 5 0.00012452 -3267.31 -0
0.0441734 5 0.00019307 -2107.01 -0
0.0441734 5 0.000299358 -1358.67 -0
0.0441734 5 0.000464159 -876.035 -0
0.0441734 5 0.000719686 -564.761 -0
0.0441734 5 0.00111588 -364.006 -0
0.0441734 5 0.0017302 -234.53 -0
0.0441734 5 0.0026827 -151.027 -0
0.0441734 5 0.00415956 -97.1728 -0
0.0441734 5 0.00644947 -62.4426 -0
0.0441734 5 0.01 -40.0476 -0
0.0441734 5 0.0155052 -25.6101 -0
0.0441734 5 0.024041 -16.3079 -0
0.0441734 5 0.0372759 -10.3223 -0
0.0441734 5 0.0577969 -6.48179 -0
0.0441734 5 0.0896151 -4.03216 -0
0.0441734 5 0.13895 -2.48715 -0
0.0441734 5 0.215443 -1.5292 -0
0.0441734 5 0.334048 -0.943552 -0
0.0441734 5 0.517947 -0.578212 -0
0.0441734 5 0.803086 -0.335583 -0
0.0441734 5 1.2452 -0.18188 -0
0.0441734 5 1.9307 -0.0895907 -0
0.0441734 5 2.99358 -0.0225642 -0
0.0441734 5 4.64159 0.00430305 -0
0.0441734 5 7.19686 0.00137938 -0
0.0441734 5 11.1588 0.00913839 -0
0.0441734 5 17.302 0.00133621 -0
0.0441734 5 26.827 -0.00291414 -0
0.0441734 5 41.5956 -0.00201506 -0
0.0441734 5 64.4947 -0.00124453 -0
0.0441734 5 100 -0.000788144 -0
0.0441734 5 155.052 -0.000467673 -0
0.0441734 5 240.41 -0.00027493 -0
0.0441734 5 372.759 -0.000172887 -0
0.0441734 5 577.969 -0.00010474 -0
0.0441734 5 896.151 -5.96571e-05 -0
0.0441734 5 1389.5 -3.57433e-05 -0
0.0441734 5 2154.43 -2.15561e-05 -0
0.0441734 5 3340.48 -1.27839e-05 -0
0.0441734 5 5179.47 -7.45395e-06 -0
0.0441734 5 8030.86 -4.22103e-06 -0
0.0441734 5 12452 -2.42533e-06 -0
0.0441734 5 19307 -1.38986e-06 -0
0.0441734 5 29935.8 -7.80598e-07 -0
0.0441734 5 46415.9 -4.30197e-07 -0
0.0441734 5 71968.6 -2.28928e-07 -0
0.0441734 5 111588 -1.14755e-07 -0
0.0441734 5 173020 -5.86907e-08 -0
0.0441734 5 268270 -2.63173e-08 -0
0.0441734 5 415956 -1.08606e-08 -0
0.0441734 5 644947 -4.61651e-09 -0
0.0441734 5 1e+06 -3.83554e-09 -0

0.107711 5 1e-06 -167782 -0
0.107711 5 1.55052e-06 -108210 -0
0.107711 5 2.4041e-06 -69789.5 -0
0.107711 5 3.72759e-06 -45010.3 -0
0.107711 5 5.77969e-06 -29029.1 -0
0.107711 5 8.96151e-06 -18722.1 -0
0.107711 5 1.3895e-05 -12074.6 -0
0.107711 5 2.15443e-05 -7787.28 -0
0.107711 5 3.34048e-05 -5022.21 -0
0.107711 5 5.17947e-05 -3238.89 -0
0.107711 5 8.03086e-05 -2088.74 -0
0.107711 5 0.00012452 -1346.96 -0
0.107711 5 0.00019307 -868.548 -0
0.107711 5 0.000299358 -559.999 -0
0.107711 5 0.000464159 -361.001 -0
0.107711 5 0.000719686 -232.658 -0
0.107711 5 0.00111588 -149.884 -0
0.107711 5 0.0017302 -96.5 -0
0.107711 5 0.0026827 -62.0706 -0
0.107711 5 0.00415956 -39.8665 -0
0.107711 5 0.00644947 -25.5475 -0
0.107711 5 0.01 -16.315 -0
0.107711 5 0.0155052 -10.3641 -0
0.107711 5 0.024041 -6.53167 -0
0.107711 5 0.0372759 -4.0682 -0
0.107711 5 0.0577969 -2.49147 -0
0.107711 5 0.0896151 -1.49149 -0
0.107711 5 0.13895 -0.869071 -0
0.107711 5 0.215443 -0.494878 -0
0.107711 5 0.334048 -0.28133 -0
0.107711 5 0.517947 -0.164584 -0
0.107711 5 0.803086 -0.0978897 -0
0.107711 5 1.2452 -0.0568412 -0
0.107711 5 1.9307 -0.0294095 -0
0.107711 5 2.99358 -0.00722325 -0
0.107711 5 4.64159 0.00236019 -0
0.107711 5 7.19686 0.000762465 -0
0.107711 5 11.1588 0.00379975 -0
0.107711 5 17.302 0.000577385 -0
0.107711 5 26.827 -0.00117881 -0
0.107711 5 41.5956 -0.000818666 -0
0.107711 5 64.4947 -0.000506713 -0
0.107711 5 100 -0.000321496 -0
0.107711 5 155.052 -0.000191014 -0
0.107711 5 240.41 -0.000112398 -0
0.107711 5 372.759 -7.0743e-05 -0
0.107711 5 577.969 -4.28842e-05 -0
0.107711 5 896.151 -2.4435e-05 -0
0.107711 5 1389.5 -1.46451e-05 -0
0.107711 5 2154.43 -8.83445e-06 -0
0.107711 5 3340.48 -5.24025e-06 -0
0.107711 5 5179.47 -3.05585e-06 -0
0.107711 5 8030.86 -1.73062e-06 -0
0.107711 5 12452 -9.94454e-07 -0
0.107711 5 19307 -5.69912e-07 -0
0.107711 5 29935.8 -3.20095e-07 -0
0.107711 5 46415.9 -1.76413e-07 -0
0.107711 5 71968.6 -9.38793e-08 -0
0.107711 5 111588 -4.70595e-08 -0
0.107711 5 173020 -2.40686e-08 -0
0.107711 5 268270 -1.07925e-08 -0
0.107711 5 415956 -4.45383e-09 -0
0.107711 5 644947 -1.8932e-09 -0
0.107711 5 1e+06 -1.57296e-09 -0

0.262636 5 1e-06 -69441.9 -0
0.262636 5 1.55052e-06 -44786.2 -0
0.262636 5 2.4041e-06 -28884.6 -0
0.262636 5 3.72759e-06 -18628.9 -0
0.262636 5 5.77969e-06 -12014.5 -0
0.262636 5 8.96151e-06 -7748.57 -0
0.262636 5 1.3895e-05 -4997.28 -0
0.262636 5 2.15443e-05 -3222.84 -0
0.262636 5 3.34048e-05 -2078.42 -0
0.262636 5 5.17947e-05 -1340.33 -0
0.262636 5 8.03086e-05 -864.307 -0
0.262636 5 0.00012452 -557.295 -0
0.262636 5 0.00019307 -359.289 -0
0.262636 5 0.000299358 -231.585 -0
0.262636 5 0.000464159 -149.223 -0
0.262636 5 0.000719686 -96.1042 -0
0.262636 5 0.00111588 -61.8455 -0
0.262636 5 0.0017302 -39.7508 -0
0.262636 5 0.0026827 -25.5013 -0
0.262636 5 0.00415956 -16.312 -0
0.262636 5 0.00644947 -10.3864 -0
0.262636 5 0.01 -6.56656 -0
0.262636 5 0.0155052 -4.10564 -0
0.262636 5 0.024041 -2.52254 -0
0.262636 5 0.0372759 -1.50762 -0
0.262636 5 0.0577969 -0.862037 -0
0.262636 5 0.0896151 -0.458395 -0
0.262636 5 0.13895 -0.215418 -0
0.262636 5 0.215443 -0.0808343 -0
0.262636 5 0.334048 -0.0189367 -0
0.262636 5 0.517947 -0.00188246 -0
0.262636 5 0.803086 -0.00436063 -0
0.262636 5 1.2452 -0.0071678 -0
0.262636 5 1.9307 -0.00522236 -0
0.262636 5 2.99358 -0.00103569 -0
0.262636 5 4.64159 0.00153954 -0
0.262636 5 7.19686 0.000504024 -0
0.262636 5 11.1588 0.00160875 -0
0.262636 5 17.302 0.000265605 -0
0.262636 5 26.827 -0.000467366 -0
0.262636 5 41.5956 -0.000328104 -0
0.262636 5 64.4947 -0.000204163 -0
0.262636 5 100 -0.000130134 -0
0.262636 5 155.052 -7.75585e-05 -0
0.262636 5 240.41 -4.57437e-05 -0
0.262636 5 372.759 -2.88533e-05 -0
0.262636 5 577.969 -1.75167e-05 -0
0.262636 5 896.151 -9.99021e-06 -0
0.262636 5 1389.5 -5.99257e-06 -0
0.262636 5 2154.43 -3.61719e-06 -0
0.262636 5 3340.48 -2.14652e-06 -0
0.262636 5 5179.47 -1.25213e-06 -0
0.262636 5 8030.86 -7.09273e-07 -0
0.262636 5 12452 -4.07633e-07 -0
0.262636 5 19307 -2.33641e-07 -0
0.262636 5 29935.8 -1.31238e-07 -0
0.262636 5 46415.9 -7.23335e-08 -0
0.262636 5 71968.6 -3.84943e-08 -0
0.262636 5 111588 -1.92968e-08 -0
0.262636 5 173020 -9.86961e-09 -0
0.262636 5 268270 -4.42564e-09 -0
0.262636 5 415956 -1.82636e-09 -0
0.262636 5 644947 -7.76332e-10 -0
0.262636 5 1e+06 -6.45054e-10 -0

0.6404 5 1e-06 -28567.2 -0
0.6404 5 1.55052e-06 -18424.2 -0
0.6404 5 2.4041e-06 -11882.5 -0
0.6404 5 3.72759e-06 -7663.5 -0
0.6404 5 5.77969e-06 -4942.44 -0
0.6404 5 8.96151e-06 -3187.5 -0
0.6404 5 1.3895e-05 -2055.66 -0
0.6404 5 2.15443e-05 -1325.68 -0
0.6404 5 3.34048e-05 -854.884 -0
0.6404 5 5.17947e-05 -551.245 -0
0.6404 5 8.03086e-05 -355.414 -0
0.6404 5 0.00012452 -229.114 -0
0.6404 5 0.00019307 -147.657 -0
0.6404 5 0.000299358 -95.1219 -0
0.6404 5 0.000464159 -61.2394 -0
0.6404 5 0.000719686 -39.3872 -0
0.6404 5 0.00111588 -25.2938 -0
0.6404 5 0.0017302 -16.2046 -0
0.6404 5 0.0026827 -10.3429 -0
0.6404 5 0.00415956 -6.56299 -0
0.6404 5 0.00644947 -4.12608 -0
0.6404 5 0.01 -2.5558 -0
0.6404 5 0.0155052 -1.5452 -0
0.6404 5 0.024041 -0.896645 -0
0.6404 5 0.0372759 -0.483185 -0
0.6404 5 0.0577969 -0.223631 -0
0.6404 5 0.0896151 -0.0662726 -0
0.6404 5 0.13895 0.0215054 -0
0.6404 5 0.215443 0.0604373 -0
0.6404 5 0.334048 0.065111 -0
0.6404 5 0.517947 0.0483216 -0
0.6404 5 0.803086 0.0249907 -0
0.6404 5 1.2452 0.00957684 -0
0.6404 5 1.9307 0.00355698 -0
0.6404 5 2.99358 0.00125403 -0
0.6404 5 4.64159 0.00114454 -0
0.6404 5 7.19686 0.000384146 -0
0.6404 5 11.1588 0.000706112 -0
0.6404 5 17.302 0.000136209 -0
0.6404 5 26.827 -0.000176211 -0
0.6404 5 41.5956 -0.000127168 -0
0.6404 5 64.4947 -8.0184e-05 -0
0.6404 5 100 -5.16945e-05 -0
0.6404 5 155.052 -3.10454e-05 -0
0.6404 5 240.41 -1.84146e-05 -0
0.6404 5 372.759 -1.16765e-05 -0
0.6404 5 577.969 -7.11418e-06 -0
0.6404 5 896.151 -4.06661e-06 -0
0.6404 5 1389.5 -2.44421e-06 -0
0.6404 5 2154.43 -1.47759e-06 -0
0.6404 5 3340.48 -8.77771e-07 -0
0.6404 5 5179.47 -5.12417e-07 -0
0.6404 5 8030.86 -2.9041e-07 -0
0.6404 5 12452 -1.66973e-07 -0
0.6404 5 19307 -9.5732e-08 -0
0.6404 5 29935.8 -5.37851e-08 -0
0.6404 5 46415.9 -2.96491e-08 -0
0.6404 5 71968.6 -1.57803e-08 -0
0.6404 5 111588 -7.91102e-09 -0
0.6404 5 173020 -4.04644e-09 -0
0.6404 5 268270 -1.8145e-09 -0
0.6404 5 415956 -7.48795e-10 -0
0.6404 5 644947 -3.18292e-10 -0
0.6404 5 1e+06 -2.64506e-10 -0

1.56152 5 1e-06 -11047.1 -0
1.56152 5 1.55052e-06 -7124.71 -0
1.56152 5 2.4041e-06 -4595 -0
1.56152 5 3.72759e-06 -2963.47 -0
1.56152 5 5.77969e-06 -1911.22 -0
1.56152 5 8.96151e-06 -1232.57 -0
1.56152 5 1.3895e-05 -794.882 -0
1.56152 5 2.15443e-05 -512.595 -0
1.56152 5 3.34048e-05 -330.535 -0
1.56152 5 5.17947e-05 -213.116 -0
1.56152 5 8.03086e-05 -137.388 -0
1.56152 5 0.00012452 -88.5464 -0
1.56152 5 0.00019307 -57.0465 -0
1.56152 5 0.000299358 -36.7308 -0
1.56152 5 0.000464159 -23.6282 -0
1.56152 5 0.000719686 -15.1778 -0
1.56152 5 0.00111588 -9.72789 -0
1.56152 5 0.0017302 -6.21309 -0
1.56152 5 0.0026827 -3.94644 -0
1.56152 5 0.00415956 -2.4849 -0
1.56152 5 0.00644947 -1.54277 -0
1.56152 5 0.01 -0.9359 -0
1.56152 5 0.0155052 -0.54566 -0
1.56152 5 0.024041 -0.29571 -0
1.56152 5 0.0372759 -0.137099 -0
1.56152 5 0.0577969 -0.0386193 -0
1.56152 5 0.0896151 0.0195064 -0
1.56152 5 0.13895 0.0496028 -0
1.56152 5 0.215443 0.0593344 -0
1.56152 5 0.334048 0.0540654 -0
1.56152 5 0.517947 0.0388635 -0
1.56152 5 0.803086 0.0212283 -0
1.56152 5 1.2452 0.00999823 -0
1.56152 5 1.9307 0.00497663 -0
1.56152 5 2.99358 0.0016775 -0
1.56152 5 4.64159 0.000853312 -0
1.56152 5 7.19686 0.000302483 -0
1.56152 5 11.1588 0.000326091 -0
1.56152 5 17.302 7.9403e-05 -0
1.56152 5 26.827 -5.83214e-05 -0
1.56152 5 41.5956 -4.53759e-05 -0
1.56152 5 64.4947 -2.95877e-05 -0
1.56152 5 100 -1.96258e-05 -0
1.56152 5 155.052 -1.201e-05 -0
1.56152 5 240.41 -7.22264e-06 -0
1.56152 5 372.759 -4.63842e-06 -0
1.56152 5 577.969 -2.85056e-06 -0
1.56152 5 896.151 -1.63829e-06 -0
1.56152 5 1389.5 -9.89393e-07 -0
1.56152 5 2154.43 -6.00271e-07 -0
1.56152 5 3340.48 -3.57505e-07 -0
1.56152 5 5179.47 -2.09077e-07 -0
1.56152 5 8030.86 -1.18639e-07 -0
1.56152 5 12452 -6.82788e-08 -0
1.56152 5 19307 -3.91756e-08 -0
1.56152 5 29935.8 -2.20215e-08 -0
1.56152 5 46415.9 -1.21439e-08 -0
1.56152 5 71968.6 -6.46508e-09 -0
1.56152 5 111588 -3.2416e-09 -0
1.56152 5 173020 -1.6583e-09 -0
1.56152 5 268270 -7.43644e-10 -0
1.56152 5 415956 -3.06876e-10 -0
1.56152 5 644947 -1.30445e-10 -0
1.56152 5 1e+06 -1.08439e-10 -0

3.80755 5 1e-06 -3643.98 -0
3.80755 5 1.55052e-06 -2350.16 -0
3.80755 5 2.4041e-06 -1515.71 -0
3.80755 5 3.72759e-06 -977.54 -0
3.80755 5 5.77969e-06 -630.447 -0
3.80755 5 8.96151e-06 -406.59 -0
3.80755 5 1.3895e-05 -262.215 -0
3.80755 5 2.15443e-05 -169.1 -0
3.80755 5 3.34048e-05 -109.046 -0
3.80755 5 5.17947e-05 -70.3147 -0
3.80755 5 8.03086e-05 -45.3349 -0
3.80755 5 0.00012452 -29.2243 -0
3.80755 5 0.00019307 -18.8338 -0
3.80755 5 0.000299358 -12.1324 -0
3.80755 5 0.000464159 -7.81046 -0
3.80755 5 0.000719686 -5.02302 -0
3.80755 5 0.00111588 -3.22528 -0
3.80755 5 0.0017302 -2.06585 -0
3.80755 5 0.0026827 -1.3181 -0
3.80755 5 0.00415956 -0.835888 -0
3.80755 5 0.00644947 -0.524947 -0
3.80755 5 0.01 -0.324503 -0
3.80755 5 0.0155052 -0.195377 -0
3.80755 5 0.024041 -0.112321 -0
3.80755 5 0.0372759 -0.0590969 -0
3.80755 5 0.0577969 -0.0252975 -0
3.80755 5 0.0896151 -0.00428698 -0
3.80755 5 0.13895 0.00804564 -0
3.80755 5 0.215443 0.0140731 -0
3.80755 5 0.334048 0.01506 -0
3.80755 5 0.517947 0.0119347 -0
3.80755 5 0.803086 0.00706053 -0
3.80755 5 1.2452 0.00433078 -0
3.80755 5 1.9307 0.00304542 -0
3.80755 5 2.99358 0.00113316 -0
3.80755 5 4.64159 0.000527152 -0
3.80755 5 7.19686 0.000212681 -0
3.80755 5 11.1588 0.000153044 -0
3.80755 5 17.302 4.92727e-05 -0
3.80755 5 26.827 -1.28282e-05 -0
3.80755 5 41.5956 -1.30071e-05 -0
3.80755 5 64.4947 -9.32051e-06 -0
3.80755 5 100 -6.67044e-06 -0
3.80755 5 155.052 -4.28251e-06 -0
3.80755 5 240.41 -2.66454e-06 -0
3.80755 5 372.759 -1.76481e-06 -0
3.80755 5 577.969 -1.10709e-06 -0
3.80755 5 896.151 -6.4445e-07 -0
3.80755 5 1389.5 -3.93569e-07 -0
3.80755 5 2154.43 -2.408e-07 -0
3.80755 5 3340.48 -1.44267e-07 -0
3.80755 5 5179.47 -8.4725e-08 -0
3.80755 5 8030.86 -4.82144e-08 -0
3.80755 5 12452 -2.78116e-08 -0
3.80755 5 19307 -1.59845e-08 -0
3.80755 5 29935.8 -8.9962e-09 -0
3.80755 5 46415.9 -4.96537e-09 -0
3.80755 5 71968.6 -2.64502e-09 -0
3.80755 5 111588 -1.3267e-09 -0
3.80755 5 173020 -6.78935e-10 -0
3.80755 5 268270 -3.04487e-10 -0
3.80755 5 415956 -1.25646e-10 -0
3.80755 5 644947 -5.34088e-11 -0
3.80755 5 1e+06 -4.44345e-11 -0

9.28415 5 1e-06 -1075.74 -0
9.28415 5 1.55052e-06 -693.794 -0
9.28415 5 2.4041e-06 -447.459 -0
9.28415 5 3.72759e-06 -288.586 -0
9.28415 5 5.77969e-06 -186.121 -0
9.28415 5 8.96151e-06 -120.037 -0
9.28415 5 1.3895e-05 -77.4159 -0
9.28415 5 2.15443e-05 -49.9277 -0
9.28415 5 3.34048e-05 -32.1993 -0
9.28415 5 5.17947e-05 -20.7655 -0
9.28415 5 8.03086e-05 -13.3912 -0
9.28415 5 0.00012452 -8.63524 -0
9.28415 5 0.00019307 -5.56788 -0
9.28415 5 0.000299358 -3.58959 -0
9.28415 5 0.000464159 -2.3137 -0
9.28415 5 0.000719686 -1.49082 -0
9.28415 5 0.00111588 -0.960101 -0
9.28415 5 0.0017302 -0.617811 -0
9.28415 5 0.0026827 -0.397046 -0
9.28415 5 0.00415956 -0.254654 -0
9.28415 5 0.00644947 -0.162802 -0
9.28415 5 0.01 -0.103538 -0
9.28415 5 0.0155052 -0.0652803 -0
9.28415 5 0.024041 -0.0405519 -0
9.28415 5 0.0372759 -0.0245281 -0
9.28415 5 0.0577969 -0.0140971 -0
9.28415 5 0.0896151 -0.0072609 -0
9.28415 5 0.13895 -0.00278428 -0
9.28415 5 0.215443 6.35307e-07 -0
9.28415 5 0.334048 0.00134016 -0
9.28415 5 0.517947 0.00134005 -0
9.28415 5 0.803086 0.000725184 -0
9.28415 5 1.2452 0.000860016 -0
9.28415 5 1.9307 0.00103864 -0
9.28415 5 2.99358 0.000420929 -0
9.28415 5 4.64159 0.000206383 -0
9.28415 5 7.19686 0.000113298 -0
9.28415 5 11.1588 6.29508e-05 -0
9.28415 5 17.302 2.81968e-05 -0
9.28415 5 26.827 1.87177e-06 -0
9.28415 5 41.5956 -1.43608e-06 -0
9.28415 5 64.4947 -1.7334e-06 -0
9.28415 5 100 -1.65931e-06 -0
9.28415 5 155.052 -1.23716e-06 -0
9.28415 5 240.41 -8.45565e-07 -0
9.28415 5 372.759 -6.06662e-07 -0
9.28415 5 577.969 -4.00269e-07 -0
9.28415 5 896.151 -2.40149e-07 -0
9.28415 5 1389.5 -1.50532e-07 -0
9.28415 5 2154.43 -9.39037e-08 -0
9.28415 5 3340.48 -5.70277e-08 -0
9.28415 5 5179.47 -3.38116e-08 -0
9.28415 5 8030.86 -1.93664e-08 -0
9.28415 5 12452 -1.12292e-08 -0
9.28415 5 19307 -6.47901e-09 -0
9.28415 5 29935.8 -3.65656e-09 -0
9.28415 5 46415.9 -2.02225e-09 -0
9.28415 5 71968.6 -1.07872e-09 -0
9.28415 5 111588 -5.41523e-10 -0
9.28415 5 173020 -2.77342e-10 -0
9.28415 5 268270 -1.24407e-10 -0
9.28415 5 415956 -5.13303e-11 -0
9.28415 5 644947 -2.18192e-11 -0
9.28415 5 1e+06 -1.81872e-11 -0

22.638 5 1e-06 -332.417 -0
22.638 5 1.55052e-06 -214.391 -0
22.638 5 2.4041e-06 -138.271 -0
22.638 5 3.72759e-06 -89.1773 -0
22.638 5 5.77969e-06 -57.5145 -0
22.638 5 8.96151e-06 -37.0937 -0
22.638 5 1.3895e-05 -23.9233 -0
22.638 5 2.15443e-05 -15.4292 -0
22.638 5 3.34048e-05 -9.95088 -0
22.638 5 5.17947e-05 -6.41768 -0
22.638 5 8.03086e-05 -4.13895 -0
22.638 5 0.00012452 -2.6693 -0
22.638 5 0.00019307 -1.72144 -0
22.638 5 0.000299358 -1.11013 -0
22.638 5 0.000464159 -0.715867 -0
22.638 5 0.000719686 -0.461586 -0
22.638 5 0.00111588 -0.297588 -0
22.638 5 0.0017302 -0.191816 -0
22.638 5 0.0026827 -0.123597 -0
22.638 5 0.00415956 -0.0795948 -0
22.638 5 0.00644947 -0.0512102 -0
22.638 5 0.01 -0.032895 -0
22.638 5 0.0155052 -0.0210695 -0
22.638 5 0.024041 -0.0134234 -0
22.638 5 0.0372759 -0.00846472 -0
22.638 5 0.0577969 -0.00523054 -0
22.638 5 0.0896151 -0.00310212 -0
22.638 5 0.13895 -0.00169494 -0
22.638 5 0.215443 -0.000797031 -0
22.638 5 0.334048 -0.00032289 -0
22.638 5 0.517947 -0.000222703 -0
22.638 5 0.803086 -0.000256914 -0
22.638 5 1.2452 -2.66504e-05 -0
22.638 5 1.9307 0.000169533 -0
22.638 5 2.99358 5.65872e-05 -0
22.638 5 4.64159 2.21885e-05 -0
22.638 5 7.19686 3.63725e-05 -0
22.638 5 11.1588 1.5526e-05 -0
22.638 5 17.302 1.20861e-05 -0
22.638 5 26.827 3.79147e-06 -0
22.638 5 41.5956 1.37942e-06 -0
22.638 5 64.4947 4.99834e-07 -0
22.638 5 100 1.1967e-08 -0
22.638 5 155.052 -1.50579e-07 -0
22.638 5 240.41 -1.67219e-07 -0
22.638 5 372.759 -1.59508e-07 -0
22.638 5 577.969 -1.21709e-07 -0
22.638 5 896.151 -7.89183e-08 -0
22.638 5 1389.5 -5.27051e-08 -0
22.638 5 2154.43 -3.44022e-08 -0
22.638 5 3340.48 -2.15478e-08 -0
22.638 5 5179.47 -1.30511e-08 -0
22.638 5 8030.86 -7.58363e-09 -0
22.638 5 12452 -4.44783e-09 -0
22.638 5 19307 -2.58846e-09 -0
22.638 5 29935.8 -1.46983e-09 -0
22.638 5 46415.9 -8.16496e-10 -0
22.638 5 71968.6 -4.36867e-10 -0
22.638 5 111588 -2.19715e-10 -0
22.638 5 173020 -1.12726e-10 -0
22.638 5 268270 -5.05869e-11 -0
22.638 5 415956 -2.08661e-11 -0
22.638 5 644947 -8.86931e-12 -0
22.638 5 1e+06 -7.425e-12 -0

55.1995 5 1e-06 -108.927 -0
55.1995 5 1.55052e-06 -70.2524 -0
55.1995 5 2.4041e-06 -45.3091 -0
55.1995 5 3.72759e-06 -29.2219 -0
55.1995 5 5.77969e-06 -18.8466 -0
55.1995 5 8.96151e-06 -12.1551 -0
55.1995 5 1.3895e-05 -7.83937 -0
55.1995 5 2.15443e-05 -5.05598 -0
55.1995 5 3.34048e-05 -3.26084 -0
55.1995 5 5.17947e-05 -2.10308 -0
55.1995 5 8.03086e-05 -1.35638 -0
55.1995 5 0.00012452 -0.874797 -0
55.1995 5 0.00019307 -0.564203 -0
55.1995 5 0.000299358 -0.363886 -0
55.1995 5 0.000464159 -0.234693 -0
55.1995 5 0.000719686 -0.15137 -0
55.1995 5 0.00111588 -0.0976304 -0
55.1995 5 0.0017302 -0.0629711 -0
55.1995 5 0.0026827 -0.0406171 -0
55.1995 5 0.00415956 -0.0261991 -0
55.1995 5 0.00644947 -0.0168989 -0
55.1995 5 0.01 -0.0108987 -0
55.1995 5 0.0155052 -0.00702584 -0
55.1995 5 0.024041 -0.00452351 -0
55.1995 5 0.0372759 -0.00290323 -0
55.1995 5 0.0577969 -0.00184975 -0
55.1995 5 0.0896151 -0.00116031 -0
55.1995 5 0.13895 -0.000707442 -0
55.1995 5 0.215443 -0.000417092 -0
55.1995 5 0.334048 -0.000252937 -0
55.1995 5 0.517947 -0.000191401 -0
55.1995 5 0.803086 -0.000166936 -0
55.1995 5 1.2452 -8.11382e-05 -0
55.1995 5 1.9307 -8.03075e-06 -0
55.1995 5 2.99358 -1.83652e-05 -0
55.1995 5 4.64159 -1.78023e-05 -0
55.1995 5 7.19686 2.87169e-06 -0
55.1995 5 11.1588 -1.61375e-06 -0
55.1995 5 17.302 2.4628e-06 -0
55.1995 5 26.827 1.78301e-06 -0
55.1995 5 41.5956 9.98369e-07 -0
55.1995 5 64.4947 6.22008e-07 -0
55.1995 5 100 3.17176e-07 -0
55.1995 5 155.052 1.24212e-07 -0
55.1995 5 240.41 3.63876e-08 -0
55.1995 5 372.759 -7.87318e-09 -0
55.1995 5 577.969 -2.06887e-08 -0
55.1995 5 896.151 -1.82308e-08 -0
55.1995 5 1389.5 -1.48032e-08 -0
55.1995 5 2154.43 -1.08994e-08 -0
55.1995 5 3340.48 -7.36037e-09 -0
55.1995 5 5179.47 -4.68345e-09 -0
55.1995 5 8030.86 -2.81035e-09 -0
55.1995 5 12452 -1.69046e-09 -0
55.1995 5 19307 -1.00246e-09 -0
55.1995 5 29935.8 -5.76873e-10 -0
55.1995 5 46415.9 -3.23553e-10 -0
55.1995 5 71968.6 -1.74261e-10 -0
55.1995 5 111588 -8.799e-11 -0
55.1995 5 173020 -4.53167e-11 -0
55.1995 5 268270 -2.03536e-11 -0
55.1995 5 415956 -8.38896e-12 -0
55.1995 5 644947 -3.56516e-12 -0
55.1995 5 1e+06 -3.01403e-12 -0

134.596 5 1e-06 -36.781 -0
134.596 5 1.55052e-06 -23.7218 -0
134.596 5 2.4041e-06 -15.2993 -0
134.596 5 3.72759e-06 -9.86723 -0
134.596 5 5.77969e-06 -6.36384 -0
134.596 5 8.96151e-06 -4.10434 -0
134.596 5 1.3895e-05 -2.64708 -0
134.596 5 2.15443e-05 -1.70723 -0
134.596 5 3.34048e-05 -1.10108 -0
134.596 5 5.17947e-05 -0.710139 -0
134.596 5 8.03086e-05 -0.458005 -0
134.596 5 0.00012452 -0.295392 -0
134.596 5 0.00019307 -0.190515 -0
134.596 5 0.000299358 -0.122876 -0
134.596 5 0.000464159 -0.0792514 -0
134.596 5 0.000719686 -0.0511161 -0
134.596 5 0.00111588 -0.0329703 -0
134.596 5 0.0017302 -0.0212672 -0
134.596 5 0.0026827 -0.0137192 -0
134.596 5 0.00415956 -0.00885096 -0
134.596 5 0.00644947 -0.00571095 -0
134.596 5 0.01 -0.00368543 -0
134.596 5 0.0155052 -0.00237849 -0
134.596 5 0.024041 -0.00153472 -0
134.596 5 0.0372759 -0.000989322 -0
134.596 5 0.0577969 -0.000635964 -0
134.596 5 0.0896151 -0.000406182 -0
134.596 5 0.13895 -0.000256459 -0
134.596 5 0.215443 -0.000160289 -0
134.596 5 0.334048 -0.000102752 -0
134.596 5 0.517947 -7.41036e-05 -0
134.596 5 0.803086 -5.81798e-05 -0
134.596 5 1.2452 -3.36003e-05 -0
134.596 5 1.9307 -1.34436e-05 -0
134.596 5 2.99358 -1.21198e-05 -0
134.596 5 4.64159 -1.00283e-05 -0
134.596 5 7.19686 -2.45617e-06 -0
134.596 5 11.1588 -2.75207e-06 -0
134.596 5 17.302 -4.60057e-07 -0
134.596 5 26.827 2.62906e-07 -0
134.596 5 41.5956 2.47789e-07 -0
134.596 5 64.4947 2.52176e-07 -0
134.596 5 100 1.92907e-07 -0
134.596 5 155.052 1.08886e-07 -0
134.596 5 240.41 5.78243e-08 -0
134.596 5 372.759 2.57586e-08 -0
134.596 5 577.969 8.2167e-09 -0
134.596 5 896.151 1.31711e-09 -0
134.596 5 1389.5 -1.49919e-09 -0
134.596 5 2154.43 -2.18643e-09 -0
134.596 5 3340.48 -1.92081e-09 -0
134.596 5 5179.47 -1.40592e-09 -0
134.596 5 8030.86 -9.15246e-10 -0
134.596 5 12452 -5.84902e-10 -0
134.596 5 19307 -3.62225e-10 -0
134.596 5 29935.8 -2.14779e-10 -0
134.596 5 46415.9 -1.23053e-10 -0
134.596 5 71968.6 -6.72339e-11 -0
134.596 5 111588 -3.42386e-11 -0
134.596 5 173020 -1.77807e-11 -0
134.596 5 268270 -7.9988e-12 -0
134.596 5 415956 -3.28982e-12 -0
134.596 5 644947 -1.39709e-12 -0
134.596 5 1e+06 -1.20797e-12 -0

328.193 5 1e-06 -12.7113 -0
328.193 5 1.55052e-06 -8.19812 -0
328.193 5 2.4041e-06 -5.28735 -0
328.193 5 3.72759e-06 -3.41006 -0
328.193 5 5.77969e-06 -2.19931 -0
328.193 5 8.96151e-06 -1.41844 -0
328.193 5 1.3895e-05 -0.914817 -0
328.193 5 2.15443e-05 -0.590009 -0
328.193 5 3.34048e-05 -0.380525 -0
328.193 5 5.17947e-05 -0.245419 -0
328.193 5 8.03086e-05 -0.158283 -0
328.193 5 0.00012452 -0.102085 -0
328.193 5 0.00019307 -0.0658399 -0
328.193 5 0.000299358 -0.0424639 -0
328.193 5 0.000464159 -0.0273877 -0
328.193 5 0.000719686 -0.0176643 -0
328.193 5 0.00111588 -0.0113932 -0
328.193 5 0.0017302 -0.00734867 -0
328.193 5 0.0026827 -0.00474015 -0
328.193 5 0.00415956 -0.00305776 -0
328.193 5 0.00644947 -0.00197267 -0
328.193 5 0.01 -0.00127277 -0
328.193 5 0.0155052 -0.000821276 -0
328.193 5 0.024041 -0.000529932 -0
328.193 5 0.0372759 -0.000341818 -0
328.193 5 0.0577969 -0.000220212 -0
328.193 5 0.0896151 -0.000141454 -0
328.193 5 0.13895 -9.03945e-05 -0
328.193 5 0.215443 -5.7543e-05 -0
328.193 5 0.334048 -3.71628e-05 -0
328.193 5 0.517947 -2.55281e-05 -0
328.193 5 0.803086 -1.8468e-05 -0
328.193 5 1.2452 -1.13252e-05 -0
328.193 5 1.9307 -5.88483e-06 -0
328.193 5 2.99358 -4.55287e-06 -0
328.193 5 4.64159 -3.49333e-06 -0
328.193 5 7.19686 -1.46195e-06 -0
328.193 5 11.1588 -1.24737e-06 -0
328.193 5 17.302 -5.25039e-07 -0
328.193 5 26.827 -1.2956e-07 -0
328.193 5 41.5956 -3.55458e-08 -0
328.193 5 64.4947 3.2637e-08 -0
328.193 5 100 5.78343e-08 -0
328.193 5 155.052 4.39252e-08 -0
328.193 5 240.41 3.08755e-08 -0
328.193 5 372.759 2.00282e-08 -0
328.193 5 577.969 1.05085e-08 -0
328.193 5 896.151 4.92821e-09 -0
328.193 5 1389.5 1.99578e-09 -0
328.193 5 2154.43 5.42242e-10 -0
328.193 5 3340.48 -4.55415e-11 -0
328.193 5 5179.47 -2.09355e-10 -0
328.193 5 8030.86 -1.98735e-10 -0
328.193 5 12452 -1.56293e-10 -0
328.193 5 19307 -1.09739e-10 -0
328.193 5 29935.8 -7.0368e-11 -0
328.193 5 46415.9 -4.24802e-11 -0
328.193 5 71968.6 -2.40101e-11 -0
328.193 5 111588 -1.24652e-11 -0
328.193 5 173020 -6.59729e-12 -0
328.193 5 268270 -2.97621e-12 -0
328.193 5 415956 -1.21652e-12 -0
328.193 5 644947 -5.15189e-13 -0
328.193 5 1e+06 -4.70214e-13 -0

800.25 5 1e-06 -4.43952 -0
800.25 5 1.55052e-06 -2.86325 -0
800.25 5 2.4041e-06 -1.84665 -0
800.25 5 3.72759e-06 -1.19099 -0
800.25 5 5.77969e-06 -0.768124 -0
800.25 5 8.96151e-06 -0.495399 -0
800.25 5 1.3895e-05 -0.319506 -0
800.25 5 2.15443e-05 -0.206065 -0
800.25 5 3.34048e-05 -0.132901 -0
800.25 5 5.17947e-05 -0.085714 -0
800.25 5 8.03086e-05 -0.0552811 -0
800.25 5 0.00012452 -0.0356535 -0
800.25 5 0.00019307 -0.0229947 -0
800.25 5 0.000299358 -0.0148305 -0
800.25 5 0.000464159 -0.00956501 -0
800.25 5 0.000719686 -0.00616905 -0
800.25 5 0.00111588 -0.00397883 -0
800.25 5 0.0017302 -0.00256626 -0
800.25 5 0.0026827 -0.00165522 -0
800.25 5 0.00415956 -0.00106764 -0
800.25 5 0.00644947 -0.00068868 -0
800.25 5 0.01 -0.000444257 -0
800.25 5 0.0155052 -0.0002866 -0
800.25 5 0.024041 -0.000184893 -0
800.25 5 0.0372759 -0.000119261 -0
800.25 5 0.0577969 -7.68829e-05 -0
800.25 5 0.0896151 -4.94947e-05 -0
800.25 5 0.13895 -3.17855e-05 -0
800.25 5 0.215443 -2.03784e-05 -0
800.25 5 0.334048 -1.31622e-05 -0
800.25 5 0.517947 -8.77074e-06 -0
800.25 5 0.803086 -6.0155e-06 -0
800.25 5 1.2452 -3.78715e-06 -0
800.25 5 1.9307 -2.20067e-06 -0
800.25 5 2.99358 -1.56472e-06 -0
800.25 5 4.64159 -1.12237e-06 -0
800.25 5 7.19686 -5.84659e-07 -0
800.25 5 11.1588 -4.41908e-07 -0
800.25 5 17.302 -2.38099e-07 -0
800.25 5 26.827 -1.0535e-07 -0
800.25 5 41.5956 -5.55006e-08 -0
800.25 5 64.4947 -1.95769e-08 -0
800.25 5 100 1.83625e-09 -0
800.25 5 155.052 6.34664e-09 -0
800.25 5 240.41 7.77854e-09 -0
800.25 5 372.759 8.02786e-09 -0
800.25 5 577.969 5.58872e-09 -0
800.25 5 896.151 3.29506e-09 -0
800.25 5 1389.5 1.87485e-09 -0
800.25 5 2154.43 9.36628e-10 -0
800.25 5 3340.48 4.01403e-10 -0
800.25 5 5179.47 1.42337e-10 -0
800.25 5 8030.86 3.62992e-11 -0
800.25 5 12452 -5.03606e-12 -0
800.25 5 19307 -1.63038e-11 -0
800.25 5 29935.8 -1.52832e-11 -0
800.25 5 46415.9 -1.11234e-11 -0
800.25 5 71968.6 -6.96908e-12 -0
800.25 5 111588 -3.81381e-12 -0
800.25 5 173020 -2.12357e-12 -0
800.25 5 268270 -9.6205e-13 -0
800.25 5 415956 -3.84728e-13 -0
800.25 5 644947 -1.61004e-13 -0
800.25 5 1e+06 -1.70687e-13 -0

1951.29 5 1e-06 -1.54966 -0
1951.29 5 1.55052e-06 -0.999448 -0
1951.29 5 2.4041e-06 -0.644591 -0
1951.29 5 3.72759e-06 -0.415727 -0
1951.29 5 5.77969e-06 -0.268121 -0
1951.29 5 8.96151e-06 -0.172924 -0
1951.29 5 1.3895e-05 -0.111527 -0
1951.29 5 2.15443e-05 -0.0719289 -0
1951.29 5 3.34048e-05 -0.0463903 -0
1951.29 5 5.17947e-05 -0.0299193 -0
1951.29 5 8.03086e-05 -0.0192964 -0
1951.29 5 0.00012452 -0.0124452 -0
1951.29 5 0.00019307 -0.00802649 -0
1951.29 5 0.000299358 -0.00517668 -0
1951.29 5 0.000464159 -0.0033387 -0
1951.29 5 0.000719686 -0.00215331 -0
1951.29 5 0.00111588 -0.00138879 -0
1951.29 5 0.0017302 -0.000895718 -0
1951.29 5 0.0026827 -0.000577712 -0
1951.29 5 0.00415956 -0.000372614 -0
1951.29 5 0.00644947 -0.000240335 -0
1951.29 5 0.01 -0.00015502 -0
1951.29 5 0.0155052 -9.99938e-05 -0
1951.29 5 0.024041 -6.45002e-05 -0
1951.29 5 0.0372759 -4.16024e-05 -0
1951.29 5 0.0577969 -2.68263e-05 -0
1951.29 5 0.0896151 -1.72867e-05 -0
1951.29 5 0.13895 -1.11265e-05 -0
1951.29 5 0.215443 -7.15601e-06 -0
1951.29 5 0.334048 -4.61944e-06 -0
1951.29 5 0.517947 -3.02855e-06 -0
1951.29 5 0.803086 -2.01577e-06 -0
1951.29 5 1.2452 -1.28513e-06 -0
1951.29 5 1.9307 -7.88003e-07 -0
1951.29 5 2.99358 -5.34494e-07 -0
1951.29 5 4.64159 -3.65739e-07 -0
1951.29 5 7.19686 -2.12345e-07 -0
1951.29 5 11.1588 -1.49402e-07 -0
1951.29 5 17.302 -8.90357e-08 -0
1951.29 5 26.827 -4.84321e-08 -0
1951.29 5 41.5956 -2.89927e-08 -0
1951.29 5 64.4947 -1.53955e-08 -0
1951.29 5 100 -6.38951e-09 -0
1951.29 5 155.052 -2.48959e-09 -0
1951.29 5 240.41 -1.14727e-10 -0
1951.29 5 372.759 1.61446e-09 -0
1951.29 5 577.969 1.68392e-09 -0
1951.29 5 896.151 1.23739e-09 -0
1951.29 5 1389.5 9.31066e-10 -0
1951.29 5 2154.43 6.04162e-10 -0
1951.29 5 3340.48 3.38536e-10 -0
1951.29 5 5179.47 1.71324e-10 -0
1951.29 5 8030.86 8.09597e-11 -0
1951.29 5 12452 3.44862e-11 -0
1951.29 5 19307 1.2453e-11 -0
1951.29 5 29935.8 3.31238e-12 -0
1951.29 5 46415.9 8.47841e-14 -0
1951.29 5 71968.6 -6.58206e-13 -0
1951.29 5 111588 -5.42651e-13 -0
1951.29 5 173020 -4.01609e-13 -0
1951.29 5 268270 -1.81849e-13 -0
1951.29 5 415956 -6.22075e-14 -0
1951.29 5 644947 -2.32969e-14 -0
1951.29 5 1e+06 -5.09093e-14 -0

4757.94 5 1e-06 -0.537515 -0
4757.94 5 1.55052e-06 -0.346669 -0
4757.94 5 2.4041e-06 -0.223583 -0
4757.94 5 3.72759e-06 -0.144199 -0
4757.94 5 5.77969e-06 -0.0930007 -0
4757.94 5 8.96151e-06 -0.0599805 -0
4757.94 5 1.3895e-05 -0.0386842 -0
4757.94 5 2.15443e-05 -0.0249493 -0
4757.94 5 3.34048e-05 -0.0160909 -0
4757.94 5 5.17947e-05 -0.0103778 -0
4757.94 5 8.03086e-05 -0.00669313 -0
4757.94 5 0.00012452 -0.00431672 -0
4757.94 5 0.00019307 -0.00278406 -0
4757.94 5 0.000299358 -0.00179557 -0
4757.94 5 0.000464159 -0.00115805 -0
4757.94 5 0.000719686 -0.000746886 -0
4757.94 5 0.00111588 -0.000481705 -0
4757.94 5 0.0017302 -0.000310678 -0
4757.94 5 0.0026827 -0.000200375 -0
4757.94 5 0.00415956 -0.000129234 -0
4757.94 5 0.00644947 -8.33527e-05 -0
4757.94 5 0.01 -5.3761e-05 -0
4757.94 5 0.0155052 -3.46755e-05 -0
4757.94 5 0.024041 -2.23655e-05 -0
4757.94 5 0.0372759 -1.44252e-05 -0
4757.94 5 0.0577969 -9.30271e-06 -0
4757.94 5 0.0896151 -5.99732e-06 -0
4757.94 5 0.13895 -3.86421e-06 -0
4757.94 5 0.215443 -2.48889e-06 -0
4757.94 5 0.334048 -1.60601e-06 -0
4757.94 5 0.517947 -1.04428e-06 -0
4757.94 5 0.803086 -6.84263e-07 -0
4757.94 5 1.2452 -4.3888e-07 -0
4757.94 5 1.9307 -2.76189e-07 -0
4757.94 5 2.99358 -1.82744e-07 -0
4757.94 5 4.64159 -1.21607e-07 -0
4757.94 5 7.19686 -7.4502e-08 -0
4757.94 5 11.1588 -5.03212e-08 -0
4757.94 5 17.302 -3.1324e-08 -0
4757.94 5 26.827 -1.86699e-08 -0
4757.94 5 41.5956 -1.17036e-08 -0
4757.94 5 64.4947 -6.99024e-09 -0
4757.94 5 100 -3.84144e-09 -0
4757.94 5 155.052 -2.14926e-09 -0
4757.94 5 240.41 -1.03761e-09 -0
4757.94 5 372.759 -1.76888e-10 -0
4757.94 5 577.969 1.41902e-10 -0
4757.94 5 896.151 2.06519e-10 -0
4757.94 5 1389.5 2.67351e-10 -0
4757.94 5 2154.43 2.42209e-10 -0
4757.94 5 3340.48 1.71458e-10 -0
4757.94 5 5179.47 1.05806e-10 -0
4757.94 5 8030.86 6.03205e-11 -0
4757.94 5 12452 3.22575e-11 -0
4757.94 5 19307 1.59415e-11 -0
4757.94 5 29935.8 7.32456e-12 -0
4757.94 5 46415.9 3.14405e-12 -0
4757.94 5 71968.6 1.28604e-12 -0
4757.94 5 111588 5.32091e-13 -0
4757.94 5 173020 1.9484e-13 -0
4757.94 5 268270 9.31988e-14 -0
4757.94 5 415956 5.17344e-14 -0
4757.94 5 644947 2.5717e-14 -0
4757.94 5 1e+06 -4.82057e-15 -0

11601.6 5 1e-06 -0.183866 -0
11601.6 5 1.55052e-06 -0.118584 -0
11601.6 5 2.4041e-06 -0.0764803 -0
11601.6 5 3.72759e-06 -0.0493257 -0
11601.6 5 5.77969e-06 -0.0318124 -0
11601.6 5 8.96151e-06 -0.0205173 -0
11601.6 5 1.3895e-05 -0.0132326 -0
11601.6 5 2.15443e-05 -0.00853431 -0
11601.6 5 3.34048e-05 -0.00550418 -0
11601.6 5 5.17947e-05 -0.0035499 -0
11601.6 5 8.03086e-05 -0.0022895 -0
11601.6 5 0.00012452 -0.0014766 -0
11601.6 5 0.00019307 -0.000952332 -0
11601.6 5 0.000299358 -0.000614204 -0
11601.6 5 0.000464159 -0.00039613 -0
11601.6 5 0.000719686 -0.000255483 -0
11601.6 5 0.00111588 -0.000164774 -0
11601.6 5 0.0017302 -0.000106271 -0
11601.6 5 0.0026827 -6.85397e-05 -0
11601.6 5 0.00415956 -4.42051e-05 -0
11601.6 5 0.00644947 -2.85105e-05 -0
11601.6 5 0.01 -1.83883e-05 -0
11601.6 5 0.0155052 -1.18599e-05 -0
11601.6 5 0.024041 -7.64929e-06 -0
11601.6 5 0.0372759 -4.9335e-06 -0
11601.6 5 0.0577969 -3.18172e-06 -0
11601.6 5 0.0896151 -2.05164e-06 -0
11601.6 5 0.13895 -1.32257e-06 -0
11601.6 5 0.215443 -8.52434e-07 -0
11601.6 5 0.334048 -5.49921e-07 -0
11601.6 5 0.517947 -3.56121e-07 -0
11601.6 5 0.803086 -2.31517e-07 -0
11601.6 5 1.2452 -1.48916e-07 -0
11601.6 5 1.9307 -9.48886e-08 -0
11601.6 5 2.99358 -6.19969e-08 -0
11601.6 5 4.64159 -4.06381e-08 -0
11601.6 5 7.19686 -2.55546e-08 -0
11601.6 5 11.1588 -1.68834e-08 -0
11601.6 5 17.302 -1.07118e-08 -0
11601.6 5 26.827 -6.65489e-09 -0
11601.6 5 41.5956 -4.24464e-09 -0
11601.6 5 64.4947 -2.64991e-09 -0
11601.6 5 100 -1.59721e-09 -0
11601.6 5 155.052 -9.76725e-10 -0
11601.6 5 240.41 -5.67754e-10 -0
11601.6 5 372.759 -2.63286e-10 -0
11601.6 5 577.969 -1.07916e-10 -0
11601.6 5 896.151 -3.43198e-11 -0
11601.6 5 1389.5 2.81956e-11 -0
11601.6 5 2154.43 5.60192e-11 -0
11601.6 5 3340.48 5.42636e-11 -0
11601.6 5 5179.47 4.14819e-11 -0
11601.6 5 8030.86 2.8336e-11 -0
11601.6 5 12452 1.82523e-11 -0
11601.6 5 19307 1.07687e-11 -0
11601.6 5 29935.8 5.86128e-12 -0
11601.6 5 46415.9 3.00049e-12 -0
11601.6 5 71968.6 1.47404e-12 -0
11601.6 5 111588 7.13176e-13 -0
11601.6 5 173020 3.30472e-13 -0
11601.6 5 268270 1.60761e-13 -0
11601.6 5 415956 7.98225e-14 -0
11601.6 5 644947 3.81758e-14 -0
11601.6 5 1e+06 1.09581e-14 -0

28288.7 5 1e-06 -0.0617756 -0
28288.7 5 1.55052e-06 -0.039842 -0
28288.7 5 2.4041e-06 -0.0256959 -0
28288.7 5 3.72759e-06 -0.0165725 -0
28288.7 5 5.77969e-06 -0.0106884 -0
28288.7 5 8.96151e-06 -0.00689344 -0
28288.7 5 1.3895e-05 -0.0044459 -0
28288.7 5 2.15443e-05 -0.00286737 -0
28288.7 5 3.34048e-05 -0.0018493 -0
28288.7 5 5.17947e-05 -0.0011927 -0
28288.7 5 8.03086e-05 -0.000769228 -0
28288.7 5 0.00012452 -0.000496111 -0
28288.7 5 0.00019307 -0.000319965 -0
28288.7 5 0.000299358 -0.000206361 -0
28288.7 5 0.000464159 -0.000133092 -0
28288.7 5 0.000719686 -8.58372e-05 -0
28288.7 5 0.00111588 -5.53606e-05 -0
28288.7 5 0.0017302 -3.57047e-05 -0
28288.7 5 0.0026827 -2.30277e-05 -0
28288.7 5 0.00415956 -1.48518e-05 -0
28288.7 5 0.00644947 -9.5787e-06 -0
28288.7 5 0.01 -6.17784e-06 -0
28288.7 5 0.0155052 -3.98445e-06 -0
28288.7 5 0.024041 -2.56981e-06 -0
28288.7 5 0.0372759 -1.65741e-06 -0
28288.7 5 0.0577969 -1.06892e-06 -0
28288.7 5 0.0896151 -6.89332e-07 -0
28288.7 5 0.13895 -4.44477e-07 -0
28288.7 5 0.215443 -2.86572e-07 -0
28288.7 5 0.334048 -1.8485e-07 -0
28288.7 5 0.517947 -1.19465e-07 -0
28288.7 5 0.803086 -7.73616e-08 -0
28288.7 5 1.2452 -4.9828e-08 -0
28288.7 5 1.9307 -3.19427e-08 -0
28288.7 5 2.99358 -2.07386e-08 -0
28288.7 5 4.64159 -1.34882e-08 -0
28288.7 5 7.19686 -8.59011e-09 -0
28288.7 5 11.1588 -5.6104e-09 -0
28288.7 5 17.302 -3.59049e-09 -0
28288.7 5 26.827 -2.27423e-09 -0
28288.7 5 41.5956 -1.46046e-09 -0
28288.7 5 64.4947 -9.28613e-10 -0
28288.7 5 100 -5.81085e-10 -0
28288.7 5 155.052 -3.66932e-10 -0
28288.7 5 240.41 -2.26877e-10 -0
28288.7 5 372.759 -1.28074e-10 -0
28288.7 5 577.969 -7.10601e-11 -0
28288.7 5 896.151 -3.86976e-11 -0
28288.7 5 1389.5 -1.30578e-11 -0
28288.7 5 2154.43 2.61509e-12 -0
28288.7 5 3340.48 8.78684e-12 -0
28288.7 5 5179.47 9.59418e-12 -0
28288.7 5 8030.86 8.37466e-12 -0
28288.7 5 12452 6.8818e-12 -0
28288.7 5 19307 5.00552e-12 -0
28288.7 5 29935.8 3.23497e-12 -0
28288.7 5 46415.9 1.91671e-12 -0
28288.7 5 71968.6 1.06541e-12 -0
28288.7 5 111588 5.67743e-13 -0
28288.7 5 173020 2.89861e-13 -0
28288.7 5 268270 1.47286e-13 -0
28288.7 5 415956 7.4e-14 -0
28288.7 5 644947 3.60643e-14 -0
28288.7 5 1e+06 1.44452e-14 -0

68977.9 5 1e-06 -0.0201499 -0
68977.9 5 1.55052e-06 -0.0129956 -0
68977.9 5 2.4041e-06 -0.00838146 -0
68977.9 5 3.72759e-06 -0.00540559 -0
68977.9 5 5.77969e-06 -0.00348632 -0
68977.9 5 8.96151e-06 -0.00224849 -0
68977.9 5 1.3895e-05 -0.00145016 -0
68977.9 5 2.15443e-05 -0.000935273 -0
68977.9 5 3.34048e-05 -0.000603202 -0
68977.9 5 5.17947e-05 -0.000389033 -0
68977.9 5 8.03086e-05 -0.000250905 -0
68977.9 5 0.00012452 -0.000161821 -0
68977.9 5 0.00019307 -0.000104366 -0
68977.9 5 0.000299358 -6.73103e-05 -0
68977.9 5 0.000464159 -4.34116e-05 -0
68977.9 5 0.000719686 -2.79982e-05 -0
68977.9 5 0.00111588 -1.80574e-05 -0
68977.9 5 0.0017302 -1.16461e-05 -0
68977.9 5 0.0026827 -7.5111e-06 -0
68977.9 5 0.00415956 -4.84428e-06 -0
68977.9 5 0.00644947 -3.12432e-06 -0
68977.9 5 0.01 -2.01503e-06 -0
68977.9 5 0.0155052 -1.2996e-06 -0
68977.9 5 0.024041 -8.38183e-07 -0
68977.9 5 0.0372759 -5.40587e-07 -0
68977.9 5 0.0577969 -3.48647e-07 -0
68977.9 5 0.0896151 -2.24848e-07 -0
68977.9 5 0.13895 -1.44997e-07 -0
68977.9 5 0.215443 -9.34999e-08 -0
68977.9 5 0.334048 -6.03071e-08 -0
68977.9 5 0.517947 -3.89369e-08 -0
68977.9 5 0.803086 -2.51654e-08 -0
68977.9 5 1.2452 -1.62194e-08 -0
68977.9 5 1.9307 -1.04281e-08 -0
68977.9 5 2.99358 -6.7491e-09 -0
68977.9 5 4.64159 -4.37221e-09 -0
68977.9 5 7.19686 -2.8017e-09 -0
68977.9 5 11.1588 -1.81913e-09 -0
68977.9 5 17.302 -1.16883e-09 -0
68977.9 5 26.827 -7.47095e-10 -0
68977.9 5 41.5956 -4.81058e-10 -0
68977.9 5 64.4947 -3.0828e-10 -0
68977.9 5 100 -1.96056e-10 -0
68977.9 5 155.052 -1.25377e-10 -0
68977.9 5 240.41 -7.94355e-11 -0
68977.9 5 372.759 -4.82521e-11 -0
68977.9 5 577.969 -2.9252e-11 -0
68977.9 5 896.151 -1.77277e-11 -0
68977.9 5 1389.5 -9.24463e-12 -0
68977.9 5 2154.43 -3.66837e-12 -0
68977.9 5 3340.48 -6.39842e-13 -0
68977.9 5 5179.47 7.56964e-13 -0
68977.9 5 8030.86 1.34861e-12 -0
68977.9 5 12452 1.67223e-12 -0
68977.9 5 19307 1.60995e-12 -0
68977.9 5 29935.8 1.28357e-12 -0
68977.9 5 46415.9 9.02631e-13 -0
68977.9 5 71968.6 5.77707e-13 -0
68977.9 5 111588 3.45079e-13 -0
68977.9 5 173020 1.95404e-13 -0
68977.9 5 268270 1.06378e-13 -0
68977.9 5 415956 5.60481e-14 -0
68977.9 5 644947 2.85098e-14 -0
68977.9 5 1e+06 1.30464e-14 -0

168192 5 1e-06 -0.00629168 -0
168192 5 1.55052e-06 -0.0040578 -0
168192 5 2.4041e-06 -0.00261706 -0
168192 5 3.72759e-06 -0.00168787 -0
168192 5 5.77969e-06 -0.00108858 -0
168192 5 8.96151e-06 -0.000702079 -0
168192 5 1.3895e-05 -0.000452803 -0
168192 5 2.15443e-05 -0.000292034 -0
168192 5 3.34048e-05 -0.000188346 -0
168192 5 5.17947e-05 -0.000121473 -0
168192 5 8.03086e-05 -7.83438e-05 -0
168192 5 0.00012452 -5.05276e-05 -0
168192 5 0.00019307 -3.25876e-05 -0
168192 5 0.000299358 -2.10173e-05 -0
168192 5 0.000464159 -1.3555e-05 -0
168192 5 0.000719686 -8.74227e-06 -0
168192 5 0.00111588 -5.6383e-06 -0
168192 5 0.0017302 -3.63641e-06 -0
168192 5 0.0026827 -2.34529e-06 -0
168192 5 0.00415956 -1.51259e-06 -0
168192 5 0.00644947 -9.75544e-07 -0
168192 5 0.01 -6.29176e-07 -0
168192 5 0.0155052 -4.05787e-07 -0
168192 5 0.024041 -2.61713e-07 -0
168192 5 0.0372759 -1.68791e-07 -0
168192 5 0.0577969 -1.08861e-07 -0
168192 5 0.0896151 -7.02077e-08 -0
168192 5 0.13895 -4.52773e-08 -0
168192 5 0.215443 -2.91988e-08 -0
168192 5 0.334048 -1.88325e-08 -0
168192 5 0.517947 -1.21531e-08 -0
168192 5 0.803086 -7.8471e-09 -0
168192 5 1.2452 -5.05915e-09 -0
168192 5 1.9307 -3.25742e-09 -0
168192 5 2.99358 -2.10487e-09 -0
168192 5 4.64159 -1.36085e-09 -0
168192 5 7.19686 -8.74649e-10 -0
168192 5 11.1588 -5.66201e-10 -0
168192 5 17.302 -3.64464e-10 -0
168192 5 26.827 -2.3396e-10 -0
168192 5 41.5956 -1.50799e-10 -0
168192 5 64.4947 -9.69614e-11 -0
168192 5 100 -6.21038e-11 -0
168192 5 155.052 -3.99107e-11 -0
168192 5 240.41 -2.55355e-11 -0
168192 5 372.759 -1.59937e-11 -0
168192 5 577.969 -1.00266e-11 -0
168192 5 896.151 -6.30134e-12 -0
168192 5 1389.5 -3.70225e-12 -0
168192 5 2154.43 -1.98338e-12 -0
168192 5 3340.48 -9.53389e-13 -0
168192 5 5179.47 -3.74804e-13 -0
168192 5 8030.86 -4.03717e-14 -0
168192 5 12452 2.00448e-13 -0
168192 5 19307 3.23341e-13 -0
168192 5 29935.8 3.38511e-13 -0
168192 5 46415.9 2.9319e-13 -0
168192 5 71968.6 2.23587e-13 -0
168192 5 111588 1.55692e-13 -0
168192 5 173020 1.01696e-13 -0
168192 5 268270 6.16164e-14 -0
168192 5 415956 3.5333e-14 -0
168192 5 644947 1.93222e-14 -0
168192 5 1e+06 9.78112e-15 -0

410113 5 1e-06 -0.0018394 -0
410113 5 1.55052e-06 -0.00118631 -0
410113 5 2.4041e-06 -0.00076511 -0
410113 5 3.72759e-06 -0.000493455 -0
410113 5 5.77969e-06 -0.000318252 -0
410113 5 8.96151e-06 -0.000205256 -0
410113 5 1.3895e-05 -0.000132379 -0
410113 5 2.15443e-05 -8.53774e-05 -0
410113 5 3.34048e-05 -5.50639e-05 -0
410113 5 5.17947e-05 -3.55133e-05 -0
410113 5 8.03086e-05 -2.29042e-05 -0
410113 5 0.00012452 -1.4772e-05 -0
410113 5 0.00019307 -9.52713e-06 -0
410113 5 0.000299358 -6.14449e-06 -0
410113 5 0.000464159 -3.96287e-06 -0
410113 5 0.000719686 -2.55584e-06 -0
410113 5 0.00111588 -1.64838e-06 -0
410113 5 0.0017302 -1.06312e-06 -0
410113 5 0.0026827 -6.85655e-07 -0
410113 5 0.00415956 -4.42211e-07 -0
410113 5 0.00644947 -2.85203e-07 -0
410113 5 0.01 -1.83941e-07 -0
410113 5 0.0155052 -1.18633e-07 -0
410113 5 0.024041 -7.65121e-08 -0
410113 5 0.0372759 -4.93463e-08 -0
410113 5 0.0577969 -3.18257e-08 -0
410113 5 0.0896151 -2.05255e-08 -0
410113 5 0.13895 -1.32374e-08 -0
410113 5 0.215443 -8.53698e-09 -0
410113 5 0.334048 -5.50603e-09 -0
410113 5 0.517947 -3.5523e-09 -0
410113 5 0.803086 -2.29257e-09 -0
410113 5 1.2452 -1.47829e-09 -0
410113 5 1.9307 -9.52501e-10 -0
410113 5 2.99358 -6.14994e-10 -0
410113 5 4.64159 -3.97205e-10 -0
410113 5 7.19686 -2.55672e-10 -0
410113 5 11.1588 -1.65255e-10 -0
410113 5 17.302 -1.06468e-10 -0
410113 5 26.827 -6.84866e-11 -0
410113 5 41.5956 -4.41608e-11 -0
410113 5 64.4947 -2.84375e-11 -0
410113 5 100 -1.8274e-11 -0
410113 5 155.052 -1.17677e-11 -0
410113 5 240.41 -7.56104e-12 -0
410113 5 372.759 -4.80174e-12 -0
410113 5 577.969 -3.05365e-12 -0
410113 5 896.151 -1.94708e-12 -0
410113 5 1389.5 -1.19888e-12 -0
410113 5 2154.43 -7.07194e-13 -0
410113 5 3340.48 -4.01729e-13 -0
410113 5 5179.47 -2.18175e-13 -0
410113 5 8030.86 -1.04508e-13 -0
410113 5 12452 -2.17707e-14 -0
410113 5 19307 3.10918e-14 -0
410113 5 29935.8 5.67843e-14 -0
410113 5 46415.9 6.41701e-14 -0
410113 5 71968.6 5.99302e-14 -0
410113 5 111588 5.04453e-14 -0
410113 5 173020 3.97173e-14 -0
410113 5 268270 2.78534e-14 -0
410113 5 415956 1.81028e-14 -0
410113 5 644947 1.10432e-14 -0
410113 5 1e+06 6.25318e-15 -0

1e+06 5 1e-06 -0.000483913 -0
1e+06 5 1.55052e-06 -0.000312098 -0
1e+06 5 2.4041e-06 -0.000201287 -0
1e+06 5 3.72759e-06 -0.000129819 -0
1e+06 5 5.77969e-06 -8.37265e-05 -0
1e+06 5 8.96151e-06 -5.39991e-05 -0
1e+06 5 1.3895e-05 -3.48266e-05 -0
1e+06 5 2.15443e-05 -2.24613e-05 -0
1e+06 5 3.34048e-05 -1.44863e-05 -0
1e+06 5 5.17947e-05 -9.3429e-06 -0
1e+06 5 8.03086e-05 -6.02568e-06 -0
1e+06 5 0.00012452 -3.88624e-06 -0
1e+06 5 0.00019307 -2.50642e-06 -0
1e+06 5 0.000299358 -1.61651e-06 -0
1e+06 5 0.000464159 -1.04256e-06 -0
1e+06 5 0.000719686 -6.72396e-07 -0
1e+06 5 0.00111588 -4.33659e-07 -0
1e+06 5 0.0017302 -2.79687e-07 -0
1e+06 5 0.0026827 -1.80384e-07 -0
1e+06 5 0.00415956 -1.16338e-07 -0
1e+06 5 0.00644947 -7.50318e-08 -0
1e+06 5 0.01 -4.83916e-08 -0
1e+06 5 0.0155052 -3.121e-08 -0
1e+06 5 0.024041 -2.01289e-08 -0
1e+06 5 0.0372759 -1.29821e-08 -0
1e+06 5 0.0577969 -8.37273e-09 -0
1e+06 5 0.0896151 -5.39991e-09 -0
1e+06 5 0.13895 -3.48257e-09 -0
1e+06 5 0.215443 -2.246e-09 -0
1e+06 5 0.334048 -1.44857e-09 -0
1e+06 5 0.517947 -9.34457e-10 -0
1e+06 5 0.803086 -6.02933e-10 -0
1e+06 5 1.2452 -3.8881e-10 -0
1e+06 5 1.9307 -2.50608e-10 -0
1e+06 5 2.99358 -1.61745e-10 -0
1e+06 5 4.64159 -1.04413e-10 -0
1e+06 5 7.19686 -6.7257e-11 -0
1e+06 5 11.1588 -4.3439e-11 -0
1e+06 5 17.302 -2.79978e-11 -0
1e+06 5 26.827 -1.80279e-11 -0
1e+06 5 41.5956 -1.16265e-11 -0
1e+06 5 64.4947 -7.49207e-12 -0
1e+06 5 100 -4.82174e-12 -0
1e+06 5 155.052 -3.10775e-12 -0
1e+06 5 240.41 -2.00054e-12 -0
1e+06 5 372.759 -1.27862e-12 -0
1e+06 5 577.969 -8.18338e-13 -0
1e+06 5 896.151 -5.25006e-13 -0
1e+06 5 1389.5 -3.29912e-13 -0
1e+06 5 2154.43 -2.0241e-13 -0
1e+06 5 3340.48 -1.22027e-13 -0
1e+06 5 5179.47 -7.23816e-14 -0
1e+06 5 8030.86 -4.10142e-14 -0
1e+06 5 12452 -1.87145e-14 -0
1e+06 5 19307 -3.79689e-15 -0
1e+06 5 29935.8 4.995e-15 -0
1e+06 5 46415.9 9.65126e-15 -0
1e+06 5 71968.6 1.14954e-14 -0
1e+06 5 111588 1.18499e-14 -0
1e+06 5 173020 1.13301e-14 -0
1e+06 5 268270 9.33003e-15 -0
1e+06 5 415956 7.09704e-15 -0
1e+06 5 644947 5.02696e-15 -0
1e+06 5 1e+06 3.27917e-15 -0

