#q_sq i k_sq Re(fg) Im(fg)
1e-06 8 1e-06 0.907437 0
1e-06 8 1.55052e-06 0.907436 0
1e-06 8 2.4041e-06 0.907436 0
1e-06 8 3.72759e-06 0.907435 0
1e-06 8 5.77969e-06 0.907434 0
1e-06 8 8.96151e-06 0.907432 0
1e-06 8 1.3895e-05 0.907429 0
1e-06 8 2.15443e-05 0.907424 0
1e-06 8 3.34048e-05 0.907416 0
1e-06 8 5.17947e-05 0.907405 0
1e-06 8 8.03086e-05 0.907387 0
1e-06 8 0.00012452 0.907359 0
1e-06 8 0.00019307 0.907316 0
1e-06 8 0.000299358 0.90725 0
1e-06 8 0.000464159 0.907146 0
1e-06 8 0.000719686 0.906986 0
1e-06 8 0.00111588 0.906739 0
1e-06 8 0.0017302 0.906355 0
1e-06 8 0.0026827 0.905762 0
1e-06 8 0.00415956 0.904847 0
1e-06 8 0.00644947 0.903438 0
1e-06 8 0.01 0.901277 0
1e-06 8 0.0155052 0.897981 0
1e-06 8 0.024041 0.893002 0
1e-06 8 0.0372759 0.885585 0
1e-06 8 0.0577969 0.874781 0
1e-06 8 0.0896151 0.859582 0
1e-06 8 0.13895 0.839349 0
1e-06 8 0.215443 0.814731 0
1e-06 8 0.334048 0.789145 0
1e-06 8 0.517947 0.769973 0
1e-06 8 0.803086 0.766613 0
1e-06 8 1.2452 0.783127 0
1e-06 8 1.9307 0.813063 0
1e-06 8 2.99358 0.839632 0
1e-06 8 4.64159 0.867809 0
1e-06 8 7.19686 0.906523 0
1e-06 8 11.1588 0.916656 0
1e-06 8 17.302 0.930548 0
1e-06 8 26.827 0.938375 0
1e-06 8 41.5956 0.939472 0
1e-06 8 64.4947 0.940678 0
1e-06 8 100 0.942461 0
1e-06 8 155.052 0.943419 0
1e-06 8 240.41 0.944278 0
1e-06 8 372.759 0.945859 0
1e-06 8 577.969 0.947017 0
1e-06 8 896.151 0.947509 0
1e-06 8 1389.5 0.948421 0
1e-06 8 2154.43 0.949589 0
1e-06 8 3340.48 0.950595 0
1e-06 8 5179.47 0.951302 0
1e-06 8 8030.86 0.951782 0
1e-06 8 12452 0.95238 0
1e-06 8 19307 0.953082 0
1e-06 8 29935.8 0.953772 0
1e-06 8 46415.9 0.954428 0
1e-06 8 71968.6 0.955049 0
1e-06 8 111588 0.955738 0
1e-06 8 173020 0.956715 0
1e-06 8 268270 0.957891 0
1e-06 8 415956 0.959451 0
1e-06 8 644947 0.961576 0
1e-06 8 1e+06 0.964208 0

2.43835e-06 8 1e-06 0.907437 0
2.43835e-06 8 1.55052e-06 0.907436 0
2.43835e-06 8 2.4041e-06 0.907436 0
2.43835e-06 8 3.72759e-06 0.907435 0
2.43835e-06 8 5.77969e-06 0.907434 0
2.43835e-06 8 8.96151e-06 0.907432 0
2.43835e-06 8 1.3895e-05 0.907428 0
2.43835e-06 8 2.15443e-05 0.907424 0
2.43835e-06 8 3.34048e-05 0.907416 0
2.43835e-06 8 5.17947e-05 0.907405 0
2.43835e-06 8 8.03086e-05 0.907387 0
2.43835e-06 8 0.00012452 0.907359 0
2.43835e-06 8 0.00019307 0.907316 0
2.43835e-06 8 0.000299358 0.907249 0
2.43835e-06 8 0.000464159 0.907146 0
2.43835e-06 8 0.000719686 0.906986 0
2.43835e-06 8 0.00111588 0.906738 0
2.43835e-06 8 0.0017302 0.906355 0
2.43835e-06 8 0.0026827 0.905762 0
2.43835e-06 8 0.00415956 0.904847 0
2.43835e-06 8 0.00644947 0.903438 0
2.43835e-06 8 0.01 0.901277 0
2.43835e-06 8 0.0155052 0.897981 0
2.43835e-06 8 0.024041 0.893002 0
2.43835e-06 8 0.0372759 0.885585 0
2.43835e-06 8 0.0577969 0.874781 0
2.43835e-06 8 0.0896151 0.859582 0
2.43835e-06 8 0.13895 0.839349 0
2.43835e-06 8 0.215443 0.814731 0
2.43835e-06 8 0.334048 0.789145 0
2.43835e-06 8 0.517947 0.769973 0
2.43835e-06 8 0.803086 0.766613 0
2.43835e-06 8 1.2452 0.783127 0
2.43835e-06 8 1.9307 0.813063 0
2.43835e-06 8 2.99358 0.839632 0
2.43835e-06 8 4.64159 0.867809 0
2.43835e-06 8 7.19686 0.906523 0
2.43835e-06 8 11.1588 0.916656 0
2.43835e-06 8 17.302 0.930548 0
2.43835e-06 8 26.827 0.938375 0
2.43835e-06 8 41.5956 0.939472 0
2.43835e-06 8 64.4947 0.940678 0
2.43835e-06 8 100 0.942461 0
2.43835e-06 8 155.052 0.943419 0
2.43835e-06 8 240.41 0.944278 0
2.43835e-06 8 372.759 0.945859 0
2.43835e-06 8 577.969 0.947017 0
2.43835e-06 8 896.151 0.947509 0
2.43835e-06 8 1389.5 0.948421 0
2.43835e-06 8 2154.43 0.949589 0
2.43835e-06 8 3340.48 0.950595 0
2.43835e-06 8 5179.47 0.951302 0
2.43835e-06 8 8030.86 0.951782 0
2.43835e-06 8 12452 0.95238 0
2.43835e-06 8 19307 0.953082 0
2.43835e-06 8 29935.8 0.953772 0
2.43835e-06 8 46415.9 0.954428 0
2.43835e-06 8 71968.6 0.955049 0
2.43835e-06 8 111588 0.955738 0
2.43835e-06 8 173020 0.956715 0
2.43835e-06 8 268270 0.957891 0
2.43835e-06 8 415956 0.959451 0
2.43835e-06 8 644947 0.961576 0
2.43835e-06 8 1e+06 0.964208 0

5.94557e-06 8 1e-06 0.907436 0
5.94557e-06 8 1.55052e-06 0.907436 0
5.94557e-06 8 2.4041e-06 0.907435 0
5.94557e-06 8 3.72759e-06 0.907434 0
5.94557e-06 8 5.77969e-06 0.907433 0
5.94557e-06 8 8.96151e-06 0.907431 0
5.94557e-06 8 1.3895e-05 0.907428 0
5.94557e-06 8 2.15443e-05 0.907423 0
5.94557e-06 8 3.34048e-05 0.907416 0
5.94557e-06 8 5.17947e-05 0.907404 0
5.94557e-06 8 8.03086e-05 0.907386 0
5.94557e-06 8 0.00012452 0.907359 0
5.94557e-06 8 0.00019307 0.907316 0
5.94557e-06 8 0.000299358 0.907249 0
5.94557e-06 8 0.000464159 0.907146 0
5.94557e-06 8 0.000719686 0.906986 0
5.94557e-06 8 0.00111588 0.906738 0
5.94557e-06 8 0.0017302 0.906355 0
5.94557e-06 8 0.0026827 0.905762 0
5.94557e-06 8 0.00415956 0.904847 0
5.94557e-06 8 0.00644947 0.903438 0
5.94557e-06 8 0.01 0.901277 0
5.94557e-06 8 0.0155052 0.897981 0
5.94557e-06 8 0.024041 0.893002 0
5.94557e-06 8 0.0372759 0.885585 0
5.94557e-06 8 0.0577969 0.874781 0
5.94557e-06 8 0.0896151 0.859582 0
5.94557e-06 8 0.13895 0.839348 0
5.94557e-06 8 0.215443 0.81473 0
5.94557e-06 8 0.334048 0.789145 0
5.94557e-06 8 0.517947 0.769973 0
5.94557e-06 8 0.803086 0.766613 0
5.94557e-06 8 1.2452 0.783127 0
5.94557e-06 8 1.9307 0.813063 0
5.94557e-06 8 2.99358 0.839632 0
5.94557e-06 8 4.64159 0.867809 0
5.94557e-06 8 7.19686 0.906523 0
5.94557e-06 8 11.1588 0.916656 0
5.94557e-06 8 17.302 0.930548 0
5.94557e-06 8 26.827 0.938375 0
5.94557e-06 8 41.5956 0.939472 0
5.94557e-06 8 64.4947 0.940678 0
5.94557e-06 8 100 0.942461 0
5.94557e-06 8 155.052 0.943419 0
5.94557e-06 8 240.41 0.944278 0
5.94557e-06 8 372.759 0.945859 0
5.94557e-06 8 577.969 0.947017 0
5.94557e-06 8 896.151 0.947509 0
5.94557e-06 8 1389.5 0.948421 0
5.94557e-06 8 2154.43 0.949589 0
5.94557e-06 8 3340.48 0.950595 0
5.94557e-06 8 5179.47 0.951302 0
5.94557e-06 8 8030.86 0.951782 0
5.94557e-06 8 12452 0.95238 0
5.94557e-06 8 19307 0.953082 0
5.94557e-06 8 29935.8 0.953772 0
5.94557e-06 8 46415.9 0.954428 0
5.94557e-06 8 71968.6 0.955049 0
5.94557e-06 8 111588 0.955738 0
5.94557e-06 8 173020 0.956715 0
5.94557e-06 8 268270 0.957891 0
5.94557e-06 8 415956 0.959451 0
5.94557e-06 8 644947 0.961576 0
5.94557e-06 8 1e+06 0.964208 0

1.44974e-05 8 1e-06 0.907435 0
1.44974e-05 8 1.55052e-06 0.907435 0
1.44974e-05 8 2.4041e-06 0.907434 0
1.44974e-05 8 3.72759e-06 0.907434 0
1.44974e-05 8 5.77969e-06 0.907432 0
1.44974e-05 8 8.96151e-06 0.90743 0
1.44974e-05 8 1.3895e-05 0.907427 0
1.44974e-05 8 2.15443e-05 0.907422 0
1.44974e-05 8 3.34048e-05 0.907415 0
1.44974e-05 8 5.17947e-05 0.907403 0
1.44974e-05 8 8.03086e-05 0.907386 0
1.44974e-05 8 0.00012452 0.907358 0
1.44974e-05 8 0.00019307 0.907315 0
1.44974e-05 8 0.000299358 0.907248 0
1.44974e-05 8 0.000464159 0.907145 0
1.44974e-05 8 0.000719686 0.906985 0
1.44974e-05 8 0.00111588 0.906737 0
1.44974e-05 8 0.0017302 0.906354 0
1.44974e-05 8 0.0026827 0.905761 0
1.44974e-05 8 0.00415956 0.904846 0
1.44974e-05 8 0.00644947 0.903437 0
1.44974e-05 8 0.01 0.901276 0
1.44974e-05 8 0.0155052 0.89798 0
1.44974e-05 8 0.024041 0.893001 0
1.44974e-05 8 0.0372759 0.885584 0
1.44974e-05 8 0.0577969 0.87478 0
1.44974e-05 8 0.0896151 0.859581 0
1.44974e-05 8 0.13895 0.839348 0
1.44974e-05 8 0.215443 0.81473 0
1.44974e-05 8 0.334048 0.789144 0
1.44974e-05 8 0.517947 0.769973 0
1.44974e-05 8 0.803086 0.766613 0
1.44974e-05 8 1.2452 0.783127 0
1.44974e-05 8 1.9307 0.813063 0
1.44974e-05 8 2.99358 0.839632 0
1.44974e-05 8 4.64159 0.867809 0
1.44974e-05 8 7.19686 0.906523 0
1.44974e-05 8 11.1588 0.916656 0
1.44974e-05 8 17.302 0.930548 0
1.44974e-05 8 26.827 0.938375 0
1.44974e-05 8 41.5956 0.939472 0
1.44974e-05 8 64.4947 0.940678 0
1.44974e-05 8 100 0.942461 0
1.44974e-05 8 155.052 0.943419 0
1.44974e-05 8 240.41 0.944278 0
1.44974e-05 8 372.759 0.945859 0
1.44974e-05 8 577.969 0.947017 0
1.44974e-05 8 896.151 0.947509 0
1.44974e-05 8 1389.5 0.948421 0
1.44974e-05 8 2154.43 0.949589 0
1.44974e-05 8 3340.48 0.950595 0
1.44974e-05 8 5179.47 0.951302 0
1.44974e-05 8 8030.86 0.951782 0
1.44974e-05 8 12452 0.95238 0
1.44974e-05 8 19307 0.953082 0
1.44974e-05 8 29935.8 0.953772 0
1.44974e-05 8 46415.9 0.954428 0
1.44974e-05 8 71968.6 0.955049 0
1.44974e-05 8 111588 0.955738 0
1.44974e-05 8 173020 0.956715 0
1.44974e-05 8 268270 0.957891 0
1.44974e-05 8 415956 0.959451 0
1.44974e-05 8 644947 0.961576 0
1.44974e-05 8 1e+06 0.964208 0

3.53498e-05 8 1e-06 0.907433 0
3.53498e-05 8 1.55052e-06 0.907433 0
3.53498e-05 8 2.4041e-06 0.907432 0
3.53498e-05 8 3.72759e-06 0.907432 0
3.53498e-05 8 5.77969e-06 0.90743 0
3.53498e-05 8 8.96151e-06 0.907428 0
3.53498e-05 8 1.3895e-05 0.907425 0
3.53498e-05 8 2.15443e-05 0.90742 0
3.53498e-05 8 3.34048e-05 0.907413 0
3.53498e-05 8 5.17947e-05 0.907401 0
3.53498e-05 8 8.03086e-05 0.907384 0
3.53498e-05 8 0.00012452 0.907356 0
3.53498e-05 8 0.00019307 0.907313 0
3.53498e-05 8 0.000299358 0.907246 0
3.53498e-05 8 0.000464159 0.907143 0
3.53498e-05 8 0.000719686 0.906983 0
3.53498e-05 8 0.00111588 0.906735 0
3.53498e-05 8 0.0017302 0.906352 0
3.53498e-05 8 0.0026827 0.905759 0
3.53498e-05 8 0.00415956 0.904844 0
3.53498e-05 8 0.00644947 0.903435 0
3.53498e-05 8 0.01 0.901274 0
3.53498e-05 8 0.0155052 0.897978 0
3.53498e-05 8 0.024041 0.892999 0
3.53498e-05 8 0.0372759 0.885583 0
3.53498e-05 8 0.0577969 0.874779 0
3.53498e-05 8 0.0896151 0.85958 0
3.53498e-05 8 0.13895 0.839347 0
3.53498e-05 8 0.215443 0.814729 0
3.53498e-05 8 0.334048 0.789144 0
3.53498e-05 8 0.517947 0.769972 0
3.53498e-05 8 0.803086 0.766613 0
3.53498e-05 8 1.2452 0.783127 0
3.53498e-05 8 1.9307 0.813063 0
3.53498e-05 8 2.99358 0.839632 0
3.53498e-05 8 4.64159 0.867809 0
3.53498e-05 8 7.19686 0.906523 0
3.53498e-05 8 11.1588 0.916656 0
3.53498e-05 8 17.302 0.930548 0
3.53498e-05 8 26.827 0.938375 0
3.53498e-05 8 41.5956 0.939472 0
3.53498e-05 8 64.4947 0.940678 0
3.53498e-05 8 100 0.942461 0
3.53498e-05 8 155.052 0.943419 0
3.53498e-05 8 240.41 0.944278 0
3.53498e-05 8 372.759 0.945859 0
3.53498e-05 8 577.969 0.947017 0
3.53498e-05 8 896.151 0.947509 0
3.53498e-05 8 1389.5 0.948421 0
3.53498e-05 8 2154.43 0.949589 0
3.53498e-05 8 3340.48 0.950595 0
3.53498e-05 8 5179.47 0.951302 0
3.53498e-05 8 8030.86 0.951782 0
3.53498e-05 8 12452 0.95238 0
3.53498e-05 8 19307 0.953082 0
3.53498e-05 8 29935.8 0.953772 0
3.53498e-05 8 46415.9 0.954428 0
3.53498e-05 8 71968.6 0.955049 0
3.53498e-05 8 111588 0.955738 0
3.53498e-05 8 173020 0.956715 0
3.53498e-05 8 268270 0.957891 0
3.53498e-05 8 415956 0.959451 0
3.53498e-05 8 644947 0.961576 0
3.53498e-05 8 1e+06 0.964208 0

8.61954e-05 8 1e-06 0.907428 0
8.61954e-05 8 1.55052e-06 0.907428 0
8.61954e-05 8 2.4041e-06 0.907427 0
8.61954e-05 8 3.72759e-06 0.907427 0
8.61954e-05 8 5.77969e-06 0.907425 0
8.61954e-05 8 8.96151e-06 0.907423 0
8.61954e-05 8 1.3895e-05 0.90742 0
8.61954e-05 8 2.15443e-05 0.907415 0
8.61954e-05 8 3.34048e-05 0.907408 0
8.61954e-05 8 5.17947e-05 0.907396 0
8.61954e-05 8 8.03086e-05 0.907379 0
8.61954e-05 8 0.00012452 0.907351 0
8.61954e-05 8 0.00019307 0.907308 0
8.61954e-05 8 0.000299358 0.907241 0
8.61954e-05 8 0.000464159 0.907138 0
8.61954e-05 8 0.000719686 0.906978 0
8.61954e-05 8 0.00111588 0.90673 0
8.61954e-05 8 0.0017302 0.906347 0
8.61954e-05 8 0.0026827 0.905754 0
8.61954e-05 8 0.00415956 0.904839 0
8.61954e-05 8 0.00644947 0.90343 0
8.61954e-05 8 0.01 0.901269 0
8.61954e-05 8 0.0155052 0.897974 0
8.61954e-05 8 0.024041 0.892995 0
8.61954e-05 8 0.0372759 0.885578 0
8.61954e-05 8 0.0577969 0.874775 0
8.61954e-05 8 0.0896151 0.859576 0
8.61954e-05 8 0.13895 0.839344 0
8.61954e-05 8 0.215443 0.814727 0
8.61954e-05 8 0.334048 0.789143 0
8.61954e-05 8 0.517947 0.769972 0
8.61954e-05 8 0.803086 0.766613 0
8.61954e-05 8 1.2452 0.783127 0
8.61954e-05 8 1.9307 0.813063 0
8.61954e-05 8 2.99358 0.839632 0
8.61954e-05 8 4.64159 0.86781 0
8.61954e-05 8 7.19686 0.906523 0
8.61954e-05 8 11.1588 0.916656 0
8.61954e-05 8 17.302 0.930548 0
8.61954e-05 8 26.827 0.938375 0
8.61954e-05 8 41.5956 0.939472 0
8.61954e-05 8 64.4947 0.940678 0
8.61954e-05 8 100 0.942461 0
8.61954e-05 8 155.052 0.943419 0
8.61954e-05 8 240.41 0.944278 0
8.61954e-05 8 372.759 0.945859 0
8.61954e-05 8 577.969 0.947017 0
8.61954e-05 8 896.151 0.947509 0
8.61954e-05 8 1389.5 0.948421 0
8.61954e-05 8 2154.43 0.949589 0
8.61954e-05 8 3340.48 0.950595 0
8.61954e-05 8 5179.47 0.951302 0
8.61954e-05 8 8030.86 0.951782 0
8.61954e-05 8 12452 0.95238 0
8.61954e-05 8 19307 0.953082 0
8.61954e-05 8 29935.8 0.953772 0
8.61954e-05 8 46415.9 0.954428 0
8.61954e-05 8 71968.6 0.955049 0
8.61954e-05 8 111588 0.955738 0
8.61954e-05 8 173020 0.956715 0
8.61954e-05 8 268270 0.957891 0
8.61954e-05 8 415956 0.959451 0
8.61954e-05 8 644947 0.961576 0
8.61954e-05 8 1e+06 0.964208 0

0.000210175 8 1e-06 0.907416 0
0.000210175 8 1.55052e-06 0.907416 0
0.000210175 8 2.4041e-06 0.907415 0
0.000210175 8 3.72759e-06 0.907414 0
0.000210175 8 5.77969e-06 0.907413 0
0.000210175 8 8.96151e-06 0.907411 0
0.000210175 8 1.3895e-05 0.907408 0
0.000210175 8 2.15443e-05 0.907403 0
0.000210175 8 3.34048e-05 0.907396 0
0.000210175 8 5.17947e-05 0.907384 0
0.000210175 8 8.03086e-05 0.907366 0
0.000210175 8 0.00012452 0.907339 0
0.000210175 8 0.00019307 0.907296 0
0.000210175 8 0.000299358 0.907229 0
0.000210175 8 0.000464159 0.907126 0
0.000210175 8 0.000719686 0.906966 0
0.000210175 8 0.00111588 0.906718 0
0.000210175 8 0.0017302 0.906335 0
0.000210175 8 0.0026827 0.905742 0
0.000210175 8 0.00415956 0.904827 0
0.000210175 8 0.00644947 0.903418 0
0.000210175 8 0.01 0.901257 0
0.000210175 8 0.0155052 0.897962 0
0.000210175 8 0.024041 0.892984 0
0.000210175 8 0.0372759 0.885568 0
0.000210175 8 0.0577969 0.874765 0
0.000210175 8 0.0896151 0.859568 0
0.000210175 8 0.13895 0.839337 0
0.000210175 8 0.215443 0.814723 0
0.000210175 8 0.334048 0.78914 0
0.000210175 8 0.517947 0.769971 0
0.000210175 8 0.803086 0.766613 0
0.000210175 8 1.2452 0.783128 0
0.000210175 8 1.9307 0.813064 0
0.000210175 8 2.99358 0.839632 0
0.000210175 8 4.64159 0.86781 0
0.000210175 8 7.19686 0.906523 0
0.000210175 8 11.1588 0.916656 0
0.000210175 8 17.302 0.930548 0
0.000210175 8 26.827 0.938375 0
0.000210175 8 41.5956 0.939472 0
0.000210175 8 64.4947 0.940678 0
0.000210175 8 100 0.942461 0
0.000210175 8 155.052 0.943419 0
0.000210175 8 240.41 0.944278 0
0.000210175 8 372.759 0.945859 0
0.000210175 8 577.969 0.947017 0
0.000210175 8 896.151 0.947509 0
0.000210175 8 1389.5 0.948421 0
0.000210175 8 2154.43 0.949589 0
0.000210175 8 3340.48 0.950595 0
0.000210175 8 5179.47 0.951302 0
0.000210175 8 8030.86 0.951782 0
0.000210175 8 12452 0.95238 0
0.000210175 8 19307 0.953082 0
0.000210175 8 29935.8 0.953772 0
0.000210175 8 46415.9 0.954428 0
0.000210175 8 71968.6 0.955049 0
0.000210175 8 111588 0.955738 0
0.000210175 8 173020 0.956715 0
0.000210175 8 268270 0.957891 0
0.000210175 8 415956 0.959451 0
0.000210175 8 644947 0.961576 0
0.000210175 8 1e+06 0.964208 0

0.000512481 8 1e-06 0.907387 0
0.000512481 8 1.55052e-06 0.907386 0
0.000512481 8 2.4041e-06 0.907386 0
0.000512481 8 3.72759e-06 0.907385 0
0.000512481 8 5.77969e-06 0.907384 0
0.000512481 8 8.96151e-06 0.907382 0
0.000512481 8 1.3895e-05 0.907379 0
0.000512481 8 2.15443e-05 0.907374 0
0.000512481 8 3.34048e-05 0.907366 0
0.000512481 8 5.17947e-05 0.907355 0
0.000512481 8 8.03086e-05 0.907337 0
0.000512481 8 0.00012452 0.907309 0
0.000512481 8 0.00019307 0.907266 0
0.000512481 8 0.000299358 0.9072 0
0.000512481 8 0.000464159 0.907096 0
0.000512481 8 0.000719686 0.906936 0
0.000512481 8 0.00111588 0.906689 0
0.000512481 8 0.0017302 0.906305 0
0.000512481 8 0.0026827 0.905713 0
0.000512481 8 0.00415956 0.904798 0
0.000512481 8 0.00644947 0.90339 0
0.000512481 8 0.01 0.901229 0
0.000512481 8 0.0155052 0.897935 0
0.000512481 8 0.024041 0.892957 0
0.000512481 8 0.0372759 0.885543 0
0.000512481 8 0.0577969 0.874742 0
0.000512481 8 0.0896151 0.859548 0
0.000512481 8 0.13895 0.839321 0
0.000512481 8 0.215443 0.814711 0
0.000512481 8 0.334048 0.789134 0
0.000512481 8 0.517947 0.769969 0
0.000512481 8 0.803086 0.766614 0
0.000512481 8 1.2452 0.78313 0
0.000512481 8 1.9307 0.813065 0
0.000512481 8 2.99358 0.839633 0
0.000512481 8 4.64159 0.86781 0
0.000512481 8 7.19686 0.906523 0
0.000512481 8 11.1588 0.916656 0
0.000512481 8 17.302 0.930548 0
0.000512481 8 26.827 0.938375 0
0.000512481 8 41.5956 0.939472 0
0.000512481 8 64.4947 0.940678 0
0.000512481 8 100 0.942461 0
0.000512481 8 155.052 0.943419 0
0.000512481 8 240.41 0.944278 0
0.000512481 8 372.759 0.945859 0
0.000512481 8 577.969 0.947017 0
0.000512481 8 896.151 0.947509 0
0.000512481 8 1389.5 0.948421 0
0.000512481 8 2154.43 0.949589 0
0.000512481 8 3340.48 0.950595 0
0.000512481 8 5179.47 0.951302 0
0.000512481 8 8030.86 0.951782 0
0.000512481 8 12452 0.95238 0
0.000512481 8 19307 0.953082 0
0.000512481 8 29935.8 0.953772 0
0.000512481 8 46415.9 0.954428 0
0.000512481 8 71968.6 0.955049 0
0.000512481 8 111588 0.955738 0
0.000512481 8 173020 0.956715 0
0.000512481 8 268270 0.957891 0
0.000512481 8 415956 0.959451 0
0.000512481 8 644947 0.961576 0
0.000512481 8 1e+06 0.964208 0

0.00124961 8 1e-06 0.907315 0
0.00124961 8 1.55052e-06 0.907314 0
0.00124961 8 2.4041e-06 0.907314 0
0.00124961 8 3.72759e-06 0.907313 0
0.00124961 8 5.77969e-06 0.907312 0
0.00124961 8 8.96151e-06 0.90731 0
0.00124961 8 1.3895e-05 0.907306 0
0.00124961 8 2.15443e-05 0.907302 0
0.00124961 8 3.34048e-05 0.907294 0
0.00124961 8 5.17947e-05 0.907283 0
0.00124961 8 8.03086e-05 0.907265 0
0.00124961 8 0.00012452 0.907237 0
0.00124961 8 0.00019307 0.907194 0
0.00124961 8 0.000299358 0.907128 0
0.00124961 8 0.000464159 0.907024 0
0.00124961 8 0.000719686 0.906865 0
0.00124961 8 0.00111588 0.906617 0
0.00124961 8 0.0017302 0.906234 0
0.00124961 8 0.0026827 0.905642 0
0.00124961 8 0.00415956 0.904727 0
0.00124961 8 0.00644947 0.90332 0
0.00124961 8 0.01 0.90116 0
0.00124961 8 0.0155052 0.897867 0
0.00124961 8 0.024041 0.892892 0
0.00124961 8 0.0372759 0.885481 0
0.00124961 8 0.0577969 0.874685 0
0.00124961 8 0.0896151 0.859498 0
0.00124961 8 0.13895 0.839281 0
0.00124961 8 0.215443 0.814683 0
0.00124961 8 0.334048 0.789118 0
0.00124961 8 0.517947 0.769964 0
0.00124961 8 0.803086 0.766616 0
0.00124961 8 1.2452 0.783134 0
0.00124961 8 1.9307 0.813069 0
0.00124961 8 2.99358 0.839635 0
0.00124961 8 4.64159 0.867811 0
0.00124961 8 7.19686 0.906523 0
0.00124961 8 11.1588 0.916656 0
0.00124961 8 17.302 0.930548 0
0.00124961 8 26.827 0.938375 0
0.00124961 8 41.5956 0.939472 0
0.00124961 8 64.4947 0.940678 0
0.00124961 8 100 0.942461 0
0.00124961 8 155.052 0.943419 0
0.00124961 8 240.41 0.944278 0
0.00124961 8 372.759 0.945859 0
0.00124961 8 577.969 0.947017 0
0.00124961 8 896.151 0.947509 0
0.00124961 8 1389.5 0.948421 0
0.00124961 8 2154.43 0.949589 0
0.00124961 8 3340.48 0.950595 0
0.00124961 8 5179.47 0.951302 0
0.00124961 8 8030.86 0.951782 0
0.00124961 8 12452 0.95238 0
0.00124961 8 19307 0.953082 0
0.00124961 8 29935.8 0.953772 0
0.00124961 8 46415.9 0.954428 0
0.00124961 8 71968.6 0.955049 0
0.00124961 8 111588 0.955738 0
0.00124961 8 173020 0.956715 0
0.00124961 8 268270 0.957891 0
0.00124961 8 415956 0.959451 0
0.00124961 8 644947 0.961576 0
0.00124961 8 1e+06 0.964208 0

0.00304699 8 1e-06 0.907139 0
0.00304699 8 1.55052e-06 0.907139 0
0.00304699 8 2.4041e-06 0.907138 0
0.00304699 8 3.72759e-06 0.907137 0
0.00304699 8 5.77969e-06 0.907136 0
0.00304699 8 8.96151e-06 0.907134 0
0.00304699 8 1.3895e-05 0.907131 0
0.00304699 8 2.15443e-05 0.907126 0
0.00304699 8 3.34048e-05 0.907119 0
0.00304699 8 5.17947e-05 0.907107 0
0.00304699 8 8.03086e-05 0.907089 0
0.00304699 8 0.00012452 0.907062 0
0.00304699 8 0.00019307 0.907019 0
0.00304699 8 0.000299358 0.906952 0
0.00304699 8 0.000464159 0.906849 0
0.00304699 8 0.000719686 0.906689 0
0.00304699 8 0.00111588 0.906442 0
0.00304699 8 0.0017302 0.90606 0
0.00304699 8 0.0026827 0.905468 0
0.00304699 8 0.00415956 0.904555 0
0.00304699 8 0.00644947 0.903149 0
0.00304699 8 0.01 0.900992 0
0.00304699 8 0.0155052 0.897702 0
0.00304699 8 0.024041 0.892733 0
0.00304699 8 0.0372759 0.885331 0
0.00304699 8 0.0577969 0.874548 0
0.00304699 8 0.0896151 0.859378 0
0.00304699 8 0.13895 0.839184 0
0.00304699 8 0.215443 0.814614 0
0.00304699 8 0.334048 0.789079 0
0.00304699 8 0.517947 0.769952 0
0.00304699 8 0.803086 0.76662 0
0.00304699 8 1.2452 0.783145 0
0.00304699 8 1.9307 0.813078 0
0.00304699 8 2.99358 0.83964 0
0.00304699 8 4.64159 0.867814 0
0.00304699 8 7.19686 0.906523 0
0.00304699 8 11.1588 0.916656 0
0.00304699 8 17.302 0.930548 0
0.00304699 8 26.827 0.938374 0
0.00304699 8 41.5956 0.939472 0
0.00304699 8 64.4947 0.940678 0
0.00304699 8 100 0.942461 0
0.00304699 8 155.052 0.943419 0
0.00304699 8 240.41 0.944278 0
0.00304699 8 372.759 0.945859 0
0.00304699 8 577.969 0.947017 0
0.00304699 8 896.151 0.947509 0
0.00304699 8 1389.5 0.948421 0
0.00304699 8 2154.43 0.949589 0
0.00304699 8 3340.48 0.950595 0
0.00304699 8 5179.47 0.951302 0
0.00304699 8 8030.86 0.951782 0
0.00304699 8 12452 0.95238 0
0.00304699 8 19307 0.953082 0
0.00304699 8 29935.8 0.953772 0
0.00304699 8 46415.9 0.954428 0
0.00304699 8 71968.6 0.955049 0
0.00304699 8 111588 0.955738 0
0.00304699 8 173020 0.956715 0
0.00304699 8 268270 0.957891 0
0.00304699 8 415956 0.959451 0
0.00304699 8 644947 0.961576 0
0.00304699 8 1e+06 0.964208 0

0.00742964 8 1e-06 0.906711 0
0.00742964 8 1.55052e-06 0.906711 0
0.00742964 8 2.4041e-06 0.90671 0
0.00742964 8 3.72759e-06 0.906709 0
0.00742964 8 5.77969e-06 0.906708 0
0.00742964 8 8.96151e-06 0.906706 0
0.00742964 8 1.3895e-05 0.906703 0
0.00742964 8 2.15443e-05 0.906698 0
0.00742964 8 3.34048e-05 0.906691 0
0.00742964 8 5.17947e-05 0.906679 0
0.00742964 8 8.03086e-05 0.906662 0
0.00742964 8 0.00012452 0.906634 0
0.00742964 8 0.00019307 0.906591 0
0.00742964 8 0.000299358 0.906525 0
0.00742964 8 0.000464159 0.906422 0
0.00742964 8 0.000719686 0.906263 0
0.00742964 8 0.00111588 0.906016 0
0.00742964 8 0.0017302 0.905635 0
0.00742964 8 0.0026827 0.905045 0
0.00742964 8 0.00415956 0.904134 0
0.00742964 8 0.00644947 0.902732 0
0.00742964 8 0.01 0.900581 0
0.00742964 8 0.0155052 0.897301 0
0.00742964 8 0.024041 0.892346 0
0.00742964 8 0.0372759 0.884965 0
0.00742964 8 0.0577969 0.874212 0
0.00742964 8 0.0896151 0.859085 0
0.00742964 8 0.13895 0.838948 0
0.00742964 8 0.215443 0.814447 0
0.00742964 8 0.334048 0.788985 0
0.00742964 8 0.517947 0.769922 0
0.00742964 8 0.803086 0.766631 0
0.00742964 8 1.2452 0.783171 0
0.00742964 8 1.9307 0.8131 0
0.00742964 8 2.99358 0.839653 0
0.00742964 8 4.64159 0.86782 0
0.00742964 8 7.19686 0.906524 0
0.00742964 8 11.1588 0.916656 0
0.00742964 8 17.302 0.930547 0
0.00742964 8 26.827 0.938374 0
0.00742964 8 41.5956 0.939472 0
0.00742964 8 64.4947 0.940677 0
0.00742964 8 100 0.942461 0
0.00742964 8 155.052 0.943418 0
0.00742964 8 240.41 0.944278 0
0.00742964 8 372.759 0.945859 0
0.00742964 8 577.969 0.947017 0
0.00742964 8 896.151 0.947509 0
0.00742964 8 1389.5 0.948421 0
0.00742964 8 2154.43 0.949589 0
0.00742964 8 3340.48 0.950595 0
0.00742964 8 5179.47 0.951302 0
0.00742964 8 8030.86 0.951782 0
0.00742964 8 12452 0.95238 0
0.00742964 8 19307 0.953082 0
0.00742964 8 29935.8 0.953772 0
0.00742964 8 46415.9 0.954428 0
0.00742964 8 71968.6 0.955049 0
0.00742964 8 111588 0.955738 0
0.00742964 8 173020 0.956715 0
0.00742964 8 268270 0.957891 0
0.00742964 8 415956 0.959451 0
0.00742964 8 644947 0.961576 0
0.00742964 8 1e+06 0.964208 0

0.0181161 8 1e-06 0.90567 0
0.0181161 8 1.55052e-06 0.90567 0
0.0181161 8 2.4041e-06 0.905669 0
0.0181161 8 3.72759e-06 0.905668 0
0.0181161 8 5.77969e-06 0.905667 0
0.0181161 8 8.96151e-06 0.905665 0
0.0181161 8 1.3895e-05 0.905662 0
0.0181161 8 2.15443e-05 0.905657 0
0.0181161 8 3.34048e-05 0.90565 0
0.0181161 8 5.17947e-05 0.905639 0
0.0181161 8 8.03086e-05 0.905621 0
0.0181161 8 0.00012452 0.905594 0
0.0181161 8 0.00019307 0.905551 0
0.0181161 8 0.000299358 0.905485 0
0.0181161 8 0.000464159 0.905383 0
0.0181161 8 0.000719686 0.905225 0
0.0181161 8 0.00111588 0.90498 0
0.0181161 8 0.0017302 0.904601 0
0.0181161 8 0.0026827 0.904015 0
0.0181161 8 0.00415956 0.903111 0
0.0181161 8 0.00644947 0.901719 0
0.0181161 8 0.01 0.899583 0
0.0181161 8 0.0155052 0.896326 0
0.0181161 8 0.024041 0.891404 0
0.0181161 8 0.0372759 0.884074 0
0.0181161 8 0.0577969 0.873396 0
0.0181161 8 0.0896151 0.858373 0
0.0181161 8 0.13895 0.838373 0
0.0181161 8 0.215443 0.814039 0
0.0181161 8 0.334048 0.788757 0
0.0181161 8 0.517947 0.769848 0
0.0181161 8 0.803086 0.766657 0
0.0181161 8 1.2452 0.783234 0
0.0181161 8 1.9307 0.813152 0
0.0181161 8 2.99358 0.839683 0
0.0181161 8 4.64159 0.867835 0
0.0181161 8 7.19686 0.906527 0
0.0181161 8 11.1588 0.916657 0
0.0181161 8 17.302 0.930546 0
0.0181161 8 26.827 0.938373 0
0.0181161 8 41.5956 0.939471 0
0.0181161 8 64.4947 0.940677 0
0.0181161 8 100 0.94246 0
0.0181161 8 155.052 0.943418 0
0.0181161 8 240.41 0.944278 0
0.0181161 8 372.759 0.945859 0
0.0181161 8 577.969 0.947017 0
0.0181161 8 896.151 0.947509 0
0.0181161 8 1389.5 0.948421 0
0.0181161 8 2154.43 0.949589 0
0.0181161 8 3340.48 0.950595 0
0.0181161 8 5179.47 0.951302 0
0.0181161 8 8030.86 0.951782 0
0.0181161 8 12452 0.95238 0
0.0181161 8 19307 0.953082 0
0.0181161 8 29935.8 0.953772 0
0.0181161 8 46415.9 0.954428 0
0.0181161 8 71968.6 0.955049 0
0.0181161 8 111588 0.955738 0
0.0181161 8 173020 0.956715 0
0.0181161 8 268270 0.957891 0
0.0181161 8 415956 0.959451 0
0.0181161 8 644947 0.961576 0
0.0181161 8 1e+06 0.964208 0

0.0441734 8 1e-06 0.903152 0
0.0441734 8 1.55052e-06 0.903151 0
0.0441734 8 2.4041e-06 0.903151 0
0.0441734 8 3.72759e-06 0.90315 0
0.0441734 8 5.77969e-06 0.903149 0
0.0441734 8 8.96151e-06 0.903147 0
0.0441734 8 1.3895e-05 0.903144 0
0.0441734 8 2.15443e-05 0.903139 0
0.0441734 8 3.34048e-05 0.903132 0
0.0441734 8 5.17947e-05 0.903121 0
0.0441734 8 8.03086e-05 0.903103 0
0.0441734 8 0.00012452 0.903077 0
0.0441734 8 0.00019307 0.903035 0
0.0441734 8 0.000299358 0.90297 0
0.0441734 8 0.000464159 0.90287 0
0.0441734 8 0.000719686 0.902714 0
0.0441734 8 0.00111588 0.902474 0
0.0441734 8 0.0017302 0.902101 0
0.0441734 8 0.0026827 0.901525 0
0.0441734 8 0.00415956 0.900636 0
0.0441734 8 0.00644947 0.899267 0
0.0441734 8 0.01 0.897167 0
0.0441734 8 0.0155052 0.893965 0
0.0441734 8 0.024041 0.889126 0
0.0441734 8 0.0372759 0.881919 0
0.0441734 8 0.0577969 0.871419 0
0.0441734 8 0.0896151 0.856647 0
0.0441734 8 0.13895 0.83698 0
0.0441734 8 0.215443 0.813051 0
0.0441734 8 0.334048 0.788201 0
0.0441734 8 0.517947 0.76967 0
0.0441734 8 0.803086 0.76672 0
0.0441734 8 1.2452 0.783387 0
0.0441734 8 1.9307 0.813281 0
0.0441734 8 2.99358 0.839758 0
0.0441734 8 4.64159 0.867873 0
0.0441734 8 7.19686 0.906533 0
0.0441734 8 11.1588 0.916658 0
0.0441734 8 17.302 0.930544 0
0.0441734 8 26.827 0.93837 0
0.0441734 8 41.5956 0.939469 0
0.0441734 8 64.4947 0.940676 0
0.0441734 8 100 0.94246 0
0.0441734 8 155.052 0.943418 0
0.0441734 8 240.41 0.944277 0
0.0441734 8 372.759 0.945859 0
0.0441734 8 577.969 0.947017 0
0.0441734 8 896.151 0.947509 0
0.0441734 8 1389.5 0.948421 0
0.0441734 8 2154.43 0.949589 0
0.0441734 8 3340.48 0.950595 0
0.0441734 8 5179.47 0.951302 0
0.0441734 8 8030.86 0.951782 0
0.0441734 8 12452 0.95238 0
0.0441734 8 19307 0.953082 0
0.0441734 8 29935.8 0.953772 0
0.0441734 8 46415.9 0.954428 0
0.0441734 8 71968.6 0.955049 0
0.0441734 8 111588 0.955738 0
0.0441734 8 173020 0.956715 0
0.0441734 8 268270 0.957891 0
0.0441734 8 415956 0.959451 0
0.0441734 8 644947 0.961576 0
0.0441734 8 1e+06 0.964208 0

0.107711 8 1e-06 0.897088 0
0.107711 8 1.55052e-06 0.897088 0
0.107711 8 2.4041e-06 0.897087 0
0.107711 8 3.72759e-06 0.897086 0
0.107711 8 5.77969e-06 0.897085 0
0.107711 8 8.96151e-06 0.897083 0
0.107711 8 1.3895e-05 0.89708 0
0.107711 8 2.15443e-05 0.897076 0
0.107711 8 3.34048e-05 0.897069 0
0.107711 8 5.17947e-05 0.897058 0
0.107711 8 8.03086e-05 0.897042 0
0.107711 8 0.00012452 0.897016 0
0.107711 8 0.00019307 0.896976 0
0.107711 8 0.000299358 0.896914 0
0.107711 8 0.000464159 0.896817 0
0.107711 8 0.000719686 0.896668 0
0.107711 8 0.00111588 0.896438 0
0.107711 8 0.0017302 0.89608 0
0.107711 8 0.0026827 0.895528 0
0.107711 8 0.00415956 0.894675 0
0.107711 8 0.00644947 0.893362 0
0.107711 8 0.01 0.891348 0
0.107711 8 0.0155052 0.888277 0
0.107711 8 0.024041 0.883636 0
0.107711 8 0.0372759 0.876723 0
0.107711 8 0.0577969 0.866651 0
0.107711 8 0.0896151 0.852479 0
0.107711 8 0.13895 0.83361 0
0.107711 8 0.215443 0.810656 0
0.107711 8 0.334048 0.786849 0
0.107711 8 0.517947 0.769231 0
0.107711 8 0.803086 0.766872 0
0.107711 8 1.2452 0.78376 0
0.107711 8 1.9307 0.813594 0
0.107711 8 2.99358 0.839939 0
0.107711 8 4.64159 0.867964 0
0.107711 8 7.19686 0.906547 0
0.107711 8 11.1588 0.916661 0
0.107711 8 17.302 0.930537 0
0.107711 8 26.827 0.938363 0
0.107711 8 41.5956 0.939465 0
0.107711 8 64.4947 0.940673 0
0.107711 8 100 0.942458 0
0.107711 8 155.052 0.943417 0
0.107711 8 240.41 0.944277 0
0.107711 8 372.759 0.945859 0
0.107711 8 577.969 0.947017 0
0.107711 8 896.151 0.947509 0
0.107711 8 1389.5 0.948421 0
0.107711 8 2154.43 0.949589 0
0.107711 8 3340.48 0.950595 0
0.107711 8 5179.47 0.951302 0
0.107711 8 8030.86 0.951782 0
0.107711 8 12452 0.95238 0
0.107711 8 19307 0.953082 0
0.107711 8 29935.8 0.953772 0
0.107711 8 46415.9 0.954428 0
0.107711 8 71968.6 0.955049 0
0.107711 8 111588 0.955738 0
0.107711 8 173020 0.956715 0
0.107711 8 268270 0.957891 0
0.107711 8 415956 0.959451 0
0.107711 8 644947 0.961576 0
0.107711 8 1e+06 0.964208 0

0.262636 8 1e-06 0.882899 0
0.262636 8 1.55052e-06 0.882899 0
0.262636 8 2.4041e-06 0.882898 0
0.262636 8 3.72759e-06 0.882898 0
0.262636 8 5.77969e-06 0.882897 0
0.262636 8 8.96151e-06 0.882895 0
0.262636 8 1.3895e-05 0.882892 0
0.262636 8 2.15443e-05 0.882888 0
0.262636 8 3.34048e-05 0.882882 0
0.262636 8 5.17947e-05 0.882872 0
0.262636 8 8.03086e-05 0.882857 0
0.262636 8 0.00012452 0.882834 0
0.262636 8 0.00019307 0.882798 0
0.262636 8 0.000299358 0.882742 0
0.262636 8 0.000464159 0.882655 0
0.262636 8 0.000719686 0.882521 0
0.262636 8 0.00111588 0.882313 0
0.262636 8 0.0017302 0.881991 0
0.262636 8 0.0026827 0.881493 0
0.262636 8 0.00415956 0.880724 0
0.262636 8 0.00644947 0.879541 0
0.262636 8 0.01 0.877725 0
0.262636 8 0.0155052 0.874957 0
0.262636 8 0.024041 0.870773 0
0.262636 8 0.0372759 0.864541 0
0.262636 8 0.0577969 0.85546 0
0.262636 8 0.0896151 0.842681 0
0.262636 8 0.13895 0.825668 0
0.262636 8 0.215443 0.80499 0
0.262636 8 0.334048 0.783637 0
0.262636 8 0.517947 0.768187 0
0.262636 8 0.803086 0.767244 0
0.262636 8 1.2452 0.784667 0
0.262636 8 1.9307 0.814353 0
0.262636 8 2.99358 0.840378 0
0.262636 8 4.64159 0.868184 0
0.262636 8 7.19686 0.906583 0
0.262636 8 11.1588 0.91667 0
0.262636 8 17.302 0.930521 0
0.262636 8 26.827 0.938347 0
0.262636 8 41.5956 0.939455 0
0.262636 8 64.4947 0.940667 0
0.262636 8 100 0.942454 0
0.262636 8 155.052 0.943415 0
0.262636 8 240.41 0.944276 0
0.262636 8 372.759 0.945858 0
0.262636 8 577.969 0.947016 0
0.262636 8 896.151 0.947509 0
0.262636 8 1389.5 0.948421 0
0.262636 8 2154.43 0.949589 0
0.262636 8 3340.48 0.950595 0
0.262636 8 5179.47 0.951302 0
0.262636 8 8030.86 0.951782 0
0.262636 8 12452 0.95238 0
0.262636 8 19307 0.953082 0
0.262636 8 29935.8 0.953772 0
0.262636 8 46415.9 0.954428 0
0.262636 8 71968.6 0.955049 0
0.262636 8 111588 0.955738 0
0.262636 8 173020 0.956715 0
0.262636 8 268270 0.957891 0
0.262636 8 415956 0.959451 0
0.262636 8 644947 0.961576 0
0.262636 8 1e+06 0.964208 0

0.6404 8 1e-06 0.852082 0
0.6404 8 1.55052e-06 0.852081 0
0.6404 8 2.4041e-06 0.852081 0
0.6404 8 3.72759e-06 0.852081 0
0.6404 8 5.77969e-06 0.85208 0
0.6404 8 8.96151e-06 0.852078 0
0.6404 8 1.3895e-05 0.852076 0
0.6404 8 2.15443e-05 0.852073 0
0.6404 8 3.34048e-05 0.852069 0
0.6404 8 5.17947e-05 0.852061 0
0.6404 8 8.03086e-05 0.85205 0
0.6404 8 0.00012452 0.852032 0
0.6404 8 0.00019307 0.852004 0
0.6404 8 0.000299358 0.851961 0
0.6404 8 0.000464159 0.851895 0
0.6404 8 0.000719686 0.851792 0
0.6404 8 0.00111588 0.851632 0
0.6404 8 0.0017302 0.851385 0
0.6404 8 0.0026827 0.851003 0
0.6404 8 0.00415956 0.850414 0
0.6404 8 0.00644947 0.849506 0
0.6404 8 0.01 0.848114 0
0.6404 8 0.0155052 0.845991 0
0.6404 8 0.024041 0.842783 0
0.6404 8 0.0372759 0.838005 0
0.6404 8 0.0577969 0.831046 0
0.6404 8 0.0896151 0.821261 0
0.6404 8 0.13895 0.808256 0
0.6404 8 0.215443 0.79253 0
0.6404 8 0.334048 0.776573 0
0.6404 8 0.517947 0.765965 0
0.6404 8 0.803086 0.76824 0
0.6404 8 1.2452 0.786876 0
0.6404 8 1.9307 0.81618 0
0.6404 8 2.99358 0.841434 0
0.6404 8 4.64159 0.868712 0
0.6404 8 7.19686 0.906671 0
0.6404 8 11.1588 0.916691 0
0.6404 8 17.302 0.930484 0
0.6404 8 26.827 0.938307 0
0.6404 8 41.5956 0.939431 0
0.6404 8 64.4947 0.940653 0
0.6404 8 100 0.942445 0
0.6404 8 155.052 0.943409 0
0.6404 8 240.41 0.944272 0
0.6404 8 372.759 0.945856 0
0.6404 8 577.969 0.947015 0
0.6404 8 896.151 0.947508 0
0.6404 8 1389.5 0.94842 0
0.6404 8 2154.43 0.949588 0
0.6404 8 3340.48 0.950594 0
0.6404 8 5179.47 0.951302 0
0.6404 8 8030.86 0.951782 0
0.6404 8 12452 0.95238 0
0.6404 8 19307 0.953082 0
0.6404 8 29935.8 0.953772 0
0.6404 8 46415.9 0.954428 0
0.6404 8 71968.6 0.955049 0
0.6404 8 111588 0.955738 0
0.6404 8 173020 0.956715 0
0.6404 8 268270 0.957891 0
0.6404 8 415956 0.959451 0
0.6404 8 644947 0.961576 0
0.6404 8 1e+06 0.964208 0

1.56152 8 1e-06 0.798989 0
1.56152 8 1.55052e-06 0.798989 0
1.56152 8 2.4041e-06 0.798989 0
1.56152 8 3.72759e-06 0.798988 0
1.56152 8 5.77969e-06 0.798988 0
1.56152 8 8.96151e-06 0.798987 0
1.56152 8 1.3895e-05 0.798986 0
1.56152 8 2.15443e-05 0.798985 0
1.56152 8 3.34048e-05 0.798983 0
1.56152 8 5.17947e-05 0.798979 0
1.56152 8 8.03086e-05 0.798974 0
1.56152 8 0.00012452 0.798965 0
1.56152 8 0.00019307 0.798952 0
1.56152 8 0.000299358 0.798932 0
1.56152 8 0.000464159 0.7989 0
1.56152 8 0.000719686 0.798851 0
1.56152 8 0.00111588 0.798776 0
1.56152 8 0.0017302 0.798658 0
1.56152 8 0.0026827 0.798477 0
1.56152 8 0.00415956 0.798198 0
1.56152 8 0.00644947 0.797768 0
1.56152 8 0.01 0.797109 0
1.56152 8 0.0155052 0.796105 0
1.56152 8 0.024041 0.79459 0
1.56152 8 0.0372759 0.79234 0
1.56152 8 0.0577969 0.789078 0
1.56152 8 0.0896151 0.784527 0
1.56152 8 0.13895 0.778569 0
1.56152 8 0.215443 0.771616 0
1.56152 8 0.334048 0.765325 0
1.56152 8 0.517947 0.763501 0
1.56152 8 0.803086 0.771641 0
1.56152 8 1.2452 0.792313 0
1.56152 8 1.9307 0.820487 0
1.56152 8 2.99358 0.843923 0
1.56152 8 4.64159 0.869965 0
1.56152 8 7.19686 0.906893 0
1.56152 8 11.1588 0.916753 0
1.56152 8 17.302 0.930401 0
1.56152 8 26.827 0.938217 0
1.56152 8 41.5956 0.939376 0
1.56152 8 64.4947 0.94062 0
1.56152 8 100 0.942424 0
1.56152 8 155.052 0.943396 0
1.56152 8 240.41 0.944264 0
1.56152 8 372.759 0.945851 0
1.56152 8 577.969 0.947012 0
1.56152 8 896.151 0.947506 0
1.56152 8 1389.5 0.948419 0
1.56152 8 2154.43 0.949588 0
1.56152 8 3340.48 0.950594 0
1.56152 8 5179.47 0.951301 0
1.56152 8 8030.86 0.951782 0
1.56152 8 12452 0.95238 0
1.56152 8 19307 0.953082 0
1.56152 8 29935.8 0.953772 0
1.56152 8 46415.9 0.954427 0
1.56152 8 71968.6 0.955049 0
1.56152 8 111588 0.955738 0
1.56152 8 173020 0.956715 0
1.56152 8 268270 0.957891 0
1.56152 8 415956 0.959451 0
1.56152 8 644947 0.961576 0
1.56152 8 1e+06 0.964208 0

3.80755 8 1e-06 0.757476 0
3.80755 8 1.55052e-06 0.757476 0
3.80755 8 2.4041e-06 0.757476 0
3.80755 8 3.72759e-06 0.757476 0
3.80755 8 5.77969e-06 0.757476 0
3.80755 8 8.96151e-06 0.757476 0
3.80755 8 1.3895e-05 0.757476 0
3.80755 8 2.15443e-05 0.757477 0
3.80755 8 3.34048e-05 0.757477 0
3.80755 8 5.17947e-05 0.757477 0
3.80755 8 8.03086e-05 0.757478 0
3.80755 8 0.00012452 0.757479 0
3.80755 8 0.00019307 0.75748 0
3.80755 8 0.000299358 0.757482 0
3.80755 8 0.000464159 0.757485 0
3.80755 8 0.000719686 0.75749 0
3.80755 8 0.00111588 0.757498 0
3.80755 8 0.0017302 0.75751 0
3.80755 8 0.0026827 0.757529 0
3.80755 8 0.00415956 0.757557 0
3.80755 8 0.00644947 0.757602 0
3.80755 8 0.01 0.757672 0
3.80755 8 0.0155052 0.75778 0
3.80755 8 0.024041 0.757948 0
3.80755 8 0.0372759 0.75821 0
3.80755 8 0.0577969 0.758618 0
3.80755 8 0.0896151 0.759259 0
3.80755 8 0.13895 0.760276 0
3.80755 8 0.215443 0.761969 0
3.80755 8 0.334048 0.765087 0
3.80755 8 0.517947 0.771509 0
3.80755 8 0.803086 0.784464 0
3.80755 8 1.2452 0.8054 0
3.80755 8 1.9307 0.829988 0
3.80755 8 2.99358 0.849519 0
3.80755 8 4.64159 0.872864 0
3.80755 8 7.19686 0.907495 0
3.80755 8 11.1588 0.916966 0
3.80755 8 17.302 0.930252 0
3.80755 8 26.827 0.93803 0
3.80755 8 41.5956 0.939261 0
3.80755 8 64.4947 0.940552 0
3.80755 8 100 0.94238 0
3.80755 8 155.052 0.943369 0
3.80755 8 240.41 0.944248 0
3.80755 8 372.759 0.94584 0
3.80755 8 577.969 0.947005 0
3.80755 8 896.151 0.947502 0
3.80755 8 1389.5 0.948417 0
3.80755 8 2154.43 0.949586 0
3.80755 8 3340.48 0.950593 0
3.80755 8 5179.47 0.951301 0
3.80755 8 8030.86 0.951782 0
3.80755 8 12452 0.95238 0
3.80755 8 19307 0.953082 0
3.80755 8 29935.8 0.953772 0
3.80755 8 46415.9 0.954427 0
3.80755 8 71968.6 0.955049 0
3.80755 8 111588 0.955738 0
3.80755 8 173020 0.956715 0
3.80755 8 268270 0.957891 0
3.80755 8 415956 0.959451 0
3.80755 8 644947 0.961576 0
3.80755 8 1e+06 0.964208 0

9.28415 8 1e-06 0.787971 0
9.28415 8 1.55052e-06 0.787971 0
9.28415 8 2.4041e-06 0.787971 0
9.28415 8 3.72759e-06 0.787972 0
9.28415 8 5.77969e-06 0.787972 0
9.28415 8 8.96151e-06 0.787972 0
9.28415 8 1.3895e-05 0.787972 0
9.28415 8 2.15443e-05 0.787973 0
9.28415 8 3.34048e-05 0.787973 0
9.28415 8 5.17947e-05 0.787974 0
9.28415 8 8.03086e-05 0.787976 0
9.28415 8 0.00012452 0.787978 0
9.28415 8 0.00019307 0.787982 0
9.28415 8 0.000299358 0.787988 0
9.28415 8 0.000464159 0.787997 0
9.28415 8 0.000719686 0.78801 0
9.28415 8 0.00111588 0.788032 0
9.28415 8 0.0017302 0.788065 0
9.28415 8 0.0026827 0.788117 0
9.28415 8 0.00415956 0.788196 0
9.28415 8 0.00644947 0.788318 0
9.28415 8 0.01 0.788506 0
9.28415 8 0.0155052 0.788794 0
9.28415 8 0.024041 0.789229 0
9.28415 8 0.0372759 0.789881 0
9.28415 8 0.0577969 0.79084 0
9.28415 8 0.0896151 0.79221 0
9.28415 8 0.13895 0.794099 0
9.28415 8 0.215443 0.796624 0
9.28415 8 0.334048 0.80008 0
9.28415 8 0.517947 0.805532 0
9.28415 8 0.803086 0.815279 0
9.28415 8 1.2452 0.830433 0
9.28415 8 1.9307 0.847434 0
9.28415 8 2.99358 0.860598 0
9.28415 8 4.64159 0.87909 0
9.28415 8 7.19686 0.909151 0
9.28415 8 11.1588 0.917721 0
9.28415 8 17.302 0.930112 0
9.28415 8 26.827 0.937722 0
9.28415 8 41.5956 0.93907 0
9.28415 8 64.4947 0.940437 0
9.28415 8 100 0.942304 0
9.28415 8 155.052 0.943323 0
9.28415 8 240.41 0.94422 0
9.28415 8 372.759 0.945822 0
9.28415 8 577.969 0.946993 0
9.28415 8 896.151 0.947495 0
9.28415 8 1389.5 0.948412 0
9.28415 8 2154.43 0.949583 0
9.28415 8 3340.48 0.950591 0
9.28415 8 5179.47 0.9513 0
9.28415 8 8030.86 0.951781 0
9.28415 8 12452 0.952379 0
9.28415 8 19307 0.953082 0
9.28415 8 29935.8 0.953771 0
9.28415 8 46415.9 0.954427 0
9.28415 8 71968.6 0.955049 0
9.28415 8 111588 0.955738 0
9.28415 8 173020 0.956715 0
9.28415 8 268270 0.957891 0
9.28415 8 415956 0.959451 0
9.28415 8 644947 0.961576 0
9.28415 8 1e+06 0.964208 0

22.638 8 1e-06 0.841588 0
22.638 8 1.55052e-06 0.841588 0
22.638 8 2.4041e-06 0.841588 0
22.638 8 3.72759e-06 0.841588 0
22.638 8 5.77969e-06 0.841588 0
22.638 8 8.96151e-06 0.841588 0
22.638 8 1.3895e-05 0.841588 0
22.638 8 2.15443e-05 0.841589 0
22.638 8 3.34048e-05 0.841589 0
22.638 8 5.17947e-05 0.841589 0
22.638 8 8.03086e-05 0.84159 0
22.638 8 0.00012452 0.841591 0
22.638 8 0.00019307 0.841593 0
22.638 8 0.000299358 0.841595 0
22.638 8 0.000464159 0.8416 0
22.638 8 0.000719686 0.841606 0
22.638 8 0.00111588 0.841616 0
22.638 8 0.0017302 0.841631 0
22.638 8 0.0026827 0.841655 0
22.638 8 0.00415956 0.841691 0
22.638 8 0.00644947 0.841747 0
22.638 8 0.01 0.841833 0
22.638 8 0.0155052 0.841963 0
22.638 8 0.024041 0.842158 0
22.638 8 0.0372759 0.842446 0
22.638 8 0.0577969 0.842859 0
22.638 8 0.0896151 0.843427 0
22.638 8 0.13895 0.844165 0
22.638 8 0.215443 0.845074 0
22.638 8 0.334048 0.846277 0
22.638 8 0.517947 0.848464 0
22.638 8 0.803086 0.853287 0
22.638 8 1.2452 0.861641 0
22.638 8 1.9307 0.871079 0
22.638 8 2.99358 0.877961 0
22.638 8 4.64159 0.890294 0
22.638 8 7.19686 0.913021 0
22.638 8 11.1588 0.919886 0
22.638 8 17.302 0.930335 0
22.638 8 26.827 0.937388 0
22.638 8 41.5956 0.938851 0
22.638 8 64.4947 0.940304 0
22.638 8 100 0.942208 0
22.638 8 155.052 0.943263 0
22.638 8 240.41 0.944185 0
22.638 8 372.759 0.945797 0
22.638 8 577.969 0.946977 0
22.638 8 896.151 0.947485 0
22.638 8 1389.5 0.948406 0
22.638 8 2154.43 0.949579 0
22.638 8 3340.48 0.950589 0
22.638 8 5179.47 0.951298 0
22.638 8 8030.86 0.95178 0
22.638 8 12452 0.952379 0
22.638 8 19307 0.953081 0
22.638 8 29935.8 0.953771 0
22.638 8 46415.9 0.954427 0
22.638 8 71968.6 0.955049 0
22.638 8 111588 0.955738 0
22.638 8 173020 0.956715 0
22.638 8 268270 0.957891 0
22.638 8 415956 0.959451 0
22.638 8 644947 0.961576 0
22.638 8 1e+06 0.964208 0

55.1995 8 1e-06 0.88229 0
55.1995 8 1.55052e-06 0.88229 0
55.1995 8 2.4041e-06 0.88229 0
55.1995 8 3.72759e-06 0.88229 0
55.1995 8 5.77969e-06 0.88229 0
55.1995 8 8.96151e-06 0.88229 0
55.1995 8 1.3895e-05 0.88229 0
55.1995 8 2.15443e-05 0.88229 0
55.1995 8 3.34048e-05 0.88229 0
55.1995 8 5.17947e-05 0.88229 0
55.1995 8 8.03086e-05 0.88229 0
55.1995 8 0.00012452 0.882291 0
55.1995 8 0.00019307 0.882292 0
55.1995 8 0.000299358 0.882293 0
55.1995 8 0.000464159 0.882295 0
55.1995 8 0.000719686 0.882298 0
55.1995 8 0.00111588 0.882302 0
55.1995 8 0.0017302 0.882309 0
55.1995 8 0.0026827 0.88232 0
55.1995 8 0.00415956 0.882336 0
55.1995 8 0.00644947 0.882361 0
55.1995 8 0.01 0.882399 0
55.1995 8 0.0155052 0.882457 0
55.1995 8 0.024041 0.882543 0
55.1995 8 0.0372759 0.882669 0
55.1995 8 0.0577969 0.882845 0
55.1995 8 0.0896151 0.883079 0
55.1995 8 0.13895 0.883363 0
55.1995 8 0.215443 0.88368 0
55.1995 8 0.334048 0.884076 0
55.1995 8 0.517947 0.884926 0
55.1995 8 0.803086 0.887175 0
55.1995 8 1.2452 0.891354 0
55.1995 8 1.9307 0.896008 0
55.1995 8 2.99358 0.898897 0
55.1995 8 4.64159 0.905668 0
55.1995 8 7.19686 0.919703 0
55.1995 8 11.1588 0.924229 0
55.1995 8 17.302 0.931553 0
55.1995 8 26.827 0.937328 0
55.1995 8 41.5956 0.938782 0
55.1995 8 64.4947 0.940257 0
55.1995 8 100 0.942142 0
55.1995 8 155.052 0.943221 0
55.1995 8 240.41 0.944162 0
55.1995 8 372.759 0.945775 0
55.1995 8 577.969 0.946959 0
55.1995 8 896.151 0.947476 0
55.1995 8 1389.5 0.9484 0
55.1995 8 2154.43 0.949575 0
55.1995 8 3340.48 0.950585 0
55.1995 8 5179.47 0.951296 0
55.1995 8 8030.86 0.951779 0
55.1995 8 12452 0.952378 0
55.1995 8 19307 0.953081 0
55.1995 8 29935.8 0.953771 0
55.1995 8 46415.9 0.954427 0
55.1995 8 71968.6 0.955049 0
55.1995 8 111588 0.955738 0
55.1995 8 173020 0.956715 0
55.1995 8 268270 0.957891 0
55.1995 8 415956 0.959451 0
55.1995 8 644947 0.961576 0
55.1995 8 1e+06 0.964208 0

134.596 8 1e-06 0.910884 0
134.596 8 1.55052e-06 0.910884 0
134.596 8 2.4041e-06 0.910884 0
134.596 8 3.72759e-06 0.910884 0
134.596 8 5.77969e-06 0.910884 0
134.596 8 8.96151e-06 0.910884 0
134.596 8 1.3895e-05 0.910884 0
134.596 8 2.15443e-05 0.910884 0
134.596 8 3.34048e-05 0.910884 0
134.596 8 5.17947e-05 0.910884 0
134.596 8 8.03086e-05 0.910884 0
134.596 8 0.00012452 0.910884 0
134.596 8 0.00019307 0.910884 0
134.596 8 0.000299358 0.910885 0
134.596 8 0.000464159 0.910886 0
134.596 8 0.000719686 0.910887 0
134.596 8 0.00111588 0.910889 0
134.596 8 0.0017302 0.910892 0
134.596 8 0.0026827 0.910896 0
134.596 8 0.00415956 0.910903 0
134.596 8 0.00644947 0.910913 0
134.596 8 0.01 0.910929 0
134.596 8 0.0155052 0.910953 0
134.596 8 0.024041 0.910988 0
134.596 8 0.0372759 0.911039 0
134.596 8 0.0577969 0.911109 0
134.596 8 0.0896151 0.911199 0
134.596 8 0.13895 0.911303 0
134.596 8 0.215443 0.911405 0
134.596 8 0.334048 0.911523 0
134.596 8 0.517947 0.911826 0
134.596 8 0.803086 0.912763 0
134.596 8 1.2452 0.914586 0
134.596 8 1.9307 0.916569 0
134.596 8 2.99358 0.917525 0
134.596 8 4.64159 0.920571 0
134.596 8 7.19686 0.927603 0
134.596 8 11.1588 0.929992 0
134.596 8 17.302 0.934074 0
134.596 8 26.827 0.937952 0
134.596 8 41.5956 0.939159 0
134.596 8 64.4947 0.940486 0
134.596 8 100 0.94221 0
134.596 8 155.052 0.943255 0
134.596 8 240.41 0.944188 0
134.596 8 372.759 0.945773 0
134.596 8 577.969 0.946948 0
134.596 8 896.151 0.947472 0
134.596 8 1389.5 0.948397 0
134.596 8 2154.43 0.949571 0
134.596 8 3340.48 0.950583 0
134.596 8 5179.47 0.951294 0
134.596 8 8030.86 0.951778 0
134.596 8 12452 0.952377 0
134.596 8 19307 0.953081 0
134.596 8 29935.8 0.953771 0
134.596 8 46415.9 0.954427 0
134.596 8 71968.6 0.955049 0
134.596 8 111588 0.955737 0
134.596 8 173020 0.956715 0
134.596 8 268270 0.957891 0
134.596 8 415956 0.959451 0
134.596 8 644947 0.961576 0
134.596 8 1e+06 0.964208 0

328.193 8 1e-06 0.926918 0
328.193 8 1.55052e-06 0.926918 0
328.193 8 2.4041e-06 0.926918 0
328.193 8 3.72759e-06 0.926918 0
328.193 8 5.77969e-06 0.926918 0
328.193 8 8.96151e-06 0.926918 0
328.193 8 1.3895e-05 0.926918 0
328.193 8 2.15443e-05 0.926918 0
328.193 8 3.34048e-05 0.926918 0
328.193 8 5.17947e-05 0.926918 0
328.193 8 8.03086e-05 0.926918 0
328.193 8 0.00012452 0.926918 0
328.193 8 0.00019307 0.926918 0
328.193 8 0.000299358 0.926918 0
328.193 8 0.000464159 0.926919 0
328.193 8 0.000719686 0.926919 0
328.193 8 0.00111588 0.92692 0
328.193 8 0.0017302 0.926921 0
328.193 8 0.0026827 0.926923 0
328.193 8 0.00415956 0.926926 0
328.193 8 0.00644947 0.92693 0
328.193 8 0.01 0.926936 0
328.193 8 0.0155052 0.926946 0
328.193 8 0.024041 0.92696 0
328.193 8 0.0372759 0.92698 0
328.193 8 0.0577969 0.927007 0
328.193 8 0.0896151 0.927042 0
328.193 8 0.13895 0.92708 0
328.193 8 0.215443 0.927114 0
328.193 8 0.334048 0.927149 0
328.193 8 0.517947 0.927258 0
328.193 8 0.803086 0.927636 0
328.193 8 1.2452 0.928393 0
328.193 8 1.9307 0.929201 0
328.193 8 2.99358 0.929507 0
328.193 8 4.64159 0.930783 0
328.193 8 7.19686 0.933949 0
328.193 8 11.1588 0.935074 0
328.193 8 17.302 0.937044 0
328.193 8 26.827 0.939227 0
328.193 8 41.5956 0.940084 0
328.193 8 64.4947 0.941118 0
328.193 8 100 0.942506 0
328.193 8 155.052 0.943434 0
328.193 8 240.41 0.944314 0
328.193 8 372.759 0.945812 0
328.193 8 577.969 0.94695 0
328.193 8 896.151 0.94748 0
328.193 8 1389.5 0.948401 0
328.193 8 2154.43 0.949569 0
328.193 8 3340.48 0.95058 0
328.193 8 5179.47 0.951292 0
328.193 8 8030.86 0.951777 0
328.193 8 12452 0.952376 0
328.193 8 19307 0.95308 0
328.193 8 29935.8 0.95377 0
328.193 8 46415.9 0.954427 0
328.193 8 71968.6 0.955049 0
328.193 8 111588 0.955738 0
328.193 8 173020 0.956715 0
328.193 8 268270 0.957891 0
328.193 8 415956 0.959451 0
328.193 8 644947 0.961576 0
328.193 8 1e+06 0.964208 0

800.25 8 1e-06 0.935973 0
800.25 8 1.55052e-06 0.935973 0
800.25 8 2.4041e-06 0.935973 0
800.25 8 3.72759e-06 0.935973 0
800.25 8 5.77969e-06 0.935973 0
800.25 8 8.96151e-06 0.935973 0
800.25 8 1.3895e-05 0.935973 0
800.25 8 2.15443e-05 0.935973 0
800.25 8 3.34048e-05 0.935973 0
800.25 8 5.17947e-05 0.935973 0
800.25 8 8.03086e-05 0.935973 0
800.25 8 0.00012452 0.935973 0
800.25 8 0.00019307 0.935973 0
800.25 8 0.000299358 0.935974 0
800.25 8 0.000464159 0.935974 0
800.25 8 0.000719686 0.935974 0
800.25 8 0.00111588 0.935974 0
800.25 8 0.0017302 0.935975 0
800.25 8 0.0026827 0.935975 0
800.25 8 0.00415956 0.935976 0
800.25 8 0.00644947 0.935978 0
800.25 8 0.01 0.935981 0
800.25 8 0.0155052 0.935985 0
800.25 8 0.024041 0.93599 0
800.25 8 0.0372759 0.935999 0
800.25 8 0.0577969 0.93601 0
800.25 8 0.0896151 0.936024 0
800.25 8 0.13895 0.936038 0
800.25 8 0.215443 0.936051 0
800.25 8 0.334048 0.936062 0
800.25 8 0.517947 0.936104 0
800.25 8 0.803086 0.936258 0
800.25 8 1.2452 0.936571 0
800.25 8 1.9307 0.936902 0
800.25 8 2.99358 0.937008 0
800.25 8 4.64159 0.937536 0
800.25 8 7.19686 0.938895 0
800.25 8 11.1588 0.939385 0
800.25 8 17.302 0.940253 0
800.25 8 26.827 0.941305 0
800.25 8 41.5956 0.941776 0
800.25 8 64.4947 0.942397 0
800.25 8 100 0.943286 0
800.25 8 155.052 0.943967 0
800.25 8 240.41 0.9447 0
800.25 8 372.759 0.945987 0
800.25 8 577.969 0.947013 0
800.25 8 896.151 0.947532 0
800.25 8 1389.5 0.94843 0
800.25 8 2154.43 0.949578 0
800.25 8 3340.48 0.95058 0
800.25 8 5179.47 0.951291 0
800.25 8 8030.86 0.951777 0
800.25 8 12452 0.952376 0
800.25 8 19307 0.95308 0
800.25 8 29935.8 0.95377 0
800.25 8 46415.9 0.954426 0
800.25 8 71968.6 0.955049 0
800.25 8 111588 0.955738 0
800.25 8 173020 0.956716 0
800.25 8 268270 0.957892 0
800.25 8 415956 0.959451 0
800.25 8 644947 0.961576 0
800.25 8 1e+06 0.964208 0

1951.29 8 1e-06 0.941228 0
1951.29 8 1.55052e-06 0.941228 0
1951.29 8 2.4041e-06 0.941228 0
1951.29 8 3.72759e-06 0.941228 0
1951.29 8 5.77969e-06 0.941228 0
1951.29 8 8.96151e-06 0.941228 0
1951.29 8 1.3895e-05 0.941228 0
1951.29 8 2.15443e-05 0.941228 0
1951.29 8 3.34048e-05 0.941228 0
1951.29 8 5.17947e-05 0.941228 0
1951.29 8 8.03086e-05 0.941228 0
1951.29 8 0.00012452 0.941228 0
1951.29 8 0.00019307 0.941228 0
1951.29 8 0.000299358 0.941229 0
1951.29 8 0.000464159 0.941229 0
1951.29 8 0.000719686 0.941229 0
1951.29 8 0.00111588 0.941229 0
1951.29 8 0.0017302 0.941229 0
1951.29 8 0.0026827 0.941229 0
1951.29 8 0.00415956 0.94123 0
1951.29 8 0.00644947 0.94123 0
1951.29 8 0.01 0.941232 0
1951.29 8 0.0155052 0.941233 0
1951.29 8 0.024041 0.941236 0
1951.29 8 0.0372759 0.941239 0
1951.29 8 0.0577969 0.941243 0
1951.29 8 0.0896151 0.941249 0
1951.29 8 0.13895 0.941255 0
1951.29 8 0.215443 0.94126 0
1951.29 8 0.334048 0.941264 0
1951.29 8 0.517947 0.941281 0
1951.29 8 0.803086 0.941345 0
1951.29 8 1.2452 0.941475 0
1951.29 8 1.9307 0.941612 0
1951.29 8 2.99358 0.941652 0
1951.29 8 4.64159 0.941872 0
1951.29 8 7.19686 0.942446 0
1951.29 8 11.1588 0.942656 0
1951.29 8 17.302 0.943029 0
1951.29 8 26.827 0.943503 0
1951.29 8 41.5956 0.943736 0
1951.29 8 64.4947 0.944063 0
1951.29 8 100 0.944557 0
1951.29 8 155.052 0.944987 0
1951.29 8 240.41 0.945511 0
1951.29 8 372.759 0.946444 0
1951.29 8 577.969 0.947242 0
1951.29 8 896.151 0.947708 0
1951.29 8 1389.5 0.948536 0
1951.29 8 2154.43 0.949622 0
1951.29 8 3340.48 0.950597 0
1951.29 8 5179.47 0.951299 0
1951.29 8 8030.86 0.951783 0
1951.29 8 12452 0.952379 0
1951.29 8 19307 0.953081 0
1951.29 8 29935.8 0.95377 0
1951.29 8 46415.9 0.954427 0
1951.29 8 71968.6 0.955049 0
1951.29 8 111588 0.955739 0
1951.29 8 173020 0.956716 0
1951.29 8 268270 0.957893 0
1951.29 8 415956 0.959452 0
1951.29 8 644947 0.961577 0
1951.29 8 1e+06 0.964209 0

4757.94 8 1e-06 0.944547 0
4757.94 8 1.55052e-06 0.944547 0
4757.94 8 2.4041e-06 0.944547 0
4757.94 8 3.72759e-06 0.944547 0
4757.94 8 5.77969e-06 0.944547 0
4757.94 8 8.96151e-06 0.944547 0
4757.94 8 1.3895e-05 0.944547 0
4757.94 8 2.15443e-05 0.944547 0
4757.94 8 3.34048e-05 0.944547 0
4757.94 8 5.17947e-05 0.944547 0
4757.94 8 8.03086e-05 0.944547 0
4757.94 8 0.00012452 0.944547 0
4757.94 8 0.00019307 0.944547 0
4757.94 8 0.000299358 0.944547 0
4757.94 8 0.000464159 0.944547 0
4757.94 8 0.000719686 0.944547 0
4757.94 8 0.00111588 0.944547 0
4757.94 8 0.0017302 0.944547 0
4757.94 8 0.0026827 0.944547 0
4757.94 8 0.00415956 0.944547 0
4757.94 8 0.00644947 0.944547 0
4757.94 8 0.01 0.944548 0
4757.94 8 0.0155052 0.944548 0
4757.94 8 0.024041 0.944549 0
4757.94 8 0.0372759 0.944551 0
4757.94 8 0.0577969 0.944553 0
4757.94 8 0.0896151 0.944555 0
4757.94 8 0.13895 0.944558 0
4757.94 8 0.215443 0.94456 0
4757.94 8 0.334048 0.944561 0
4757.94 8 0.517947 0.944568 0
4757.94 8 0.803086 0.944595 0
4757.94 8 1.2452 0.944649 0
4757.94 8 1.9307 0.944705 0
4757.94 8 2.99358 0.944722 0
4757.94 8 4.64159 0.944813 0
4757.94 8 7.19686 0.945053 0
4757.94 8 11.1588 0.945142 0
4757.94 8 17.302 0.9453 0
4757.94 8 26.827 0.945505 0
4757.94 8 41.5956 0.945612 0
4757.94 8 64.4947 0.945766 0
4757.94 8 100 0.946007 0
4757.94 8 155.052 0.946236 0
4757.94 8 240.41 0.946542 0
4757.94 8 372.759 0.947103 0
4757.94 8 577.969 0.947638 0
4757.94 8 896.151 0.948039 0
4757.94 8 1389.5 0.948755 0
4757.94 8 2154.43 0.949724 0
4757.94 8 3340.48 0.950635 0
4757.94 8 5179.47 0.951314 0
4757.94 8 8030.86 0.951794 0
4757.94 8 12452 0.952385 0
4757.94 8 19307 0.953082 0
4757.94 8 29935.8 0.953771 0
4757.94 8 46415.9 0.954427 0
4757.94 8 71968.6 0.95505 0
4757.94 8 111588 0.95574 0
4757.94 8 173020 0.956719 0
4757.94 8 268270 0.957895 0
4757.94 8 415956 0.959455 0
4757.94 8 644947 0.961579 0
4757.94 8 1e+06 0.96421 0

11601.6 8 1e-06 0.947127 0
11601.6 8 1.55052e-06 0.947127 0
11601.6 8 2.4041e-06 0.947127 0
11601.6 8 3.72759e-06 0.947127 0
11601.6 8 5.77969e-06 0.947127 0
11601.6 8 8.96151e-06 0.947127 0
11601.6 8 1.3895e-05 0.947127 0
11601.6 8 2.15443e-05 0.947127 0
11601.6 8 3.34048e-05 0.947127 0
11601.6 8 5.17947e-05 0.947127 0
11601.6 8 8.03086e-05 0.947127 0
11601.6 8 0.00012452 0.947127 0
11601.6 8 0.00019307 0.947127 0
11601.6 8 0.000299358 0.947127 0
11601.6 8 0.000464159 0.947127 0
11601.6 8 0.000719686 0.947127 0
11601.6 8 0.00111588 0.947127 0
11601.6 8 0.0017302 0.947127 0
11601.6 8 0.0026827 0.947127 0
11601.6 8 0.00415956 0.947127 0
11601.6 8 0.00644947 0.947127 0
11601.6 8 0.01 0.947127 0
11601.6 8 0.0155052 0.947128 0
11601.6 8 0.024041 0.947128 0
11601.6 8 0.0372759 0.947128 0
11601.6 8 0.0577969 0.947129 0
11601.6 8 0.0896151 0.94713 0
11601.6 8 0.13895 0.947131 0
11601.6 8 0.215443 0.947132 0
11601.6 8 0.334048 0.947133 0
11601.6 8 0.517947 0.947136 0
11601.6 8 0.803086 0.947147 0
11601.6 8 1.2452 0.947169 0
11601.6 8 1.9307 0.947193 0
11601.6 8 2.99358 0.947199 0
11601.6 8 4.64159 0.947237 0
11601.6 8 7.19686 0.947337 0
11601.6 8 11.1588 0.947375 0
11601.6 8 17.302 0.947441 0
11601.6 8 26.827 0.947528 0
11601.6 8 41.5956 0.947575 0
11601.6 8 64.4947 0.947644 0
11601.6 8 100 0.947754 0
11601.6 8 155.052 0.947864 0
11601.6 8 240.41 0.94802 0
11601.6 8 372.759 0.948312 0
11601.6 8 577.969 0.948618 0
11601.6 8 896.151 0.948896 0
11601.6 8 1389.5 0.9494 0
11601.6 8 2154.43 0.950119 0
11601.6 8 3340.48 0.950849 0
11601.6 8 5179.47 0.95143 0
11601.6 8 8030.86 0.951869 0
11601.6 8 12452 0.952429 0
11601.6 8 19307 0.953104 0
11601.6 8 29935.8 0.953782 0
11601.6 8 46415.9 0.954435 0
11601.6 8 71968.6 0.955057 0
11601.6 8 111588 0.955747 0
11601.6 8 173020 0.956725 0
11601.6 8 268270 0.957902 0
11601.6 8 415956 0.959461 0
11601.6 8 644947 0.961585 0
11601.6 8 1e+06 0.964214 0

28288.7 8 1e-06 0.949257 0
28288.7 8 1.55052e-06 0.949257 0
28288.7 8 2.4041e-06 0.949257 0
28288.7 8 3.72759e-06 0.949257 0
28288.7 8 5.77969e-06 0.949257 0
28288.7 8 8.96151e-06 0.949257 0
28288.7 8 1.3895e-05 0.949257 0
28288.7 8 2.15443e-05 0.949257 0
28288.7 8 3.34048e-05 0.949257 0
28288.7 8 5.17947e-05 0.949257 0
28288.7 8 8.03086e-05 0.949257 0
28288.7 8 0.00012452 0.949257 0
28288.7 8 0.00019307 0.949257 0
28288.7 8 0.000299358 0.949257 0
28288.7 8 0.000464159 0.949257 0
28288.7 8 0.000719686 0.949257 0
28288.7 8 0.00111588 0.949257 0
28288.7 8 0.0017302 0.949257 0
28288.7 8 0.0026827 0.949257 0
28288.7 8 0.00415956 0.949257 0
28288.7 8 0.00644947 0.949257 0
28288.7 8 0.01 0.949257 0
28288.7 8 0.0155052 0.949257 0
28288.7 8 0.024041 0.949258 0
28288.7 8 0.0372759 0.949258 0
28288.7 8 0.0577969 0.949258 0
28288.7 8 0.0896151 0.949259 0
28288.7 8 0.13895 0.949259 0
28288.7 8 0.215443 0.949259 0
28288.7 8 0.334048 0.94926 0
28288.7 8 0.517947 0.949261 0
28288.7 8 0.803086 0.949265 0
28288.7 8 1.2452 0.949275 0
28288.7 8 1.9307 0.949284 0
28288.7 8 2.99358 0.949287 0
28288.7 8 4.64159 0.949303 0
28288.7 8 7.19686 0.949344 0
28288.7 8 11.1588 0.94936 0
28288.7 8 17.302 0.949388 0
28288.7 8 26.827 0.949424 0
28288.7 8 41.5956 0.949445 0
28288.7 8 64.4947 0.949475 0
28288.7 8 100 0.949523 0
28288.7 8 155.052 0.949573 0
28288.7 8 240.41 0.949645 0
28288.7 8 372.759 0.949781 0
28288.7 8 577.969 0.949932 0
28288.7 8 896.151 0.950085 0
28288.7 8 1389.5 0.950367 0
28288.7 8 2154.43 0.950793 0
28288.7 8 3340.48 0.951266 0
28288.7 8 5179.47 0.951683 0
28288.7 8 8030.86 0.952042 0
28288.7 8 12452 0.952536 0
28288.7 8 19307 0.95316 0
28288.7 8 29935.8 0.953813 0
28288.7 8 46415.9 0.954453 0
28288.7 8 71968.6 0.955072 0
28288.7 8 111588 0.955763 0
28288.7 8 173020 0.956741 0
28288.7 8 268270 0.957918 0
28288.7 8 415956 0.959476 0
28288.7 8 644947 0.961598 0
28288.7 8 1e+06 0.964223 0

68977.9 8 1e-06 0.95073 0
68977.9 8 1.55052e-06 0.95073 0
68977.9 8 2.4041e-06 0.95073 0
68977.9 8 3.72759e-06 0.95073 0
68977.9 8 5.77969e-06 0.95073 0
68977.9 8 8.96151e-06 0.95073 0
68977.9 8 1.3895e-05 0.95073 0
68977.9 8 2.15443e-05 0.95073 0
68977.9 8 3.34048e-05 0.95073 0
68977.9 8 5.17947e-05 0.95073 0
68977.9 8 8.03086e-05 0.95073 0
68977.9 8 0.00012452 0.95073 0
68977.9 8 0.00019307 0.95073 0
68977.9 8 0.000299358 0.95073 0
68977.9 8 0.000464159 0.95073 0
68977.9 8 0.000719686 0.95073 0
68977.9 8 0.00111588 0.95073 0
68977.9 8 0.0017302 0.95073 0
68977.9 8 0.0026827 0.95073 0
68977.9 8 0.00415956 0.95073 0
68977.9 8 0.00644947 0.95073 0
68977.9 8 0.01 0.95073 0
68977.9 8 0.0155052 0.95073 0
68977.9 8 0.024041 0.95073 0
68977.9 8 0.0372759 0.95073 0
68977.9 8 0.0577969 0.95073 0
68977.9 8 0.0896151 0.95073 0
68977.9 8 0.13895 0.950731 0
68977.9 8 0.215443 0.950731 0
68977.9 8 0.334048 0.950731 0
68977.9 8 0.517947 0.950731 0
68977.9 8 0.803086 0.950733 0
68977.9 8 1.2452 0.950737 0
68977.9 8 1.9307 0.950741 0
68977.9 8 2.99358 0.950742 0
68977.9 8 4.64159 0.950749 0
68977.9 8 7.19686 0.950766 0
68977.9 8 11.1588 0.950773 0
68977.9 8 17.302 0.950784 0
68977.9 8 26.827 0.9508 0
68977.9 8 41.5956 0.950809 0
68977.9 8 64.4947 0.950822 0
68977.9 8 100 0.950843 0
68977.9 8 155.052 0.950866 0
68977.9 8 240.41 0.950899 0
68977.9 8 372.759 0.950962 0
68977.9 8 577.969 0.951034 0
68977.9 8 896.151 0.951113 0
68977.9 8 1389.5 0.95126 0
68977.9 8 2154.43 0.951489 0
68977.9 8 3340.48 0.951766 0
68977.9 8 5179.47 0.952044 0
68977.9 8 8030.86 0.952328 0
68977.9 8 12452 0.952737 0
68977.9 8 19307 0.95328 0
68977.9 8 29935.8 0.95388 0
68977.9 8 46415.9 0.954494 0
68977.9 8 71968.6 0.955104 0
68977.9 8 111588 0.955799 0
68977.9 8 173020 0.956777 0
68977.9 8 268270 0.957954 0
68977.9 8 415956 0.959513 0
68977.9 8 644947 0.96163 0
68977.9 8 1e+06 0.964245 0

168192 8 1e-06 0.952212 0
168192 8 1.55052e-06 0.952212 0
168192 8 2.4041e-06 0.952212 0
168192 8 3.72759e-06 0.952212 0
168192 8 5.77969e-06 0.952212 0
168192 8 8.96151e-06 0.952212 0
168192 8 1.3895e-05 0.952212 0
168192 8 2.15443e-05 0.952212 0
168192 8 3.34048e-05 0.952212 0
168192 8 5.17947e-05 0.952212 0
168192 8 8.03086e-05 0.952212 0
168192 8 0.00012452 0.952212 0
168192 8 0.00019307 0.952212 0
168192 8 0.000299358 0.952212 0
168192 8 0.000464159 0.952212 0
168192 8 0.000719686 0.952212 0
168192 8 0.00111588 0.952212 0
168192 8 0.0017302 0.952212 0
168192 8 0.0026827 0.952212 0
168192 8 0.00415956 0.952212 0
168192 8 0.00644947 0.952212 0
168192 8 0.01 0.952212 0
168192 8 0.0155052 0.952212 0
168192 8 0.024041 0.952212 0
168192 8 0.0372759 0.952212 0
168192 8 0.0577969 0.952212 0
168192 8 0.0896151 0.952212 0
168192 8 0.13895 0.952212 0
168192 8 0.215443 0.952212 0
168192 8 0.334048 0.952212 0
168192 8 0.517947 0.952212 0
168192 8 0.803086 0.952213 0
168192 8 1.2452 0.952215 0
168192 8 1.9307 0.952216 0
168192 8 2.99358 0.952217 0
168192 8 4.64159 0.95222 0
168192 8 7.19686 0.952227 0
168192 8 11.1588 0.952229 0
168192 8 17.302 0.952234 0
168192 8 26.827 0.952241 0
168192 8 41.5956 0.952245 0
168192 8 64.4947 0.95225 0
168192 8 100 0.95226 0
168192 8 155.052 0.95227 0
168192 8 240.41 0.952284 0
168192 8 372.759 0.952312 0
168192 8 577.969 0.952345 0
168192 8 896.151 0.952382 0
168192 8 1389.5 0.952451 0
168192 8 2154.43 0.952561 0
168192 8 3340.48 0.952702 0
168192 8 5179.47 0.952856 0
168192 8 8030.86 0.953033 0
168192 8 12452 0.953304 0
168192 8 19307 0.953689 0
168192 8 29935.8 0.954156 0
168192 8 46415.9 0.954678 0
168192 8 71968.6 0.95524 0
168192 8 111588 0.95592 0
168192 8 173020 0.956883 0
168192 8 268270 0.958054 0
168192 8 415956 0.959607 0
168192 8 644947 0.96171 0
168192 8 1e+06 0.9643 0

410113 8 1e-06 0.953596 0
410113 8 1.55052e-06 0.953596 0
410113 8 2.4041e-06 0.953596 0
410113 8 3.72759e-06 0.953596 0
410113 8 5.77969e-06 0.953596 0
410113 8 8.96151e-06 0.953596 0
410113 8 1.3895e-05 0.953596 0
410113 8 2.15443e-05 0.953596 0
410113 8 3.34048e-05 0.953596 0
410113 8 5.17947e-05 0.953596 0
410113 8 8.03086e-05 0.953596 0
410113 8 0.00012452 0.953596 0
410113 8 0.00019307 0.953596 0
410113 8 0.000299358 0.953596 0
410113 8 0.000464159 0.953596 0
410113 8 0.000719686 0.953596 0
410113 8 0.00111588 0.953596 0
410113 8 0.0017302 0.953596 0
410113 8 0.0026827 0.953596 0
410113 8 0.00415956 0.953596 0
410113 8 0.00644947 0.953596 0
410113 8 0.01 0.953596 0
410113 8 0.0155052 0.953596 0
410113 8 0.024041 0.953596 0
410113 8 0.0372759 0.953596 0
410113 8 0.0577969 0.953596 0
410113 8 0.0896151 0.953596 0
410113 8 0.13895 0.953596 0
410113 8 0.215443 0.953596 0
410113 8 0.334048 0.953596 0
410113 8 0.517947 0.953597 0
410113 8 0.803086 0.953597 0
410113 8 1.2452 0.953598 0
410113 8 1.9307 0.953598 0
410113 8 2.99358 0.953598 0
410113 8 4.64159 0.9536 0
410113 8 7.19686 0.953603 0
410113 8 11.1588 0.953604 0
410113 8 17.302 0.953606 0
410113 8 26.827 0.953608 0
410113 8 41.5956 0.95361 0
410113 8 64.4947 0.953613 0
410113 8 100 0.953617 0
410113 8 155.052 0.953621 0
410113 8 240.41 0.953628 0
410113 8 372.759 0.95364 0
410113 8 577.969 0.953655 0
410113 8 896.151 0.953673 0
410113 8 1389.5 0.953705 0
410113 8 2154.43 0.953757 0
410113 8 3340.48 0.953826 0
410113 8 5179.47 0.953907 0
410113 8 8030.86 0.954007 0
410113 8 12452 0.954167 0
410113 8 19307 0.954405 0
410113 8 29935.8 0.954721 0
410113 8 46415.9 0.955117 0
410113 8 71968.6 0.955599 0
410113 8 111588 0.956237 0
410113 8 173020 0.957157 0
410113 8 268270 0.958305 0
410113 8 415956 0.959836 0
410113 8 644947 0.961904 0
410113 8 1e+06 0.964432 0

1e+06 8 1e-06 0.955237 0
1e+06 8 1.55052e-06 0.955237 0
1e+06 8 2.4041e-06 0.955237 0
1e+06 8 3.72759e-06 0.955237 0
1e+06 8 5.77969e-06 0.955237 0
1e+06 8 8.96151e-06 0.955237 0
1e+06 8 1.3895e-05 0.955237 0
1e+06 8 2.15443e-05 0.955237 0
1e+06 8 3.34048e-05 0.955237 0
1e+06 8 5.17947e-05 0.955237 0
1e+06 8 8.03086e-05 0.955237 0
1e+06 8 0.00012452 0.955237 0
1e+06 8 0.00019307 0.955237 0
1e+06 8 0.000299358 0.955237 0
1e+06 8 0.000464159 0.955237 0
1e+06 8 0.000719686 0.955237 0
1e+06 8 0.00111588 0.955237 0
1e+06 8 0.0017302 0.955237 0
1e+06 8 0.0026827 0.955237 0
1e+06 8 0.00415956 0.955237 0
1e+06 8 0.00644947 0.955237 0
1e+06 8 0.01 0.955237 0
1e+06 8 0.0155052 0.955237 0
1e+06 8 0.024041 0.955237 0
1e+06 8 0.0372759 0.955237 0
1e+06 8 0.0577969 0.955237 0
1e+06 8 0.0896151 0.955237 0
1e+06 8 0.13895 0.955237 0
1e+06 8 0.215443 0.955237 0
1e+06 8 0.334048 0.955237 0
1e+06 8 0.517947 0.955237 0
1e+06 8 0.803086 0.955237 0
1e+06 8 1.2452 0.955238 0
1e+06 8 1.9307 0.955238 0
1e+06 8 2.99358 0.955238 0
1e+06 8 4.64159 0.955238 0
1e+06 8 7.19686 0.95524 0
1e+06 8 11.1588 0.95524 0
1e+06 8 17.302 0.955241 0
1e+06 8 26.827 0.955242 0
1e+06 8 41.5956 0.955243 0
1e+06 8 64.4947 0.955244 0
1e+06 8 100 0.955246 0
1e+06 8 155.052 0.955248 0
1e+06 8 240.41 0.955251 0
1e+06 8 372.759 0.955257 0
1e+06 8 577.969 0.955265 0
1e+06 8 896.151 0.955274 0
1e+06 8 1389.5 0.95529 0
1e+06 8 2154.43 0.955316 0
1e+06 8 3340.48 0.955352 0
1e+06 8 5179.47 0.955396 0
1e+06 8 8030.86 0.955456 0
1e+06 8 12452 0.955551 0
1e+06 8 19307 0.955697 0
1e+06 8 29935.8 0.955904 0
1e+06 8 46415.9 0.956187 0
1e+06 8 71968.6 0.956568 0
1e+06 8 111588 0.957114 0
1e+06 8 173020 0.95792 0
1e+06 8 268270 0.95898 0
1e+06 8 415956 0.960428 0
1e+06 8 644947 0.962385 0
1e+06 8 1e+06 0.964759 0

