#q_sq i k_sq Re(fg) Im(fg)
1e-06 11 1e-06 -0.000550133 0
1e-06 11 1.55052e-06 -0.000550131 0
1e-06 11 2.4041e-06 -0.00055013 0
1e-06 11 3.72759e-06 -0.000550127 0
1e-06 11 5.77969e-06 -0.000550123 0
1e-06 11 8.96151e-06 -0.000550117 0
1e-06 11 1.3895e-05 -0.000550107 0
1e-06 11 2.15443e-05 -0.000550093 0
1e-06 11 3.34048e-05 -0.000550069 0
1e-06 11 5.17947e-05 -0.000550034 0
1e-06 11 8.03086e-05 -0.000549978 0
1e-06 11 0.00012452 -0.000549892 0
1e-06 11 0.00019307 -0.000549759 0
1e-06 11 0.000299358 -0.000549552 0
1e-06 11 0.000464159 -0.000549232 0
1e-06 11 0.000719686 -0.000548736 0
1e-06 11 0.00111588 -0.000547967 0
1e-06 11 0.0017302 -0.000546777 0
1e-06 11 0.0026827 -0.000544938 0
1e-06 11 0.00415956 -0.000542098 0
1e-06 11 0.00644947 -0.000537725 0
1e-06 11 0.01 -0.000531013 0
1e-06 11 0.0155052 -0.000520773 0
1e-06 11 0.024041 -0.000505285 0
1e-06 11 0.0372759 -0.000482181 0
1e-06 11 0.0577969 -0.000448452 0
1e-06 11 0.0896151 -0.000400806 0
1e-06 11 0.13895 -0.00033688 0
1e-06 11 0.215443 -0.000257777 0
1e-06 11 0.334048 -0.000171182 0
1e-06 11 0.517947 -9.24272e-05 0
1e-06 11 0.803086 -3.75179e-05 0
1e-06 11 1.2452 -1.0098e-05 0
1e-06 11 1.9307 -1.37485e-06 0
1e-06 11 2.99358 -3.0408e-07 0
1e-06 11 4.64159 -5.35845e-08 0
1e-06 11 7.19686 -1.59353e-08 0
1e-06 11 11.1588 -4.52351e-09 0
1e-06 11 17.302 -1.02626e-09 0
1e-06 11 26.827 -2.54796e-10 0
1e-06 11 41.5956 -7.03317e-11 0
1e-06 11 64.4947 -1.96429e-11 0
1e-06 11 100 -5.55669e-12 0
1e-06 11 155.052 -1.64451e-12 0
1e-06 11 240.41 -4.91803e-13 0
1e-06 11 372.759 -1.47246e-13 0
1e-06 11 577.969 -4.61361e-14 0
1e-06 11 896.151 -1.51981e-14 0
1e-06 11 1389.5 -4.97367e-15 0
1e-06 11 2154.43 -1.66223e-15 0
1e-06 11 3340.48 -5.76513e-16 0
1e-06 11 5179.47 -2.0525e-16 0
1e-06 11 8030.86 -7.43608e-17 0
1e-06 11 12452 -2.68564e-17 0
1e-06 11 19307 -9.79556e-18 0
1e-06 11 29935.8 -3.63475e-18 0
1e-06 11 46415.9 -1.36278e-18 0
1e-06 11 71968.6 -5.15352e-19 0
1e-06 11 111588 -1.97029e-19 0
1e-06 11 173020 -7.43114e-20 0
1e-06 11 268270 -2.80357e-20 0
1e-06 11 415956 -1.03615e-20 0
1e-06 11 644947 -3.62064e-21 0
1e-06 11 1e+06 -1.09598e-21 0

2.43835e-06 11 1e-06 -0.000859044 0
2.43835e-06 11 1.55052e-06 -0.000859042 0
2.43835e-06 11 2.4041e-06 -0.000859039 0
2.43835e-06 11 3.72759e-06 -0.000859035 0
2.43835e-06 11 5.77969e-06 -0.000859029 0
2.43835e-06 11 8.96151e-06 -0.000859019 0
2.43835e-06 11 1.3895e-05 -0.000859004 0
2.43835e-06 11 2.15443e-05 -0.000858981 0
2.43835e-06 11 3.34048e-05 -0.000858945 0
2.43835e-06 11 5.17947e-05 -0.000858889 0
2.43835e-06 11 8.03086e-05 -0.000858803 0
2.43835e-06 11 0.00012452 -0.000858668 0
2.43835e-06 11 0.00019307 -0.00085846 0
2.43835e-06 11 0.000299358 -0.000858137 0
2.43835e-06 11 0.000464159 -0.000857637 0
2.43835e-06 11 0.000719686 -0.000856862 0
2.43835e-06 11 0.00111588 -0.000855662 0
2.43835e-06 11 0.0017302 -0.000853804 0
2.43835e-06 11 0.0026827 -0.000850932 0
2.43835e-06 11 0.00415956 -0.000846498 0
2.43835e-06 11 0.00644947 -0.000839668 0
2.43835e-06 11 0.01 -0.000829188 0
2.43835e-06 11 0.0155052 -0.000813197 0
2.43835e-06 11 0.024041 -0.000789013 0
2.43835e-06 11 0.0372759 -0.000752935 0
2.43835e-06 11 0.0577969 -0.000700268 0
2.43835e-06 11 0.0896151 -0.000625867 0
2.43835e-06 11 0.13895 -0.000526046 0
2.43835e-06 11 0.215443 -0.000402525 0
2.43835e-06 11 0.334048 -0.000267305 0
2.43835e-06 11 0.517947 -0.000144327 0
2.43835e-06 11 0.803086 -5.8585e-05 0
2.43835e-06 11 1.2452 -1.57683e-05 0
2.43835e-06 11 1.9307 -2.14687e-06 0
2.43835e-06 11 2.99358 -4.74828e-07 0
2.43835e-06 11 4.64159 -8.36734e-08 0
2.43835e-06 11 7.19686 -2.48833e-08 0
2.43835e-06 11 11.1588 -7.06356e-09 0
2.43835e-06 11 17.302 -1.60252e-09 0
2.43835e-06 11 26.827 -3.9787e-10 0
2.43835e-06 11 41.5956 -1.09825e-10 0
2.43835e-06 11 64.4947 -3.06728e-11 0
2.43835e-06 11 100 -8.6769e-12 0
2.43835e-06 11 155.052 -2.56794e-12 0
2.43835e-06 11 240.41 -7.67962e-13 0
2.43835e-06 11 372.759 -2.29928e-13 0
2.43835e-06 11 577.969 -7.20427e-14 0
2.43835e-06 11 896.151 -2.37322e-14 0
2.43835e-06 11 1389.5 -7.7665e-15 0
2.43835e-06 11 2154.43 -2.59561e-15 0
2.43835e-06 11 3340.48 -9.00239e-16 0
2.43835e-06 11 5179.47 -3.20502e-16 0
2.43835e-06 11 8030.86 -1.16116e-16 0
2.43835e-06 11 12452 -4.19369e-17 0
2.43835e-06 11 19307 -1.5296e-17 0
2.43835e-06 11 29935.8 -5.67575e-18 0
2.43835e-06 11 46415.9 -2.12801e-18 0
2.43835e-06 11 71968.6 -8.04733e-19 0
2.43835e-06 11 111588 -3.07665e-19 0
2.43835e-06 11 173020 -1.16039e-19 0
2.43835e-06 11 268270 -4.37783e-20 0
2.43835e-06 11 415956 -1.61798e-20 0
2.43835e-06 11 644947 -5.65371e-21 0
2.43835e-06 11 1e+06 -1.7114e-21 0

5.94557e-06 11 1e-06 -0.00134141 0
5.94557e-06 11 1.55052e-06 -0.00134141 0
5.94557e-06 11 2.4041e-06 -0.00134141 0
5.94557e-06 11 3.72759e-06 -0.0013414 0
5.94557e-06 11 5.77969e-06 -0.00134139 0
5.94557e-06 11 8.96151e-06 -0.00134137 0
5.94557e-06 11 1.3895e-05 -0.00134135 0
5.94557e-06 11 2.15443e-05 -0.00134132 0
5.94557e-06 11 3.34048e-05 -0.00134126 0
5.94557e-06 11 5.17947e-05 -0.00134117 0
5.94557e-06 11 8.03086e-05 -0.00134104 0
5.94557e-06 11 0.00012452 -0.00134083 0
5.94557e-06 11 0.00019307 -0.0013405 0
5.94557e-06 11 0.000299358 -0.00134 0
5.94557e-06 11 0.000464159 -0.00133922 0
5.94557e-06 11 0.000719686 -0.00133801 0
5.94557e-06 11 0.00111588 -0.00133613 0
5.94557e-06 11 0.0017302 -0.00133323 0
5.94557e-06 11 0.0026827 -0.00132875 0
5.94557e-06 11 0.00415956 -0.00132182 0
5.94557e-06 11 0.00644947 -0.00131116 0
5.94557e-06 11 0.01 -0.00129479 0
5.94557e-06 11 0.0155052 -0.00126982 0
5.94557e-06 11 0.024041 -0.00123206 0
5.94557e-06 11 0.0372759 -0.00117572 0
5.94557e-06 11 0.0577969 -0.00109348 0
5.94557e-06 11 0.0896151 -0.000977303 0
5.94557e-06 11 0.13895 -0.000821431 0
5.94557e-06 11 0.215443 -0.00062855 0
5.94557e-06 11 0.334048 -0.000417401 0
5.94557e-06 11 0.517947 -0.000225369 0
5.94557e-06 11 0.803086 -9.14816e-05 0
5.94557e-06 11 1.2452 -2.46224e-05 0
5.94557e-06 11 1.9307 -3.35238e-06 0
5.94557e-06 11 2.99358 -7.41454e-07 0
5.94557e-06 11 4.64159 -1.30658e-07 0
5.94557e-06 11 7.19686 -3.88558e-08 0
5.94557e-06 11 11.1588 -1.10299e-08 0
5.94557e-06 11 17.302 -2.50237e-09 0
5.94557e-06 11 26.827 -6.21283e-10 0
5.94557e-06 11 41.5956 -1.71494e-10 0
5.94557e-06 11 64.4947 -4.78963e-11 0
5.94557e-06 11 100 -1.35492e-11 0
5.94557e-06 11 155.052 -4.0099e-12 0
5.94557e-06 11 240.41 -1.19919e-12 0
5.94557e-06 11 372.759 -3.59038e-13 0
5.94557e-06 11 577.969 -1.12496e-13 0
5.94557e-06 11 896.151 -3.70584e-14 0
5.94557e-06 11 1389.5 -1.21276e-14 0
5.94557e-06 11 2154.43 -4.0531e-15 0
5.94557e-06 11 3340.48 -1.40574e-15 0
5.94557e-06 11 5179.47 -5.00472e-16 0
5.94557e-06 11 8030.86 -1.81318e-16 0
5.94557e-06 11 12452 -6.54855e-17 0
5.94557e-06 11 19307 -2.3885e-17 0
5.94557e-06 11 29935.8 -8.86281e-18 0
5.94557e-06 11 46415.9 -3.32293e-18 0
5.94557e-06 11 71968.6 -1.25661e-18 0
5.94557e-06 11 111588 -4.80427e-19 0
5.94557e-06 11 173020 -1.81198e-19 0
5.94557e-06 11 268270 -6.83609e-20 0
5.94557e-06 11 415956 -2.52651e-20 0
5.94557e-06 11 644947 -8.8284e-21 0
5.94557e-06 11 1e+06 -2.67238e-21 0

1.44974e-05 11 1e-06 -0.00209463 0
1.44974e-05 11 1.55052e-06 -0.00209463 0
1.44974e-05 11 2.4041e-06 -0.00209462 0
1.44974e-05 11 3.72759e-06 -0.00209461 0
1.44974e-05 11 5.77969e-06 -0.0020946 0
1.44974e-05 11 8.96151e-06 -0.00209457 0
1.44974e-05 11 1.3895e-05 -0.00209454 0
1.44974e-05 11 2.15443e-05 -0.00209448 0
1.44974e-05 11 3.34048e-05 -0.00209439 0
1.44974e-05 11 5.17947e-05 -0.00209426 0
1.44974e-05 11 8.03086e-05 -0.00209405 0
1.44974e-05 11 0.00012452 -0.00209372 0
1.44974e-05 11 0.00019307 -0.00209321 0
1.44974e-05 11 0.000299358 -0.00209242 0
1.44974e-05 11 0.000464159 -0.0020912 0
1.44974e-05 11 0.000719686 -0.00208931 0
1.44974e-05 11 0.00111588 -0.00208639 0
1.44974e-05 11 0.0017302 -0.00208186 0
1.44974e-05 11 0.0026827 -0.00207485 0
1.44974e-05 11 0.00415956 -0.00206404 0
1.44974e-05 11 0.00644947 -0.00204739 0
1.44974e-05 11 0.01 -0.00202183 0
1.44974e-05 11 0.0155052 -0.00198285 0
1.44974e-05 11 0.024041 -0.00192388 0
1.44974e-05 11 0.0372759 -0.00183591 0
1.44974e-05 11 0.0577969 -0.00170749 0
1.44974e-05 11 0.0896151 -0.00152607 0
1.44974e-05 11 0.13895 -0.00128267 0
1.44974e-05 11 0.215443 -0.000981489 0
1.44974e-05 11 0.334048 -0.000651778 0
1.44974e-05 11 0.517947 -0.000351918 0
1.44974e-05 11 0.803086 -0.00014285 0
1.44974e-05 11 1.2452 -3.84484e-05 0
1.44974e-05 11 1.9307 -5.23479e-06 0
1.44974e-05 11 2.99358 -1.15779e-06 0
1.44974e-05 11 4.64159 -2.04025e-07 0
1.44974e-05 11 7.19686 -6.06741e-08 0
1.44974e-05 11 11.1588 -1.72234e-08 0
1.44974e-05 11 17.302 -3.90751e-09 0
1.44974e-05 11 26.827 -9.70148e-10 0
1.44974e-05 11 41.5956 -2.67791e-10 0
1.44974e-05 11 64.4947 -7.47911e-11 0
1.44974e-05 11 100 -2.11573e-11 0
1.44974e-05 11 155.052 -6.26155e-12 0
1.44974e-05 11 240.41 -1.87256e-12 0
1.44974e-05 11 372.759 -5.60646e-13 0
1.44974e-05 11 577.969 -1.75665e-13 0
1.44974e-05 11 896.151 -5.78675e-14 0
1.44974e-05 11 1389.5 -1.89375e-14 0
1.44974e-05 11 2154.43 -6.32902e-15 0
1.44974e-05 11 3340.48 -2.1951e-15 0
1.44974e-05 11 5179.47 -7.81498e-16 0
1.44974e-05 11 8030.86 -2.83132e-16 0
1.44974e-05 11 12452 -1.02257e-16 0
1.44974e-05 11 19307 -3.7297e-17 0
1.44974e-05 11 29935.8 -1.38395e-17 0
1.44974e-05 11 46415.9 -5.18884e-18 0
1.44974e-05 11 71968.6 -1.96222e-18 0
1.44974e-05 11 111588 -7.50197e-19 0
1.44974e-05 11 173020 -2.82944e-19 0
1.44974e-05 11 268270 -1.06747e-19 0
1.44974e-05 11 415956 -3.9452e-20 0
1.44974e-05 11 644947 -1.37858e-20 0
1.44974e-05 11 1e+06 -4.17299e-21 0

3.53498e-05 11 1e-06 -0.00327077 0
3.53498e-05 11 1.55052e-06 -0.00327076 0
3.53498e-05 11 2.4041e-06 -0.00327075 0
3.53498e-05 11 3.72759e-06 -0.00327073 0
3.53498e-05 11 5.77969e-06 -0.00327071 0
3.53498e-05 11 8.96151e-06 -0.00327067 0
3.53498e-05 11 1.3895e-05 -0.00327062 0
3.53498e-05 11 2.15443e-05 -0.00327053 0
3.53498e-05 11 3.34048e-05 -0.00327039 0
3.53498e-05 11 5.17947e-05 -0.00327018 0
3.53498e-05 11 8.03086e-05 -0.00326985 0
3.53498e-05 11 0.00012452 -0.00326934 0
3.53498e-05 11 0.00019307 -0.00326854 0
3.53498e-05 11 0.000299358 -0.00326731 0
3.53498e-05 11 0.000464159 -0.00326541 0
3.53498e-05 11 0.000719686 -0.00326246 0
3.53498e-05 11 0.00111588 -0.00325789 0
3.53498e-05 11 0.0017302 -0.00325082 0
3.53498e-05 11 0.0026827 -0.00323988 0
3.53498e-05 11 0.00415956 -0.003223 0
3.53498e-05 11 0.00644947 -0.00319699 0
3.53498e-05 11 0.01 -0.00315709 0
3.53498e-05 11 0.0155052 -0.00309621 0
3.53498e-05 11 0.024041 -0.00300413 0
3.53498e-05 11 0.0372759 -0.00286676 0
3.53498e-05 11 0.0577969 -0.00266624 0
3.53498e-05 11 0.0896151 -0.00238296 0
3.53498e-05 11 0.13895 -0.0020029 0
3.53498e-05 11 0.215443 -0.0015326 0
3.53498e-05 11 0.334048 -0.00101775 0
3.53498e-05 11 0.517947 -0.00054952 0
3.53498e-05 11 0.803086 -0.000223061 0
3.53498e-05 11 1.2452 -6.00374e-05 0
3.53498e-05 11 1.9307 -8.17417e-06 0
3.53498e-05 11 2.99358 -1.80791e-06 0
3.53498e-05 11 4.64159 -3.18588e-07 0
3.53498e-05 11 7.19686 -9.47437e-08 0
3.53498e-05 11 11.1588 -2.68948e-08 0
3.53498e-05 11 17.302 -6.10166e-09 0
3.53498e-05 11 26.827 -1.51491e-09 0
3.53498e-05 11 41.5956 -4.18161e-10 0
3.53498e-05 11 64.4947 -1.16788e-10 0
3.53498e-05 11 100 -3.30376e-11 0
3.53498e-05 11 155.052 -9.77756e-12 0
3.53498e-05 11 240.41 -2.92405e-12 0
3.53498e-05 11 372.759 -8.75461e-13 0
3.53498e-05 11 577.969 -2.74306e-13 0
3.53498e-05 11 896.151 -9.03614e-14 0
3.53498e-05 11 1389.5 -2.95713e-14 0
3.53498e-05 11 2154.43 -9.8829e-15 0
3.53498e-05 11 3340.48 -3.4277e-15 0
3.53498e-05 11 5179.47 -1.22033e-15 0
3.53498e-05 11 8030.86 -4.42117e-16 0
3.53498e-05 11 12452 -1.59677e-16 0
3.53498e-05 11 19307 -5.82402e-17 0
3.53498e-05 11 29935.8 -2.16107e-17 0
3.53498e-05 11 46415.9 -8.10249e-18 0
3.53498e-05 11 71968.6 -3.06406e-18 0
3.53498e-05 11 111588 -1.17145e-18 0
3.53498e-05 11 173020 -4.41824e-19 0
3.53498e-05 11 268270 -1.66688e-19 0
3.53498e-05 11 415956 -6.16052e-20 0
3.53498e-05 11 644947 -2.15268e-20 0
3.53498e-05 11 1e+06 -6.51622e-21 0

8.61954e-05 11 1e-06 -0.00510717 0
8.61954e-05 11 1.55052e-06 -0.00510716 0
8.61954e-05 11 2.4041e-06 -0.00510715 0
8.61954e-05 11 3.72759e-06 -0.00510713 0
8.61954e-05 11 5.77969e-06 -0.00510709 0
8.61954e-05 11 8.96151e-06 -0.00510703 0
8.61954e-05 11 1.3895e-05 -0.00510694 0
8.61954e-05 11 2.15443e-05 -0.0051068 0
8.61954e-05 11 3.34048e-05 -0.00510659 0
8.61954e-05 11 5.17947e-05 -0.00510626 0
8.61954e-05 11 8.03086e-05 -0.00510574 0
8.61954e-05 11 0.00012452 -0.00510494 0
8.61954e-05 11 0.00019307 -0.00510371 0
8.61954e-05 11 0.000299358 -0.00510179 0
8.61954e-05 11 0.000464159 -0.00509881 0
8.61954e-05 11 0.000719686 -0.00509421 0
8.61954e-05 11 0.00111588 -0.00508707 0
8.61954e-05 11 0.0017302 -0.00507603 0
8.61954e-05 11 0.0026827 -0.00505895 0
8.61954e-05 11 0.00415956 -0.00503259 0
8.61954e-05 11 0.00644947 -0.00499199 0
8.61954e-05 11 0.01 -0.00492968 0
8.61954e-05 11 0.0155052 -0.00483461 0
8.61954e-05 11 0.024041 -0.00469083 0
8.61954e-05 11 0.0372759 -0.00447634 0
8.61954e-05 11 0.0577969 -0.00416323 0
8.61954e-05 11 0.0896151 -0.0037209 0
8.61954e-05 11 0.13895 -0.00312745 0
8.61954e-05 11 0.215443 -0.0023931 0
8.61954e-05 11 0.334048 -0.00158919 0
8.61954e-05 11 0.517947 -0.00085806 0
8.61954e-05 11 0.803086 -0.000348304 0
8.61954e-05 11 1.2452 -9.37473e-05 0
8.61954e-05 11 1.9307 -1.27639e-05 0
8.61954e-05 11 2.99358 -2.82304e-06 0
8.61954e-05 11 4.64159 -4.97478e-07 0
8.61954e-05 11 7.19686 -1.47943e-07 0
8.61954e-05 11 11.1588 -4.19966e-08 0
8.61954e-05 11 17.302 -9.52785e-09 0
8.61954e-05 11 26.827 -2.36555e-09 0
8.61954e-05 11 41.5956 -6.52967e-10 0
8.61954e-05 11 64.4947 -1.82367e-10 0
8.61954e-05 11 100 -5.15889e-11 0
8.61954e-05 11 155.052 -1.52679e-11 0
8.61954e-05 11 240.41 -4.56597e-12 0
8.61954e-05 11 372.759 -1.36705e-12 0
8.61954e-05 11 577.969 -4.28334e-13 0
8.61954e-05 11 896.151 -1.41101e-13 0
8.61954e-05 11 1389.5 -4.61762e-14 0
8.61954e-05 11 2154.43 -1.54324e-14 0
8.61954e-05 11 3340.48 -5.35243e-15 0
8.61954e-05 11 5179.47 -1.90557e-15 0
8.61954e-05 11 8030.86 -6.90376e-16 0
8.61954e-05 11 12452 -2.49339e-16 0
8.61954e-05 11 19307 -9.09434e-17 0
8.61954e-05 11 29935.8 -3.37456e-17 0
8.61954e-05 11 46415.9 -1.26522e-17 0
8.61954e-05 11 71968.6 -4.7846e-18 0
8.61954e-05 11 111588 -1.82925e-18 0
8.61954e-05 11 173020 -6.89918e-19 0
8.61954e-05 11 268270 -2.60287e-19 0
8.61954e-05 11 415956 -9.6198e-20 0
8.61954e-05 11 644947 -3.36146e-20 0
8.61954e-05 11 1e+06 -1.01752e-20 0

0.000210175 11 1e-06 -0.00797421 0
0.000210175 11 1.55052e-06 -0.00797419 0
0.000210175 11 2.4041e-06 -0.00797417 0
0.000210175 11 3.72759e-06 -0.00797413 0
0.000210175 11 5.77969e-06 -0.00797407 0
0.000210175 11 8.96151e-06 -0.00797398 0
0.000210175 11 1.3895e-05 -0.00797384 0
0.000210175 11 2.15443e-05 -0.00797363 0
0.000210175 11 3.34048e-05 -0.00797329 0
0.000210175 11 5.17947e-05 -0.00797277 0
0.000210175 11 8.03086e-05 -0.00797197 0
0.000210175 11 0.00012452 -0.00797072 0
0.000210175 11 0.00019307 -0.00796879 0
0.000210175 11 0.000299358 -0.00796579 0
0.000210175 11 0.000464159 -0.00796115 0
0.000210175 11 0.000719686 -0.00795396 0
0.000210175 11 0.00111588 -0.00794282 0
0.000210175 11 0.0017302 -0.00792557 0
0.000210175 11 0.0026827 -0.00789891 0
0.000210175 11 0.00415956 -0.00785775 0
0.000210175 11 0.00644947 -0.00779436 0
0.000210175 11 0.01 -0.00769707 0
0.000210175 11 0.0155052 -0.00754864 0
0.000210175 11 0.024041 -0.00732415 0
0.000210175 11 0.0372759 -0.00698925 0
0.000210175 11 0.0577969 -0.00650037 0
0.000210175 11 0.0896151 -0.00580974 0
0.000210175 11 0.13895 -0.00488314 0
0.000210175 11 0.215443 -0.00373654 0
0.000210175 11 0.334048 -0.00248134 0
0.000210175 11 0.517947 -0.00133977 0
0.000210175 11 0.803086 -0.000543846 0
0.000210175 11 1.2452 -0.00014638 0
0.000210175 11 1.9307 -1.993e-05 0
0.000210175 11 2.99358 -4.40806e-06 0
0.000210175 11 4.64159 -7.76806e-07 0
0.000210175 11 7.19686 -2.31013e-07 0
0.000210175 11 11.1588 -6.55779e-08 0
0.000210175 11 17.302 -1.48778e-08 0
0.000210175 11 26.827 -3.69383e-09 0
0.000210175 11 41.5956 -1.01962e-09 0
0.000210175 11 64.4947 -2.84768e-10 0
0.000210175 11 100 -8.0557e-11 0
0.000210175 11 155.052 -2.3841e-11 0
0.000210175 11 240.41 -7.12984e-12 0
0.000210175 11 372.759 -2.13468e-12 0
0.000210175 11 577.969 -6.68853e-13 0
0.000210175 11 896.151 -2.20333e-13 0
0.000210175 11 1389.5 -7.21052e-14 0
0.000210175 11 2154.43 -2.4098e-14 0
0.000210175 11 3340.48 -8.35794e-15 0
0.000210175 11 5179.47 -2.97559e-15 0
0.000210175 11 8030.86 -1.07804e-15 0
0.000210175 11 12452 -3.89349e-16 0
0.000210175 11 19307 -1.4201e-16 0
0.000210175 11 29935.8 -5.26945e-17 0
0.000210175 11 46415.9 -1.97567e-17 0
0.000210175 11 71968.6 -7.47126e-18 0
0.000210175 11 111588 -2.85641e-18 0
0.000210175 11 173020 -1.07732e-18 0
0.000210175 11 268270 -4.06444e-19 0
0.000210175 11 415956 -1.50215e-19 0
0.000210175 11 644947 -5.24899e-20 0
0.000210175 11 1e+06 -1.58888e-20 0

0.000512481 11 1e-06 -0.012449 0
0.000512481 11 1.55052e-06 -0.012449 0
0.000512481 11 2.4041e-06 -0.0124489 0
0.000512481 11 3.72759e-06 -0.0124489 0
0.000512481 11 5.77969e-06 -0.0124488 0
0.000512481 11 8.96151e-06 -0.0124487 0
0.000512481 11 1.3895e-05 -0.0124484 0
0.000512481 11 2.15443e-05 -0.0124481 0
0.000512481 11 3.34048e-05 -0.0124476 0
0.000512481 11 5.17947e-05 -0.0124468 0
0.000512481 11 8.03086e-05 -0.0124455 0
0.000512481 11 0.00012452 -0.0124436 0
0.000512481 11 0.00019307 -0.0124405 0
0.000512481 11 0.000299358 -0.0124359 0
0.000512481 11 0.000464159 -0.0124286 0
0.000512481 11 0.000719686 -0.0124174 0
0.000512481 11 0.00111588 -0.0124 0
0.000512481 11 0.0017302 -0.0123731 0
0.000512481 11 0.0026827 -0.0123315 0
0.000512481 11 0.00415956 -0.0122672 0
0.000512481 11 0.00644947 -0.0121682 0
0.000512481 11 0.01 -0.0120164 0
0.000512481 11 0.0155052 -0.0117846 0
0.000512481 11 0.024041 -0.0114342 0
0.000512481 11 0.0372759 -0.0109114 0
0.000512481 11 0.0577969 -0.0101481 0
0.000512481 11 0.0896151 -0.00906998 0
0.000512481 11 0.13895 -0.00762344 0
0.000512481 11 0.215443 -0.00583343 0
0.000512481 11 0.334048 -0.00387386 0
0.000512481 11 0.517947 -0.00209168 0
0.000512481 11 0.803086 -0.000849079 0
0.000512481 11 1.2452 -0.00022854 0
0.000512481 11 1.9307 -3.1117e-05 0
0.000512481 11 2.99358 -6.88259e-06 0
0.000512481 11 4.64159 -1.21293e-06 0
0.000512481 11 7.19686 -3.60716e-07 0
0.000512481 11 11.1588 -1.02399e-07 0
0.000512481 11 17.302 -2.32315e-08 0
0.000512481 11 26.827 -5.76789e-09 0
0.000512481 11 41.5956 -1.59213e-09 0
0.000512481 11 64.4947 -4.44667e-10 0
0.000512481 11 100 -1.2579e-10 0
0.000512481 11 155.052 -3.7228e-11 0
0.000512481 11 240.41 -1.11333e-11 0
0.000512481 11 372.759 -3.33333e-12 0
0.000512481 11 577.969 -1.04442e-12 0
0.000512481 11 896.151 -3.44054e-13 0
0.000512481 11 1389.5 -1.12594e-13 0
0.000512481 11 2154.43 -3.76295e-14 0
0.000512481 11 3340.48 -1.30511e-14 0
0.000512481 11 5179.47 -4.64645e-15 0
0.000512481 11 8030.86 -1.68338e-15 0
0.000512481 11 12452 -6.07977e-16 0
0.000512481 11 19307 -2.21752e-16 0
0.000512481 11 29935.8 -8.22836e-17 0
0.000512481 11 46415.9 -3.08506e-17 0
0.000512481 11 71968.6 -1.16665e-17 0
0.000512481 11 111588 -4.46035e-18 0
0.000512481 11 173020 -1.68226e-18 0
0.000512481 11 268270 -6.34672e-19 0
0.000512481 11 415956 -2.34565e-19 0
0.000512481 11 644947 -8.19642e-20 0
0.000512481 11 1e+06 -2.48108e-20 0

0.00124961 11 1e-06 -0.0194283 0
0.00124961 11 1.55052e-06 -0.0194283 0
0.00124961 11 2.4041e-06 -0.0194282 0
0.00124961 11 3.72759e-06 -0.0194282 0
0.00124961 11 5.77969e-06 -0.019428 0
0.00124961 11 8.96151e-06 -0.0194278 0
0.00124961 11 1.3895e-05 -0.0194275 0
0.00124961 11 2.15443e-05 -0.0194269 0
0.00124961 11 3.34048e-05 -0.0194261 0
0.00124961 11 5.17947e-05 -0.0194249 0
0.00124961 11 8.03086e-05 -0.0194229 0
0.00124961 11 0.00012452 -0.0194199 0
0.00124961 11 0.00019307 -0.0194151 0
0.00124961 11 0.000299358 -0.0194078 0
0.00124961 11 0.000464159 -0.0193965 0
0.00124961 11 0.000719686 -0.019379 0
0.00124961 11 0.00111588 -0.0193519 0
0.00124961 11 0.0017302 -0.0193099 0
0.00124961 11 0.0026827 -0.0192449 0
0.00124961 11 0.00415956 -0.0191446 0
0.00124961 11 0.00644947 -0.0189902 0
0.00124961 11 0.01 -0.0187532 0
0.00124961 11 0.0155052 -0.0183916 0
0.00124961 11 0.024041 -0.0178446 0
0.00124961 11 0.0372759 -0.0170288 0
0.00124961 11 0.0577969 -0.0158377 0
0.00124961 11 0.0896151 -0.0141552 0
0.00124961 11 0.13895 -0.0118977 0
0.00124961 11 0.215443 -0.00910421 0
0.00124961 11 0.334048 -0.00604605 0
0.00124961 11 0.517947 -0.00326465 0
0.00124961 11 0.803086 -0.00132529 0
0.00124961 11 1.2452 -0.000356739 0
0.00124961 11 1.9307 -4.8574e-05 0
0.00124961 11 2.99358 -1.07447e-05 0
0.00124961 11 4.64159 -1.89376e-06 0
0.00124961 11 7.19686 -5.63206e-07 0
0.00124961 11 11.1588 -1.59887e-07 0
0.00124961 11 17.302 -3.62745e-08 0
0.00124961 11 26.827 -9.00625e-09 0
0.00124961 11 41.5956 -2.48605e-09 0
0.00124961 11 64.4947 -6.94335e-10 0
0.00124961 11 100 -1.96419e-10 0
0.00124961 11 155.052 -5.81313e-11 0
0.00124961 11 240.41 -1.73847e-11 0
0.00124961 11 372.759 -5.20501e-12 0
0.00124961 11 577.969 -1.63088e-12 0
0.00124961 11 896.151 -5.37244e-13 0
0.00124961 11 1389.5 -1.75817e-13 0
0.00124961 11 2154.43 -5.87592e-14 0
0.00124961 11 3340.48 -2.03795e-14 0
0.00124961 11 5179.47 -7.25552e-15 0
0.00124961 11 8030.86 -2.62863e-15 0
0.00124961 11 12452 -9.49369e-16 0
0.00124961 11 19307 -3.46271e-16 0
0.00124961 11 29935.8 -1.28488e-16 0
0.00124961 11 46415.9 -4.81739e-17 0
0.00124961 11 71968.6 -1.82176e-17 0
0.00124961 11 111588 -6.96494e-18 0
0.00124961 11 173020 -2.62689e-18 0
0.00124961 11 268270 -9.91055e-19 0
0.00124961 11 415956 -3.66278e-19 0
0.00124961 11 644947 -1.27989e-19 0
0.00124961 11 1e+06 -3.87426e-20 0

0.00304699 11 1e-06 -0.0302957 0
0.00304699 11 1.55052e-06 -0.0302957 0
0.00304699 11 2.4041e-06 -0.0302956 0
0.00304699 11 3.72759e-06 -0.0302955 0
0.00304699 11 5.77969e-06 -0.0302952 0
0.00304699 11 8.96151e-06 -0.0302949 0
0.00304699 11 1.3895e-05 -0.0302944 0
0.00304699 11 2.15443e-05 -0.0302935 0
0.00304699 11 3.34048e-05 -0.0302923 0
0.00304699 11 5.17947e-05 -0.0302903 0
0.00304699 11 8.03086e-05 -0.0302872 0
0.00304699 11 0.00012452 -0.0302825 0
0.00304699 11 0.00019307 -0.0302752 0
0.00304699 11 0.000299358 -0.0302638 0
0.00304699 11 0.000464159 -0.0302462 0
0.00304699 11 0.000719686 -0.0302188 0
0.00304699 11 0.00111588 -0.0301765 0
0.00304699 11 0.0017302 -0.030111 0
0.00304699 11 0.0026827 -0.0300097 0
0.00304699 11 0.00415956 -0.0298534 0
0.00304699 11 0.00644947 -0.0296126 0
0.00304699 11 0.01 -0.0292431 0
0.00304699 11 0.0155052 -0.0286792 0
0.00304699 11 0.024041 -0.0278265 0
0.00304699 11 0.0372759 -0.0265544 0
0.00304699 11 0.0577969 -0.0246973 0
0.00304699 11 0.0896151 -0.0220739 0
0.00304699 11 0.13895 -0.0185539 0
0.00304699 11 0.215443 -0.0141981 0
0.00304699 11 0.334048 -0.00942934 0
0.00304699 11 0.517947 -0.00509191 0
0.00304699 11 0.803086 -0.00206731 0
0.00304699 11 1.2452 -0.000556555 0
0.00304699 11 1.9307 -7.57891e-05 0
0.00304699 11 2.99358 -1.67679e-05 0
0.00304699 11 4.64159 -2.95615e-06 0
0.00304699 11 7.19686 -8.79229e-07 0
0.00304699 11 11.1588 -2.49627e-07 0
0.00304699 11 17.302 -5.66357e-08 0
0.00304699 11 26.827 -1.40618e-08 0
0.00304699 11 41.5956 -3.88165e-09 0
0.00304699 11 64.4947 -1.08414e-09 0
0.00304699 11 100 -3.06694e-10 0
0.00304699 11 155.052 -9.07689e-11 0
0.00304699 11 240.41 -2.71456e-11 0
0.00304699 11 372.759 -8.1275e-12 0
0.00304699 11 577.969 -2.5466e-12 0
0.00304699 11 896.151 -8.38905e-13 0
0.00304699 11 1389.5 -2.74539e-13 0
0.00304699 11 2154.43 -9.1753e-14 0
0.00304699 11 3340.48 -3.18229e-14 0
0.00304699 11 5179.47 -1.13296e-14 0
0.00304699 11 8030.86 -4.10466e-15 0
0.00304699 11 12452 -1.48246e-15 0
0.00304699 11 19307 -5.40709e-16 0
0.00304699 11 29935.8 -2.00636e-16 0
0.00304699 11 46415.9 -7.52246e-17 0
0.00304699 11 71968.6 -2.84472e-17 0
0.00304699 11 111588 -1.08759e-17 0
0.00304699 11 173020 -4.10196e-18 0
0.00304699 11 268270 -1.54756e-18 0
0.00304699 11 415956 -5.71952e-19 0
0.00304699 11 644947 -1.99858e-19 0
0.00304699 11 1e+06 -6.04975e-20 0

0.00742964 11 1e-06 -0.0471478 0
0.00742964 11 1.55052e-06 -0.0471477 0
0.00742964 11 2.4041e-06 -0.0471476 0
0.00742964 11 3.72759e-06 -0.0471474 0
0.00742964 11 5.77969e-06 -0.047147 0
0.00742964 11 8.96151e-06 -0.0471465 0
0.00742964 11 1.3895e-05 -0.0471457 0
0.00742964 11 2.15443e-05 -0.0471444 0
0.00742964 11 3.34048e-05 -0.0471424 0
0.00742964 11 5.17947e-05 -0.0471394 0
0.00742964 11 8.03086e-05 -0.0471346 0
0.00742964 11 0.00012452 -0.0471272 0
0.00742964 11 0.00019307 -0.0471158 0
0.00742964 11 0.000299358 -0.0470981 0
0.00742964 11 0.000464159 -0.0470707 0
0.00742964 11 0.000719686 -0.0470282 0
0.00742964 11 0.00111588 -0.0469623 0
0.00742964 11 0.0017302 -0.0468604 0
0.00742964 11 0.0026827 -0.0467029 0
0.00742964 11 0.00415956 -0.0464596 0
0.00742964 11 0.00644947 -0.046085 0
0.00742964 11 0.01 -0.0455101 0
0.00742964 11 0.0155052 -0.0446329 0
0.00742964 11 0.024041 -0.0433062 0
0.00742964 11 0.0372759 -0.0413271 0
0.00742964 11 0.0577969 -0.0384377 0
0.00742964 11 0.0896151 -0.0343559 0
0.00742964 11 0.13895 -0.028879 0
0.00742964 11 0.215443 -0.022101 0
0.00742964 11 0.334048 -0.0146797 0
0.00742964 11 0.517947 -0.00792866 0
0.00742964 11 0.803086 -0.00321995 0
0.00742964 11 1.2452 -0.000867167 0
0.00742964 11 1.9307 -0.000118117 0
0.00742964 11 2.99358 -2.61449e-05 0
0.00742964 11 4.64159 -4.61231e-06 0
0.00742964 11 7.19686 -1.37206e-06 0
0.00742964 11 11.1588 -3.89643e-07 0
0.00742964 11 17.302 -8.84083e-08 0
0.00742964 11 26.827 -2.19514e-08 0
0.00742964 11 41.5956 -6.05989e-09 0
0.00742964 11 64.4947 -1.69259e-09 0
0.00742964 11 100 -4.78838e-10 0
0.00742964 11 155.052 -1.41721e-10 0
0.00742964 11 240.41 -4.23846e-11 0
0.00742964 11 372.759 -1.26904e-11 0
0.00742964 11 577.969 -3.97635e-12 0
0.00742964 11 896.151 -1.30992e-12 0
0.00742964 11 1389.5 -4.28686e-13 0
0.00742964 11 2154.43 -1.43271e-13 0
0.00742964 11 3340.48 -4.96915e-14 0
0.00742964 11 5179.47 -1.76913e-14 0
0.00742964 11 8030.86 -6.40948e-15 0
0.00742964 11 12452 -2.31488e-15 0
0.00742964 11 19307 -8.44327e-16 0
0.00742964 11 29935.8 -3.13298e-16 0
0.00742964 11 46415.9 -1.17465e-16 0
0.00742964 11 71968.6 -4.44208e-17 0
0.00742964 11 111588 -1.6983e-17 0
0.00742964 11 173020 -6.4053e-18 0
0.00742964 11 268270 -2.41654e-18 0
0.00742964 11 415956 -8.93116e-19 0
0.00742964 11 644947 -3.12082e-19 0
0.00742964 11 1e+06 -9.44682e-20 0

0.0181161 11 1e-06 -0.0730186 0
0.0181161 11 1.55052e-06 -0.0730185 0
0.0181161 11 2.4041e-06 -0.0730183 0
0.0181161 11 3.72759e-06 -0.0730179 0
0.0181161 11 5.77969e-06 -0.0730174 0
0.0181161 11 8.96151e-06 -0.0730166 0
0.0181161 11 1.3895e-05 -0.0730153 0
0.0181161 11 2.15443e-05 -0.0730133 0
0.0181161 11 3.34048e-05 -0.0730103 0
0.0181161 11 5.17947e-05 -0.0730055 0
0.0181161 11 8.03086e-05 -0.0729982 0
0.0181161 11 0.00012452 -0.0729868 0
0.0181161 11 0.00019307 -0.0729691 0
0.0181161 11 0.000299358 -0.0729417 0
0.0181161 11 0.000464159 -0.0728993 0
0.0181161 11 0.000719686 -0.0728335 0
0.0181161 11 0.00111588 -0.0727316 0
0.0181161 11 0.0017302 -0.0725739 0
0.0181161 11 0.0026827 -0.0723301 0
0.0181161 11 0.00415956 -0.0719537 0
0.0181161 11 0.00644947 -0.0713739 0
0.0181161 11 0.01 -0.0704842 0
0.0181161 11 0.0155052 -0.0691267 0
0.0181161 11 0.024041 -0.0670735 0
0.0181161 11 0.0372759 -0.0640104 0
0.0181161 11 0.0577969 -0.0595384 0
0.0181161 11 0.0896151 -0.0532203 0
0.0181161 11 0.13895 -0.0447419 0
0.0181161 11 0.215443 -0.0342475 0
0.0181161 11 0.334048 -0.0227544 0
0.0181161 11 0.517947 -0.0122957 0
0.0181161 11 0.803086 -0.00499693 0
0.0181161 11 1.2452 -0.00134687 0
0.0181161 11 1.9307 -0.000183571 0
0.0181161 11 2.99358 -4.06794e-05 0
0.0181161 11 4.64159 -7.18781e-06 0
0.0181161 11 7.19686 -2.13917e-06 0
0.0181161 11 11.1588 -6.07847e-07 0
0.0181161 11 17.302 -1.37939e-07 0
0.0181161 11 26.827 -3.42533e-08 0
0.0181161 11 41.5956 -9.45732e-09 0
0.0181161 11 64.4947 -2.64182e-09 0
0.0181161 11 100 -7.47441e-10 0
0.0181161 11 155.052 -2.21237e-10 0
0.0181161 11 240.41 -6.61696e-11 0
0.0181161 11 372.759 -1.98127e-11 0
0.0181161 11 577.969 -6.20832e-12 0
0.0181161 11 896.151 -2.04527e-12 0
0.0181161 11 1389.5 -6.69355e-13 0
0.0181161 11 2154.43 -2.2371e-13 0
0.0181161 11 3340.48 -7.75917e-14 0
0.0181161 11 5179.47 -2.76247e-14 0
0.0181161 11 8030.86 -1.00084e-14 0
0.0181161 11 12452 -3.6147e-15 0
0.0181161 11 19307 -1.31843e-15 0
0.0181161 11 29935.8 -4.89219e-16 0
0.0181161 11 46415.9 -1.83423e-16 0
0.0181161 11 71968.6 -6.9364e-17 0
0.0181161 11 111588 -2.65193e-17 0
0.0181161 11 173020 -1.0002e-17 0
0.0181161 11 268270 -3.77349e-18 0
0.0181161 11 415956 -1.39462e-18 0
0.0181161 11 644947 -4.87324e-19 0
0.0181161 11 1e+06 -1.47514e-19 0

0.0441734 11 1e-06 -0.111763 0
0.0441734 11 1.55052e-06 -0.111763 0
0.0441734 11 2.4041e-06 -0.111762 0
0.0441734 11 3.72759e-06 -0.111762 0
0.0441734 11 5.77969e-06 -0.111761 0
0.0441734 11 8.96151e-06 -0.11176 0
0.0441734 11 1.3895e-05 -0.111758 0
0.0441734 11 2.15443e-05 -0.111755 0
0.0441734 11 3.34048e-05 -0.11175 0
0.0441734 11 5.17947e-05 -0.111743 0
0.0441734 11 8.03086e-05 -0.111732 0
0.0441734 11 0.00012452 -0.111714 0
0.0441734 11 0.00019307 -0.111687 0
0.0441734 11 0.000299358 -0.111645 0
0.0441734 11 0.000464159 -0.11158 0
0.0441734 11 0.000719686 -0.11148 0
0.0441734 11 0.00111588 -0.111324 0
0.0441734 11 0.0017302 -0.111083 0
0.0441734 11 0.0026827 -0.110711 0
0.0441734 11 0.00415956 -0.110136 0
0.0441734 11 0.00644947 -0.10925 0
0.0441734 11 0.01 -0.107891 0
0.0441734 11 0.0155052 -0.105816 0
0.0441734 11 0.024041 -0.102679 0
0.0441734 11 0.0372759 -0.0979984 0
0.0441734 11 0.0577969 -0.0911639 0
0.0441734 11 0.0896151 -0.0815062 0
0.0441734 11 0.13895 -0.0685428 0
0.0441734 11 0.215443 -0.0524906 0
0.0441734 11 0.334048 -0.0349007 0
0.0441734 11 0.517947 -0.0188803 0
0.0441734 11 0.803086 -0.00768584 0
0.0441734 11 1.2452 -0.0020759 0
0.0441734 11 1.9307 -0.000283373 0
0.0441734 11 2.99358 -6.29717e-05 0
0.0441734 11 4.64159 -1.11698e-05 0
0.0441734 11 7.19686 -3.32783e-06 0
0.0441734 11 11.1588 -9.46961e-07 0
0.0441734 11 17.302 -2.14973e-07 0
0.0441734 11 26.827 -5.33965e-08 0
0.0441734 11 41.5956 -1.4748e-08 0
0.0441734 11 64.4947 -4.12081e-09 0
0.0441734 11 100 -1.16613e-09 0
0.0441734 11 155.052 -3.45235e-10 0
0.0441734 11 240.41 -1.03271e-10 0
0.0441734 11 372.759 -3.09252e-11 0
0.0441734 11 577.969 -9.6914e-12 0
0.0441734 11 896.151 -3.19302e-12 0
0.0441734 11 1389.5 -1.04504e-12 0
0.0441734 11 2154.43 -3.49287e-13 0
0.0441734 11 3340.48 -1.21151e-13 0
0.0441734 11 5179.47 -4.31342e-14 0
0.0441734 11 8030.86 -1.56278e-14 0
0.0441734 11 12452 -5.64431e-15 0
0.0441734 11 19307 -2.05872e-15 0
0.0441734 11 29935.8 -7.63919e-16 0
0.0441734 11 46415.9 -2.86418e-16 0
0.0441734 11 71968.6 -1.08313e-16 0
0.0441734 11 111588 -4.14103e-17 0
0.0441734 11 173020 -1.56183e-17 0
0.0441734 11 268270 -5.89238e-18 0
0.0441734 11 415956 -2.17773e-18 0
0.0441734 11 644947 -7.60967e-19 0
0.0441734 11 1e+06 -2.30347e-19 0

0.107711 11 1e-06 -0.166256 0
0.107711 11 1.55052e-06 -0.166256 0
0.107711 11 2.4041e-06 -0.166256 0
0.107711 11 3.72759e-06 -0.166255 0
0.107711 11 5.77969e-06 -0.166254 0
0.107711 11 8.96151e-06 -0.166252 0
0.107711 11 1.3895e-05 -0.166249 0
0.107711 11 2.15443e-05 -0.166244 0
0.107711 11 3.34048e-05 -0.166237 0
0.107711 11 5.17947e-05 -0.166227 0
0.107711 11 8.03086e-05 -0.16621 0
0.107711 11 0.00012452 -0.166184 0
0.107711 11 0.00019307 -0.166144 0
0.107711 11 0.000299358 -0.166082 0
0.107711 11 0.000464159 -0.165986 0
0.107711 11 0.000719686 -0.165837 0
0.107711 11 0.00111588 -0.165607 0
0.107711 11 0.0017302 -0.16525 0
0.107711 11 0.0026827 -0.164698 0
0.107711 11 0.00415956 -0.163846 0
0.107711 11 0.00644947 -0.162534 0
0.107711 11 0.01 -0.16052 0
0.107711 11 0.0155052 -0.157448 0
0.107711 11 0.024041 -0.152799 0
0.107711 11 0.0372759 -0.145863 0
0.107711 11 0.0577969 -0.135731 0
0.107711 11 0.0896151 -0.121409 0
0.107711 11 0.13895 -0.102173 0
0.107711 11 0.215443 -0.0783316 0
0.107711 11 0.334048 -0.0521712 0
0.107711 11 0.517947 -0.0282982 0
0.107711 11 0.803086 -0.0115659 0
0.107711 11 1.2452 -0.00313945 0
0.107711 11 1.9307 -0.000430191 0
0.107711 11 2.99358 -9.62634e-05 0
0.107711 11 4.64159 -1.72352e-05 0
0.107711 11 7.19686 -5.14824e-06 0
0.107711 11 11.1588 -1.4701e-06 0
0.107711 11 17.302 -3.34035e-07 0
0.107711 11 26.827 -8.30226e-08 0
0.107711 11 41.5956 -2.29507e-08 0
0.107711 11 64.4947 -6.41699e-09 0
0.107711 11 100 -1.81685e-09 0
0.107711 11 155.052 -5.38148e-10 0
0.107711 11 240.41 -1.61038e-10 0
0.107711 11 372.759 -4.82374e-11 0
0.107711 11 577.969 -1.51207e-11 0
0.107711 11 896.151 -4.98296e-12 0
0.107711 11 1389.5 -1.63113e-12 0
0.107711 11 2154.43 -5.45242e-13 0
0.107711 11 3340.48 -1.89138e-13 0
0.107711 11 5179.47 -6.73448e-14 0
0.107711 11 8030.86 -2.44006e-14 0
0.107711 11 12452 -8.8131e-15 0
0.107711 11 19307 -3.21459e-15 0
0.107711 11 29935.8 -1.19284e-15 0
0.107711 11 46415.9 -4.47239e-16 0
0.107711 11 71968.6 -1.69131e-16 0
0.107711 11 111588 -6.46627e-17 0
0.107711 11 173020 -2.43883e-17 0
0.107711 11 268270 -9.20105e-18 0
0.107711 11 415956 -3.40057e-18 0
0.107711 11 644947 -1.18827e-18 0
0.107711 11 1e+06 -3.59691e-19 0

0.262636 11 1e-06 -0.231072 0
0.262636 11 1.55052e-06 -0.231072 0
0.262636 11 2.4041e-06 -0.231071 0
0.262636 11 3.72759e-06 -0.23107 0
0.262636 11 5.77969e-06 -0.231068 0
0.262636 11 8.96151e-06 -0.231066 0
0.262636 11 1.3895e-05 -0.231062 0
0.262636 11 2.15443e-05 -0.231056 0
0.262636 11 3.34048e-05 -0.231046 0
0.262636 11 5.17947e-05 -0.231031 0
0.262636 11 8.03086e-05 -0.231008 0
0.262636 11 0.00012452 -0.230973 0
0.262636 11 0.00019307 -0.230918 0
0.262636 11 0.000299358 -0.230833 0
0.262636 11 0.000464159 -0.2307 0
0.262636 11 0.000719686 -0.230495 0
0.262636 11 0.00111588 -0.230178 0
0.262636 11 0.0017302 -0.229687 0
0.262636 11 0.0026827 -0.228927 0
0.262636 11 0.00415956 -0.227754 0
0.262636 11 0.00644947 -0.225948 0
0.262636 11 0.01 -0.223175 0
0.262636 11 0.0155052 -0.218943 0
0.262636 11 0.024041 -0.212539 0
0.262636 11 0.0372759 -0.202979 0
0.262636 11 0.0577969 -0.189009 0
0.262636 11 0.0896151 -0.169241 0
0.262636 11 0.13895 -0.142655 0
0.262636 11 0.215443 -0.109637 0
0.262636 11 0.334048 -0.0733011 0
0.262636 11 0.517947 -0.0400005 0
0.262636 11 0.803086 -0.0165018 0
0.262636 11 1.2452 -0.00453267 0
0.262636 11 1.9307 -0.000627126 0
0.262636 11 2.99358 -0.000142816 0
0.262636 11 4.64159 -2.61483e-05 0
0.262636 11 7.19686 -7.85819e-06 0
0.262636 11 11.1588 -2.26304e-06 0
0.262636 11 17.302 -5.15351e-07 0
0.262636 11 26.827 -1.28287e-07 0
0.262636 11 41.5956 -3.55394e-08 0
0.262636 11 64.4947 -9.95276e-09 0
0.262636 11 100 -2.82149e-09 0
0.262636 11 155.052 -8.36735e-10 0
0.262636 11 240.41 -2.50619e-10 0
0.262636 11 372.759 -7.51213e-11 0
0.262636 11 577.969 -2.35631e-11 0
0.262636 11 896.151 -7.76948e-12 0
0.262636 11 1389.5 -2.54424e-12 0
0.262636 11 2154.43 -8.50729e-13 0
0.262636 11 3340.48 -2.95179e-13 0
0.262636 11 5179.47 -1.05121e-13 0
0.262636 11 8030.86 -3.80925e-14 0
0.262636 11 12452 -1.37595e-14 0
0.262636 11 19307 -5.01908e-15 0
0.262636 11 29935.8 -1.86251e-15 0
0.262636 11 46415.9 -6.9834e-16 0
0.262636 11 71968.6 -2.64094e-16 0
0.262636 11 111588 -1.0097e-16 0
0.262636 11 173020 -3.80823e-17 0
0.262636 11 268270 -1.43675e-17 0
0.262636 11 415956 -5.31004e-18 0
0.262636 11 644947 -1.8555e-18 0
0.262636 11 1e+06 -5.61665e-19 0

0.6404 11 1e-06 -0.273922 0
0.6404 11 1.55052e-06 -0.273922 0
0.6404 11 2.4041e-06 -0.273921 0
0.6404 11 3.72759e-06 -0.27392 0
0.6404 11 5.77969e-06 -0.273918 0
0.6404 11 8.96151e-06 -0.273915 0
0.6404 11 1.3895e-05 -0.27391 0
0.6404 11 2.15443e-05 -0.273903 0
0.6404 11 3.34048e-05 -0.273892 0
0.6404 11 5.17947e-05 -0.273875 0
0.6404 11 8.03086e-05 -0.273848 0
0.6404 11 0.00012452 -0.273807 0
0.6404 11 0.00019307 -0.273743 0
0.6404 11 0.000299358 -0.273644 0
0.6404 11 0.000464159 -0.27349 0
0.6404 11 0.000719686 -0.273251 0
0.6404 11 0.00111588 -0.272882 0
0.6404 11 0.0017302 -0.272311 0
0.6404 11 0.0026827 -0.271427 0
0.6404 11 0.00415956 -0.270063 0
0.6404 11 0.00644947 -0.267961 0
0.6404 11 0.01 -0.264734 0
0.6404 11 0.0155052 -0.259808 0
0.6404 11 0.024041 -0.25235 0
0.6404 11 0.0372759 -0.241208 0
0.6404 11 0.0577969 -0.224906 0
0.6404 11 0.0896151 -0.201799 0
0.6404 11 0.13895 -0.17064 0
0.6404 11 0.215443 -0.131795 0
0.6404 11 0.334048 -0.0888093 0
0.6404 11 0.517947 -0.0490873 0
0.6404 11 0.803086 -0.0206725 0
0.6404 11 1.2452 -0.00583761 0
0.6404 11 1.9307 -0.000827944 0
0.6404 11 2.99358 -0.000197417 0
0.6404 11 4.64159 -3.80951e-05 0
0.6404 11 7.19686 -1.16037e-05 0
0.6404 11 11.1588 -3.41082e-06 0
0.6404 11 17.302 -7.81015e-07 0
0.6404 11 26.827 -1.95163e-07 0
0.6404 11 41.5956 -5.43513e-08 0
0.6404 11 64.4947 -1.52814e-08 0
0.6404 11 100 -4.3456e-09 0
0.6404 11 155.052 -1.29258e-09 0
0.6404 11 240.41 -3.88034e-10 0
0.6404 11 372.759 -1.16508e-10 0
0.6404 11 577.969 -3.66035e-11 0
0.6404 11 896.151 -1.20864e-11 0
0.6404 11 1389.5 -3.96172e-12 0
0.6404 11 2154.43 -1.3257e-12 0
0.6404 11 3340.48 -4.60264e-13 0
0.6404 11 5179.47 -1.63986e-13 0
0.6404 11 8030.86 -5.94426e-14 0
0.6404 11 12452 -2.1476e-14 0
0.6404 11 19307 -7.83498e-15 0
0.6404 11 29935.8 -2.90775e-15 0
0.6404 11 46415.9 -1.09033e-15 0
0.6404 11 71968.6 -4.12352e-16 0
0.6404 11 111588 -1.57658e-16 0
0.6404 11 173020 -5.94643e-17 0
0.6404 11 268270 -2.24347e-17 0
0.6404 11 415956 -8.29161e-18 0
0.6404 11 644947 -2.89737e-18 0
0.6404 11 1e+06 -8.77044e-19 0

1.56152 11 1e-06 -0.225697 0
1.56152 11 1.55052e-06 -0.225696 0
1.56152 11 2.4041e-06 -0.225696 0
1.56152 11 3.72759e-06 -0.225695 0
1.56152 11 5.77969e-06 -0.225693 0
1.56152 11 8.96151e-06 -0.225691 0
1.56152 11 1.3895e-05 -0.225687 0
1.56152 11 2.15443e-05 -0.225681 0
1.56152 11 3.34048e-05 -0.225673 0
1.56152 11 5.17947e-05 -0.225659 0
1.56152 11 8.03086e-05 -0.225638 0
1.56152 11 0.00012452 -0.225605 0
1.56152 11 0.00019307 -0.225554 0
1.56152 11 0.000299358 -0.225474 0
1.56152 11 0.000464159 -0.225352 0
1.56152 11 0.000719686 -0.225162 0
1.56152 11 0.00111588 -0.224867 0
1.56152 11 0.0017302 -0.224411 0
1.56152 11 0.0026827 -0.223706 0
1.56152 11 0.00415956 -0.222617 0
1.56152 11 0.00644947 -0.220939 0
1.56152 11 0.01 -0.218363 0
1.56152 11 0.0155052 -0.214427 0
1.56152 11 0.024041 -0.208464 0
1.56152 11 0.0372759 -0.199545 0
1.56152 11 0.0577969 -0.186471 0
1.56152 11 0.0896151 -0.16789 0
1.56152 11 0.13895 -0.142735 0
1.56152 11 0.215443 -0.111192 0
1.56152 11 0.334048 -0.0759964 0
1.56152 11 0.517947 -0.0430619 0
1.56152 11 0.803086 -0.0189429 0
1.56152 11 1.2452 -0.00569272 0
1.56152 11 1.9307 -0.000859759 0
1.56152 11 2.99358 -0.000232081 0
1.56152 11 4.64159 -5.04801e-05 0
1.56152 11 7.19686 -1.57939e-05 0
1.56152 11 11.1588 -4.874e-06 0
1.56152 11 17.302 -1.13169e-06 0
1.56152 11 26.827 -2.85491e-07 0
1.56152 11 41.5956 -8.05483e-08 0
1.56152 11 64.4947 -2.28704e-08 0
1.56152 11 100 -6.55398e-09 0
1.56152 11 155.052 -1.96392e-09 0
1.56152 11 240.41 -5.92922e-10 0
1.56152 11 372.759 -1.78783e-10 0
1.56152 11 577.969 -5.63952e-11 0
1.56152 11 896.151 -1.86882e-11 0
1.56152 11 1389.5 -6.1408e-12 0
1.56152 11 2154.43 -2.05889e-12 0
1.56152 11 3340.48 -7.15951e-13 0
1.56152 11 5179.47 -2.55388e-13 0
1.56152 11 8030.86 -9.26523e-14 0
1.56152 11 12452 -3.34931e-14 0
1.56152 11 19307 -1.2224e-14 0
1.56152 11 29935.8 -4.53789e-15 0
1.56152 11 46415.9 -1.70191e-15 0
1.56152 11 71968.6 -6.43734e-16 0
1.56152 11 111588 -2.46146e-16 0
1.56152 11 173020 -9.28445e-17 0
1.56152 11 268270 -3.50297e-17 0
1.56152 11 415956 -1.29469e-17 0
1.56152 11 644947 -4.52414e-18 0
1.56152 11 1e+06 -1.36948e-18 0

3.80755 11 1e-06 -0.083478 0
3.80755 11 1.55052e-06 -0.0834779 0
3.80755 11 2.4041e-06 -0.0834776 0
3.80755 11 3.72759e-06 -0.0834773 0
3.80755 11 5.77969e-06 -0.0834768 0
3.80755 11 8.96151e-06 -0.0834759 0
3.80755 11 1.3895e-05 -0.0834746 0
3.80755 11 2.15443e-05 -0.0834726 0
3.80755 11 3.34048e-05 -0.0834695 0
3.80755 11 5.17947e-05 -0.0834646 0
3.80755 11 8.03086e-05 -0.0834571 0
3.80755 11 0.00012452 -0.0834455 0
3.80755 11 0.00019307 -0.0834275 0
3.80755 11 0.000299358 -0.0833995 0
3.80755 11 0.000464159 -0.0833562 0
3.80755 11 0.000719686 -0.083289 0
3.80755 11 0.00111588 -0.083185 0
3.80755 11 0.0017302 -0.083024 0
3.80755 11 0.0026827 -0.082775 0
3.80755 11 0.00415956 -0.0823903 0
3.80755 11 0.00644947 -0.0817974 0
3.80755 11 0.01 -0.0808865 0
3.80755 11 0.0155052 -0.0794941 0
3.80755 11 0.024041 -0.0773824 0
3.80755 11 0.0372759 -0.0742189 0
3.80755 11 0.0577969 -0.0695711 0
3.80755 11 0.0896151 -0.0629441 0
3.80755 11 0.13895 -0.0539336 0
3.80755 11 0.215443 -0.0425695 0
3.80755 11 0.334048 -0.0297983 0
3.80755 11 0.517947 -0.0177091 0
3.80755 11 0.803086 -0.00854825 0
3.80755 11 1.2452 -0.00293564 0
3.80755 11 1.9307 -0.00051875 0
3.80755 11 2.99358 -0.000192151 0
3.80755 11 4.64159 -5.41026e-05 0
3.80755 11 7.19686 -1.77219e-05 0
3.80755 11 11.1588 -6.10977e-06 0
3.80755 11 17.302 -1.47142e-06 0
3.80755 11 26.827 -3.8014e-07 0
3.80755 11 41.5956 -1.10729e-07 0
3.80755 11 64.4947 -3.22049e-08 0
3.80755 11 100 -9.40346e-09 0
3.80755 11 155.052 -2.86837e-09 0
3.80755 11 240.41 -8.77933e-10 0
3.80755 11 372.759 -2.67452e-10 0
3.80755 11 577.969 -8.51871e-11 0
3.80755 11 896.151 -2.84742e-11 0
3.80755 11 1389.5 -9.41294e-12 0
3.80755 11 2154.43 -3.17107e-12 0
3.80755 11 3340.48 -1.10701e-12 0
3.80755 11 5179.47 -3.96054e-13 0
3.80755 11 8030.86 -1.43991e-13 0
3.80755 11 12452 -5.21265e-14 0
3.80755 11 19307 -1.90441e-14 0
3.80755 11 29935.8 -7.0749e-15 0
3.80755 11 46415.9 -2.65476e-15 0
3.80755 11 71968.6 -1.00449e-15 0
3.80755 11 111588 -3.84182e-16 0
3.80755 11 173020 -1.44933e-16 0
3.80755 11 268270 -5.4688e-17 0
3.80755 11 415956 -2.02139e-17 0
3.80755 11 644947 -7.06379e-18 0
3.80755 11 1e+06 -2.13828e-18 0

9.28415 11 1e-06 -0.00667648 0
9.28415 11 1.55052e-06 -0.00667647 0
9.28415 11 2.4041e-06 -0.00667645 0
9.28415 11 3.72759e-06 -0.00667642 0
9.28415 11 5.77969e-06 -0.00667638 0
9.28415 11 8.96151e-06 -0.00667631 0
9.28415 11 1.3895e-05 -0.00667621 0
9.28415 11 2.15443e-05 -0.00667605 0
9.28415 11 3.34048e-05 -0.00667581 0
9.28415 11 5.17947e-05 -0.00667542 0
9.28415 11 8.03086e-05 -0.00667483 0
9.28415 11 0.00012452 -0.00667391 0
9.28415 11 0.00019307 -0.00667249 0
9.28415 11 0.000299358 -0.00667028 0
9.28415 11 0.000464159 -0.00666686 0
9.28415 11 0.000719686 -0.00666156 0
9.28415 11 0.00111588 -0.00665335 0
9.28415 11 0.0017302 -0.00664064 0
9.28415 11 0.0026827 -0.00662098 0
9.28415 11 0.00415956 -0.00659062 0
9.28415 11 0.00644947 -0.00654382 0
9.28415 11 0.01 -0.00647191 0
9.28415 11 0.0155052 -0.006362 0
9.28415 11 0.024041 -0.00619532 0
9.28415 11 0.0372759 -0.00594574 0
9.28415 11 0.0577969 -0.00557943 0
9.28415 11 0.0896151 -0.00505859 0
9.28415 11 0.13895 -0.00435511 0
9.28415 11 0.215443 -0.00348114 0
9.28415 11 0.334048 -0.00252864 0
9.28415 11 0.517947 -0.0016679 0
9.28415 11 0.803086 -0.0010066 0
9.28415 11 1.2452 -0.000465759 0
9.28415 11 1.9307 -0.000135685 0
9.28415 11 2.99358 -8.77868e-05 0
9.28415 11 4.64159 -3.89643e-05 0
9.28415 11 7.19686 -1.38192e-05 0
9.28415 11 11.1588 -5.9156e-06 0
9.28415 11 17.302 -1.56951e-06 0
9.28415 11 26.827 -4.29553e-07 0
9.28415 11 41.5956 -1.34288e-07 0
9.28415 11 64.4947 -4.11611e-08 0
9.28415 11 100 -1.25037e-08 0
9.28415 11 155.052 -3.95315e-09 0
9.28415 11 240.41 -1.24327e-09 0
9.28415 11 372.759 -3.86339e-10 0
9.28415 11 577.969 -1.25301e-10 0
9.28415 11 896.151 -4.25499e-11 0
9.28415 11 1389.5 -1.42208e-11 0
9.28415 11 2154.43 -4.83192e-12 0
9.28415 11 3340.48 -1.69854e-12 0
9.28415 11 5179.47 -6.10872e-13 0
9.28415 11 8030.86 -2.2293e-13 0
9.28415 11 12452 -8.09109e-14 0
9.28415 11 19307 -2.96142e-14 0
9.28415 11 29935.8 -1.10162e-14 0
9.28415 11 46415.9 -4.13745e-15 0
9.28415 11 71968.6 -1.56649e-15 0
9.28415 11 111588 -5.99385e-16 0
9.28415 11 173020 -2.26182e-16 0
9.28415 11 268270 -8.53623e-17 0
9.28415 11 415956 -3.15557e-17 0
9.28415 11 644947 -1.1028e-17 0
9.28415 11 1e+06 -3.33839e-18 0

22.638 11 1e-06 -9.18946e-05 0
22.638 11 1.55052e-06 -9.18944e-05 0
22.638 11 2.4041e-06 -9.18942e-05 0
22.638 11 3.72759e-06 -9.18938e-05 0
22.638 11 5.77969e-06 -9.18933e-05 0
22.638 11 8.96151e-06 -9.18924e-05 0
22.638 11 1.3895e-05 -9.18911e-05 0
22.638 11 2.15443e-05 -9.18891e-05 0
22.638 11 3.34048e-05 -9.18859e-05 0
22.638 11 5.17947e-05 -9.1881e-05 0
22.638 11 8.03086e-05 -9.18733e-05 0
22.638 11 0.00012452 -9.18615e-05 0
22.638 11 0.00019307 -9.18431e-05 0
22.638 11 0.000299358 -9.18147e-05 0
22.638 11 0.000464159 -9.17706e-05 0
22.638 11 0.000719686 -9.17024e-05 0
22.638 11 0.00111588 -9.15966e-05 0
22.638 11 0.0017302 -9.1433e-05 0
22.638 11 0.0026827 -9.11801e-05 0
22.638 11 0.00415956 -9.079e-05 0
22.638 11 0.00644947 -9.01895e-05 0
22.638 11 0.01 -8.92695e-05 0
22.638 11 0.0155052 -8.78694e-05 0
22.638 11 0.024041 -8.57617e-05 0
22.638 11 0.0372759 -8.26442e-05 0
22.638 11 0.0577969 -7.81685e-05 0
22.638 11 0.0896151 -7.20612e-05 0
22.638 11 0.13895 -6.44671e-05 0
22.638 11 0.215443 -5.66259e-05 0
22.638 11 0.334048 -5.14556e-05 0
22.638 11 0.517947 -5.19489e-05 0
22.638 11 0.803086 -5.40536e-05 0
22.638 11 1.2452 -4.45077e-05 0
22.638 11 1.9307 -2.9245e-05 0
22.638 11 2.99358 -2.27411e-05 0
22.638 11 4.64159 -1.51838e-05 0
22.638 11 7.19686 -6.34259e-06 0
22.638 11 11.1588 -3.65981e-06 0
22.638 11 17.302 -1.19119e-06 0
22.638 11 26.827 -3.65243e-07 0
22.638 11 41.5956 -1.30805e-07 0
22.638 11 64.4947 -4.44597e-08 0
22.638 11 100 -1.45877e-08 0
22.638 11 155.052 -4.9349e-09 0
22.638 11 240.41 -1.63396e-09 0
22.638 11 372.759 -5.26785e-10 0
22.638 11 577.969 -1.76449e-10 0
22.638 11 896.151 -6.15988e-11 0
22.638 11 1389.5 -2.09837e-11 0
22.638 11 2154.43 -7.2351e-12 0
22.638 11 3340.48 -2.57333e-12 0
22.638 11 5179.47 -9.33722e-13 0
22.638 11 8030.86 -3.42951e-13 0
22.638 11 12452 -1.25022e-13 0
22.638 11 19307 -4.59038e-14 0
22.638 11 29935.8 -1.71146e-14 0
22.638 11 46415.9 -6.43821e-15 0
22.638 11 71968.6 -2.4403e-15 0
22.638 11 111588 -9.34452e-16 0
22.638 11 173020 -3.528e-16 0
22.638 11 268270 -1.33195e-16 0
22.638 11 415956 -4.92489e-17 0
22.638 11 644947 -1.72138e-17 0
22.638 11 1e+06 -5.21122e-18 0

55.1995 11 1e-06 -6.33621e-06 0
55.1995 11 1.55052e-06 -6.3362e-06 0
55.1995 11 2.4041e-06 -6.33619e-06 0
55.1995 11 3.72759e-06 -6.33618e-06 0
55.1995 11 5.77969e-06 -6.33616e-06 0
55.1995 11 8.96151e-06 -6.33614e-06 0
55.1995 11 1.3895e-05 -6.33609e-06 0
55.1995 11 2.15443e-05 -6.33602e-06 0
55.1995 11 3.34048e-05 -6.33592e-06 0
55.1995 11 5.17947e-05 -6.33576e-06 0
55.1995 11 8.03086e-05 -6.3355e-06 0
55.1995 11 0.00012452 -6.33511e-06 0
55.1995 11 0.00019307 -6.3345e-06 0
55.1995 11 0.000299358 -6.33356e-06 0
55.1995 11 0.000464159 -6.33209e-06 0
55.1995 11 0.000719686 -6.32983e-06 0
55.1995 11 0.00111588 -6.32632e-06 0
55.1995 11 0.0017302 -6.32089e-06 0
55.1995 11 0.0026827 -6.31249e-06 0
55.1995 11 0.00415956 -6.29952e-06 0
55.1995 11 0.00644947 -6.27957e-06 0
55.1995 11 0.01 -6.24897e-06 0
55.1995 11 0.0155052 -6.20236e-06 0
55.1995 11 0.024041 -6.13214e-06 0
55.1995 11 0.0372759 -6.02827e-06 0
55.1995 11 0.0577969 -5.87957e-06 0
55.1995 11 0.0896151 -5.67913e-06 0
55.1995 11 0.13895 -5.44025e-06 0
55.1995 11 0.215443 -5.23045e-06 0
55.1995 11 0.334048 -5.20621e-06 0
55.1995 11 0.517947 -5.53159e-06 0
55.1995 11 0.803086 -5.94265e-06 0
55.1995 11 1.2452 -5.48515e-06 0
55.1995 11 1.9307 -4.31531e-06 0
55.1995 11 2.99358 -3.74012e-06 0
55.1995 11 4.64159 -3.36522e-06 0
55.1995 11 7.19686 -1.86761e-06 0
55.1995 11 11.1588 -1.40639e-06 0
55.1995 11 17.302 -6.40265e-07 0
55.1995 11 26.827 -2.4171e-07 0
55.1995 11 41.5956 -1.06785e-07 0
55.1995 11 64.4947 -4.2902e-08 0
55.1995 11 100 -1.59003e-08 0
55.1995 11 155.052 -5.93436e-09 0
55.1995 11 240.41 -2.11428e-09 0
55.1995 11 372.759 -7.16118e-10 0
55.1995 11 577.969 -2.49227e-10 0
55.1995 11 896.151 -8.96761e-11 0
55.1995 11 1389.5 -3.11651e-11 0
55.1995 11 2154.43 -1.09005e-11 0
55.1995 11 3340.48 -3.91881e-12 0
55.1995 11 5179.47 -1.43303e-12 0
55.1995 11 8030.86 -5.29242e-13 0
55.1995 11 12452 -1.93644e-13 0
55.1995 11 19307 -7.128e-14 0
55.1995 11 29935.8 -2.66234e-14 0
55.1995 11 46415.9 -1.00276e-14 0
55.1995 11 71968.6 -3.804e-15 0
55.1995 11 111588 -1.45749e-15 0
55.1995 11 173020 -5.50477e-16 0
55.1995 11 268270 -2.07877e-16 0
55.1995 11 415956 -7.68753e-17 0
55.1995 11 644947 -2.68725e-17 0
55.1995 11 1e+06 -8.13561e-18 0

134.596 11 1e-06 -4.75604e-07 0
134.596 11 1.55052e-06 -4.75604e-07 0
134.596 11 2.4041e-06 -4.75603e-07 0
134.596 11 3.72759e-06 -4.75603e-07 0
134.596 11 5.77969e-06 -4.75602e-07 0
134.596 11 8.96151e-06 -4.75601e-07 0
134.596 11 1.3895e-05 -4.75598e-07 0
134.596 11 2.15443e-05 -4.75595e-07 0
134.596 11 3.34048e-05 -4.7559e-07 0
134.596 11 5.17947e-05 -4.75582e-07 0
134.596 11 8.03086e-05 -4.75569e-07 0
134.596 11 0.00012452 -4.75549e-07 0
134.596 11 0.00019307 -4.75519e-07 0
134.596 11 0.000299358 -4.75472e-07 0
134.596 11 0.000464159 -4.75399e-07 0
134.596 11 0.000719686 -4.75286e-07 0
134.596 11 0.00111588 -4.75112e-07 0
134.596 11 0.0017302 -4.74841e-07 0
134.596 11 0.0026827 -4.74423e-07 0
134.596 11 0.00415956 -4.73778e-07 0
134.596 11 0.00644947 -4.72786e-07 0
134.596 11 0.01 -4.71266e-07 0
134.596 11 0.0155052 -4.68955e-07 0
134.596 11 0.024041 -4.65482e-07 0
134.596 11 0.0372759 -4.60371e-07 0
134.596 11 0.0577969 -4.53121e-07 0
134.596 11 0.0896151 -4.43537e-07 0
134.596 11 0.13895 -4.32658e-07 0
134.596 11 0.215443 -4.24765e-07 0
134.596 11 0.334048 -4.29596e-07 0
134.596 11 0.517947 -4.58219e-07 0
134.596 11 0.803086 -4.9798e-07 0
134.596 11 1.2452 -4.91609e-07 0
134.596 11 1.9307 -4.3189e-07 0
134.596 11 2.99358 -4.14636e-07 0
134.596 11 4.64159 -4.31911e-07 0
134.596 11 7.19686 -3.12489e-07 0
134.596 11 11.1588 -2.79057e-07 0
134.596 11 17.302 -1.8154e-07 0
134.596 11 26.827 -9.11668e-08 0
134.596 11 41.5956 -5.25381e-08 0
134.596 11 64.4947 -2.69806e-08 0
134.596 11 100 -1.21579e-08 0
134.596 11 155.052 -5.37068e-09 0
134.596 11 240.41 -2.20008e-09 0
134.596 11 372.759 -8.22068e-10 0
134.596 11 577.969 -3.0921e-10 0
134.596 11 896.151 -1.1864e-10 0
134.596 11 1389.5 -4.31068e-11 0
134.596 11 2154.43 -1.55727e-11 0
134.596 11 3340.48 -5.73818e-12 0
134.596 11 5179.47 -2.13752e-12 0
134.596 11 8030.86 -8.0024e-13 0
134.596 11 12452 -2.95571e-13 0
134.596 11 19307 -1.0953e-13 0
134.596 11 29935.8 -4.11084e-14 0
134.596 11 46415.9 -1.55365e-14 0
134.596 11 71968.6 -5.90807e-15 0
134.596 11 111588 -2.26751e-15 0
134.596 11 173020 -8.57378e-16 0
134.596 11 268270 -3.24025e-16 0
134.596 11 415956 -1.1989e-16 0
134.596 11 644947 -4.19221e-17 0
134.596 11 1e+06 -1.26935e-17 0

328.193 11 1e-06 -4.81358e-08 0
328.193 11 1.55052e-06 -4.81358e-08 0
328.193 11 2.4041e-06 -4.81357e-08 0
328.193 11 3.72759e-06 -4.81357e-08 0
328.193 11 5.77969e-06 -4.81357e-08 0
328.193 11 8.96151e-06 -4.81356e-08 0
328.193 11 1.3895e-05 -4.81355e-08 0
328.193 11 2.15443e-05 -4.81353e-08 0
328.193 11 3.34048e-05 -4.81349e-08 0
328.193 11 5.17947e-05 -4.81345e-08 0
328.193 11 8.03086e-05 -4.81337e-08 0
328.193 11 0.00012452 -4.81326e-08 0
328.193 11 0.00019307 -4.81308e-08 0
328.193 11 0.000299358 -4.81281e-08 0
328.193 11 0.000464159 -4.81239e-08 0
328.193 11 0.000719686 -4.81173e-08 0
328.193 11 0.00111588 -4.81071e-08 0
328.193 11 0.0017302 -4.80914e-08 0
328.193 11 0.0026827 -4.8067e-08 0
328.193 11 0.00415956 -4.80295e-08 0
328.193 11 0.00644947 -4.79717e-08 0
328.193 11 0.01 -4.78833e-08 0
328.193 11 0.0155052 -4.77489e-08 0
328.193 11 0.024041 -4.75472e-08 0
328.193 11 0.0372759 -4.72507e-08 0
328.193 11 0.0577969 -4.68314e-08 0
328.193 11 0.0896151 -4.62799e-08 0
328.193 11 0.13895 -4.56621e-08 0
328.193 11 0.215443 -4.52396e-08 0
328.193 11 0.334048 -4.56097e-08 0
328.193 11 0.517947 -4.74856e-08 0
328.193 11 0.803086 -5.02374e-08 0
328.193 11 1.2452 -5.04773e-08 0
328.193 11 1.9307 -4.72267e-08 0
328.193 11 2.99358 -4.70809e-08 0
328.193 11 4.64159 -5.0184e-08 0
328.193 11 7.19686 -4.30193e-08 0
328.193 11 11.1588 -4.16669e-08 0
328.193 11 17.302 -3.46813e-08 0
328.193 11 26.827 -2.30318e-08 0
328.193 11 41.5956 -1.68343e-08 0
328.193 11 64.4947 -1.12368e-08 0
328.193 11 100 -6.48812e-09 0
328.193 11 155.052 -3.59814e-09 0
328.193 11 240.41 -1.81717e-09 0
328.193 11 372.759 -7.9328e-10 0
328.193 11 577.969 -3.37256e-10 0
328.193 11 896.151 -1.43312e-10 0
328.193 11 1389.5 -5.59609e-11 0
328.193 11 2154.43 -2.12702e-11 0
328.193 11 3340.48 -8.1369e-12 0
328.193 11 5179.47 -3.11687e-12 0
328.193 11 8030.86 -1.19114e-12 0
328.193 11 12452 -4.46254e-13 0
328.193 11 19307 -1.67028e-13 0
328.193 11 29935.8 -6.31359e-14 0
328.193 11 46415.9 -2.3982e-14 0
328.193 11 71968.6 -9.15214e-15 0
328.193 11 111588 -3.52138e-15 0
328.193 11 173020 -1.3337e-15 0
328.193 11 268270 -5.04621e-16 0
328.193 11 415956 -1.86855e-16 0
328.193 11 644947 -6.53686e-17 0
328.193 11 1e+06 -1.9797e-17 0

800.25 11 1e-06 -6.63124e-09 0
800.25 11 1.55052e-06 -6.63124e-09 0
800.25 11 2.4041e-06 -6.63124e-09 0
800.25 11 3.72759e-06 -6.63123e-09 0
800.25 11 5.77969e-06 -6.63123e-09 0
800.25 11 8.96151e-06 -6.63122e-09 0
800.25 11 1.3895e-05 -6.63121e-09 0
800.25 11 2.15443e-05 -6.6312e-09 0
800.25 11 3.34048e-05 -6.63118e-09 0
800.25 11 5.17947e-05 -6.63114e-09 0
800.25 11 8.03086e-05 -6.63109e-09 0
800.25 11 0.00012452 -6.63101e-09 0
800.25 11 0.00019307 -6.63088e-09 0
800.25 11 0.000299358 -6.63068e-09 0
800.25 11 0.000464159 -6.63037e-09 0
800.25 11 0.000719686 -6.62989e-09 0
800.25 11 0.00111588 -6.62914e-09 0
800.25 11 0.0017302 -6.62799e-09 0
800.25 11 0.0026827 -6.62621e-09 0
800.25 11 0.00415956 -6.62347e-09 0
800.25 11 0.00644947 -6.61925e-09 0
800.25 11 0.01 -6.61278e-09 0
800.25 11 0.0155052 -6.60297e-09 0
800.25 11 0.024041 -6.58823e-09 0
800.25 11 0.0372759 -6.56658e-09 0
800.25 11 0.0577969 -6.53596e-09 0
800.25 11 0.0896151 -6.4957e-09 0
800.25 11 0.13895 -6.45054e-09 0
800.25 11 0.215443 -6.4194e-09 0
800.25 11 0.334048 -6.44565e-09 0
800.25 11 0.517947 -6.58249e-09 0
800.25 11 0.803086 -6.79025e-09 0
800.25 11 1.2452 -6.83048e-09 0
800.25 11 1.9307 -6.61629e-09 0
800.25 11 2.99358 -6.64446e-09 0
800.25 11 4.64159 -6.94904e-09 0
800.25 11 7.19686 -6.48868e-09 0
800.25 11 11.1588 -6.46479e-09 0
800.25 11 17.302 -6.05114e-09 0
800.25 11 26.827 -4.9076e-09 0
800.25 11 41.5956 -4.21895e-09 0
800.25 11 64.4947 -3.44413e-09 0
800.25 11 100 -2.51603e-09 0
800.25 11 155.052 -1.75217e-09 0
800.25 11 240.41 -1.11893e-09 0
800.25 11 372.759 -5.99493e-10 0
800.25 11 577.969 -3.02369e-10 0
800.25 11 896.151 -1.49227e-10 0
800.25 11 1389.5 -6.52574e-11 0
800.25 11 2154.43 -2.6877e-11 0
800.25 11 3340.48 -1.09029e-11 0
800.25 11 5179.47 -4.36483e-12 0
800.25 11 8030.86 -1.72399e-12 0
800.25 11 12452 -6.60844e-13 0
800.25 11 19307 -2.51301e-13 0
800.25 11 29935.8 -9.6059e-14 0
800.25 11 46415.9 -3.67762e-14 0
800.25 11 71968.6 -1.4113e-14 0
800.25 11 111588 -5.45141e-15 0
800.25 11 173020 -2.07006e-15 0
800.25 11 268270 -7.84653e-16 0
800.25 11 415956 -2.90898e-16 0
800.25 11 644947 -1.01843e-16 0
800.25 11 1e+06 -3.08539e-17 0

1951.29 11 1e-06 -1.06841e-09 0
1951.29 11 1.55052e-06 -1.06841e-09 0
1951.29 11 2.4041e-06 -1.06841e-09 0
1951.29 11 3.72759e-06 -1.06841e-09 0
1951.29 11 5.77969e-06 -1.06841e-09 0
1951.29 11 8.96151e-06 -1.06841e-09 0
1951.29 11 1.3895e-05 -1.06841e-09 0
1951.29 11 2.15443e-05 -1.06841e-09 0
1951.29 11 3.34048e-05 -1.06841e-09 0
1951.29 11 5.17947e-05 -1.06841e-09 0
1951.29 11 8.03086e-05 -1.0684e-09 0
1951.29 11 0.00012452 -1.06839e-09 0
1951.29 11 0.00019307 -1.06838e-09 0
1951.29 11 0.000299358 -1.06837e-09 0
1951.29 11 0.000464159 -1.06834e-09 0
1951.29 11 0.000719686 -1.0683e-09 0
1951.29 11 0.00111588 -1.06824e-09 0
1951.29 11 0.0017302 -1.06814e-09 0
1951.29 11 0.0026827 -1.068e-09 0
1951.29 11 0.00415956 -1.06777e-09 0
1951.29 11 0.00644947 -1.06742e-09 0
1951.29 11 0.01 -1.06689e-09 0
1951.29 11 0.0155052 -1.06608e-09 0
1951.29 11 0.024041 -1.06486e-09 0
1951.29 11 0.0372759 -1.06308e-09 0
1951.29 11 0.0577969 -1.06055e-09 0
1951.29 11 0.0896151 -1.05722e-09 0
1951.29 11 0.13895 -1.05347e-09 0
1951.29 11 0.215443 -1.05081e-09 0
1951.29 11 0.334048 -1.05276e-09 0
1951.29 11 0.517947 -1.06367e-09 0
1951.29 11 0.803086 -1.08068e-09 0
1951.29 11 1.2452 -1.08508e-09 0
1951.29 11 1.9307 -1.06943e-09 0
1951.29 11 2.99358 -1.07359e-09 0
1951.29 11 4.64159 -1.10124e-09 0
1951.29 11 7.19686 -1.06907e-09 0
1951.29 11 11.1588 -1.07272e-09 0
1951.29 11 17.302 -1.04996e-09 0
1951.29 11 26.827 -9.51899e-10 0
1951.29 11 41.5956 -8.92313e-10 0
1951.29 11 64.4947 -8.16663e-10 0
1951.29 11 100 -7.00272e-10 0
1951.29 11 155.052 -5.80167e-10 0
1951.29 11 240.41 -4.53543e-10 0
1951.29 11 372.759 -3.05713e-10 0
1951.29 11 577.969 -1.91612e-10 0
1951.29 11 896.151 -1.15917e-10 0
1951.29 11 1389.5 -6.04051e-11 0
1951.29 11 2154.43 -2.84269e-11 0
1951.29 11 3340.48 -1.27656e-11 0
1951.29 11 5179.47 -5.53555e-12 0
1951.29 11 8030.86 -2.326e-12 0
1951.29 11 12452 -9.31607e-13 0
1951.29 11 19307 -3.65213e-13 0
1951.29 11 29935.8 -1.42622e-13 0
1951.29 11 46415.9 -5.54354e-14 0
1951.29 11 71968.6 -2.15032e-14 0
1951.29 11 111588 -8.36917e-15 0
1951.29 11 173020 -3.19415e-15 0
1951.29 11 268270 -1.21502e-15 0
1951.29 11 415956 -4.51519e-16 0
1951.29 11 644947 -1.58312e-16 0
1951.29 11 1e+06 -4.79944e-17 0

4757.94 11 1e-06 -2.02365e-10 0
4757.94 11 1.55052e-06 -2.02365e-10 0
4757.94 11 2.4041e-06 -2.02365e-10 0
4757.94 11 3.72759e-06 -2.02365e-10 0
4757.94 11 5.77969e-06 -2.02365e-10 0
4757.94 11 8.96151e-06 -2.02365e-10 0
4757.94 11 1.3895e-05 -2.02365e-10 0
4757.94 11 2.15443e-05 -2.02364e-10 0
4757.94 11 3.34048e-05 -2.02364e-10 0
4757.94 11 5.17947e-05 -2.02364e-10 0
4757.94 11 8.03086e-05 -2.02364e-10 0
4757.94 11 0.00012452 -2.02363e-10 0
4757.94 11 0.00019307 -2.02362e-10 0
4757.94 11 0.000299358 -2.02361e-10 0
4757.94 11 0.000464159 -2.02358e-10 0
4757.94 11 0.000719686 -2.02355e-10 0
4757.94 11 0.00111588 -2.02349e-10 0
4757.94 11 0.0017302 -2.02341e-10 0
4757.94 11 0.0026827 -2.02327e-10 0
4757.94 11 0.00415956 -2.02307e-10 0
4757.94 11 0.00644947 -2.02275e-10 0
4757.94 11 0.01 -2.02227e-10 0
4757.94 11 0.0155052 -2.02154e-10 0
4757.94 11 0.024041 -2.02043e-10 0
4757.94 11 0.0372759 -2.01882e-10 0
4757.94 11 0.0577969 -2.01653e-10 0
4757.94 11 0.0896151 -2.0135e-10 0
4757.94 11 0.13895 -2.01008e-10 0
4757.94 11 0.215443 -2.0076e-10 0
4757.94 11 0.334048 -2.00916e-10 0
4757.94 11 0.517947 -2.01866e-10 0
4757.94 11 0.803086 -2.03377e-10 0
4757.94 11 1.2452 -2.03828e-10 0
4757.94 11 1.9307 -2.02545e-10 0
4757.94 11 2.99358 -2.03e-10 0
4757.94 11 4.64159 -2.05555e-10 0
4757.94 11 7.19686 -2.03008e-10 0
4757.94 11 11.1588 -2.0365e-10 0
4757.94 11 17.302 -2.02301e-10 0
4757.94 11 26.827 -1.93803e-10 0
4757.94 11 41.5956 -1.88884e-10 0
4757.94 11 64.4947 -1.82328e-10 0
4757.94 11 100 -1.70541e-10 0
4757.94 11 155.052 -1.56757e-10 0
4757.94 11 240.41 -1.39794e-10 0
4757.94 11 372.759 -1.13643e-10 0
4757.94 11 577.969 -8.68973e-11 0
4757.94 11 896.151 -6.38841e-11 0
4757.94 11 1389.5 -4.09321e-11 0
4757.94 11 2154.43 -2.31085e-11 0
4757.94 11 3340.48 -1.20763e-11 0
4757.94 11 5179.47 -5.95371e-12 0
4757.94 11 8030.86 -2.78136e-12 0
4757.94 11 12452 -1.205e-12 0
4757.94 11 19307 -4.99266e-13 0
4757.94 11 29935.8 -2.02754e-13 0
4757.94 11 46415.9 -8.10343e-14 0
4757.94 11 71968.6 -3.20654e-14 0
4757.94 11 111588 -1.26572e-14 0
4757.94 11 173020 -4.8766e-15 0
4757.94 11 268270 -1.86733e-15 0
4757.94 11 415956 -6.9703e-16 0
4757.94 11 644947 -2.45084e-16 0
4757.94 11 1e+06 -7.44008e-17 0

11601.6 11 1e-06 -3.9087e-11 0
11601.6 11 1.55052e-06 -3.9087e-11 0
11601.6 11 2.4041e-06 -3.9087e-11 0
11601.6 11 3.72759e-06 -3.9087e-11 0
11601.6 11 5.77969e-06 -3.9087e-11 0
11601.6 11 8.96151e-06 -3.9087e-11 0
11601.6 11 1.3895e-05 -3.9087e-11 0
11601.6 11 2.15443e-05 -3.90869e-11 0
11601.6 11 3.34048e-05 -3.90869e-11 0
11601.6 11 5.17947e-05 -3.90869e-11 0
11601.6 11 8.03086e-05 -3.90869e-11 0
11601.6 11 0.00012452 -3.90868e-11 0
11601.6 11 0.00019307 -3.90867e-11 0
11601.6 11 0.000299358 -3.90866e-11 0
11601.6 11 0.000464159 -3.90864e-11 0
11601.6 11 0.000719686 -3.9086e-11 0
11601.6 11 0.00111588 -3.90855e-11 0
11601.6 11 0.0017302 -3.90847e-11 0
11601.6 11 0.0026827 -3.90835e-11 0
11601.6 11 0.00415956 -3.90816e-11 0
11601.6 11 0.00644947 -3.90786e-11 0
11601.6 11 0.01 -3.90741e-11 0
11601.6 11 0.0155052 -3.90672e-11 0
11601.6 11 0.024041 -3.9057e-11 0
11601.6 11 0.0372759 -3.90419e-11 0
11601.6 11 0.0577969 -3.90205e-11 0
11601.6 11 0.0896151 -3.89922e-11 0
11601.6 11 0.13895 -3.896e-11 0
11601.6 11 0.215443 -3.8936e-11 0
11601.6 11 0.334048 -3.89485e-11 0
11601.6 11 0.517947 -3.90334e-11 0
11601.6 11 0.803086 -3.91709e-11 0
11601.6 11 1.2452 -3.92164e-11 0
11601.6 11 1.9307 -3.91083e-11 0
11601.6 11 2.99358 -3.91549e-11 0
11601.6 11 4.64159 -3.9391e-11 0
11601.6 11 7.19686 -3.9182e-11 0
11601.6 11 11.1588 -3.9263e-11 0
11601.6 11 17.302 -3.91866e-11 0
11601.6 11 26.827 -3.84618e-11 0
11601.6 11 41.5956 -3.8081e-11 0
11601.6 11 64.4947 -3.75714e-11 0
11601.6 11 100 -3.65535e-11 0
11601.6 11 155.052 -3.5314e-11 0
11601.6 11 240.41 -3.36786e-11 0
11601.6 11 372.759 -3.06158e-11 0
11601.6 11 577.969 -2.68336e-11 0
11601.6 11 896.151 -2.29114e-11 0
11601.6 11 1389.5 -1.78278e-11 0
11601.6 11 2154.43 -1.24128e-11 0
11601.6 11 3340.48 -7.92538e-12 0
11601.6 11 5179.47 -4.71422e-12 0
11601.6 11 8030.86 -2.61075e-12 0
11601.6 11 12452 -1.29827e-12 0
11601.6 11 19307 -5.96231e-13 0
11601.6 11 29935.8 -2.61141e-13 0
11601.6 11 46415.9 -1.10311e-13 0
11601.6 11 71968.6 -4.54526e-14 0
11601.6 11 111588 -1.84697e-14 0
11601.6 11 173020 -7.25729e-15 0
11601.6 11 268270 -2.81778e-15 0
11601.6 11 415956 -1.06178e-15 0
11601.6 11 644947 -3.75588e-16 0
11601.6 11 1e+06 -1.14356e-16 0

28288.7 11 1e-06 -8.19211e-12 0
28288.7 11 1.55052e-06 -8.19211e-12 0
28288.7 11 2.4041e-06 -8.19211e-12 0
28288.7 11 3.72759e-06 -8.19211e-12 0
28288.7 11 5.77969e-06 -8.19211e-12 0
28288.7 11 8.96151e-06 -8.19211e-12 0
28288.7 11 1.3895e-05 -8.19211e-12 0
28288.7 11 2.15443e-05 -8.19211e-12 0
28288.7 11 3.34048e-05 -8.19211e-12 0
28288.7 11 5.17947e-05 -8.1921e-12 0
28288.7 11 8.03086e-05 -8.1921e-12 0
28288.7 11 0.00012452 -8.1921e-12 0
28288.7 11 0.00019307 -8.19209e-12 0
28288.7 11 0.000299358 -8.19207e-12 0
28288.7 11 0.000464159 -8.19205e-12 0
28288.7 11 0.000719686 -8.19202e-12 0
28288.7 11 0.00111588 -8.19197e-12 0
28288.7 11 0.0017302 -8.19189e-12 0
28288.7 11 0.0026827 -8.19177e-12 0
28288.7 11 0.00415956 -8.19159e-12 0
28288.7 11 0.00644947 -8.1913e-12 0
28288.7 11 0.01 -8.19086e-12 0
28288.7 11 0.0155052 -8.1902e-12 0
28288.7 11 0.024041 -8.1892e-12 0
28288.7 11 0.0372759 -8.18773e-12 0
28288.7 11 0.0577969 -8.18566e-12 0
28288.7 11 0.0896151 -8.18291e-12 0
28288.7 11 0.13895 -8.17976e-12 0
28288.7 11 0.215443 -8.17737e-12 0
28288.7 11 0.334048 -8.17843e-12 0
28288.7 11 0.517947 -8.18636e-12 0
28288.7 11 0.803086 -8.19938e-12 0
28288.7 11 1.2452 -8.20399e-12 0
28288.7 11 1.9307 -8.1943e-12 0
28288.7 11 2.99358 -8.19899e-12 0
28288.7 11 4.64159 -8.22142e-12 0
28288.7 11 7.19686 -8.20299e-12 0
28288.7 11 11.1588 -8.21197e-12 0
28288.7 11 17.302 -8.20738e-12 0
28288.7 11 26.827 -8.14236e-12 0
28288.7 11 41.5956 -8.11114e-12 0
28288.7 11 64.4947 -8.06987e-12 0
28288.7 11 100 -7.98141e-12 0
28288.7 11 155.052 -7.87351e-12 0
28288.7 11 240.41 -7.72832e-12 0
28288.7 11 372.759 -7.42146e-12 0
28288.7 11 577.969 -7.00289e-12 0
28288.7 11 896.151 -6.52454e-12 0
28288.7 11 1389.5 -5.78669e-12 0
28288.7 11 2154.43 -4.77838e-12 0
28288.7 11 3340.48 -3.68355e-12 0
28288.7 11 5179.47 -2.66498e-12 0
28288.7 11 8030.86 -1.79702e-12 0
28288.7 11 12452 -1.07586e-12 0
28288.7 11 19307 -5.77343e-13 0
28288.7 11 29935.8 -2.86172e-13 0
28288.7 11 46415.9 -1.33072e-13 0
28288.7 11 71968.6 -5.89961e-14 0
28288.7 11 111588 -2.52983e-14 0
28288.7 11 173020 -1.03166e-14 0
28288.7 11 268270 -4.11355e-15 0
28288.7 11 415956 -1.5786e-15 0
28288.7 11 644947 -5.65039e-16 0
28288.7 11 1e+06 -1.73079e-16 0

68977.9 11 1e-06 -1.73647e-12 0
68977.9 11 1.55052e-06 -1.73647e-12 0
68977.9 11 2.4041e-06 -1.73647e-12 0
68977.9 11 3.72759e-06 -1.73647e-12 0
68977.9 11 5.77969e-06 -1.73647e-12 0
68977.9 11 8.96151e-06 -1.73647e-12 0
68977.9 11 1.3895e-05 -1.73647e-12 0
68977.9 11 2.15443e-05 -1.73647e-12 0
68977.9 11 3.34048e-05 -1.73647e-12 0
68977.9 11 5.17947e-05 -1.73647e-12 0
68977.9 11 8.03086e-05 -1.73647e-12 0
68977.9 11 0.00012452 -1.73647e-12 0
68977.9 11 0.00019307 -1.73647e-12 0
68977.9 11 0.000299358 -1.73647e-12 0
68977.9 11 0.000464159 -1.73646e-12 0
68977.9 11 0.000719686 -1.73646e-12 0
68977.9 11 0.00111588 -1.73646e-12 0
68977.9 11 0.0017302 -1.73645e-12 0
68977.9 11 0.0026827 -1.73644e-12 0
68977.9 11 0.00415956 -1.73642e-12 0
68977.9 11 0.00644947 -1.73639e-12 0
68977.9 11 0.01 -1.73635e-12 0
68977.9 11 0.0155052 -1.73628e-12 0
68977.9 11 0.024041 -1.73618e-12 0
68977.9 11 0.0372759 -1.73604e-12 0
68977.9 11 0.0577969 -1.73584e-12 0
68977.9 11 0.0896151 -1.73557e-12 0
68977.9 11 0.13895 -1.73526e-12 0
68977.9 11 0.215443 -1.73502e-12 0
68977.9 11 0.334048 -1.7351e-12 0
68977.9 11 0.517947 -1.73586e-12 0
68977.9 11 0.803086 -1.73711e-12 0
68977.9 11 1.2452 -1.73757e-12 0
68977.9 11 1.9307 -1.7367e-12 0
68977.9 11 2.99358 -1.73717e-12 0
68977.9 11 4.64159 -1.73933e-12 0
68977.9 11 7.19686 -1.73768e-12 0
68977.9 11 11.1588 -1.73867e-12 0
68977.9 11 17.302 -1.73846e-12 0
68977.9 11 26.827 -1.73262e-12 0
68977.9 11 41.5956 -1.73014e-12 0
68977.9 11 64.4947 -1.72696e-12 0
68977.9 11 100 -1.71959e-12 0
68977.9 11 155.052 -1.71085e-12 0
68977.9 11 240.41 -1.69921e-12 0
68977.9 11 372.759 -1.67195e-12 0
68977.9 11 577.969 -1.63314e-12 0
68977.9 11 896.151 -1.58775e-12 0
68977.9 11 1389.5 -1.5096e-12 0
68977.9 11 2154.43 -1.38362e-12 0
68977.9 11 3340.48 -1.2179e-12 0
68977.9 11 5179.47 -1.02863e-12 0
68977.9 11 8030.86 -8.2629e-13 0
68977.9 11 12452 -6.0364e-13 0
68977.9 11 19307 -3.95399e-13 0
68977.9 11 29935.8 -2.34871e-13 0
68977.9 11 46415.9 -1.27583e-13 0
68977.9 11 71968.6 -6.42667e-14 0
68977.9 11 111588 -3.04165e-14 0
68977.9 11 173020 -1.33156e-14 0
68977.9 11 268270 -5.59366e-15 0
68977.9 11 415956 -2.22644e-15 0
68977.9 11 644947 -8.16319e-16 0
68977.9 11 1e+06 -2.53256e-16 0

168192 11 1e-06 -3.7272e-13 0
168192 11 1.55052e-06 -3.7272e-13 0
168192 11 2.4041e-06 -3.7272e-13 0
168192 11 3.72759e-06 -3.72719e-13 0
168192 11 5.77969e-06 -3.7272e-13 0
168192 11 8.96151e-06 -3.7272e-13 0
168192 11 1.3895e-05 -3.7272e-13 0
168192 11 2.15443e-05 -3.7272e-13 0
168192 11 3.34048e-05 -3.7272e-13 0
168192 11 5.17947e-05 -3.7272e-13 0
168192 11 8.03086e-05 -3.72719e-13 0
168192 11 0.00012452 -3.72719e-13 0
168192 11 0.00019307 -3.72719e-13 0
168192 11 0.000299358 -3.72719e-13 0
168192 11 0.000464159 -3.72719e-13 0
168192 11 0.000719686 -3.72719e-13 0
168192 11 0.00111588 -3.72718e-13 0
168192 11 0.0017302 -3.72717e-13 0
168192 11 0.0026827 -3.72716e-13 0
168192 11 0.00415956 -3.72714e-13 0
168192 11 0.00644947 -3.72712e-13 0
168192 11 0.01 -3.72707e-13 0
168192 11 0.0155052 -3.72701e-13 0
168192 11 0.024041 -3.72691e-13 0
168192 11 0.0372759 -3.72677e-13 0
168192 11 0.0577969 -3.72657e-13 0
168192 11 0.0896151 -3.7263e-13 0
168192 11 0.13895 -3.72599e-13 0
168192 11 0.215443 -3.72574e-13 0
168192 11 0.334048 -3.72582e-13 0
168192 11 0.517947 -3.72654e-13 0
168192 11 0.803086 -3.72775e-13 0
168192 11 1.2452 -3.72823e-13 0
168192 11 1.9307 -3.72742e-13 0
168192 11 2.99358 -3.7279e-13 0
168192 11 4.64159 -3.72998e-13 0
168192 11 7.19686 -3.72849e-13 0
168192 11 11.1588 -3.72953e-13 0
168192 11 17.302 -3.7295e-13 0
168192 11 26.827 -3.72416e-13 0
168192 11 41.5956 -3.72216e-13 0
168192 11 64.4947 -3.71969e-13 0
168192 11 100 -3.7135e-13 0
168192 11 155.052 -3.70644e-13 0
168192 11 240.41 -3.69728e-13 0
168192 11 372.759 -3.6737e-13 0
168192 11 577.969 -3.63969e-13 0
168192 11 896.151 -3.60062e-13 0
168192 11 1389.5 -3.52875e-13 0
168192 11 2154.43 -3.40123e-13 0
168192 11 3340.48 -3.21476e-13 0
168192 11 5179.47 -2.97564e-13 0
168192 11 8030.86 -2.68176e-13 0
168192 11 12452 -2.28486e-13 0
168192 11 19307 -1.80211e-13 0
168192 11 29935.8 -1.30661e-13 0
168192 11 46415.9 -8.65184e-14 0
168192 11 71968.6 -5.23506e-14 0
168192 11 111588 -2.8948e-14 0
168192 11 173020 -1.4318e-14 0
168192 11 268270 -6.61502e-15 0
168192 11 415956 -2.82213e-15 0
168192 11 644947 -1.08476e-15 0
168192 11 1e+06 -3.45481e-16 0

410113 11 1e-06 -8.19414e-14 0
410113 11 1.55052e-06 -8.19415e-14 0
410113 11 2.4041e-06 -8.19417e-14 0
410113 11 3.72759e-06 -8.19415e-14 0
410113 11 5.77969e-06 -8.19414e-14 0
410113 11 8.96151e-06 -8.19415e-14 0
410113 11 1.3895e-05 -8.19415e-14 0
410113 11 2.15443e-05 -8.19415e-14 0
410113 11 3.34048e-05 -8.19415e-14 0
410113 11 5.17947e-05 -8.19415e-14 0
410113 11 8.03086e-05 -8.19415e-14 0
410113 11 0.00012452 -8.19415e-14 0
410113 11 0.00019307 -8.19415e-14 0
410113 11 0.000299358 -8.19415e-14 0
410113 11 0.000464159 -8.19414e-14 0
410113 11 0.000719686 -8.19414e-14 0
410113 11 0.00111588 -8.19414e-14 0
410113 11 0.0017302 -8.19413e-14 0
410113 11 0.0026827 -8.19412e-14 0
410113 11 0.00415956 -8.1941e-14 0
410113 11 0.00644947 -8.19407e-14 0
410113 11 0.01 -8.19403e-14 0
410113 11 0.0155052 -8.19396e-14 0
410113 11 0.024041 -8.19386e-14 0
410113 11 0.0372759 -8.19372e-14 0
410113 11 0.0577969 -8.19352e-14 0
410113 11 0.0896151 -8.19325e-14 0
410113 11 0.13895 -8.19293e-14 0
410113 11 0.215443 -8.19268e-14 0
410113 11 0.334048 -8.19275e-14 0
410113 11 0.517947 -8.19344e-14 0
410113 11 0.803086 -8.19463e-14 0
410113 11 1.2452 -8.19512e-14 0
410113 11 1.9307 -8.19436e-14 0
410113 11 2.99358 -8.19484e-14 0
410113 11 4.64159 -8.19687e-14 0
410113 11 7.19686 -8.19548e-14 0
410113 11 11.1588 -8.19656e-14 0
410113 11 17.302 -8.19666e-14 0
410113 11 26.827 -8.19168e-14 0
410113 11 41.5956 -8.19002e-14 0
410113 11 64.4947 -8.18807e-14 0
410113 11 100 -8.18274e-14 0
410113 11 155.052 -8.17692e-14 0
410113 11 240.41 -8.16962e-14 0
410113 11 372.759 -8.14904e-14 0
410113 11 577.969 -8.11931e-14 0
410113 11 896.151 -8.08634e-14 0
410113 11 1389.5 -8.02281e-14 0
410113 11 2154.43 -7.90352e-14 0
410113 11 3340.48 -7.71979e-14 0
410113 11 5179.47 -7.47157e-14 0
410113 11 8030.86 -7.14597e-14 0
410113 11 12452 -6.65086e-14 0
410113 11 19307 -5.93486e-14 0
410113 11 29935.8 -5.02272e-14 0
410113 11 46415.9 -3.97896e-14 0
410113 11 71968.6 -2.91708e-14 0
410113 11 111588 -1.94569e-14 0
410113 11 173020 -1.14272e-14 0
410113 11 268270 -6.11928e-15 0
410113 11 415956 -2.93234e-15 0
410113 11 644947 -1.22595e-15 0
410113 11 1e+06 -4.10454e-16 0

1e+06 11 1e-06 -1.73415e-14 0
1e+06 11 1.55052e-06 -1.73415e-14 0
1e+06 11 2.4041e-06 -1.73417e-14 0
1e+06 11 3.72759e-06 -1.73416e-14 0
1e+06 11 5.77969e-06 -1.73416e-14 0
1e+06 11 8.96151e-06 -1.73416e-14 0
1e+06 11 1.3895e-05 -1.73416e-14 0
1e+06 11 2.15443e-05 -1.73416e-14 0
1e+06 11 3.34048e-05 -1.73416e-14 0
1e+06 11 5.17947e-05 -1.73416e-14 0
1e+06 11 8.03086e-05 -1.73416e-14 0
1e+06 11 0.00012452 -1.73416e-14 0
1e+06 11 0.00019307 -1.73416e-14 0
1e+06 11 0.000299358 -1.73416e-14 0
1e+06 11 0.000464159 -1.73416e-14 0
1e+06 11 0.000719686 -1.73416e-14 0
1e+06 11 0.00111588 -1.73416e-14 0
1e+06 11 0.0017302 -1.73416e-14 0
1e+06 11 0.0026827 -1.73415e-14 0
1e+06 11 0.00415956 -1.73415e-14 0
1e+06 11 0.00644947 -1.73415e-14 0
1e+06 11 0.01 -1.73415e-14 0
1e+06 11 0.0155052 -1.73414e-14 0
1e+06 11 0.024041 -1.73413e-14 0
1e+06 11 0.0372759 -1.73412e-14 0
1e+06 11 0.0577969 -1.73409e-14 0
1e+06 11 0.0896151 -1.73407e-14 0
1e+06 11 0.13895 -1.73404e-14 0
1e+06 11 0.215443 -1.73401e-14 0
1e+06 11 0.334048 -1.73402e-14 0
1e+06 11 0.517947 -1.73408e-14 0
1e+06 11 0.803086 -1.7342e-14 0
1e+06 11 1.2452 -1.73424e-14 0
1e+06 11 1.9307 -1.73418e-14 0
1e+06 11 2.99358 -1.73422e-14 0
1e+06 11 4.64159 -1.73441e-14 0
1e+06 11 7.19686 -1.73429e-14 0
1e+06 11 11.1588 -1.7344e-14 0
1e+06 11 17.302 -1.73442e-14 0
1e+06 11 26.827 -1.73396e-14 0
1e+06 11 41.5956 -1.73382e-14 0
1e+06 11 64.4947 -1.73367e-14 0
1e+06 11 100 -1.73322e-14 0
1e+06 11 155.052 -1.73275e-14 0
1e+06 11 240.41 -1.73218e-14 0
1e+06 11 372.759 -1.73041e-14 0
1e+06 11 577.969 -1.72787e-14 0
1e+06 11 896.151 -1.72518e-14 0
1e+06 11 1389.5 -1.71978e-14 0
1e+06 11 2154.43 -1.70922e-14 0
1e+06 11 3340.48 -1.69256e-14 0
1e+06 11 5179.47 -1.66966e-14 0
1e+06 11 8030.86 -1.63901e-14 0
1e+06 11 12452 -1.58953e-14 0
1e+06 11 19307 -1.51091e-14 0
1e+06 11 29935.8 -1.39736e-14 0
1e+06 11 46415.9 -1.24462e-14 0
1e+06 11 71968.6 -1.05482e-14 0
1e+06 11 111588 -8.32206e-15 0
1e+06 11 173020 -5.8924e-15 0
1e+06 11 268270 -3.78465e-15 0
1e+06 11 415956 -2.13012e-15 0
1e+06 11 644947 -1.01205e-15 0
1e+06 11 1e+06 -3.68057e-16 0

