#q_sq i k_sq Re(fg) Im(fg)
1e-06 9 1e-06 -0.411629 0
1e-06 9 1.55052e-06 -0.411627 0
1e-06 9 2.4041e-06 -0.411624 0
1e-06 9 3.72759e-06 -0.411619 0
1e-06 9 5.77969e-06 -0.411612 0
1e-06 9 8.96151e-06 -0.4116 0
1e-06 9 1.3895e-05 -0.411582 0
1e-06 9 2.15443e-05 -0.411553 0
1e-06 9 3.34048e-05 -0.411509 0
1e-06 9 5.17947e-05 -0.411441 0
1e-06 9 8.03086e-05 -0.411335 0
1e-06 9 0.00012452 -0.411171 0
1e-06 9 0.00019307 -0.410917 0
1e-06 9 0.000299358 -0.410523 0
1e-06 9 0.000464159 -0.409911 0
1e-06 9 0.000719686 -0.408964 0
1e-06 9 0.00111588 -0.407498 0
1e-06 9 0.0017302 -0.405229 0
1e-06 9 0.0026827 -0.40172 0
1e-06 9 0.00415956 -0.396305 0
1e-06 9 0.00644947 -0.387974 0
1e-06 9 0.01 -0.375201 0
1e-06 9 0.0155052 -0.355741 0
1e-06 9 0.024041 -0.326416 0
1e-06 9 0.0372759 -0.282898 0
1e-06 9 0.0577969 -0.219906 0
1e-06 9 0.0896151 -0.132427 0
1e-06 9 0.13895 -0.0188112 0
1e-06 9 0.215443 0.112571 0
1e-06 9 0.334048 0.23481 0
1e-06 9 0.517947 0.303146 0
1e-06 9 0.803086 0.286865 0
1e-06 9 1.2452 0.216784 0
1e-06 9 1.9307 0.140428 0
1e-06 9 2.99358 0.0747552 0
1e-06 9 4.64159 0.0327565 0
1e-06 9 7.19686 0.0108554 0
1e-06 9 11.1588 0.00446668 0
1e-06 9 17.302 0.00127572 0
1e-06 9 26.827 0.000279166 0
1e-06 9 41.5956 0.000121927 0
1e-06 9 64.4947 5.65612e-05 0
1e-06 9 100 2.50277e-05 0
1e-06 9 155.052 1.3337e-05 0
1e-06 9 240.41 6.11392e-06 0
1e-06 9 372.759 1.84574e-06 0
1e-06 9 577.969 8.30291e-07 0
1e-06 9 896.151 4.86112e-07 0
1e-06 9 1389.5 2.41704e-08 0
1e-06 9 2154.43 -1.77228e-07 0
1e-06 9 3340.48 -1.65248e-07 0
1e-06 9 5179.47 -9.97363e-08 0
1e-06 9 8030.86 -6.17196e-08 0
1e-06 9 12452 -5.01629e-08 0
1e-06 9 19307 -4.10762e-08 0
1e-06 9 29935.8 -3.06086e-08 0
1e-06 9 46415.9 -2.15018e-08 0
1e-06 9 71968.6 -1.49023e-08 0
1e-06 9 111588 -1.12413e-08 0
1e-06 9 173020 -8.92947e-09 0
1e-06 9 268270 -7.09487e-09 0
1e-06 9 415956 -5.76484e-09 0
1e-06 9 644947 -4.69884e-09 0
1e-06 9 1e+06 -3.45226e-09 0

2.43835e-06 9 1e-06 -0.411629 0
2.43835e-06 9 1.55052e-06 -0.411627 0
2.43835e-06 9 2.4041e-06 -0.411623 0
2.43835e-06 9 3.72759e-06 -0.411619 0
2.43835e-06 9 5.77969e-06 -0.411611 0
2.43835e-06 9 8.96151e-06 -0.411599 0
2.43835e-06 9 1.3895e-05 -0.411581 0
2.43835e-06 9 2.15443e-05 -0.411552 0
2.43835e-06 9 3.34048e-05 -0.411508 0
2.43835e-06 9 5.17947e-05 -0.41144 0
2.43835e-06 9 8.03086e-05 -0.411334 0
2.43835e-06 9 0.00012452 -0.41117 0
2.43835e-06 9 0.00019307 -0.410916 0
2.43835e-06 9 0.000299358 -0.410522 0
2.43835e-06 9 0.000464159 -0.40991 0
2.43835e-06 9 0.000719686 -0.408963 0
2.43835e-06 9 0.00111588 -0.407497 0
2.43835e-06 9 0.0017302 -0.405228 0
2.43835e-06 9 0.0026827 -0.401719 0
2.43835e-06 9 0.00415956 -0.396304 0
2.43835e-06 9 0.00644947 -0.387973 0
2.43835e-06 9 0.01 -0.3752 0
2.43835e-06 9 0.0155052 -0.355741 0
2.43835e-06 9 0.024041 -0.326416 0
2.43835e-06 9 0.0372759 -0.282897 0
2.43835e-06 9 0.0577969 -0.219906 0
2.43835e-06 9 0.0896151 -0.132426 0
2.43835e-06 9 0.13895 -0.0188109 0
2.43835e-06 9 0.215443 0.112571 0
2.43835e-06 9 0.334048 0.23481 0
2.43835e-06 9 0.517947 0.303146 0
2.43835e-06 9 0.803086 0.286865 0
2.43835e-06 9 1.2452 0.216784 0
2.43835e-06 9 1.9307 0.140428 0
2.43835e-06 9 2.99358 0.0747552 0
2.43835e-06 9 4.64159 0.0327565 0
2.43835e-06 9 7.19686 0.0108554 0
2.43835e-06 9 11.1588 0.00446668 0
2.43835e-06 9 17.302 0.00127572 0
2.43835e-06 9 26.827 0.000279166 0
2.43835e-06 9 41.5956 0.000121927 0
2.43835e-06 9 64.4947 5.65612e-05 0
2.43835e-06 9 100 2.50277e-05 0
2.43835e-06 9 155.052 1.3337e-05 0
2.43835e-06 9 240.41 6.11392e-06 0
2.43835e-06 9 372.759 1.84574e-06 0
2.43835e-06 9 577.969 8.30291e-07 0
2.43835e-06 9 896.151 4.86112e-07 0
2.43835e-06 9 1389.5 2.41704e-08 0
2.43835e-06 9 2154.43 -1.77228e-07 0
2.43835e-06 9 3340.48 -1.65248e-07 0
2.43835e-06 9 5179.47 -9.97363e-08 0
2.43835e-06 9 8030.86 -6.17196e-08 0
2.43835e-06 9 12452 -5.01629e-08 0
2.43835e-06 9 19307 -4.10762e-08 0
2.43835e-06 9 29935.8 -3.06086e-08 0
2.43835e-06 9 46415.9 -2.15018e-08 0
2.43835e-06 9 71968.6 -1.49023e-08 0
2.43835e-06 9 111588 -1.12413e-08 0
2.43835e-06 9 173020 -8.92947e-09 0
2.43835e-06 9 268270 -7.09487e-09 0
2.43835e-06 9 415956 -5.76484e-09 0
2.43835e-06 9 644947 -4.69884e-09 0
2.43835e-06 9 1e+06 -3.45226e-09 0

5.94557e-06 9 1e-06 -0.411627 0
5.94557e-06 9 1.55052e-06 -0.411625 0
5.94557e-06 9 2.4041e-06 -0.411621 0
5.94557e-06 9 3.72759e-06 -0.411617 0
5.94557e-06 9 5.77969e-06 -0.411609 0
5.94557e-06 9 8.96151e-06 -0.411597 0
5.94557e-06 9 1.3895e-05 -0.411579 0
5.94557e-06 9 2.15443e-05 -0.411551 0
5.94557e-06 9 3.34048e-05 -0.411506 0
5.94557e-06 9 5.17947e-05 -0.411438 0
5.94557e-06 9 8.03086e-05 -0.411332 0
5.94557e-06 9 0.00012452 -0.411168 0
5.94557e-06 9 0.00019307 -0.410914 0
5.94557e-06 9 0.000299358 -0.41052 0
5.94557e-06 9 0.000464159 -0.409908 0
5.94557e-06 9 0.000719686 -0.408961 0
5.94557e-06 9 0.00111588 -0.407495 0
5.94557e-06 9 0.0017302 -0.405226 0
5.94557e-06 9 0.0026827 -0.401717 0
5.94557e-06 9 0.00415956 -0.396302 0
5.94557e-06 9 0.00644947 -0.387971 0
5.94557e-06 9 0.01 -0.375198 0
5.94557e-06 9 0.0155052 -0.355739 0
5.94557e-06 9 0.024041 -0.326414 0
5.94557e-06 9 0.0372759 -0.282896 0
5.94557e-06 9 0.0577969 -0.219904 0
5.94557e-06 9 0.0896151 -0.132425 0
5.94557e-06 9 0.13895 -0.0188099 0
5.94557e-06 9 0.215443 0.112571 0
5.94557e-06 9 0.334048 0.234811 0
5.94557e-06 9 0.517947 0.303146 0
5.94557e-06 9 0.803086 0.286865 0
5.94557e-06 9 1.2452 0.216784 0
5.94557e-06 9 1.9307 0.140428 0
5.94557e-06 9 2.99358 0.0747552 0
5.94557e-06 9 4.64159 0.0327565 0
5.94557e-06 9 7.19686 0.0108554 0
5.94557e-06 9 11.1588 0.00446667 0
5.94557e-06 9 17.302 0.00127572 0
5.94557e-06 9 26.827 0.000279166 0
5.94557e-06 9 41.5956 0.000121927 0
5.94557e-06 9 64.4947 5.65612e-05 0
5.94557e-06 9 100 2.50277e-05 0
5.94557e-06 9 155.052 1.3337e-05 0
5.94557e-06 9 240.41 6.11391e-06 0
5.94557e-06 9 372.759 1.84574e-06 0
5.94557e-06 9 577.969 8.30291e-07 0
5.94557e-06 9 896.151 4.86112e-07 0
5.94557e-06 9 1389.5 2.41704e-08 0
5.94557e-06 9 2154.43 -1.77228e-07 0
5.94557e-06 9 3340.48 -1.65248e-07 0
5.94557e-06 9 5179.47 -9.97363e-08 0
5.94557e-06 9 8030.86 -6.17196e-08 0
5.94557e-06 9 12452 -5.01629e-08 0
5.94557e-06 9 19307 -4.10762e-08 0
5.94557e-06 9 29935.8 -3.06086e-08 0
5.94557e-06 9 46415.9 -2.15018e-08 0
5.94557e-06 9 71968.6 -1.49023e-08 0
5.94557e-06 9 111588 -1.12413e-08 0
5.94557e-06 9 173020 -8.92947e-09 0
5.94557e-06 9 268270 -7.09487e-09 0
5.94557e-06 9 415956 -5.76484e-09 0
5.94557e-06 9 644947 -4.69884e-09 0
5.94557e-06 9 1e+06 -3.45226e-09 0

1.44974e-05 9 1e-06 -0.411622 0
1.44974e-05 9 1.55052e-06 -0.41162 0
1.44974e-05 9 2.4041e-06 -0.411617 0
1.44974e-05 9 3.72759e-06 -0.411612 0
1.44974e-05 9 5.77969e-06 -0.411604 0
1.44974e-05 9 8.96151e-06 -0.411592 0
1.44974e-05 9 1.3895e-05 -0.411574 0
1.44974e-05 9 2.15443e-05 -0.411546 0
1.44974e-05 9 3.34048e-05 -0.411502 0
1.44974e-05 9 5.17947e-05 -0.411433 0
1.44974e-05 9 8.03086e-05 -0.411328 0
1.44974e-05 9 0.00012452 -0.411164 0
1.44974e-05 9 0.00019307 -0.410909 0
1.44974e-05 9 0.000299358 -0.410515 0
1.44974e-05 9 0.000464159 -0.409904 0
1.44974e-05 9 0.000719686 -0.408956 0
1.44974e-05 9 0.00111588 -0.40749 0
1.44974e-05 9 0.0017302 -0.405222 0
1.44974e-05 9 0.0026827 -0.401712 0
1.44974e-05 9 0.00415956 -0.396297 0
1.44974e-05 9 0.00644947 -0.387966 0
1.44974e-05 9 0.01 -0.375193 0
1.44974e-05 9 0.0155052 -0.355734 0
1.44974e-05 9 0.024041 -0.32641 0
1.44974e-05 9 0.0372759 -0.282892 0
1.44974e-05 9 0.0577969 -0.219901 0
1.44974e-05 9 0.0896151 -0.132422 0
1.44974e-05 9 0.13895 -0.0188077 0
1.44974e-05 9 0.215443 0.112573 0
1.44974e-05 9 0.334048 0.234811 0
1.44974e-05 9 0.517947 0.303146 0
1.44974e-05 9 0.803086 0.286865 0
1.44974e-05 9 1.2452 0.216784 0
1.44974e-05 9 1.9307 0.140428 0
1.44974e-05 9 2.99358 0.0747551 0
1.44974e-05 9 4.64159 0.0327565 0
1.44974e-05 9 7.19686 0.0108553 0
1.44974e-05 9 11.1588 0.00446667 0
1.44974e-05 9 17.302 0.00127572 0
1.44974e-05 9 26.827 0.000279166 0
1.44974e-05 9 41.5956 0.000121927 0
1.44974e-05 9 64.4947 5.65612e-05 0
1.44974e-05 9 100 2.50277e-05 0
1.44974e-05 9 155.052 1.3337e-05 0
1.44974e-05 9 240.41 6.11391e-06 0
1.44974e-05 9 372.759 1.84574e-06 0
1.44974e-05 9 577.969 8.30291e-07 0
1.44974e-05 9 896.151 4.86112e-07 0
1.44974e-05 9 1389.5 2.41704e-08 0
1.44974e-05 9 2154.43 -1.77228e-07 0
1.44974e-05 9 3340.48 -1.65248e-07 0
1.44974e-05 9 5179.47 -9.97363e-08 0
1.44974e-05 9 8030.86 -6.17196e-08 0
1.44974e-05 9 12452 -5.01629e-08 0
1.44974e-05 9 19307 -4.10762e-08 0
1.44974e-05 9 29935.8 -3.06086e-08 0
1.44974e-05 9 46415.9 -2.15018e-08 0
1.44974e-05 9 71968.6 -1.49023e-08 0
1.44974e-05 9 111588 -1.12413e-08 0
1.44974e-05 9 173020 -8.92947e-09 0
1.44974e-05 9 268270 -7.09487e-09 0
1.44974e-05 9 415956 -5.76484e-09 0
1.44974e-05 9 644947 -4.69884e-09 0
1.44974e-05 9 1e+06 -3.45226e-09 0

3.53498e-05 9 1e-06 -0.41161 0
3.53498e-05 9 1.55052e-06 -0.411608 0
3.53498e-05 9 2.4041e-06 -0.411605 0
3.53498e-05 9 3.72759e-06 -0.4116 0
3.53498e-05 9 5.77969e-06 -0.411592 0
3.53498e-05 9 8.96151e-06 -0.411581 0
3.53498e-05 9 1.3895e-05 -0.411562 0
3.53498e-05 9 2.15443e-05 -0.411534 0
3.53498e-05 9 3.34048e-05 -0.41149 0
3.53498e-05 9 5.17947e-05 -0.411422 0
3.53498e-05 9 8.03086e-05 -0.411316 0
3.53498e-05 9 0.00012452 -0.411152 0
3.53498e-05 9 0.00019307 -0.410898 0
3.53498e-05 9 0.000299358 -0.410503 0
3.53498e-05 9 0.000464159 -0.409892 0
3.53498e-05 9 0.000719686 -0.408945 0
3.53498e-05 9 0.00111588 -0.407479 0
3.53498e-05 9 0.0017302 -0.40521 0
3.53498e-05 9 0.0026827 -0.401701 0
3.53498e-05 9 0.00415956 -0.396286 0
3.53498e-05 9 0.00644947 -0.387955 0
3.53498e-05 9 0.01 -0.375182 0
3.53498e-05 9 0.0155052 -0.355724 0
3.53498e-05 9 0.024041 -0.326399 0
3.53498e-05 9 0.0372759 -0.282882 0
3.53498e-05 9 0.0577969 -0.219892 0
3.53498e-05 9 0.0896151 -0.132415 0
3.53498e-05 9 0.13895 -0.0188022 0
3.53498e-05 9 0.215443 0.112576 0
3.53498e-05 9 0.334048 0.234812 0
3.53498e-05 9 0.517947 0.303146 0
3.53498e-05 9 0.803086 0.286864 0
3.53498e-05 9 1.2452 0.216783 0
3.53498e-05 9 1.9307 0.140427 0
3.53498e-05 9 2.99358 0.0747549 0
3.53498e-05 9 4.64159 0.0327564 0
3.53498e-05 9 7.19686 0.0108553 0
3.53498e-05 9 11.1588 0.00446667 0
3.53498e-05 9 17.302 0.00127572 0
3.53498e-05 9 26.827 0.000279166 0
3.53498e-05 9 41.5956 0.000121927 0
3.53498e-05 9 64.4947 5.65612e-05 0
3.53498e-05 9 100 2.50277e-05 0
3.53498e-05 9 155.052 1.33369e-05 0
3.53498e-05 9 240.41 6.11391e-06 0
3.53498e-05 9 372.759 1.84574e-06 0
3.53498e-05 9 577.969 8.30291e-07 0
3.53498e-05 9 896.151 4.86112e-07 0
3.53498e-05 9 1389.5 2.41704e-08 0
3.53498e-05 9 2154.43 -1.77228e-07 0
3.53498e-05 9 3340.48 -1.65248e-07 0
3.53498e-05 9 5179.47 -9.97363e-08 0
3.53498e-05 9 8030.86 -6.17196e-08 0
3.53498e-05 9 12452 -5.01629e-08 0
3.53498e-05 9 19307 -4.10762e-08 0
3.53498e-05 9 29935.8 -3.06086e-08 0
3.53498e-05 9 46415.9 -2.15018e-08 0
3.53498e-05 9 71968.6 -1.49023e-08 0
3.53498e-05 9 111588 -1.12413e-08 0
3.53498e-05 9 173020 -8.92947e-09 0
3.53498e-05 9 268270 -7.09487e-09 0
3.53498e-05 9 415956 -5.76484e-09 0
3.53498e-05 9 644947 -4.69884e-09 0
3.53498e-05 9 1e+06 -3.45226e-09 0

8.61954e-05 9 1e-06 -0.411581 0
8.61954e-05 9 1.55052e-06 -0.411579 0
8.61954e-05 9 2.4041e-06 -0.411576 0
8.61954e-05 9 3.72759e-06 -0.411571 0
8.61954e-05 9 5.77969e-06 -0.411564 0
8.61954e-05 9 8.96151e-06 -0.411552 0
8.61954e-05 9 1.3895e-05 -0.411534 0
8.61954e-05 9 2.15443e-05 -0.411505 0
8.61954e-05 9 3.34048e-05 -0.411461 0
8.61954e-05 9 5.17947e-05 -0.411393 0
8.61954e-05 9 8.03086e-05 -0.411287 0
8.61954e-05 9 0.00012452 -0.411123 0
8.61954e-05 9 0.00019307 -0.410869 0
8.61954e-05 9 0.000299358 -0.410475 0
8.61954e-05 9 0.000464159 -0.409863 0
8.61954e-05 9 0.000719686 -0.408916 0
8.61954e-05 9 0.00111588 -0.40745 0
8.61954e-05 9 0.0017302 -0.405182 0
8.61954e-05 9 0.0026827 -0.401673 0
8.61954e-05 9 0.00415956 -0.396258 0
8.61954e-05 9 0.00644947 -0.387927 0
8.61954e-05 9 0.01 -0.375155 0
8.61954e-05 9 0.0155052 -0.355697 0
8.61954e-05 9 0.024041 -0.326374 0
8.61954e-05 9 0.0372759 -0.282858 0
8.61954e-05 9 0.0577969 -0.219871 0
8.61954e-05 9 0.0896151 -0.132397 0
8.61954e-05 9 0.13895 -0.0187889 0
8.61954e-05 9 0.215443 0.112584 0
8.61954e-05 9 0.334048 0.234815 0
8.61954e-05 9 0.517947 0.303145 0
8.61954e-05 9 0.803086 0.286862 0
8.61954e-05 9 1.2452 0.216781 0
8.61954e-05 9 1.9307 0.140426 0
8.61954e-05 9 2.99358 0.0747544 0
8.61954e-05 9 4.64159 0.0327562 0
8.61954e-05 9 7.19686 0.0108553 0
8.61954e-05 9 11.1588 0.00446666 0
8.61954e-05 9 17.302 0.00127572 0
8.61954e-05 9 26.827 0.000279166 0
8.61954e-05 9 41.5956 0.000121927 0
8.61954e-05 9 64.4947 5.65611e-05 0
8.61954e-05 9 100 2.50277e-05 0
8.61954e-05 9 155.052 1.33369e-05 0
8.61954e-05 9 240.41 6.11391e-06 0
8.61954e-05 9 372.759 1.84574e-06 0
8.61954e-05 9 577.969 8.3029e-07 0
8.61954e-05 9 896.151 4.86112e-07 0
8.61954e-05 9 1389.5 2.41703e-08 0
8.61954e-05 9 2154.43 -1.77228e-07 0
8.61954e-05 9 3340.48 -1.65248e-07 0
8.61954e-05 9 5179.47 -9.97363e-08 0
8.61954e-05 9 8030.86 -6.17196e-08 0
8.61954e-05 9 12452 -5.01629e-08 0
8.61954e-05 9 19307 -4.10762e-08 0
8.61954e-05 9 29935.8 -3.06086e-08 0
8.61954e-05 9 46415.9 -2.15018e-08 0
8.61954e-05 9 71968.6 -1.49023e-08 0
8.61954e-05 9 111588 -1.12413e-08 0
8.61954e-05 9 173020 -8.92947e-09 0
8.61954e-05 9 268270 -7.09487e-09 0
8.61954e-05 9 415956 -5.76484e-09 0
8.61954e-05 9 644947 -4.69884e-09 0
8.61954e-05 9 1e+06 -3.45226e-09 0

0.000210175 9 1e-06 -0.411512 0
0.000210175 9 1.55052e-06 -0.41151 0
0.000210175 9 2.4041e-06 -0.411506 0
0.000210175 9 3.72759e-06 -0.411501 0
0.000210175 9 5.77969e-06 -0.411494 0
0.000210175 9 8.96151e-06 -0.411482 0
0.000210175 9 1.3895e-05 -0.411464 0
0.000210175 9 2.15443e-05 -0.411435 0
0.000210175 9 3.34048e-05 -0.411391 0
0.000210175 9 5.17947e-05 -0.411323 0
0.000210175 9 8.03086e-05 -0.411217 0
0.000210175 9 0.00012452 -0.411053 0
0.000210175 9 0.00019307 -0.410799 0
0.000210175 9 0.000299358 -0.410405 0
0.000210175 9 0.000464159 -0.409793 0
0.000210175 9 0.000719686 -0.408846 0
0.000210175 9 0.00111588 -0.407381 0
0.000210175 9 0.0017302 -0.405112 0
0.000210175 9 0.0026827 -0.401604 0
0.000210175 9 0.00415956 -0.396189 0
0.000210175 9 0.00644947 -0.387859 0
0.000210175 9 0.01 -0.375089 0
0.000210175 9 0.0155052 -0.355633 0
0.000210175 9 0.024041 -0.326312 0
0.000210175 9 0.0372759 -0.282801 0
0.000210175 9 0.0577969 -0.219819 0
0.000210175 9 0.0896151 -0.132354 0
0.000210175 9 0.13895 -0.0187564 0
0.000210175 9 0.215443 0.112604 0
0.000210175 9 0.334048 0.234823 0
0.000210175 9 0.517947 0.303143 0
0.000210175 9 0.803086 0.286857 0
0.000210175 9 1.2452 0.216776 0
0.000210175 9 1.9307 0.140423 0
0.000210175 9 2.99358 0.0747533 0
0.000210175 9 4.64159 0.0327559 0
0.000210175 9 7.19686 0.0108552 0
0.000210175 9 11.1588 0.00446663 0
0.000210175 9 17.302 0.00127571 0
0.000210175 9 26.827 0.000279164 0
0.000210175 9 41.5956 0.000121927 0
0.000210175 9 64.4947 5.65609e-05 0
0.000210175 9 100 2.50276e-05 0
0.000210175 9 155.052 1.33369e-05 0
0.000210175 9 240.41 6.1139e-06 0
0.000210175 9 372.759 1.84573e-06 0
0.000210175 9 577.969 8.30289e-07 0
0.000210175 9 896.151 4.86111e-07 0
0.000210175 9 1389.5 2.41701e-08 0
0.000210175 9 2154.43 -1.77229e-07 0
0.000210175 9 3340.48 -1.65248e-07 0
0.000210175 9 5179.47 -9.97363e-08 0
0.000210175 9 8030.86 -6.17196e-08 0
0.000210175 9 12452 -5.01629e-08 0
0.000210175 9 19307 -4.10762e-08 0
0.000210175 9 29935.8 -3.06086e-08 0
0.000210175 9 46415.9 -2.15018e-08 0
0.000210175 9 71968.6 -1.49023e-08 0
0.000210175 9 111588 -1.12413e-08 0
0.000210175 9 173020 -8.92947e-09 0
0.000210175 9 268270 -7.09487e-09 0
0.000210175 9 415956 -5.76484e-09 0
0.000210175 9 644947 -4.69884e-09 0
0.000210175 9 1e+06 -3.45226e-09 0

0.000512481 9 1e-06 -0.411341 0
0.000512481 9 1.55052e-06 -0.411339 0
0.000512481 9 2.4041e-06 -0.411336 0
0.000512481 9 3.72759e-06 -0.411331 0
0.000512481 9 5.77969e-06 -0.411324 0
0.000512481 9 8.96151e-06 -0.411312 0
0.000512481 9 1.3895e-05 -0.411293 0
0.000512481 9 2.15443e-05 -0.411265 0
0.000512481 9 3.34048e-05 -0.411221 0
0.000512481 9 5.17947e-05 -0.411153 0
0.000512481 9 8.03086e-05 -0.411047 0
0.000512481 9 0.00012452 -0.410883 0
0.000512481 9 0.00019307 -0.410629 0
0.000512481 9 0.000299358 -0.410235 0
0.000512481 9 0.000464159 -0.409624 0
0.000512481 9 0.000719686 -0.408677 0
0.000512481 9 0.00111588 -0.407211 0
0.000512481 9 0.0017302 -0.404943 0
0.000512481 9 0.0026827 -0.401436 0
0.000512481 9 0.00415956 -0.396022 0
0.000512481 9 0.00644947 -0.387695 0
0.000512481 9 0.01 -0.374927 0
0.000512481 9 0.0155052 -0.355475 0
0.000512481 9 0.024041 -0.326162 0
0.000512481 9 0.0372759 -0.28266 0
0.000512481 9 0.0577969 -0.219693 0
0.000512481 9 0.0896151 -0.132248 0
0.000512481 9 0.13895 -0.0186771 0
0.000512481 9 0.215443 0.112652 0
0.000512481 9 0.334048 0.234841 0
0.000512481 9 0.517947 0.303139 0
0.000512481 9 0.803086 0.286844 0
0.000512481 9 1.2452 0.216765 0
0.000512481 9 1.9307 0.140417 0
0.000512481 9 2.99358 0.0747507 0
0.000512481 9 4.64159 0.032755 0
0.000512481 9 7.19686 0.010855 0
0.000512481 9 11.1588 0.00446657 0
0.000512481 9 17.302 0.0012757 0
0.000512481 9 26.827 0.000279162 0
0.000512481 9 41.5956 0.000121926 0
0.000512481 9 64.4947 5.65605e-05 0
0.000512481 9 100 2.50275e-05 0
0.000512481 9 155.052 1.33368e-05 0
0.000512481 9 240.41 6.11388e-06 0
0.000512481 9 372.759 1.84572e-06 0
0.000512481 9 577.969 8.30285e-07 0
0.000512481 9 896.151 4.8611e-07 0
0.000512481 9 1389.5 2.41695e-08 0
0.000512481 9 2154.43 -1.77229e-07 0
0.000512481 9 3340.48 -1.65248e-07 0
0.000512481 9 5179.47 -9.97363e-08 0
0.000512481 9 8030.86 -6.17196e-08 0
0.000512481 9 12452 -5.01629e-08 0
0.000512481 9 19307 -4.10762e-08 0
0.000512481 9 29935.8 -3.06086e-08 0
0.000512481 9 46415.9 -2.15018e-08 0
0.000512481 9 71968.6 -1.49023e-08 0
0.000512481 9 111588 -1.12413e-08 0
0.000512481 9 173020 -8.92947e-09 0
0.000512481 9 268270 -7.09487e-09 0
0.000512481 9 415956 -5.76484e-09 0
0.000512481 9 644947 -4.69884e-09 0
0.000512481 9 1e+06 -3.45226e-09 0

0.00124961 9 1e-06 -0.410926 0
0.00124961 9 1.55052e-06 -0.410924 0
0.00124961 9 2.4041e-06 -0.410921 0
0.00124961 9 3.72759e-06 -0.410916 0
0.00124961 9 5.77969e-06 -0.410908 0
0.00124961 9 8.96151e-06 -0.410897 0
0.00124961 9 1.3895e-05 -0.410878 0
0.00124961 9 2.15443e-05 -0.41085 0
0.00124961 9 3.34048e-05 -0.410806 0
0.00124961 9 5.17947e-05 -0.410738 0
0.00124961 9 8.03086e-05 -0.410632 0
0.00124961 9 0.00012452 -0.410468 0
0.00124961 9 0.00019307 -0.410214 0
0.00124961 9 0.000299358 -0.40982 0
0.00124961 9 0.000464159 -0.409209 0
0.00124961 9 0.000719686 -0.408263 0
0.00124961 9 0.00111588 -0.406798 0
0.00124961 9 0.0017302 -0.404532 0
0.00124961 9 0.0026827 -0.401026 0
0.00124961 9 0.00415956 -0.395616 0
0.00124961 9 0.00644947 -0.387293 0
0.00124961 9 0.01 -0.374532 0
0.00124961 9 0.0155052 -0.355092 0
0.00124961 9 0.024041 -0.325795 0
0.00124961 9 0.0372759 -0.282318 0
0.00124961 9 0.0577969 -0.219387 0
0.00124961 9 0.0896151 -0.13199 0
0.00124961 9 0.13895 -0.0184838 0
0.00124961 9 0.215443 0.11277 0
0.00124961 9 0.334048 0.234884 0
0.00124961 9 0.517947 0.303128 0
0.00124961 9 0.803086 0.286813 0
0.00124961 9 1.2452 0.216738 0
0.00124961 9 1.9307 0.1404 0
0.00124961 9 2.99358 0.0747441 0
0.00124961 9 4.64159 0.0327529 0
0.00124961 9 7.19686 0.0108545 0
0.00124961 9 11.1588 0.00446643 0
0.00124961 9 17.302 0.00127567 0
0.00124961 9 26.827 0.000279155 0
0.00124961 9 41.5956 0.000121923 0
0.00124961 9 64.4947 5.65596e-05 0
0.00124961 9 100 2.50271e-05 0
0.00124961 9 155.052 1.33367e-05 0
0.00124961 9 240.41 6.11382e-06 0
0.00124961 9 372.759 1.8457e-06 0
0.00124961 9 577.969 8.30276e-07 0
0.00124961 9 896.151 4.86106e-07 0
0.00124961 9 1389.5 2.41682e-08 0
0.00124961 9 2154.43 -1.77229e-07 0
0.00124961 9 3340.48 -1.65249e-07 0
0.00124961 9 5179.47 -9.97364e-08 0
0.00124961 9 8030.86 -6.17196e-08 0
0.00124961 9 12452 -5.01629e-08 0
0.00124961 9 19307 -4.10762e-08 0
0.00124961 9 29935.8 -3.06086e-08 0
0.00124961 9 46415.9 -2.15018e-08 0
0.00124961 9 71968.6 -1.49023e-08 0
0.00124961 9 111588 -1.12413e-08 0
0.00124961 9 173020 -8.92947e-09 0
0.00124961 9 268270 -7.09487e-09 0
0.00124961 9 415956 -5.76484e-09 0
0.00124961 9 644947 -4.69884e-09 0
0.00124961 9 1e+06 -3.45226e-09 0

0.00304699 9 1e-06 -0.409915 0
0.00304699 9 1.55052e-06 -0.409913 0
0.00304699 9 2.4041e-06 -0.409909 0
0.00304699 9 3.72759e-06 -0.409905 0
0.00304699 9 5.77969e-06 -0.409897 0
0.00304699 9 8.96151e-06 -0.409885 0
0.00304699 9 1.3895e-05 -0.409867 0
0.00304699 9 2.15443e-05 -0.409839 0
0.00304699 9 3.34048e-05 -0.409795 0
0.00304699 9 5.17947e-05 -0.409727 0
0.00304699 9 8.03086e-05 -0.409621 0
0.00304699 9 0.00012452 -0.409457 0
0.00304699 9 0.00019307 -0.409204 0
0.00304699 9 0.000299358 -0.40881 0
0.00304699 9 0.000464159 -0.4082 0
0.00304699 9 0.000719686 -0.407255 0
0.00304699 9 0.00111588 -0.405793 0
0.00304699 9 0.0017302 -0.403529 0
0.00304699 9 0.0026827 -0.400028 0
0.00304699 9 0.00415956 -0.394626 0
0.00304699 9 0.00644947 -0.386314 0
0.00304699 9 0.01 -0.373571 0
0.00304699 9 0.0155052 -0.354158 0
0.00304699 9 0.024041 -0.324901 0
0.00304699 9 0.0372759 -0.281484 0
0.00304699 9 0.0577969 -0.218639 0
0.00304699 9 0.0896151 -0.131363 0
0.00304699 9 0.13895 -0.0180131 0
0.00304699 9 0.215443 0.113058 0
0.00304699 9 0.334048 0.23499 0
0.00304699 9 0.517947 0.303102 0
0.00304699 9 0.803086 0.286737 0
0.00304699 9 1.2452 0.216671 0
0.00304699 9 1.9307 0.140359 0
0.00304699 9 2.99358 0.0747282 0
0.00304699 9 4.64159 0.0327478 0
0.00304699 9 7.19686 0.0108533 0
0.00304699 9 11.1588 0.00446607 0
0.00304699 9 17.302 0.00127559 0
0.00304699 9 26.827 0.000279137 0
0.00304699 9 41.5956 0.000121917 0
0.00304699 9 64.4947 5.65572e-05 0
0.00304699 9 100 2.50261e-05 0
0.00304699 9 155.052 1.33363e-05 0
0.00304699 9 240.41 6.11368e-06 0
0.00304699 9 372.759 1.84565e-06 0
0.00304699 9 577.969 8.30255e-07 0
0.00304699 9 896.151 4.86098e-07 0
0.00304699 9 1389.5 2.41649e-08 0
0.00304699 9 2154.43 -1.77231e-07 0
0.00304699 9 3340.48 -1.65249e-07 0
0.00304699 9 5179.47 -9.97366e-08 0
0.00304699 9 8030.86 -6.17197e-08 0
0.00304699 9 12452 -5.0163e-08 0
0.00304699 9 19307 -4.10762e-08 0
0.00304699 9 29935.8 -3.06086e-08 0
0.00304699 9 46415.9 -2.15018e-08 0
0.00304699 9 71968.6 -1.49023e-08 0
0.00304699 9 111588 -1.12413e-08 0
0.00304699 9 173020 -8.92947e-09 0
0.00304699 9 268270 -7.09487e-09 0
0.00304699 9 415956 -5.76484e-09 0
0.00304699 9 644947 -4.69884e-09 0
0.00304699 9 1e+06 -3.45226e-09 0

0.00742964 9 1e-06 -0.407456 0
0.00742964 9 1.55052e-06 -0.407454 0
0.00742964 9 2.4041e-06 -0.407451 0
0.00742964 9 3.72759e-06 -0.407446 0
0.00742964 9 5.77969e-06 -0.407438 0
0.00742964 9 8.96151e-06 -0.407427 0
0.00742964 9 1.3895e-05 -0.407408 0
0.00742964 9 2.15443e-05 -0.40738 0
0.00742964 9 3.34048e-05 -0.407336 0
0.00742964 9 5.17947e-05 -0.407268 0
0.00742964 9 8.03086e-05 -0.407163 0
0.00742964 9 0.00012452 -0.407 0
0.00742964 9 0.00019307 -0.406747 0
0.00742964 9 0.000299358 -0.406355 0
0.00742964 9 0.000464159 -0.405747 0
0.00742964 9 0.000719686 -0.404805 0
0.00742964 9 0.00111588 -0.403348 0
0.00742964 9 0.0017302 -0.401092 0
0.00742964 9 0.0026827 -0.397603 0
0.00742964 9 0.00415956 -0.392218 0
0.00742964 9 0.00644947 -0.383935 0
0.00742964 9 0.01 -0.371235 0
0.00742964 9 0.0155052 -0.351887 0
0.00742964 9 0.024041 -0.322728 0
0.00742964 9 0.0372759 -0.279457 0
0.00742964 9 0.0577969 -0.216823 0
0.00742964 9 0.0896151 -0.129839 0
0.00742964 9 0.13895 -0.0168687 0
0.00742964 9 0.215443 0.113756 0
0.00742964 9 0.334048 0.235247 0
0.00742964 9 0.517947 0.303038 0
0.00742964 9 0.803086 0.286551 0
0.00742964 9 1.2452 0.216508 0
0.00742964 9 1.9307 0.140259 0
0.00742964 9 2.99358 0.0746894 0
0.00742964 9 4.64159 0.0327353 0
0.00742964 9 7.19686 0.0108502 0
0.00742964 9 11.1588 0.0044652 0
0.00742964 9 17.302 0.00127541 0
0.00742964 9 26.827 0.000279096 0
0.00742964 9 41.5956 0.000121902 0
0.00742964 9 64.4947 5.65514e-05 0
0.00742964 9 100 2.50239e-05 0
0.00742964 9 155.052 1.33354e-05 0
0.00742964 9 240.41 6.11334e-06 0
0.00742964 9 372.759 1.84552e-06 0
0.00742964 9 577.969 8.30202e-07 0
0.00742964 9 896.151 4.86077e-07 0
0.00742964 9 1389.5 2.41569e-08 0
0.00742964 9 2154.43 -1.77234e-07 0
0.00742964 9 3340.48 -1.6525e-07 0
0.00742964 9 5179.47 -9.97371e-08 0
0.00742964 9 8030.86 -6.17199e-08 0
0.00742964 9 12452 -5.0163e-08 0
0.00742964 9 19307 -4.10762e-08 0
0.00742964 9 29935.8 -3.06086e-08 0
0.00742964 9 46415.9 -2.15018e-08 0
0.00742964 9 71968.6 -1.49023e-08 0
0.00742964 9 111588 -1.12413e-08 0
0.00742964 9 173020 -8.92947e-09 0
0.00742964 9 268270 -7.09487e-09 0
0.00742964 9 415956 -5.76484e-09 0
0.00742964 9 644947 -4.69884e-09 0
0.00742964 9 1e+06 -3.45226e-09 0

0.0181161 9 1e-06 -0.401502 0
0.0181161 9 1.55052e-06 -0.4015 0
0.0181161 9 2.4041e-06 -0.401497 0
0.0181161 9 3.72759e-06 -0.401492 0
0.0181161 9 5.77969e-06 -0.401485 0
0.0181161 9 8.96151e-06 -0.401473 0
0.0181161 9 1.3895e-05 -0.401455 0
0.0181161 9 2.15443e-05 -0.401427 0
0.0181161 9 3.34048e-05 -0.401384 0
0.0181161 9 5.17947e-05 -0.401316 0
0.0181161 9 8.03086e-05 -0.401212 0
0.0181161 9 0.00012452 -0.40105 0
0.0181161 9 0.00019307 -0.400799 0
0.0181161 9 0.000299358 -0.40041 0
0.0181161 9 0.000464159 -0.399808 0
0.0181161 9 0.000719686 -0.398873 0
0.0181161 9 0.00111588 -0.397428 0
0.0181161 9 0.0017302 -0.39519 0
0.0181161 9 0.0026827 -0.39173 0
0.0181161 9 0.00415956 -0.386389 0
0.0181161 9 0.00644947 -0.378174 0
0.0181161 9 0.01 -0.365577 0
0.0181161 9 0.0155052 -0.346387 0
0.0181161 9 0.024041 -0.317467 0
0.0181161 9 0.0372759 -0.274548 0
0.0181161 9 0.0577969 -0.212424 0
0.0181161 9 0.0896151 -0.126147 0
0.0181161 9 0.13895 -0.0140979 0
0.0181161 9 0.215443 0.115445 0
0.0181161 9 0.334048 0.235868 0
0.0181161 9 0.517947 0.302881 0
0.0181161 9 0.803086 0.2861 0
0.0181161 9 1.2452 0.216111 0
0.0181161 9 1.9307 0.140016 0
0.0181161 9 2.99358 0.0745949 0
0.0181161 9 4.64159 0.0327049 0
0.0181161 9 7.19686 0.0108429 0
0.0181161 9 11.1588 0.00446309 0
0.0181161 9 17.302 0.00127498 0
0.0181161 9 26.827 0.000278994 0
0.0181161 9 41.5956 0.000121866 0
0.0181161 9 64.4947 5.65373e-05 0
0.0181161 9 100 2.50183e-05 0
0.0181161 9 155.052 1.33333e-05 0
0.0181161 9 240.41 6.11251e-06 0
0.0181161 9 372.759 1.84519e-06 0
0.0181161 9 577.969 8.30074e-07 0
0.0181161 9 896.151 4.86027e-07 0
0.0181161 9 1389.5 2.41374e-08 0
0.0181161 9 2154.43 -1.77241e-07 0
0.0181161 9 3340.48 -1.65253e-07 0
0.0181161 9 5179.47 -9.97383e-08 0
0.0181161 9 8030.86 -6.17204e-08 0
0.0181161 9 12452 -5.01632e-08 0
0.0181161 9 19307 -4.10763e-08 0
0.0181161 9 29935.8 -3.06087e-08 0
0.0181161 9 46415.9 -2.15019e-08 0
0.0181161 9 71968.6 -1.49023e-08 0
0.0181161 9 111588 -1.12413e-08 0
0.0181161 9 173020 -8.92948e-09 0
0.0181161 9 268270 -7.09487e-09 0
0.0181161 9 415956 -5.76484e-09 0
0.0181161 9 644947 -4.69884e-09 0
0.0181161 9 1e+06 -3.45226e-09 0

0.0441734 9 1e-06 -0.38723 0
0.0441734 9 1.55052e-06 -0.387228 0
0.0441734 9 2.4041e-06 -0.387225 0
0.0441734 9 3.72759e-06 -0.38722 0
0.0441734 9 5.77969e-06 -0.387213 0
0.0441734 9 8.96151e-06 -0.387201 0
0.0441734 9 1.3895e-05 -0.387184 0
0.0441734 9 2.15443e-05 -0.387156 0
0.0441734 9 3.34048e-05 -0.387114 0
0.0441734 9 5.17947e-05 -0.387048 0
0.0441734 9 8.03086e-05 -0.386945 0
0.0441734 9 0.00012452 -0.386787 0
0.0441734 9 0.00019307 -0.386541 0
0.0441734 9 0.000299358 -0.38616 0
0.0441734 9 0.000464159 -0.385569 0
0.0441734 9 0.000719686 -0.384653 0
0.0441734 9 0.00111588 -0.383236 0
0.0441734 9 0.0017302 -0.381043 0
0.0441734 9 0.0026827 -0.377651 0
0.0441734 9 0.00415956 -0.372416 0
0.0441734 9 0.00644947 -0.364363 0
0.0441734 9 0.01 -0.352015 0
0.0441734 9 0.0155052 -0.333204 0
0.0441734 9 0.024041 -0.304854 0
0.0441734 9 0.0372759 -0.26278 0
0.0441734 9 0.0577969 -0.201877 0
0.0441734 9 0.0896151 -0.117296 0
0.0441734 9 0.13895 -0.00745641 0
0.0441734 9 0.215443 0.119492 0
0.0441734 9 0.334048 0.237349 0
0.0441734 9 0.517947 0.302492 0
0.0441734 9 0.803086 0.285005 0
0.0441734 9 1.2452 0.215149 0
0.0441734 9 1.9307 0.139427 0
0.0441734 9 2.99358 0.0743652 0
0.0441734 9 4.64159 0.0326308 0
0.0441734 9 7.19686 0.010825 0
0.0441734 9 11.1588 0.00445794 0
0.0441734 9 17.302 0.00127391 0
0.0441734 9 26.827 0.000278748 0
0.0441734 9 41.5956 0.000121777 0
0.0441734 9 64.4947 5.65029e-05 0
0.0441734 9 100 2.50048e-05 0
0.0441734 9 155.052 1.3328e-05 0
0.0441734 9 240.41 6.11049e-06 0
0.0441734 9 372.759 1.84441e-06 0
0.0441734 9 577.969 8.29762e-07 0
0.0441734 9 896.151 4.85905e-07 0
0.0441734 9 1389.5 2.40899e-08 0
0.0441734 9 2154.43 -1.7726e-07 0
0.0441734 9 3340.48 -1.65261e-07 0
0.0441734 9 5179.47 -9.97413e-08 0
0.0441734 9 8030.86 -6.17216e-08 0
0.0441734 9 12452 -5.01637e-08 0
0.0441734 9 19307 -4.10765e-08 0
0.0441734 9 29935.8 -3.06087e-08 0
0.0441734 9 46415.9 -2.15019e-08 0
0.0441734 9 71968.6 -1.49023e-08 0
0.0441734 9 111588 -1.12413e-08 0
0.0441734 9 173020 -8.92948e-09 0
0.0441734 9 268270 -7.09487e-09 0
0.0441734 9 415956 -5.76484e-09 0
0.0441734 9 644947 -4.69884e-09 0
0.0441734 9 1e+06 -3.45226e-09 0

0.107711 9 1e-06 -0.35382 0
0.107711 9 1.55052e-06 -0.353819 0
0.107711 9 2.4041e-06 -0.353816 0
0.107711 9 3.72759e-06 -0.353811 0
0.107711 9 5.77969e-06 -0.353804 0
0.107711 9 8.96151e-06 -0.353793 0
0.107711 9 1.3895e-05 -0.353776 0
0.107711 9 2.15443e-05 -0.35375 0
0.107711 9 3.34048e-05 -0.35371 0
0.107711 9 5.17947e-05 -0.353647 0
0.107711 9 8.03086e-05 -0.353549 0
0.107711 9 0.00012452 -0.353398 0
0.107711 9 0.00019307 -0.353164 0
0.107711 9 0.000299358 -0.352801 0
0.107711 9 0.000464159 -0.352238 0
0.107711 9 0.000719686 -0.351365 0
0.107711 9 0.00111588 -0.350015 0
0.107711 9 0.0017302 -0.347926 0
0.107711 9 0.0026827 -0.344694 0
0.107711 9 0.00415956 -0.339706 0
0.107711 9 0.00644947 -0.332032 0
0.107711 9 0.01 -0.320267 0
0.107711 9 0.0155052 -0.302342 0
0.107711 9 0.024041 -0.275326 0
0.107711 9 0.0372759 -0.235232 0
0.107711 9 0.0577969 -0.17719 0
0.107711 9 0.0896151 -0.0965824 0
0.107711 9 0.13895 0.00807582 0
0.107711 9 0.215443 0.128932 0
0.107711 9 0.334048 0.240756 0
0.107711 9 0.517947 0.301498 0
0.107711 9 0.803086 0.282352 0
0.107711 9 1.2452 0.212825 0
0.107711 9 1.9307 0.138003 0
0.107711 9 2.99358 0.0738095 0
0.107711 9 4.64159 0.0324514 0
0.107711 9 7.19686 0.0107816 0
0.107711 9 11.1588 0.00444542 0
0.107711 9 17.302 0.00127132 0
0.107711 9 26.827 0.000278146 0
0.107711 9 41.5956 0.000121562 0
0.107711 9 64.4947 5.64191e-05 0
0.107711 9 100 2.4972e-05 0
0.107711 9 155.052 1.33152e-05 0
0.107711 9 240.41 6.10558e-06 0
0.107711 9 372.759 1.8425e-06 0
0.107711 9 577.969 8.29003e-07 0
0.107711 9 896.151 4.85608e-07 0
0.107711 9 1389.5 2.39741e-08 0
0.107711 9 2154.43 -1.77306e-07 0
0.107711 9 3340.48 -1.65279e-07 0
0.107711 9 5179.47 -9.97485e-08 0
0.107711 9 8030.86 -6.17244e-08 0
0.107711 9 12452 -5.01648e-08 0
0.107711 9 19307 -4.10769e-08 0
0.107711 9 29935.8 -3.06089e-08 0
0.107711 9 46415.9 -2.1502e-08 0
0.107711 9 71968.6 -1.49023e-08 0
0.107711 9 111588 -1.12413e-08 0
0.107711 9 173020 -8.92948e-09 0
0.107711 9 268270 -7.09487e-09 0
0.107711 9 415956 -5.76485e-09 0
0.107711 9 644947 -4.69884e-09 0
0.107711 9 1e+06 -3.45226e-09 0

0.262636 9 1e-06 -0.279944 0
0.262636 9 1.55052e-06 -0.279942 0
0.262636 9 2.4041e-06 -0.279939 0
0.262636 9 3.72759e-06 -0.279935 0
0.262636 9 5.77969e-06 -0.279929 0
0.262636 9 8.96151e-06 -0.27992 0
0.262636 9 1.3895e-05 -0.279905 0
0.262636 9 2.15443e-05 -0.279881 0
0.262636 9 3.34048e-05 -0.279845 0
0.262636 9 5.17947e-05 -0.279789 0
0.262636 9 8.03086e-05 -0.279702 0
0.262636 9 0.00012452 -0.279568 0
0.262636 9 0.00019307 -0.279359 0
0.262636 9 0.000299358 -0.279036 0
0.262636 9 0.000464159 -0.278534 0
0.262636 9 0.000719686 -0.277757 0
0.262636 9 0.00111588 -0.276555 0
0.262636 9 0.0017302 -0.274694 0
0.262636 9 0.0026827 -0.271816 0
0.262636 9 0.00415956 -0.267374 0
0.262636 9 0.00644947 -0.26054 0
0.262636 9 0.01 -0.250062 0
0.262636 9 0.0155052 -0.234096 0
0.262636 9 0.024041 -0.210034 0
0.262636 9 0.0372759 -0.174319 0
0.262636 9 0.0577969 -0.122615 0
0.262636 9 0.0896151 -0.0508233 0
0.262636 9 0.13895 0.0423189 0
0.262636 9 0.215443 0.1496 0
0.262636 9 0.334048 0.247945 0
0.262636 9 0.517947 0.298835 0
0.262636 9 0.803086 0.276005 0
0.262636 9 1.2452 0.207297 0
0.262636 9 1.9307 0.134611 0
0.262636 9 2.99358 0.0724801 0
0.262636 9 4.64159 0.0320205 0
0.262636 9 7.19686 0.0106768 0
0.262636 9 11.1588 0.00441511 0
0.262636 9 17.302 0.00126504 0
0.262636 9 26.827 0.000276688 0
0.262636 9 41.5956 0.00012104 0
0.262636 9 64.4947 5.62159e-05 0
0.262636 9 100 2.48922e-05 0
0.262636 9 155.052 1.32841e-05 0
0.262636 9 240.41 6.09366e-06 0
0.262636 9 372.759 1.83787e-06 0
0.262636 9 577.969 8.2716e-07 0
0.262636 9 896.151 4.84888e-07 0
0.262636 9 1389.5 2.36933e-08 0
0.262636 9 2154.43 -1.77416e-07 0
0.262636 9 3340.48 -1.65323e-07 0
0.262636 9 5179.47 -9.97661e-08 0
0.262636 9 8030.86 -6.17313e-08 0
0.262636 9 12452 -5.01676e-08 0
0.262636 9 19307 -4.1078e-08 0
0.262636 9 29935.8 -3.06094e-08 0
0.262636 9 46415.9 -2.15021e-08 0
0.262636 9 71968.6 -1.49024e-08 0
0.262636 9 111588 -1.12414e-08 0
0.262636 9 173020 -8.92949e-09 0
0.262636 9 268270 -7.09487e-09 0
0.262636 9 415956 -5.76485e-09 0
0.262636 9 644947 -4.69884e-09 0
0.262636 9 1e+06 -3.45226e-09 0

0.6404 9 1e-06 -0.136512 0
0.6404 9 1.55052e-06 -0.13651 0
0.6404 9 2.4041e-06 -0.136509 0
0.6404 9 3.72759e-06 -0.136505 0
0.6404 9 5.77969e-06 -0.136501 0
0.6404 9 8.96151e-06 -0.136493 0
0.6404 9 1.3895e-05 -0.136482 0
0.6404 9 2.15443e-05 -0.136464 0
0.6404 9 3.34048e-05 -0.136437 0
0.6404 9 5.17947e-05 -0.136394 0
0.6404 9 8.03086e-05 -0.136328 0
0.6404 9 0.00012452 -0.136226 0
0.6404 9 0.00019307 -0.136068 0
0.6404 9 0.000299358 -0.135822 0
0.6404 9 0.000464159 -0.135441 0
0.6404 9 0.000719686 -0.13485 0
0.6404 9 0.00111588 -0.133937 0
0.6404 9 0.0017302 -0.132523 0
0.6404 9 0.0026827 -0.130335 0
0.6404 9 0.00415956 -0.126959 0
0.6404 9 0.00644947 -0.121766 0
0.6404 9 0.01 -0.113802 0
0.6404 9 0.0155052 -0.101668 0
0.6404 9 0.024041 -0.083382 0
0.6404 9 0.0372759 -0.0562462 0
0.6404 9 0.0577969 -0.0169763 0
0.6404 9 0.0896151 0.0374803 0
0.6404 9 0.13895 0.107902 0
0.6404 9 0.215443 0.188289 0
0.6404 9 0.334048 0.259814 0
0.6404 9 0.517947 0.291104 0
0.6404 9 0.803086 0.261189 0
0.6404 9 1.2452 0.194615 0
0.6404 9 1.9307 0.126808 0
0.6404 9 2.99358 0.0693868 0
0.6404 9 4.64159 0.031008 0
0.6404 9 7.19686 0.0104279 0
0.6404 9 11.1588 0.0043426 0
0.6404 9 17.302 0.00124995 0
0.6404 9 26.827 0.000273191 0
0.6404 9 41.5956 0.000119788 0
0.6404 9 64.4947 5.57283e-05 0
0.6404 9 100 2.47007e-05 0
0.6404 9 155.052 1.32093e-05 0
0.6404 9 240.41 6.06505e-06 0
0.6404 9 372.759 1.82675e-06 0
0.6404 9 577.969 8.22738e-07 0
0.6404 9 896.151 4.8316e-07 0
0.6404 9 1389.5 2.30198e-08 0
0.6404 9 2154.43 -1.77681e-07 0
0.6404 9 3340.48 -1.65428e-07 0
0.6404 9 5179.47 -9.98081e-08 0
0.6404 9 8030.86 -6.1748e-08 0
0.6404 9 12452 -5.01741e-08 0
0.6404 9 19307 -4.10806e-08 0
0.6404 9 29935.8 -3.06104e-08 0
0.6404 9 46415.9 -2.15026e-08 0
0.6404 9 71968.6 -1.49025e-08 0
0.6404 9 111588 -1.12414e-08 0
0.6404 9 173020 -8.92952e-09 0
0.6404 9 268270 -7.09488e-09 0
0.6404 9 415956 -5.76485e-09 0
0.6404 9 644947 -4.69884e-09 0
0.6404 9 1e+06 -3.45226e-09 0

1.56152 9 1e-06 0.0717723 0
1.56152 9 1.55052e-06 0.0717729 0
1.56152 9 2.4041e-06 0.0717739 0
1.56152 9 3.72759e-06 0.0717755 0
1.56152 9 5.77969e-06 0.071778 0
1.56152 9 8.96151e-06 0.0717818 0
1.56152 9 1.3895e-05 0.0717877 0
1.56152 9 2.15443e-05 0.0717969 0
1.56152 9 3.34048e-05 0.0718111 0
1.56152 9 5.17947e-05 0.0718332 0
1.56152 9 8.03086e-05 0.0718674 0
1.56152 9 0.00012452 0.0719205 0
1.56152 9 0.00019307 0.0720027 0
1.56152 9 0.000299358 0.0721303 0
1.56152 9 0.000464159 0.0723281 0
1.56152 9 0.000719686 0.0726347 0
1.56152 9 0.00111588 0.0731089 0
1.56152 9 0.0017302 0.0738428 0
1.56152 9 0.0026827 0.0749783 0
1.56152 9 0.00415956 0.0767305 0
1.56152 9 0.00644947 0.0794249 0
1.56152 9 0.01 0.0835554 0
1.56152 9 0.0155052 0.0898461 0
1.56152 9 0.024041 0.0993139 0
1.56152 9 0.0372759 0.113337 0
1.56152 9 0.0577969 0.133562 0
1.56152 9 0.0896151 0.161397 0
1.56152 9 0.13895 0.196813 0
1.56152 9 0.215443 0.235641 0
1.56152 9 0.334048 0.265785 0
1.56152 9 0.517947 0.267491 0
1.56152 9 0.803086 0.228558 0
1.56152 9 1.2452 0.16789 0
1.56152 9 1.9307 0.110301 0
1.56152 9 2.99358 0.0626546 0
1.56152 9 4.64159 0.0287511 0
1.56152 9 7.19686 0.00985893 0
1.56152 9 11.1588 0.00417425 0
1.56152 9 17.302 0.0012147 0
1.56152 9 26.827 0.000265099 0
1.56152 9 41.5956 0.000116894 0
1.56152 9 64.4947 5.46e-05 0
1.56152 9 100 2.42573e-05 0
1.56152 9 155.052 1.30362e-05 0
1.56152 9 240.41 5.99883e-06 0
1.56152 9 372.759 1.80104e-06 0
1.56152 9 577.969 8.12504e-07 0
1.56152 9 896.151 4.79163e-07 0
1.56152 9 1389.5 2.14641e-08 0
1.56152 9 2154.43 -1.78292e-07 0
1.56152 9 3340.48 -1.65671e-07 0
1.56152 9 5179.47 -9.99051e-08 0
1.56152 9 8030.86 -6.17863e-08 0
1.56152 9 12452 -5.01892e-08 0
1.56152 9 19307 -4.10866e-08 0
1.56152 9 29935.8 -3.06128e-08 0
1.56152 9 46415.9 -2.15035e-08 0
1.56152 9 71968.6 -1.49029e-08 0
1.56152 9 111588 -1.12416e-08 0
1.56152 9 173020 -8.92958e-09 0
1.56152 9 268270 -7.09491e-09 0
1.56152 9 415956 -5.76486e-09 0
1.56152 9 644947 -4.69884e-09 0
1.56152 9 1e+06 -3.45226e-09 0

3.80755 9 1e-06 0.209768 0
3.80755 9 1.55052e-06 0.209768 0
3.80755 9 2.4041e-06 0.209768 0
3.80755 9 3.72759e-06 0.209768 0
3.80755 9 5.77969e-06 0.209769 0
3.80755 9 8.96151e-06 0.209769 0
3.80755 9 1.3895e-05 0.20977 0
3.80755 9 2.15443e-05 0.209772 0
3.80755 9 3.34048e-05 0.209774 0
3.80755 9 5.17947e-05 0.209777 0
3.80755 9 8.03086e-05 0.209782 0
3.80755 9 0.00012452 0.20979 0
3.80755 9 0.00019307 0.209802 0
3.80755 9 0.000299358 0.209822 0
3.80755 9 0.000464159 0.209851 0
3.80755 9 0.000719686 0.209898 0
3.80755 9 0.00111588 0.209969 0
3.80755 9 0.0017302 0.210079 0
3.80755 9 0.0026827 0.21025 0
3.80755 9 0.00415956 0.210513 0
3.80755 9 0.00644947 0.210916 0
3.80755 9 0.01 0.211532 0
3.80755 9 0.0155052 0.212465 0
3.80755 9 0.024041 0.21385 0
3.80755 9 0.0372759 0.215858 0
3.80755 9 0.0577969 0.21865 0
3.80755 9 0.0896151 0.222185 0
3.80755 9 0.13895 0.225863 0
3.80755 9 0.215443 0.227656 0
3.80755 9 0.334048 0.222726 0
3.80755 9 0.517947 0.203568 0
3.80755 9 0.803086 0.166221 0
3.80755 9 1.2452 0.120984 0
3.80755 9 1.9307 0.081273 0
3.80755 9 2.99358 0.0500174 0
3.80755 9 4.64159 0.0242786 0
3.80755 9 7.19686 0.00867085 0
3.80755 9 11.1588 0.00381052 0
3.80755 9 17.302 0.00113792 0
3.80755 9 26.827 0.000248032 0
3.80755 9 41.5956 0.000110824 0
3.80755 9 64.4947 5.22305e-05 0
3.80755 9 100 2.33241e-05 0
3.80755 9 155.052 1.26718e-05 0
3.80755 9 240.41 5.85996e-06 0
3.80755 9 372.759 1.74724e-06 0
3.80755 9 577.969 7.91069e-07 0
3.80755 9 896.151 4.70812e-07 0
3.80755 9 1389.5 1.82248e-08 0
3.80755 9 2154.43 -1.79562e-07 0
3.80755 9 3340.48 -1.66176e-07 0
3.80755 9 5179.47 -1.00106e-07 0
3.80755 9 8030.86 -6.18655e-08 0
3.80755 9 12452 -5.02205e-08 0
3.80755 9 19307 -4.1099e-08 0
3.80755 9 29935.8 -3.06178e-08 0
3.80755 9 46415.9 -2.15055e-08 0
3.80755 9 71968.6 -1.49037e-08 0
3.80755 9 111588 -1.12419e-08 0
3.80755 9 173020 -8.92971e-09 0
3.80755 9 268270 -7.09496e-09 0
3.80755 9 415956 -5.76488e-09 0
3.80755 9 644947 -4.69885e-09 0
3.80755 9 1e+06 -3.45227e-09 0

9.28415 9 1e-06 0.131165 0
9.28415 9 1.55052e-06 0.131165 0
9.28415 9 2.4041e-06 0.131165 0
9.28415 9 3.72759e-06 0.131165 0
9.28415 9 5.77969e-06 0.131165 0
9.28415 9 8.96151e-06 0.131164 0
9.28415 9 1.3895e-05 0.131164 0
9.28415 9 2.15443e-05 0.131163 0
9.28415 9 3.34048e-05 0.131162 0
9.28415 9 5.17947e-05 0.131161 0
9.28415 9 8.03086e-05 0.131158 0
9.28415 9 0.00012452 0.131155 0
9.28415 9 0.00019307 0.131149 0
9.28415 9 0.000299358 0.13114 0
9.28415 9 0.000464159 0.131126 0
9.28415 9 0.000719686 0.131105 0
9.28415 9 0.00111588 0.131072 0
9.28415 9 0.0017302 0.13102 0
9.28415 9 0.0026827 0.130941 0
9.28415 9 0.00415956 0.130818 0
9.28415 9 0.00644947 0.130629 0
9.28415 9 0.01 0.130339 0
9.28415 9 0.0155052 0.129897 0
9.28415 9 0.024041 0.129224 0
9.28415 9 0.0372759 0.128214 0
9.28415 9 0.0577969 0.126726 0
9.28415 9 0.0896151 0.124562 0
9.28415 9 0.13895 0.121485 0
9.28415 9 0.215443 0.117146 0
9.28415 9 0.334048 0.110739 0
9.28415 9 0.517947 0.100554 0
9.28415 9 0.803086 0.0843577 0
9.28415 9 1.2452 0.0634368 0
9.28415 9 1.9307 0.0450298 0
9.28415 9 2.99358 0.0319943 0
9.28415 9 4.64159 0.0171994 0
9.28415 9 7.19686 0.00659626 0
9.28415 9 11.1588 0.00312805 0
9.28415 9 17.302 0.000990584 0
9.28415 9 26.827 0.000217609 0
9.28415 9 41.5956 0.000100197 0
9.28415 9 64.4947 4.80759e-05 0
9.28415 9 100 2.16814e-05 0
9.28415 9 155.052 1.20303e-05 0
9.28415 9 240.41 5.61833e-06 0
9.28415 9 372.759 1.6543e-06 0
9.28415 9 577.969 7.53935e-07 0
9.28415 9 896.151 4.56452e-07 0
9.28415 9 1389.5 1.2713e-08 0
9.28415 9 2154.43 -1.81707e-07 0
9.28415 9 3340.48 -1.67026e-07 0
9.28415 9 5179.47 -1.00445e-07 0
9.28415 9 8030.86 -6.19981e-08 0
9.28415 9 12452 -5.02722e-08 0
9.28415 9 19307 -4.11195e-08 0
9.28415 9 29935.8 -3.06259e-08 0
9.28415 9 46415.9 -2.15088e-08 0
9.28415 9 71968.6 -1.4905e-08 0
9.28415 9 111588 -1.12424e-08 0
9.28415 9 173020 -8.92991e-09 0
9.28415 9 268270 -7.09503e-09 0
9.28415 9 415956 -5.7649e-09 0
9.28415 9 644947 -4.69886e-09 0
9.28415 9 1e+06 -3.45227e-09 0

22.638 9 1e-06 0.0382298 0
22.638 9 1.55052e-06 0.0382297 0
22.638 9 2.4041e-06 0.0382297 0
22.638 9 3.72759e-06 0.0382296 0
22.638 9 5.77969e-06 0.0382295 0
22.638 9 8.96151e-06 0.0382294 0
22.638 9 1.3895e-05 0.0382292 0
22.638 9 2.15443e-05 0.0382288 0
22.638 9 3.34048e-05 0.0382282 0
22.638 9 5.17947e-05 0.0382274 0
22.638 9 8.03086e-05 0.0382261 0
22.638 9 0.00012452 0.038224 0
22.638 9 0.00019307 0.0382208 0
22.638 9 0.000299358 0.0382159 0
22.638 9 0.000464159 0.0382084 0
22.638 9 0.000719686 0.0381966 0
22.638 9 0.00111588 0.0381784 0
22.638 9 0.0017302 0.0381502 0
22.638 9 0.0026827 0.0381069 0
22.638 9 0.00415956 0.0380402 0
22.638 9 0.00644947 0.0379375 0
22.638 9 0.01 0.0377811 0
22.638 9 0.0155052 0.0375452 0
22.638 9 0.024041 0.0371923 0
22.638 9 0.0372759 0.0366781 0
22.638 9 0.0577969 0.0359599 0
22.638 9 0.0896151 0.035012 0
22.638 9 0.13895 0.0339002 0
22.638 9 0.215443 0.0328586 0
22.638 9 0.334048 0.0321906 0
22.638 9 0.517947 0.0316842 0
22.638 9 0.803086 0.0293664 0
22.638 9 1.2452 0.0231413 0
22.638 9 1.9307 0.017395 0
22.638 9 2.99358 0.014901 0
22.638 9 4.64159 0.00930336 0
22.638 9 7.19686 0.0039124 0
22.638 9 11.1588 0.00211871 0
22.638 9 17.302 0.000755365 0
22.638 9 26.827 0.000174136 0
22.638 9 41.5956 8.56073e-05 0
22.638 9 64.4947 4.2406e-05 0
22.638 9 100 1.94297e-05 0
22.638 9 155.052 1.11542e-05 0
22.638 9 240.41 5.29957e-06 0
22.638 9 372.759 1.53455e-06 0
22.638 9 577.969 7.05758e-07 0
22.638 9 896.151 4.38256e-07 0
22.638 9 1389.5 5.96626e-09 0
22.638 9 2154.43 -1.84269e-07 0
22.638 9 3340.48 -1.68034e-07 0
22.638 9 5179.47 -1.00846e-07 0
22.638 9 8030.86 -6.21506e-08 0
22.638 9 12452 -5.033e-08 0
22.638 9 19307 -4.11418e-08 0
22.638 9 29935.8 -3.06347e-08 0
22.638 9 46415.9 -2.15123e-08 0
22.638 9 71968.6 -1.49064e-08 0
22.638 9 111588 -1.1243e-08 0
22.638 9 173020 -8.93011e-09 0
22.638 9 268270 -7.0951e-09 0
22.638 9 415956 -5.76492e-09 0
22.638 9 644947 -4.69885e-09 0
22.638 9 1e+06 -3.45226e-09 0

55.1995 9 1e-06 0.0093861 0
55.1995 9 1.55052e-06 0.00938608 0
55.1995 9 2.4041e-06 0.00938606 0
55.1995 9 3.72759e-06 0.00938602 0
55.1995 9 5.77969e-06 0.00938597 0
55.1995 9 8.96151e-06 0.00938589 0
55.1995 9 1.3895e-05 0.00938576 0
55.1995 9 2.15443e-05 0.00938555 0
55.1995 9 3.34048e-05 0.00938524 0
55.1995 9 5.17947e-05 0.00938476 0
55.1995 9 8.03086e-05 0.00938401 0
55.1995 9 0.00012452 0.00938285 0
55.1995 9 0.00019307 0.00938105 0
55.1995 9 0.000299358 0.00937826 0
55.1995 9 0.000464159 0.00937396 0
55.1995 9 0.000719686 0.00936731 0
55.1995 9 0.00111588 0.00935697 0
55.1995 9 0.0017302 0.00934099 0
55.1995 9 0.0026827 0.00931643 0
55.1995 9 0.00415956 0.00927862 0
55.1995 9 0.00644947 0.0092205 0
55.1995 9 0.01 0.00913207 0
55.1995 9 0.0155052 0.00899897 0
55.1995 9 0.024041 0.00880072 0
55.1995 9 0.0372759 0.00851413 0
55.1995 9 0.0577969 0.00812013 0
55.1995 9 0.0896151 0.0076186 0
55.1995 9 0.13895 0.00708479 0
55.1995 9 0.215443 0.00674467 0
55.1995 9 0.334048 0.0069637 0
55.1995 9 0.517947 0.00787607 0
55.1995 9 0.803086 0.00833119 0
55.1995 9 1.2452 0.00648603 0
55.1995 9 1.9307 0.00469427 0
55.1995 9 2.99358 0.00489994 0
55.1995 9 4.64159 0.00367772 0
55.1995 9 7.19686 0.00166696 0
55.1995 9 11.1588 0.00109527 0
55.1995 9 17.302 0.000472627 0
55.1995 9 26.827 0.000126721 0
55.1995 9 41.5956 7.05169e-05 0
55.1995 9 64.4947 3.67323e-05 0
55.1995 9 100 1.71888e-05 0
55.1995 9 155.052 1.02983e-05 0
55.1995 9 240.41 5.02621e-06 0
55.1995 9 372.759 1.44267e-06 0
55.1995 9 577.969 6.68015e-07 0
55.1995 9 896.151 4.25605e-07 0
55.1995 9 1389.5 2.15992e-09 0
55.1995 9 2154.43 -1.85466e-07 0
55.1995 9 3340.48 -1.68472e-07 0
55.1995 9 5179.47 -1.01014e-07 0
55.1995 9 8030.86 -6.21984e-08 0
55.1995 9 12452 -5.03408e-08 0
55.1995 9 19307 -4.1144e-08 0
55.1995 9 29935.8 -3.06351e-08 0
55.1995 9 46415.9 -2.15123e-08 0
55.1995 9 71968.6 -1.49065e-08 0
55.1995 9 111588 -1.12429e-08 0
55.1995 9 173020 -8.93004e-09 0
55.1995 9 268270 -7.09504e-09 0
55.1995 9 415956 -5.76487e-09 0
55.1995 9 644947 -4.69882e-09 0
55.1995 9 1e+06 -3.45224e-09 0

134.596 9 1e-06 0.00223102 0
134.596 9 1.55052e-06 0.00223101 0
134.596 9 2.4041e-06 0.002231 0
134.596 9 3.72759e-06 0.00223099 0
134.596 9 5.77969e-06 0.00223096 0
134.596 9 8.96151e-06 0.00223092 0
134.596 9 1.3895e-05 0.00223085 0
134.596 9 2.15443e-05 0.00223075 0
134.596 9 3.34048e-05 0.0022306 0
134.596 9 5.17947e-05 0.00223036 0
134.596 9 8.03086e-05 0.00222999 0
134.596 9 0.00012452 0.00222941 0
134.596 9 0.00019307 0.00222852 0
134.596 9 0.000299358 0.00222714 0
134.596 9 0.000464159 0.00222501 0
134.596 9 0.000719686 0.00222171 0
134.596 9 0.00111588 0.00221659 0
134.596 9 0.0017302 0.00220867 0
134.596 9 0.0026827 0.00219649 0
134.596 9 0.00415956 0.00217774 0
134.596 9 0.00644947 0.00214892 0
134.596 9 0.01 0.00210506 0
134.596 9 0.0155052 0.00203901 0
134.596 9 0.024041 0.00194062 0
134.596 9 0.0372759 0.00179836 0
134.596 9 0.0577969 0.00160279 0
134.596 9 0.0896151 0.00135465 0
134.596 9 0.13895 0.0010941 0
134.596 9 0.215443 0.000942946 0
134.596 9 0.334048 0.00110947 0
134.596 9 0.517947 0.00170871 0
134.596 9 0.803086 0.00219804 0
134.596 9 1.2452 0.00157696 0
134.596 9 1.9307 0.000900176 0
134.596 9 2.99358 0.0012202 0
134.596 9 4.64159 0.001138 0
134.596 9 7.19686 0.000515981 0
134.596 9 11.1588 0.000434879 0
134.596 9 17.302 0.000231334 0
134.596 9 26.827 8.16579e-05 0
134.596 9 41.5956 5.51046e-05 0
134.596 9 64.4947 3.13994e-05 0
134.596 9 100 1.53035e-05 0
134.596 9 155.052 9.66765e-06 0
134.596 9 240.41 4.94523e-06 0
134.596 9 372.759 1.46041e-06 0
134.596 9 577.969 6.7595e-07 0
134.596 9 896.151 4.35304e-07 0
134.596 9 1389.5 9.30215e-09 0
134.596 9 2154.43 -1.81734e-07 0
134.596 9 3340.48 -1.66854e-07 0
134.596 9 5179.47 -1.00344e-07 0
134.596 9 8030.86 -6.18808e-08 0
134.596 9 12452 -5.01925e-08 0
134.596 9 19307 -4.1079e-08 0
134.596 9 29935.8 -3.06077e-08 0
134.596 9 46415.9 -2.15011e-08 0
134.596 9 71968.6 -1.49019e-08 0
134.596 9 111588 -1.12408e-08 0
134.596 9 173020 -8.92912e-09 0
134.596 9 268270 -7.09459e-09 0
134.596 9 415956 -5.76462e-09 0
134.596 9 644947 -4.69867e-09 0
134.596 9 1e+06 -3.45217e-09 0

328.193 9 1e-06 0.000581667 0
328.193 9 1.55052e-06 0.000581664 0
328.193 9 2.4041e-06 0.000581659 0
328.193 9 3.72759e-06 0.000581651 0
328.193 9 5.77969e-06 0.000581639 0
328.193 9 8.96151e-06 0.00058162 0
328.193 9 1.3895e-05 0.000581592 0
328.193 9 2.15443e-05 0.000581547 0
328.193 9 3.34048e-05 0.000581478 0
328.193 9 5.17947e-05 0.000581372 0
328.193 9 8.03086e-05 0.000581206 0
328.193 9 0.00012452 0.000580949 0
328.193 9 0.00019307 0.000580551 0
328.193 9 0.000299358 0.000579936 0
328.193 9 0.000464159 0.000578986 0
328.193 9 0.000719686 0.000577514 0
328.193 9 0.00111588 0.000575229 0
328.193 9 0.0017302 0.000571698 0
328.193 9 0.0026827 0.000566266 0
328.193 9 0.00415956 0.000557903 0
328.193 9 0.00644947 0.000545045 0
328.193 9 0.01 0.000525473 0
328.193 9 0.0155052 0.000495987 0
328.193 9 0.024041 0.00045205 0
328.193 9 0.0372759 0.000388483 0
328.193 9 0.0577969 0.000301011 0
328.193 9 0.0896151 0.000189946 0
328.193 9 0.13895 7.33653e-05 0
328.193 9 0.215443 6.61131e-06 0
328.193 9 0.334048 8.62722e-05 0
328.193 9 0.517947 0.000371348 0
328.193 9 0.803086 0.000626051 0
328.193 9 1.2452 0.000391501 0
328.193 9 1.9307 0.000110679 0
328.193 9 2.99358 0.00027168 0
328.193 9 4.64159 0.00032936 0
328.193 9 7.19686 0.000134053 0
328.193 9 11.1588 0.000153329 0
328.193 9 17.302 9.53423e-05 0
328.193 9 26.827 4.66808e-05 0
328.193 9 41.5956 3.78579e-05 0
328.193 9 64.4947 2.42664e-05 0
328.193 9 100 1.27587e-05 0
328.193 9 155.052 8.78875e-06 0
328.193 9 240.41 4.94234e-06 0
328.193 9 372.759 1.5957e-06 0
328.193 9 577.969 7.44924e-07 0
328.193 9 896.151 4.81425e-07 0
328.193 9 1389.5 3.68578e-08 0
328.193 9 2154.43 -1.68093e-07 0
328.193 9 3340.48 -1.60949e-07 0
328.193 9 5179.47 -9.78887e-08 0
328.193 9 8030.86 -6.07687e-08 0
328.193 9 12452 -4.96926e-08 0
328.193 9 19307 -4.08642e-08 0
328.193 9 29935.8 -3.05181e-08 0
328.193 9 46415.9 -2.14644e-08 0
328.193 9 71968.6 -1.4887e-08 0
328.193 9 111588 -1.12344e-08 0
328.193 9 173020 -8.92627e-09 0
328.193 9 268270 -7.09324e-09 0
328.193 9 415956 -5.76392e-09 0
328.193 9 644947 -4.69828e-09 0
328.193 9 1e+06 -3.45197e-09 0

800.25 9 1e-06 0.00017347 0
800.25 9 1.55052e-06 0.000173468 0
800.25 9 2.4041e-06 0.000173466 0
800.25 9 3.72759e-06 0.000173463 0
800.25 9 5.77969e-06 0.000173457 0
800.25 9 8.96151e-06 0.000173449 0
800.25 9 1.3895e-05 0.000173437 0
800.25 9 2.15443e-05 0.000173418 0
800.25 9 3.34048e-05 0.000173389 0
800.25 9 5.17947e-05 0.000173343 0
800.25 9 8.03086e-05 0.000173272 0
800.25 9 0.00012452 0.000173162 0
800.25 9 0.00019307 0.000172991 0
800.25 9 0.000299358 0.000172727 0
800.25 9 0.000464159 0.000172319 0
800.25 9 0.000719686 0.000171688 0
800.25 9 0.00111588 0.000170708 0
800.25 9 0.0017302 0.000169193 0
800.25 9 0.0026827 0.000166863 0
800.25 9 0.00415956 0.000163275 0
800.25 9 0.00644947 0.000157759 0
800.25 9 0.01 0.000149361 0
800.25 9 0.0155052 0.000136706 0
800.25 9 0.024041 0.000117847 0
800.25 9 0.0372759 9.05515e-05 0
800.25 9 0.0577969 5.29703e-05 0
800.25 9 0.0896151 5.22117e-06 0
800.25 9 0.13895 -4.4942e-05 0
800.25 9 0.215443 -7.366e-05 0
800.25 9 0.334048 -3.89536e-05 0
800.25 9 0.517947 8.57441e-05 0
800.25 9 0.803086 0.000200478 0
800.25 9 1.2452 0.000106387 0
800.25 9 1.9307 -1.216e-05 0
800.25 9 2.99358 5.76871e-05 0
800.25 9 4.64159 9.80788e-05 0
800.25 9 7.19686 3.00347e-05 0
800.25 9 11.1588 5.05453e-05 0
800.25 9 17.302 3.3408e-05 0
800.25 9 26.827 2.03739e-05 0
800.25 9 41.5956 1.94484e-05 0
800.25 9 64.4947 1.42897e-05 0
800.25 9 100 8.71495e-06 0
800.25 9 155.052 7.06107e-06 0
800.25 9 240.41 4.70606e-06 0
800.25 9 372.759 1.80516e-06 0
800.25 9 577.969 8.98048e-07 0
800.25 9 896.151 5.95632e-07 0
800.25 9 1389.5 1.09694e-07 0
800.25 9 2154.43 -1.30148e-07 0
800.25 9 3340.48 -1.43874e-07 0
800.25 9 5179.47 -9.06227e-08 0
800.25 9 8030.86 -5.74918e-08 0
800.25 9 12452 -4.823e-08 0
800.25 9 19307 -4.02371e-08 0
800.25 9 29935.8 -3.02565e-08 0
800.25 9 46415.9 -2.13572e-08 0
800.25 9 71968.6 -1.48434e-08 0
800.25 9 111588 -1.12156e-08 0
800.25 9 173020 -8.91812e-09 0
800.25 9 268270 -7.08947e-09 0
800.25 9 415956 -5.76202e-09 0
800.25 9 644947 -4.69724e-09 0
800.25 9 1e+06 -3.45145e-09 0

1951.29 9 1e-06 5.9169e-05 0
1951.29 9 1.55052e-06 5.91684e-05 0
1951.29 9 2.4041e-06 5.91675e-05 0
1951.29 9 3.72759e-06 5.91661e-05 0
1951.29 9 5.77969e-06 5.91639e-05 0
1951.29 9 8.96151e-06 5.91606e-05 0
1951.29 9 1.3895e-05 5.91554e-05 0
1951.29 9 2.15443e-05 5.91473e-05 0
1951.29 9 3.34048e-05 5.91349e-05 0
1951.29 9 5.17947e-05 5.91157e-05 0
1951.29 9 8.03086e-05 5.90858e-05 0
1951.29 9 0.00012452 5.90394e-05 0
1951.29 9 0.00019307 5.89675e-05 0
1951.29 9 0.000299358 5.88565e-05 0
1951.29 9 0.000464159 5.86849e-05 0
1951.29 9 0.000719686 5.84191e-05 0
1951.29 9 0.00111588 5.80066e-05 0
1951.29 9 0.0017302 5.73689e-05 0
1951.29 9 0.0026827 5.6388e-05 0
1951.29 9 0.00415956 5.48776e-05 0
1951.29 9 0.00644947 5.25554e-05 0
1951.29 9 0.01 4.90199e-05 0
1951.29 9 0.0155052 4.36921e-05 0
1951.29 9 0.024041 3.5751e-05 0
1951.29 9 0.0372759 2.42562e-05 0
1951.29 9 0.0577969 8.42532e-06 0
1951.29 9 0.0896151 -1.16953e-05 0
1951.29 9 0.13895 -3.28442e-05 0
1951.29 9 0.215443 -4.49621e-05 0
1951.29 9 0.334048 -3.02917e-05 0
1951.29 9 0.517947 2.25594e-05 0
1951.29 9 0.803086 7.17271e-05 0
1951.29 9 1.2452 3.31667e-05 0
1951.29 9 1.9307 -1.65607e-05 0
1951.29 9 2.99358 1.2754e-05 0
1951.29 9 4.64159 3.23123e-05 0
1951.29 9 7.19686 6.43439e-06 0
1951.29 9 11.1588 1.73528e-05 0
1951.29 9 17.302 1.15765e-05 0
1951.29 9 26.827 8.07488e-06 0
1951.29 9 41.5956 8.65408e-06 0
1951.29 9 64.4947 7.0499e-06 0
1951.29 9 100 4.93439e-06 0
1951.29 9 155.052 4.57897e-06 0
1951.29 9 240.41 3.53007e-06 0
1951.29 9 372.759 1.60859e-06 0
1951.29 9 577.969 9.33642e-07 0
1951.29 9 896.151 7.11306e-07 0
1951.29 9 1389.5 2.26073e-07 0
1951.29 9 2154.43 -5.5047e-08 0
1951.29 9 3340.48 -1.05882e-07 0
1951.29 9 5179.47 -7.33094e-08 0
1951.29 9 8030.86 -4.93617e-08 0
1951.29 9 12452 -4.45037e-08 0
1951.29 9 19307 -3.86095e-08 0
1951.29 9 29935.8 -2.95691e-08 0
1951.29 9 46415.9 -2.1073e-08 0
1951.29 9 71968.6 -1.47272e-08 0
1951.29 9 111588 -1.11656e-08 0
1951.29 9 173020 -8.89651e-09 0
1951.29 9 268270 -7.07955e-09 0
1951.29 9 415956 -5.75708e-09 0
1951.29 9 644947 -4.69458e-09 0
1951.29 9 1e+06 -3.45013e-09 0

4757.94 9 1e-06 2.19507e-05 0
4757.94 9 1.55052e-06 2.19505e-05 0
4757.94 9 2.4041e-06 2.19501e-05 0
4757.94 9 3.72759e-06 2.19495e-05 0
4757.94 9 5.77969e-06 2.19486e-05 0
4757.94 9 8.96151e-06 2.19472e-05 0
4757.94 9 1.3895e-05 2.19451e-05 0
4757.94 9 2.15443e-05 2.19417e-05 0
4757.94 9 3.34048e-05 2.19365e-05 0
4757.94 9 5.17947e-05 2.19285e-05 0
4757.94 9 8.03086e-05 2.1916e-05 0
4757.94 9 0.00012452 2.18967e-05 0
4757.94 9 0.00019307 2.18667e-05 0
4757.94 9 0.000299358 2.18204e-05 0
4757.94 9 0.000464159 2.17489e-05 0
4757.94 9 0.000719686 2.1638e-05 0
4757.94 9 0.00111588 2.1466e-05 0
4757.94 9 0.0017302 2.12001e-05 0
4757.94 9 0.0026827 2.0791e-05 0
4757.94 9 0.00415956 2.01612e-05 0
4757.94 9 0.00644947 1.91928e-05 0
4757.94 9 0.01 1.77184e-05 0
4757.94 9 0.0155052 1.54964e-05 0
4757.94 9 0.024041 1.21846e-05 0
4757.94 9 0.0372759 7.39023e-06 0
4757.94 9 0.0577969 7.86647e-07 0
4757.94 9 0.0896151 -7.60758e-06 0
4757.94 9 0.13895 -1.64329e-05 0
4757.94 9 0.215443 -2.14922e-05 0
4757.94 9 0.334048 -1.53663e-05 0
4757.94 9 0.517947 6.73074e-06 0
4757.94 9 0.803086 2.73777e-05 0
4757.94 9 1.2452 1.14709e-05 0
4757.94 9 1.9307 -9.24767e-06 0
4757.94 9 2.99358 2.94526e-06 0
4757.94 9 4.64159 1.15256e-05 0
4757.94 9 7.19686 1.2095e-06 0
4757.94 9 11.1588 6.16577e-06 0
4757.94 9 17.302 4.00905e-06 0
4757.94 9 26.827 2.95393e-06 0
4757.94 9 41.5956 3.42945e-06 0
4757.94 9 64.4947 2.9531e-06 0
4757.94 9 100 2.2389e-06 0
4757.94 9 155.052 2.31993e-06 0
4757.94 9 240.41 2.03376e-06 0
4757.94 9 372.759 1.15187e-06 0
4757.94 9 577.969 8.48631e-07 0
4757.94 9 896.151 7.47239e-07 0
4757.94 9 1389.5 3.42321e-07 0
4757.94 9 2154.43 4.95384e-08 0
4757.94 9 3340.48 -4.33705e-08 0
4757.94 9 5179.47 -4.192e-08 0
4757.94 9 8030.86 -3.34229e-08 0
4757.94 9 12452 -3.6728e-08 0
4757.94 9 19307 -3.50603e-08 0
4757.94 9 29935.8 -2.80267e-08 0
4757.94 9 46415.9 -2.04241e-08 0
4757.94 9 71968.6 -1.44587e-08 0
4757.94 9 111588 -1.1049e-08 0
4757.94 9 173020 -8.84575e-09 0
4757.94 9 268270 -7.05611e-09 0
4757.94 9 415956 -5.74532e-09 0
4757.94 9 644947 -4.68821e-09 0
4757.94 9 1e+06 -3.44697e-09 0

11601.6 9 1e-06 8.49011e-06 0
11601.6 9 1.55052e-06 8.49001e-06 0
11601.6 9 2.4041e-06 8.48985e-06 0
11601.6 9 3.72759e-06 8.4896e-06 0
11601.6 9 5.77969e-06 8.48923e-06 0
11601.6 9 8.96151e-06 8.48865e-06 0
11601.6 9 1.3895e-05 8.48775e-06 0
11601.6 9 2.15443e-05 8.48636e-06 0
11601.6 9 3.34048e-05 8.48421e-06 0
11601.6 9 5.17947e-05 8.48087e-06 0
11601.6 9 8.03086e-05 8.4757e-06 0
11601.6 9 0.00012452 8.46767e-06 0
11601.6 9 0.00019307 8.45524e-06 0
11601.6 9 0.000299358 8.43602e-06 0
11601.6 9 0.000464159 8.40631e-06 0
11601.6 9 0.000719686 8.36031e-06 0
11601.6 9 0.00111588 8.28891e-06 0
11601.6 9 0.0017302 8.17854e-06 0
11601.6 9 0.0026827 8.00875e-06 0
11601.6 9 0.00415956 7.74731e-06 0
11601.6 9 0.00644947 7.34535e-06 0
11601.6 9 0.01 6.73335e-06 0
11601.6 9 0.0155052 5.81106e-06 0
11601.6 9 0.024041 4.43632e-06 0
11601.6 9 0.0372759 2.44617e-06 0
11601.6 9 0.0577969 -2.95134e-07 0
11601.6 9 0.0896151 -3.78e-06 0
11601.6 9 0.13895 -7.44422e-06 0
11601.6 9 0.215443 -9.54525e-06 0
11601.6 9 0.334048 -7.00129e-06 0
11601.6 9 0.517947 2.1802e-06 0
11601.6 9 0.803086 1.07744e-05 0
11601.6 9 1.2452 4.201e-06 0
11601.6 9 1.9307 -4.39627e-06 0
11601.6 9 2.99358 6.58404e-07 0
11601.6 9 4.64159 4.29156e-06 0
11601.6 9 7.19686 9.12678e-08 0
11601.6 9 11.1588 2.21898e-06 0
11601.6 9 17.302 1.36858e-06 0
11601.6 9 26.827 1.00732e-06 0
11601.6 9 41.5956 1.25456e-06 0
11601.6 9 64.4947 1.10569e-06 0
11601.6 9 100 8.63715e-07 0
11601.6 9 155.052 9.76739e-07 0
11601.6 9 240.41 9.37515e-07 0
11601.6 9 372.759 6.11092e-07 0
11601.6 9 577.969 5.35227e-07 0
11601.6 9 896.151 5.33726e-07 0
11601.6 9 1389.5 3.12947e-07 0
11601.6 9 2154.43 1.10515e-07 0
11601.6 9 3340.48 2.10504e-08 0
11601.6 9 5179.47 1.41797e-09 0
11601.6 9 8030.86 -6.06621e-09 0
11601.6 9 12452 -2.10469e-08 0
11601.6 9 19307 -2.70592e-08 0
11601.6 9 29935.8 -2.4284e-08 0
11601.6 9 46415.9 -1.87722e-08 0
11601.6 9 71968.6 -1.37534e-08 0
11601.6 9 111588 -1.07379e-08 0
11601.6 9 173020 -8.70939e-09 0
11601.6 9 268270 -6.9934e-09 0
11601.6 9 415956 -5.71429e-09 0
11601.6 9 644947 -4.67171e-09 0
11601.6 9 1e+06 -3.43887e-09 0

28288.7 9 1e-06 3.36178e-06 0
28288.7 9 1.55052e-06 3.36174e-06 0
28288.7 9 2.4041e-06 3.36168e-06 0
28288.7 9 3.72759e-06 3.36158e-06 0
28288.7 9 5.77969e-06 3.36142e-06 0
28288.7 9 8.96151e-06 3.36118e-06 0
28288.7 9 1.3895e-05 3.36081e-06 0
28288.7 9 2.15443e-05 3.36023e-06 0
28288.7 9 3.34048e-05 3.35934e-06 0
28288.7 9 5.17947e-05 3.35796e-06 0
28288.7 9 8.03086e-05 3.35582e-06 0
28288.7 9 0.00012452 3.3525e-06 0
28288.7 9 0.00019307 3.34735e-06 0
28288.7 9 0.000299358 3.33939e-06 0
28288.7 9 0.000464159 3.3271e-06 0
28288.7 9 0.000719686 3.30805e-06 0
28288.7 9 0.00111588 3.2785e-06 0
28288.7 9 0.0017302 3.23281e-06 0
28288.7 9 0.0026827 3.16253e-06 0
28288.7 9 0.00415956 3.0543e-06 0
28288.7 9 0.00644947 2.88791e-06 0
28288.7 9 0.01 2.63457e-06 0
28288.7 9 0.0155052 2.25278e-06 0
28288.7 9 0.024041 1.6837e-06 0
28288.7 9 0.0372759 8.59844e-07 0
28288.7 9 0.0577969 -2.74981e-07 0
28288.7 9 0.0896151 -1.71765e-06 0
28288.7 9 0.13895 -3.23465e-06 0
28288.7 9 0.215443 -4.10456e-06 0
28288.7 9 0.334048 -3.05128e-06 0
28288.7 9 0.517947 7.51012e-07 0
28288.7 9 0.803086 4.31264e-06 0
28288.7 9 1.2452 1.5965e-06 0
28288.7 9 1.9307 -1.96201e-06 0
28288.7 9 2.99358 1.29204e-07 0
28288.7 9 4.64159 1.64521e-06 0
28288.7 9 7.19686 -7.96952e-08 0
28288.7 9 11.1588 8.1302e-07 0
28288.7 9 17.302 4.68498e-07 0
28288.7 9 26.827 3.32208e-07 0
28288.7 9 41.5956 4.43316e-07 0
28288.7 9 64.4947 3.90665e-07 0
28288.7 9 100 3.0131e-07 0
28288.7 9 155.052 3.64908e-07 0
28288.7 9 240.41 3.68394e-07 0
28288.7 9 372.759 2.49832e-07 0
28288.7 9 577.969 2.41782e-07 0
28288.7 9 896.151 2.67042e-07 0
28288.7 9 1389.5 1.81427e-07 0
28288.7 9 2154.43 8.9233e-08 0
28288.7 9 3340.48 4.29262e-08 0
28288.7 9 5179.47 2.94236e-08 0
28288.7 9 8030.86 1.97825e-08 0
28288.7 9 12452 -1.05385e-09 0
28288.7 9 19307 -1.45049e-08 0
28288.7 9 29935.8 -1.75347e-08 0
28288.7 9 46415.9 -1.55062e-08 0
28288.7 9 71968.6 -1.2268e-08 0
28288.7 9 111588 -1.00516e-08 0
28288.7 9 173020 -8.39921e-09 0
28288.7 9 268270 -6.84763e-09 0
28288.7 9 415956 -5.64104e-09 0
28288.7 9 644947 -4.63235e-09 0
28288.7 9 1e+06 -3.41943e-09 0

68977.9 9 1e-06 1.35573e-06 0
68977.9 9 1.55052e-06 1.35572e-06 0
68977.9 9 2.4041e-06 1.35569e-06 0
68977.9 9 3.72759e-06 1.35565e-06 0
68977.9 9 5.77969e-06 1.35558e-06 0
68977.9 9 8.96151e-06 1.35549e-06 0
68977.9 9 1.3895e-05 1.35533e-06 0
68977.9 9 2.15443e-05 1.35509e-06 0
68977.9 9 3.34048e-05 1.35473e-06 0
68977.9 9 5.17947e-05 1.35416e-06 0
68977.9 9 8.03086e-05 1.35327e-06 0
68977.9 9 0.00012452 1.3519e-06 0
68977.9 9 0.00019307 1.34977e-06 0
68977.9 9 0.000299358 1.34649e-06 0
68977.9 9 0.000464159 1.34141e-06 0
68977.9 9 0.000719686 1.33354e-06 0
68977.9 9 0.00111588 1.32133e-06 0
68977.9 9 0.0017302 1.30246e-06 0
68977.9 9 0.0026827 1.27343e-06 0
68977.9 9 0.00415956 1.22872e-06 0
68977.9 9 0.00644947 1.15999e-06 0
68977.9 9 0.01 1.05534e-06 0
68977.9 9 0.0155052 8.97627e-07 0
68977.9 9 0.024041 6.62547e-07 0
68977.9 9 0.0372759 3.22226e-07 0
68977.9 9 0.0577969 -1.46558e-07 0
68977.9 9 0.0896151 -7.42517e-07 0
68977.9 9 0.13895 -1.36919e-06 0
68977.9 9 0.215443 -1.72856e-06 0
68977.9 9 0.334048 -1.29344e-06 0
68977.9 9 0.517947 2.77483e-07 0
68977.9 9 0.803086 1.74941e-06 0
68977.9 9 1.2452 6.28253e-07 0
68977.9 9 1.9307 -8.41641e-07 0
68977.9 9 2.99358 2.19967e-08 0
68977.9 9 4.64159 6.50272e-07 0
68977.9 9 7.19686 -5.99093e-08 0
68977.9 9 11.1588 3.10891e-07 0
68977.9 9 17.302 1.69864e-07 0
68977.9 9 26.827 1.15864e-07 0
68977.9 9 41.5956 1.63323e-07 0
68977.9 9 64.4947 1.43234e-07 0
68977.9 9 100 1.08415e-07 0
68977.9 9 155.052 1.38023e-07 0
68977.9 9 240.41 1.43697e-07 0
68977.9 9 372.759 9.90779e-08 0
68977.9 9 577.969 1.02316e-07 0
68977.9 9 896.151 1.21125e-07 0
68977.9 9 1389.5 9.1829e-08 0
68977.9 9 2154.43 5.75825e-08 0
68977.9 9 3340.48 4.09529e-08 0
68977.9 9 5179.47 3.66081e-08 0
68977.9 9 8030.86 3.07991e-08 0
68977.9 9 12452 1.34933e-08 0
68977.9 9 19307 -1.45263e-09 0
68977.9 9 29935.8 -8.60208e-09 0
68977.9 9 46415.9 -1.03881e-08 0
68977.9 9 71968.6 -9.63375e-09 0
68977.9 9 111588 -8.71243e-09 0
68977.9 9 173020 -7.75382e-09 0
68977.9 9 268270 -6.52971e-09 0
68977.9 9 415956 -5.47577e-09 0
68977.9 9 644947 -4.54145e-09 0
68977.9 9 1e+06 -3.37398e-09 0

168192 9 1e-06 5.45315e-07 0
168192 9 1.55052e-06 5.45311e-07 0
168192 9 2.4041e-06 5.45299e-07 0
168192 9 3.72759e-06 5.45282e-07 0
168192 9 5.77969e-06 5.45255e-07 0
168192 9 8.96151e-06 5.45214e-07 0
168192 9 1.3895e-05 5.45151e-07 0
168192 9 2.15443e-05 5.45053e-07 0
168192 9 3.34048e-05 5.44901e-07 0
168192 9 5.17947e-05 5.44665e-07 0
168192 9 8.03086e-05 5.443e-07 0
168192 9 0.00012452 5.43734e-07 0
168192 9 0.00019307 5.42857e-07 0
168192 9 0.000299358 5.415e-07 0
168192 9 0.000464159 5.39404e-07 0
168192 9 0.000719686 5.36158e-07 0
168192 9 0.00111588 5.3112e-07 0
168192 9 0.0017302 5.23331e-07 0
168192 9 0.0026827 5.11349e-07 0
168192 9 0.00415956 4.929e-07 0
168192 9 0.00644947 4.64535e-07 0
168192 9 0.01 4.21348e-07 0
168192 9 0.0155052 3.56263e-07 0
168192 9 0.024041 2.5925e-07 0
168192 9 0.0372759 1.18804e-07 0
168192 9 0.0577969 -7.46563e-08 0
168192 9 0.0896151 -3.20601e-07 0
168192 9 0.13895 -5.79222e-07 0
168192 9 0.215443 -7.27537e-07 0
168192 9 0.334048 -5.47962e-07 0
168192 9 0.517947 1.00376e-07 0
168192 9 0.803086 7.07931e-07 0
168192 9 1.2452 2.45391e-07 0
168192 9 1.9307 -3.61199e-07 0
168192 9 2.99358 -4.82411e-09 0
168192 9 4.64159 2.54801e-07 0
168192 9 7.19686 -3.78778e-08 0
168192 9 11.1588 1.15495e-07 0
168192 9 17.302 5.75221e-08 0
168192 9 26.827 3.5641e-08 0
168192 9 41.5956 5.55141e-08 0
168192 9 64.4947 4.75412e-08 0
168192 9 100 3.35864e-08 0
168192 9 155.052 4.6471e-08 0
168192 9 240.41 4.97005e-08 0
168192 9 372.759 3.23144e-08 0
168192 9 577.969 3.52526e-08 0
168192 9 896.151 4.52443e-08 0
168192 9 1389.5 3.5466e-08 0
168192 9 2154.43 2.38796e-08 0
168192 9 3340.48 1.98871e-08 0
168192 9 5179.47 2.10143e-08 0
168192 9 8030.86 2.07104e-08 0
168192 9 12452 1.29663e-08 0
168192 9 19307 4.32978e-09 0
168192 9 29935.8 -1.437e-09 0
168192 9 46415.9 -4.55589e-09 0
168192 9 71968.6 -5.74384e-09 0
168192 9 111588 -6.31593e-09 0
168192 9 173020 -6.43726e-09 0
168192 9 268270 -5.82235e-09 0
168192 9 415956 -5.08947e-09 0
168192 9 644947 -4.32428e-09 0
168192 9 1e+06 -3.26418e-09 0

410113 9 1e-06 2.19922e-07 0
410113 9 1.55052e-06 2.19921e-07 0
410113 9 2.4041e-06 2.19916e-07 0
410113 9 3.72759e-06 2.19909e-07 0
410113 9 5.77969e-06 2.19898e-07 0
410113 9 8.96151e-06 2.19881e-07 0
410113 9 1.3895e-05 2.19855e-07 0
410113 9 2.15443e-05 2.19815e-07 0
410113 9 3.34048e-05 2.19752e-07 0
410113 9 5.17947e-05 2.19655e-07 0
410113 9 8.03086e-05 2.19504e-07 0
410113 9 0.00012452 2.19271e-07 0
410113 9 0.00019307 2.18909e-07 0
410113 9 0.000299358 2.1835e-07 0
410113 9 0.000464159 2.17485e-07 0
410113 9 0.000719686 2.16147e-07 0
410113 9 0.00111588 2.14069e-07 0
410113 9 0.0017302 2.10858e-07 0
410113 9 0.0026827 2.05917e-07 0
410113 9 0.00415956 1.9831e-07 0
410113 9 0.00644947 1.86613e-07 0
410113 9 0.01 1.68805e-07 0
410113 9 0.0155052 1.41968e-07 0
410113 9 0.024041 1.01965e-07 0
410113 9 0.0372759 4.40528e-08 0
410113 9 0.0577969 -3.572e-08 0
410113 9 0.0896151 -1.37135e-07 0
410113 9 0.13895 -2.43777e-07 0
410113 9 0.215443 -3.04934e-07 0
410113 9 0.334048 -2.30887e-07 0
410113 9 0.517947 3.64602e-08 0
410113 9 0.803086 2.87002e-07 0
410113 9 1.2452 9.62997e-08 0
410113 9 1.9307 -1.53823e-07 0
410113 9 2.99358 -6.87907e-09 0
410113 9 4.64159 1.00235e-07 0
410113 9 7.19686 -2.03822e-08 0
410113 9 11.1588 4.29198e-08 0
410113 9 17.302 1.90531e-08 0
410113 9 26.827 1.0099e-08 0
410113 9 41.5956 1.83425e-08 0
410113 9 64.4947 1.51093e-08 0
410113 9 100 9.42664e-09 0
410113 9 155.052 1.48552e-08 0
410113 9 240.41 1.63431e-08 0
410113 9 372.759 9.36048e-09 0
410113 9 577.969 1.0869e-08 0
410113 9 896.151 1.54181e-08 0
410113 9 1389.5 1.18792e-08 0
410113 9 2154.43 7.72638e-09 0
410113 9 3340.48 6.89731e-09 0
410113 9 5179.47 8.36484e-09 0
410113 9 8030.86 9.29061e-09 0
410113 9 12452 6.77006e-09 0
410113 9 19307 3.44954e-09 0
410113 9 29935.8 9.17419e-10 0
410113 9 46415.9 -9.24995e-10 0
410113 9 71968.6 -2.19268e-09 0
410113 9 111588 -3.41571e-09 0
410113 9 173020 -4.44826e-09 0
410113 9 268270 -4.56015e-09 0
410113 9 415956 -4.31867e-09 0
410113 9 644947 -3.86161e-09 0
410113 9 1e+06 -3.02144e-09 0

1e+06 9 1e-06 8.9027e-08 0
1e+06 9 1.55052e-06 8.90271e-08 0
1e+06 9 2.4041e-06 8.90251e-08 0
1e+06 9 3.72759e-06 8.9022e-08 0
1e+06 9 5.77969e-06 8.90174e-08 0
1e+06 9 8.96151e-06 8.90105e-08 0
1e+06 9 1.3895e-05 8.89997e-08 0
1e+06 9 2.15443e-05 8.89832e-08 0
1e+06 9 3.34048e-05 8.89573e-08 0
1e+06 9 5.17947e-05 8.89173e-08 0
1e+06 9 8.03086e-05 8.88552e-08 0
1e+06 9 0.00012452 8.87589e-08 0
1e+06 9 0.00019307 8.86098e-08 0
1e+06 9 0.000299358 8.83792e-08 0
1e+06 9 0.000464159 8.80229e-08 0
1e+06 9 0.000719686 8.74711e-08 0
1e+06 9 0.00111588 8.66147e-08 0
1e+06 9 0.0017302 8.52908e-08 0
1e+06 9 0.0026827 8.32542e-08 0
1e+06 9 0.00415956 8.01182e-08 0
1e+06 9 0.00644947 7.52967e-08 0
1e+06 9 0.01 6.79557e-08 0
1e+06 9 0.0155052 5.68926e-08 0
1e+06 9 0.024041 4.04021e-08 0
1e+06 9 0.0372759 1.65291e-08 0
1e+06 9 0.0577969 -1.63556e-08 0
1e+06 9 0.0896151 -5.81617e-08 0
1e+06 9 0.13895 -1.02123e-07 0
1e+06 9 0.215443 -1.27334e-07 0
1e+06 9 0.334048 -9.68091e-08 0
1e+06 9 0.517947 1.34003e-08 0
1e+06 9 0.803086 1.16684e-07 0
1e+06 9 1.2452 3.80751e-08 0
1e+06 9 1.9307 -6.50323e-08 0
1e+06 9 2.99358 -4.45871e-09 0
1e+06 9 4.64159 3.97067e-08 0
1e+06 9 7.19686 -1.00037e-08 0
1e+06 9 11.1588 1.61012e-08 0
1e+06 9 17.302 6.26924e-09 0
1e+06 9 26.827 2.58978e-09 0
1e+06 9 41.5956 5.99642e-09 0
1e+06 9 64.4947 4.67303e-09 0
1e+06 9 100 2.34295e-09 0
1e+06 9 155.052 4.60095e-09 0
1e+06 9 240.41 5.24189e-09 0
1e+06 9 372.759 2.39695e-09 0
1e+06 9 577.969 3.0726e-09 0
1e+06 9 896.151 5.02692e-09 0
1e+06 9 1389.5 3.66363e-09 0
1e+06 9 2154.43 2.08021e-09 0
1e+06 9 3340.48 1.91762e-09 0
1e+06 9 5179.47 2.76148e-09 0
1e+06 9 8030.86 3.43245e-09 0
1e+06 9 12452 2.67369e-09 0
1e+06 9 19307 1.57e-09 0
1e+06 9 29935.8 7.48637e-10 0
1e+06 9 46415.9 8.59892e-11 0
1e+06 9 71968.6 -5.19981e-10 0
1e+06 9 111588 -1.39168e-09 0
1e+06 9 173020 -2.41058e-09 0
1e+06 9 268270 -2.84793e-09 0
1e+06 9 415956 -3.04815e-09 0
1e+06 9 644947 -3.00238e-09 0
1e+06 9 1e+06 -2.53485e-09 0

