#q_sq i k_sq Re(fg) Im(fg)
1e-06 7 1e-06 3526.3 -0
1e-06 7 1.55052e-06 2273.94 -0
1e-06 7 2.4041e-06 1466.24 -0
1e-06 7 3.72759e-06 945.311 -0
1e-06 7 5.77969e-06 609.341 -0
1e-06 7 8.96151e-06 392.659 -0
1e-06 7 1.3895e-05 252.91 -0
1e-06 7 2.15443e-05 162.779 -0
1e-06 7 3.34048e-05 104.65 -0
1e-06 7 5.17947e-05 67.1597 -0
1e-06 7 8.03086e-05 42.9805 -0
1e-06 7 0.00012452 27.3863 -0
1e-06 7 0.00019307 17.329 -0
1e-06 7 0.000299358 10.8427 -0
1e-06 7 0.000464159 6.65974 -0
1e-06 7 0.000719686 3.96238 -0
1e-06 7 0.00111588 2.22343 -0
1e-06 7 0.0017302 1.10298 -0
1e-06 7 0.0026827 0.382017 -0
1e-06 7 0.00415956 -0.0803892 0
1e-06 7 0.00644947 -0.374665 0
1e-06 7 0.01 -0.558393 0
1e-06 7 0.0155052 -0.667656 0
1e-06 7 0.024041 -0.724274 0
1e-06 7 0.0372759 -0.740268 0
1e-06 7 0.0577969 -0.720915 0
1e-06 7 0.0896151 -0.667428 0
1e-06 7 0.13895 -0.579548 0
1e-06 7 0.215443 -0.459921 0
1e-06 7 0.334048 -0.320192 0
1e-06 7 0.517947 -0.18404 0
1e-06 7 0.803086 -0.0809171 0
1e-06 7 1.2452 -0.0258963 0
1e-06 7 1.9307 -0.00637675 0
1e-06 7 2.99358 -0.00153138 0
1e-06 7 4.64159 -0.000532847 0
1e-06 7 7.19686 -0.000209214 0
1e-06 7 11.1588 -8.31889e-05 0
1e-06 7 17.302 -3.37114e-05 0
1e-06 7 26.827 -1.35605e-05 0
1e-06 7 41.5956 -5.42231e-06 0
1e-06 7 64.4947 -2.17227e-06 0
1e-06 7 100 -8.70838e-07 0
1e-06 7 155.052 -3.49093e-07 0
1e-06 7 240.41 -1.40251e-07 0
1e-06 7 372.759 -5.64582e-08 0
1e-06 7 577.969 -2.27353e-08 0
1e-06 7 896.151 -9.1647e-09 0
1e-06 7 1389.5 -3.70274e-09 0
1e-06 7 2154.43 -1.49747e-09 0
1e-06 7 3340.48 -6.06048e-10 0
1e-06 7 5179.47 -2.45517e-10 0
1e-06 7 8030.86 -9.95691e-11 0
1e-06 7 12452 -4.04274e-11 0
1e-06 7 19307 -1.64267e-11 0
1e-06 7 29935.8 -6.67876e-12 0
1e-06 7 46415.9 -2.71734e-12 0
1e-06 7 71968.6 -1.10634e-12 0
1e-06 7 111588 -4.5074e-13 0
1e-06 7 173020 -1.8379e-13 0
1e-06 7 268270 -7.49809e-14 0
1e-06 7 415956 -3.06097e-14 0
1e-06 7 644947 -1.25039e-14 0
1e-06 7 1e+06 -5.11001e-15 0

2.43835e-06 7 1e-06 3526.3 -0
2.43835e-06 7 1.55052e-06 2273.94 -0
2.43835e-06 7 2.4041e-06 1466.24 -0
2.43835e-06 7 3.72759e-06 945.311 -0
2.43835e-06 7 5.77969e-06 609.341 -0
2.43835e-06 7 8.96151e-06 392.658 -0
2.43835e-06 7 1.3895e-05 252.91 -0
2.43835e-06 7 2.15443e-05 162.779 -0
2.43835e-06 7 3.34048e-05 104.65 -0
2.43835e-06 7 5.17947e-05 67.1596 -0
2.43835e-06 7 8.03086e-05 42.9805 -0
2.43835e-06 7 0.00012452 27.3863 -0
2.43835e-06 7 0.00019307 17.329 -0
2.43835e-06 7 0.000299358 10.8427 -0
2.43835e-06 7 0.000464159 6.65973 -0
2.43835e-06 7 0.000719686 3.96238 -0
2.43835e-06 7 0.00111588 2.22343 -0
2.43835e-06 7 0.0017302 1.10298 -0
2.43835e-06 7 0.0026827 0.382017 -0
2.43835e-06 7 0.00415956 -0.080389 0
2.43835e-06 7 0.00644947 -0.374664 0
2.43835e-06 7 0.01 -0.558393 0
2.43835e-06 7 0.0155052 -0.667655 0
2.43835e-06 7 0.024041 -0.724273 0
2.43835e-06 7 0.0372759 -0.740268 0
2.43835e-06 7 0.0577969 -0.720914 0
2.43835e-06 7 0.0896151 -0.667427 0
2.43835e-06 7 0.13895 -0.579547 0
2.43835e-06 7 0.215443 -0.459921 0
2.43835e-06 7 0.334048 -0.320191 0
2.43835e-06 7 0.517947 -0.184039 0
2.43835e-06 7 0.803086 -0.080917 0
2.43835e-06 7 1.2452 -0.0258963 0
2.43835e-06 7 1.9307 -0.00637674 0
2.43835e-06 7 2.99358 -0.00153138 0
2.43835e-06 7 4.64159 -0.000532847 0
2.43835e-06 7 7.19686 -0.000209214 0
2.43835e-06 7 11.1588 -8.31889e-05 0
2.43835e-06 7 17.302 -3.37114e-05 0
2.43835e-06 7 26.827 -1.35605e-05 0
2.43835e-06 7 41.5956 -5.42231e-06 0
2.43835e-06 7 64.4947 -2.17227e-06 0
2.43835e-06 7 100 -8.70838e-07 0
2.43835e-06 7 155.052 -3.49092e-07 0
2.43835e-06 7 240.41 -1.4025e-07 0
2.43835e-06 7 372.759 -5.64582e-08 0
2.43835e-06 7 577.969 -2.27352e-08 0
2.43835e-06 7 896.151 -9.1647e-09 0
2.43835e-06 7 1389.5 -3.70274e-09 0
2.43835e-06 7 2154.43 -1.49747e-09 0
2.43835e-06 7 3340.48 -6.06048e-10 0
2.43835e-06 7 5179.47 -2.45517e-10 0
2.43835e-06 7 8030.86 -9.9569e-11 0
2.43835e-06 7 12452 -4.04273e-11 0
2.43835e-06 7 19307 -1.64267e-11 0
2.43835e-06 7 29935.8 -6.67875e-12 0
2.43835e-06 7 46415.9 -2.71734e-12 0
2.43835e-06 7 71968.6 -1.10634e-12 0
2.43835e-06 7 111588 -4.5074e-13 0
2.43835e-06 7 173020 -1.8379e-13 0
2.43835e-06 7 268270 -7.49809e-14 0
2.43835e-06 7 415956 -3.06097e-14 0
2.43835e-06 7 644947 -1.25039e-14 0
2.43835e-06 7 1e+06 -5.11001e-15 0

5.94557e-06 7 1e-06 3526.29 -0
5.94557e-06 7 1.55052e-06 2273.94 -0
5.94557e-06 7 2.4041e-06 1466.23 -0
5.94557e-06 7 3.72759e-06 945.309 -0
5.94557e-06 7 5.77969e-06 609.34 -0
5.94557e-06 7 8.96151e-06 392.657 -0
5.94557e-06 7 1.3895e-05 252.909 -0
5.94557e-06 7 2.15443e-05 162.779 -0
5.94557e-06 7 3.34048e-05 104.65 -0
5.94557e-06 7 5.17947e-05 67.1595 -0
5.94557e-06 7 8.03086e-05 42.9804 -0
5.94557e-06 7 0.00012452 27.3862 -0
5.94557e-06 7 0.00019307 17.3289 -0
5.94557e-06 7 0.000299358 10.8427 -0
5.94557e-06 7 0.000464159 6.65972 -0
5.94557e-06 7 0.000719686 3.96237 -0
5.94557e-06 7 0.00111588 2.22343 -0
5.94557e-06 7 0.0017302 1.10298 -0
5.94557e-06 7 0.0026827 0.382017 -0
5.94557e-06 7 0.00415956 -0.0803885 0
5.94557e-06 7 0.00644947 -0.374663 0
5.94557e-06 7 0.01 -0.558391 0
5.94557e-06 7 0.0155052 -0.667654 0
5.94557e-06 7 0.024041 -0.724271 0
5.94557e-06 7 0.0372759 -0.740266 0
5.94557e-06 7 0.0577969 -0.720912 0
5.94557e-06 7 0.0896151 -0.667425 0
5.94557e-06 7 0.13895 -0.579546 0
5.94557e-06 7 0.215443 -0.45992 0
5.94557e-06 7 0.334048 -0.320191 0
5.94557e-06 7 0.517947 -0.184039 0
5.94557e-06 7 0.803086 -0.0809169 0
5.94557e-06 7 1.2452 -0.0258962 0
5.94557e-06 7 1.9307 -0.00637673 0
5.94557e-06 7 2.99358 -0.00153138 0
5.94557e-06 7 4.64159 -0.000532846 0
5.94557e-06 7 7.19686 -0.000209214 0
5.94557e-06 7 11.1588 -8.31888e-05 0
5.94557e-06 7 17.302 -3.37113e-05 0
5.94557e-06 7 26.827 -1.35604e-05 0
5.94557e-06 7 41.5956 -5.4223e-06 0
5.94557e-06 7 64.4947 -2.17227e-06 0
5.94557e-06 7 100 -8.70837e-07 0
5.94557e-06 7 155.052 -3.49092e-07 0
5.94557e-06 7 240.41 -1.4025e-07 0
5.94557e-06 7 372.759 -5.64581e-08 0
5.94557e-06 7 577.969 -2.27352e-08 0
5.94557e-06 7 896.151 -9.16469e-09 0
5.94557e-06 7 1389.5 -3.70273e-09 0
5.94557e-06 7 2154.43 -1.49747e-09 0
5.94557e-06 7 3340.48 -6.06047e-10 0
5.94557e-06 7 5179.47 -2.45517e-10 0
5.94557e-06 7 8030.86 -9.95689e-11 0
5.94557e-06 7 12452 -4.04273e-11 0
5.94557e-06 7 19307 -1.64267e-11 0
5.94557e-06 7 29935.8 -6.67875e-12 0
5.94557e-06 7 46415.9 -2.71734e-12 0
5.94557e-06 7 71968.6 -1.10634e-12 0
5.94557e-06 7 111588 -4.50739e-13 0
5.94557e-06 7 173020 -1.8379e-13 0
5.94557e-06 7 268270 -7.49808e-14 0
5.94557e-06 7 415956 -3.06097e-14 0
5.94557e-06 7 644947 -1.25039e-14 0
5.94557e-06 7 1e+06 -5.11001e-15 0

1.44974e-05 7 1e-06 3526.27 -0
1.44974e-05 7 1.55052e-06 2273.92 -0
1.44974e-05 7 2.4041e-06 1466.23 -0
1.44974e-05 7 3.72759e-06 945.304 -0
1.44974e-05 7 5.77969e-06 609.336 -0
1.44974e-05 7 8.96151e-06 392.655 -0
1.44974e-05 7 1.3895e-05 252.908 -0
1.44974e-05 7 2.15443e-05 162.778 -0
1.44974e-05 7 3.34048e-05 104.649 -0
1.44974e-05 7 5.17947e-05 67.1591 -0
1.44974e-05 7 8.03086e-05 42.9801 -0
1.44974e-05 7 0.00012452 27.3861 -0
1.44974e-05 7 0.00019307 17.3288 -0
1.44974e-05 7 0.000299358 10.8426 -0
1.44974e-05 7 0.000464159 6.65969 -0
1.44974e-05 7 0.000719686 3.96235 -0
1.44974e-05 7 0.00111588 2.22341 -0
1.44974e-05 7 0.0017302 1.10297 -0
1.44974e-05 7 0.0026827 0.382015 -0
1.44974e-05 7 0.00415956 -0.0803874 0
1.44974e-05 7 0.00644947 -0.37466 0
1.44974e-05 7 0.01 -0.558388 0
1.44974e-05 7 0.0155052 -0.66765 0
1.44974e-05 7 0.024041 -0.724267 0
1.44974e-05 7 0.0372759 -0.740261 0
1.44974e-05 7 0.0577969 -0.720908 0
1.44974e-05 7 0.0896151 -0.667421 0
1.44974e-05 7 0.13895 -0.579543 0
1.44974e-05 7 0.215443 -0.459917 0
1.44974e-05 7 0.334048 -0.320189 0
1.44974e-05 7 0.517947 -0.184038 0
1.44974e-05 7 0.803086 -0.0809165 0
1.44974e-05 7 1.2452 -0.0258961 0
1.44974e-05 7 1.9307 -0.00637671 0
1.44974e-05 7 2.99358 -0.00153138 0
1.44974e-05 7 4.64159 -0.000532844 0
1.44974e-05 7 7.19686 -0.000209213 0
1.44974e-05 7 11.1588 -8.31885e-05 0
1.44974e-05 7 17.302 -3.37113e-05 0
1.44974e-05 7 26.827 -1.35604e-05 0
1.44974e-05 7 41.5956 -5.42229e-06 0
1.44974e-05 7 64.4947 -2.17226e-06 0
1.44974e-05 7 100 -8.70835e-07 0
1.44974e-05 7 155.052 -3.49091e-07 0
1.44974e-05 7 240.41 -1.4025e-07 0
1.44974e-05 7 372.759 -5.6458e-08 0
1.44974e-05 7 577.969 -2.27352e-08 0
1.44974e-05 7 896.151 -9.16466e-09 0
1.44974e-05 7 1389.5 -3.70272e-09 0
1.44974e-05 7 2154.43 -1.49747e-09 0
1.44974e-05 7 3340.48 -6.06046e-10 0
1.44974e-05 7 5179.47 -2.45516e-10 0
1.44974e-05 7 8030.86 -9.95687e-11 0
1.44974e-05 7 12452 -4.04272e-11 0
1.44974e-05 7 19307 -1.64266e-11 0
1.44974e-05 7 29935.8 -6.67873e-12 0
1.44974e-05 7 46415.9 -2.71733e-12 0
1.44974e-05 7 71968.6 -1.10634e-12 0
1.44974e-05 7 111588 -4.50738e-13 0
1.44974e-05 7 173020 -1.8379e-13 0
1.44974e-05 7 268270 -7.49806e-14 0
1.44974e-05 7 415956 -3.06096e-14 0
1.44974e-05 7 644947 -1.25039e-14 0
1.44974e-05 7 1e+06 -5.10999e-15 0

3.53498e-05 7 1e-06 3526.23 -0
3.53498e-05 7 1.55052e-06 2273.9 -0
3.53498e-05 7 2.4041e-06 1466.21 -0
3.53498e-05 7 3.72759e-06 945.292 -0
3.53498e-05 7 5.77969e-06 609.329 -0
3.53498e-05 7 8.96151e-06 392.651 -0
3.53498e-05 7 1.3895e-05 252.905 -0
3.53498e-05 7 2.15443e-05 162.776 -0
3.53498e-05 7 3.34048e-05 104.648 -0
3.53498e-05 7 5.17947e-05 67.1583 -0
3.53498e-05 7 8.03086e-05 42.9796 -0
3.53498e-05 7 0.00012452 27.3857 -0
3.53498e-05 7 0.00019307 17.3286 -0
3.53498e-05 7 0.000299358 10.8425 -0
3.53498e-05 7 0.000464159 6.6596 -0
3.53498e-05 7 0.000719686 3.96231 -0
3.53498e-05 7 0.00111588 2.22339 -0
3.53498e-05 7 0.0017302 1.10296 -0
3.53498e-05 7 0.0026827 0.382012 -0
3.53498e-05 7 0.00415956 -0.0803845 0
3.53498e-05 7 0.00644947 -0.374654 0
3.53498e-05 7 0.01 -0.558379 0
3.53498e-05 7 0.0155052 -0.66764 0
3.53498e-05 7 0.024041 -0.724256 0
3.53498e-05 7 0.0372759 -0.74025 0
3.53498e-05 7 0.0577969 -0.720898 0
3.53498e-05 7 0.0896151 -0.667412 0
3.53498e-05 7 0.13895 -0.579534 0
3.53498e-05 7 0.215443 -0.459911 0
3.53498e-05 7 0.334048 -0.320185 0
3.53498e-05 7 0.517947 -0.184036 0
3.53498e-05 7 0.803086 -0.0809155 0
3.53498e-05 7 1.2452 -0.0258958 0
3.53498e-05 7 1.9307 -0.00637665 0
3.53498e-05 7 2.99358 -0.00153136 0
3.53498e-05 7 4.64159 -0.00053284 0
3.53498e-05 7 7.19686 -0.000209212 0
3.53498e-05 7 11.1588 -8.3188e-05 0
3.53498e-05 7 17.302 -3.3711e-05 0
3.53498e-05 7 26.827 -1.35603e-05 0
3.53498e-05 7 41.5956 -5.42226e-06 0
3.53498e-05 7 64.4947 -2.17225e-06 0
3.53498e-05 7 100 -8.70829e-07 0
3.53498e-05 7 155.052 -3.49089e-07 0
3.53498e-05 7 240.41 -1.40249e-07 0
3.53498e-05 7 372.759 -5.64577e-08 0
3.53498e-05 7 577.969 -2.2735e-08 0
3.53498e-05 7 896.151 -9.16461e-09 0
3.53498e-05 7 1389.5 -3.7027e-09 0
3.53498e-05 7 2154.43 -1.49746e-09 0
3.53498e-05 7 3340.48 -6.06042e-10 0
3.53498e-05 7 5179.47 -2.45515e-10 0
3.53498e-05 7 8030.86 -9.95681e-11 0
3.53498e-05 7 12452 -4.0427e-11 0
3.53498e-05 7 19307 -1.64266e-11 0
3.53498e-05 7 29935.8 -6.67869e-12 0
3.53498e-05 7 46415.9 -2.71732e-12 0
3.53498e-05 7 71968.6 -1.10633e-12 0
3.53498e-05 7 111588 -4.50735e-13 0
3.53498e-05 7 173020 -1.83789e-13 0
3.53498e-05 7 268270 -7.49802e-14 0
3.53498e-05 7 415956 -3.06094e-14 0
3.53498e-05 7 644947 -1.25038e-14 0
3.53498e-05 7 1e+06 -5.10997e-15 0

8.61954e-05 7 1e-06 3526.12 -0
8.61954e-05 7 1.55052e-06 2273.83 -0
8.61954e-05 7 2.4041e-06 1466.16 -0
8.61954e-05 7 3.72759e-06 945.263 -0
8.61954e-05 7 5.77969e-06 609.31 -0
8.61954e-05 7 8.96151e-06 392.639 -0
8.61954e-05 7 1.3895e-05 252.897 -0
8.61954e-05 7 2.15443e-05 162.771 -0
8.61954e-05 7 3.34048e-05 104.645 -0
8.61954e-05 7 5.17947e-05 67.1563 -0
8.61954e-05 7 8.03086e-05 42.9783 -0
8.61954e-05 7 0.00012452 27.3849 -0
8.61954e-05 7 0.00019307 17.3281 -0
8.61954e-05 7 0.000299358 10.8422 -0
8.61954e-05 7 0.000464159 6.6594 -0
8.61954e-05 7 0.000719686 3.96219 -0
8.61954e-05 7 0.00111588 2.22332 -0
8.61954e-05 7 0.0017302 1.10293 -0
8.61954e-05 7 0.0026827 0.382005 -0
8.61954e-05 7 0.00415956 -0.0803776 0
8.61954e-05 7 0.00644947 -0.374638 0
8.61954e-05 7 0.01 -0.558357 0
8.61954e-05 7 0.0155052 -0.667615 0
8.61954e-05 7 0.024041 -0.72423 0
8.61954e-05 7 0.0372759 -0.740224 0
8.61954e-05 7 0.0577969 -0.720872 0
8.61954e-05 7 0.0896151 -0.667389 0
8.61954e-05 7 0.13895 -0.579514 0
8.61954e-05 7 0.215443 -0.459895 0
8.61954e-05 7 0.334048 -0.320174 0
8.61954e-05 7 0.517947 -0.18403 0
8.61954e-05 7 0.803086 -0.0809132 0
8.61954e-05 7 1.2452 -0.0258952 0
8.61954e-05 7 1.9307 -0.00637651 0
8.61954e-05 7 2.99358 -0.00153133 0
8.61954e-05 7 4.64159 -0.00053283 0
8.61954e-05 7 7.19686 -0.000209208 0
8.61954e-05 7 11.1588 -8.31865e-05 0
8.61954e-05 7 17.302 -3.37105e-05 0
8.61954e-05 7 26.827 -1.35601e-05 0
8.61954e-05 7 41.5956 -5.42217e-06 0
8.61954e-05 7 64.4947 -2.17221e-06 0
8.61954e-05 7 100 -8.70816e-07 0
8.61954e-05 7 155.052 -3.49084e-07 0
8.61954e-05 7 240.41 -1.40247e-07 0
8.61954e-05 7 372.759 -5.64568e-08 0
8.61954e-05 7 577.969 -2.27347e-08 0
8.61954e-05 7 896.151 -9.16448e-09 0
8.61954e-05 7 1389.5 -3.70265e-09 0
8.61954e-05 7 2154.43 -1.49744e-09 0
8.61954e-05 7 3340.48 -6.06034e-10 0
8.61954e-05 7 5179.47 -2.45511e-10 0
8.61954e-05 7 8030.86 -9.95667e-11 0
8.61954e-05 7 12452 -4.04264e-11 0
8.61954e-05 7 19307 -1.64263e-11 0
8.61954e-05 7 29935.8 -6.6786e-12 0
8.61954e-05 7 46415.9 -2.71728e-12 0
8.61954e-05 7 71968.6 -1.10632e-12 0
8.61954e-05 7 111588 -4.50729e-13 0
8.61954e-05 7 173020 -1.83786e-13 0
8.61954e-05 7 268270 -7.49792e-14 0
8.61954e-05 7 415956 -3.0609e-14 0
8.61954e-05 7 644947 -1.25036e-14 0
8.61954e-05 7 1e+06 -5.1099e-15 0

0.000210175 7 1e-06 3525.86 -0
0.000210175 7 1.55052e-06 2273.66 -0
0.000210175 7 2.4041e-06 1466.05 -0
0.000210175 7 3.72759e-06 945.192 -0
0.000210175 7 5.77969e-06 609.265 -0
0.000210175 7 8.96151e-06 392.609 -0
0.000210175 7 1.3895e-05 252.878 -0
0.000210175 7 2.15443e-05 162.759 -0
0.000210175 7 3.34048e-05 104.637 -0
0.000210175 7 5.17947e-05 67.1513 -0
0.000210175 7 8.03086e-05 42.9751 -0
0.000210175 7 0.00012452 27.3829 -0
0.000210175 7 0.00019307 17.3268 -0
0.000210175 7 0.000299358 10.8414 -0
0.000210175 7 0.000464159 6.65892 -0
0.000210175 7 0.000719686 3.9619 -0
0.000210175 7 0.00111588 2.22317 -0
0.000210175 7 0.0017302 1.10286 -0
0.000210175 7 0.0026827 0.381988 -0
0.000210175 7 0.00415956 -0.0803607 0
0.000210175 7 0.00644947 -0.374599 0
0.000210175 7 0.01 -0.558305 0
0.000210175 7 0.0155052 -0.667555 0
0.000210175 7 0.024041 -0.724166 0
0.000210175 7 0.0372759 -0.74016 0
0.000210175 7 0.0577969 -0.72081 0
0.000210175 7 0.0896151 -0.667332 0
0.000210175 7 0.13895 -0.579466 0
0.000210175 7 0.215443 -0.459857 0
0.000210175 7 0.334048 -0.320149 0
0.000210175 7 0.517947 -0.184016 0
0.000210175 7 0.803086 -0.0809076 0
0.000210175 7 1.2452 -0.0258936 0
0.000210175 7 1.9307 -0.00637617 0
0.000210175 7 2.99358 -0.00153126 0
0.000210175 7 4.64159 -0.000532806 0
0.000210175 7 7.19686 -0.000209199 0
0.000210175 7 11.1588 -8.31831e-05 0
0.000210175 7 17.302 -3.37091e-05 0
0.000210175 7 26.827 -1.35596e-05 0
0.000210175 7 41.5956 -5.42196e-06 0
0.000210175 7 64.4947 -2.17213e-06 0
0.000210175 7 100 -8.70783e-07 0
0.000210175 7 155.052 -3.49071e-07 0
0.000210175 7 240.41 -1.40242e-07 0
0.000210175 7 372.759 -5.64548e-08 0
0.000210175 7 577.969 -2.27339e-08 0
0.000210175 7 896.151 -9.16415e-09 0
0.000210175 7 1389.5 -3.70252e-09 0
0.000210175 7 2154.43 -1.49739e-09 0
0.000210175 7 3340.48 -6.06013e-10 0
0.000210175 7 5179.47 -2.45503e-10 0
0.000210175 7 8030.86 -9.95633e-11 0
0.000210175 7 12452 -4.0425e-11 0
0.000210175 7 19307 -1.64258e-11 0
0.000210175 7 29935.8 -6.67837e-12 0
0.000210175 7 46415.9 -2.71719e-12 0
0.000210175 7 71968.6 -1.10628e-12 0
0.000210175 7 111588 -4.50714e-13 0
0.000210175 7 173020 -1.8378e-13 0
0.000210175 7 268270 -7.49767e-14 0
0.000210175 7 415956 -3.0608e-14 0
0.000210175 7 644947 -1.25032e-14 0
0.000210175 7 1e+06 -5.10973e-15 0

0.000512481 7 1e-06 3525.22 -0
0.000512481 7 1.55052e-06 2273.24 -0
0.000512481 7 2.4041e-06 1465.79 -0
0.000512481 7 3.72759e-06 945.021 -0
0.000512481 7 5.77969e-06 609.154 -0
0.000512481 7 8.96151e-06 392.538 -0
0.000512481 7 1.3895e-05 252.832 -0
0.000512481 7 2.15443e-05 162.729 -0
0.000512481 7 3.34048e-05 104.618 -0
0.000512481 7 5.17947e-05 67.1391 -0
0.000512481 7 8.03086e-05 42.9673 -0
0.000512481 7 0.00012452 27.3779 -0
0.000512481 7 0.00019307 17.3237 -0
0.000512481 7 0.000299358 10.8394 -0
0.000512481 7 0.000464159 6.65773 -0
0.000512481 7 0.000719686 3.96121 -0
0.000512481 7 0.00111588 2.22279 -0
0.000512481 7 0.0017302 1.10268 -0
0.000512481 7 0.0026827 0.381945 -0
0.000512481 7 0.00415956 -0.0803196 0
0.000512481 7 0.00644947 -0.374505 0
0.000512481 7 0.01 -0.558178 0
0.000512481 7 0.0155052 -0.667408 0
0.000512481 7 0.024041 -0.72401 0
0.000512481 7 0.0372759 -0.740003 0
0.000512481 7 0.0577969 -0.720659 0
0.000512481 7 0.0896151 -0.667193 0
0.000512481 7 0.13895 -0.579348 0
0.000512481 7 0.215443 -0.459765 0
0.000512481 7 0.334048 -0.320087 0
0.000512481 7 0.517947 -0.183982 0
0.000512481 7 0.803086 -0.0808939 0
0.000512481 7 1.2452 -0.0258897 0
0.000512481 7 1.9307 -0.00637533 0
0.000512481 7 2.99358 -0.00153108 0
0.000512481 7 4.64159 -0.000532747 0
0.000512481 7 7.19686 -0.000209177 0
0.000512481 7 11.1588 -8.31746e-05 0
0.000512481 7 17.302 -3.37058e-05 0
0.000512481 7 26.827 -1.35583e-05 0
0.000512481 7 41.5956 -5.42145e-06 0
0.000512481 7 64.4947 -2.17193e-06 0
0.000512481 7 100 -8.70704e-07 0
0.000512481 7 155.052 -3.49039e-07 0
0.000512481 7 240.41 -1.40229e-07 0
0.000512481 7 372.759 -5.64498e-08 0
0.000512481 7 577.969 -2.27319e-08 0
0.000512481 7 896.151 -9.16335e-09 0
0.000512481 7 1389.5 -3.7022e-09 0
0.000512481 7 2154.43 -1.49726e-09 0
0.000512481 7 3340.48 -6.05961e-10 0
0.000512481 7 5179.47 -2.45482e-10 0
0.000512481 7 8030.86 -9.95549e-11 0
0.000512481 7 12452 -4.04216e-11 0
0.000512481 7 19307 -1.64244e-11 0
0.000512481 7 29935.8 -6.67782e-12 0
0.000512481 7 46415.9 -2.71696e-12 0
0.000512481 7 71968.6 -1.10619e-12 0
0.000512481 7 111588 -4.50677e-13 0
0.000512481 7 173020 -1.83765e-13 0
0.000512481 7 268270 -7.49706e-14 0
0.000512481 7 415956 -3.06055e-14 0
0.000512481 7 644947 -1.25022e-14 0
0.000512481 7 1e+06 -5.10932e-15 0

0.00124961 7 1e-06 3523.65 -0
0.00124961 7 1.55052e-06 2272.24 -0
0.00124961 7 2.4041e-06 1465.14 -0
0.00124961 7 3.72759e-06 944.602 -0
0.00124961 7 5.77969e-06 608.884 -0
0.00124961 7 8.96151e-06 392.364 -0
0.00124961 7 1.3895e-05 252.72 -0
0.00124961 7 2.15443e-05 162.657 -0
0.00124961 7 3.34048e-05 104.572 -0
0.00124961 7 5.17947e-05 67.1094 -0
0.00124961 7 8.03086e-05 42.9483 -0
0.00124961 7 0.00012452 27.3658 -0
0.00124961 7 0.00019307 17.3161 -0
0.00124961 7 0.000299358 10.8347 -0
0.00124961 7 0.000464159 6.65485 -0
0.00124961 7 0.000719686 3.95952 -0
0.00124961 7 0.00111588 2.22187 -0
0.00124961 7 0.0017302 1.10226 -0
0.00124961 7 0.0026827 0.381841 -0
0.00124961 7 0.00415956 -0.0802194 0
0.00124961 7 0.00644947 -0.374275 0
0.00124961 7 0.01 -0.557868 0
0.00124961 7 0.0155052 -0.667051 0
0.00124961 7 0.024041 -0.723631 0
0.00124961 7 0.0372759 -0.73962 0
0.00124961 7 0.0577969 -0.72029 0
0.00124961 7 0.0896151 -0.666856 0
0.00124961 7 0.13895 -0.579059 0
0.00124961 7 0.215443 -0.459541 0
0.00124961 7 0.334048 -0.319936 0
0.00124961 7 0.517947 -0.1839 0
0.00124961 7 0.803086 -0.0808604 0
0.00124961 7 1.2452 -0.0258802 0
0.00124961 7 1.9307 -0.0063733 0
0.00124961 7 2.99358 -0.00153063 0
0.00124961 7 4.64159 -0.000532602 0
0.00124961 7 7.19686 -0.000209124 0
0.00124961 7 11.1588 -8.3154e-05 0
0.00124961 7 17.302 -3.36978e-05 0
0.00124961 7 26.827 -1.35551e-05 0
0.00124961 7 41.5956 -5.42022e-06 0
0.00124961 7 64.4947 -2.17144e-06 0
0.00124961 7 100 -8.70511e-07 0
0.00124961 7 155.052 -3.48963e-07 0
0.00124961 7 240.41 -1.40199e-07 0
0.00124961 7 372.759 -5.64376e-08 0
0.00124961 7 577.969 -2.2727e-08 0
0.00124961 7 896.151 -9.16141e-09 0
0.00124961 7 1389.5 -3.70142e-09 0
0.00124961 7 2154.43 -1.49694e-09 0
0.00124961 7 3340.48 -6.05835e-10 0
0.00124961 7 5179.47 -2.45431e-10 0
0.00124961 7 8030.86 -9.95344e-11 0
0.00124961 7 12452 -4.04134e-11 0
0.00124961 7 19307 -1.64211e-11 0
0.00124961 7 29935.8 -6.67647e-12 0
0.00124961 7 46415.9 -2.71642e-12 0
0.00124961 7 71968.6 -1.10597e-12 0
0.00124961 7 111588 -4.50587e-13 0
0.00124961 7 173020 -1.83728e-13 0
0.00124961 7 268270 -7.49558e-14 0
0.00124961 7 415956 -3.05995e-14 0
0.00124961 7 644947 -1.24998e-14 0
0.00124961 7 1e+06 -5.10832e-15 0

0.00304699 7 1e-06 3519.84 -0
0.00304699 7 1.55052e-06 2269.78 -0
0.00304699 7 2.4041e-06 1463.55 -0
0.00304699 7 3.72759e-06 943.58 -0
0.00304699 7 5.77969e-06 608.226 -0
0.00304699 7 8.96151e-06 391.94 -0
0.00304699 7 1.3895e-05 252.447 -0
0.00304699 7 2.15443e-05 162.481 -0
0.00304699 7 3.34048e-05 104.459 -0
0.00304699 7 5.17947e-05 67.037 -0
0.00304699 7 8.03086e-05 42.902 -0
0.00304699 7 0.00012452 27.3364 -0
0.00304699 7 0.00019307 17.2975 -0
0.00304699 7 0.000299358 10.8231 -0
0.00304699 7 0.000464159 6.64781 -0
0.00304699 7 0.000719686 3.9554 -0
0.00304699 7 0.00111588 2.21963 -0
0.00304699 7 0.0017302 1.10123 -0
0.00304699 7 0.0026827 0.381586 -0
0.00304699 7 0.00415956 -0.079975 0
0.00304699 7 0.00644947 -0.373715 0
0.00304699 7 0.01 -0.557111 0
0.00304699 7 0.0155052 -0.666181 0
0.00304699 7 0.024041 -0.722706 0
0.00304699 7 0.0372759 -0.738687 0
0.00304699 7 0.0577969 -0.719392 0
0.00304699 7 0.0896151 -0.666034 0
0.00304699 7 0.13895 -0.578356 0
0.00304699 7 0.215443 -0.458995 0
0.00304699 7 0.334048 -0.319568 0
0.00304699 7 0.517947 -0.183699 0
0.00304699 7 0.803086 -0.0807787 0
0.00304699 7 1.2452 -0.0258571 0
0.00304699 7 1.9307 -0.00636835 0
0.00304699 7 2.99358 -0.00152955 0
0.00304699 7 4.64159 -0.000532251 0
0.00304699 7 7.19686 -0.000208993 0
0.00304699 7 11.1588 -8.31038e-05 0
0.00304699 7 17.302 -3.36781e-05 0
0.00304699 7 26.827 -1.35474e-05 0
0.00304699 7 41.5956 -5.4172e-06 0
0.00304699 7 64.4947 -2.17025e-06 0
0.00304699 7 100 -8.70041e-07 0
0.00304699 7 155.052 -3.48776e-07 0
0.00304699 7 240.41 -1.40125e-07 0
0.00304699 7 372.759 -5.6408e-08 0
0.00304699 7 577.969 -2.27152e-08 0
0.00304699 7 896.151 -9.15667e-09 0
0.00304699 7 1389.5 -3.69952e-09 0
0.00304699 7 2154.43 -1.49618e-09 0
0.00304699 7 3340.48 -6.05528e-10 0
0.00304699 7 5179.47 -2.45307e-10 0
0.00304699 7 8030.86 -9.94845e-11 0
0.00304699 7 12452 -4.03932e-11 0
0.00304699 7 19307 -1.64129e-11 0
0.00304699 7 29935.8 -6.67317e-12 0
0.00304699 7 46415.9 -2.71508e-12 0
0.00304699 7 71968.6 -1.10543e-12 0
0.00304699 7 111588 -4.50368e-13 0
0.00304699 7 173020 -1.83639e-13 0
0.00304699 7 268270 -7.49197e-14 0
0.00304699 7 415956 -3.05848e-14 0
0.00304699 7 644947 -1.24938e-14 0
0.00304699 7 1e+06 -5.10589e-15 0

0.00742964 7 1e-06 3510.56 -0
0.00742964 7 1.55052e-06 2263.79 -0
0.00742964 7 2.4041e-06 1459.69 -0
0.00742964 7 3.72759e-06 941.092 -0
0.00742964 7 5.77969e-06 606.622 -0
0.00742964 7 8.96151e-06 390.906 -0
0.00742964 7 1.3895e-05 251.781 -0
0.00742964 7 2.15443e-05 162.053 -0
0.00742964 7 3.34048e-05 104.183 -0
0.00742964 7 5.17947e-05 66.8605 -0
0.00742964 7 8.03086e-05 42.7893 -0
0.00742964 7 0.00012452 27.2647 -0
0.00742964 7 0.00019307 17.2523 -0
0.00742964 7 0.000299358 10.795 -0
0.00742964 7 0.000464159 6.63067 -0
0.00742964 7 0.000719686 3.94536 -0
0.00742964 7 0.00111588 2.21417 -0
0.00742964 7 0.0017302 1.09871 -0
0.00742964 7 0.0026827 0.380967 -0
0.00742964 7 0.00415956 -0.0793799 0
0.00742964 7 0.00644947 -0.372349 0
0.00742964 7 0.01 -0.555269 0
0.00742964 7 0.0155052 -0.664061 0
0.00742964 7 0.024041 -0.720452 0
0.00742964 7 0.0372759 -0.736414 0
0.00742964 7 0.0577969 -0.717202 0
0.00742964 7 0.0896151 -0.664031 0
0.00742964 7 0.13895 -0.576642 0
0.00742964 7 0.215443 -0.457664 0
0.00742964 7 0.334048 -0.318671 0
0.00742964 7 0.517947 -0.183209 0
0.00742964 7 0.803086 -0.0805797 0
0.00742964 7 1.2452 -0.0258007 0
0.00742964 7 1.9307 -0.00635627 0
0.00742964 7 2.99358 -0.00152691 0
0.00742964 7 4.64159 -0.000531394 0
0.00742964 7 7.19686 -0.000208674 0
0.00742964 7 11.1588 -8.29814e-05 0
0.00742964 7 17.302 -3.36303e-05 0
0.00742964 7 26.827 -1.35287e-05 0
0.00742964 7 41.5956 -5.40985e-06 0
0.00742964 7 64.4947 -2.16735e-06 0
0.00742964 7 100 -8.68894e-07 0
0.00742964 7 155.052 -3.48322e-07 0
0.00742964 7 240.41 -1.39944e-07 0
0.00742964 7 372.759 -5.63358e-08 0
0.00742964 7 577.969 -2.26864e-08 0
0.00742964 7 896.151 -9.14513e-09 0
0.00742964 7 1389.5 -3.69488e-09 0
0.00742964 7 2154.43 -1.49432e-09 0
0.00742964 7 3340.48 -6.04779e-10 0
0.00742964 7 5179.47 -2.45006e-10 0
0.00742964 7 8030.86 -9.93629e-11 0
0.00742964 7 12452 -4.03441e-11 0
0.00742964 7 19307 -1.63931e-11 0
0.00742964 7 29935.8 -6.66515e-12 0
0.00742964 7 46415.9 -2.71183e-12 0
0.00742964 7 71968.6 -1.10411e-12 0
0.00742964 7 111588 -4.49834e-13 0
0.00742964 7 173020 -1.83423e-13 0
0.00742964 7 268270 -7.48316e-14 0
0.00742964 7 415956 -3.0549e-14 0
0.00742964 7 644947 -1.24792e-14 0
0.00742964 7 1e+06 -5.09997e-15 0

0.0181161 7 1e-06 3487.97 -0
0.0181161 7 1.55052e-06 2249.22 -0
0.0181161 7 2.4041e-06 1450.3 -0
0.0181161 7 3.72759e-06 935.036 -0
0.0181161 7 5.77969e-06 602.718 -0
0.0181161 7 8.96151e-06 388.391 -0
0.0181161 7 1.3895e-05 250.162 -0
0.0181161 7 2.15443e-05 161.011 -0
0.0181161 7 3.34048e-05 103.514 -0
0.0181161 7 5.17947e-05 66.4312 -0
0.0181161 7 8.03086e-05 42.5148 -0
0.0181161 7 0.00012452 27.0902 -0
0.0181161 7 0.00019307 17.1422 -0
0.0181161 7 0.000299358 10.7265 -0
0.0181161 7 0.000464159 6.58895 -0
0.0181161 7 0.000719686 3.92092 -0
0.0181161 7 0.00111588 2.20087 -0
0.0181161 7 0.0017302 1.09259 -0
0.0181161 7 0.0026827 0.379458 -0
0.0181161 7 0.00415956 -0.0779333 0
0.0181161 7 0.00644947 -0.369028 0
0.0181161 7 0.01 -0.550787 0
0.0181161 7 0.0155052 -0.658904 0
0.0181161 7 0.024041 -0.714969 0
0.0181161 7 0.0372759 -0.730884 0
0.0181161 7 0.0577969 -0.711876 0
0.0181161 7 0.0896151 -0.659156 0
0.0181161 7 0.13895 -0.572472 0
0.0181161 7 0.215443 -0.454425 0
0.0181161 7 0.334048 -0.316488 0
0.0181161 7 0.517947 -0.182016 0
0.0181161 7 0.803086 -0.0800952 0
0.0181161 7 1.2452 -0.0256634 0
0.0181161 7 1.9307 -0.00632686 0
0.0181161 7 2.99358 -0.00152048 0
0.0181161 7 4.64159 -0.000529307 0
0.0181161 7 7.19686 -0.000207898 0
0.0181161 7 11.1588 -8.26835e-05 0
0.0181161 7 17.302 -3.35137e-05 0
0.0181161 7 26.827 -1.34831e-05 0
0.0181161 7 41.5956 -5.39194e-06 0
0.0181161 7 64.4947 -2.1603e-06 0
0.0181161 7 100 -8.66102e-07 0
0.0181161 7 155.052 -3.47214e-07 0
0.0181161 7 240.41 -1.39503e-07 0
0.0181161 7 372.759 -5.61601e-08 0
0.0181161 7 577.969 -2.26161e-08 0
0.0181161 7 896.151 -9.11702e-09 0
0.0181161 7 1389.5 -3.68361e-09 0
0.0181161 7 2154.43 -1.48979e-09 0
0.0181161 7 3340.48 -6.02957e-10 0
0.0181161 7 5179.47 -2.44272e-10 0
0.0181161 7 8030.86 -9.90669e-11 0
0.0181161 7 12452 -4.02246e-11 0
0.0181161 7 19307 -1.63448e-11 0
0.0181161 7 29935.8 -6.6456e-12 0
0.0181161 7 46415.9 -2.70392e-12 0
0.0181161 7 71968.6 -1.1009e-12 0
0.0181161 7 111588 -4.48534e-13 0
0.0181161 7 173020 -1.82895e-13 0
0.0181161 7 268270 -7.46172e-14 0
0.0181161 7 415956 -3.04619e-14 0
0.0181161 7 644947 -1.24438e-14 0
0.0181161 7 1e+06 -5.08554e-15 0

0.0441734 7 1e-06 3433.11 -0
0.0441734 7 1.55052e-06 2213.85 -0
0.0441734 7 2.4041e-06 1427.49 -0
0.0441734 7 3.72759e-06 920.331 -0
0.0441734 7 5.77969e-06 593.24 -0
0.0441734 7 8.96151e-06 382.285 -0
0.0441734 7 1.3895e-05 246.229 -0
0.0441734 7 2.15443e-05 158.481 -0
0.0441734 7 3.34048e-05 101.888 -0
0.0441734 7 5.17947e-05 65.3886 -0
0.0441734 7 8.03086e-05 41.8484 -0
0.0441734 7 0.00012452 26.6664 -0
0.0441734 7 0.00019307 16.8749 -0
0.0441734 7 0.000299358 10.56 -0
0.0441734 7 0.000464159 6.48761 -0
0.0441734 7 0.000719686 3.86154 -0
0.0441734 7 0.00111588 2.16854 -0
0.0441734 7 0.0017302 1.07769 -0
0.0441734 7 0.0026827 0.375769 -0
0.0441734 7 0.00415956 -0.0744448 0
0.0441734 7 0.00644947 -0.360986 0
0.0441734 7 0.01 -0.539926 0
0.0441734 7 0.0155052 -0.646403 0
0.0441734 7 0.024041 -0.701677 0
0.0441734 7 0.0372759 -0.717475 0
0.0441734 7 0.0577969 -0.698959 0
0.0441734 7 0.0896151 -0.647335 0
0.0441734 7 0.13895 -0.562357 0
0.0441734 7 0.215443 -0.446567 0
0.0441734 7 0.334048 -0.31119 0
0.0441734 7 0.517947 -0.179118 0
0.0441734 7 0.803086 -0.0789178 0
0.0441734 7 1.2452 -0.0253295 0
0.0441734 7 1.9307 -0.00625539 0
0.0441734 7 2.99358 -0.00150486 0
0.0441734 7 4.64159 -0.000524235 0
0.0441734 7 7.19686 -0.000206012 0
0.0441734 7 11.1588 -8.1959e-05 0
0.0441734 7 17.302 -3.32304e-05 0
0.0441734 7 26.827 -1.33721e-05 0
0.0441734 7 41.5956 -5.34842e-06 0
0.0441734 7 64.4947 -2.14314e-06 0
0.0441734 7 100 -8.59314e-07 0
0.0441734 7 155.052 -3.44523e-07 0
0.0441734 7 240.41 -1.38432e-07 0
0.0441734 7 372.759 -5.57329e-08 0
0.0441734 7 577.969 -2.24454e-08 0
0.0441734 7 896.151 -9.0487e-09 0
0.0441734 7 1389.5 -3.6562e-09 0
0.0441734 7 2154.43 -1.47878e-09 0
0.0441734 7 3340.48 -5.98527e-10 0
0.0441734 7 5179.47 -2.42488e-10 0
0.0441734 7 8030.86 -9.83474e-11 0
0.0441734 7 12452 -3.99341e-11 0
0.0441734 7 19307 -1.62273e-11 0
0.0441734 7 29935.8 -6.5981e-12 0
0.0441734 7 46415.9 -2.68469e-12 0
0.0441734 7 71968.6 -1.09311e-12 0
0.0441734 7 111588 -4.45373e-13 0
0.0441734 7 173020 -1.81612e-13 0
0.0441734 7 268270 -7.40962e-14 0
0.0441734 7 415956 -3.02501e-14 0
0.0441734 7 644947 -1.23577e-14 0
0.0441734 7 1e+06 -5.05049e-15 0

0.107711 7 1e-06 3301.27 -0
0.107711 7 1.55052e-06 2128.83 -0
0.107711 7 2.4041e-06 1372.67 -0
0.107711 7 3.72759e-06 884.992 -0
0.107711 7 5.77969e-06 570.463 -0
0.107711 7 8.96151e-06 367.609 -0
0.107711 7 1.3895e-05 236.779 -0
0.107711 7 2.15443e-05 152.4 -0
0.107711 7 3.34048e-05 97.9807 -0
0.107711 7 5.17947e-05 62.883 -0
0.107711 7 8.03086e-05 40.2469 -0
0.107711 7 0.00012452 25.6479 -0
0.107711 7 0.00019307 16.2324 -0
0.107711 7 0.000299358 10.1601 -0
0.107711 7 0.000464159 6.24408 -0
0.107711 7 0.000719686 3.71886 -0
0.107711 7 0.00111588 2.09086 -0
0.107711 7 0.0017302 1.04189 -0
0.107711 7 0.0026827 0.366893 -0
0.107711 7 0.00415956 -0.0660715 0
0.107711 7 0.00644947 -0.341671 0
0.107711 7 0.01 -0.513835 0
0.107711 7 0.0155052 -0.616369 0
0.107711 7 0.024041 -0.669739 0
0.107711 7 0.0372759 -0.685255 0
0.107711 7 0.0577969 -0.667916 0
0.107711 7 0.0896151 -0.618918 0
0.107711 7 0.13895 -0.538036 0
0.107711 7 0.215443 -0.42766 0
0.107711 7 0.334048 -0.298433 0
0.107711 7 0.517947 -0.172134 0
0.107711 7 0.803086 -0.0760747 0
0.107711 7 1.2452 -0.0245225 0
0.107711 7 1.9307 -0.00608286 0
0.107711 7 2.99358 -0.00146722 0
0.107711 7 4.64159 -0.000512004 0
0.107711 7 7.19686 -0.000201463 0
0.107711 7 11.1588 -8.02118e-05 0
0.107711 7 17.302 -3.25473e-05 0
0.107711 7 26.827 -1.31046e-05 0
0.107711 7 41.5956 -5.24348e-06 0
0.107711 7 64.4947 -2.10177e-06 0
0.107711 7 100 -8.42949e-07 0
0.107711 7 155.052 -3.38033e-07 0
0.107711 7 240.41 -1.3585e-07 0
0.107711 7 372.759 -5.47029e-08 0
0.107711 7 577.969 -2.20339e-08 0
0.107711 7 896.151 -8.88395e-09 0
0.107711 7 1389.5 -3.5901e-09 0
0.107711 7 2154.43 -1.45222e-09 0
0.107711 7 3340.48 -5.87845e-10 0
0.107711 7 5179.47 -2.38185e-10 0
0.107711 7 8030.86 -9.66122e-11 0
0.107711 7 12452 -3.92334e-11 0
0.107711 7 19307 -1.59441e-11 0
0.107711 7 29935.8 -6.48354e-12 0
0.107711 7 46415.9 -2.6383e-12 0
0.107711 7 71968.6 -1.07431e-12 0
0.107711 7 111588 -4.3775e-13 0
0.107711 7 173020 -1.78518e-13 0
0.107711 7 268270 -7.28395e-14 0
0.107711 7 415956 -2.97393e-14 0
0.107711 7 644947 -1.21499e-14 0
0.107711 7 1e+06 -4.96593e-15 0

0.262636 7 1e-06 2991.91 -0
0.262636 7 1.55052e-06 1929.35 -0
0.262636 7 2.4041e-06 1244.05 -0
0.262636 7 3.72759e-06 802.071 -0
0.262636 7 5.77969e-06 517.017 -0
0.262636 7 8.96151e-06 333.173 -0
0.262636 7 1.3895e-05 214.603 -0
0.262636 7 2.15443e-05 138.132 -0
0.262636 7 3.34048e-05 88.812 -0
0.262636 7 5.17947e-05 57.0034 -0
0.262636 7 8.03086e-05 36.4885 -0
0.262636 7 0.00012452 23.2576 -0
0.262636 7 0.00019307 14.7245 -0
0.262636 7 0.000299358 9.22121 -0
0.262636 7 0.000464159 5.67214 -0
0.262636 7 0.000719686 3.38354 -0
0.262636 7 0.00111588 1.90808 -0
0.262636 7 0.0017302 0.957368 -0
0.262636 7 0.0026827 0.345567 -0
0.262636 7 0.00415956 -0.0469179 0
0.262636 7 0.00644947 -0.296837 0
0.262636 7 0.01 -0.45309 0
0.262636 7 0.0155052 -0.546354 0
0.262636 7 0.024041 -0.595233 0
0.262636 7 0.0372759 -0.610048 0
0.262636 7 0.0577969 -0.59542 0
0.262636 7 0.0896151 -0.552511 0
0.262636 7 0.13895 -0.481147 0
0.262636 7 0.215443 -0.383376 0
0.262636 7 0.334048 -0.268489 0
0.262636 7 0.517947 -0.155687 0
0.262636 7 0.803086 -0.0693504 0
0.262636 7 1.2452 -0.0226054 0
0.262636 7 1.9307 -0.00567339 0
0.262636 7 2.99358 -0.00137816 0
0.262636 7 4.64159 -0.000483015 0
0.262636 7 7.19686 -0.000190671 0
0.262636 7 11.1588 -7.60675e-05 0
0.262636 7 17.302 -3.09271e-05 0
0.262636 7 26.827 -1.24702e-05 0
0.262636 7 41.5956 -4.99465e-06 0
0.262636 7 64.4947 -2.00369e-06 0
0.262636 7 100 -8.0415e-07 0
0.262636 7 155.052 -3.22647e-07 0
0.262636 7 240.41 -1.2973e-07 0
0.262636 7 372.759 -5.2261e-08 0
0.262636 7 577.969 -2.10582e-08 0
0.262636 7 896.151 -8.49342e-09 0
0.262636 7 1389.5 -3.43343e-09 0
0.262636 7 2154.43 -1.38927e-09 0
0.262636 7 3340.48 -5.62523e-10 0
0.262636 7 5179.47 -2.27986e-10 0
0.262636 7 8030.86 -9.24992e-11 0
0.262636 7 12452 -3.75726e-11 0
0.262636 7 19307 -1.52729e-11 0
0.262636 7 29935.8 -6.21198e-12 0
0.262636 7 46415.9 -2.52835e-12 0
0.262636 7 71968.6 -1.02976e-12 0
0.262636 7 111588 -4.19681e-13 0
0.262636 7 173020 -1.71184e-13 0
0.262636 7 268270 -6.98606e-14 0
0.262636 7 415956 -2.85285e-14 0
0.262636 7 644947 -1.16574e-14 0
0.262636 7 1e+06 -4.76552e-15 0

0.6404 7 1e-06 2326.38 -0
0.6404 7 1.55052e-06 1500.19 -0
0.6404 7 2.4041e-06 967.337 -0
0.6404 7 3.72759e-06 623.676 -0
0.6404 7 5.77969e-06 402.033 -0
0.6404 7 8.96151e-06 259.085 -0
0.6404 7 1.3895e-05 166.892 -0
0.6404 7 2.15443e-05 107.432 -0
0.6404 7 3.34048e-05 69.0832 -0
0.6404 7 5.17947e-05 44.3505 -0
0.6404 7 8.03086e-05 28.3992 -0
0.6404 7 0.00012452 18.1115 -0
0.6404 7 0.00019307 11.4766 -0
0.6404 7 0.000299358 7.19753 -0
0.6404 7 0.000464159 4.43793 -0
0.6404 7 0.000719686 2.6584 -0
0.6404 7 0.00111588 1.51111 -0
0.6404 7 0.0017302 0.771805 -0
0.6404 7 0.0026827 0.295975 -0
0.6404 7 0.00415956 -0.00939513 0
0.6404 7 0.00644947 -0.204017 0
0.6404 7 0.01 -0.325967 0
0.6404 7 0.0155052 -0.39918 0
0.6404 7 0.024041 -0.438228 0
0.6404 7 0.0372759 -0.45129 0
0.6404 7 0.0577969 -0.442141 0
0.6404 7 0.0896151 -0.41185 0
0.6404 7 0.13895 -0.360342 0
0.6404 7 0.215443 -0.288987 0
0.6404 7 0.334048 -0.2043 0
0.6404 7 0.517947 -0.120123 0
0.6404 7 0.803086 -0.0546249 0
0.6404 7 1.2452 -0.0183442 0
0.6404 7 1.9307 -0.00475767 0
0.6404 7 2.99358 -0.00117985 0
0.6404 7 4.64159 -0.000418371 0
0.6404 7 7.19686 -0.000166576 0
0.6404 7 11.1588 -6.68145e-05 0
0.6404 7 17.302 -2.7311e-05 0
0.6404 7 26.827 -1.10547e-05 0
0.6404 7 41.5956 -4.4396e-06 0
0.6404 7 64.4947 -1.78493e-06 0
0.6404 7 100 -7.17629e-07 0
0.6404 7 155.052 -2.88341e-07 0
0.6404 7 240.41 -1.16082e-07 0
0.6404 7 372.759 -4.68168e-08 0
0.6404 7 577.969 -1.88829e-08 0
0.6404 7 896.151 -7.62273e-09 0
0.6404 7 1389.5 -3.08412e-09 0
0.6404 7 2154.43 -1.24893e-09 0
0.6404 7 3340.48 -5.06071e-10 0
0.6404 7 5179.47 -2.05249e-10 0
0.6404 7 8030.86 -8.33295e-11 0
0.6404 7 12452 -3.387e-11 0
0.6404 7 19307 -1.37763e-11 0
0.6404 7 29935.8 -5.60658e-12 0
0.6404 7 46415.9 -2.28323e-12 0
0.6404 7 71968.6 -9.3043e-13 0
0.6404 7 111588 -3.79398e-13 0
0.6404 7 173020 -1.54833e-13 0
0.6404 7 268270 -6.32195e-14 0
0.6404 7 415956 -2.58292e-14 0
0.6404 7 644947 -1.05595e-14 0
0.6404 7 1e+06 -4.3187e-15 0

1.56152 7 1e-06 1242.4 -0
1.56152 7 1.55052e-06 801.189 -0
1.56152 7 2.4041e-06 516.628 -0
1.56152 7 3.72759e-06 333.101 -0
1.56152 7 5.77969e-06 214.736 -0
1.56152 7 8.96151e-06 138.397 -0
1.56152 7 1.3895e-05 89.1626 -0
1.56152 7 2.15443e-05 57.4089 -0
1.56152 7 3.34048e-05 36.9295 -0
1.56152 7 5.17947e-05 23.7213 -0
1.56152 7 8.03086e-05 15.2028 -0
1.56152 7 0.00012452 9.70883 -0
1.56152 7 0.00019307 6.16554 -0
1.56152 7 0.000299358 3.88036 -0
1.56152 7 0.000464159 2.40661 -0
1.56152 7 0.000719686 1.45624 -0
1.56152 7 0.00111588 0.843479 -0
1.56152 7 0.0017302 0.44856 -0
1.56152 7 0.0026827 0.194291 -0
1.56152 7 0.00415956 0.0309658 -0
1.56152 7 0.00644947 -0.0733477 0
1.56152 7 0.01 -0.139054 0
1.56152 7 0.0155052 -0.179036 0
1.56152 7 0.024041 -0.201218 0
1.56152 7 0.0372759 -0.210159 0
1.56152 7 0.0577969 -0.208116 0
1.56152 7 0.0896151 -0.195876 0
1.56152 7 0.13895 -0.173498 0
1.56152 7 0.215443 -0.141465 0
1.56152 7 0.334048 -0.102396 0
1.56152 7 0.517947 -0.0623132 0
1.56152 7 0.803086 -0.02983 0
1.56152 7 1.2452 -0.0108169 0
1.56152 7 1.9307 -0.00307405 0
1.56152 7 2.99358 -0.000813829 0
1.56152 7 4.64159 -0.000299202 0
1.56152 7 7.19686 -0.000122101 0
1.56152 7 11.1588 -4.97282e-05 0
1.56152 7 17.302 -2.06355e-05 0
1.56152 7 26.827 -8.44299e-06 0
1.56152 7 41.5956 -3.41602e-06 0
1.56152 7 64.4947 -1.3817e-06 0
1.56152 7 100 -5.5819e-07 0
1.56152 7 155.052 -2.25135e-07 0
1.56152 7 240.41 -9.09416e-08 0
1.56152 7 372.759 -3.67888e-08 0
1.56152 7 577.969 -1.48764e-08 0
1.56152 7 896.151 -6.01916e-09 0
1.56152 7 1389.5 -2.44082e-09 0
1.56152 7 2154.43 -9.90478e-10 0
1.56152 7 3340.48 -4.02106e-10 0
1.56152 7 5179.47 -1.63375e-10 0
1.56152 7 8030.86 -6.64426e-11 0
1.56152 7 12452 -2.70513e-11 0
1.56152 7 19307 -1.10203e-11 0
1.56152 7 29935.8 -4.49168e-12 0
1.56152 7 46415.9 -1.83182e-12 0
1.56152 7 71968.6 -7.47506e-13 0
1.56152 7 111588 -3.05214e-13 0
1.56152 7 173020 -1.24722e-13 0
1.56152 7 268270 -5.09893e-14 0
1.56152 7 415956 -2.08581e-14 0
1.56152 7 644947 -8.5376e-15 0
1.56152 7 1e+06 -3.49586e-15 0

3.80755 7 1e-06 321.861 -0
3.80755 7 1.55052e-06 207.564 -0
3.80755 7 2.4041e-06 133.849 -0
3.80755 7 3.72759e-06 86.3071 -0
3.80755 7 5.77969e-06 55.6449 -0
3.80755 7 8.96151e-06 35.8694 -0
3.80755 7 1.3895e-05 23.1152 -0
3.80755 7 2.15443e-05 14.8895 -0
3.80755 7 3.34048e-05 9.58432 -0
3.80755 7 5.17947e-05 6.16278 -0
3.80755 7 8.03086e-05 3.95606 -0
3.80755 7 0.00012452 2.53286 -0
3.80755 7 0.00019307 1.61497 -0
3.80755 7 0.000299358 1.02298 -0
3.80755 7 0.000464159 0.641201 -0
3.80755 7 0.000719686 0.39499 -0
3.80755 7 0.00111588 0.236226 -0
3.80755 7 0.0017302 0.133878 -0
3.80755 7 0.0026827 0.0679407 -0
3.80755 7 0.00415956 0.0255241 -0
3.80755 7 0.00644947 -0.00166331 0
3.80755 7 0.01 -0.0189378 0
3.80755 7 0.0155052 -0.0296815 0
3.80755 7 0.024041 -0.0360097 0
3.80755 7 0.0372759 -0.0391908 0
3.80755 7 0.0577969 -0.0399186 0
3.80755 7 0.0896151 -0.0385064 0
3.80755 7 0.13895 -0.0350362 0
3.80755 7 0.215443 -0.0295627 0
3.80755 7 0.334048 -0.0224324 0
3.80755 7 0.517947 -0.0146116 0
3.80755 7 0.803086 -0.00776124 0
3.80755 7 1.2452 -0.00332223 0
3.80755 7 1.9307 -0.00117275 0
3.80755 7 2.99358 -0.000374262 0
3.80755 7 4.64159 -0.000154281 0
3.80755 7 7.19686 -6.76177e-05 0
3.80755 7 11.1588 -2.86866e-05 0
3.80755 7 17.302 -1.23928e-05 0
3.80755 7 26.827 -5.21713e-06 0
3.80755 7 41.5956 -2.1523e-06 0
3.80755 7 64.4947 -8.84114e-07 0
3.80755 7 100 -3.61541e-07 0
3.80755 7 155.052 -1.47207e-07 0
3.80755 7 240.41 -5.99538e-08 0
3.80755 7 372.759 -2.44307e-08 0
3.80755 7 577.969 -9.93956e-09 0
3.80755 7 896.151 -4.04337e-09 0
3.80755 7 1389.5 -1.64823e-09 0
3.80755 7 2154.43 -6.72057e-10 0
3.80755 7 3340.48 -2.74023e-10 0
3.80755 7 5179.47 -1.11788e-10 0
3.80755 7 8030.86 -4.56388e-11 0
3.80755 7 12452 -1.8651e-11 0
3.80755 7 19307 -7.62506e-12 0
3.80755 7 29935.8 -3.11818e-12 0
3.80755 7 46415.9 -1.27571e-12 0
3.80755 7 71968.6 -5.22156e-13 0
3.80755 7 111588 -2.13824e-13 0
3.80755 7 173020 -8.76272e-14 0
3.80755 7 268270 -3.59225e-14 0
3.80755 7 415956 -1.47342e-14 0
3.80755 7 644947 -6.04675e-15 0
3.80755 7 1e+06 -2.48217e-15 0

9.28415 7 1e-06 32.8174 -0
9.28415 7 1.55052e-06 21.1645 -0
9.28415 7 2.4041e-06 13.649 -0
9.28415 7 3.72759e-06 8.80189 -0
9.28415 7 5.77969e-06 5.67577 -0
9.28415 7 8.96151e-06 3.65959 -0
9.28415 7 1.3895e-05 2.35926 -0
9.28415 7 2.15443e-05 1.52062 -0
9.28415 7 3.34048e-05 0.97974 -0
9.28415 7 5.17947e-05 0.630902 -0
9.28415 7 8.03086e-05 0.40592 -0
9.28415 7 0.00012452 0.260818 -0
9.28415 7 0.00019307 0.167236 -0
9.28415 7 0.000299358 0.106881 -0
9.28415 7 0.000464159 0.0679549 -0
9.28415 7 0.000719686 0.0428507 -0
9.28415 7 0.00111588 0.0266609 -0
9.28415 7 0.0017302 0.0162209 -0
9.28415 7 0.0026827 0.00949029 -0
9.28415 7 0.00415956 0.00515333 -0
9.28415 7 0.00644947 0.0023623 -0
9.28415 7 0.01 0.000571638 -0
9.28415 7 0.0155052 -0.000568774 0
9.28415 7 0.024041 -0.00128221 0
9.28415 7 0.0372759 -0.00170875 0
9.28415 7 0.0577969 -0.00193325 0
9.28415 7 0.0896151 -0.00200352 0
9.28415 7 0.13895 -0.00194162 0
9.28415 7 0.215443 -0.00175439 0
9.28415 7 0.334048 -0.00144975 0
9.28415 7 0.517947 -0.00106174 0
9.28415 7 0.803086 -0.000678632 0
9.28415 7 1.2452 -0.000399335 0
9.28415 7 1.9307 -0.000213517 0
9.28415 7 2.99358 -9.91853e-05 0
9.28415 7 4.64159 -5.23237e-05 0
9.28415 7 7.19686 -2.70832e-05 0
9.28415 7 11.1588 -1.25864e-05 0
9.28415 7 17.302 -5.96207e-06 0
9.28415 7 26.827 -2.67978e-06 0
9.28415 7 41.5956 -1.1555e-06 0
9.28415 7 64.4947 -4.91275e-07 0
9.28415 7 100 -2.06282e-07 0
9.28415 7 155.052 -8.56966e-08 0
9.28415 7 240.41 -3.54998e-08 0
9.28415 7 372.759 -1.46801e-08 0
9.28415 7 577.969 -6.04502e-09 0
9.28415 7 896.151 -2.48488e-09 0
9.28415 7 1389.5 -1.02309e-09 0
9.28415 7 2154.43 -4.20919e-10 0
9.28415 7 3340.48 -1.73008e-10 0
9.28415 7 5179.47 -7.11032e-11 0
9.28415 7 8030.86 -2.92318e-11 0
9.28415 7 12452 -1.20261e-11 0
9.28415 7 19307 -4.94741e-12 0
9.28415 7 29935.8 -2.03499e-12 0
9.28415 7 46415.9 -8.37139e-13 0
9.28415 7 71968.6 -3.44436e-13 0
9.28415 7 111588 -1.4175e-13 0
9.28415 7 173020 -5.83728e-14 0
9.28415 7 268270 -2.40403e-14 0
9.28415 7 415956 -9.90456e-15 0
9.28415 7 644947 -4.08238e-15 0
9.28415 7 1e+06 -1.68274e-15 0

22.638 7 1e-06 2.97343 -0
22.638 7 1.55052e-06 1.91768 -0
22.638 7 2.4041e-06 1.23678 -0
22.638 7 3.72759e-06 0.79764 -0
22.638 7 5.77969e-06 0.514416 -0
22.638 7 8.96151e-06 0.331752 -0
22.638 7 1.3895e-05 0.213943 -0
22.638 7 2.15443e-05 0.137962 -0
22.638 7 3.34048e-05 0.0889591 -0
22.638 7 5.17947e-05 0.0573545 -0
22.638 7 8.03086e-05 0.0369713 -0
22.638 7 0.00012452 0.0238252 -0
22.638 7 0.00019307 0.0153467 -0
22.638 7 0.000299358 0.00987849 -0
22.638 7 0.000464159 0.00635178 -0
22.638 7 0.000719686 0.00407724 -0
22.638 7 0.00111588 0.00261027 -0
22.638 7 0.0017302 0.00166414 -0
22.638 7 0.0026827 0.00105391 -0
22.638 7 0.00415956 0.000660308 -0
22.638 7 0.00644947 0.0004064 -0
22.638 7 0.01 0.00024256 -0
22.638 7 0.0155052 0.000136774 -0
22.638 7 0.024041 6.8377e-05 -0
22.638 7 0.0372759 2.40496e-05 -0
22.638 7 0.0577969 -4.75784e-06 0
22.638 7 0.0896151 -2.34455e-05 0
22.638 7 0.13895 -3.51281e-05 0
22.638 7 0.215443 -4.10635e-05 0
22.638 7 0.334048 -4.1177e-05 0
22.638 7 0.517947 -3.56501e-05 0
22.638 7 0.803086 -2.88073e-05 0
22.638 7 1.2452 -2.71853e-05 0
22.638 7 1.9307 -2.38672e-05 0
22.638 7 2.99358 -1.54985e-05 0
22.638 7 4.64159 -1.06577e-05 0
22.638 7 7.19686 -7.16596e-06 0
22.638 7 11.1588 -3.84407e-06 0
22.638 7 17.302 -2.15857e-06 0
22.638 7 26.827 -1.10105e-06 0
22.638 7 41.5956 -5.17397e-07 0
22.638 7 64.4947 -2.35465e-07 0
22.638 7 100 -1.0419e-07 0
22.638 7 155.052 -4.50238e-08 0
22.638 7 240.41 -1.92745e-08 0
22.638 7 372.759 -8.19718e-09 0
22.638 7 577.969 -3.45239e-09 0
22.638 7 896.151 -1.44658e-09 0
22.638 7 1389.5 -6.06389e-10 0
22.638 7 2154.43 -2.53465e-10 0
22.638 7 3340.48 -1.05639e-10 0
22.638 7 5179.47 -4.39663e-11 0
22.638 7 8030.86 -1.82873e-11 0
22.638 7 12452 -7.60664e-12 0
22.638 7 19307 -3.1611e-12 0
22.638 7 29935.8 -1.31235e-12 0
22.638 7 46415.9 -5.44547e-13 0
22.638 7 71968.6 -2.25869e-13 0
22.638 7 111588 -9.3665e-14 0
22.638 7 173020 -3.88554e-14 0
22.638 7 268270 -1.6113e-14 0
22.638 7 415956 -6.68242e-15 0
22.638 7 644947 -2.77181e-15 0
22.638 7 1e+06 -1.14938e-15 0

55.1995 7 1e-06 0.520054 -0
55.1995 7 1.55052e-06 0.335407 -0
55.1995 7 2.4041e-06 0.216318 -0
55.1995 7 3.72759e-06 0.139513 -0
55.1995 7 5.77969e-06 0.0899775 -0
55.1995 7 8.96151e-06 0.0580298 -0
55.1995 7 1.3895e-05 0.0374252 -0
55.1995 7 2.15443e-05 0.0241364 -0
55.1995 7 3.34048e-05 0.0155658 -0
55.1995 7 5.17947e-05 0.0100382 -0
55.1995 7 8.03086e-05 0.00647322 -0
55.1995 7 0.00012452 0.00417399 -0
55.1995 7 0.00019307 0.00269111 -0
55.1995 7 0.000299358 0.00173473 -0
55.1995 7 0.000464159 0.00111791 -0
55.1995 7 0.000719686 0.000720099 -0
55.1995 7 0.00111588 0.000463526 -0
55.1995 7 0.0017302 0.000298046 -0
55.1995 7 0.0026827 0.000191313 -0
55.1995 7 0.00415956 0.000122464 -0
55.1995 7 0.00644947 7.80435e-05 -0
55.1995 7 0.01 4.93687e-05 -0
55.1995 7 0.0155052 3.08366e-05 -0
55.1995 7 0.024041 1.88275e-05 -0
55.1995 7 0.0372759 1.10026e-05 -0
55.1995 7 0.0577969 5.85269e-06 -0
55.1995 7 0.0896151 2.41354e-06 -0
55.1995 7 0.13895 1.11605e-07 -0
55.1995 7 0.215443 -1.30932e-06 0
55.1995 7 0.334048 -1.86429e-06 0
55.1995 7 0.517947 -1.58631e-06 0
55.1995 7 0.803086 -1.20892e-06 0
55.1995 7 1.2452 -1.90212e-06 0
55.1995 7 1.9307 -2.39301e-06 0
55.1995 7 2.99358 -1.73505e-06 0
55.1995 7 4.64159 -1.43507e-06 0
55.1995 7 7.19686 -1.34117e-06 0
55.1995 7 11.1588 -8.54348e-07 0
55.1995 7 17.302 -6.11274e-07 0
55.1995 7 26.827 -3.81181e-07 0
55.1995 7 41.5956 -2.06776e-07 0
55.1995 7 64.4947 -1.05877e-07 0
55.1995 7 100 -5.13617e-08 0
55.1995 7 155.052 -2.37586e-08 0
55.1995 7 240.41 -1.07429e-08 0
55.1995 7 372.759 -4.77836e-09 0
55.1995 7 577.969 -2.08332e-09 0
55.1995 7 896.151 -8.97868e-10 0
55.1995 7 1389.5 -3.86063e-10 0
55.1995 7 2154.43 -1.64899e-10 0
55.1995 7 3340.48 -7.0001e-11 0
55.1995 7 5179.47 -2.96094e-11 0
55.1995 7 8030.86 -1.24965e-11 0
55.1995 7 12452 -5.26815e-12 0
55.1995 7 19307 -2.21585e-12 0
55.1995 7 29935.8 -9.29949e-13 0
55.1995 7 46415.9 -3.89712e-13 0
55.1995 7 71968.6 -1.63125e-13 0
55.1995 7 111588 -6.82188e-14 0
55.1995 7 173020 -2.85268e-14 0
55.1995 7 268270 -1.19178e-14 0
55.1995 7 415956 -4.97726e-15 0
55.1995 7 644947 -2.07826e-15 0
55.1995 7 1e+06 -8.6713e-16 0

134.596 7 1e-06 0.106218 -0
134.596 7 1.55052e-06 0.0685051 -0
134.596 7 2.4041e-06 0.0441822 -0
134.596 7 3.72759e-06 0.0284951 -0
134.596 7 5.77969e-06 0.0183778 -0
134.596 7 8.96151e-06 0.0118527 -0
134.596 7 1.3895e-05 0.00764435 -0
134.596 7 2.15443e-05 0.00493018 -0
134.596 7 3.34048e-05 0.00317969 -0
134.596 7 5.17947e-05 0.00205072 -0
134.596 7 8.03086e-05 0.00132259 -0
134.596 7 0.00012452 0.000852987 -0
134.596 7 0.00019307 0.000550118 -0
134.596 7 0.000299358 0.000354783 -0
134.596 7 0.000464159 0.000228803 -0
134.596 7 0.000719686 0.000147552 -0
134.596 7 0.00111588 9.51485e-05 -0
134.596 7 0.0017302 6.13506e-05 -0
134.596 7 0.0026827 3.95516e-05 -0
134.596 7 0.00415956 2.54907e-05 -0
134.596 7 0.00644947 1.64195e-05 -0
134.596 7 0.01 1.05651e-05 -0
134.596 7 0.0155052 6.78336e-06 -0
134.596 7 0.024041 4.33554e-06 -0
134.596 7 0.0372759 2.74442e-06 -0
134.596 7 0.0577969 1.702e-06 -0
134.596 7 0.0896151 1.01091e-06 -0
134.596 7 0.13895 5.50837e-07 -0
134.596 7 0.215443 2.6103e-07 -0
134.596 7 0.334048 1.24928e-07 -0
134.596 7 0.517947 1.28242e-07 -0
134.596 7 0.803086 1.52112e-07 -0
134.596 7 1.2452 6.8538e-09 -0
134.596 7 1.9307 -1.23218e-07 0
134.596 7 2.99358 -6.86082e-08 0
134.596 7 4.64159 -6.2988e-08 0
134.596 7 7.19686 -1.21143e-07 0
134.596 7 11.1588 -8.16866e-08 0
134.596 7 17.302 -8.36281e-08 0
134.596 7 26.827 -7.04636e-08 0
134.596 7 41.5956 -4.67659e-08 0
134.596 7 64.4947 -2.90056e-08 0
134.596 7 100 -1.66057e-08 0
134.596 7 155.052 -8.73302e-09 0
134.596 7 240.41 -4.40647e-09 0
134.596 7 372.759 -2.15272e-09 0
134.596 7 577.969 -1.00887e-09 0
134.596 7 896.151 -4.61056e-10 0
134.596 7 1389.5 -2.08992e-10 0
134.596 7 2154.43 -9.32835e-11 0
134.596 7 3340.48 -4.10702e-11 0
134.596 7 5179.47 -1.79241e-11 0
134.596 7 8030.86 -7.7753e-12 0
134.596 7 12452 -3.35947e-12 0
134.596 7 19307 -1.44379e-12 0
134.596 7 29935.8 -6.17468e-13 0
134.596 7 46415.9 -2.6315e-13 0
134.596 7 71968.6 -1.11828e-13 0
134.596 7 111588 -4.74125e-14 0
134.596 7 173020 -2.00809e-14 0
134.596 7 268270 -8.48711e-15 0
134.596 7 415956 -3.58278e-15 0
134.596 7 644947 -1.51106e-15 0
134.596 7 1e+06 -6.36295e-16 0

328.193 7 1e-06 0.0262756 -0
328.193 7 1.55052e-06 0.0169464 -0
328.193 7 2.4041e-06 0.0109295 -0
328.193 7 3.72759e-06 0.00704896 -0
328.193 7 5.77969e-06 0.00454621 -0
328.193 7 8.96151e-06 0.00293207 -0
328.193 7 1.3895e-05 0.00189103 -0
328.193 7 2.15443e-05 0.00121962 -0
328.193 7 3.34048e-05 0.000786595 -0
328.193 7 5.17947e-05 0.000507316 -0
328.193 7 8.03086e-05 0.000327197 -0
328.193 7 0.00012452 0.000211029 -0
328.193 7 0.00019307 0.000136107 -0
328.193 7 0.000299358 8.77867e-05 -0
328.193 7 0.000464159 5.66224e-05 -0
328.193 7 0.000719686 3.65231e-05 -0
328.193 7 0.00111588 2.356e-05 -0
328.193 7 0.0017302 1.51995e-05 -0
328.193 7 0.0026827 9.80715e-06 -0
328.193 7 0.00415956 6.32914e-06 -0
328.193 7 0.00644947 4.08562e-06 -0
328.193 7 0.01 2.63808e-06 -0
328.193 7 0.0155052 1.70361e-06 -0
328.193 7 0.024041 1.09961e-06 -0
328.193 7 0.0372759 7.08215e-07 -0
328.193 7 0.0577969 4.53369e-07 -0
328.193 7 0.0896151 2.86206e-07 -0
328.193 7 0.13895 1.7625e-07 -0
328.193 7 0.215443 1.06355e-07 -0
328.193 7 0.334048 6.88616e-08 -0
328.193 7 0.517947 5.83192e-08 -0
328.193 7 0.803086 5.47407e-08 -0
328.193 7 1.2452 2.77926e-08 -0
328.193 7 1.9307 3.42775e-09 -0
328.193 7 2.99358 8.7239e-09 -0
328.193 7 4.64159 7.75143e-09 -0
328.193 7 7.19686 -6.02687e-09 0
328.193 7 11.1588 -2.61878e-09 0
328.193 7 17.302 -6.98792e-09 0
328.193 7 26.827 -9.16848e-09 0
328.193 7 41.5956 -7.46809e-09 0
328.193 7 64.4947 -5.78599e-09 0
328.193 7 100 -4.12163e-09 0
328.193 7 155.052 -2.59485e-09 0
328.193 7 240.41 -1.54642e-09 0
328.193 7 372.759 -8.78595e-10 0
328.193 7 577.969 -4.6188e-10 0
328.193 7 896.151 -2.31258e-10 0
328.193 7 1389.5 -1.13664e-10 0
328.193 7 2154.43 -5.41445e-11 0
328.193 7 3340.48 -2.51029e-11 0
328.193 7 5179.47 -1.1432e-11 0
328.193 7 8030.86 -5.14055e-12 0
328.193 7 12452 -2.29113e-12 0
328.193 7 19307 -1.01082e-12 0
328.193 7 29935.8 -4.42006e-13 0
328.193 7 46415.9 -1.92026e-13 0
328.193 7 71968.6 -8.29849e-14 0
328.193 7 111588 -3.57094e-14 0
328.193 7 173020 -1.53291e-14 0
328.193 7 268270 -6.55668e-15 0
328.193 7 415956 -2.79803e-15 0
328.193 7 644947 -1.19185e-15 0
328.193 7 1e+06 -5.06378e-16 0

800.25 7 1e-06 0.00761765 -0
800.25 7 1.55052e-06 0.00491298 -0
800.25 7 2.4041e-06 0.00316861 -0
800.25 7 3.72759e-06 0.00204359 -0
800.25 7 5.77969e-06 0.00131801 -0
800.25 7 8.96151e-06 0.000850044 -0
800.25 7 1.3895e-05 0.000548234 -0
800.25 7 2.15443e-05 0.000353583 -0
800.25 7 3.34048e-05 0.000228043 -0
800.25 7 5.17947e-05 0.000147077 -0
800.25 7 8.03086e-05 9.48576e-05 -0
800.25 7 0.00012452 6.11791e-05 -0
800.25 7 0.00019307 3.94583e-05 -0
800.25 7 0.000299358 2.54495e-05 -0
800.25 7 0.000464159 1.64146e-05 -0
800.25 7 0.000719686 1.05876e-05 -0
800.25 7 0.00111588 6.82941e-06 -0
800.25 7 0.0017302 4.40559e-06 -0
800.25 7 0.0026827 2.84232e-06 -0
800.25 7 0.00415956 1.83407e-06 -0
800.25 7 0.00644947 1.18373e-06 -0
800.25 7 0.01 7.64212e-07 -0
800.25 7 0.0155052 4.93507e-07 -0
800.25 7 0.024041 3.18718e-07 -0
800.25 7 0.0372759 2.05705e-07 -0
800.25 7 0.0577969 1.32449e-07 -0
800.25 7 0.0896151 8.47745e-08 -0
800.25 7 0.13895 5.37008e-08 -0
800.25 7 0.215443 3.3819e-08 -0
800.25 7 0.334048 2.2164e-08 -0
800.25 7 0.517947 1.67481e-08 -0
800.25 7 0.803086 1.37604e-08 -0
800.25 7 1.2452 8.03502e-09 -0
800.25 7 1.9307 3.19117e-09 -0
800.25 7 2.99358 3.35057e-09 -0
800.25 7 4.64159 2.83163e-09 -0
800.25 7 7.19686 2.49572e-10 -0
800.25 7 11.1588 5.58459e-10 -0
800.25 7 17.302 -4.01924e-10 0
800.25 7 26.827 -1.13475e-09 0
800.25 7 41.5956 -1.09052e-09 0
800.25 7 64.4947 -1.0139e-09 0
800.25 7 100 -8.81461e-10 0
800.25 7 155.052 -6.62658e-10 0
800.25 7 240.41 -4.73258e-10 0
800.25 7 372.759 -3.2307e-10 0
800.25 7 577.969 -1.96261e-10 0
800.25 7 896.151 -1.10476e-10 0
800.25 7 1389.5 -6.04424e-11 0
800.25 7 2154.43 -3.13804e-11 0
800.25 7 3340.48 -1.55568e-11 0
800.25 7 5179.47 -7.47597e-12 0
800.25 7 8030.86 -3.51369e-12 0
800.25 7 12452 -1.62555e-12 0
800.25 7 19307 -7.39486e-13 0
800.25 7 29935.8 -3.31627e-13 0
800.25 7 46415.9 -1.47169e-13 0
800.25 7 71968.6 -6.47631e-14 0
800.25 7 111588 -2.83076e-14 0
800.25 7 173020 -1.23215e-14 0
800.25 7 268270 -5.33423e-15 0
800.25 7 415956 -2.30093e-15 0
800.25 7 644947 -9.89591e-16 0
800.25 7 1e+06 -4.24051e-16 0

1951.29 7 1e-06 0.0024422 -0
1951.29 7 1.55052e-06 0.00157509 -0
1951.29 7 2.4041e-06 0.00101585 -0
1951.29 7 3.72759e-06 0.000655167 -0
1951.29 7 5.77969e-06 0.000422548 -0
1951.29 7 8.96151e-06 0.000272521 -0
1951.29 7 1.3895e-05 0.000175762 -0
1951.29 7 2.15443e-05 0.000113357 -0
1951.29 7 3.34048e-05 7.31095e-05 -0
1951.29 7 5.17947e-05 4.71519e-05 -0
1951.29 7 8.03086e-05 3.04107e-05 -0
1951.29 7 0.00012452 1.96134e-05 -0
1951.29 7 0.00019307 1.26498e-05 -0
1951.29 7 0.000299358 8.15864e-06 -0
1951.29 7 0.000464159 5.26207e-06 -0
1951.29 7 0.000719686 3.39394e-06 -0
1951.29 7 0.00111588 2.18909e-06 -0
1951.29 7 0.0017302 1.41202e-06 -0
1951.29 7 0.0026827 9.10854e-07 -0
1951.29 7 0.00415956 5.8762e-07 -0
1951.29 7 0.00644947 3.79142e-07 -0
1951.29 7 0.01 2.44671e-07 -0
1951.29 7 0.0155052 1.57923e-07 -0
1951.29 7 0.024041 1.01944e-07 -0
1951.29 7 0.0372759 6.57961e-08 -0
1951.29 7 0.0577969 4.24249e-08 -0
1951.29 7 0.0896151 2.72848e-08 -0
1951.29 7 0.13895 1.74693e-08 -0
1951.29 7 0.215443 1.11638e-08 -0
1951.29 7 0.334048 7.28045e-09 -0
1951.29 7 0.517947 5.1057e-09 -0
1951.29 7 0.803086 3.78318e-09 -0
1951.29 7 1.2452 2.33412e-09 -0
1951.29 7 1.9307 1.2143e-09 -0
1951.29 7 2.99358 1.01133e-09 -0
1951.29 7 4.64159 7.87305e-10 -0
1951.29 7 7.19686 2.76493e-10 -0
1951.29 7 11.1588 2.63073e-10 -0
1951.29 7 17.302 6.41839e-11 -0
1951.29 7 26.827 -1.00607e-10 0
1951.29 7 41.5956 -1.24553e-10 0
1951.29 7 64.4947 -1.40548e-10 0
1951.29 7 100 -1.46409e-10 0
1951.29 7 155.052 -1.27876e-10 0
1951.29 7 240.41 -1.07808e-10 0
1951.29 7 372.759 -8.93562e-11 0
1951.29 7 577.969 -6.41664e-11 0
1951.29 7 896.151 -4.18785e-11 0
1951.29 7 1389.5 -2.66073e-11 0
1951.29 7 2154.43 -1.56685e-11 0
1951.29 7 3340.48 -8.57647e-12 0
1951.29 7 5179.47 -4.46108e-12 0
1951.29 7 8030.86 -2.23685e-12 0
1951.29 7 12452 -1.09242e-12 0
1951.29 7 19307 -5.19197e-13 0
1951.29 7 29935.8 -2.41207e-13 0
1951.29 7 46415.9 -1.10201e-13 0
1951.29 7 71968.6 -4.96853e-14 0
1951.29 7 111588 -2.21664e-14 0
1951.29 7 173020 -9.82164e-15 0
1951.29 7 268270 -4.3169e-15 0
1951.29 7 415956 -1.8869e-15 0
1951.29 7 644947 -8.21047e-16 0
1951.29 7 1e+06 -3.5542e-16 0

4757.94 7 1e-06 0.000833188 -0
4757.94 7 1.55052e-06 0.000537362 -0
4757.94 7 2.4041e-06 0.00034657 -0
4757.94 7 3.72759e-06 0.000223519 -0
4757.94 7 5.77969e-06 0.000144158 -0
4757.94 7 8.96151e-06 9.29742e-05 -0
4757.94 7 1.3895e-05 5.99635e-05 -0
4757.94 7 2.15443e-05 3.86733e-05 -0
4757.94 7 3.34048e-05 2.49422e-05 -0
4757.94 7 5.17947e-05 1.60864e-05 -0
4757.94 7 8.03086e-05 1.03749e-05 -0
4757.94 7 0.00012452 6.69131e-06 -0
4757.94 7 0.00019307 4.31557e-06 -0
4757.94 7 0.000299358 2.78334e-06 -0
4757.94 7 0.000464159 1.79514e-06 -0
4757.94 7 0.000719686 1.1578e-06 -0
4757.94 7 0.00111588 7.46749e-07 -0
4757.94 7 0.0017302 4.81644e-07 -0
4757.94 7 0.0026827 3.10664e-07 -0
4757.94 7 0.00415956 2.0039e-07 -0
4757.94 7 0.00644947 1.29268e-07 -0
4757.94 7 0.01 8.3396e-08 -0
4757.94 7 0.0155052 5.38075e-08 -0
4757.94 7 0.024041 3.47195e-08 -0
4757.94 7 0.0372759 2.24018e-08 -0
4757.94 7 0.0577969 1.44483e-08 -0
4757.94 7 0.0896151 9.30814e-09 -0
4757.94 7 0.13895 5.98489e-09 -0
4757.94 7 0.215443 3.84556e-09 -0
4757.94 7 0.334048 2.49492e-09 -0
4757.94 7 0.517947 1.67623e-09 -0
4757.94 7 0.803086 1.161e-09 -0
4757.94 7 1.2452 7.3401e-10 -0
4757.94 7 1.9307 4.28908e-10 -0
4757.94 7 2.99358 3.14915e-10 -0
4757.94 7 4.64159 2.26926e-10 -0
4757.94 7 7.19686 1.11136e-10 -0
4757.94 7 11.1588 8.71221e-11 -0
4757.94 7 17.302 4.09757e-11 -0
4757.94 7 26.827 4.08114e-12 -0
4757.94 7 41.5956 -6.53649e-12 0
4757.94 7 64.4947 -1.41912e-11 0
4757.94 7 100 -1.95251e-11 0
4757.94 7 155.052 -1.98054e-11 0
4757.94 7 240.41 -1.93562e-11 0
4757.94 7 372.759 -1.9139e-11 0
4757.94 7 577.969 -1.61736e-11 0
4757.94 7 896.151 -1.23634e-11 0
4757.94 7 1389.5 -9.34505e-12 0
4757.94 7 2154.43 -6.45427e-12 0
4757.94 7 3340.48 -4.03063e-12 0
4757.94 7 5179.47 -2.33611e-12 0
4757.94 7 8030.86 -1.28211e-12 0
4757.94 7 12452 -6.76382e-13 0
4757.94 7 19307 -3.42207e-13 0
4757.94 7 29935.8 -1.67114e-13 0
4757.94 7 46415.9 -7.94986e-14 0
4757.94 7 71968.6 -3.70468e-14 0
4757.94 7 111588 -1.69864e-14 0
4757.94 7 173020 -7.70408e-15 0
4757.94 7 268270 -3.4527e-15 0
4757.94 7 415956 -1.53451e-15 0
4757.94 7 644947 -6.77407e-16 0
4757.94 7 1e+06 -2.96878e-16 0

11601.6 7 1e-06 0.000292208 -0
11601.6 7 1.55052e-06 0.000188459 -0
11601.6 7 2.4041e-06 0.000121546 -0
11601.6 7 3.72759e-06 7.83905e-05 -0
11601.6 7 5.77969e-06 5.05577e-05 -0
11601.6 7 8.96151e-06 3.2607e-05 -0
11601.6 7 1.3895e-05 2.10298e-05 -0
11601.6 7 2.15443e-05 1.35631e-05 -0
11601.6 7 3.34048e-05 8.74749e-06 -0
11601.6 7 5.17947e-05 5.64167e-06 -0
11601.6 7 8.03086e-05 3.63858e-06 -0
11601.6 7 0.00012452 2.3467e-06 -0
11601.6 7 0.00019307 1.5135e-06 -0
11601.6 7 0.000299358 9.76131e-07 -0
11601.6 7 0.000464159 6.29558e-07 -0
11601.6 7 0.000719686 4.06037e-07 -0
11601.6 7 0.00111588 2.61877e-07 -0
11601.6 7 0.0017302 1.68902e-07 -0
11601.6 7 0.0026827 1.08938e-07 -0
11601.6 7 0.00415956 7.0264e-08 -0
11601.6 7 0.00644947 4.53212e-08 -0
11601.6 7 0.01 2.9234e-08 -0
11601.6 7 0.0155052 1.88581e-08 -0
11601.6 7 0.024041 1.21655e-08 -0
11601.6 7 0.0372759 7.84791e-09 -0
11601.6 7 0.0577969 5.06185e-09 -0
11601.6 7 0.0896151 3.26328e-09 -0
11601.6 7 0.13895 2.10201e-09 -0
11601.6 7 0.215443 1.35368e-09 -0
11601.6 7 0.334048 8.75716e-10 -0
11601.6 7 0.517947 5.75849e-10 -0
11601.6 7 0.803086 3.84501e-10 -0
11601.6 7 1.2452 2.45922e-10 -0
11601.6 7 1.9307 1.51766e-10 -0
11601.6 7 2.99358 1.04323e-10 -0
11601.6 7 4.64159 7.1429e-11 -0
11601.6 7 7.19686 4.07002e-11 -0
11601.6 7 11.1588 2.90309e-11 -0
11601.6 7 17.302 1.65674e-11 -0
11601.6 7 26.827 7.29635e-12 -0
11601.6 7 41.5956 3.43618e-12 -0
11601.6 7 64.4947 7.6468e-13 -0
11601.6 7 100 -1.11755e-12 0
11601.6 7 155.052 -1.88007e-12 0
11601.6 7 240.41 -2.37656e-12 0
11601.6 7 372.759 -2.90919e-12 0
11601.6 7 577.969 -2.85308e-12 0
11601.6 7 896.151 -2.50631e-12 0
11601.6 7 1389.5 -2.24919e-12 0
11601.6 7 2154.43 -1.85459e-12 0
11601.6 7 3340.48 -1.36323e-12 0
11601.6 7 5179.47 -9.14579e-13 0
11601.6 7 8030.86 -5.72878e-13 0
11601.6 7 12452 -3.41085e-13 0
11601.6 7 19307 -1.90954e-13 0
11601.6 7 29935.8 -1.01145e-13 0
11601.6 7 46415.9 -5.13674e-14 0
11601.6 7 71968.6 -2.52342e-14 0
11601.6 7 111588 -1.20784e-14 0
11601.6 7 173020 -5.6788e-15 0
11601.6 7 268270 -2.62088e-15 0
11601.6 7 415956 -1.19385e-15 0
11601.6 7 644947 -5.38136e-16 0
11601.6 7 1e+06 -2.40003e-16 0

28288.7 7 1e-06 0.000104874 -0
28288.7 7 1.55052e-06 6.76384e-05 -0
28288.7 7 2.4041e-06 4.36232e-05 -0
28288.7 7 3.72759e-06 2.81346e-05 -0
28288.7 7 5.77969e-06 1.81453e-05 -0
28288.7 7 8.96151e-06 1.17028e-05 -0
28288.7 7 1.3895e-05 7.54767e-06 -0
28288.7 7 2.15443e-05 4.86784e-06 -0
28288.7 7 3.34048e-05 3.1395e-06 -0
28288.7 7 5.17947e-05 2.02481e-06 -0
28288.7 7 8.03086e-05 1.3059e-06 -0
28288.7 7 0.00012452 8.42234e-07 -0
28288.7 7 0.00019307 5.43197e-07 -0
28288.7 7 0.000299358 3.50334e-07 -0
28288.7 7 0.000464159 2.25948e-07 -0
28288.7 7 0.000719686 1.45725e-07 -0
28288.7 7 0.00111588 9.39858e-08 -0
28288.7 7 0.0017302 6.06167e-08 -0
28288.7 7 0.0026827 3.90954e-08 -0
28288.7 7 0.00415956 2.52152e-08 -0
28288.7 7 0.00644947 1.62633e-08 -0
28288.7 7 0.01 1.04897e-08 -0
28288.7 7 0.0155052 6.76591e-09 -0
28288.7 7 0.024041 4.36416e-09 -0
28288.7 7 0.0372759 2.81498e-09 -0
28288.7 7 0.0577969 1.8156e-09 -0
28288.7 7 0.0896151 1.17078e-09 -0
28288.7 7 0.13895 7.54699e-10 -0
28288.7 7 0.215443 4.86449e-10 -0
28288.7 7 0.334048 3.14193e-10 -0
28288.7 7 0.517947 2.04449e-10 -0
28288.7 7 0.803086 1.34001e-10 -0
28288.7 7 1.2452 8.61224e-11 -0
28288.7 7 1.9307 5.44722e-11 -0
28288.7 7 2.99358 3.62e-11 -0
28288.7 7 4.64159 2.40473e-11 -0
28288.7 7 7.19686 1.46736e-11 -0
28288.7 7 11.1588 9.9428e-12 -0
28288.7 7 17.302 6.09501e-12 -0
28288.7 7 26.827 3.40904e-12 -0
28288.7 7 41.5956 2.01898e-12 -0
28288.7 7 64.4947 1.09006e-12 -0
28288.7 7 100 4.59007e-13 -0
28288.7 7 155.052 1.21101e-13 -0
28288.7 7 240.41 -1.0586e-13 0
28288.7 7 372.759 -3.05884e-13 0
28288.7 7 577.969 -3.81728e-13 0
28288.7 7 896.151 -3.89099e-13 0
28288.7 7 1389.5 -4.10537e-13 0
28288.7 7 2154.43 -3.98435e-13 0
28288.7 7 3340.48 -3.43656e-13 0
28288.7 7 5179.47 -2.69668e-13 0
28288.7 7 8030.86 -1.97334e-13 0
28288.7 7 12452 -1.37365e-13 0
28288.7 7 19307 -8.84573e-14 0
28288.7 7 29935.8 -5.26462e-14 0
28288.7 7 46415.9 -2.94112e-14 0
28288.7 7 71968.6 -1.56088e-14 0
28288.7 7 111588 -7.95573e-15 0
28288.7 7 173020 -3.94081e-15 0
28288.7 7 268270 -1.89642e-15 0
28288.7 7 415956 -8.94098e-16 0
28288.7 7 644947 -4.14718e-16 0
28288.7 7 1e+06 -1.89355e-16 0

68977.9 7 1e-06 3.81874e-05 -0
68977.9 7 1.55052e-06 2.46288e-05 -0
68977.9 7 2.4041e-06 1.58843e-05 -0
68977.9 7 3.72759e-06 1.02445e-05 -0
68977.9 7 5.77969e-06 6.60717e-06 -0
68977.9 7 8.96151e-06 4.26127e-06 -0
68977.9 7 1.3895e-05 2.74829e-06 -0
68977.9 7 2.15443e-05 1.7725e-06 -0
68977.9 7 3.34048e-05 1.14317e-06 -0
68977.9 7 5.17947e-05 7.37284e-07 -0
68977.9 7 8.03086e-05 4.75509e-07 -0
68977.9 7 0.00012452 3.06678e-07 -0
68977.9 7 0.00019307 1.97791e-07 -0
68977.9 7 0.000299358 1.27565e-07 -0
68977.9 7 0.000464159 8.22727e-08 -0
68977.9 7 0.000719686 5.30617e-08 -0
68977.9 7 0.00111588 3.42221e-08 -0
68977.9 7 0.0017302 2.20716e-08 -0
68977.9 7 0.0026827 1.42351e-08 -0
68977.9 7 0.00415956 9.18103e-09 -0
68977.9 7 0.00644947 5.92141e-09 -0
68977.9 7 0.01 3.81912e-09 -0
68977.9 7 0.0155052 2.46323e-09 -0
68977.9 7 0.024041 1.58874e-09 -0
68977.9 7 0.0372759 1.02471e-09 -0
68977.9 7 0.0577969 6.60904e-10 -0
68977.9 7 0.0896151 4.26223e-10 -0
68977.9 7 0.13895 2.74832e-10 -0
68977.9 7 0.215443 1.7721e-10 -0
68977.9 7 0.334048 1.1437e-10 -0
68977.9 7 0.517947 7.40601e-11 -0
68977.9 7 0.803086 4.81159e-11 -0
68977.9 7 1.2452 3.09882e-11 -0
68977.9 7 1.9307 1.98169e-11 -0
68977.9 7 2.99358 1.29583e-11 -0
68977.9 7 4.64159 8.47546e-12 -0
68977.9 7 7.19686 5.33562e-12 -0
68977.9 7 11.1588 3.52338e-12 -0
68977.9 7 17.302 2.22564e-12 -0
68977.9 7 26.827 1.35523e-12 -0
68977.9 7 41.5956 8.49296e-13 -0
68977.9 7 64.4947 5.1756e-13 -0
68977.9 7 100 2.98025e-13 -0
68977.9 7 155.052 1.67378e-13 -0
68977.9 7 240.41 8.10753e-14 -0
68977.9 7 372.759 1.52249e-14 -0
68977.9 7 577.969 -1.97579e-14 0
68977.9 7 896.151 -3.67383e-14 0
68977.9 7 1389.5 -5.3366e-14 0
68977.9 7 2154.43 -6.30841e-14 0
68977.9 7 3340.48 -6.34921e-14 0
68977.9 7 5179.47 -5.76205e-14 0
68977.9 7 8030.86 -4.9111e-14 0
68977.9 7 12452 -4.04843e-14 0
68977.9 7 19307 -3.08558e-14 0
68977.9 7 29935.8 -2.14104e-14 0
68977.9 7 46415.9 -1.3677e-14 0
68977.9 7 71968.6 -8.1305e-15 0
68977.9 7 111588 -4.55672e-15 0
68977.9 7 173020 -2.44451e-15 0
68977.9 7 268270 -1.25334e-15 0
68977.9 7 415956 -6.22211e-16 0
68977.9 7 644947 -3.01058e-16 0
68977.9 7 1e+06 -1.42214e-16 0

168192 7 1e-06 1.39031e-05 -0
168192 7 1.55052e-06 8.96673e-06 -0
168192 7 2.4041e-06 5.78306e-06 -0
168192 7 3.72759e-06 3.72977e-06 -0
168192 7 5.77969e-06 2.4055e-06 -0
168192 7 8.96151e-06 1.55142e-06 -0
168192 7 1.3895e-05 1.00058e-06 -0
168192 7 2.15443e-05 6.45323e-07 -0
168192 7 3.34048e-05 4.16199e-07 -0
168192 7 5.17947e-05 2.68426e-07 -0
168192 7 8.03086e-05 1.7312e-07 -0
168192 7 0.00012452 1.11653e-07 -0
168192 7 0.00019307 7.20106e-08 -0
168192 7 0.000299358 4.6443e-08 -0
168192 7 0.000464159 2.99533e-08 -0
168192 7 0.000719686 1.93183e-08 -0
168192 7 0.00111588 1.24593e-08 -0
168192 7 0.0017302 8.03561e-09 -0
168192 7 0.0026827 5.18256e-09 -0
168192 7 0.00415956 3.3425e-09 -0
168192 7 0.00644947 2.15576e-09 -0
168192 7 0.01 1.39037e-09 -0
168192 7 0.0155052 8.96731e-10 -0
168192 7 0.024041 5.78359e-10 -0
168192 7 0.0372759 3.7302e-10 -0
168192 7 0.0577969 2.40582e-10 -0
168192 7 0.0896151 1.55159e-10 -0
168192 7 0.13895 1.00061e-10 -0
168192 7 0.215443 6.45275e-11 -0
168192 7 0.334048 4.16302e-11 -0
168192 7 0.517947 2.68982e-11 -0
168192 7 0.803086 1.74055e-11 -0
168192 7 1.2452 1.12191e-11 -0
168192 7 1.9307 7.20893e-12 -0
168192 7 2.99358 4.67878e-12 -0
168192 7 4.64159 3.03734e-12 -0
168192 7 7.19686 1.93834e-12 -0
168192 7 11.1588 1.26408e-12 -0
168192 7 17.302 8.08295e-13 -0
168192 7 26.827 5.08889e-13 -0
168192 7 41.5956 3.24786e-13 -0
168192 7 64.4947 2.05157e-13 -0
168192 7 100 1.27072e-13 -0
168192 7 155.052 7.8475e-14 -0
168192 7 240.41 4.67681e-14 -0
168192 7 372.759 2.45676e-14 -0
168192 7 577.969 1.13911e-14 -0
168192 7 896.151 3.71954e-15 -0
168192 7 1389.5 -2.39097e-15 0
168192 7 2154.43 -6.50377e-15 0
168192 7 3340.48 -8.52055e-15 0
168192 7 5179.47 -9.06923e-15 0
168192 7 8030.86 -8.87985e-15 0
168192 7 12452 -8.5249e-15 0
168192 7 19307 -7.64585e-15 0
168192 7 29935.8 -6.25975e-15 0
168192 7 46415.9 -4.70135e-15 0
168192 7 71968.6 -3.2502e-15 0
168192 7 111588 -2.08813e-15 0
168192 7 173020 -1.26349e-15 0
168192 7 268270 -7.13814e-16 0
168192 7 415956 -3.83741e-16 0
168192 7 644947 -1.98121e-16 0
168192 7 1e+06 -9.8536e-17 0

410113 7 1e-06 4.99425e-06 -0
410113 7 1.55052e-06 3.22103e-06 -0
410113 7 2.4041e-06 2.07739e-06 -0
410113 7 3.72759e-06 1.33981e-06 -0
410113 7 5.77969e-06 8.64104e-07 -0
410113 7 8.96151e-06 5.57301e-07 -0
410113 7 1.3895e-05 3.59429e-07 -0
410113 7 2.15443e-05 2.31813e-07 -0
410113 7 3.34048e-05 1.49507e-07 -0
410113 7 5.17947e-05 9.64239e-08 -0
410113 7 8.03086e-05 6.21883e-08 -0
410113 7 0.00012452 4.01081e-08 -0
410113 7 0.00019307 2.58676e-08 -0
410113 7 0.000299358 1.66832e-08 -0
410113 7 0.000464159 1.07598e-08 -0
410113 7 0.000719686 6.9395e-09 -0
410113 7 0.00111588 4.47561e-09 -0
410113 7 0.0017302 2.88654e-09 -0
410113 7 0.0026827 1.86167e-09 -0
410113 7 0.00415956 1.20068e-09 -0
410113 7 0.00644947 7.74378e-10 -0
410113 7 0.01 4.99436e-10 -0
410113 7 0.0155052 3.22112e-10 -0
410113 7 0.024041 2.07748e-10 -0
410113 7 0.0372759 1.33988e-10 -0
410113 7 0.0577969 8.64158e-11 -0
410113 7 0.0896151 5.57331e-11 -0
410113 7 0.13895 3.59435e-11 -0
410113 7 0.215443 2.31807e-11 -0
410113 7 0.334048 1.49526e-11 -0
410113 7 0.517947 9.65165e-12 -0
410113 7 0.803086 6.23424e-12 -0
410113 7 1.2452 4.01977e-12 -0
410113 7 1.9307 2.58826e-12 -0
410113 7 2.99358 1.67415e-12 -0
410113 7 4.64159 1.08303e-12 -0
410113 7 7.19686 6.95228e-13 -0
410113 7 11.1588 4.50731e-13 -0
410113 7 17.302 2.89641e-13 -0
410113 7 26.827 1.8486e-13 -0
410113 7 41.5956 1.18745e-13 -0
410113 7 64.4947 7.59581e-14 -0
410113 7 100 4.82103e-14 -0
410113 7 155.052 3.06006e-14 -0
410113 7 240.41 1.91822e-14 -0
410113 7 372.759 1.15269e-14 -0
410113 7 577.969 6.77081e-15 -0
410113 7 896.151 3.83303e-15 -0
410113 7 1389.5 1.73267e-15 -0
410113 7 2154.43 3.24386e-16 -0
410113 7 3340.48 -5.09266e-16 0
410113 7 5179.47 -9.53436e-16 0
410113 7 8030.86 -1.18762e-15 0
410113 7 12452 -1.36034e-15 0
410113 7 19307 -1.42057e-15 0
410113 7 29935.8 -1.34982e-15 0
410113 7 46415.9 -1.18436e-15 0
410113 7 71968.6 -9.61671e-16 0
410113 7 111588 -7.27038e-16 0
410113 7 173020 -5.14232e-16 0
410113 7 268270 -3.3185e-16 0
410113 7 415956 -2.00006e-16 0
410113 7 644947 -1.13587e-16 0
410113 7 1e+06 -6.09451e-17 0

1e+06 7 1e-06 1.6999e-06 -0
1e+06 7 1.55052e-06 1.09634e-06 -0
1e+06 7 2.4041e-06 7.07083e-07 -0
1e+06 7 3.72759e-06 4.56031e-07 -0
1e+06 7 5.77969e-06 2.94115e-07 -0
1e+06 7 8.96151e-06 1.89689e-07 -0
1e+06 7 1.3895e-05 1.22339e-07 -0
1e+06 7 2.15443e-05 7.89022e-08 -0
1e+06 7 3.34048e-05 5.08877e-08 -0
1e+06 7 5.17947e-05 3.28199e-08 -0
1e+06 7 8.03086e-05 2.11671e-08 -0
1e+06 7 0.00012452 1.36516e-08 -0
1e+06 7 0.00019307 8.80458e-09 -0
1e+06 7 0.000299358 5.67848e-09 -0
1e+06 7 0.000464159 3.66232e-09 -0
1e+06 7 0.000719686 2.362e-09 -0
1e+06 7 0.00111588 1.52337e-09 -0
1e+06 7 0.0017302 9.8249e-10 -0
1e+06 7 0.0026827 6.33654e-10 -0
1e+06 7 0.00415956 4.08674e-10 -0
1e+06 7 0.00644947 2.63574e-10 -0
1e+06 7 0.01 1.69991e-10 -0
1e+06 7 0.0155052 1.09636e-10 -0
1e+06 7 0.024041 7.07097e-11 -0
1e+06 7 0.0372759 4.56043e-11 -0
1e+06 7 0.0577969 2.94125e-11 -0
1e+06 7 0.0896151 1.89694e-11 -0
1e+06 7 0.13895 1.22341e-11 -0
1e+06 7 0.215443 7.89017e-12 -0
1e+06 7 0.334048 5.08912e-12 -0
1e+06 7 0.517947 3.28353e-12 -0
1e+06 7 0.803086 2.11925e-12 -0
1e+06 7 1.2452 1.36666e-12 -0
1e+06 7 1.9307 8.80735e-13 -0
1e+06 7 2.99358 5.6883e-13 -0
1e+06 7 4.64159 3.67413e-13 -0
1e+06 7 7.19686 2.36442e-13 -0
1e+06 7 11.1588 1.52886e-13 -0
1e+06 7 17.302 9.84433e-14 -0
1e+06 7 26.827 6.31859e-14 -0
1e+06 7 41.5956 4.06852e-14 -0
1e+06 7 64.4947 2.61496e-14 -0
1e+06 7 100 1.67499e-14 -0
1e+06 7 155.052 1.07342e-14 -0
1e+06 7 240.41 6.84437e-15 -0
1e+06 7 372.759 4.28783e-15 -0
1e+06 7 577.969 2.66823e-15 -0
1e+06 7 896.151 1.64452e-15 -0
1e+06 7 1389.5 9.4973e-16 -0
1e+06 7 2154.43 4.91146e-16 -0
1e+06 7 3340.48 2.05463e-16 -0
1e+06 7 5179.47 3.41851e-17 -0
1e+06 7 8030.86 -7.09288e-17 0
1e+06 7 12452 -1.48315e-16 0
1e+06 7 19307 -1.97732e-16 0
1e+06 7 29935.8 -2.19593e-16 0
1e+06 7 46415.9 -2.20734e-16 0
1e+06 7 71968.6 -2.05853e-16 0
1e+06 7 111588 -1.81293e-16 0
1e+06 7 173020 -1.50985e-16 0
1e+06 7 268270 -1.13878e-16 0
1e+06 7 415956 -7.96361e-17 0
1e+06 7 644947 -5.16472e-17 0
1e+06 7 1e+06 -3.09084e-17 0

