#q_sq i k_sq Re(fg) Im(fg)
1e-06 10 1e-06 0.591985 0
1e-06 10 1.55052e-06 0.591985 0
1e-06 10 2.4041e-06 0.591985 0
1e-06 10 3.72759e-06 0.591985 0
1e-06 10 5.77969e-06 0.591984 0
1e-06 10 8.96151e-06 0.591983 0
1e-06 10 1.3895e-05 0.591982 0
1e-06 10 2.15443e-05 0.591979 0
1e-06 10 3.34048e-05 0.591976 0
1e-06 10 5.17947e-05 0.59197 0
1e-06 10 8.03086e-05 0.591961 0
1e-06 10 0.00012452 0.591948 0
1e-06 10 0.00019307 0.591927 0
1e-06 10 0.000299358 0.591895 0
1e-06 10 0.000464159 0.591845 0
1e-06 10 0.000719686 0.591768 0
1e-06 10 0.00111588 0.591647 0
1e-06 10 0.0017302 0.591459 0
1e-06 10 0.0026827 0.591165 0
1e-06 10 0.00415956 0.590704 0
1e-06 10 0.00644947 0.589977 0
1e-06 10 0.01 0.58882 0
1e-06 10 0.0155052 0.586956 0
1e-06 10 0.024041 0.583907 0
1e-06 10 0.0372759 0.578818 0
1e-06 10 0.0577969 0.570146 0
1e-06 10 0.0896151 0.555105 0
1e-06 10 0.13895 0.528881 0
1e-06 10 0.215443 0.48401 0
1e-06 10 0.334048 0.411596 0
1e-06 10 0.517947 0.307819 0
1e-06 10 0.803086 0.186802 0
1e-06 10 1.2452 0.0841628 0
1e-06 10 1.9307 0.026789 0
1e-06 10 2.99358 0.0065354 0
1e-06 10 4.64159 0.00170693 0
1e-06 10 7.19686 0.000509517 0
1e-06 10 11.1588 0.000224717 0
1e-06 10 17.302 8.7337e-05 0
1e-06 10 26.827 3.7889e-05 0
1e-06 10 41.5956 1.95378e-05 0
1e-06 10 64.4947 1.04477e-05 0
1e-06 10 100 5.66563e-06 0
1e-06 10 155.052 3.19792e-06 0
1e-06 10 240.41 1.83353e-06 0
1e-06 10 372.759 1.04543e-06 0
1e-06 10 577.969 6.10033e-07 0
1e-06 10 896.151 3.65654e-07 0
1e-06 10 1389.5 2.17146e-07 0
1e-06 10 2154.43 1.28617e-07 0
1e-06 10 3340.48 7.69552e-08 0
1e-06 10 5179.47 4.65847e-08 0
1e-06 10 8030.86 2.84186e-08 0
1e-06 10 12452 1.7264e-08 0
1e-06 10 19307 1.04657e-08 0
1e-06 10 29935.8 6.35962e-09 0
1e-06 10 46415.9 3.872e-09 0
1e-06 10 71968.6 2.3601e-09 0
1e-06 10 111588 1.43382e-09 0
1e-06 10 173020 8.56807e-10 0
1e-06 10 268270 5.03373e-10 0
1e-06 10 415956 2.85469e-10 0
1e-06 10 644947 1.512e-10 0
1e-06 10 1e+06 7.11861e-11 0

2.43835e-06 10 1e-06 0.591986 0
2.43835e-06 10 1.55052e-06 0.591986 0
2.43835e-06 10 2.4041e-06 0.591985 0
2.43835e-06 10 3.72759e-06 0.591985 0
2.43835e-06 10 5.77969e-06 0.591984 0
2.43835e-06 10 8.96151e-06 0.591983 0
2.43835e-06 10 1.3895e-05 0.591982 0
2.43835e-06 10 2.15443e-05 0.591979 0
2.43835e-06 10 3.34048e-05 0.591976 0
2.43835e-06 10 5.17947e-05 0.59197 0
2.43835e-06 10 8.03086e-05 0.591962 0
2.43835e-06 10 0.00012452 0.591948 0
2.43835e-06 10 0.00019307 0.591928 0
2.43835e-06 10 0.000299358 0.591895 0
2.43835e-06 10 0.000464159 0.591846 0
2.43835e-06 10 0.000719686 0.591768 0
2.43835e-06 10 0.00111588 0.591647 0
2.43835e-06 10 0.0017302 0.591459 0
2.43835e-06 10 0.0026827 0.591165 0
2.43835e-06 10 0.00415956 0.590704 0
2.43835e-06 10 0.00644947 0.589977 0
2.43835e-06 10 0.01 0.58882 0
2.43835e-06 10 0.0155052 0.586957 0
2.43835e-06 10 0.024041 0.583907 0
2.43835e-06 10 0.0372759 0.578819 0
2.43835e-06 10 0.0577969 0.570146 0
2.43835e-06 10 0.0896151 0.555105 0
2.43835e-06 10 0.13895 0.528881 0
2.43835e-06 10 0.215443 0.48401 0
2.43835e-06 10 0.334048 0.411596 0
2.43835e-06 10 0.517947 0.307819 0
2.43835e-06 10 0.803086 0.186802 0
2.43835e-06 10 1.2452 0.0841628 0
2.43835e-06 10 1.9307 0.026789 0
2.43835e-06 10 2.99358 0.0065354 0
2.43835e-06 10 4.64159 0.00170693 0
2.43835e-06 10 7.19686 0.000509517 0
2.43835e-06 10 11.1588 0.000224717 0
2.43835e-06 10 17.302 8.73371e-05 0
2.43835e-06 10 26.827 3.7889e-05 0
2.43835e-06 10 41.5956 1.95378e-05 0
2.43835e-06 10 64.4947 1.04477e-05 0
2.43835e-06 10 100 5.66563e-06 0
2.43835e-06 10 155.052 3.19792e-06 0
2.43835e-06 10 240.41 1.83353e-06 0
2.43835e-06 10 372.759 1.04543e-06 0
2.43835e-06 10 577.969 6.10033e-07 0
2.43835e-06 10 896.151 3.65654e-07 0
2.43835e-06 10 1389.5 2.17146e-07 0
2.43835e-06 10 2154.43 1.28617e-07 0
2.43835e-06 10 3340.48 7.69552e-08 0
2.43835e-06 10 5179.47 4.65847e-08 0
2.43835e-06 10 8030.86 2.84186e-08 0
2.43835e-06 10 12452 1.7264e-08 0
2.43835e-06 10 19307 1.04657e-08 0
2.43835e-06 10 29935.8 6.35962e-09 0
2.43835e-06 10 46415.9 3.872e-09 0
2.43835e-06 10 71968.6 2.3601e-09 0
2.43835e-06 10 111588 1.43382e-09 0
2.43835e-06 10 173020 8.56807e-10 0
2.43835e-06 10 268270 5.03373e-10 0
2.43835e-06 10 415956 2.85469e-10 0
2.43835e-06 10 644947 1.512e-10 0
2.43835e-06 10 1e+06 7.11861e-11 0

5.94557e-06 10 1e-06 0.591986 0
5.94557e-06 10 1.55052e-06 0.591986 0
5.94557e-06 10 2.4041e-06 0.591986 0
5.94557e-06 10 3.72759e-06 0.591985 0
5.94557e-06 10 5.77969e-06 0.591985 0
5.94557e-06 10 8.96151e-06 0.591984 0
5.94557e-06 10 1.3895e-05 0.591982 0
5.94557e-06 10 2.15443e-05 0.59198 0
5.94557e-06 10 3.34048e-05 0.591977 0
5.94557e-06 10 5.17947e-05 0.591971 0
5.94557e-06 10 8.03086e-05 0.591962 0
5.94557e-06 10 0.00012452 0.591949 0
5.94557e-06 10 0.00019307 0.591928 0
5.94557e-06 10 0.000299358 0.591896 0
5.94557e-06 10 0.000464159 0.591846 0
5.94557e-06 10 0.000719686 0.591769 0
5.94557e-06 10 0.00111588 0.591648 0
5.94557e-06 10 0.0017302 0.59146 0
5.94557e-06 10 0.0026827 0.591166 0
5.94557e-06 10 0.00415956 0.590705 0
5.94557e-06 10 0.00644947 0.589978 0
5.94557e-06 10 0.01 0.588821 0
5.94557e-06 10 0.0155052 0.586957 0
5.94557e-06 10 0.024041 0.583908 0
5.94557e-06 10 0.0372759 0.578819 0
5.94557e-06 10 0.0577969 0.570146 0
5.94557e-06 10 0.0896151 0.555106 0
5.94557e-06 10 0.13895 0.528881 0
5.94557e-06 10 0.215443 0.48401 0
5.94557e-06 10 0.334048 0.411597 0
5.94557e-06 10 0.517947 0.307819 0
5.94557e-06 10 0.803086 0.186802 0
5.94557e-06 10 1.2452 0.0841628 0
5.94557e-06 10 1.9307 0.026789 0
5.94557e-06 10 2.99358 0.00653541 0
5.94557e-06 10 4.64159 0.00170693 0
5.94557e-06 10 7.19686 0.000509517 0
5.94557e-06 10 11.1588 0.000224717 0
5.94557e-06 10 17.302 8.73371e-05 0
5.94557e-06 10 26.827 3.7889e-05 0
5.94557e-06 10 41.5956 1.95378e-05 0
5.94557e-06 10 64.4947 1.04477e-05 0
5.94557e-06 10 100 5.66563e-06 0
5.94557e-06 10 155.052 3.19792e-06 0
5.94557e-06 10 240.41 1.83353e-06 0
5.94557e-06 10 372.759 1.04543e-06 0
5.94557e-06 10 577.969 6.10033e-07 0
5.94557e-06 10 896.151 3.65654e-07 0
5.94557e-06 10 1389.5 2.17146e-07 0
5.94557e-06 10 2154.43 1.28617e-07 0
5.94557e-06 10 3340.48 7.69552e-08 0
5.94557e-06 10 5179.47 4.65847e-08 0
5.94557e-06 10 8030.86 2.84186e-08 0
5.94557e-06 10 12452 1.7264e-08 0
5.94557e-06 10 19307 1.04657e-08 0
5.94557e-06 10 29935.8 6.35962e-09 0
5.94557e-06 10 46415.9 3.872e-09 0
5.94557e-06 10 71968.6 2.3601e-09 0
5.94557e-06 10 111588 1.43382e-09 0
5.94557e-06 10 173020 8.56807e-10 0
5.94557e-06 10 268270 5.03373e-10 0
5.94557e-06 10 415956 2.85469e-10 0
5.94557e-06 10 644947 1.512e-10 0
5.94557e-06 10 1e+06 7.11861e-11 0

1.44974e-05 10 1e-06 0.591988 0
1.44974e-05 10 1.55052e-06 0.591988 0
1.44974e-05 10 2.4041e-06 0.591987 0
1.44974e-05 10 3.72759e-06 0.591987 0
1.44974e-05 10 5.77969e-06 0.591986 0
1.44974e-05 10 8.96151e-06 0.591985 0
1.44974e-05 10 1.3895e-05 0.591984 0
1.44974e-05 10 2.15443e-05 0.591982 0
1.44974e-05 10 3.34048e-05 0.591978 0
1.44974e-05 10 5.17947e-05 0.591973 0
1.44974e-05 10 8.03086e-05 0.591964 0
1.44974e-05 10 0.00012452 0.591951 0
1.44974e-05 10 0.00019307 0.59193 0
1.44974e-05 10 0.000299358 0.591898 0
1.44974e-05 10 0.000464159 0.591848 0
1.44974e-05 10 0.000719686 0.59177 0
1.44974e-05 10 0.00111588 0.591649 0
1.44974e-05 10 0.0017302 0.591461 0
1.44974e-05 10 0.0026827 0.591167 0
1.44974e-05 10 0.00415956 0.590707 0
1.44974e-05 10 0.00644947 0.589979 0
1.44974e-05 10 0.01 0.588822 0
1.44974e-05 10 0.0155052 0.586959 0
1.44974e-05 10 0.024041 0.583909 0
1.44974e-05 10 0.0372759 0.578821 0
1.44974e-05 10 0.0577969 0.570148 0
1.44974e-05 10 0.0896151 0.555107 0
1.44974e-05 10 0.13895 0.528882 0
1.44974e-05 10 0.215443 0.484011 0
1.44974e-05 10 0.334048 0.411597 0
1.44974e-05 10 0.517947 0.307819 0
1.44974e-05 10 0.803086 0.186802 0
1.44974e-05 10 1.2452 0.0841629 0
1.44974e-05 10 1.9307 0.026789 0
1.44974e-05 10 2.99358 0.00653541 0
1.44974e-05 10 4.64159 0.00170693 0
1.44974e-05 10 7.19686 0.000509518 0
1.44974e-05 10 11.1588 0.000224717 0
1.44974e-05 10 17.302 8.73372e-05 0
1.44974e-05 10 26.827 3.78891e-05 0
1.44974e-05 10 41.5956 1.95378e-05 0
1.44974e-05 10 64.4947 1.04477e-05 0
1.44974e-05 10 100 5.66564e-06 0
1.44974e-05 10 155.052 3.19792e-06 0
1.44974e-05 10 240.41 1.83353e-06 0
1.44974e-05 10 372.759 1.04543e-06 0
1.44974e-05 10 577.969 6.10033e-07 0
1.44974e-05 10 896.151 3.65654e-07 0
1.44974e-05 10 1389.5 2.17146e-07 0
1.44974e-05 10 2154.43 1.28617e-07 0
1.44974e-05 10 3340.48 7.69552e-08 0
1.44974e-05 10 5179.47 4.65847e-08 0
1.44974e-05 10 8030.86 2.84186e-08 0
1.44974e-05 10 12452 1.7264e-08 0
1.44974e-05 10 19307 1.04657e-08 0
1.44974e-05 10 29935.8 6.35962e-09 0
1.44974e-05 10 46415.9 3.872e-09 0
1.44974e-05 10 71968.6 2.3601e-09 0
1.44974e-05 10 111588 1.43382e-09 0
1.44974e-05 10 173020 8.56807e-10 0
1.44974e-05 10 268270 5.03373e-10 0
1.44974e-05 10 415956 2.85469e-10 0
1.44974e-05 10 644947 1.512e-10 0
1.44974e-05 10 1e+06 7.11861e-11 0

3.53498e-05 10 1e-06 0.591992 0
3.53498e-05 10 1.55052e-06 0.591992 0
3.53498e-05 10 2.4041e-06 0.591991 0
3.53498e-05 10 3.72759e-06 0.591991 0
3.53498e-05 10 5.77969e-06 0.59199 0
3.53498e-05 10 8.96151e-06 0.591989 0
3.53498e-05 10 1.3895e-05 0.591988 0
3.53498e-05 10 2.15443e-05 0.591986 0
3.53498e-05 10 3.34048e-05 0.591982 0
3.53498e-05 10 5.17947e-05 0.591976 0
3.53498e-05 10 8.03086e-05 0.591968 0
3.53498e-05 10 0.00012452 0.591954 0
3.53498e-05 10 0.00019307 0.591934 0
3.53498e-05 10 0.000299358 0.591902 0
3.53498e-05 10 0.000464159 0.591852 0
3.53498e-05 10 0.000719686 0.591774 0
3.53498e-05 10 0.00111588 0.591653 0
3.53498e-05 10 0.0017302 0.591465 0
3.53498e-05 10 0.0026827 0.591171 0
3.53498e-05 10 0.00415956 0.59071 0
3.53498e-05 10 0.00644947 0.589983 0
3.53498e-05 10 0.01 0.588826 0
3.53498e-05 10 0.0155052 0.586962 0
3.53498e-05 10 0.024041 0.583913 0
3.53498e-05 10 0.0372759 0.578824 0
3.53498e-05 10 0.0577969 0.570151 0
3.53498e-05 10 0.0896151 0.555109 0
3.53498e-05 10 0.13895 0.528885 0
3.53498e-05 10 0.215443 0.484013 0
3.53498e-05 10 0.334048 0.411598 0
3.53498e-05 10 0.517947 0.30782 0
3.53498e-05 10 0.803086 0.186803 0
3.53498e-05 10 1.2452 0.0841632 0
3.53498e-05 10 1.9307 0.0267891 0
3.53498e-05 10 2.99358 0.00653543 0
3.53498e-05 10 4.64159 0.00170694 0
3.53498e-05 10 7.19686 0.00050952 0
3.53498e-05 10 11.1588 0.000224718 0
3.53498e-05 10 17.302 8.73375e-05 0
3.53498e-05 10 26.827 3.78892e-05 0
3.53498e-05 10 41.5956 1.95379e-05 0
3.53498e-05 10 64.4947 1.04477e-05 0
3.53498e-05 10 100 5.66564e-06 0
3.53498e-05 10 155.052 3.19793e-06 0
3.53498e-05 10 240.41 1.83353e-06 0
3.53498e-05 10 372.759 1.04543e-06 0
3.53498e-05 10 577.969 6.10033e-07 0
3.53498e-05 10 896.151 3.65654e-07 0
3.53498e-05 10 1389.5 2.17146e-07 0
3.53498e-05 10 2154.43 1.28617e-07 0
3.53498e-05 10 3340.48 7.69552e-08 0
3.53498e-05 10 5179.47 4.65847e-08 0
3.53498e-05 10 8030.86 2.84186e-08 0
3.53498e-05 10 12452 1.7264e-08 0
3.53498e-05 10 19307 1.04657e-08 0
3.53498e-05 10 29935.8 6.35962e-09 0
3.53498e-05 10 46415.9 3.872e-09 0
3.53498e-05 10 71968.6 2.3601e-09 0
3.53498e-05 10 111588 1.43382e-09 0
3.53498e-05 10 173020 8.56807e-10 0
3.53498e-05 10 268270 5.03373e-10 0
3.53498e-05 10 415956 2.85469e-10 0
3.53498e-05 10 644947 1.512e-10 0
3.53498e-05 10 1e+06 7.11861e-11 0

8.61954e-05 10 1e-06 0.592001 0
8.61954e-05 10 1.55052e-06 0.592001 0
8.61954e-05 10 2.4041e-06 0.592001 0
8.61954e-05 10 3.72759e-06 0.592 0
8.61954e-05 10 5.77969e-06 0.592 0
8.61954e-05 10 8.96151e-06 0.591999 0
8.61954e-05 10 1.3895e-05 0.591997 0
8.61954e-05 10 2.15443e-05 0.591995 0
8.61954e-05 10 3.34048e-05 0.591991 0
8.61954e-05 10 5.17947e-05 0.591986 0
8.61954e-05 10 8.03086e-05 0.591977 0
8.61954e-05 10 0.00012452 0.591964 0
8.61954e-05 10 0.00019307 0.591943 0
8.61954e-05 10 0.000299358 0.591911 0
8.61954e-05 10 0.000464159 0.591861 0
8.61954e-05 10 0.000719686 0.591783 0
8.61954e-05 10 0.00111588 0.591663 0
8.61954e-05 10 0.0017302 0.591474 0
8.61954e-05 10 0.0026827 0.591181 0
8.61954e-05 10 0.00415956 0.59072 0
8.61954e-05 10 0.00644947 0.589992 0
8.61954e-05 10 0.01 0.588835 0
8.61954e-05 10 0.0155052 0.586971 0
8.61954e-05 10 0.024041 0.583921 0
8.61954e-05 10 0.0372759 0.578832 0
8.61954e-05 10 0.0577969 0.570158 0
8.61954e-05 10 0.0896151 0.555116 0
8.61954e-05 10 0.13895 0.52889 0
8.61954e-05 10 0.215443 0.484017 0
8.61954e-05 10 0.334048 0.411602 0
8.61954e-05 10 0.517947 0.307822 0
8.61954e-05 10 0.803086 0.186804 0
8.61954e-05 10 1.2452 0.0841637 0
8.61954e-05 10 1.9307 0.0267893 0
8.61954e-05 10 2.99358 0.00653548 0
8.61954e-05 10 4.64159 0.00170695 0
8.61954e-05 10 7.19686 0.000509524 0
8.61954e-05 10 11.1588 0.000224719 0
8.61954e-05 10 17.302 8.73383e-05 0
8.61954e-05 10 26.827 3.78895e-05 0
8.61954e-05 10 41.5956 1.9538e-05 0
8.61954e-05 10 64.4947 1.04478e-05 0
8.61954e-05 10 100 5.66566e-06 0
8.61954e-05 10 155.052 3.19793e-06 0
8.61954e-05 10 240.41 1.83353e-06 0
8.61954e-05 10 372.759 1.04543e-06 0
8.61954e-05 10 577.969 6.10034e-07 0
8.61954e-05 10 896.151 3.65654e-07 0
8.61954e-05 10 1389.5 2.17146e-07 0
8.61954e-05 10 2154.43 1.28617e-07 0
8.61954e-05 10 3340.48 7.69553e-08 0
8.61954e-05 10 5179.47 4.65847e-08 0
8.61954e-05 10 8030.86 2.84186e-08 0
8.61954e-05 10 12452 1.7264e-08 0
8.61954e-05 10 19307 1.04657e-08 0
8.61954e-05 10 29935.8 6.35962e-09 0
8.61954e-05 10 46415.9 3.872e-09 0
8.61954e-05 10 71968.6 2.3601e-09 0
8.61954e-05 10 111588 1.43382e-09 0
8.61954e-05 10 173020 8.56807e-10 0
8.61954e-05 10 268270 5.03373e-10 0
8.61954e-05 10 415956 2.85469e-10 0
8.61954e-05 10 644947 1.512e-10 0
8.61954e-05 10 1e+06 7.11861e-11 0

0.000210175 10 1e-06 0.592024 0
0.000210175 10 1.55052e-06 0.592024 0
0.000210175 10 2.4041e-06 0.592024 0
0.000210175 10 3.72759e-06 0.592023 0
0.000210175 10 5.77969e-06 0.592023 0
0.000210175 10 8.96151e-06 0.592022 0
0.000210175 10 1.3895e-05 0.59202 0
0.000210175 10 2.15443e-05 0.592018 0
0.000210175 10 3.34048e-05 0.592014 0
0.000210175 10 5.17947e-05 0.592009 0
0.000210175 10 8.03086e-05 0.592 0
0.000210175 10 0.00012452 0.591987 0
0.000210175 10 0.00019307 0.591966 0
0.000210175 10 0.000299358 0.591934 0
0.000210175 10 0.000464159 0.591884 0
0.000210175 10 0.000719686 0.591806 0
0.000210175 10 0.00111588 0.591685 0
0.000210175 10 0.0017302 0.591497 0
0.000210175 10 0.0026827 0.591203 0
0.000210175 10 0.00415956 0.590742 0
0.000210175 10 0.00644947 0.590015 0
0.000210175 10 0.01 0.588857 0
0.000210175 10 0.0155052 0.586993 0
0.000210175 10 0.024041 0.583942 0
0.000210175 10 0.0372759 0.578852 0
0.000210175 10 0.0577969 0.570177 0
0.000210175 10 0.0896151 0.555133 0
0.000210175 10 0.13895 0.528904 0
0.000210175 10 0.215443 0.484028 0
0.000210175 10 0.334048 0.411609 0
0.000210175 10 0.517947 0.307827 0
0.000210175 10 0.803086 0.186807 0
0.000210175 10 1.2452 0.084165 0
0.000210175 10 1.9307 0.0267898 0
0.000210175 10 2.99358 0.00653559 0
0.000210175 10 4.64159 0.00170698 0
0.000210175 10 7.19686 0.000509534 0
0.000210175 10 11.1588 0.000224724 0
0.000210175 10 17.302 8.73401e-05 0
0.000210175 10 26.827 3.78902e-05 0
0.000210175 10 41.5956 1.95383e-05 0
0.000210175 10 64.4947 1.04479e-05 0
0.000210175 10 100 5.6657e-06 0
0.000210175 10 155.052 3.19795e-06 0
0.000210175 10 240.41 1.83354e-06 0
0.000210175 10 372.759 1.04543e-06 0
0.000210175 10 577.969 6.10034e-07 0
0.000210175 10 896.151 3.65655e-07 0
0.000210175 10 1389.5 2.17146e-07 0
0.000210175 10 2154.43 1.28617e-07 0
0.000210175 10 3340.48 7.69553e-08 0
0.000210175 10 5179.47 4.65847e-08 0
0.000210175 10 8030.86 2.84186e-08 0
0.000210175 10 12452 1.7264e-08 0
0.000210175 10 19307 1.04657e-08 0
0.000210175 10 29935.8 6.35962e-09 0
0.000210175 10 46415.9 3.872e-09 0
0.000210175 10 71968.6 2.3601e-09 0
0.000210175 10 111588 1.43382e-09 0
0.000210175 10 173020 8.56807e-10 0
0.000210175 10 268270 5.03373e-10 0
0.000210175 10 415956 2.85469e-10 0
0.000210175 10 644947 1.512e-10 0
0.000210175 10 1e+06 7.11861e-11 0

0.000512481 10 1e-06 0.59208 0
0.000512481 10 1.55052e-06 0.59208 0
0.000512481 10 2.4041e-06 0.592079 0
0.000512481 10 3.72759e-06 0.592079 0
0.000512481 10 5.77969e-06 0.592078 0
0.000512481 10 8.96151e-06 0.592077 0
0.000512481 10 1.3895e-05 0.592076 0
0.000512481 10 2.15443e-05 0.592074 0
0.000512481 10 3.34048e-05 0.59207 0
0.000512481 10 5.17947e-05 0.592064 0
0.000512481 10 8.03086e-05 0.592056 0
0.000512481 10 0.00012452 0.592042 0
0.000512481 10 0.00019307 0.592022 0
0.000512481 10 0.000299358 0.591989 0
0.000512481 10 0.000464159 0.591939 0
0.000512481 10 0.000719686 0.591862 0
0.000512481 10 0.00111588 0.591741 0
0.000512481 10 0.0017302 0.591553 0
0.000512481 10 0.0026827 0.591258 0
0.000512481 10 0.00415956 0.590797 0
0.000512481 10 0.00644947 0.590069 0
0.000512481 10 0.01 0.588911 0
0.000512481 10 0.0155052 0.587045 0
0.000512481 10 0.024041 0.583993 0
0.000512481 10 0.0372759 0.5789 0
0.000512481 10 0.0577969 0.570222 0
0.000512481 10 0.0896151 0.555173 0
0.000512481 10 0.13895 0.528938 0
0.000512481 10 0.215443 0.484054 0
0.000512481 10 0.334048 0.411628 0
0.000512481 10 0.517947 0.307839 0
0.000512481 10 0.803086 0.186814 0
0.000512481 10 1.2452 0.0841683 0
0.000512481 10 1.9307 0.0267909 0
0.000512481 10 2.99358 0.00653586 0
0.000512481 10 4.64159 0.00170704 0
0.000512481 10 7.19686 0.000509559 0
0.000512481 10 11.1588 0.000224734 0
0.000512481 10 17.302 8.73445e-05 0
0.000512481 10 26.827 3.7892e-05 0
0.000512481 10 41.5956 1.95389e-05 0
0.000512481 10 64.4947 1.04481e-05 0
0.000512481 10 100 5.66581e-06 0
0.000512481 10 155.052 3.19799e-06 0
0.000512481 10 240.41 1.83355e-06 0
0.000512481 10 372.759 1.04544e-06 0
0.000512481 10 577.969 6.10037e-07 0
0.000512481 10 896.151 3.65656e-07 0
0.000512481 10 1389.5 2.17147e-07 0
0.000512481 10 2154.43 1.28618e-07 0
0.000512481 10 3340.48 7.69553e-08 0
0.000512481 10 5179.47 4.65848e-08 0
0.000512481 10 8030.86 2.84186e-08 0
0.000512481 10 12452 1.7264e-08 0
0.000512481 10 19307 1.04657e-08 0
0.000512481 10 29935.8 6.35962e-09 0
0.000512481 10 46415.9 3.872e-09 0
0.000512481 10 71968.6 2.3601e-09 0
0.000512481 10 111588 1.43382e-09 0
0.000512481 10 173020 8.56807e-10 0
0.000512481 10 268270 5.03373e-10 0
0.000512481 10 415956 2.85469e-10 0
0.000512481 10 644947 1.512e-10 0
0.000512481 10 1e+06 7.11861e-11 0

0.00124961 10 1e-06 0.592216 0
0.00124961 10 1.55052e-06 0.592216 0
0.00124961 10 2.4041e-06 0.592215 0
0.00124961 10 3.72759e-06 0.592215 0
0.00124961 10 5.77969e-06 0.592214 0
0.00124961 10 8.96151e-06 0.592213 0
0.00124961 10 1.3895e-05 0.592212 0
0.00124961 10 2.15443e-05 0.592209 0
0.00124961 10 3.34048e-05 0.592206 0
0.00124961 10 5.17947e-05 0.5922 0
0.00124961 10 8.03086e-05 0.592192 0
0.00124961 10 0.00012452 0.592178 0
0.00124961 10 0.00019307 0.592157 0
0.00124961 10 0.000299358 0.592125 0
0.00124961 10 0.000464159 0.592075 0
0.00124961 10 0.000719686 0.591997 0
0.00124961 10 0.00111588 0.591876 0
0.00124961 10 0.0017302 0.591688 0
0.00124961 10 0.0026827 0.591393 0
0.00124961 10 0.00415956 0.590931 0
0.00124961 10 0.00644947 0.590202 0
0.00124961 10 0.01 0.589041 0
0.00124961 10 0.0155052 0.587173 0
0.00124961 10 0.024041 0.584117 0
0.00124961 10 0.0372759 0.579018 0
0.00124961 10 0.0577969 0.570331 0
0.00124961 10 0.0896151 0.55527 0
0.00124961 10 0.13895 0.52902 0
0.00124961 10 0.215443 0.484119 0
0.00124961 10 0.334048 0.411674 0
0.00124961 10 0.517947 0.307868 0
0.00124961 10 0.803086 0.18683 0
0.00124961 10 1.2452 0.0841762 0
0.00124961 10 1.9307 0.0267936 0
0.00124961 10 2.99358 0.00653653 0
0.00124961 10 4.64159 0.0017072 0
0.00124961 10 7.19686 0.00050962 0
0.00124961 10 11.1588 0.000224759 0
0.00124961 10 17.302 8.73553e-05 0
0.00124961 10 26.827 3.78963e-05 0
0.00124961 10 41.5956 1.95406e-05 0
0.00124961 10 64.4947 1.04488e-05 0
0.00124961 10 100 5.66606e-06 0
0.00124961 10 155.052 3.19809e-06 0
0.00124961 10 240.41 1.83359e-06 0
0.00124961 10 372.759 1.04545e-06 0
0.00124961 10 577.969 6.10043e-07 0
0.00124961 10 896.151 3.65658e-07 0
0.00124961 10 1389.5 2.17147e-07 0
0.00124961 10 2154.43 1.28618e-07 0
0.00124961 10 3340.48 7.69555e-08 0
0.00124961 10 5179.47 4.65848e-08 0
0.00124961 10 8030.86 2.84186e-08 0
0.00124961 10 12452 1.7264e-08 0
0.00124961 10 19307 1.04657e-08 0
0.00124961 10 29935.8 6.35962e-09 0
0.00124961 10 46415.9 3.872e-09 0
0.00124961 10 71968.6 2.3601e-09 0
0.00124961 10 111588 1.43382e-09 0
0.00124961 10 173020 8.56807e-10 0
0.00124961 10 268270 5.03373e-10 0
0.00124961 10 415956 2.85469e-10 0
0.00124961 10 644947 1.512e-10 0
0.00124961 10 1e+06 7.11861e-11 0

0.00304699 10 1e-06 0.592546 0
0.00304699 10 1.55052e-06 0.592546 0
0.00304699 10 2.4041e-06 0.592546 0
0.00304699 10 3.72759e-06 0.592546 0
0.00304699 10 5.77969e-06 0.592545 0
0.00304699 10 8.96151e-06 0.592544 0
0.00304699 10 1.3895e-05 0.592543 0
0.00304699 10 2.15443e-05 0.59254 0
0.00304699 10 3.34048e-05 0.592537 0
0.00304699 10 5.17947e-05 0.592531 0
0.00304699 10 8.03086e-05 0.592522 0
0.00304699 10 0.00012452 0.592509 0
0.00304699 10 0.00019307 0.592488 0
0.00304699 10 0.000299358 0.592456 0
0.00304699 10 0.000464159 0.592405 0
0.00304699 10 0.000719686 0.592327 0
0.00304699 10 0.00111588 0.592206 0
0.00304699 10 0.0017302 0.592016 0
0.00304699 10 0.0026827 0.59172 0
0.00304699 10 0.00415956 0.591256 0
0.00304699 10 0.00644947 0.590524 0
0.00304699 10 0.01 0.58936 0
0.00304699 10 0.0155052 0.587485 0
0.00304699 10 0.024041 0.584419 0
0.00304699 10 0.0372759 0.579305 0
0.00304699 10 0.0577969 0.570597 0
0.00304699 10 0.0896151 0.555507 0
0.00304699 10 0.13895 0.52922 0
0.00304699 10 0.215443 0.484275 0
0.00304699 10 0.334048 0.411785 0
0.00304699 10 0.517947 0.30794 0
0.00304699 10 0.803086 0.186871 0
0.00304699 10 1.2452 0.0841954 0
0.00304699 10 1.9307 0.0268001 0
0.00304699 10 2.99358 0.00653814 0
0.00304699 10 4.64159 0.0017076 0
0.00304699 10 7.19686 0.000509769 0
0.00304699 10 11.1588 0.00022482 0
0.00304699 10 17.302 8.73816e-05 0
0.00304699 10 26.827 3.79069e-05 0
0.00304699 10 41.5956 1.95447e-05 0
0.00304699 10 64.4947 1.04504e-05 0
0.00304699 10 100 5.66667e-06 0
0.00304699 10 155.052 3.19833e-06 0
0.00304699 10 240.41 1.83368e-06 0
0.00304699 10 372.759 1.04549e-06 0
0.00304699 10 577.969 6.10057e-07 0
0.00304699 10 896.151 3.65663e-07 0
0.00304699 10 1389.5 2.1715e-07 0
0.00304699 10 2154.43 1.28619e-07 0
0.00304699 10 3340.48 7.69558e-08 0
0.00304699 10 5179.47 4.6585e-08 0
0.00304699 10 8030.86 2.84187e-08 0
0.00304699 10 12452 1.7264e-08 0
0.00304699 10 19307 1.04657e-08 0
0.00304699 10 29935.8 6.35963e-09 0
0.00304699 10 46415.9 3.872e-09 0
0.00304699 10 71968.6 2.3601e-09 0
0.00304699 10 111588 1.43382e-09 0
0.00304699 10 173020 8.56807e-10 0
0.00304699 10 268270 5.03373e-10 0
0.00304699 10 415956 2.85469e-10 0
0.00304699 10 644947 1.512e-10 0
0.00304699 10 1e+06 7.11861e-11 0

0.00742964 10 1e-06 0.59335 0
0.00742964 10 1.55052e-06 0.593349 0
0.00742964 10 2.4041e-06 0.593349 0
0.00742964 10 3.72759e-06 0.593349 0
0.00742964 10 5.77969e-06 0.593348 0
0.00742964 10 8.96151e-06 0.593347 0
0.00742964 10 1.3895e-05 0.593346 0
0.00742964 10 2.15443e-05 0.593343 0
0.00742964 10 3.34048e-05 0.59334 0
0.00742964 10 5.17947e-05 0.593334 0
0.00742964 10 8.03086e-05 0.593325 0
0.00742964 10 0.00012452 0.593312 0
0.00742964 10 0.00019307 0.593291 0
0.00742964 10 0.000299358 0.593258 0
0.00742964 10 0.000464159 0.593207 0
0.00742964 10 0.000719686 0.593128 0
0.00742964 10 0.00111588 0.593005 0
0.00742964 10 0.0017302 0.592814 0
0.00742964 10 0.0026827 0.592515 0
0.00742964 10 0.00415956 0.592046 0
0.00742964 10 0.00644947 0.591307 0
0.00742964 10 0.01 0.590132 0
0.00742964 10 0.0155052 0.588241 0
0.00742964 10 0.024041 0.585151 0
0.00742964 10 0.0372759 0.580001 0
0.00742964 10 0.0577969 0.571242 0
0.00742964 10 0.0896151 0.556082 0
0.00742964 10 0.13895 0.529705 0
0.00742964 10 0.215443 0.484654 0
0.00742964 10 0.334048 0.412055 0
0.00742964 10 0.517947 0.308113 0
0.00742964 10 0.803086 0.18697 0
0.00742964 10 1.2452 0.084242 0
0.00742964 10 1.9307 0.026816 0
0.00742964 10 2.99358 0.00654207 0
0.00742964 10 4.64159 0.00170855 0
0.00742964 10 7.19686 0.000510131 0
0.00742964 10 11.1588 0.000224969 0
0.00742964 10 17.302 8.74457e-05 0
0.00742964 10 26.827 3.79326e-05 0
0.00742964 10 41.5956 1.95547e-05 0
0.00742964 10 64.4947 1.04542e-05 0
0.00742964 10 100 5.66817e-06 0
0.00742964 10 155.052 3.19891e-06 0
0.00742964 10 240.41 1.83391e-06 0
0.00742964 10 372.759 1.04558e-06 0
0.00742964 10 577.969 6.10091e-07 0
0.00742964 10 896.151 3.65677e-07 0
0.00742964 10 1389.5 2.17155e-07 0
0.00742964 10 2154.43 1.28621e-07 0
0.00742964 10 3340.48 7.69566e-08 0
0.00742964 10 5179.47 4.65853e-08 0
0.00742964 10 8030.86 2.84188e-08 0
0.00742964 10 12452 1.72641e-08 0
0.00742964 10 19307 1.04657e-08 0
0.00742964 10 29935.8 6.35963e-09 0
0.00742964 10 46415.9 3.872e-09 0
0.00742964 10 71968.6 2.36011e-09 0
0.00742964 10 111588 1.43382e-09 0
0.00742964 10 173020 8.56807e-10 0
0.00742964 10 268270 5.03373e-10 0
0.00742964 10 415956 2.85469e-10 0
0.00742964 10 644947 1.512e-10 0
0.00742964 10 1e+06 7.11861e-11 0

0.0181161 10 1e-06 0.595288 0
0.0181161 10 1.55052e-06 0.595287 0
0.0181161 10 2.4041e-06 0.595287 0
0.0181161 10 3.72759e-06 0.595287 0
0.0181161 10 5.77969e-06 0.595286 0
0.0181161 10 8.96151e-06 0.595285 0
0.0181161 10 1.3895e-05 0.595284 0
0.0181161 10 2.15443e-05 0.595281 0
0.0181161 10 3.34048e-05 0.595277 0
0.0181161 10 5.17947e-05 0.595272 0
0.0181161 10 8.03086e-05 0.595263 0
0.0181161 10 0.00012452 0.595249 0
0.0181161 10 0.00019307 0.595227 0
0.0181161 10 0.000299358 0.595194 0
0.0181161 10 0.000464159 0.595141 0
0.0181161 10 0.000719686 0.595061 0
0.0181161 10 0.00111588 0.594935 0
0.0181161 10 0.0017302 0.594739 0
0.0181161 10 0.0026827 0.594433 0
0.0181161 10 0.00415956 0.593953 0
0.0181161 10 0.00644947 0.593197 0
0.0181161 10 0.01 0.591996 0
0.0181161 10 0.0155052 0.590066 0
0.0181161 10 0.024041 0.586916 0
0.0181161 10 0.0372759 0.58168 0
0.0181161 10 0.0577969 0.572797 0
0.0181161 10 0.0896151 0.557467 0
0.0181161 10 0.13895 0.530871 0
0.0181161 10 0.215443 0.485564 0
0.0181161 10 0.334048 0.412701 0
0.0181161 10 0.517947 0.308526 0
0.0181161 10 0.803086 0.187206 0
0.0181161 10 1.2452 0.0843541 0
0.0181161 10 1.9307 0.0268545 0
0.0181161 10 2.99358 0.00655158 0
0.0181161 10 4.64159 0.00171087 0
0.0181161 10 7.19686 0.000511012 0
0.0181161 10 11.1588 0.000225331 0
0.0181161 10 17.302 8.76016e-05 0
0.0181161 10 26.827 3.79951e-05 0
0.0181161 10 41.5956 1.95789e-05 0
0.0181161 10 64.4947 1.04636e-05 0
0.0181161 10 100 5.6718e-06 0
0.0181161 10 155.052 3.20032e-06 0
0.0181161 10 240.41 1.83446e-06 0
0.0181161 10 372.759 1.04579e-06 0
0.0181161 10 577.969 6.10175e-07 0
0.0181161 10 896.151 3.6571e-07 0
0.0181161 10 1389.5 2.17168e-07 0
0.0181161 10 2154.43 1.28626e-07 0
0.0181161 10 3340.48 7.69586e-08 0
0.0181161 10 5179.47 4.65861e-08 0
0.0181161 10 8030.86 2.84191e-08 0
0.0181161 10 12452 1.72642e-08 0
0.0181161 10 19307 1.04658e-08 0
0.0181161 10 29935.8 6.35965e-09 0
0.0181161 10 46415.9 3.87201e-09 0
0.0181161 10 71968.6 2.36011e-09 0
0.0181161 10 111588 1.43382e-09 0
0.0181161 10 173020 8.56808e-10 0
0.0181161 10 268270 5.03373e-10 0
0.0181161 10 415956 2.85469e-10 0
0.0181161 10 644947 1.512e-10 0
0.0181161 10 1e+06 7.11861e-11 0

0.0441734 10 1e-06 0.599875 0
0.0441734 10 1.55052e-06 0.599875 0
0.0441734 10 2.4041e-06 0.599875 0
0.0441734 10 3.72759e-06 0.599874 0
0.0441734 10 5.77969e-06 0.599873 0
0.0441734 10 8.96151e-06 0.599872 0
0.0441734 10 1.3895e-05 0.599871 0
0.0441734 10 2.15443e-05 0.599868 0
0.0441734 10 3.34048e-05 0.599864 0
0.0441734 10 5.17947e-05 0.599858 0
0.0441734 10 8.03086e-05 0.599849 0
0.0441734 10 0.00012452 0.599834 0
0.0441734 10 0.00019307 0.599811 0
0.0441734 10 0.000299358 0.599776 0
0.0441734 10 0.000464159 0.59972 0
0.0441734 10 0.000719686 0.599635 0
0.0441734 10 0.00111588 0.599502 0
0.0441734 10 0.0017302 0.599295 0
0.0441734 10 0.0026827 0.598972 0
0.0441734 10 0.00415956 0.598466 0
0.0441734 10 0.00644947 0.597669 0
0.0441734 10 0.01 0.596406 0
0.0441734 10 0.0155052 0.594381 0
0.0441734 10 0.024041 0.59109 0
0.0441734 10 0.0372759 0.585646 0
0.0441734 10 0.0577969 0.576465 0
0.0441734 10 0.0896151 0.560728 0
0.0441734 10 0.13895 0.533609 0
0.0441734 10 0.215443 0.48769 0
0.0441734 10 0.334048 0.414201 0
0.0441734 10 0.517947 0.309481 0
0.0441734 10 0.803086 0.187751 0
0.0441734 10 1.2452 0.0846139 0
0.0441734 10 1.9307 0.0269444 0
0.0441734 10 2.99358 0.00657385 0
0.0441734 10 4.64159 0.00171633 0
0.0441734 10 7.19686 0.000513116 0
0.0441734 10 11.1588 0.0002262 0
0.0441734 10 17.302 8.79766e-05 0
0.0441734 10 26.827 3.81456e-05 0
0.0441734 10 41.5956 1.96373e-05 0
0.0441734 10 64.4947 1.04862e-05 0
0.0441734 10 100 5.68056e-06 0
0.0441734 10 155.052 3.20371e-06 0
0.0441734 10 240.41 1.83578e-06 0
0.0441734 10 372.759 1.04631e-06 0
0.0441734 10 577.969 6.10376e-07 0
0.0441734 10 896.151 3.65788e-07 0
0.0441734 10 1389.5 2.17199e-07 0
0.0441734 10 2154.43 1.28638e-07 0
0.0441734 10 3340.48 7.69634e-08 0
0.0441734 10 5179.47 4.6588e-08 0
0.0441734 10 8030.86 2.84199e-08 0
0.0441734 10 12452 1.72645e-08 0
0.0441734 10 19307 1.04659e-08 0
0.0441734 10 29935.8 6.3597e-09 0
0.0441734 10 46415.9 3.87203e-09 0
0.0441734 10 71968.6 2.36012e-09 0
0.0441734 10 111588 1.43383e-09 0
0.0441734 10 173020 8.56809e-10 0
0.0441734 10 268270 5.03374e-10 0
0.0441734 10 415956 2.85469e-10 0
0.0441734 10 644947 1.512e-10 0
0.0441734 10 1e+06 7.11861e-11 0

0.107711 10 1e-06 0.610422 0
0.107711 10 1.55052e-06 0.610422 0
0.107711 10 2.4041e-06 0.610421 0
0.107711 10 3.72759e-06 0.610421 0
0.107711 10 5.77969e-06 0.61042 0
0.107711 10 8.96151e-06 0.610419 0
0.107711 10 1.3895e-05 0.610417 0
0.107711 10 2.15443e-05 0.610414 0
0.107711 10 3.34048e-05 0.61041 0
0.107711 10 5.17947e-05 0.610403 0
0.107711 10 8.03086e-05 0.610392 0
0.107711 10 0.00012452 0.610376 0
0.107711 10 0.00019307 0.61035 0
0.107711 10 0.000299358 0.61031 0
0.107711 10 0.000464159 0.610247 0
0.107711 10 0.000719686 0.610151 0
0.107711 10 0.00111588 0.610001 0
0.107711 10 0.0017302 0.609768 0
0.107711 10 0.0026827 0.609404 0
0.107711 10 0.00415956 0.608835 0
0.107711 10 0.00644947 0.607943 0
0.107711 10 0.01 0.606533 0
0.107711 10 0.0155052 0.604285 0
0.107711 10 0.024041 0.600661 0
0.107711 10 0.0372759 0.594727 0
0.107711 10 0.0577969 0.584845 0
0.107711 10 0.0896151 0.56815 0
0.107711 10 0.13895 0.539805 0
0.107711 10 0.215443 0.492463 0
0.107711 10 0.334048 0.417532 0
0.107711 10 0.517947 0.311585 0
0.107711 10 0.803086 0.18896 0
0.107711 10 1.2452 0.0852055 0
0.107711 10 1.9307 0.0271564 0
0.107711 10 2.99358 0.00662798 0
0.107711 10 4.64159 0.00172975 0
0.107711 10 7.19686 0.000518257 0
0.107711 10 11.1588 0.000228318 0
0.107711 10 17.302 8.88899e-05 0
0.107711 10 26.827 3.85124e-05 0
0.107711 10 41.5956 1.97797e-05 0
0.107711 10 64.4947 1.05413e-05 0
0.107711 10 100 5.70196e-06 0
0.107711 10 155.052 3.21201e-06 0
0.107711 10 240.41 1.839e-06 0
0.107711 10 372.759 1.04757e-06 0
0.107711 10 577.969 6.1087e-07 0
0.107711 10 896.151 3.65981e-07 0
0.107711 10 1389.5 2.17275e-07 0
0.107711 10 2154.43 1.28668e-07 0
0.107711 10 3340.48 7.69752e-08 0
0.107711 10 5179.47 4.65926e-08 0
0.107711 10 8030.86 2.84217e-08 0
0.107711 10 12452 1.72652e-08 0
0.107711 10 19307 1.04662e-08 0
0.107711 10 29935.8 6.35982e-09 0
0.107711 10 46415.9 3.87207e-09 0
0.107711 10 71968.6 2.36014e-09 0
0.107711 10 111588 1.43383e-09 0
0.107711 10 173020 8.56812e-10 0
0.107711 10 268270 5.03375e-10 0
0.107711 10 415956 2.8547e-10 0
0.107711 10 644947 1.512e-10 0
0.107711 10 1e+06 7.11862e-11 0

0.262636 10 1e-06 0.632134 0
0.262636 10 1.55052e-06 0.632134 0
0.262636 10 2.4041e-06 0.632134 0
0.262636 10 3.72759e-06 0.632133 0
0.262636 10 5.77969e-06 0.632132 0
0.262636 10 8.96151e-06 0.63213 0
0.262636 10 1.3895e-05 0.632128 0
0.262636 10 2.15443e-05 0.632125 0
0.262636 10 3.34048e-05 0.632119 0
0.262636 10 5.17947e-05 0.63211 0
0.262636 10 8.03086e-05 0.632097 0
0.262636 10 0.00012452 0.632076 0
0.262636 10 0.00019307 0.632044 0
0.262636 10 0.000299358 0.631993 0
0.262636 10 0.000464159 0.631915 0
0.262636 10 0.000719686 0.631794 0
0.262636 10 0.00111588 0.631607 0
0.262636 10 0.0017302 0.631315 0
0.262636 10 0.0026827 0.630861 0
0.262636 10 0.00415956 0.630153 0
0.262636 10 0.00644947 0.629046 0
0.262636 10 0.01 0.627309 0
0.262636 10 0.0155052 0.624566 0
0.262636 10 0.024041 0.620201 0
0.262636 10 0.0372759 0.613178 0
0.262636 10 0.0577969 0.601747 0
0.262636 10 0.0896151 0.582942 0
0.262636 10 0.13895 0.55192 0
0.262636 10 0.215443 0.501524 0
0.262636 10 0.334048 0.423605 0
0.262636 10 0.517947 0.315279 0
0.262636 10 0.803086 0.191099 0
0.262636 10 1.2452 0.0863287 0
0.262636 10 1.9307 0.0275944 0
0.262636 10 2.99358 0.00674641 0
0.262636 10 4.64159 0.00176008 0
0.262636 10 7.19686 0.000530216 0
0.262636 10 11.1588 0.000233283 0
0.262636 10 17.302 9.1041e-05 0
0.262636 10 26.827 3.93789e-05 0
0.262636 10 41.5956 2.01165e-05 0
0.262636 10 64.4947 1.06718e-05 0
0.262636 10 100 5.75266e-06 0
0.262636 10 155.052 3.23167e-06 0
0.262636 10 240.41 1.84666e-06 0
0.262636 10 372.759 1.05056e-06 0
0.262636 10 577.969 6.12039e-07 0
0.262636 10 896.151 3.66439e-07 0
0.262636 10 1389.5 2.17455e-07 0
0.262636 10 2154.43 1.28739e-07 0
0.262636 10 3340.48 7.70032e-08 0
0.262636 10 5179.47 4.66037e-08 0
0.262636 10 8030.86 2.84261e-08 0
0.262636 10 12452 1.7267e-08 0
0.262636 10 19307 1.04669e-08 0
0.262636 10 29935.8 6.36009e-09 0
0.262636 10 46415.9 3.87218e-09 0
0.262636 10 71968.6 2.36018e-09 0
0.262636 10 111588 1.43385e-09 0
0.262636 10 173020 8.56819e-10 0
0.262636 10 268270 5.03378e-10 0
0.262636 10 415956 2.85471e-10 0
0.262636 10 644947 1.512e-10 0
0.262636 10 1e+06 7.11864e-11 0

0.6404 10 1e-06 0.66434 0
0.6404 10 1.55052e-06 0.664339 0
0.6404 10 2.4041e-06 0.664339 0
0.6404 10 3.72759e-06 0.664338 0
0.6404 10 5.77969e-06 0.664337 0
0.6404 10 8.96151e-06 0.664334 0
0.6404 10 1.3895e-05 0.664331 0
0.6404 10 2.15443e-05 0.664326 0
0.6404 10 3.34048e-05 0.664318 0
0.6404 10 5.17947e-05 0.664306 0
0.6404 10 8.03086e-05 0.664288 0
0.6404 10 0.00012452 0.664259 0
0.6404 10 0.00019307 0.664214 0
0.6404 10 0.000299358 0.664144 0
0.6404 10 0.000464159 0.664036 0
0.6404 10 0.000719686 0.663869 0
0.6404 10 0.00111588 0.663609 0
0.6404 10 0.0017302 0.663205 0
0.6404 10 0.0026827 0.662579 0
0.6404 10 0.00415956 0.661606 0
0.6404 10 0.00644947 0.660092 0
0.6404 10 0.01 0.657735 0
0.6404 10 0.0155052 0.654053 0
0.6404 10 0.024041 0.648286 0
0.6404 10 0.0372759 0.639216 0
0.6404 10 0.0577969 0.624892 0
0.6404 10 0.0896151 0.602206 0
0.6404 10 0.13895 0.566386 0
0.6404 10 0.215443 0.510783 0
0.6404 10 0.334048 0.428314 0
0.6404 10 0.517947 0.31727 0
0.6404 10 0.803086 0.192344 0
0.6404 10 1.2452 0.0874524 0
0.6404 10 1.9307 0.0282471 0
0.6404 10 2.99358 0.00696456 0
0.6404 10 4.64159 0.00182216 0
0.6404 10 7.19686 0.000556429 0
0.6404 10 11.1588 0.000244349 0
0.6404 10 17.302 9.58892e-05 0
0.6404 10 26.827 4.13455e-05 0
0.6404 10 41.5956 2.08841e-05 0
0.6404 10 64.4947 1.09702e-05 0
0.6404 10 100 5.86873e-06 0
0.6404 10 155.052 3.27675e-06 0
0.6404 10 240.41 1.86421e-06 0
0.6404 10 372.759 1.05742e-06 0
0.6404 10 577.969 6.14725e-07 0
0.6404 10 896.151 3.67491e-07 0
0.6404 10 1389.5 2.17868e-07 0
0.6404 10 2154.43 1.28902e-07 0
0.6404 10 3340.48 7.70675e-08 0
0.6404 10 5179.47 4.66291e-08 0
0.6404 10 8030.86 2.84362e-08 0
0.6404 10 12452 1.7271e-08 0
0.6404 10 19307 1.04685e-08 0
0.6404 10 29935.8 6.36073e-09 0
0.6404 10 46415.9 3.87244e-09 0
0.6404 10 71968.6 2.36028e-09 0
0.6404 10 111588 1.43389e-09 0
0.6404 10 173020 8.56835e-10 0
0.6404 10 268270 5.03384e-10 0
0.6404 10 415956 2.85473e-10 0
0.6404 10 644947 1.51201e-10 0
0.6404 10 1e+06 7.11868e-11 0

1.56152 10 1e-06 0.655451 0
1.56152 10 1.55052e-06 0.65545 0
1.56152 10 2.4041e-06 0.655449 0
1.56152 10 3.72759e-06 0.655448 0
1.56152 10 5.77969e-06 0.655447 0
1.56152 10 8.96151e-06 0.655444 0
1.56152 10 1.3895e-05 0.65544 0
1.56152 10 2.15443e-05 0.655433 0
1.56152 10 3.34048e-05 0.655423 0
1.56152 10 5.17947e-05 0.655407 0
1.56152 10 8.03086e-05 0.655383 0
1.56152 10 0.00012452 0.655345 0
1.56152 10 0.00019307 0.655286 0
1.56152 10 0.000299358 0.655195 0
1.56152 10 0.000464159 0.655053 0
1.56152 10 0.000719686 0.654834 0
1.56152 10 0.00111588 0.654494 0
1.56152 10 0.0017302 0.653967 0
1.56152 10 0.0026827 0.65315 0
1.56152 10 0.00415956 0.651885 0
1.56152 10 0.00644947 0.649923 0
1.56152 10 0.01 0.646886 0
1.56152 10 0.0155052 0.642187 0
1.56152 10 0.024041 0.634923 0
1.56152 10 0.0372759 0.623719 0
1.56152 10 0.0577969 0.606502 0
1.56152 10 0.0896151 0.580222 0
1.56152 10 0.13895 0.540611 0
1.56152 10 0.215443 0.482322 0
1.56152 10 0.334048 0.400429 0
1.56152 10 0.517947 0.295091 0
1.56152 10 0.803086 0.179849 0
1.56152 10 1.2452 0.0834674 0
1.56152 10 1.9307 0.0279118 0
1.56152 10 2.99358 0.00714019 0
1.56152 10 4.64159 0.00191371 0
1.56152 10 7.19686 0.000604869 0
1.56152 10 11.1588 0.000265812 0
1.56152 10 17.302 0.0001056 0
1.56152 10 26.827 4.53624e-05 0
1.56152 10 41.5956 2.24698e-05 0
1.56152 10 64.4947 1.1591e-05 0
1.56152 10 100 6.11148e-06 0
1.56152 10 155.052 3.37134e-06 0
1.56152 10 240.41 1.90113e-06 0
1.56152 10 372.759 1.07188e-06 0
1.56152 10 577.969 6.20389e-07 0
1.56152 10 896.151 3.6971e-07 0
1.56152 10 1389.5 2.18741e-07 0
1.56152 10 2154.43 1.29246e-07 0
1.56152 10 3340.48 7.72034e-08 0
1.56152 10 5179.47 4.66828e-08 0
1.56152 10 8030.86 2.84574e-08 0
1.56152 10 12452 1.72794e-08 0
1.56152 10 19307 1.04718e-08 0
1.56152 10 29935.8 6.36207e-09 0
1.56152 10 46415.9 3.87297e-09 0
1.56152 10 71968.6 2.36049e-09 0
1.56152 10 111588 1.43398e-09 0
1.56152 10 173020 8.56869e-10 0
1.56152 10 268270 5.03398e-10 0
1.56152 10 415956 2.85479e-10 0
1.56152 10 644947 1.51204e-10 0
1.56152 10 1e+06 7.11877e-11 0

3.80755 10 1e-06 0.441601 0
3.80755 10 1.55052e-06 0.441601 0
3.80755 10 2.4041e-06 0.4416 0
3.80755 10 3.72759e-06 0.441599 0
3.80755 10 5.77969e-06 0.441598 0
3.80755 10 8.96151e-06 0.441596 0
3.80755 10 1.3895e-05 0.441592 0
3.80755 10 2.15443e-05 0.441587 0
3.80755 10 3.34048e-05 0.441579 0
3.80755 10 5.17947e-05 0.441566 0
3.80755 10 8.03086e-05 0.441547 0
3.80755 10 0.00012452 0.441517 0
3.80755 10 0.00019307 0.441469 0
3.80755 10 0.000299358 0.441397 0
3.80755 10 0.000464159 0.441284 0
3.80755 10 0.000719686 0.441108 0
3.80755 10 0.00111588 0.440837 0
3.80755 10 0.0017302 0.440416 0
3.80755 10 0.0026827 0.439765 0
3.80755 10 0.00415956 0.438756 0
3.80755 10 0.00644947 0.437198 0
3.80755 10 0.01 0.434791 0
3.80755 10 0.0155052 0.431086 0
3.80755 10 0.024041 0.425402 0
3.80755 10 0.0372759 0.416733 0
3.80755 10 0.0577969 0.403627 0
3.80755 10 0.0896151 0.38408 0
3.80755 10 0.13895 0.355524 0
3.80755 10 0.215443 0.315112 0
3.80755 10 0.334048 0.260706 0
3.80755 10 0.517947 0.193271 0
3.80755 10 0.803086 0.120787 0
3.80755 10 1.2452 0.0592754 0
3.80755 10 1.9307 0.0217943 0
3.80755 10 2.99358 0.00632931 0
3.80755 10 4.64159 0.00189927 0
3.80755 10 7.19686 0.000655254 0
3.80755 10 11.1588 0.000293338 0
3.80755 10 17.302 0.000119702 0
3.80755 10 26.827 5.15984e-05 0
3.80755 10 41.5956 2.50236e-05 0
3.80755 10 64.4947 1.26146e-05 0
3.80755 10 100 6.5182e-06 0
3.80755 10 155.052 3.53144e-06 0
3.80755 10 240.41 1.96407e-06 0
3.80755 10 372.759 1.09667e-06 0
3.80755 10 577.969 6.30132e-07 0
3.80755 10 896.151 3.73537e-07 0
3.80755 10 1389.5 2.2025e-07 0
3.80755 10 2154.43 1.29842e-07 0
3.80755 10 3340.48 7.74389e-08 0
3.80755 10 5179.47 4.6776e-08 0
3.80755 10 8030.86 2.84944e-08 0
3.80755 10 12452 1.72941e-08 0
3.80755 10 19307 1.04777e-08 0
3.80755 10 29935.8 6.3644e-09 0
3.80755 10 46415.9 3.8739e-09 0
3.80755 10 71968.6 2.36087e-09 0
3.80755 10 111588 1.43413e-09 0
3.80755 10 173020 8.56929e-10 0
3.80755 10 268270 5.03422e-10 0
3.80755 10 415956 2.85488e-10 0
3.80755 10 644947 1.51207e-10 0
3.80755 10 1e+06 7.11893e-11 0

9.28415 10 1e-06 0.103273 0
9.28415 10 1.55052e-06 0.103273 0
9.28415 10 2.4041e-06 0.103273 0
9.28415 10 3.72759e-06 0.103273 0
9.28415 10 5.77969e-06 0.103272 0
9.28415 10 8.96151e-06 0.103272 0
9.28415 10 1.3895e-05 0.103271 0
9.28415 10 2.15443e-05 0.10327 0
9.28415 10 3.34048e-05 0.103268 0
9.28415 10 5.17947e-05 0.103265 0
9.28415 10 8.03086e-05 0.103261 0
9.28415 10 0.00012452 0.103254 0
9.28415 10 0.00019307 0.103244 0
9.28415 10 0.000299358 0.103228 0
9.28415 10 0.000464159 0.103204 0
9.28415 10 0.000719686 0.103165 0
9.28415 10 0.00111588 0.103106 0
9.28415 10 0.0017302 0.103014 0
9.28415 10 0.0026827 0.102872 0
9.28415 10 0.00415956 0.102652 0
9.28415 10 0.00644947 0.102311 0
9.28415 10 0.01 0.101787 0
9.28415 10 0.0155052 0.10098 0
9.28415 10 0.024041 0.0997441 0
9.28415 10 0.0372759 0.0978645 0
9.28415 10 0.0577969 0.0950338 0
9.28415 10 0.0896151 0.0908333 0
9.28415 10 0.13895 0.0847331 0
9.28415 10 0.215443 0.0761425 0
9.28415 10 0.334048 0.0645696 0
9.28415 10 0.517947 0.0500124 0
9.28415 10 0.803086 0.0337419 0
9.28415 10 1.2452 0.0189037 0
9.28415 10 1.9307 0.00870286 0
9.28415 10 2.99358 0.00353966 0
9.28415 10 4.64159 0.00146451 0
9.28415 10 7.19686 0.000613202 0
9.28415 10 11.1588 0.000295396 0
9.28415 10 17.302 0.000128223 0
9.28415 10 26.827 5.70354e-05 0
9.28415 10 41.5956 2.76327e-05 0
9.28415 10 64.4947 1.37623e-05 0
9.28415 10 100 7.00201e-06 0
9.28415 10 155.052 3.72901e-06 0
9.28415 10 240.41 2.0437e-06 0
9.28415 10 372.759 1.1286e-06 0
9.28415 10 577.969 6.42834e-07 0
9.28415 10 896.151 3.78564e-07 0
9.28415 10 1389.5 2.22245e-07 0
9.28415 10 2154.43 1.30635e-07 0
9.28415 10 3340.48 7.77533e-08 0
9.28415 10 5179.47 4.69007e-08 0
9.28415 10 8030.86 2.8544e-08 0
9.28415 10 12452 1.73139e-08 0
9.28415 10 19307 1.04856e-08 0
9.28415 10 29935.8 6.36755e-09 0
9.28415 10 46415.9 3.87516e-09 0
9.28415 10 71968.6 2.36137e-09 0
9.28415 10 111588 1.43433e-09 0
9.28415 10 173020 8.5701e-10 0
9.28415 10 268270 5.03454e-10 0
9.28415 10 415956 2.85501e-10 0
9.28415 10 644947 1.51213e-10 0
9.28415 10 1e+06 7.11914e-11 0

22.638 10 1e-06 0.0060476 0
22.638 10 1.55052e-06 0.00604759 0
22.638 10 2.4041e-06 0.00604759 0
22.638 10 3.72759e-06 0.00604758 0
22.638 10 5.77969e-06 0.00604757 0
22.638 10 8.96151e-06 0.00604756 0
22.638 10 1.3895e-05 0.00604753 0
22.638 10 2.15443e-05 0.0060475 0
22.638 10 3.34048e-05 0.00604744 0
22.638 10 5.17947e-05 0.00604735 0
22.638 10 8.03086e-05 0.00604722 0
22.638 10 0.00012452 0.00604701 0
22.638 10 0.00019307 0.00604668 0
22.638 10 0.000299358 0.00604618 0
22.638 10 0.000464159 0.00604539 0
22.638 10 0.000719686 0.00604418 0
22.638 10 0.00111588 0.0060423 0
22.638 10 0.0017302 0.00603938 0
22.638 10 0.0026827 0.00603487 0
22.638 10 0.00415956 0.00602788 0
22.638 10 0.00644947 0.00601708 0
22.638 10 0.01 0.00600042 0
22.638 10 0.0155052 0.00597478 0
22.638 10 0.024041 0.00593547 0
22.638 10 0.0372759 0.00587554 0
22.638 10 0.0577969 0.00578492 0
22.638 10 0.0896151 0.00564934 0
22.638 10 0.13895 0.00544918 0
22.638 10 0.215443 0.00515778 0
22.638 10 0.334048 0.00473957 0
22.638 10 0.517947 0.00415439 0
22.638 10 0.803086 0.00339495 0
22.638 10 1.2452 0.00256212 0
22.638 10 1.9307 0.00181087 0
22.638 10 2.99358 0.00121379 0
22.638 10 4.64159 0.000744928 0
22.638 10 7.19686 0.000396681 0
22.638 10 11.1588 0.00022304 0
22.638 10 17.302 0.000109677 0
22.638 10 26.827 5.31765e-05 0
22.638 10 41.5956 2.7123e-05 0
22.638 10 64.4947 1.38799e-05 0
22.638 10 100 7.14557e-06 0
22.638 10 155.052 3.81173e-06 0
22.638 10 240.41 2.08378e-06 0
22.638 10 372.759 1.14671e-06 0
22.638 10 577.969 6.50571e-07 0
22.638 10 896.151 3.81762e-07 0
22.638 10 1389.5 2.23564e-07 0
22.638 10 2154.43 1.31174e-07 0
22.638 10 3340.48 7.79715e-08 0
22.638 10 5179.47 4.69886e-08 0
22.638 10 8030.86 2.85794e-08 0
22.638 10 12452 1.73282e-08 0
22.638 10 19307 1.04914e-08 0
22.638 10 29935.8 6.36989e-09 0
22.638 10 46415.9 3.8761e-09 0
22.638 10 71968.6 2.36175e-09 0
22.638 10 111588 1.43448e-09 0
22.638 10 173020 8.57072e-10 0
22.638 10 268270 5.03479e-10 0
22.638 10 415956 2.85511e-10 0
22.638 10 644947 1.51217e-10 0
22.638 10 1e+06 7.11931e-11 0

55.1995 10 1e-06 0.000625664 0
55.1995 10 1.55052e-06 0.000625664 0
55.1995 10 2.4041e-06 0.000625663 0
55.1995 10 3.72759e-06 0.000625663 0
55.1995 10 5.77969e-06 0.000625663 0
55.1995 10 8.96151e-06 0.000625663 0
55.1995 10 1.3895e-05 0.000625662 0
55.1995 10 2.15443e-05 0.000625661 0
55.1995 10 3.34048e-05 0.00062566 0
55.1995 10 5.17947e-05 0.000625657 0
55.1995 10 8.03086e-05 0.000625654 0
55.1995 10 0.00012452 0.000625648 0
55.1995 10 0.00019307 0.00062564 0
55.1995 10 0.000299358 0.000625627 0
55.1995 10 0.000464159 0.000625607 0
55.1995 10 0.000719686 0.000625575 0
55.1995 10 0.00111588 0.000625527 0
55.1995 10 0.0017302 0.000625451 0
55.1995 10 0.0026827 0.000625335 0
55.1995 10 0.00415956 0.000625155 0
55.1995 10 0.00644947 0.000624878 0
55.1995 10 0.01 0.000624452 0
55.1995 10 0.0155052 0.000623799 0
55.1995 10 0.024041 0.000622807 0
55.1995 10 0.0372759 0.00062131 0
55.1995 10 0.0577969 0.000619073 0
55.1995 10 0.0896151 0.000615756 0
55.1995 10 0.13895 0.000610811 0
55.1995 10 0.215443 0.000603158 0
55.1995 10 0.334048 0.000590345 0
55.1995 10 0.517947 0.000567465 0
55.1995 10 0.803086 0.000528968 0
55.1995 10 1.2452 0.000476457 0
55.1995 10 1.9307 0.000416225 0
55.1995 10 2.99358 0.00035199 0
55.1995 10 4.64159 0.0002709 0
55.1995 10 7.19686 0.000182287 0
55.1995 10 11.1588 0.000125704 0
55.1995 10 17.302 7.57867e-05 0
55.1995 10 26.827 4.29646e-05 0
55.1995 10 41.5956 2.44833e-05 0
55.1995 10 64.4947 1.34614e-05 0
55.1995 10 100 7.21882e-06 0
55.1995 10 155.052 3.91573e-06 0
55.1995 10 240.41 2.14815e-06 0
55.1995 10 372.759 1.17946e-06 0
55.1995 10 577.969 6.65493e-07 0
55.1995 10 896.151 3.88161e-07 0
55.1995 10 1389.5 2.26269e-07 0
55.1995 10 2154.43 1.323e-07 0
55.1995 10 3340.48 7.84318e-08 0
55.1995 10 5179.47 4.71752e-08 0
55.1995 10 8030.86 2.8655e-08 0
55.1995 10 12452 1.7359e-08 0
55.1995 10 19307 1.05039e-08 0
55.1995 10 29935.8 6.37494e-09 0
55.1995 10 46415.9 3.87815e-09 0
55.1995 10 71968.6 2.36257e-09 0
55.1995 10 111588 1.43481e-09 0
55.1995 10 173020 8.57206e-10 0
55.1995 10 268270 5.03533e-10 0
55.1995 10 415956 2.85533e-10 0
55.1995 10 644947 1.51226e-10 0
55.1995 10 1e+06 7.11969e-11 0

134.596 10 1e-06 8.7442e-05 0
134.596 10 1.55052e-06 8.7442e-05 0
134.596 10 2.4041e-06 8.74419e-05 0
134.596 10 3.72759e-06 8.74419e-05 0
134.596 10 5.77969e-06 8.74419e-05 0
134.596 10 8.96151e-06 8.74419e-05 0
134.596 10 1.3895e-05 8.74419e-05 0
134.596 10 2.15443e-05 8.74418e-05 0
134.596 10 3.34048e-05 8.74418e-05 0
134.596 10 5.17947e-05 8.74417e-05 0
134.596 10 8.03086e-05 8.74415e-05 0
134.596 10 0.00012452 8.74413e-05 0
134.596 10 0.00019307 8.74409e-05 0
134.596 10 0.000299358 8.74404e-05 0
134.596 10 0.000464159 8.74395e-05 0
134.596 10 0.000719686 8.74382e-05 0
134.596 10 0.00111588 8.74361e-05 0
134.596 10 0.0017302 8.74329e-05 0
134.596 10 0.0026827 8.74279e-05 0
134.596 10 0.00415956 8.74203e-05 0
134.596 10 0.00644947 8.74086e-05 0
134.596 10 0.01 8.73909e-05 0
134.596 10 0.0155052 8.73644e-05 0
134.596 10 0.024041 8.73252e-05 0
134.596 10 0.0372759 8.72687e-05 0
134.596 10 0.0577969 8.71894e-05 0
134.596 10 0.0896151 8.70806e-05 0
134.596 10 0.13895 8.69263e-05 0
134.596 10 0.215443 8.66672e-05 0
134.596 10 0.334048 8.61001e-05 0
134.596 10 0.517947 8.47309e-05 0
134.596 10 0.803086 8.19399e-05 0
134.596 10 1.2452 7.78739e-05 0
134.596 10 1.9307 7.32925e-05 0
134.596 10 2.99358 6.87351e-05 0
134.596 10 4.64159 6.0271e-05 0
134.596 10 7.19686 4.80349e-05 0
134.596 10 11.1588 3.93418e-05 0
134.596 10 17.302 2.92457e-05 0
134.596 10 26.827 2.00993e-05 0
134.596 10 41.5956 1.37593e-05 0
134.596 10 64.4947 8.86433e-06 0
134.596 10 100 5.39338e-06 0
134.596 10 155.052 3.21784e-06 0
134.596 10 240.41 1.889e-06 0
134.596 10 372.759 1.08536e-06 0
134.596 10 577.969 6.3109e-07 0
134.596 10 896.151 3.75386e-07 0
134.596 10 1389.5 2.21559e-07 0
134.596 10 2154.43 1.30556e-07 0
134.596 10 3340.48 7.77759e-08 0
134.596 10 5179.47 4.69261e-08 0
134.596 10 8030.86 2.85602e-08 0
134.596 10 12452 1.73231e-08 0
134.596 10 19307 1.04902e-08 0
134.596 10 29935.8 6.36973e-09 0
134.596 10 46415.9 3.87614e-09 0
134.596 10 71968.6 2.3618e-09 0
134.596 10 111588 1.43451e-09 0
134.596 10 173020 8.57088e-10 0
134.596 10 268270 5.03488e-10 0
134.596 10 415956 2.85516e-10 0
134.596 10 644947 1.51219e-10 0
134.596 10 1e+06 7.11945e-11 0

328.193 10 1e-06 1.47824e-05 0
328.193 10 1.55052e-06 1.47824e-05 0
328.193 10 2.4041e-06 1.47824e-05 0
328.193 10 3.72759e-06 1.47824e-05 0
328.193 10 5.77969e-06 1.47824e-05 0
328.193 10 8.96151e-06 1.47824e-05 0
328.193 10 1.3895e-05 1.47824e-05 0
328.193 10 2.15443e-05 1.47824e-05 0
328.193 10 3.34048e-05 1.47824e-05 0
328.193 10 5.17947e-05 1.47824e-05 0
328.193 10 8.03086e-05 1.47824e-05 0
328.193 10 0.00012452 1.47824e-05 0
328.193 10 0.00019307 1.47824e-05 0
328.193 10 0.000299358 1.47824e-05 0
328.193 10 0.000464159 1.47823e-05 0
328.193 10 0.000719686 1.47823e-05 0
328.193 10 0.00111588 1.47822e-05 0
328.193 10 0.0017302 1.47821e-05 0
328.193 10 0.0026827 1.47819e-05 0
328.193 10 0.00415956 1.47816e-05 0
328.193 10 0.00644947 1.47811e-05 0
328.193 10 0.01 1.47805e-05 0
328.193 10 0.0155052 1.47797e-05 0
328.193 10 0.024041 1.47786e-05 0
328.193 10 0.0372759 1.47774e-05 0
328.193 10 0.0577969 1.47766e-05 0
328.193 10 0.0896151 1.47771e-05 0
328.193 10 0.13895 1.47795e-05 0
328.193 10 0.215443 1.47802e-05 0
328.193 10 0.334048 1.47592e-05 0
328.193 10 0.517947 1.46616e-05 0
328.193 10 0.803086 1.44164e-05 0
328.193 10 1.2452 1.40491e-05 0
328.193 10 1.9307 1.3678e-05 0
328.193 10 2.99358 1.34113e-05 0
328.193 10 4.64159 1.26041e-05 0
328.193 10 7.19686 1.11727e-05 0
328.193 10 11.1588 1.01799e-05 0
328.193 10 17.302 8.82237e-06 0
328.193 10 26.827 7.1689e-06 0
328.193 10 41.5956 5.8307e-06 0
328.193 10 64.4947 4.48238e-06 0
328.193 10 100 3.22265e-06 0
328.193 10 155.052 2.22151e-06 0
328.193 10 240.41 1.46369e-06 0
328.193 10 372.759 9.15349e-07 0
328.193 10 577.969 5.64812e-07 0
328.193 10 896.151 3.49716e-07 0
328.193 10 1389.5 2.11869e-07 0
328.193 10 2154.43 1.26926e-07 0
328.193 10 3340.48 7.64028e-08 0
328.193 10 5179.47 4.64035e-08 0
328.193 10 8030.86 2.83616e-08 0
328.193 10 12452 1.72482e-08 0
328.193 10 19307 1.0462e-08 0
328.193 10 29935.8 6.35897e-09 0
328.193 10 46415.9 3.87201e-09 0
328.193 10 71968.6 2.36021e-09 0
328.193 10 111588 1.4339e-09 0
328.193 10 173020 8.56851e-10 0
328.193 10 268270 5.03396e-10 0
328.193 10 415956 2.8548e-10 0
328.193 10 644947 1.51206e-10 0
328.193 10 1e+06 7.11899e-11 0

800.25 10 1e-06 3.58048e-06 0
800.25 10 1.55052e-06 3.58048e-06 0
800.25 10 2.4041e-06 3.58048e-06 0
800.25 10 3.72759e-06 3.58048e-06 0
800.25 10 5.77969e-06 3.58048e-06 0
800.25 10 8.96151e-06 3.58048e-06 0
800.25 10 1.3895e-05 3.58048e-06 0
800.25 10 2.15443e-05 3.58048e-06 0
800.25 10 3.34048e-05 3.58048e-06 0
800.25 10 5.17947e-05 3.58048e-06 0
800.25 10 8.03086e-05 3.58048e-06 0
800.25 10 0.00012452 3.58048e-06 0
800.25 10 0.00019307 3.58048e-06 0
800.25 10 0.000299358 3.58048e-06 0
800.25 10 0.000464159 3.58047e-06 0
800.25 10 0.000719686 3.58047e-06 0
800.25 10 0.00111588 3.58047e-06 0
800.25 10 0.0017302 3.58046e-06 0
800.25 10 0.0026827 3.58045e-06 0
800.25 10 0.00415956 3.58044e-06 0
800.25 10 0.00644947 3.58043e-06 0
800.25 10 0.01 3.58041e-06 0
800.25 10 0.0155052 3.5804e-06 0
800.25 10 0.024041 3.58041e-06 0
800.25 10 0.0372759 3.58051e-06 0
800.25 10 0.0577969 3.58079e-06 0
800.25 10 0.0896151 3.58147e-06 0
800.25 10 0.13895 3.58275e-06 0
800.25 10 0.215443 3.58431e-06 0
800.25 10 0.334048 3.58361e-06 0
800.25 10 0.517947 3.57331e-06 0
800.25 10 0.803086 3.54386e-06 0
800.25 10 1.2452 3.49927e-06 0
800.25 10 1.9307 3.45769e-06 0
800.25 10 2.99358 3.43737e-06 0
800.25 10 4.64159 3.34048e-06 0
800.25 10 7.19686 3.14913e-06 0
800.25 10 11.1588 3.02034e-06 0
800.25 10 17.302 2.83486e-06 0
800.25 10 26.827 2.5611e-06 0
800.25 10 41.5956 2.31706e-06 0
800.25 10 64.4947 2.02128e-06 0
800.25 10 100 1.6746e-06 0
800.25 10 155.052 1.32758e-06 0
800.25 10 240.41 9.95455e-07 0
800.25 10 372.759 6.95628e-07 0
800.25 10 577.969 4.68074e-07 0
800.25 10 896.151 3.08693e-07 0
800.25 10 1389.5 1.9549e-07 0
800.25 10 2154.43 1.20599e-07 0
800.25 10 3340.48 7.39686e-08 0
800.25 10 5179.47 4.54701e-08 0
800.25 10 8030.86 2.8007e-08 0
800.25 10 12452 1.71159e-08 0
800.25 10 19307 1.04128e-08 0
800.25 10 29935.8 6.34049e-09 0
800.25 10 46415.9 3.86504e-09 0
800.25 10 71968.6 2.35757e-09 0
800.25 10 111588 1.43289e-09 0
800.25 10 173020 8.56467e-10 0
800.25 10 268270 5.03249e-10 0
800.25 10 415956 2.85425e-10 0
800.25 10 644947 1.51186e-10 0
800.25 10 1e+06 7.11837e-11 0

1951.29 10 1e-06 1.02916e-06 0
1951.29 10 1.55052e-06 1.02916e-06 0
1951.29 10 2.4041e-06 1.02916e-06 0
1951.29 10 3.72759e-06 1.02916e-06 0
1951.29 10 5.77969e-06 1.02916e-06 0
1951.29 10 8.96151e-06 1.02916e-06 0
1951.29 10 1.3895e-05 1.02916e-06 0
1951.29 10 2.15443e-05 1.02916e-06 0
1951.29 10 3.34048e-05 1.02916e-06 0
1951.29 10 5.17947e-05 1.02916e-06 0
1951.29 10 8.03086e-05 1.02916e-06 0
1951.29 10 0.00012452 1.02916e-06 0
1951.29 10 0.00019307 1.02916e-06 0
1951.29 10 0.000299358 1.02916e-06 0
1951.29 10 0.000464159 1.02916e-06 0
1951.29 10 0.000719686 1.02916e-06 0
1951.29 10 0.00111588 1.02916e-06 0
1951.29 10 0.0017302 1.02916e-06 0
1951.29 10 0.0026827 1.02916e-06 0
1951.29 10 0.00415956 1.02916e-06 0
1951.29 10 0.00644947 1.02916e-06 0
1951.29 10 0.01 1.02916e-06 0
1951.29 10 0.0155052 1.02916e-06 0
1951.29 10 0.024041 1.02918e-06 0
1951.29 10 0.0372759 1.02921e-06 0
1951.29 10 0.0577969 1.02928e-06 0
1951.29 10 0.0896151 1.02942e-06 0
1951.29 10 0.13895 1.02967e-06 0
1951.29 10 0.215443 1.03e-06 0
1951.29 10 0.334048 1.03004e-06 0
1951.29 10 0.517947 1.02874e-06 0
1951.29 10 0.803086 1.0247e-06 0
1951.29 10 1.2452 1.01855e-06 0
1951.29 10 1.9307 1.01312e-06 0
1951.29 10 2.99358 1.01135e-06 0
1951.29 10 4.64159 9.98321e-07 0
1951.29 10 7.19686 9.71069e-07 0
1951.29 10 11.1588 9.53502e-07 0
1951.29 10 17.302 9.27839e-07 0
1951.29 10 26.827 8.85741e-07 0
1951.29 10 41.5956 8.46877e-07 0
1951.29 10 64.4947 7.94499e-07 0
1951.29 10 100 7.23254e-07 0
1951.29 10 155.052 6.38756e-07 0
1951.29 10 240.41 5.40046e-07 0
1951.29 10 372.759 4.28892e-07 0
1951.29 10 577.969 3.25099e-07 0
1951.29 10 896.151 2.37073e-07 0
1951.29 10 1389.5 1.62813e-07 0
1951.29 10 2154.43 1.06654e-07 0
1951.29 10 3340.48 6.82128e-08 0
1951.29 10 5179.47 4.31498e-08 0
1951.29 10 8030.86 2.7093e-08 0
1951.29 10 12452 1.67652e-08 0
1951.29 10 19307 1.02795e-08 0
1951.29 10 29935.8 6.28967e-09 0
1951.29 10 46415.9 3.84561e-09 0
1951.29 10 71968.6 2.35013e-09 0
1951.29 10 111588 1.43002e-09 0
1951.29 10 173020 8.55369e-10 0
1951.29 10 268270 5.02827e-10 0
1951.29 10 415956 2.85263e-10 0
1951.29 10 644947 1.51126e-10 0
1951.29 10 1e+06 7.11644e-11 0

4757.94 10 1e-06 3.40452e-07 0
4757.94 10 1.55052e-06 3.40452e-07 0
4757.94 10 2.4041e-06 3.40452e-07 0
4757.94 10 3.72759e-06 3.40452e-07 0
4757.94 10 5.77969e-06 3.40452e-07 0
4757.94 10 8.96151e-06 3.40452e-07 0
4757.94 10 1.3895e-05 3.40452e-07 0
4757.94 10 2.15443e-05 3.40452e-07 0
4757.94 10 3.34048e-05 3.40452e-07 0
4757.94 10 5.17947e-05 3.40452e-07 0
4757.94 10 8.03086e-05 3.40452e-07 0
4757.94 10 0.00012452 3.40452e-07 0
4757.94 10 0.00019307 3.40452e-07 0
4757.94 10 0.000299358 3.40452e-07 0
4757.94 10 0.000464159 3.40452e-07 0
4757.94 10 0.000719686 3.40452e-07 0
4757.94 10 0.00111588 3.40452e-07 0
4757.94 10 0.0017302 3.40452e-07 0
4757.94 10 0.0026827 3.40452e-07 0
4757.94 10 0.00415956 3.40452e-07 0
4757.94 10 0.00644947 3.40452e-07 0
4757.94 10 0.01 3.40453e-07 0
4757.94 10 0.0155052 3.40454e-07 0
4757.94 10 0.024041 3.40457e-07 0
4757.94 10 0.0372759 3.40463e-07 0
4757.94 10 0.0577969 3.40475e-07 0
4757.94 10 0.0896151 3.40499e-07 0
4757.94 10 0.13895 3.40543e-07 0
4757.94 10 0.215443 3.40599e-07 0
4757.94 10 0.334048 3.40616e-07 0
4757.94 10 0.517947 3.4043e-07 0
4757.94 10 0.803086 3.39828e-07 0
4757.94 10 1.2452 3.38912e-07 0
4757.94 10 1.9307 3.38126e-07 0
4757.94 10 2.99358 3.37936e-07 0
4757.94 10 4.64159 3.36025e-07 0
4757.94 10 7.19686 3.31918e-07 0
4757.94 10 11.1588 3.29343e-07 0
4757.94 10 17.302 3.25573e-07 0
4757.94 10 26.827 3.19068e-07 0
4757.94 10 41.5956 3.13006e-07 0
4757.94 10 64.4947 3.04407e-07 0
4757.94 10 100 2.91735e-07 0
4757.94 10 155.052 2.75115e-07 0
4757.94 10 240.41 2.52879e-07 0
4757.94 10 372.759 2.23119e-07 0
4757.94 10 577.969 1.89336e-07 0
4757.94 10 896.151 1.54055e-07 0
4757.94 10 1389.5 1.17554e-07 0
4757.94 10 2154.43 8.4355e-08 0
4757.94 10 3340.48 5.79551e-08 0
4757.94 10 5179.47 3.8672e-08 0
4757.94 10 8030.86 2.52258e-08 0
4757.94 10 12452 1.60215e-08 0
4757.94 10 19307 9.99059e-09 0
4757.94 10 29935.8 6.17815e-09 0
4757.94 10 46415.9 3.80271e-09 0
4757.94 10 71968.6 2.33366e-09 0
4757.94 10 111588 1.42368e-09 0
4757.94 10 173020 8.5294e-10 0
4757.94 10 268270 5.01895e-10 0
4757.94 10 415956 2.84908e-10 0
4757.94 10 644947 1.50997e-10 0
4757.94 10 1e+06 7.11235e-11 0

11601.6 10 1e-06 1.13304e-07 0
11601.6 10 1.55052e-06 1.13304e-07 0
11601.6 10 2.4041e-06 1.13304e-07 0
11601.6 10 3.72759e-06 1.13304e-07 0
11601.6 10 5.77969e-06 1.13304e-07 0
11601.6 10 8.96151e-06 1.13304e-07 0
11601.6 10 1.3895e-05 1.13304e-07 0
11601.6 10 2.15443e-05 1.13304e-07 0
11601.6 10 3.34048e-05 1.13304e-07 0
11601.6 10 5.17947e-05 1.13304e-07 0
11601.6 10 8.03086e-05 1.13304e-07 0
11601.6 10 0.00012452 1.13304e-07 0
11601.6 10 0.00019307 1.13304e-07 0
11601.6 10 0.000299358 1.13304e-07 0
11601.6 10 0.000464159 1.13304e-07 0
11601.6 10 0.000719686 1.13304e-07 0
11601.6 10 0.00111588 1.13304e-07 0
11601.6 10 0.0017302 1.13304e-07 0
11601.6 10 0.0026827 1.13304e-07 0
11601.6 10 0.00415956 1.13304e-07 0
11601.6 10 0.00644947 1.13304e-07 0
11601.6 10 0.01 1.13304e-07 0
11601.6 10 0.0155052 1.13305e-07 0
11601.6 10 0.024041 1.13305e-07 0
11601.6 10 0.0372759 1.13306e-07 0
11601.6 10 0.0577969 1.13308e-07 0
11601.6 10 0.0896151 1.13312e-07 0
11601.6 10 0.13895 1.1332e-07 0
11601.6 10 0.215443 1.13329e-07 0
11601.6 10 0.334048 1.13333e-07 0
11601.6 10 0.517947 1.13305e-07 0
11601.6 10 0.803086 1.13214e-07 0
11601.6 10 1.2452 1.13074e-07 0
11601.6 10 1.9307 1.12956e-07 0
11601.6 10 2.99358 1.12937e-07 0
11601.6 10 4.64159 1.1265e-07 0
11601.6 10 7.19686 1.12022e-07 0
11601.6 10 11.1588 1.11644e-07 0
11601.6 10 17.302 1.11091e-07 0
11601.6 10 26.827 1.10109e-07 0
11601.6 10 41.5956 1.09216e-07 0
11601.6 10 64.4947 1.07923e-07 0
11601.6 10 100 1.05943e-07 0
11601.6 10 155.052 1.03232e-07 0
11601.6 10 240.41 9.93356e-08 0
11601.6 10 372.759 9.35445e-08 0
11601.6 10 577.969 8.60765e-08 0
11601.6 10 896.151 7.69536e-08 0
11601.6 10 1389.5 6.55841e-08 0
11601.6 10 2154.43 5.28997e-08 0
11601.6 10 3340.48 4.05848e-08 0
11601.6 10 5179.47 2.98139e-08 0
11601.6 10 8030.86 2.10264e-08 0
11601.6 10 12452 1.41695e-08 0
11601.6 10 19307 9.21404e-09 0
11601.6 10 29935.8 5.86149e-09 0
11601.6 10 46415.9 3.67593e-09 0
11601.6 10 71968.6 2.28351e-09 0
11601.6 10 111588 1.40393e-09 0
11601.6 10 173020 8.45229e-10 0
11601.6 10 268270 4.98887e-10 0
11601.6 10 415956 2.83744e-10 0
11601.6 10 644947 1.5056e-10 0
11601.6 10 1e+06 7.09747e-11 0

28288.7 10 1e-06 4.01724e-08 0
28288.7 10 1.55052e-06 4.01724e-08 0
28288.7 10 2.4041e-06 4.01724e-08 0
28288.7 10 3.72759e-06 4.01724e-08 0
28288.7 10 5.77969e-06 4.01724e-08 0
28288.7 10 8.96151e-06 4.01724e-08 0
28288.7 10 1.3895e-05 4.01724e-08 0
28288.7 10 2.15443e-05 4.01724e-08 0
28288.7 10 3.34048e-05 4.01724e-08 0
28288.7 10 5.17947e-05 4.01724e-08 0
28288.7 10 8.03086e-05 4.01724e-08 0
28288.7 10 0.00012452 4.01724e-08 0
28288.7 10 0.00019307 4.01724e-08 0
28288.7 10 0.000299358 4.01724e-08 0
28288.7 10 0.000464159 4.01724e-08 0
28288.7 10 0.000719686 4.01724e-08 0
28288.7 10 0.00111588 4.01724e-08 0
28288.7 10 0.0017302 4.01724e-08 0
28288.7 10 0.0026827 4.01724e-08 0
28288.7 10 0.00415956 4.01724e-08 0
28288.7 10 0.00644947 4.01724e-08 0
28288.7 10 0.01 4.01725e-08 0
28288.7 10 0.0155052 4.01725e-08 0
28288.7 10 0.024041 4.01726e-08 0
28288.7 10 0.0372759 4.01728e-08 0
28288.7 10 0.0577969 4.01731e-08 0
28288.7 10 0.0896151 4.01738e-08 0
28288.7 10 0.13895 4.0175e-08 0
28288.7 10 0.215443 4.01766e-08 0
28288.7 10 0.334048 4.01773e-08 0
28288.7 10 0.517947 4.0173e-08 0
28288.7 10 0.803086 4.01586e-08 0
28288.7 10 1.2452 4.01366e-08 0
28288.7 10 1.9307 4.01184e-08 0
28288.7 10 2.99358 4.0116e-08 0
28288.7 10 4.64159 4.00715e-08 0
28288.7 10 7.19686 3.9973e-08 0
28288.7 10 11.1588 3.99149e-08 0
28288.7 10 17.302 3.98302e-08 0
28288.7 10 26.827 3.96778e-08 0
28288.7 10 41.5956 3.95412e-08 0
28288.7 10 64.4947 3.93421e-08 0
28288.7 10 100 3.90323e-08 0
28288.7 10 155.052 3.85999e-08 0
28288.7 10 240.41 3.7958e-08 0
28288.7 10 372.759 3.69521e-08 0
28288.7 10 577.969 3.55634e-08 0
28288.7 10 896.151 3.37019e-08 0
28288.7 10 1389.5 3.10734e-08 0
28288.7 10 2154.43 2.76313e-08 0
28288.7 10 3340.48 2.36106e-08 0
28288.7 10 5179.47 1.93392e-08 0
28288.7 10 8030.86 1.51055e-08 0
28288.7 10 12452 1.11372e-08 0
28288.7 10 19307 7.7856e-09 0
28288.7 10 29935.8 5.22726e-09 0
28288.7 10 46415.9 3.40629e-09 0
28288.7 10 71968.6 2.17233e-09 0
28288.7 10 111588 1.35889e-09 0
28288.7 10 173020 8.2733e-10 0
28288.7 10 268270 4.91827e-10 0
28288.7 10 415956 2.8099e-10 0
28288.7 10 644947 1.49524e-10 0
28288.7 10 1e+06 7.06216e-11 0

68977.9 10 1e-06 1.43468e-08 0
68977.9 10 1.55052e-06 1.43468e-08 0
68977.9 10 2.4041e-06 1.43468e-08 0
68977.9 10 3.72759e-06 1.43468e-08 0
68977.9 10 5.77969e-06 1.43468e-08 0
68977.9 10 8.96151e-06 1.43468e-08 0
68977.9 10 1.3895e-05 1.43468e-08 0
68977.9 10 2.15443e-05 1.43468e-08 0
68977.9 10 3.34048e-05 1.43468e-08 0
68977.9 10 5.17947e-05 1.43468e-08 0
68977.9 10 8.03086e-05 1.43468e-08 0
68977.9 10 0.00012452 1.43468e-08 0
68977.9 10 0.00019307 1.43468e-08 0
68977.9 10 0.000299358 1.43468e-08 0
68977.9 10 0.000464159 1.43468e-08 0
68977.9 10 0.000719686 1.43468e-08 0
68977.9 10 0.00111588 1.43468e-08 0
68977.9 10 0.0017302 1.43468e-08 0
68977.9 10 0.0026827 1.43468e-08 0
68977.9 10 0.00415956 1.43468e-08 0
68977.9 10 0.00644947 1.43468e-08 0
68977.9 10 0.01 1.43468e-08 0
68977.9 10 0.0155052 1.43468e-08 0
68977.9 10 0.024041 1.43468e-08 0
68977.9 10 0.0372759 1.43469e-08 0
68977.9 10 0.0577969 1.43469e-08 0
68977.9 10 0.0896151 1.4347e-08 0
68977.9 10 0.13895 1.43472e-08 0
68977.9 10 0.215443 1.43475e-08 0
68977.9 10 0.334048 1.43476e-08 0
68977.9 10 0.517947 1.4347e-08 0
68977.9 10 0.803086 1.43447e-08 0
68977.9 10 1.2452 1.43412e-08 0
68977.9 10 1.9307 1.43384e-08 0
68977.9 10 2.99358 1.43381e-08 0
68977.9 10 4.64159 1.43312e-08 0
68977.9 10 7.19686 1.43157e-08 0
68977.9 10 11.1588 1.43069e-08 0
68977.9 10 17.302 1.4294e-08 0
68977.9 10 26.827 1.42705e-08 0
68977.9 10 41.5956 1.42501e-08 0
68977.9 10 64.4947 1.42204e-08 0
68977.9 10 100 1.41738e-08 0
68977.9 10 155.052 1.41085e-08 0
68977.9 10 240.41 1.40103e-08 0
68977.9 10 372.759 1.3852e-08 0
68977.9 10 577.969 1.36268e-08 0
68977.9 10 896.151 1.33111e-08 0
68977.9 10 1389.5 1.2832e-08 0
68977.9 10 2154.43 1.21383e-08 0
68977.9 10 3340.48 1.12163e-08 0
68977.9 10 5179.47 1.00719e-08 0
68977.9 10 8030.86 8.71295e-09 0
68977.9 10 12452 7.15916e-09 0
68977.9 10 19307 5.55513e-09 0
68977.9 10 29935.8 4.08415e-09 0
68977.9 10 46415.9 2.86277e-09 0
68977.9 10 71968.6 1.9286e-09 0
68977.9 10 111588 1.25405e-09 0
68977.9 10 173020 7.8389e-10 0
68977.9 10 268270 4.74194e-10 0
68977.9 10 415956 2.73974e-10 0
68977.9 10 644947 1.46839e-10 0
68977.9 10 1e+06 6.96869e-11 0

168192 10 1e-06 5.16691e-09 0
168192 10 1.55052e-06 5.16691e-09 0
168192 10 2.4041e-06 5.16691e-09 0
168192 10 3.72759e-06 5.16691e-09 0
168192 10 5.77969e-06 5.16691e-09 0
168192 10 8.96151e-06 5.16691e-09 0
168192 10 1.3895e-05 5.16691e-09 0
168192 10 2.15443e-05 5.16691e-09 0
168192 10 3.34048e-05 5.16691e-09 0
168192 10 5.17947e-05 5.16691e-09 0
168192 10 8.03086e-05 5.16691e-09 0
168192 10 0.00012452 5.16691e-09 0
168192 10 0.00019307 5.16691e-09 0
168192 10 0.000299358 5.16691e-09 0
168192 10 0.000464159 5.16691e-09 0
168192 10 0.000719686 5.16691e-09 0
168192 10 0.00111588 5.16691e-09 0
168192 10 0.0017302 5.16691e-09 0
168192 10 0.0026827 5.16691e-09 0
168192 10 0.00415956 5.16691e-09 0
168192 10 0.00644947 5.16691e-09 0
168192 10 0.01 5.16691e-09 0
168192 10 0.0155052 5.16691e-09 0
168192 10 0.024041 5.16691e-09 0
168192 10 0.0372759 5.16692e-09 0
168192 10 0.0577969 5.16693e-09 0
168192 10 0.0896151 5.16695e-09 0
168192 10 0.13895 5.16698e-09 0
168192 10 0.215443 5.16702e-09 0
168192 10 0.334048 5.16704e-09 0
168192 10 0.517947 5.16694e-09 0
168192 10 0.803086 5.16658e-09 0
168192 10 1.2452 5.16602e-09 0
168192 10 1.9307 5.16558e-09 0
168192 10 2.99358 5.16555e-09 0
168192 10 4.64159 5.16445e-09 0
168192 10 7.19686 5.16199e-09 0
168192 10 11.1588 5.1606e-09 0
168192 10 17.302 5.15859e-09 0
168192 10 26.827 5.15492e-09 0
168192 10 41.5956 5.1518e-09 0
168192 10 64.4947 5.14725e-09 0
168192 10 100 5.14008e-09 0
168192 10 155.052 5.13006e-09 0
168192 10 240.41 5.1149e-09 0
168192 10 372.759 5.09016e-09 0
168192 10 577.969 5.05456e-09 0
168192 10 896.151 5.00377e-09 0
168192 10 1389.5 4.92409e-09 0
168192 10 2154.43 4.80296e-09 0
168192 10 3340.48 4.63084e-09 0
168192 10 5179.47 4.39761e-09 0
168192 10 8030.86 4.08664e-09 0
168192 10 12452 3.67412e-09 0
168192 10 19307 3.16475e-09 0
168192 10 29935.8 2.59576e-09 0
168192 10 46415.9 2.01972e-09 0
168192 10 71968.6 1.49033e-09 0
168192 10 111588 1.04219e-09 0
168192 10 173020 6.88139e-10 0
168192 10 268270 4.32819e-10 0
168192 10 415956 2.56769e-10 0
168192 10 644947 1.40035e-10 0
168192 10 1e+06 6.72391e-11 0

410113 10 1e-06 1.88095e-09 0
410113 10 1.55052e-06 1.88095e-09 0
410113 10 2.4041e-06 1.88095e-09 0
410113 10 3.72759e-06 1.88095e-09 0
410113 10 5.77969e-06 1.88095e-09 0
410113 10 8.96151e-06 1.88095e-09 0
410113 10 1.3895e-05 1.88095e-09 0
410113 10 2.15443e-05 1.88095e-09 0
410113 10 3.34048e-05 1.88095e-09 0
410113 10 5.17947e-05 1.88095e-09 0
410113 10 8.03086e-05 1.88095e-09 0
410113 10 0.00012452 1.88095e-09 0
410113 10 0.00019307 1.88095e-09 0
410113 10 0.000299358 1.88095e-09 0
410113 10 0.000464159 1.88095e-09 0
410113 10 0.000719686 1.88095e-09 0
410113 10 0.00111588 1.88095e-09 0
410113 10 0.0017302 1.88095e-09 0
410113 10 0.0026827 1.88095e-09 0
410113 10 0.00415956 1.88095e-09 0
410113 10 0.00644947 1.88095e-09 0
410113 10 0.01 1.88095e-09 0
410113 10 0.0155052 1.88096e-09 0
410113 10 0.024041 1.88096e-09 0
410113 10 0.0372759 1.88096e-09 0
410113 10 0.0577969 1.88096e-09 0
410113 10 0.0896151 1.88096e-09 0
410113 10 0.13895 1.88097e-09 0
410113 10 0.215443 1.88097e-09 0
410113 10 0.334048 1.88098e-09 0
410113 10 0.517947 1.88096e-09 0
410113 10 0.803086 1.8809e-09 0
410113 10 1.2452 1.88081e-09 0
410113 10 1.9307 1.88074e-09 0
410113 10 2.99358 1.88074e-09 0
410113 10 4.64159 1.88056e-09 0
410113 10 7.19686 1.88017e-09 0
410113 10 11.1588 1.87995e-09 0
410113 10 17.302 1.87963e-09 0
410113 10 26.827 1.87905e-09 0
410113 10 41.5956 1.87856e-09 0
410113 10 64.4947 1.87785e-09 0
410113 10 100 1.87673e-09 0
410113 10 155.052 1.87517e-09 0
410113 10 240.41 1.8728e-09 0
410113 10 372.759 1.86891e-09 0
410113 10 577.969 1.8633e-09 0
410113 10 896.151 1.85524e-09 0
410113 10 1389.5 1.84239e-09 0
410113 10 2154.43 1.82242e-09 0
410113 10 3340.48 1.79315e-09 0
410113 10 5179.47 1.75174e-09 0
410113 10 8030.86 1.69302e-09 0
410113 10 12452 1.60802e-09 0
410113 10 19307 1.48981e-09 0
410113 10 29935.8 1.33617e-09 0
410113 10 46415.9 1.15015e-09 0
410113 10 71968.6 9.42166e-10 0
410113 10 111588 7.27251e-10 0
410113 10 173020 5.23809e-10 0
410113 10 268270 3.53302e-10 0
410113 10 415956 2.20802e-10 0
410113 10 644947 1.24932e-10 0
410113 10 1e+06 6.15591e-11 0

1e+06 10 1e-06 6.54675e-10 0
1e+06 10 1.55052e-06 6.54675e-10 0
1e+06 10 2.4041e-06 6.54675e-10 0
1e+06 10 3.72759e-06 6.54675e-10 0
1e+06 10 5.77969e-06 6.54675e-10 0
1e+06 10 8.96151e-06 6.54675e-10 0
1e+06 10 1.3895e-05 6.54675e-10 0
1e+06 10 2.15443e-05 6.54675e-10 0
1e+06 10 3.34048e-05 6.54675e-10 0
1e+06 10 5.17947e-05 6.54675e-10 0
1e+06 10 8.03086e-05 6.54675e-10 0
1e+06 10 0.00012452 6.54675e-10 0
1e+06 10 0.00019307 6.54675e-10 0
1e+06 10 0.000299358 6.54675e-10 0
1e+06 10 0.000464159 6.54675e-10 0
1e+06 10 0.000719686 6.54675e-10 0
1e+06 10 0.00111588 6.54675e-10 0
1e+06 10 0.0017302 6.54675e-10 0
1e+06 10 0.0026827 6.54675e-10 0
1e+06 10 0.00415956 6.54675e-10 0
1e+06 10 0.00644947 6.54675e-10 0
1e+06 10 0.01 6.54675e-10 0
1e+06 10 0.0155052 6.54675e-10 0
1e+06 10 0.024041 6.54675e-10 0
1e+06 10 0.0372759 6.54675e-10 0
1e+06 10 0.0577969 6.54676e-10 0
1e+06 10 0.0896151 6.54676e-10 0
1e+06 10 0.13895 6.54677e-10 0
1e+06 10 0.215443 6.54678e-10 0
1e+06 10 0.334048 6.54679e-10 0
1e+06 10 0.517947 6.54676e-10 0
1e+06 10 0.803086 6.54667e-10 0
1e+06 10 1.2452 6.54652e-10 0
1e+06 10 1.9307 6.54641e-10 0
1e+06 10 2.99358 6.54641e-10 0
1e+06 10 4.64159 6.54612e-10 0
1e+06 10 7.19686 6.54549e-10 0
1e+06 10 11.1588 6.54514e-10 0
1e+06 10 17.302 6.54464e-10 0
1e+06 10 26.827 6.54371e-10 0
1e+06 10 41.5956 6.54294e-10 0
1e+06 10 64.4947 6.54183e-10 0
1e+06 10 100 6.54007e-10 0
1e+06 10 155.052 6.53762e-10 0
1e+06 10 240.41 6.53392e-10 0
1e+06 10 372.759 6.5278e-10 0
1e+06 10 577.969 6.51897e-10 0
1e+06 10 896.151 6.50628e-10 0
1e+06 10 1389.5 6.48591e-10 0
1e+06 10 2154.43 6.45392e-10 0
1e+06 10 3340.48 6.40643e-10 0
1e+06 10 5179.47 6.33801e-10 0
1e+06 10 8030.86 6.23829e-10 0
1e+06 10 12452 6.08765e-10 0
1e+06 10 19307 5.86473e-10 0
1e+06 10 29935.8 5.54867e-10 0
1e+06 10 46415.9 5.11914e-10 0
1e+06 10 71968.6 4.56337e-10 0
1e+06 10 111588 3.87918e-10 0
1e+06 10 173020 3.09649e-10 0
1e+06 10 268270 2.30248e-10 0
1e+06 10 415956 1.56522e-10 0
1e+06 10 644947 9.46604e-11 0
1e+06 10 1e+06 4.90542e-11 0

