#q_sq i k_sq Re(fg) Im(fg)
1e-06 4 1e-06 19150.3 -0
1e-06 4 1.55052e-06 19150.3 -0
1e-06 4 2.4041e-06 19150.3 -0
1e-06 4 3.72759e-06 19150.3 -0
1e-06 4 5.77969e-06 19150.3 -0
1e-06 4 8.96151e-06 19150.2 -0
1e-06 4 1.3895e-05 19150.2 -0
1e-06 4 2.15443e-05 19150.2 -0
1e-06 4 3.34048e-05 19150.1 -0
1e-06 4 5.17947e-05 19150 -0
1e-06 4 8.03086e-05 19149.8 -0
1e-06 4 0.00012452 19149.5 -0
1e-06 4 0.00019307 19149.1 -0
1e-06 4 0.000299358 19148.4 -0
1e-06 4 0.000464159 19147.4 -0
1e-06 4 0.000719686 19145.8 -0
1e-06 4 0.00111588 19143.3 -0
1e-06 4 0.0017302 19139.4 -0
1e-06 4 0.0026827 19133.2 -0
1e-06 4 0.00415956 19123.2 -0
1e-06 4 0.00644947 19107.1 -0
1e-06 4 0.01 19080.5 -0
1e-06 4 0.0155052 19035.5 -0
1e-06 4 0.024041 18957.1 -0
1e-06 4 0.0372759 18816.2 -0
1e-06 4 0.0577969 18556.9 -0
1e-06 4 0.0896151 18074 -0
1e-06 4 0.13895 17184.9 -0
1e-06 4 0.215443 15617.9 -0
1e-06 4 0.334048 13085.2 -0
1e-06 4 0.517947 9538.65 -0
1e-06 4 0.803086 5560.74 -0
1e-06 4 1.2452 2348.32 -0
1e-06 4 1.9307 675.729 -0
1e-06 4 2.99358 149.422 -0
1e-06 4 4.64159 38.4527 -0
1e-06 4 7.19686 11.4049 -0
1e-06 4 11.1588 5.22626 -0
1e-06 4 17.302 1.78669 -0
1e-06 4 26.827 0.648208 -0
1e-06 4 41.5956 0.321703 -0
1e-06 4 64.4947 0.172237 -0
1e-06 4 100 0.0944708 -0
1e-06 4 155.052 0.0547742 -0
1e-06 4 240.41 0.0322011 -0
1e-06 4 372.759 0.0186165 -0
1e-06 4 577.969 0.0110235 -0
1e-06 4 896.151 0.00671508 -0
1e-06 4 1389.5 0.00401313 -0
1e-06 4 2154.43 0.00238222 -0
1e-06 4 3340.48 0.00142741 -0
1e-06 4 5179.47 0.00086469 -0
1e-06 4 8030.86 0.000527663 -0
1e-06 4 12452 0.000319804 -0
1e-06 4 19307 0.000193238 -0
1e-06 4 29935.8 0.000117075 -0
1e-06 4 46415.9 7.10765e-05 -0
1e-06 4 71968.6 4.3226e-05 -0
1e-06 4 111588 2.62341e-05 -0
1e-06 4 173020 1.56443e-05 -0
1e-06 4 268270 9.19318e-06 -0
1e-06 4 415956 5.21976e-06 -0
1e-06 4 644947 2.76353e-06 -0
1e-06 4 1e+06 1.28509e-06 -0

2.43835e-06 4 1e-06 7854 -0
2.43835e-06 4 1.55052e-06 7854 -0
2.43835e-06 4 2.4041e-06 7854 -0
2.43835e-06 4 3.72759e-06 7853.99 -0
2.43835e-06 4 5.77969e-06 7853.99 -0
2.43835e-06 4 8.96151e-06 7853.98 -0
2.43835e-06 4 1.3895e-05 7853.97 -0
2.43835e-06 4 2.15443e-05 7853.95 -0
2.43835e-06 4 3.34048e-05 7853.92 -0
2.43835e-06 4 5.17947e-05 7853.87 -0
2.43835e-06 4 8.03086e-05 7853.8 -0
2.43835e-06 4 0.00012452 7853.69 -0
2.43835e-06 4 0.00019307 7853.51 -0
2.43835e-06 4 0.000299358 7853.24 -0
2.43835e-06 4 0.000464159 7852.82 -0
2.43835e-06 4 0.000719686 7852.16 -0
2.43835e-06 4 0.00111588 7851.14 -0
2.43835e-06 4 0.0017302 7849.52 -0
2.43835e-06 4 0.0026827 7846.97 -0
2.43835e-06 4 0.00415956 7842.9 -0
2.43835e-06 4 0.00644947 7836.3 -0
2.43835e-06 4 0.01 7825.39 -0
2.43835e-06 4 0.0155052 7806.94 -0
2.43835e-06 4 0.024041 7774.77 -0
2.43835e-06 4 0.0372759 7717 -0
2.43835e-06 4 0.0577969 7610.64 -0
2.43835e-06 4 0.0896151 7412.59 -0
2.43835e-06 4 0.13895 7047.94 -0
2.43835e-06 4 0.215443 6405.26 -0
2.43835e-06 4 0.334048 5366.55 -0
2.43835e-06 4 0.517947 3912.02 -0
2.43835e-06 4 0.803086 2280.59 -0
2.43835e-06 4 1.2452 963.101 -0
2.43835e-06 4 1.9307 277.132 -0
2.43835e-06 4 2.99358 61.2813 -0
2.43835e-06 4 4.64159 15.7703 -0
2.43835e-06 4 7.19686 4.67737 -0
2.43835e-06 4 11.1588 2.14339 -0
2.43835e-06 4 17.302 0.732757 -0
2.43835e-06 4 26.827 0.265843 -0
2.43835e-06 4 41.5956 0.131937 -0
2.43835e-06 4 64.4947 0.0706374 -0
2.43835e-06 4 100 0.038744 -0
2.43835e-06 4 155.052 0.0224637 -0
2.43835e-06 4 240.41 0.0132061 -0
2.43835e-06 4 372.759 0.0076349 -0
2.43835e-06 4 577.969 0.00452088 -0
2.43835e-06 4 896.151 0.00275394 -0
2.43835e-06 4 1389.5 0.00164584 -0
2.43835e-06 4 2154.43 0.000976977 -0
2.43835e-06 4 3340.48 0.000585401 -0
2.43835e-06 4 5179.47 0.00035462 -0
2.43835e-06 4 8030.86 0.000216401 -0
2.43835e-06 4 12452 0.000131156 -0
2.43835e-06 4 19307 7.92493e-05 -0
2.43835e-06 4 29935.8 4.80141e-05 -0
2.43835e-06 4 46415.9 2.91494e-05 -0
2.43835e-06 4 71968.6 1.77275e-05 -0
2.43835e-06 4 111588 1.07589e-05 -0
2.43835e-06 4 173020 6.41593e-06 -0
2.43835e-06 4 268270 3.77024e-06 -0
2.43835e-06 4 415956 2.14069e-06 -0
2.43835e-06 4 644947 1.13336e-06 -0
2.43835e-06 4 1e+06 5.27031e-07 -0

5.94557e-06 4 1e-06 3221.25 -0
5.94557e-06 4 1.55052e-06 3221.25 -0
5.94557e-06 4 2.4041e-06 3221.25 -0
5.94557e-06 4 3.72759e-06 3221.25 -0
5.94557e-06 4 5.77969e-06 3221.25 -0
5.94557e-06 4 8.96151e-06 3221.24 -0
5.94557e-06 4 1.3895e-05 3221.24 -0
5.94557e-06 4 2.15443e-05 3221.23 -0
5.94557e-06 4 3.34048e-05 3221.22 -0
5.94557e-06 4 5.17947e-05 3221.2 -0
5.94557e-06 4 8.03086e-05 3221.17 -0
5.94557e-06 4 0.00012452 3221.12 -0
5.94557e-06 4 0.00019307 3221.05 -0
5.94557e-06 4 0.000299358 3220.94 -0
5.94557e-06 4 0.000464159 3220.77 -0
5.94557e-06 4 0.000719686 3220.5 -0
5.94557e-06 4 0.00111588 3220.08 -0
5.94557e-06 4 0.0017302 3219.41 -0
5.94557e-06 4 0.0026827 3218.37 -0
5.94557e-06 4 0.00415956 3216.7 -0
5.94557e-06 4 0.00644947 3213.99 -0
5.94557e-06 4 0.01 3209.52 -0
5.94557e-06 4 0.0155052 3201.94 -0
5.94557e-06 4 0.024041 3188.75 -0
5.94557e-06 4 0.0372759 3165.05 -0
5.94557e-06 4 0.0577969 3121.43 -0
5.94557e-06 4 0.0896151 3040.2 -0
5.94557e-06 4 0.13895 2890.64 -0
5.94557e-06 4 0.215443 2627.04 -0
5.94557e-06 4 0.334048 2201.02 -0
5.94557e-06 4 0.517947 1604.46 -0
5.94557e-06 4 0.803086 935.354 -0
5.94557e-06 4 1.2452 395.004 -0
5.94557e-06 4 1.9307 113.663 -0
5.94557e-06 4 2.99358 25.1337 -0
5.94557e-06 4 4.64159 6.46789 -0
5.94557e-06 4 7.19686 1.91834 -0
5.94557e-06 4 11.1588 0.879066 -0
5.94557e-06 4 17.302 0.300526 -0
5.94557e-06 4 26.827 0.109031 -0
5.94557e-06 4 41.5956 0.0541109 -0
5.94557e-06 4 64.4947 0.0289701 -0
5.94557e-06 4 100 0.0158897 -0
5.94557e-06 4 155.052 0.00921278 -0
5.94557e-06 4 240.41 0.00541605 -0
5.94557e-06 4 372.759 0.00313119 -0
5.94557e-06 4 577.969 0.00185408 -0
5.94557e-06 4 896.151 0.00112943 -0
5.94557e-06 4 1389.5 0.00067498 -0
5.94557e-06 4 2154.43 0.000400671 -0
5.94557e-06 4 3340.48 0.000240081 -0
5.94557e-06 4 5179.47 0.000145434 -0
5.94557e-06 4 8030.86 8.8749e-05 -0
5.94557e-06 4 12452 5.37887e-05 -0
5.94557e-06 4 19307 3.25012e-05 -0
5.94557e-06 4 29935.8 1.96912e-05 -0
5.94557e-06 4 46415.9 1.19545e-05 -0
5.94557e-06 4 71968.6 7.27029e-06 -0
5.94557e-06 4 111588 4.41237e-06 -0
5.94557e-06 4 173020 2.63126e-06 -0
5.94557e-06 4 268270 1.54622e-06 -0
5.94557e-06 4 415956 8.77924e-07 -0
5.94557e-06 4 644947 4.64805e-07 -0
5.94557e-06 4 1e+06 2.16142e-07 -0

1.44974e-05 4 1e-06 1321.3 -0
1.44974e-05 4 1.55052e-06 1321.3 -0
1.44974e-05 4 2.4041e-06 1321.3 -0
1.44974e-05 4 3.72759e-06 1321.3 -0
1.44974e-05 4 5.77969e-06 1321.3 -0
1.44974e-05 4 8.96151e-06 1321.3 -0
1.44974e-05 4 1.3895e-05 1321.3 -0
1.44974e-05 4 2.15443e-05 1321.29 -0
1.44974e-05 4 3.34048e-05 1321.29 -0
1.44974e-05 4 5.17947e-05 1321.28 -0
1.44974e-05 4 8.03086e-05 1321.27 -0
1.44974e-05 4 0.00012452 1321.25 -0
1.44974e-05 4 0.00019307 1321.22 -0
1.44974e-05 4 0.000299358 1321.17 -0
1.44974e-05 4 0.000464159 1321.1 -0
1.44974e-05 4 0.000719686 1320.99 -0
1.44974e-05 4 0.00111588 1320.82 -0
1.44974e-05 4 0.0017302 1320.55 -0
1.44974e-05 4 0.0026827 1320.12 -0
1.44974e-05 4 0.00415956 1319.43 -0
1.44974e-05 4 0.00644947 1318.32 -0
1.44974e-05 4 0.01 1316.49 -0
1.44974e-05 4 0.0155052 1313.38 -0
1.44974e-05 4 0.024041 1307.96 -0
1.44974e-05 4 0.0372759 1298.24 -0
1.44974e-05 4 0.0577969 1280.35 -0
1.44974e-05 4 0.0896151 1247.02 -0
1.44974e-05 4 0.13895 1185.67 -0
1.44974e-05 4 0.215443 1077.55 -0
1.44974e-05 4 0.334048 902.802 -0
1.44974e-05 4 0.517947 658.108 -0
1.44974e-05 4 0.803086 383.657 -0
1.44974e-05 4 1.2452 162.02 -0
1.44974e-05 4 1.9307 46.6216 -0
1.44974e-05 4 2.99358 10.3092 -0
1.44974e-05 4 4.64159 2.65288 -0
1.44974e-05 4 7.19686 0.786823 -0
1.44974e-05 4 11.1588 0.36055 -0
1.44974e-05 4 17.302 0.123263 -0
1.44974e-05 4 26.827 0.0447201 -0
1.44974e-05 4 41.5956 0.0221936 -0
1.44974e-05 4 64.4947 0.0118818 -0
1.44974e-05 4 100 0.00651688 -0
1.44974e-05 4 155.052 0.0037784 -0
1.44974e-05 4 240.41 0.00222124 -0
1.44974e-05 4 372.759 0.00128416 -0
1.44974e-05 4 577.969 0.000760389 -0
1.44974e-05 4 896.151 0.000463196 -0
1.44974e-05 4 1389.5 0.000276819 -0
1.44974e-05 4 2154.43 0.000164321 -0
1.44974e-05 4 3340.48 9.84603e-05 -0
1.44974e-05 4 5179.47 5.96446e-05 -0
1.44974e-05 4 8030.86 3.63971e-05 -0
1.44974e-05 4 12452 2.20594e-05 -0
1.44974e-05 4 19307 1.33291e-05 -0
1.44974e-05 4 29935.8 8.07562e-06 -0
1.44974e-05 4 46415.9 4.90271e-06 -0
1.44974e-05 4 71968.6 2.98164e-06 -0
1.44974e-05 4 111588 1.80957e-06 -0
1.44974e-05 4 173020 1.07911e-06 -0
1.44974e-05 4 268270 6.34126e-07 -0
1.44974e-05 4 415956 3.60048e-07 -0
1.44974e-05 4 644947 1.90623e-07 -0
1.44974e-05 4 1e+06 8.86426e-08 -0

3.53498e-05 4 1e-06 542.108 -0
3.53498e-05 4 1.55052e-06 542.108 -0
3.53498e-05 4 2.4041e-06 542.108 -0
3.53498e-05 4 3.72759e-06 542.108 -0
3.53498e-05 4 5.77969e-06 542.108 -0
3.53498e-05 4 8.96151e-06 542.107 -0
3.53498e-05 4 1.3895e-05 542.106 -0
3.53498e-05 4 2.15443e-05 542.105 -0
3.53498e-05 4 3.34048e-05 542.103 -0
3.53498e-05 4 5.17947e-05 542.1 -0
3.53498e-05 4 8.03086e-05 542.095 -0
3.53498e-05 4 0.00012452 542.087 -0
3.53498e-05 4 0.00019307 542.075 -0
3.53498e-05 4 0.000299358 542.056 -0
3.53498e-05 4 0.000464159 542.027 -0
3.53498e-05 4 0.000719686 541.981 -0
3.53498e-05 4 0.00111588 541.91 -0
3.53498e-05 4 0.0017302 541.799 -0
3.53498e-05 4 0.0026827 541.622 -0
3.53498e-05 4 0.00415956 541.34 -0
3.53498e-05 4 0.00644947 540.884 -0
3.53498e-05 4 0.01 540.13 -0
3.53498e-05 4 0.0155052 538.854 -0
3.53498e-05 4 0.024041 536.631 -0
3.53498e-05 4 0.0372759 532.64 -0
3.53498e-05 4 0.0577969 525.294 -0
3.53498e-05 4 0.0896151 511.618 -0
3.53498e-05 4 0.13895 486.443 -0
3.53498e-05 4 0.215443 442.079 -0
3.53498e-05 4 0.334048 370.384 -0
3.53498e-05 4 0.517947 269.995 -0
3.53498e-05 4 0.803086 157.399 -0
3.53498e-05 4 1.2452 66.471 -0
3.53498e-05 4 1.9307 19.1272 -0
3.53498e-05 4 2.99358 4.22941 -0
3.53498e-05 4 4.64159 1.08829 -0
3.53498e-05 4 7.19686 0.322774 -0
3.53498e-05 4 11.1588 0.1479 -0
3.53498e-05 4 17.302 0.0505649 -0
3.53498e-05 4 26.827 0.0183455 -0
3.53498e-05 4 41.5956 0.00910389 -0
3.53498e-05 4 64.4947 0.00487366 -0
3.53498e-05 4 100 0.00267297 -0
3.53498e-05 4 155.052 0.00154969 -0
3.53498e-05 4 240.41 0.000911007 -0
3.53498e-05 4 372.759 0.000526669 -0
3.53498e-05 4 577.969 0.000311853 -0
3.53498e-05 4 896.151 0.000189966 -0
3.53498e-05 4 1389.5 0.000113528 -0
3.53498e-05 4 2154.43 6.73906e-05 -0
3.53498e-05 4 3340.48 4.038e-05 -0
3.53498e-05 4 5179.47 2.44611e-05 -0
3.53498e-05 4 8030.86 1.4927e-05 -0
3.53498e-05 4 12452 9.04687e-06 -0
3.53498e-05 4 19307 5.46645e-06 -0
3.53498e-05 4 29935.8 3.31191e-06 -0
3.53498e-05 4 46415.9 2.01066e-06 -0
3.53498e-05 4 71968.6 1.22281e-06 -0
3.53498e-05 4 111588 7.42128e-07 -0
3.53498e-05 4 173020 4.42557e-07 -0
3.53498e-05 4 268270 2.60063e-07 -0
3.53498e-05 4 415956 1.4766e-07 -0
3.53498e-05 4 644947 7.81767e-08 -0
3.53498e-05 4 1e+06 3.63534e-08 -0

8.61954e-05 4 1e-06 222.551 -0
8.61954e-05 4 1.55052e-06 222.551 -0
8.61954e-05 4 2.4041e-06 222.551 -0
8.61954e-05 4 3.72759e-06 222.551 -0
8.61954e-05 4 5.77969e-06 222.551 -0
8.61954e-05 4 8.96151e-06 222.551 -0
8.61954e-05 4 1.3895e-05 222.55 -0
8.61954e-05 4 2.15443e-05 222.55 -0
8.61954e-05 4 3.34048e-05 222.549 -0
8.61954e-05 4 5.17947e-05 222.548 -0
8.61954e-05 4 8.03086e-05 222.546 -0
8.61954e-05 4 0.00012452 222.542 -0
8.61954e-05 4 0.00019307 222.537 -0
8.61954e-05 4 0.000299358 222.53 -0
8.61954e-05 4 0.000464159 222.518 -0
8.61954e-05 4 0.000719686 222.499 -0
8.61954e-05 4 0.00111588 222.47 -0
8.61954e-05 4 0.0017302 222.424 -0
8.61954e-05 4 0.0026827 222.351 -0
8.61954e-05 4 0.00415956 222.235 -0
8.61954e-05 4 0.00644947 222.047 -0
8.61954e-05 4 0.01 221.737 -0
8.61954e-05 4 0.0155052 221.212 -0
8.61954e-05 4 0.024041 220.298 -0
8.61954e-05 4 0.0372759 218.657 -0
8.61954e-05 4 0.0577969 215.638 -0
8.61954e-05 4 0.0896151 210.019 -0
8.61954e-05 4 0.13895 199.68 -0
8.61954e-05 4 0.215443 181.465 -0
8.61954e-05 4 0.334048 152.033 -0
8.61954e-05 4 0.517947 110.825 -0
8.61954e-05 4 0.803086 64.608 -0
8.61954e-05 4 1.2452 27.2849 -0
8.61954e-05 4 1.9307 7.85144 -0
8.61954e-05 4 2.99358 1.73603 -0
8.61954e-05 4 4.64159 0.44663 -0
8.61954e-05 4 7.19686 0.132462 -0
8.61954e-05 4 11.1588 0.0606896 -0
8.61954e-05 4 17.302 0.0207505 -0
8.61954e-05 4 26.827 0.00752887 -0
8.61954e-05 4 41.5956 0.00373564 -0
8.61954e-05 4 64.4947 0.00199954 -0
8.61954e-05 4 100 0.00109653 -0
8.61954e-05 4 155.052 0.00063567 -0
8.61954e-05 4 240.41 0.000373664 -0
8.61954e-05 4 372.759 0.000216013 -0
8.61954e-05 4 577.969 0.000127902 -0
8.61954e-05 4 896.151 7.79104e-05 -0
8.61954e-05 4 1389.5 4.65605e-05 -0
8.61954e-05 4 2154.43 2.76382e-05 -0
8.61954e-05 4 3340.48 1.65605e-05 -0
8.61954e-05 4 5179.47 1.00319e-05 -0
8.61954e-05 4 8030.86 6.12176e-06 -0
8.61954e-05 4 12452 3.71025e-06 -0
8.61954e-05 4 19307 2.24187e-06 -0
8.61954e-05 4 29935.8 1.35826e-06 -0
8.61954e-05 4 46415.9 8.24599e-07 -0
8.61954e-05 4 71968.6 5.01489e-07 -0
8.61954e-05 4 111588 3.04356e-07 -0
8.61954e-05 4 173020 1.81498e-07 -0
8.61954e-05 4 268270 1.06655e-07 -0
8.61954e-05 4 415956 6.05573e-08 -0
8.61954e-05 4 644947 3.20613e-08 -0
8.61954e-05 4 1e+06 1.4909e-08 -0

0.000210175 4 1e-06 91.4969 -0
0.000210175 4 1.55052e-06 91.4969 -0
0.000210175 4 2.4041e-06 91.4968 -0
0.000210175 4 3.72759e-06 91.4968 -0
0.000210175 4 5.77969e-06 91.4967 -0
0.000210175 4 8.96151e-06 91.4966 -0
0.000210175 4 1.3895e-05 91.4965 -0
0.000210175 4 2.15443e-05 91.4963 -0
0.000210175 4 3.34048e-05 91.4959 -0
0.000210175 4 5.17947e-05 91.4954 -0
0.000210175 4 8.03086e-05 91.4945 -0
0.000210175 4 0.00012452 91.4932 -0
0.000210175 4 0.00019307 91.4911 -0
0.000210175 4 0.000299358 91.4879 -0
0.000210175 4 0.000464159 91.4829 -0
0.000210175 4 0.000719686 91.4752 -0
0.000210175 4 0.00111588 91.4631 -0
0.000210175 4 0.0017302 91.444 -0
0.000210175 4 0.0026827 91.4139 -0
0.000210175 4 0.00415956 91.3659 -0
0.000210175 4 0.00644947 91.2881 -0
0.000210175 4 0.01 91.1597 -0
0.000210175 4 0.0155052 90.9427 -0
0.000210175 4 0.024041 90.565 -0
0.000210175 4 0.0372759 89.888 -0
0.000210175 4 0.0577969 88.6436 -0
0.000210175 4 0.0896151 86.33 -0
0.000210175 4 0.13895 82.0756 -0
0.000210175 4 0.215443 74.5845 -0
0.000210175 4 0.334048 62.4849 -0
0.000210175 4 0.517947 45.5476 -0
0.000210175 4 0.803086 26.5532 -0
0.000210175 4 1.2452 11.2142 -0
0.000210175 4 1.9307 3.2271 -0
0.000210175 4 2.99358 0.713461 -0
0.000210175 4 4.64159 0.183478 -0
0.000210175 4 7.19686 0.0544125 -0
0.000210175 4 11.1588 0.0249235 -0
0.000210175 4 17.302 0.0085233 -0
0.000210175 4 26.827 0.00309285 -0
0.000210175 4 41.5956 0.00153405 -0
0.000210175 4 64.4947 0.000820826 -0
0.000210175 4 100 0.000450009 -0
0.000210175 4 155.052 0.000260818 -0
0.000210175 4 240.41 0.000153292 -0
0.000210175 4 372.759 8.86085e-05 -0
0.000210175 4 577.969 5.24619e-05 -0
0.000210175 4 896.151 3.1955e-05 -0
0.000210175 4 1389.5 1.90963e-05 -0
0.000210175 4 2154.43 1.13353e-05 -0
0.000210175 4 3340.48 6.79188e-06 -0
0.000210175 4 5179.47 4.11427e-06 -0
0.000210175 4 8030.86 2.51064e-06 -0
0.000210175 4 12452 1.52163e-06 -0
0.000210175 4 19307 9.19423e-07 -0
0.000210175 4 29935.8 5.57042e-07 -0
0.000210175 4 46415.9 3.38179e-07 -0
0.000210175 4 71968.6 2.05667e-07 -0
0.000210175 4 111588 1.2482e-07 -0
0.000210175 4 173020 7.44349e-08 -0
0.000210175 4 268270 4.37407e-08 -0
0.000210175 4 415956 2.48353e-08 -0
0.000210175 4 644947 1.31487e-08 -0
0.000210175 4 1e+06 6.11438e-09 -0

0.000512481 4 1e-06 37.7497 -0
0.000512481 4 1.55052e-06 37.7497 -0
0.000512481 4 2.4041e-06 37.7497 -0
0.000512481 4 3.72759e-06 37.7497 -0
0.000512481 4 5.77969e-06 37.7497 -0
0.000512481 4 8.96151e-06 37.7496 -0
0.000512481 4 1.3895e-05 37.7496 -0
0.000512481 4 2.15443e-05 37.7495 -0
0.000512481 4 3.34048e-05 37.7493 -0
0.000512481 4 5.17947e-05 37.7491 -0
0.000512481 4 8.03086e-05 37.7487 -0
0.000512481 4 0.00012452 37.7482 -0
0.000512481 4 0.00019307 37.7473 -0
0.000512481 4 0.000299358 37.746 -0
0.000512481 4 0.000464159 37.7439 -0
0.000512481 4 0.000719686 37.7406 -0
0.000512481 4 0.00111588 37.7355 -0
0.000512481 4 0.0017302 37.7275 -0
0.000512481 4 0.0026827 37.7149 -0
0.000512481 4 0.00415956 37.6947 -0
0.000512481 4 0.00644947 37.6621 -0
0.000512481 4 0.01 37.6083 -0
0.000512481 4 0.0155052 37.5176 -0
0.000512481 4 0.024041 37.3601 -0
0.000512481 4 0.0372759 37.0783 -0
0.000512481 4 0.0577969 36.5617 -0
0.000512481 4 0.0896151 35.6034 -0
0.000512481 4 0.13895 33.8444 -0
0.000512481 4 0.215443 30.7513 -0
0.000512481 4 0.334048 25.7599 -0
0.000512481 4 0.517947 18.7764 -0
0.000512481 4 0.803086 10.9464 -0
0.000512481 4 1.2452 4.62336 -0
0.000512481 4 1.9307 1.33059 -0
0.000512481 4 2.99358 0.294093 -0
0.000512481 4 4.64159 0.0755563 -0
0.000512481 4 7.19686 0.0224034 -0
0.000512481 4 11.1588 0.0102554 -0
0.000512481 4 17.302 0.00350875 -0
0.000512481 4 26.827 0.00127359 -0
0.000512481 4 41.5956 0.000631151 -0
0.000512481 4 64.4947 0.000337421 -0
0.000512481 4 100 0.000184864 -0
0.000512481 4 155.052 0.000107087 -0
0.000512481 4 240.41 6.29151e-05 -0
0.000512481 4 372.759 3.63585e-05 -0
0.000512481 4 577.969 2.15228e-05 -0
0.000512481 4 896.151 1.31082e-05 -0
0.000512481 4 1389.5 7.83281e-06 -0
0.000512481 4 2154.43 4.64921e-06 -0
0.000512481 4 3340.48 2.78563e-06 -0
0.000512481 4 5179.47 1.68739e-06 -0
0.000512481 4 8030.86 1.02968e-06 -0
0.000512481 4 12452 6.24053e-07 -0
0.000512481 4 19307 3.77072e-07 -0
0.000512481 4 29935.8 2.28452e-07 -0
0.000512481 4 46415.9 1.38692e-07 -0
0.000512481 4 71968.6 8.43472e-08 -0
0.000512481 4 111588 5.11906e-08 -0
0.000512481 4 173020 3.05267e-08 -0
0.000512481 4 268270 1.79386e-08 -0
0.000512481 4 415956 1.01853e-08 -0
0.000512481 4 644947 5.39247e-09 -0
0.000512481 4 1e+06 2.50758e-09 -0

0.00124961 4 1e-06 15.7073 -0
0.00124961 4 1.55052e-06 15.7073 -0
0.00124961 4 2.4041e-06 15.7073 -0
0.00124961 4 3.72759e-06 15.7073 -0
0.00124961 4 5.77969e-06 15.7072 -0
0.00124961 4 8.96151e-06 15.7072 -0
0.00124961 4 1.3895e-05 15.7072 -0
0.00124961 4 2.15443e-05 15.7072 -0
0.00124961 4 3.34048e-05 15.7071 -0
0.00124961 4 5.17947e-05 15.707 -0
0.00124961 4 8.03086e-05 15.7068 -0
0.00124961 4 0.00012452 15.7066 -0
0.00124961 4 0.00019307 15.7062 -0
0.00124961 4 0.000299358 15.7056 -0
0.00124961 4 0.000464159 15.7047 -0
0.00124961 4 0.000719686 15.7033 -0
0.00124961 4 0.00111588 15.7011 -0
0.00124961 4 0.0017302 15.6976 -0
0.00124961 4 0.0026827 15.6921 -0
0.00124961 4 0.00415956 15.6834 -0
0.00124961 4 0.00644947 15.6693 -0
0.00124961 4 0.01 15.6461 -0
0.00124961 4 0.0155052 15.6072 -0
0.00124961 4 0.024041 15.5399 -0
0.00124961 4 0.0372759 15.4203 -0
0.00124961 4 0.0577969 15.2022 -0
0.00124961 4 0.0896151 14.7997 -0
0.00124961 4 0.13895 14.064 -0
0.00124961 4 0.215443 12.7747 -0
0.00124961 4 0.334048 10.6984 -0
0.00124961 4 0.517947 7.79712 -0
0.00124961 4 0.803086 4.54581 -0
0.00124961 4 1.2452 1.92038 -0
0.00124961 4 1.9307 0.552811 -0
0.00124961 4 2.99358 0.122104 -0
0.00124961 4 4.64159 0.0312961 -0
0.00124961 4 7.19686 0.00927607 -0
0.00124961 4 11.1588 0.00423981 -0
0.00124961 4 17.302 0.00145222 -0
0.00124961 4 26.827 0.00052748 -0
0.00124961 4 41.5956 0.00026086 -0
0.00124961 4 64.4947 0.00013917 -0
0.00124961 4 100 7.61248e-05 -0
0.00124961 4 155.052 4.40394e-05 -0
0.00124961 4 240.41 2.58503e-05 -0
0.00124961 4 372.759 1.49301e-05 -0
0.00124961 4 577.969 8.83431e-06 -0
0.00124961 4 896.151 5.37881e-06 -0
0.00124961 4 1389.5 3.21353e-06 -0
0.00124961 4 2154.43 1.90717e-06 -0
0.00124961 4 3340.48 1.14261e-06 -0
0.00124961 4 5179.47 6.92097e-07 -0
0.00124961 4 8030.86 4.22314e-07 -0
0.00124961 4 12452 2.55944e-07 -0
0.00124961 4 19307 1.54647e-07 -0
0.00124961 4 29935.8 9.3693e-08 -0
0.00124961 4 46415.9 5.68804e-08 -0
0.00124961 4 71968.6 3.45922e-08 -0
0.00124961 4 111588 2.0994e-08 -0
0.00124961 4 173020 1.25195e-08 -0
0.00124961 4 268270 7.35688e-09 -0
0.00124961 4 415956 4.17713e-09 -0
0.00124961 4 644947 2.21152e-09 -0
0.00124961 4 1e+06 1.02839e-09 -0

0.00304699 4 1e-06 6.66717 -0
0.00304699 4 1.55052e-06 6.66717 -0
0.00304699 4 2.4041e-06 6.66717 -0
0.00304699 4 3.72759e-06 6.66717 -0
0.00304699 4 5.77969e-06 6.66716 -0
0.00304699 4 8.96151e-06 6.66715 -0
0.00304699 4 1.3895e-05 6.66714 -0
0.00304699 4 2.15443e-05 6.66712 -0
0.00304699 4 3.34048e-05 6.66709 -0
0.00304699 4 5.17947e-05 6.66704 -0
0.00304699 4 8.03086e-05 6.66697 -0
0.00304699 4 0.00012452 6.66686 -0
0.00304699 4 0.00019307 6.66668 -0
0.00304699 4 0.000299358 6.66641 -0
0.00304699 4 0.000464159 6.66598 -0
0.00304699 4 0.000719686 6.66532 -0
0.00304699 4 0.00111588 6.66429 -0
0.00304699 4 0.0017302 6.66267 -0
0.00304699 4 0.0026827 6.66012 -0
0.00304699 4 0.00415956 6.65607 -0
0.00304699 4 0.00644947 6.64957 -0
0.00304699 4 0.01 6.63896 -0
0.00304699 4 0.0155052 6.62128 -0
0.00304699 4 0.024041 6.59104 -0
0.00304699 4 0.0372759 6.5379 -0
0.00304699 4 0.0577969 6.44221 -0
0.00304699 4 0.0896151 6.26764 -0
0.00304699 4 0.13895 5.95171 -0
0.00304699 4 0.215443 5.40207 -0
0.00304699 4 0.334048 4.52142 -0
0.00304699 4 0.517947 3.2943 -0
0.00304699 4 0.803086 1.9208 -0
0.00304699 4 1.2452 0.81183 -0
0.00304699 4 1.9307 0.233827 -0
0.00304699 4 2.99358 0.0515682 -0
0.00304699 4 4.64159 0.0131442 -0
0.00304699 4 7.19686 0.00389234 -0
0.00304699 4 11.1588 0.00177273 -0
0.00304699 4 17.302 0.000608802 -0
0.00304699 4 26.827 0.000221491 -0
0.00304699 4 41.5956 0.000108998 -0
0.00304699 4 64.4947 5.78642e-05 -0
0.00304699 4 100 3.15292e-05 -0
0.00304699 4 155.052 1.81829e-05 -0
0.00304699 4 240.41 1.06496e-05 -0
0.00304699 4 372.759 6.142e-06 -0
0.00304699 4 577.969 3.63059e-06 -0
0.00304699 4 896.151 2.20891e-06 -0
0.00304699 4 1389.5 1.3191e-06 -0
0.00304699 4 2154.43 7.82632e-07 -0
0.00304699 4 3340.48 4.68789e-07 -0
0.00304699 4 5179.47 2.83914e-07 -0
0.00304699 4 8030.86 1.73227e-07 -0
0.00304699 4 12452 1.04978e-07 -0
0.00304699 4 19307 6.34276e-08 -0
0.00304699 4 29935.8 3.84267e-08 -0
0.00304699 4 46415.9 2.33282e-08 -0
0.00304699 4 71968.6 1.4187e-08 -0
0.00304699 4 111588 8.61006e-09 -0
0.00304699 4 173020 5.13444e-09 -0
0.00304699 4 268270 3.01717e-09 -0
0.00304699 4 415956 1.7131e-09 -0
0.00304699 4 644947 9.06978e-10 -0
0.00304699 4 1e+06 4.21759e-10 -0

0.00742964 4 1e-06 2.95921 -0
0.00742964 4 1.55052e-06 2.95921 -0
0.00742964 4 2.4041e-06 2.95921 -0
0.00742964 4 3.72759e-06 2.95921 -0
0.00742964 4 5.77969e-06 2.95921 -0
0.00742964 4 8.96151e-06 2.9592 -0
0.00742964 4 1.3895e-05 2.95919 -0
0.00742964 4 2.15443e-05 2.95918 -0
0.00742964 4 3.34048e-05 2.95917 -0
0.00742964 4 5.17947e-05 2.95914 -0
0.00742964 4 8.03086e-05 2.9591 -0
0.00742964 4 0.00012452 2.95904 -0
0.00742964 4 0.00019307 2.95895 -0
0.00742964 4 0.000299358 2.9588 -0
0.00742964 4 0.000464159 2.95858 -0
0.00742964 4 0.000719686 2.95823 -0
0.00742964 4 0.00111588 2.95768 -0
0.00742964 4 0.0017302 2.95682 -0
0.00742964 4 0.0026827 2.95548 -0
0.00742964 4 0.00415956 2.95335 -0
0.00742964 4 0.00644947 2.94997 -0
0.00742964 4 0.01 2.94451 -0
0.00742964 4 0.0155052 2.93555 -0
0.00742964 4 0.024041 2.9205 -0
0.00742964 4 0.0372759 2.89464 -0
0.00742964 4 0.0577969 2.84916 -0
0.00742964 4 0.0896151 2.7681 -0
0.00742964 4 0.13895 2.62433 -0
0.00742964 4 0.215443 2.37812 -0
0.00742964 4 0.334048 1.98786 -0
0.00742964 4 0.517947 1.44743 -0
0.00742964 4 0.803086 0.844135 -0
0.00742964 4 1.2452 0.357153 -0
0.00742964 4 1.9307 0.102995 -0
0.00742964 4 2.99358 0.0226382 -0
0.00742964 4 4.64159 0.0056995 -0
0.00742964 4 7.19686 0.00168432 -0
0.00742964 4 11.1588 0.000760915 -0
0.00742964 4 17.302 0.000262896 -0
0.00742964 4 26.827 9.59967e-05 -0
0.00742964 4 41.5956 4.67164e-05 -0
0.00742964 4 64.4947 2.45192e-05 -0
0.00742964 4 100 1.32398e-05 -0
0.00742964 4 155.052 7.57867e-06 -0
0.00742964 4 240.41 4.4155e-06 -0
0.00742964 4 372.759 2.53789e-06 -0
0.00742964 4 577.969 1.49647e-06 -0
0.00742964 4 896.151 9.0889e-07 -0
0.00742964 4 1389.5 5.42169e-07 -0
0.00742964 4 2154.43 3.21442e-07 -0
0.00742964 4 3340.48 1.92446e-07 -0
0.00742964 4 5179.47 1.16513e-07 -0
0.00742964 4 8030.86 7.10731e-08 -0
0.00742964 4 12452 4.30651e-08 -0
0.00742964 4 19307 2.60174e-08 -0
0.00742964 4 29935.8 1.57613e-08 -0
0.00742964 4 46415.9 9.56797e-09 -0
0.00742964 4 71968.6 5.8186e-09 -0
0.00742964 4 111588 3.53122e-09 -0
0.00742964 4 173020 2.10575e-09 -0
0.00742964 4 268270 1.2374e-09 -0
0.00742964 4 415956 7.02574e-10 -0
0.00742964 4 644947 3.71967e-10 -0
0.00742964 4 1e+06 1.7297e-10 -0

0.0181161 4 1e-06 1.43731 -0
0.0181161 4 1.55052e-06 1.43731 -0
0.0181161 4 2.4041e-06 1.43731 -0
0.0181161 4 3.72759e-06 1.43731 -0
0.0181161 4 5.77969e-06 1.43731 -0
0.0181161 4 8.96151e-06 1.43731 -0
0.0181161 4 1.3895e-05 1.4373 -0
0.0181161 4 2.15443e-05 1.43729 -0
0.0181161 4 3.34048e-05 1.43728 -0
0.0181161 4 5.17947e-05 1.43727 -0
0.0181161 4 8.03086e-05 1.43724 -0
0.0181161 4 0.00012452 1.4372 -0
0.0181161 4 0.00019307 1.43714 -0
0.0181161 4 0.000299358 1.43705 -0
0.0181161 4 0.000464159 1.43691 -0
0.0181161 4 0.000719686 1.43668 -0
0.0181161 4 0.00111588 1.43634 -0
0.0181161 4 0.0017302 1.43579 -0
0.0181161 4 0.0026827 1.43494 -0
0.0181161 4 0.00415956 1.43361 -0
0.0181161 4 0.00644947 1.43151 -0
0.0181161 4 0.01 1.42817 -0
0.0181161 4 0.0155052 1.42279 -0
0.0181161 4 0.024041 1.41399 -0
0.0181161 4 0.0372759 1.39934 -0
0.0181161 4 0.0577969 1.3745 -0
0.0181161 4 0.0896151 1.33184 -0
0.0181161 4 0.13895 1.25875 -0
0.0181161 4 0.215443 1.13709 -0
0.0181161 4 0.334048 0.948096 -0
0.0181161 4 0.517947 0.689488 -0
0.0181161 4 0.803086 0.402286 -0
0.0181161 4 1.2452 0.170566 -0
0.0181161 4 1.9307 0.049308 -0
0.0181161 4 2.99358 0.0107677 -0
0.0181161 4 4.64159 0.0026453 -0
0.0181161 4 7.19686 0.000778564 -0
0.0181161 4 11.1588 0.000345882 -0
0.0181161 4 17.302 0.000121009 -0
0.0181161 4 26.827 4.452e-05 -0
0.0181161 4 41.5956 2.117e-05 -0
0.0181161 4 64.4947 1.08425e-05 -0
0.0181161 4 100 5.73854e-06 -0
0.0181161 4 155.052 3.22953e-06 -0
0.0181161 4 240.41 1.85875e-06 -0
0.0181161 4 372.759 1.05976e-06 -0
0.0181161 4 577.969 6.2123e-07 -0
0.0181161 4 896.151 3.7573e-07 -0
0.0181161 4 1389.5 2.23538e-07 -0
0.0181161 4 2154.43 1.32301e-07 -0
0.0181161 4 3340.48 7.91141e-08 -0
0.0181161 4 5179.47 4.78592e-08 -0
0.0181161 4 8030.86 2.91784e-08 -0
0.0181161 4 12452 1.76738e-08 -0
0.0181161 4 19307 1.0675e-08 -0
0.0181161 4 29935.8 6.46587e-09 -0
0.0181161 4 46415.9 3.92475e-09 -0
0.0181161 4 71968.6 2.3866e-09 -0
0.0181161 4 111588 1.44833e-09 -0
0.0181161 4 173020 8.63649e-10 -0
0.0181161 4 268270 5.07495e-10 -0
0.0181161 4 415956 2.88143e-10 -0
0.0181161 4 644947 1.52552e-10 -0
0.0181161 4 1e+06 7.09386e-11 -0

0.0441734 4 1e-06 0.809995 -0
0.0441734 4 1.55052e-06 0.809995 -0
0.0441734 4 2.4041e-06 0.809994 -0
0.0441734 4 3.72759e-06 0.809993 -0
0.0441734 4 5.77969e-06 0.809992 -0
0.0441734 4 8.96151e-06 0.80999 -0
0.0441734 4 1.3895e-05 0.809987 -0
0.0441734 4 2.15443e-05 0.809981 -0
0.0441734 4 3.34048e-05 0.809974 -0
0.0441734 4 5.17947e-05 0.809961 -0
0.0441734 4 8.03086e-05 0.809942 -0
0.0441734 4 0.00012452 0.809913 -0
0.0441734 4 0.00019307 0.809867 -0
0.0441734 4 0.000299358 0.809797 -0
0.0441734 4 0.000464159 0.809687 -0
0.0441734 4 0.000719686 0.809516 -0
0.0441734 4 0.00111588 0.809252 -0
0.0441734 4 0.0017302 0.808841 -0
0.0441734 4 0.0026827 0.8082 -0
0.0441734 4 0.00415956 0.807202 -0
0.0441734 4 0.00644947 0.805639 -0
0.0441734 4 0.01 0.803184 -0
0.0441734 4 0.0155052 0.7993 -0
0.0441734 4 0.024041 0.793103 -0
0.0441734 4 0.0372759 0.783111 -0
0.0441734 4 0.0577969 0.766821 -0
0.0441734 4 0.0896151 0.740048 -0
0.0441734 4 0.13895 0.69615 -0
0.0441734 4 0.215443 0.62585 -0
0.0441734 4 0.334048 0.519799 -0
0.0441734 4 0.517947 0.377285 -0
0.0441734 4 0.803086 0.220284 -0
0.0441734 4 1.2452 0.0937096 -0
0.0441734 4 1.9307 0.0271934 -0
0.0441734 4 2.99358 0.00587832 -0
0.0441734 4 4.64159 0.00138856 -0
0.0441734 4 7.19686 0.000406224 -0
0.0441734 4 11.1588 0.000175374 -0
0.0441734 4 17.302 6.27137e-05 -0
0.0441734 4 26.827 2.33693e-05 -0
0.0441734 4 41.5956 1.06778e-05 -0
0.0441734 4 64.4947 5.22752e-06 -0
0.0441734 4 100 2.65978e-06 -0
0.0441734 4 155.052 1.44495e-06 -0
0.0441734 4 240.41 8.09808e-07 -0
0.0441734 4 372.759 4.53409e-07 -0
0.0441734 4 577.969 2.62221e-07 -0
0.0441734 4 896.151 1.5705e-07 -0
0.0441734 4 1389.5 9.28538e-08 -0
0.0441734 4 2154.43 5.47284e-08 -0
0.0441734 4 3340.48 3.26335e-08 -0
0.0441734 4 5179.47 1.97029e-08 -0
0.0441734 4 8030.86 1.19966e-08 -0
0.0441734 4 12452 7.26036e-09 -0
0.0441734 4 19307 4.38282e-09 -0
0.0441734 4 29935.8 2.6537e-09 -0
0.0441734 4 46415.9 1.61038e-09 -0
0.0441734 4 71968.6 9.79095e-10 -0
0.0441734 4 111588 5.94107e-10 -0
0.0441734 4 173020 3.54245e-10 -0
0.0441734 4 268270 2.08151e-10 -0
0.0441734 4 415956 1.1818e-10 -0
0.0441734 4 644947 6.25669e-11 -0
0.0441734 4 1e+06 2.90942e-11 -0

0.107711 4 1e-06 0.546011 -0
0.107711 4 1.55052e-06 0.546011 -0
0.107711 4 2.4041e-06 0.546011 -0
0.107711 4 3.72759e-06 0.54601 -0
0.107711 4 5.77969e-06 0.546009 -0
0.107711 4 8.96151e-06 0.546007 -0
0.107711 4 1.3895e-05 0.546004 -0
0.107711 4 2.15443e-05 0.546 -0
0.107711 4 3.34048e-05 0.545993 -0
0.107711 4 5.17947e-05 0.545983 -0
0.107711 4 8.03086e-05 0.545966 -0
0.107711 4 0.00012452 0.545941 -0
0.107711 4 0.00019307 0.545902 -0
0.107711 4 0.000299358 0.545841 -0
0.107711 4 0.000464159 0.545747 -0
0.107711 4 0.000719686 0.545602 -0
0.107711 4 0.00111588 0.545376 -0
0.107711 4 0.0017302 0.545025 -0
0.107711 4 0.0026827 0.544479 -0
0.107711 4 0.00415956 0.543632 -0
0.107711 4 0.00644947 0.542313 -0
0.107711 4 0.01 0.540257 -0
0.107711 4 0.0155052 0.537041 -0
0.107711 4 0.024041 0.531996 -0
0.107711 4 0.0372759 0.524044 -0
0.107711 4 0.0577969 0.511455 -0
0.107711 4 0.0896151 0.491487 -0
0.107711 4 0.13895 0.459987 -0
0.107711 4 0.215443 0.411371 -0
0.107711 4 0.334048 0.340203 -0
0.107711 4 0.517947 0.246426 -0
0.107711 4 0.803086 0.144053 -0
0.107711 4 1.2452 0.0615714 -0
0.107711 4 1.9307 0.0179736 -0
0.107711 4 2.99358 0.00384888 -0
0.107711 4 4.64159 0.000869645 -0
0.107711 4 7.19686 0.00025279 -0
0.107711 4 11.1588 0.000105177 -0
0.107711 4 17.302 3.8708e-05 -0
0.107711 4 26.827 1.46598e-05 -0
0.107711 4 41.5956 6.36172e-06 -0
0.107711 4 64.4947 2.91982e-06 -0
0.107711 4 100 1.39526e-06 -0
0.107711 4 155.052 7.1234e-07 -0
0.107711 4 240.41 3.79342e-07 -0
0.107711 4 372.759 2.04626e-07 -0
0.107711 4 577.969 1.14943e-07 -0
0.107711 4 896.151 6.73491e-08 -0
0.107711 4 1389.5 3.92515e-08 -0
0.107711 4 2154.43 2.2912e-08 -0
0.107711 4 3340.48 1.35701e-08 -0
0.107711 4 5179.47 8.15515e-09 -0
0.107711 4 8030.86 4.94993e-09 -0
0.107711 4 12452 2.98961e-09 -0
0.107711 4 19307 1.80229e-09 -0
0.107711 4 29935.8 1.09027e-09 -0
0.107711 4 46415.9 6.61223e-10 -0
0.107711 4 71968.6 4.01857e-10 -0
0.107711 4 111588 2.43779e-10 -0
0.107711 4 173020 1.45332e-10 -0
0.107711 4 268270 8.53865e-11 -0
0.107711 4 415956 4.84755e-11 -0
0.107711 4 644947 2.56629e-11 -0
0.107711 4 1e+06 1.19333e-11 -0

0.262636 4 1e-06 0.421298 -0
0.262636 4 1.55052e-06 0.421298 -0
0.262636 4 2.4041e-06 0.421297 -0
0.262636 4 3.72759e-06 0.421297 -0
0.262636 4 5.77969e-06 0.421295 -0
0.262636 4 8.96151e-06 0.421294 -0
0.262636 4 1.3895e-05 0.421291 -0
0.262636 4 2.15443e-05 0.421287 -0
0.262636 4 3.34048e-05 0.421281 -0
0.262636 4 5.17947e-05 0.421272 -0
0.262636 4 8.03086e-05 0.421258 -0
0.262636 4 0.00012452 0.421235 -0
0.262636 4 0.00019307 0.4212 -0
0.262636 4 0.000299358 0.421147 -0
0.262636 4 0.000464159 0.421063 -0
0.262636 4 0.000719686 0.420933 -0
0.262636 4 0.00111588 0.420732 -0
0.262636 4 0.0017302 0.42042 -0
0.262636 4 0.0026827 0.419936 -0
0.262636 4 0.00415956 0.419186 -0
0.262636 4 0.00644947 0.41802 -0
0.262636 4 0.01 0.41621 -0
0.262636 4 0.0155052 0.413396 -0
0.262636 4 0.024041 0.409018 -0
0.262636 4 0.0372759 0.402201 -0
0.262636 4 0.0577969 0.391584 -0
0.262636 4 0.0896151 0.375091 -0
0.262636 4 0.13895 0.349695 -0
0.262636 4 0.215443 0.311463 -0
0.262636 4 0.334048 0.256709 -0
0.262636 4 0.517947 0.185675 -0
0.262636 4 0.803086 0.108732 -0
0.262636 4 1.2452 0.0467508 -0
0.262636 4 1.9307 0.0137576 -0
0.262636 4 2.99358 0.00293456 -0
0.262636 4 4.64159 0.000642481 -0
0.262636 4 7.19686 0.000186804 -0
0.262636 4 11.1588 7.53176e-05 -0
0.262636 4 17.302 2.848e-05 -0
0.262636 4 26.827 1.09462e-05 -0
0.262636 4 41.5956 4.53766e-06 -0
0.262636 4 64.4947 1.95251e-06 -0
0.262636 4 100 8.68505e-07 -0
0.262636 4 155.052 4.08671e-07 -0
0.262636 4 240.41 2.01527e-07 -0
0.262636 4 372.759 1.0209e-07 -0
0.262636 4 577.969 5.43404e-08 -0
0.262636 4 896.151 3.04806e-08 -0
0.262636 4 1389.5 1.7236e-08 -0
0.262636 4 2154.43 9.85062e-09 -0
0.262636 4 3340.48 5.74675e-09 -0
0.262636 4 5179.47 3.41717e-09 -0
0.262636 4 8030.86 2.05916e-09 -0
0.262636 4 12452 1.23777e-09 -0
0.262636 4 19307 7.43846e-10 -0
0.262636 4 29935.8 4.49025e-10 -0
0.262636 4 46415.9 2.71939e-10 -0
0.262636 4 71968.6 1.65115e-10 -0
0.262636 4 111588 1.00101e-10 -0
0.262636 4 173020 5.9653e-11 -0
0.262636 4 268270 3.50385e-11 -0
0.262636 4 415956 1.98887e-11 -0
0.262636 4 644947 1.0528e-11 -0
0.262636 4 1e+06 4.89536e-12 -0

0.6404 4 1e-06 0.333841 -0
0.6404 4 1.55052e-06 0.333841 -0
0.6404 4 2.4041e-06 0.333841 -0
0.6404 4 3.72759e-06 0.33384 -0
0.6404 4 5.77969e-06 0.333839 -0
0.6404 4 8.96151e-06 0.333838 -0
0.6404 4 1.3895e-05 0.333836 -0
0.6404 4 2.15443e-05 0.333832 -0
0.6404 4 3.34048e-05 0.333827 -0
0.6404 4 5.17947e-05 0.333819 -0
0.6404 4 8.03086e-05 0.333807 -0
0.6404 4 0.00012452 0.333787 -0
0.6404 4 0.00019307 0.333757 -0
0.6404 4 0.000299358 0.333711 -0
0.6404 4 0.000464159 0.333639 -0
0.6404 4 0.000719686 0.333527 -0
0.6404 4 0.00111588 0.333354 -0
0.6404 4 0.0017302 0.333086 -0
0.6404 4 0.0026827 0.33267 -0
0.6404 4 0.00415956 0.332025 -0
0.6404 4 0.00644947 0.331025 -0
0.6404 4 0.01 0.329474 -0
0.6404 4 0.0155052 0.327071 -0
0.6404 4 0.024041 0.323349 -0
0.6404 4 0.0372759 0.317587 -0
0.6404 4 0.0577969 0.308692 -0
0.6404 4 0.0896151 0.29503 -0
0.6404 4 0.13895 0.274291 -0
0.6404 4 0.215443 0.243565 -0
0.6404 4 0.334048 0.200244 -0
0.6404 4 0.517947 0.144756 -0
0.6404 4 0.803086 0.085082 -0
0.6404 4 1.2452 0.0369607 -0
0.6404 4 1.9307 0.0110472 -0
0.6404 4 2.99358 0.00237839 -0
0.6404 4 4.64159 0.000517874 -0
0.6404 4 7.19686 0.000152821 -0
0.6404 4 11.1588 6.06392e-05 -0
0.6404 4 17.302 2.341e-05 -0
0.6404 4 26.827 9.0997e-06 -0
0.6404 4 41.5956 3.66667e-06 -0
0.6404 4 64.4947 1.5084e-06 -0
0.6404 4 100 6.34013e-07 -0
0.6404 4 155.052 2.76875e-07 -0
0.6404 4 240.41 1.25735e-07 -0
0.6404 4 372.759 5.89011e-08 -0
0.6404 4 577.969 2.90333e-08 -0
0.6404 4 896.151 1.51792e-08 -0
0.6404 4 1389.5 8.13467e-09 -0
0.6404 4 2154.43 4.4649e-09 -0
0.6404 4 3340.48 2.52659e-09 -0
0.6404 4 5179.47 1.46936e-09 -0
0.6404 4 8030.86 8.71713e-10 -0
0.6404 4 12452 5.18556e-10 -0
0.6404 4 19307 3.09454e-10 -0
0.6404 4 29935.8 1.85919e-10 -0
0.6404 4 46415.9 1.12238e-10 -0
0.6404 4 71968.6 6.80031e-11 -0
0.6404 4 111588 4.1169e-11 -0
0.6404 4 173020 2.45114e-11 -0
0.6404 4 268270 1.43887e-11 -0
0.6404 4 415956 8.16429e-12 -0
0.6404 4 644947 4.3208e-12 -0
0.6404 4 1e+06 2.00891e-12 -0

1.56152 4 1e-06 0.225688 -0
1.56152 4 1.55052e-06 0.225688 -0
1.56152 4 2.4041e-06 0.225688 -0
1.56152 4 3.72759e-06 0.225688 -0
1.56152 4 5.77969e-06 0.225687 -0
1.56152 4 8.96151e-06 0.225686 -0
1.56152 4 1.3895e-05 0.225684 -0
1.56152 4 2.15443e-05 0.225682 -0
1.56152 4 3.34048e-05 0.225678 -0
1.56152 4 5.17947e-05 0.225672 -0
1.56152 4 8.03086e-05 0.225663 -0
1.56152 4 0.00012452 0.225648 -0
1.56152 4 0.00019307 0.225626 -0
1.56152 4 0.000299358 0.225591 -0
1.56152 4 0.000464159 0.225537 -0
1.56152 4 0.000719686 0.225454 -0
1.56152 4 0.00111588 0.225325 -0
1.56152 4 0.0017302 0.225124 -0
1.56152 4 0.0026827 0.224814 -0
1.56152 4 0.00415956 0.224333 -0
1.56152 4 0.00644947 0.223588 -0
1.56152 4 0.01 0.222435 -0
1.56152 4 0.0155052 0.220654 -0
1.56152 4 0.024041 0.217908 -0
1.56152 4 0.0372759 0.213687 -0
1.56152 4 0.0577969 0.207233 -0
1.56152 4 0.0896151 0.197454 -0
1.56152 4 0.13895 0.182869 -0
1.56152 4 0.215443 0.161721 -0
1.56152 4 0.334048 0.132576 -0
1.56152 4 0.517947 0.0959738 -0
1.56152 4 0.803086 0.0570161 -0
1.56152 4 1.2452 0.0254158 -0
1.56152 4 1.9307 0.00791688 -0
1.56152 4 2.99358 0.00178149 -0
1.56152 4 4.64159 0.000402499 -0
1.56152 4 7.19686 0.000123807 -0
1.56152 4 11.1588 4.92846e-05 -0
1.56152 4 17.302 1.93874e-05 -0
1.56152 4 26.827 7.6229e-06 -0
1.56152 4 41.5956 3.03758e-06 -0
1.56152 4 64.4947 1.22205e-06 -0
1.56152 4 100 4.97484e-07 -0
1.56152 4 155.052 2.07055e-07 -0
1.56152 4 240.41 8.8453e-08 -0
1.56152 4 372.759 3.87417e-08 -0
1.56152 4 577.969 1.76843e-08 -0
1.56152 4 896.151 8.5179e-09 -0
1.56152 4 1389.5 4.24817e-09 -0
1.56152 4 2154.43 2.19464e-09 -0
1.56152 4 3340.48 1.18132e-09 -0
1.56152 4 5179.47 6.60647e-10 -0
1.56152 4 8030.86 3.80755e-10 -0
1.56152 4 12452 2.21998e-10 -0
1.56152 4 19307 1.30661e-10 -0
1.56152 4 29935.8 7.77565e-11 -0
1.56152 4 46415.9 4.66381e-11 -0
1.56152 4 71968.6 2.8134e-11 -0
1.56152 4 111588 1.69829e-11 -0
1.56152 4 173020 1.00924e-11 -0
1.56152 4 268270 5.91717e-12 -0
1.56152 4 415956 3.35483e-12 -0
1.56152 4 644947 1.77467e-12 -0
1.56152 4 1e+06 8.24957e-13 -0

3.80755 4 1e-06 0.0868453 -0
3.80755 4 1.55052e-06 0.0868452 -0
3.80755 4 2.4041e-06 0.0868451 -0
3.80755 4 3.72759e-06 0.0868449 -0
3.80755 4 5.77969e-06 0.0868446 -0
3.80755 4 8.96151e-06 0.0868442 -0
3.80755 4 1.3895e-05 0.0868435 -0
3.80755 4 2.15443e-05 0.0868424 -0
3.80755 4 3.34048e-05 0.0868407 -0
3.80755 4 5.17947e-05 0.0868382 -0
3.80755 4 8.03086e-05 0.0868342 -0
3.80755 4 0.00012452 0.086828 -0
3.80755 4 0.00019307 0.0868184 -0
3.80755 4 0.000299358 0.0868036 -0
3.80755 4 0.000464159 0.0867806 -0
3.80755 4 0.000719686 0.0867449 -0
3.80755 4 0.00111588 0.0866896 -0
3.80755 4 0.0017302 0.086604 -0
3.80755 4 0.0026827 0.0864714 -0
3.80755 4 0.00415956 0.0862661 -0
3.80755 4 0.00644947 0.0859488 -0
3.80755 4 0.01 0.0854589 -0
3.80755 4 0.0155052 0.0847047 -0
3.80755 4 0.024041 0.0835479 -0
3.80755 4 0.0372759 0.0817839 -0
3.80755 4 0.0577969 0.0791183 -0
3.80755 4 0.0896151 0.0751462 -0
3.80755 4 0.13895 0.0693528 -0
3.80755 4 0.215443 0.0611796 -0
3.80755 4 0.334048 0.0502401 -0
3.80755 4 0.517947 0.0368132 -0
3.80755 4 0.803086 0.0225891 -0
3.80755 4 1.2452 0.010744 -0
3.80755 4 1.9307 0.00372146 -0
3.80755 4 2.99358 0.00096504 -0
3.80755 4 4.64159 0.000251234 -0
3.80755 4 7.19686 8.51784e-05 -0
3.80755 4 11.1588 3.5017e-05 -0
3.80755 4 17.302 1.41662e-05 -0
3.80755 4 26.827 5.68979e-06 -0
3.80755 4 41.5956 2.28186e-06 -0
3.80755 4 64.4947 9.15678e-07 -0
3.80755 4 100 3.68997e-07 -0
3.80755 4 155.052 1.50379e-07 -0
3.80755 4 240.41 6.22423e-08 -0
3.80755 4 372.759 2.61977e-08 -0
3.80755 4 577.969 1.13483e-08 -0
3.80755 4 896.151 5.12235e-09 -0
3.80755 4 1389.5 2.39154e-09 -0
3.80755 4 2154.43 1.15929e-09 -0
3.80755 4 3340.48 5.88122e-10 -0
3.80755 4 5179.47 3.12443e-10 -0
3.80755 4 8030.86 1.72799e-10 -0
3.80755 4 12452 9.77315e-11 -0
3.80755 4 19307 5.62759e-11 -0
3.80755 4 29935.8 3.29724e-11 -0
3.80755 4 46415.9 1.95637e-11 -0
3.80755 4 71968.6 1.17145e-11 -0
3.80755 4 111588 7.03615e-12 -0
3.80755 4 173020 4.16786e-12 -0
3.80755 4 268270 2.43838e-12 -0
3.80755 4 415956 1.38059e-12 -0
3.80755 4 644947 7.29731e-13 -0
3.80755 4 1e+06 3.39104e-13 -0

9.28415 4 1e-06 0.00955429 -0
9.28415 4 1.55052e-06 0.00955428 -0
9.28415 4 2.4041e-06 0.00955427 -0
9.28415 4 3.72759e-06 0.00955425 -0
9.28415 4 5.77969e-06 0.00955422 -0
9.28415 4 8.96151e-06 0.00955418 -0
9.28415 4 1.3895e-05 0.00955411 -0
9.28415 4 2.15443e-05 0.009554 -0
9.28415 4 3.34048e-05 0.00955383 -0
9.28415 4 5.17947e-05 0.00955356 -0
9.28415 4 8.03086e-05 0.00955316 -0
9.28415 4 0.00012452 0.00955253 -0
9.28415 4 0.00019307 0.00955155 -0
9.28415 4 0.000299358 0.00955003 -0
9.28415 4 0.000464159 0.00954767 -0
9.28415 4 0.000719686 0.00954403 -0
9.28415 4 0.00111588 0.00953837 -0
9.28415 4 0.0017302 0.00952962 -0
9.28415 4 0.0026827 0.00951606 -0
9.28415 4 0.00415956 0.00949508 -0
9.28415 4 0.00644947 0.00946267 -0
9.28415 4 0.01 0.00941267 -0
9.28415 4 0.0155052 0.00933578 -0
9.28415 4 0.024041 0.00921802 -0
9.28415 4 0.0372759 0.0090389 -0
9.28415 4 0.0577969 0.00876912 -0
9.28415 4 0.0896151 0.00836886 -0
9.28415 4 0.13895 0.00778785 -0
9.28415 4 0.215443 0.00697085 -0
9.28415 4 0.334048 0.0058741 -0
9.28415 4 0.517947 0.00450404 -0
9.28415 4 0.803086 0.00298907 -0
9.28415 4 1.2452 0.00162559 -0
9.28415 4 1.9307 0.000706852 -0
9.28415 4 2.99358 0.000261583 -0
9.28415 4 4.64159 9.92366e-05 -0
9.28415 4 7.19686 4.18026e-05 -0
9.28415 4 11.1588 1.88629e-05 -0
9.28415 4 17.302 8.1229e-06 -0
9.28415 4 26.827 3.43495e-06 -0
9.28415 4 41.5956 1.42641e-06 -0
9.28415 4 64.4947 5.84781e-07 -0
9.28415 4 100 2.38294e-07 -0
9.28415 4 155.052 9.72498e-08 -0
9.28415 4 240.41 3.99534e-08 -0
9.28415 4 372.759 1.65675e-08 -0
9.28415 4 577.969 6.99805e-09 -0
9.28415 4 896.151 3.04305e-09 -0
9.28415 4 1389.5 1.3598e-09 -0
9.28415 4 2154.43 6.27953e-10 -0
9.28415 4 3340.48 3.02606e-10 -0
9.28415 4 5179.47 1.52887e-10 -0
9.28415 4 8030.86 8.0854e-11 -0
9.28415 4 12452 4.41156e-11 -0
9.28415 4 19307 2.4711e-11 -0
9.28415 4 29935.8 1.41828e-11 -0
9.28415 4 46415.9 8.29086e-12 -0
9.28415 4 71968.6 4.91273e-12 -0
9.28415 4 111588 2.92964e-12 -0
9.28415 4 173020 1.72718e-12 -0
9.28415 4 268270 1.00728e-12 -0
9.28415 4 415956 5.69153e-13 -0
9.28415 4 644947 3.00475e-13 -0
9.28415 4 1e+06 1.39561e-13 -0

22.638 4 1e-06 0.000216005 -0
22.638 4 1.55052e-06 0.000216005 -0
22.638 4 2.4041e-06 0.000216005 -0
22.638 4 3.72759e-06 0.000216004 -0
22.638 4 5.77969e-06 0.000216004 -0
22.638 4 8.96151e-06 0.000216003 -0
22.638 4 1.3895e-05 0.000216003 -0
22.638 4 2.15443e-05 0.000216001 -0
22.638 4 3.34048e-05 0.000215999 -0
22.638 4 5.17947e-05 0.000215995 -0
22.638 4 8.03086e-05 0.00021599 -0
22.638 4 0.00012452 0.000215982 -0
22.638 4 0.00019307 0.000215969 -0
22.638 4 0.000299358 0.000215949 -0
22.638 4 0.000464159 0.000215919 -0
22.638 4 0.000719686 0.000215871 -0
22.638 4 0.00111588 0.000215798 -0
22.638 4 0.0017302 0.000215684 -0
22.638 4 0.0026827 0.000215507 -0
22.638 4 0.00415956 0.000215234 -0
22.638 4 0.00644947 0.000214811 -0
22.638 4 0.01 0.000214159 -0
22.638 4 0.0155052 0.000213155 -0
22.638 4 0.024041 0.000211614 -0
22.638 4 0.0372759 0.000209262 -0
22.638 4 0.0577969 0.000205699 -0
22.638 4 0.0896151 0.000200359 -0
22.638 4 0.13895 0.000192468 -0
22.638 4 0.215443 0.000181011 -0
22.638 4 0.334048 0.000164739 -0
22.638 4 0.517947 0.00014247 -0
22.638 4 0.803086 0.000114396 -0
22.638 4 1.2452 8.42768e-05 -0
22.638 4 1.9307 5.76503e-05 -0
22.638 4 2.99358 3.71718e-05 -0
22.638 4 4.64159 2.23565e-05 -0
22.638 4 7.19686 1.22151e-05 -0
22.638 4 11.1588 6.55774e-06 -0
22.638 4 17.302 3.20058e-06 -0
22.638 4 26.827 1.50222e-06 -0
22.638 4 41.5956 6.77287e-07 -0
22.638 4 64.4947 2.94573e-07 -0
22.638 4 100 1.25075e-07 -0
22.638 4 155.052 5.24702e-08 -0
22.638 4 240.41 2.19153e-08 -0
22.638 4 372.759 9.15887e-09 -0
22.638 4 577.969 3.86462e-09 -0
22.638 4 896.151 1.66231e-09 -0
22.638 4 1389.5 7.29264e-10 -0
22.638 4 2154.43 3.28322e-10 -0
22.638 4 3340.48 1.53239e-10 -0
22.638 4 5179.47 7.46787e-11 -0
22.638 4 8030.86 3.80795e-11 -0
22.638 4 12452 2.01127e-11 -0
22.638 4 19307 1.09635e-11 -0
22.638 4 29935.8 6.1568e-12 -0
22.638 4 46415.9 3.53984e-12 -0
22.638 4 71968.6 2.0721e-12 -0
22.638 4 111588 1.22502e-12 -0
22.638 4 173020 7.18006e-13 -0
22.638 4 268270 4.1707e-13 -0
22.638 4 415956 2.35048e-13 -0
22.638 4 644947 1.23898e-13 -0
22.638 4 1e+06 5.75096e-14 -0

55.1995 4 1e-06 8.19736e-06 -0
55.1995 4 1.55052e-06 8.19735e-06 -0
55.1995 4 2.4041e-06 8.19735e-06 -0
55.1995 4 3.72759e-06 8.19735e-06 -0
55.1995 4 5.77969e-06 8.19735e-06 -0
55.1995 4 8.96151e-06 8.19734e-06 -0
55.1995 4 1.3895e-05 8.19733e-06 -0
55.1995 4 2.15443e-05 8.19732e-06 -0
55.1995 4 3.34048e-05 8.1973e-06 -0
55.1995 4 5.17947e-05 8.19727e-06 -0
55.1995 4 8.03086e-05 8.19722e-06 -0
55.1995 4 0.00012452 8.19714e-06 -0
55.1995 4 0.00019307 8.19702e-06 -0
55.1995 4 0.000299358 8.19684e-06 -0
55.1995 4 0.000464159 8.19655e-06 -0
55.1995 4 0.000719686 8.19611e-06 -0
55.1995 4 0.00111588 8.19542e-06 -0
55.1995 4 0.0017302 8.19436e-06 -0
55.1995 4 0.0026827 8.19271e-06 -0
55.1995 4 0.00415956 8.19016e-06 -0
55.1995 4 0.00644947 8.18623e-06 -0
55.1995 4 0.01 8.18016e-06 -0
55.1995 4 0.0155052 8.17082e-06 -0
55.1995 4 0.024041 8.15652e-06 -0
55.1995 4 0.0372759 8.13474e-06 -0
55.1995 4 0.0577969 8.10175e-06 -0
55.1995 4 0.0896151 8.05204e-06 -0
55.1995 4 0.13895 7.977e-06 -0
55.1995 4 0.215443 7.86159e-06 -0
55.1995 4 0.334048 7.67659e-06 -0
55.1995 4 0.517947 7.36927e-06 -0
55.1995 4 0.803086 6.88044e-06 -0
55.1995 4 1.2452 6.21422e-06 -0
55.1995 4 1.9307 5.41975e-06 -0
55.1995 4 2.99358 4.53151e-06 -0
55.1995 4 4.64159 3.49497e-06 -0
55.1995 4 7.19686 2.42605e-06 -0
55.1995 4 11.1588 1.63517e-06 -0
55.1995 4 17.302 9.82191e-07 -0
55.1995 4 26.827 5.49762e-07 -0
55.1995 4 41.5956 2.88066e-07 -0
55.1995 4 64.4947 1.40834e-07 -0
55.1995 4 100 6.52059e-08 -0
55.1995 4 155.052 2.90971e-08 -0
55.1995 4 240.41 1.2668e-08 -0
55.1995 4 372.759 5.43339e-09 -0
55.1995 4 577.969 2.32161e-09 -0
55.1995 4 896.151 9.98104e-10 -0
55.1995 4 1389.5 4.33038e-10 -0
55.1995 4 2154.43 1.90848e-10 -0
55.1995 4 3340.48 8.62863e-11 -0
55.1995 4 5179.47 4.03691e-11 -0
55.1995 4 8030.86 1.96559e-11 -0
55.1995 4 12452 9.9199e-12 -0
55.1995 4 19307 5.18697e-12 -0
55.1995 4 29935.8 2.81014e-12 -0
55.1995 4 46415.9 1.56941e-12 -0
55.1995 4 71968.6 8.98346e-13 -0
55.1995 4 111588 5.22426e-13 -0
55.1995 4 173020 3.02725e-13 -0
55.1995 4 268270 1.74453e-13 -0
55.1995 4 415956 9.78001e-14 -0
55.1995 4 644947 5.13899e-14 -0
55.1995 4 1e+06 2.38227e-14 -0

134.596 4 1e-06 4.16988e-07 -0
134.596 4 1.55052e-06 4.16988e-07 -0
134.596 4 2.4041e-06 4.16988e-07 -0
134.596 4 3.72759e-06 4.16988e-07 -0
134.596 4 5.77969e-06 4.16987e-07 -0
134.596 4 8.96151e-06 4.16987e-07 -0
134.596 4 1.3895e-05 4.16987e-07 -0
134.596 4 2.15443e-05 4.16987e-07 -0
134.596 4 3.34048e-05 4.16987e-07 -0
134.596 4 5.17947e-05 4.16986e-07 -0
134.596 4 8.03086e-05 4.16985e-07 -0
134.596 4 0.00012452 4.16984e-07 -0
134.596 4 0.00019307 4.16982e-07 -0
134.596 4 0.000299358 4.16979e-07 -0
134.596 4 0.000464159 4.16974e-07 -0
134.596 4 0.000719686 4.16966e-07 -0
134.596 4 0.00111588 4.16955e-07 -0
134.596 4 0.0017302 4.16937e-07 -0
134.596 4 0.0026827 4.16909e-07 -0
134.596 4 0.00415956 4.16866e-07 -0
134.596 4 0.00644947 4.168e-07 -0
134.596 4 0.01 4.16699e-07 -0
134.596 4 0.0155052 4.16544e-07 -0
134.596 4 0.024041 4.16309e-07 -0
134.596 4 0.0372759 4.15955e-07 -0
134.596 4 0.0577969 4.15429e-07 -0
134.596 4 0.0896151 4.1465e-07 -0
134.596 4 0.13895 4.13481e-07 -0
134.596 4 0.215443 4.11618e-07 -0
134.596 4 0.334048 4.08303e-07 -0
134.596 4 0.517947 4.01909e-07 -0
134.596 4 0.803086 3.90345e-07 -0
134.596 4 1.2452 3.73391e-07 -0
134.596 4 1.9307 3.52314e-07 -0
134.596 4 2.99358 3.27738e-07 -0
134.596 4 4.64159 2.89572e-07 -0
134.596 4 7.19686 2.38514e-07 -0
134.596 4 11.1588 1.93123e-07 -0
134.596 4 17.302 1.43041e-07 -0
134.596 4 26.827 9.81298e-08 -0
134.596 4 41.5956 6.30042e-08 -0
134.596 4 64.4947 3.69859e-08 -0
134.596 4 100 1.99838e-08 -0
134.596 4 155.052 1.0123e-08 -0
134.596 4 240.41 4.87085e-09 -0
134.596 4 372.759 2.25614e-09 -0
134.596 4 577.969 1.02293e-09 -0
134.596 4 896.151 4.59826e-10 -0
134.596 4 1389.5 2.05874e-10 -0
134.596 4 2154.43 9.25477e-11 -0
134.596 4 3340.48 4.22123e-11 -0
134.596 4 5179.47 1.97097e-11 -0
134.596 4 8030.86 9.48444e-12 -0
134.596 4 12452 4.69954e-12 -0
134.596 4 19307 2.40369e-12 -0
134.596 4 29935.8 1.27244e-12 -0
134.596 4 46415.9 6.95349e-13 -0
134.596 4 71968.6 3.90602e-13 -0
134.596 4 111588 2.23725e-13 -0
134.596 4 173020 1.28182e-13 -0
134.596 4 268270 7.32542e-14 -0
134.596 4 415956 4.08307e-14 -0
134.596 4 644947 2.13787e-14 -0
134.596 4 1e+06 9.89643e-15 -0

328.193 4 1e-06 2.41222e-08 -0
328.193 4 1.55052e-06 2.41222e-08 -0
328.193 4 2.4041e-06 2.41222e-08 -0
328.193 4 3.72759e-06 2.41222e-08 -0
328.193 4 5.77969e-06 2.41222e-08 -0
328.193 4 8.96151e-06 2.41222e-08 -0
328.193 4 1.3895e-05 2.41222e-08 -0
328.193 4 2.15443e-05 2.41222e-08 -0
328.193 4 3.34048e-05 2.41222e-08 -0
328.193 4 5.17947e-05 2.41222e-08 -0
328.193 4 8.03086e-05 2.41222e-08 -0
328.193 4 0.00012452 2.41222e-08 -0
328.193 4 0.00019307 2.41221e-08 -0
328.193 4 0.000299358 2.41221e-08 -0
328.193 4 0.000464159 2.4122e-08 -0
328.193 4 0.000719686 2.41219e-08 -0
328.193 4 0.00111588 2.41217e-08 -0
328.193 4 0.0017302 2.41213e-08 -0
328.193 4 0.0026827 2.41208e-08 -0
328.193 4 0.00415956 2.41201e-08 -0
328.193 4 0.00644947 2.41189e-08 -0
328.193 4 0.01 2.41171e-08 -0
328.193 4 0.0155052 2.41145e-08 -0
328.193 4 0.024041 2.41105e-08 -0
328.193 4 0.0372759 2.41048e-08 -0
328.193 4 0.0577969 2.40966e-08 -0
328.193 4 0.0896151 2.40852e-08 -0
328.193 4 0.13895 2.40687e-08 -0
328.193 4 0.215443 2.4041e-08 -0
328.193 4 0.334048 2.39819e-08 -0
328.193 4 0.517947 2.38419e-08 -0
328.193 4 0.803086 2.35551e-08 -0
328.193 4 1.2452 2.31205e-08 -0
328.193 4 1.9307 2.26005e-08 -0
328.193 4 2.99358 2.20421e-08 -0
328.193 4 4.64159 2.09199e-08 -0
328.193 4 7.19686 1.91288e-08 -0
328.193 4 11.1588 1.74012e-08 -0
328.193 4 17.302 1.50866e-08 -0
328.193 4 26.827 1.23527e-08 -0
328.193 4 41.5956 9.66013e-09 -0
328.193 4 64.4947 6.99113e-09 -0
328.193 4 100 4.64516e-09 -0
328.193 4 155.052 2.85519e-09 -0
328.193 4 240.41 1.62637e-09 -0
328.193 4 372.759 8.64873e-10 -0
328.193 4 577.969 4.3788e-10 -0
328.193 4 896.151 2.14354e-10 -0
328.193 4 1389.5 1.02124e-10 -0
328.193 4 2154.43 4.78975e-11 -0
328.193 4 3340.48 2.23992e-11 -0
328.193 4 5179.47 1.05477e-11 -0
328.193 4 8030.86 5.04066e-12 -0
328.193 4 12452 2.45108e-12 -0
328.193 4 19307 1.21974e-12 -0
328.193 4 29935.8 6.25005e-13 -0
328.193 4 46415.9 3.30228e-13 -0
328.193 4 71968.6 1.79727e-13 -0
328.193 4 111588 1.00174e-13 -0
328.193 4 173020 5.61812e-14 -0
328.193 4 268270 3.15845e-14 -0
328.193 4 415956 1.74001e-14 -0
328.193 4 644947 9.04404e-15 -0
328.193 4 1e+06 4.17431e-15 -0

800.25 4 1e-06 2.20911e-09 -0
800.25 4 1.55052e-06 2.20911e-09 -0
800.25 4 2.4041e-06 2.20911e-09 -0
800.25 4 3.72759e-06 2.20911e-09 -0
800.25 4 5.77969e-06 2.20911e-09 -0
800.25 4 8.96151e-06 2.20911e-09 -0
800.25 4 1.3895e-05 2.20911e-09 -0
800.25 4 2.15443e-05 2.20911e-09 -0
800.25 4 3.34048e-05 2.20911e-09 -0
800.25 4 5.17947e-05 2.20911e-09 -0
800.25 4 8.03086e-05 2.20911e-09 -0
800.25 4 0.00012452 2.20911e-09 -0
800.25 4 0.00019307 2.20911e-09 -0
800.25 4 0.000299358 2.20911e-09 -0
800.25 4 0.000464159 2.20911e-09 -0
800.25 4 0.000719686 2.2091e-09 -0
800.25 4 0.00111588 2.20909e-09 -0
800.25 4 0.0017302 2.20908e-09 -0
800.25 4 0.0026827 2.20907e-09 -0
800.25 4 0.00415956 2.20904e-09 -0
800.25 4 0.00644947 2.20901e-09 -0
800.25 4 0.01 2.20895e-09 -0
800.25 4 0.0155052 2.20886e-09 -0
800.25 4 0.024041 2.20874e-09 -0
800.25 4 0.0372759 2.20856e-09 -0
800.25 4 0.0577969 2.20832e-09 -0
800.25 4 0.0896151 2.208e-09 -0
800.25 4 0.13895 2.20756e-09 -0
800.25 4 0.215443 2.20679e-09 -0
800.25 4 0.334048 2.20494e-09 -0
800.25 4 0.517947 2.20002e-09 -0
800.25 4 0.803086 2.18937e-09 -0
800.25 4 1.2452 2.17303e-09 -0
800.25 4 1.9307 2.15391e-09 -0
800.25 4 2.99358 2.13446e-09 -0
800.25 4 4.64159 2.08966e-09 -0
800.25 4 7.19686 2.01226e-09 -0
800.25 4 11.1588 1.93353e-09 -0
800.25 4 17.302 1.81891e-09 -0
800.25 4 26.827 1.65831e-09 -0
800.25 4 41.5956 1.47366e-09 -0
800.25 4 64.4947 1.24815e-09 -0
800.25 4 100 9.93516e-10 -0
800.25 4 155.052 7.38625e-10 -0
800.25 4 240.41 5.06879e-10 -0
800.25 4 372.759 3.19052e-10 -0
800.25 4 577.969 1.86745e-10 -0
800.25 4 896.151 1.0292e-10 -0
800.25 4 1389.5 5.36865e-11 -0
800.25 4 2154.43 2.68802e-11 -0
800.25 4 3340.48 1.31234e-11 -0
800.25 4 5179.47 6.3207e-12 -0
800.25 4 8030.86 3.03064e-12 -0
800.25 4 12452 1.45479e-12 -0
800.25 4 19307 7.04986e-13 -0
800.25 4 29935.8 3.47995e-13 -0
800.25 4 46415.9 1.75966e-13 -0
800.25 4 71968.6 9.14618e-14 -0
800.25 4 111588 4.87998e-14 -0
800.25 4 173020 2.63743e-14 -0
800.25 4 268270 1.43849e-14 -0
800.25 4 415956 7.74707e-15 -0
800.25 4 644947 3.96791e-15 -0
800.25 4 1e+06 1.82057e-15 -0

1951.29 4 1e-06 2.47493e-10 -0
1951.29 4 1.55052e-06 2.47493e-10 -0
1951.29 4 2.4041e-06 2.47493e-10 -0
1951.29 4 3.72759e-06 2.47493e-10 -0
1951.29 4 5.77969e-06 2.47493e-10 -0
1951.29 4 8.96151e-06 2.47493e-10 -0
1951.29 4 1.3895e-05 2.47493e-10 -0
1951.29 4 2.15443e-05 2.47493e-10 -0
1951.29 4 3.34048e-05 2.47493e-10 -0
1951.29 4 5.17947e-05 2.47493e-10 -0
1951.29 4 8.03086e-05 2.47493e-10 -0
1951.29 4 0.00012452 2.47493e-10 -0
1951.29 4 0.00019307 2.47493e-10 -0
1951.29 4 0.000299358 2.47492e-10 -0
1951.29 4 0.000464159 2.47492e-10 -0
1951.29 4 0.000719686 2.47492e-10 -0
1951.29 4 0.00111588 2.47492e-10 -0
1951.29 4 0.0017302 2.47491e-10 -0
1951.29 4 0.0026827 2.47491e-10 -0
1951.29 4 0.00415956 2.4749e-10 -0
1951.29 4 0.00644947 2.47488e-10 -0
1951.29 4 0.01 2.47486e-10 -0
1951.29 4 0.0155052 2.47482e-10 -0
1951.29 4 0.024041 2.47477e-10 -0
1951.29 4 0.0372759 2.4747e-10 -0
1951.29 4 0.0577969 2.4746e-10 -0
1951.29 4 0.0896151 2.47447e-10 -0
1951.29 4 0.13895 2.47431e-10 -0
1951.29 4 0.215443 2.47402e-10 -0
1951.29 4 0.334048 2.47327e-10 -0
1951.29 4 0.517947 2.47114e-10 -0
1951.29 4 0.803086 2.46641e-10 -0
1951.29 4 1.2452 2.45911e-10 -0
1951.29 4 1.9307 2.45067e-10 -0
1951.29 4 2.99358 2.44235e-10 -0
1951.29 4 4.64159 2.42174e-10 -0
1951.29 4 7.19686 2.38487e-10 -0
1951.29 4 11.1588 2.34653e-10 -0
1951.29 4 17.302 2.28847e-10 -0
1951.29 4 26.827 2.19954e-10 -0
1951.29 4 41.5956 2.08806e-10 -0
1951.29 4 64.4947 1.9341e-10 -0
1951.29 4 100 1.7293e-10 -0
1951.29 4 155.052 1.47901e-10 -0
1951.29 4 240.41 1.19252e-10 -0
1951.29 4 372.759 8.93778e-11 -0
1951.29 4 577.969 6.22951e-11 -0
1951.29 4 896.151 4.03698e-11 -0
1951.29 4 1389.5 2.41957e-11 -0
1951.29 4 2154.43 1.35475e-11 -0
1951.29 4 3340.48 7.20291e-12 -0
1951.29 4 5179.47 3.6859e-12 -0
1951.29 4 8030.86 1.83492e-12 -0
1951.29 4 12452 8.96021e-13 -0
1951.29 4 19307 4.33747e-13 -0
1951.29 4 29935.8 2.10425e-13 -0
1951.29 4 46415.9 1.03166e-13 -0
1951.29 4 71968.6 5.14702e-14 -0
1951.29 4 111588 2.6221e-14 -0
1951.29 4 173020 1.35484e-14 -0
1951.29 4 268270 7.09092e-15 -0
1951.29 4 415956 3.6922e-15 -0
1951.29 4 644947 1.84762e-15 -0
1951.29 4 1e+06 8.39762e-16 -0

4757.94 4 1e-06 3.38756e-11 -0
4757.94 4 1.55052e-06 3.38756e-11 -0
4757.94 4 2.4041e-06 3.38756e-11 -0
4757.94 4 3.72759e-06 3.38756e-11 -0
4757.94 4 5.77969e-06 3.38756e-11 -0
4757.94 4 8.96151e-06 3.38756e-11 -0
4757.94 4 1.3895e-05 3.38756e-11 -0
4757.94 4 2.15443e-05 3.38756e-11 -0
4757.94 4 3.34048e-05 3.38756e-11 -0
4757.94 4 5.17947e-05 3.38756e-11 -0
4757.94 4 8.03086e-05 3.38756e-11 -0
4757.94 4 0.00012452 3.38756e-11 -0
4757.94 4 0.00019307 3.38756e-11 -0
4757.94 4 0.000299358 3.38756e-11 -0
4757.94 4 0.000464159 3.38756e-11 -0
4757.94 4 0.000719686 3.38756e-11 -0
4757.94 4 0.00111588 3.38756e-11 -0
4757.94 4 0.0017302 3.38756e-11 -0
4757.94 4 0.0026827 3.38755e-11 -0
4757.94 4 0.00415956 3.38755e-11 -0
4757.94 4 0.00644947 3.38754e-11 -0
4757.94 4 0.01 3.38753e-11 -0
4757.94 4 0.0155052 3.38751e-11 -0
4757.94 4 0.024041 3.38748e-11 -0
4757.94 4 0.0372759 3.38744e-11 -0
4757.94 4 0.0577969 3.38739e-11 -0
4757.94 4 0.0896151 3.38732e-11 -0
4757.94 4 0.13895 3.38723e-11 -0
4757.94 4 0.215443 3.38708e-11 -0
4757.94 4 0.334048 3.38668e-11 -0
4757.94 4 0.517947 3.38557e-11 -0
4757.94 4 0.803086 3.38307e-11 -0
4757.94 4 1.2452 3.3792e-11 -0
4757.94 4 1.9307 3.37473e-11 -0
4757.94 4 2.99358 3.37031e-11 -0
4757.94 4 4.64159 3.35917e-11 -0
4757.94 4 7.19686 3.33903e-11 -0
4757.94 4 11.1588 3.31773e-11 -0
4757.94 4 17.302 3.2849e-11 -0
4757.94 4 26.827 3.23264e-11 -0
4757.94 4 41.5956 3.16419e-11 -0
4757.94 4 64.4947 3.06377e-11 -0
4757.94 4 100 2.91795e-11 -0
4757.94 4 155.052 2.7169e-11 -0
4757.94 4 240.41 2.44791e-11 -0
4757.94 4 372.759 2.10642e-11 -0
4757.94 4 577.969 1.71548e-11 -0
4757.94 4 896.151 1.30742e-11 -0
4757.94 4 1389.5 9.18902e-12 -0
4757.94 4 2154.43 5.94783e-12 -0
4757.94 4 3340.48 3.57746e-12 -0
4757.94 4 5179.47 2.02114e-12 -0
4757.94 4 8030.86 1.08352e-12 -0
4757.94 4 12452 5.56445e-13 -0
4757.94 4 19307 2.7725e-13 -0
4757.94 4 29935.8 1.35767e-13 -0
4757.94 4 46415.9 6.60224e-14 -0
4757.94 4 71968.6 3.21687e-14 -0
4757.94 4 111588 1.58083e-14 -0
4757.94 4 173020 7.82994e-15 -0
4757.94 4 268270 3.9171e-15 -0
4757.94 4 415956 1.95646e-15 -0
4757.94 4 644947 9.48947e-16 -0
4757.94 4 1e+06 4.25816e-16 -0

11601.6 4 1e-06 4.46737e-12 -0
11601.6 4 1.55052e-06 4.46737e-12 -0
11601.6 4 2.4041e-06 4.46737e-12 -0
11601.6 4 3.72759e-06 4.46737e-12 -0
11601.6 4 5.77969e-06 4.46737e-12 -0
11601.6 4 8.96151e-06 4.46737e-12 -0
11601.6 4 1.3895e-05 4.46737e-12 -0
11601.6 4 2.15443e-05 4.46737e-12 -0
11601.6 4 3.34048e-05 4.46737e-12 -0
11601.6 4 5.17947e-05 4.46737e-12 -0
11601.6 4 8.03086e-05 4.46737e-12 -0
11601.6 4 0.00012452 4.46737e-12 -0
11601.6 4 0.00019307 4.46737e-12 -0
11601.6 4 0.000299358 4.46737e-12 -0
11601.6 4 0.000464159 4.46736e-12 -0
11601.6 4 0.000719686 4.46736e-12 -0
11601.6 4 0.00111588 4.46736e-12 -0
11601.6 4 0.0017302 4.46736e-12 -0
11601.6 4 0.0026827 4.46736e-12 -0
11601.6 4 0.00415956 4.46736e-12 -0
11601.6 4 0.00644947 4.46735e-12 -0
11601.6 4 0.01 4.46735e-12 -0
11601.6 4 0.0155052 4.46734e-12 -0
11601.6 4 0.024041 4.46732e-12 -0
11601.6 4 0.0372759 4.4673e-12 -0
11601.6 4 0.0577969 4.46727e-12 -0
11601.6 4 0.0896151 4.46724e-12 -0
11601.6 4 0.13895 4.46719e-12 -0
11601.6 4 0.215443 4.46712e-12 -0
11601.6 4 0.334048 4.46692e-12 -0
11601.6 4 0.517947 4.46632e-12 -0
11601.6 4 0.803086 4.46497e-12 -0
11601.6 4 1.2452 4.46289e-12 -0
11601.6 4 1.9307 4.46049e-12 -0
11601.6 4 2.99358 4.45817e-12 -0
11601.6 4 4.64159 4.45212e-12 -0
11601.6 4 7.19686 4.44109e-12 -0
11601.6 4 11.1588 4.42951e-12 -0
11601.6 4 17.302 4.41149e-12 -0
11601.6 4 26.827 4.38226e-12 -0
11601.6 4 41.5956 4.34353e-12 -0
11601.6 4 64.4947 4.28526e-12 -0
11601.6 4 100 4.1972e-12 -0
11601.6 4 155.052 4.06867e-12 -0
11601.6 4 240.41 3.88239e-12 -0
11601.6 4 372.759 3.61786e-12 -0
11601.6 4 577.969 3.26667e-12 -0
11601.6 4 896.151 2.82662e-12 -0
11601.6 4 1389.5 2.30761e-12 -0
11601.6 4 2154.43 1.7583e-12 -0
11601.6 4 3340.48 1.24562e-12 -0
11601.6 4 5179.47 8.20225e-13 -0
11601.6 4 8030.86 5.02727e-13 -0
11601.6 4 12452 2.87863e-13 -0
11601.6 4 19307 1.55771e-13 -0
11601.6 4 29935.8 8.08274e-14 -0
11601.6 4 46415.9 4.07342e-14 -0
11601.6 4 71968.6 2.01613e-14 -0
11601.6 4 111588 9.888e-15 -0
11601.6 4 173020 4.82244e-15 -0
11601.6 4 268270 2.35016e-15 -0
11601.6 4 415956 1.13834e-15 -0
11601.6 4 644947 5.37747e-16 -0
11601.6 4 1e+06 2.38881e-16 -0

28288.7 4 1e-06 6.51561e-13 -0
28288.7 4 1.55052e-06 6.51561e-13 -0
28288.7 4 2.4041e-06 6.51561e-13 -0
28288.7 4 3.72759e-06 6.51561e-13 -0
28288.7 4 5.77969e-06 6.51561e-13 -0
28288.7 4 8.96151e-06 6.51561e-13 -0
28288.7 4 1.3895e-05 6.51561e-13 -0
28288.7 4 2.15443e-05 6.51561e-13 -0
28288.7 4 3.34048e-05 6.51561e-13 -0
28288.7 4 5.17947e-05 6.51561e-13 -0
28288.7 4 8.03086e-05 6.51561e-13 -0
28288.7 4 0.00012452 6.51561e-13 -0
28288.7 4 0.00019307 6.51561e-13 -0
28288.7 4 0.000299358 6.51561e-13 -0
28288.7 4 0.000464159 6.51561e-13 -0
28288.7 4 0.000719686 6.51561e-13 -0
28288.7 4 0.00111588 6.51561e-13 -0
28288.7 4 0.0017302 6.51561e-13 -0
28288.7 4 0.0026827 6.51561e-13 -0
28288.7 4 0.00415956 6.51561e-13 -0
28288.7 4 0.00644947 6.51561e-13 -0
28288.7 4 0.01 6.5156e-13 -0
28288.7 4 0.0155052 6.5156e-13 -0
28288.7 4 0.024041 6.51559e-13 -0
28288.7 4 0.0372759 6.51557e-13 -0
28288.7 4 0.0577969 6.51556e-13 -0
28288.7 4 0.0896151 6.51554e-13 -0
28288.7 4 0.13895 6.51551e-13 -0
28288.7 4 0.215443 6.51547e-13 -0
28288.7 4 0.334048 6.51535e-13 -0
28288.7 4 0.517947 6.515e-13 -0
28288.7 4 0.803086 6.5142e-13 -0
28288.7 4 1.2452 6.51297e-13 -0
28288.7 4 1.9307 6.51156e-13 -0
28288.7 4 2.99358 6.51019e-13 -0
28288.7 4 4.64159 6.50659e-13 -0
28288.7 4 7.19686 6.50002e-13 -0
28288.7 4 11.1588 6.49312e-13 -0
28288.7 4 17.302 6.48233e-13 -0
28288.7 4 26.827 6.46469e-13 -0
28288.7 4 41.5956 6.44117e-13 -0
28288.7 4 64.4947 6.4054e-13 -0
28288.7 4 100 6.35042e-13 -0
28288.7 4 155.052 6.26811e-13 -0
28288.7 4 240.41 6.14437e-13 -0
28288.7 4 372.759 5.95879e-13 -0
28288.7 4 577.969 5.69204e-13 -0
28288.7 4 896.151 5.31989e-13 -0
28288.7 4 1389.5 4.81444e-13 -0
28288.7 4 2154.43 4.17267e-13 -0
28288.7 4 3340.48 3.42832e-13 -0
28288.7 4 5179.47 2.64428e-13 -0
28288.7 4 8030.86 1.89623e-13 -0
28288.7 4 12452 1.25498e-13 -0
28288.7 4 19307 7.68792e-14 -0
28288.7 4 29935.8 4.4062e-14 -0
28288.7 4 46415.9 2.39304e-14 -0
28288.7 4 71968.6 1.24739e-14 -0
28288.7 4 111588 6.31015e-15 -0
28288.7 4 173020 3.1193e-15 -0
28288.7 4 268270 1.51766e-15 -0
28288.7 4 415956 7.26462e-16 -0
28288.7 4 644947 3.38443e-16 -0
28288.7 4 1e+06 1.49872e-16 -0

68977.9 4 1e-06 9.47667e-14 -0
68977.9 4 1.55052e-06 9.47667e-14 -0
68977.9 4 2.4041e-06 9.47667e-14 -0
68977.9 4 3.72759e-06 9.47667e-14 -0
68977.9 4 5.77969e-06 9.47667e-14 -0
68977.9 4 8.96151e-06 9.47667e-14 -0
68977.9 4 1.3895e-05 9.47667e-14 -0
68977.9 4 2.15443e-05 9.47667e-14 -0
68977.9 4 3.34048e-05 9.47667e-14 -0
68977.9 4 5.17947e-05 9.47667e-14 -0
68977.9 4 8.03086e-05 9.47667e-14 -0
68977.9 4 0.00012452 9.47667e-14 -0
68977.9 4 0.00019307 9.47667e-14 -0
68977.9 4 0.000299358 9.47667e-14 -0
68977.9 4 0.000464159 9.47667e-14 -0
68977.9 4 0.000719686 9.47667e-14 -0
68977.9 4 0.00111588 9.47667e-14 -0
68977.9 4 0.0017302 9.47667e-14 -0
68977.9 4 0.0026827 9.47667e-14 -0
68977.9 4 0.00415956 9.47667e-14 -0
68977.9 4 0.00644947 9.47667e-14 -0
68977.9 4 0.01 9.47667e-14 -0
68977.9 4 0.0155052 9.47666e-14 -0
68977.9 4 0.024041 9.47666e-14 -0
68977.9 4 0.0372759 9.47665e-14 -0
68977.9 4 0.0577969 9.47664e-14 -0
68977.9 4 0.0896151 9.47663e-14 -0
68977.9 4 0.13895 9.47662e-14 -0
68977.9 4 0.215443 9.4766e-14 -0
68977.9 4 0.334048 9.47653e-14 -0
68977.9 4 0.517947 9.47633e-14 -0
68977.9 4 0.803086 9.47587e-14 -0
68977.9 4 1.2452 9.47516e-14 -0
68977.9 4 1.9307 9.47434e-14 -0
68977.9 4 2.99358 9.47358e-14 -0
68977.9 4 4.64159 9.47149e-14 -0
68977.9 4 7.19686 9.46765e-14 -0
68977.9 4 11.1588 9.46369e-14 -0
68977.9 4 17.302 9.45748e-14 -0
68977.9 4 26.827 9.44725e-14 -0
68977.9 4 41.5956 9.4337e-14 -0
68977.9 4 64.4947 9.413e-14 -0
68977.9 4 100 9.38095e-14 -0
68977.9 4 155.052 9.33246e-14 -0
68977.9 4 240.41 9.25834e-14 -0
68977.9 4 372.759 9.14424e-14 -0
68977.9 4 577.969 8.9738e-14 -0
68977.9 4 896.151 8.72252e-14 -0
68977.9 4 1389.5 8.35313e-14 -0
68977.9 4 2154.43 7.8285e-14 -0
68977.9 4 3340.48 7.12159e-14 -0
68977.9 4 5179.47 6.22451e-14 -0
68977.9 4 8030.86 5.16009e-14 -0
68977.9 4 12452 3.99919e-14 -0
68977.9 4 19307 2.87063e-14 -0
68977.9 4 29935.8 1.905e-14 -0
68977.9 4 46415.9 1.17383e-14 -0
68977.9 4 71968.6 6.77573e-15 -0
68977.9 4 111588 3.70256e-15 -0
68977.9 4 173020 1.93246e-15 -0
68977.9 4 268270 9.7292e-16 -0
68977.9 4 415956 4.7431e-16 -0
68977.9 4 644947 2.22934e-16 -0
68977.9 4 1e+06 9.97086e-17 -0

168192 4 1e-06 1.39777e-14 -0
168192 4 1.55052e-06 1.39777e-14 -0
168192 4 2.4041e-06 1.39777e-14 -0
168192 4 3.72759e-06 1.39777e-14 -0
168192 4 5.77969e-06 1.39777e-14 -0
168192 4 8.96151e-06 1.39777e-14 -0
168192 4 1.3895e-05 1.39777e-14 -0
168192 4 2.15443e-05 1.39777e-14 -0
168192 4 3.34048e-05 1.39777e-14 -0
168192 4 5.17947e-05 1.39777e-14 -0
168192 4 8.03086e-05 1.39777e-14 -0
168192 4 0.00012452 1.39777e-14 -0
168192 4 0.00019307 1.39777e-14 -0
168192 4 0.000299358 1.39777e-14 -0
168192 4 0.000464159 1.39777e-14 -0
168192 4 0.000719686 1.39777e-14 -0
168192 4 0.00111588 1.39777e-14 -0
168192 4 0.0017302 1.39777e-14 -0
168192 4 0.0026827 1.39777e-14 -0
168192 4 0.00415956 1.39777e-14 -0
168192 4 0.00644947 1.39777e-14 -0
168192 4 0.01 1.39777e-14 -0
168192 4 0.0155052 1.39777e-14 -0
168192 4 0.024041 1.39777e-14 -0
168192 4 0.0372759 1.39777e-14 -0
168192 4 0.0577969 1.39777e-14 -0
168192 4 0.0896151 1.39777e-14 -0
168192 4 0.13895 1.39777e-14 -0
168192 4 0.215443 1.39777e-14 -0
168192 4 0.334048 1.39776e-14 -0
168192 4 0.517947 1.39775e-14 -0
168192 4 0.803086 1.39772e-14 -0
168192 4 1.2452 1.39768e-14 -0
168192 4 1.9307 1.39763e-14 -0
168192 4 2.99358 1.39758e-14 -0
168192 4 4.64159 1.39746e-14 -0
168192 4 7.19686 1.39722e-14 -0
168192 4 11.1588 1.39699e-14 -0
168192 4 17.302 1.39661e-14 -0
168192 4 26.827 1.39599e-14 -0
168192 4 41.5956 1.39517e-14 -0
168192 4 64.4947 1.39392e-14 -0
168192 4 100 1.39197e-14 -0
168192 4 155.052 1.38902e-14 -0
168192 4 240.41 1.38447e-14 -0
168192 4 372.759 1.3774e-14 -0
168192 4 577.969 1.36667e-14 -0
168192 4 896.151 1.35049e-14 -0
168192 4 1389.5 1.32588e-14 -0
168192 4 2154.43 1.28907e-14 -0
168192 4 3340.48 1.23563e-14 -0
168192 4 5179.47 1.16049e-14 -0
168192 4 8030.86 1.05849e-14 -0
168192 4 12452 9.26492e-15 -0
168192 4 19307 7.68441e-15 -0
168192 4 29935.8 5.97225e-15 -0
168192 4 46415.9 4.31437e-15 -0
168192 4 71968.6 2.88757e-15 -0
168192 4 111588 1.79269e-15 -0
168192 4 173020 1.03711e-15 -0
168192 4 268270 5.64633e-16 -0
168192 4 415956 2.91085e-16 -0
168192 4 644947 1.42125e-16 -0
168192 4 1e+06 6.53745e-17 -0

410113 4 1e-06 2.13687e-15 -0
410113 4 1.55052e-06 2.13687e-15 -0
410113 4 2.4041e-06 2.13687e-15 -0
410113 4 3.72759e-06 2.13687e-15 -0
410113 4 5.77969e-06 2.13687e-15 -0
410113 4 8.96151e-06 2.13687e-15 -0
410113 4 1.3895e-05 2.13687e-15 -0
410113 4 2.15443e-05 2.13687e-15 -0
410113 4 3.34048e-05 2.13687e-15 -0
410113 4 5.17947e-05 2.13687e-15 -0
410113 4 8.03086e-05 2.13687e-15 -0
410113 4 0.00012452 2.13687e-15 -0
410113 4 0.00019307 2.13687e-15 -0
410113 4 0.000299358 2.13687e-15 -0
410113 4 0.000464159 2.13687e-15 -0
410113 4 0.000719686 2.13687e-15 -0
410113 4 0.00111588 2.13687e-15 -0
410113 4 0.0017302 2.13687e-15 -0
410113 4 0.0026827 2.13687e-15 -0
410113 4 0.00415956 2.13687e-15 -0
410113 4 0.00644947 2.13687e-15 -0
410113 4 0.01 2.13687e-15 -0
410113 4 0.0155052 2.13687e-15 -0
410113 4 0.024041 2.13687e-15 -0
410113 4 0.0372759 2.13687e-15 -0
410113 4 0.0577969 2.13687e-15 -0
410113 4 0.0896151 2.13687e-15 -0
410113 4 0.13895 2.13687e-15 -0
410113 4 0.215443 2.13687e-15 -0
410113 4 0.334048 2.13687e-15 -0
410113 4 0.517947 2.13686e-15 -0
410113 4 0.803086 2.13684e-15 -0
410113 4 1.2452 2.13682e-15 -0
410113 4 1.9307 2.13679e-15 -0
410113 4 2.99358 2.13676e-15 -0
410113 4 4.64159 2.13668e-15 -0
410113 4 7.19686 2.13653e-15 -0
410113 4 11.1588 2.13639e-15 -0
410113 4 17.302 2.13615e-15 -0
410113 4 26.827 2.13576e-15 -0
410113 4 41.5956 2.13525e-15 -0
410113 4 64.4947 2.13447e-15 -0
410113 4 100 2.13326e-15 -0
410113 4 155.052 2.13141e-15 -0
410113 4 240.41 2.12856e-15 -0
410113 4 372.759 2.12411e-15 -0
410113 4 577.969 2.11732e-15 -0
410113 4 896.151 2.10697e-15 -0
410113 4 1389.5 2.09099e-15 -0
410113 4 2154.43 2.06655e-15 -0
410113 4 3340.48 2.02979e-15 -0
410113 4 5179.47 1.97541e-15 -0
410113 4 8030.86 1.89616e-15 -0
410113 4 12452 1.78296e-15 -0
410113 4 19307 1.62781e-15 -0
410113 4 29935.8 1.42756e-15 -0
410113 4 46415.9 1.18794e-15 -0
410113 4 71968.6 9.26427e-16 -0
410113 4 111588 6.69669e-16 -0
410113 4 173020 4.4575e-16 -0
410113 4 268270 2.73676e-16 -0
410113 4 415956 1.55272e-16 -0
410113 4 644947 8.14153e-17 -0
410113 4 1e+06 3.94103e-17 -0

1e+06 4 1e-06 3.14104e-16 -0
1e+06 4 1.55052e-06 3.14104e-16 -0
1e+06 4 2.4041e-06 3.14104e-16 -0
1e+06 4 3.72759e-06 3.14104e-16 -0
1e+06 4 5.77969e-06 3.14104e-16 -0
1e+06 4 8.96151e-06 3.14104e-16 -0
1e+06 4 1.3895e-05 3.14104e-16 -0
1e+06 4 2.15443e-05 3.14104e-16 -0
1e+06 4 3.34048e-05 3.14104e-16 -0
1e+06 4 5.17947e-05 3.14104e-16 -0
1e+06 4 8.03086e-05 3.14104e-16 -0
1e+06 4 0.00012452 3.14104e-16 -0
1e+06 4 0.00019307 3.14104e-16 -0
1e+06 4 0.000299358 3.14104e-16 -0
1e+06 4 0.000464159 3.14104e-16 -0
1e+06 4 0.000719686 3.14104e-16 -0
1e+06 4 0.00111588 3.14104e-16 -0
1e+06 4 0.0017302 3.14104e-16 -0
1e+06 4 0.0026827 3.14104e-16 -0
1e+06 4 0.00415956 3.14104e-16 -0
1e+06 4 0.00644947 3.14104e-16 -0
1e+06 4 0.01 3.14104e-16 -0
1e+06 4 0.0155052 3.14104e-16 -0
1e+06 4 0.024041 3.14104e-16 -0
1e+06 4 0.0372759 3.14104e-16 -0
1e+06 4 0.0577969 3.14104e-16 -0
1e+06 4 0.0896151 3.14104e-16 -0
1e+06 4 0.13895 3.14104e-16 -0
1e+06 4 0.215443 3.14104e-16 -0
1e+06 4 0.334048 3.14104e-16 -0
1e+06 4 0.517947 3.14104e-16 -0
1e+06 4 0.803086 3.14102e-16 -0
1e+06 4 1.2452 3.14101e-16 -0
1e+06 4 1.9307 3.14099e-16 -0
1e+06 4 2.99358 3.14097e-16 -0
1e+06 4 4.64159 3.14092e-16 -0
1e+06 4 7.19686 3.14083e-16 -0
1e+06 4 11.1588 3.14074e-16 -0
1e+06 4 17.302 3.14059e-16 -0
1e+06 4 26.827 3.14034e-16 -0
1e+06 4 41.5956 3.14002e-16 -0
1e+06 4 64.4947 3.13953e-16 -0
1e+06 4 100 3.13877e-16 -0
1e+06 4 155.052 3.13761e-16 -0
1e+06 4 240.41 3.13583e-16 -0
1e+06 4 372.759 3.13302e-16 -0
1e+06 4 577.969 3.12874e-16 -0
1e+06 4 896.151 3.12218e-16 -0
1e+06 4 1389.5 3.11201e-16 -0
1e+06 4 2154.43 3.09628e-16 -0
1e+06 4 3340.48 3.07228e-16 -0
1e+06 4 5179.47 3.03599e-16 -0
1e+06 4 8030.86 2.98139e-16 -0
1e+06 4 12452 2.89967e-16 -0
1e+06 4 19307 2.77975e-16 -0
1e+06 4 29935.8 2.60922e-16 -0
1e+06 4 46415.9 2.37659e-16 -0
1e+06 4 71968.6 2.07646e-16 -0
1e+06 4 111588 1.71598e-16 -0
1e+06 4 173020 1.32197e-16 -0
1e+06 4 268270 9.38604e-17 -0
1e+06 4 415956 6.07293e-17 -0
1e+06 4 644947 3.54778e-17 -0
1e+06 4 1e+06 1.86343e-17 -0

