#q_sq i k_sq Re(fg) Im(fg)
1e-06 1 1e-06 -3.52721e+09 0
1e-06 1 1.55052e-06 -2.27485e+09 0
1e-06 1 2.4041e-06 -1.46715e+09 0
1e-06 1 3.72759e-06 -9.46222e+08 0
1e-06 1 5.77969e-06 -6.10252e+08 0
1e-06 1 8.96151e-06 -3.93569e+08 0
1e-06 1 1.3895e-05 -2.53821e+08 0
1e-06 1 2.15443e-05 -1.6369e+08 0
1e-06 1 3.34048e-05 -1.05561e+08 0
1e-06 1 5.17947e-05 -6.80703e+07 0
1e-06 1 8.03086e-05 -4.3891e+07 0
1e-06 1 0.00012452 -2.82967e+07 0
1e-06 1 0.00019307 -1.82391e+07 0
1e-06 1 0.000299358 -1.17526e+07 0
1e-06 1 0.000464159 -7.56913e+06 0
1e-06 1 0.000719686 -4.87104e+06 0
1e-06 1 0.00111588 -3.13095e+06 0
1e-06 1 0.0017302 -2.00874e+06 0
1e-06 1 0.0026827 -1.28506e+06 0
1e-06 1 0.00415956 -818443 0
1e-06 1 0.00644947 -517693 0
1e-06 1 0.01 -324012 0
1e-06 1 0.0155052 -199531 0
1e-06 1 0.024041 -119883 0
1e-06 1 0.0372759 -69429.9 0
1e-06 1 0.0577969 -38166.7 0
1e-06 1 0.0896151 -19665.1 0
1e-06 1 0.13895 -9701.42 0
1e-06 1 0.215443 -5280.48 0
1e-06 1 0.334048 -3931.43 0
1e-06 1 0.517947 -3562.39 0
1e-06 1 0.803086 -2870.15 0
1e-06 1 1.2452 -1693.76 0
1e-06 1 1.9307 -691.314 0
1e-06 1 2.99358 -216.517 0
1e-06 1 4.64159 -39.1095 0
1e-06 1 7.19686 -6.11312 0
1e-06 1 11.1588 -2.35057 0
1e-06 1 17.302 -0.364352 0
1e-06 1 26.827 -0.037108 0
1e-06 1 41.5956 -0.00874469 0
1e-06 1 64.4947 -0.00262062 0
1e-06 1 100 -0.00083099 0
1e-06 1 155.052 -0.000341458 0
1e-06 1 240.41 -0.00011639 0
1e-06 1 372.759 -3.33363e-05 0
1e-06 1 577.969 -1.27132e-05 0
1e-06 1 896.151 -5.44454e-06 0
1e-06 1 1389.5 -1.67657e-06 0
1e-06 1 2154.43 -5.66952e-07 0
1e-06 1 3340.48 -2.18995e-07 0
1e-06 1 5179.47 -8.5122e-08 0
1e-06 1 8030.86 -3.28406e-08 0
1e-06 1 12452 -1.11289e-08 0
1e-06 1 19307 -3.96785e-09 0
1e-06 1 29935.8 -1.51916e-09 0
1e-06 1 46415.9 -5.76768e-10 0
1e-06 1 71968.6 -2.21099e-10 0
1e-06 1 111588 -8.8046e-11 0
1e-06 1 173020 -2.89161e-11 0
1e-06 1 268270 -1.0217e-11 0
1e-06 1 415956 -2.74882e-12 0
1e-06 1 644947 7.2416e-14 0
1e-06 1 1e+06 1.03558e-12 0

2.43835e-06 1 1e-06 -1.44655e+09 0
2.43835e-06 1 1.55052e-06 -9.32946e+08 0
2.43835e-06 1 2.4041e-06 -6.01696e+08 0
2.43835e-06 1 3.72759e-06 -3.88057e+08 0
2.43835e-06 1 5.77969e-06 -2.50272e+08 0
2.43835e-06 1 8.96151e-06 -1.61408e+08 0
2.43835e-06 1 1.3895e-05 -1.04095e+08 0
2.43835e-06 1 2.15443e-05 -6.71313e+07 0
2.43835e-06 1 3.34048e-05 -4.32917e+07 0
2.43835e-06 1 5.17947e-05 -2.79165e+07 0
2.43835e-06 1 8.03086e-05 -1.80002e+07 0
2.43835e-06 1 0.00012452 -1.16048e+07 0
2.43835e-06 1 0.00019307 -7.4801e+06 0
2.43835e-06 1 0.000299358 -4.81988e+06 0
2.43835e-06 1 0.000464159 -3.10419e+06 0
2.43835e-06 1 0.000719686 -1.99767e+06 0
2.43835e-06 1 0.00111588 -1.28404e+06 0
2.43835e-06 1 0.0017302 -823809 0
2.43835e-06 1 0.0026827 -527017 0
2.43835e-06 1 0.00415956 -335654 0
2.43835e-06 1 0.00644947 -212312 0
2.43835e-06 1 0.01 -132881 0
2.43835e-06 1 0.0155052 -81830 0
2.43835e-06 1 0.024041 -49165.3 0
2.43835e-06 1 0.0372759 -28473.9 0
2.43835e-06 1 0.0577969 -15652.5 0
2.43835e-06 1 0.0896151 -8064.79 0
2.43835e-06 1 0.13895 -3978.58 0
2.43835e-06 1 0.215443 -2165.52 0
2.43835e-06 1 0.334048 -1612.28 0
2.43835e-06 1 0.517947 -1460.95 0
2.43835e-06 1 0.803086 -1177.07 0
2.43835e-06 1 1.2452 -694.63 0
2.43835e-06 1 1.9307 -283.516 0
2.43835e-06 1 2.99358 -88.7961 0
2.43835e-06 1 4.64159 -16.0393 0
2.43835e-06 1 7.19686 -2.50706 0
2.43835e-06 1 11.1588 -0.963998 0
2.43835e-06 1 17.302 -0.149425 0
2.43835e-06 1 26.827 -0.0152184 0
2.43835e-06 1 41.5956 -0.00358628 0
2.43835e-06 1 64.4947 -0.00107474 0
2.43835e-06 1 100 -0.000340798 0
2.43835e-06 1 155.052 -0.000140036 0
2.43835e-06 1 240.41 -4.7733e-05 0
2.43835e-06 1 372.759 -1.36716e-05 0
2.43835e-06 1 577.969 -5.21385e-06 0
2.43835e-06 1 896.151 -2.23287e-06 0
2.43835e-06 1 1389.5 -6.87583e-07 0
2.43835e-06 1 2154.43 -2.32514e-07 0
2.43835e-06 1 3340.48 -8.98125e-08 0
2.43835e-06 1 5179.47 -3.49096e-08 0
2.43835e-06 1 8030.86 -1.34683e-08 0
2.43835e-06 1 12452 -4.56411e-09 0
2.43835e-06 1 19307 -1.62727e-09 0
2.43835e-06 1 29935.8 -6.23027e-10 0
2.43835e-06 1 46415.9 -2.3654e-10 0
2.43835e-06 1 71968.6 -9.06755e-11 0
2.43835e-06 1 111588 -3.61088e-11 0
2.43835e-06 1 173020 -1.18589e-11 0
2.43835e-06 1 268270 -4.1901e-12 0
2.43835e-06 1 415956 -1.12733e-12 0
2.43835e-06 1 644947 2.96986e-14 0
2.43835e-06 1 1e+06 4.24706e-13 0

5.94557e-06 1 1e-06 -5.93249e+08 0
5.94557e-06 1 1.55052e-06 -3.82612e+08 0
5.94557e-06 1 2.4041e-06 -2.46763e+08 0
5.94557e-06 1 3.72759e-06 -1.59147e+08 0
5.94557e-06 1 5.77969e-06 -1.02639e+08 0
5.94557e-06 1 8.96151e-06 -6.61952e+07 0
5.94557e-06 1 1.3895e-05 -4.26906e+07 0
5.94557e-06 1 2.15443e-05 -2.75313e+07 0
5.94557e-06 1 3.34048e-05 -1.77544e+07 0
5.94557e-06 1 5.17947e-05 -1.14489e+07 0
5.94557e-06 1 8.03086e-05 -7.38211e+06 0
5.94557e-06 1 0.00012452 -4.75927e+06 0
5.94557e-06 1 0.00019307 -3.06768e+06 0
5.94557e-06 1 0.000299358 -1.97669e+06 0
5.94557e-06 1 0.000464159 -1.27307e+06 0
5.94557e-06 1 0.000719686 -819269 0
5.94557e-06 1 0.00111588 -526601 0
5.94557e-06 1 0.0017302 -337854 0
5.94557e-06 1 0.0026827 -216136 0
5.94557e-06 1 0.00415956 -137655 0
5.94557e-06 1 0.00644947 -87071.5 0
5.94557e-06 1 0.01 -54496.1 0
5.94557e-06 1 0.0155052 -33559.3 0
5.94557e-06 1 0.024041 -20163.1 0
5.94557e-06 1 0.0372759 -11677.4 0
5.94557e-06 1 0.0577969 -6419.16 0
5.94557e-06 1 0.0896151 -3307.36 0
5.94557e-06 1 0.13895 -1631.57 0
5.94557e-06 1 0.215443 -888.03 0
5.94557e-06 1 0.334048 -661.164 0
5.94557e-06 1 0.517947 -599.125 0
5.94557e-06 1 0.803086 -482.719 0
5.94557e-06 1 1.2452 -284.873 0
5.94557e-06 1 1.9307 -116.272 0
5.94557e-06 1 2.99358 -36.4162 0
5.94557e-06 1 4.64159 -6.57788 0
5.94557e-06 1 7.19686 -1.02817 0
5.94557e-06 1 11.1588 -0.395346 0
5.94557e-06 1 17.302 -0.0612807 0
5.94557e-06 1 26.827 -0.00624114 0
5.94557e-06 1 41.5956 -0.00147075 0
5.94557e-06 1 64.4947 -0.000440758 0
5.94557e-06 1 100 -0.000139764 0
5.94557e-06 1 155.052 -5.743e-05 0
5.94557e-06 1 240.41 -1.95758e-05 0
5.94557e-06 1 372.759 -5.60687e-06 0
5.94557e-06 1 577.969 -2.13826e-06 0
5.94557e-06 1 896.151 -9.15726e-07 0
5.94557e-06 1 1389.5 -2.81986e-07 0
5.94557e-06 1 2154.43 -9.53568e-08 0
5.94557e-06 1 3340.48 -3.68332e-08 0
5.94557e-06 1 5179.47 -1.43169e-08 0
5.94557e-06 1 8030.86 -5.52353e-09 0
5.94557e-06 1 12452 -1.8718e-09 0
5.94557e-06 1 19307 -6.67363e-10 0
5.94557e-06 1 29935.8 -2.55511e-10 0
5.94557e-06 1 46415.9 -9.7008e-11 0
5.94557e-06 1 71968.6 -3.71872e-11 0
5.94557e-06 1 111588 -1.48087e-11 0
5.94557e-06 1 173020 -4.86347e-12 0
5.94557e-06 1 268270 -1.71841e-12 0
5.94557e-06 1 415956 -4.62331e-13 0
5.94557e-06 1 644947 1.21796e-14 0
5.94557e-06 1 1e+06 1.74177e-13 0

1.44974e-05 1 1e-06 -2.43298e+08 0
1.44974e-05 1 1.55052e-06 -1.56913e+08 0
1.44974e-05 1 2.4041e-06 -1.012e+08 0
1.44974e-05 1 3.72759e-06 -6.52678e+07 0
1.44974e-05 1 5.77969e-06 -4.20935e+07 0
1.44974e-05 1 8.96151e-06 -2.71473e+07 0
1.44974e-05 1 1.3895e-05 -1.75079e+07 0
1.44974e-05 1 2.15443e-05 -1.12909e+07 0
1.44974e-05 1 3.34048e-05 -7.28129e+06 0
1.44974e-05 1 5.17947e-05 -4.6953e+06 0
1.44974e-05 1 8.03086e-05 -3.02748e+06 0
1.44974e-05 1 0.00012452 -1.95183e+06 0
1.44974e-05 1 0.00019307 -1.25809e+06 0
1.44974e-05 1 0.000299358 -810662 0
1.44974e-05 1 0.000464159 -522098 0
1.44974e-05 1 0.000719686 -335991 0
1.44974e-05 1 0.00111588 -215964 0
1.44974e-05 1 0.0017302 -138557 0
1.44974e-05 1 0.0026827 -88639.5 0
1.44974e-05 1 0.00415956 -56453.8 0
1.44974e-05 1 0.00644947 -35708.8 0
1.44974e-05 1 0.01 -22349.3 0
1.44974e-05 1 0.0155052 -13762.9 0
1.44974e-05 1 0.024041 -8268.98 0
1.44974e-05 1 0.0372759 -4788.88 0
1.44974e-05 1 0.0577969 -2632.44 0
1.44974e-05 1 0.0896151 -1356.27 0
1.44974e-05 1 0.13895 -669.029 0
1.44974e-05 1 0.215443 -364.117 0
1.44974e-05 1 0.334048 -271.1 0
1.44974e-05 1 0.517947 -245.68 0
1.44974e-05 1 0.803086 -197.956 0
1.44974e-05 1 1.2452 -116.826 0
1.44974e-05 1 1.9307 -47.6838 0
1.44974e-05 1 2.99358 -14.9346 0
1.44974e-05 1 4.64159 -2.69764 0
1.44974e-05 1 7.19686 -0.42166 0
1.44974e-05 1 11.1588 -0.162135 0
1.44974e-05 1 17.302 -0.0251315 0
1.44974e-05 1 26.827 -0.00255946 0
1.44974e-05 1 41.5956 -0.000603145 0
1.44974e-05 1 64.4947 -0.000180753 0
1.44974e-05 1 100 -5.73169e-05 0
1.44974e-05 1 155.052 -2.35523e-05 0
1.44974e-05 1 240.41 -8.02814e-06 0
1.44974e-05 1 372.759 -2.29941e-06 0
1.44974e-05 1 577.969 -8.76917e-07 0
1.44974e-05 1 896.151 -3.75548e-07 0
1.44974e-05 1 1389.5 -1.15645e-07 0
1.44974e-05 1 2154.43 -3.91069e-08 0
1.44974e-05 1 3340.48 -1.51057e-08 0
1.44974e-05 1 5179.47 -5.87151e-09 0
1.44974e-05 1 8030.86 -2.26527e-09 0
1.44974e-05 1 12452 -7.67648e-10 0
1.44974e-05 1 19307 -2.73694e-10 0
1.44974e-05 1 29935.8 -1.04788e-10 0
1.44974e-05 1 46415.9 -3.97842e-11 0
1.44974e-05 1 71968.6 -1.52509e-11 0
1.44974e-05 1 111588 -6.07322e-12 0
1.44974e-05 1 173020 -1.99457e-12 0
1.44974e-05 1 268270 -7.04744e-13 0
1.44974e-05 1 415956 -1.89608e-13 0
1.44974e-05 1 644947 4.99486e-15 0
1.44974e-05 1 1e+06 7.14321e-14 0

3.53498e-05 1 1e-06 -9.97782e+07 0
3.53498e-05 1 1.55052e-06 -6.43513e+07 0
3.53498e-05 1 2.4041e-06 -4.15029e+07 0
3.53498e-05 1 3.72759e-06 -2.67668e+07 0
3.53498e-05 1 5.77969e-06 -1.72629e+07 0
3.53498e-05 1 8.96151e-06 -1.11333e+07 0
3.53498e-05 1 1.3895e-05 -7.1801e+06 0
3.53498e-05 1 2.15443e-05 -4.63048e+06 0
3.53498e-05 1 3.34048e-05 -2.98611e+06 0
3.53498e-05 1 5.17947e-05 -1.92558e+06 0
3.53498e-05 1 8.03086e-05 -1.24159e+06 0
3.53498e-05 1 0.00012452 -800459 0
3.53498e-05 1 0.00019307 -515951 0
3.53498e-05 1 0.000299358 -332458 0
3.53498e-05 1 0.000464159 -214116 0
3.53498e-05 1 0.000719686 -137792 0
3.53498e-05 1 0.00111588 -88568.5 0
3.53498e-05 1 0.0017302 -56823.2 0
3.53498e-05 1 0.0026827 -36351.6 0
3.53498e-05 1 0.00415956 -23152 0
3.53498e-05 1 0.00644947 -14644.3 0
3.53498e-05 1 0.01 -9165.46 0
3.53498e-05 1 0.0155052 -5644.13 0
3.53498e-05 1 0.024041 -3391.03 0
3.53498e-05 1 0.0372759 -1963.82 0
3.53498e-05 1 0.0577969 -1079.46 0
3.53498e-05 1 0.0896151 -556.106 0
3.53498e-05 1 0.13895 -274.279 0
3.53498e-05 1 0.215443 -149.253 0
3.53498e-05 1 0.334048 -111.13 0
3.53498e-05 1 0.517947 -100.727 0
3.53498e-05 1 0.803086 -81.1715 0
3.53498e-05 1 1.2452 -47.9076 0
3.53498e-05 1 1.9307 -19.5548 0
3.53498e-05 1 2.99358 -6.12467 0
3.53498e-05 1 4.64159 -1.1063 0
3.53498e-05 1 7.19686 -0.172921 0
3.53498e-05 1 11.1588 -0.0664917 0
3.53498e-05 1 17.302 -0.0103063 0
3.53498e-05 1 26.827 -0.00104956 0
3.53498e-05 1 41.5956 -0.000247329 0
3.53498e-05 1 64.4947 -7.41217e-05 0
3.53498e-05 1 100 -2.35045e-05 0
3.53498e-05 1 155.052 -9.65858e-06 0
3.53498e-05 1 240.41 -3.29231e-06 0
3.53498e-05 1 372.759 -9.42984e-07 0
3.53498e-05 1 577.969 -3.59626e-07 0
3.53498e-05 1 896.151 -1.54015e-07 0
3.53498e-05 1 1389.5 -4.7427e-08 0
3.53498e-05 1 2154.43 -1.6038e-08 0
3.53498e-05 1 3340.48 -6.195e-09 0
3.53498e-05 1 5179.47 -2.40797e-09 0
3.53498e-05 1 8030.86 -9.29011e-10 0
3.53498e-05 1 12452 -3.14821e-10 0
3.53498e-05 1 19307 -1.12245e-10 0
3.53498e-05 1 29935.8 -4.2975e-11 0
3.53498e-05 1 46415.9 -1.6316e-11 0
3.53498e-05 1 71968.6 -6.25459e-12 0
3.53498e-05 1 111588 -2.4907e-12 0
3.53498e-05 1 173020 -8.17998e-13 0
3.53498e-05 1 268270 -2.89024e-13 0
3.53498e-05 1 415956 -7.77608e-14 0
3.53498e-05 1 644947 2.0483e-15 0
3.53498e-05 1 1e+06 2.92951e-14 0

8.61954e-05 1 1e-06 -4.09191e+07 0
8.61954e-05 1 1.55052e-06 -2.63905e+07 0
8.61954e-05 1 2.4041e-06 -1.70203e+07 0
8.61954e-05 1 3.72759e-06 -1.09771e+07 0
8.61954e-05 1 5.77969e-06 -7.07951e+06 0
8.61954e-05 1 8.96151e-06 -4.56578e+06 0
8.61954e-05 1 1.3895e-05 -2.94456e+06 0
8.61954e-05 1 2.15443e-05 -1.89896e+06 0
8.61954e-05 1 3.34048e-05 -1.2246e+06 0
8.61954e-05 1 5.17947e-05 -789680 0
8.61954e-05 1 8.03086e-05 -509177 0
8.61954e-05 1 0.00012452 -328268 0
8.61954e-05 1 0.00019307 -211591 0
8.61954e-05 1 0.000299358 -136341 0
8.61954e-05 1 0.000464159 -87808.9 0
8.61954e-05 1 0.000719686 -56508.5 0
8.61954e-05 1 0.00111588 -36321.8 0
8.61954e-05 1 0.0017302 -23303.1 0
8.61954e-05 1 0.0026827 -14907.6 0
8.61954e-05 1 0.00415956 -9494.48 0
8.61954e-05 1 0.00644947 -6005.49 0
8.61954e-05 1 0.01 -3758.61 0
8.61954e-05 1 0.0155052 -2314.52 0
8.61954e-05 1 0.024041 -1390.53 0
8.61954e-05 1 0.0372759 -805.233 0
8.61954e-05 1 0.0577969 -442.565 0
8.61954e-05 1 0.0896151 -227.948 0
8.61954e-05 1 0.13895 -112.388 0
8.61954e-05 1 0.215443 -61.1352 0
8.61954e-05 1 0.334048 -45.5241 0
8.61954e-05 1 0.517947 -41.28 0
8.61954e-05 1 0.803086 -33.2765 0
8.61954e-05 1 1.2452 -19.6434 0
8.61954e-05 1 1.9307 -8.01871 0
8.61954e-05 1 2.99358 -2.51162 0
8.61954e-05 1 4.64159 -0.453675 0
8.61954e-05 1 7.19686 -0.0709107 0
8.61954e-05 1 11.1588 -0.0272674 0
8.61954e-05 1 17.302 -0.00422631 0
8.61954e-05 1 26.827 -0.000430325 0
8.61954e-05 1 41.5956 -0.000101404 0
8.61954e-05 1 64.4947 -3.03909e-05 0
8.61954e-05 1 100 -9.63756e-06 0
8.61954e-05 1 155.052 -3.9606e-06 0
8.61954e-05 1 240.41 -1.35009e-06 0
8.61954e-05 1 372.759 -3.86696e-07 0
8.61954e-05 1 577.969 -1.47478e-07 0
8.61954e-05 1 896.151 -6.31609e-08 0
8.61954e-05 1 1389.5 -1.94498e-08 0
8.61954e-05 1 2154.43 -6.57723e-09 0
8.61954e-05 1 3340.48 -2.5406e-09 0
8.61954e-05 1 5179.47 -9.87524e-10 0
8.61954e-05 1 8030.86 -3.80995e-10 0
8.61954e-05 1 12452 -1.29111e-10 0
8.61954e-05 1 19307 -4.60328e-11 0
8.61954e-05 1 29935.8 -1.76245e-11 0
8.61954e-05 1 46415.9 -6.69136e-12 0
8.61954e-05 1 71968.6 -2.56508e-12 0
8.61954e-05 1 111588 -1.02147e-12 0
8.61954e-05 1 173020 -3.35471e-13 0
8.61954e-05 1 268270 -1.18533e-13 0
8.61954e-05 1 415956 -3.18908e-14 0
8.61954e-05 1 644947 8.39878e-16 0
8.61954e-05 1 1e+06 1.20141e-14 0

0.000210175 1 1e-06 -1.67802e+07 0
0.000210175 1 1.55052e-06 -1.08223e+07 0
0.000210175 1 2.4041e-06 -6.97973e+06 0
0.000210175 1 3.72759e-06 -4.50151e+06 0
0.000210175 1 5.77969e-06 -2.90318e+06 0
0.000210175 1 8.96151e-06 -1.87235e+06 0
0.000210175 1 1.3895e-05 -1.20751e+06 0
0.000210175 1 2.15443e-05 -778730 0
0.000210175 1 3.34048e-05 -502188 0
0.000210175 1 5.17947e-05 -323834 0
0.000210175 1 8.03086e-05 -208804 0
0.000210175 1 0.00012452 -134617 0
0.000210175 1 0.00019307 -86769.6 0
0.000210175 1 0.000299358 -55910.9 0
0.000210175 1 0.000464159 -36008.7 0
0.000210175 1 0.000719686 -23173 0
0.000210175 1 0.00111588 -14894.8 0
0.000210175 1 0.0017302 -9556.03 0
0.000210175 1 0.0026827 -6113.21 0
0.000210175 1 0.00415956 -3893.37 0
0.000210175 1 0.00644947 -2462.6 0
0.000210175 1 0.01 -1541.2 0
0.000210175 1 0.0155052 -949 0
0.000210175 1 0.024041 -570.092 0
0.000210175 1 0.0372759 -330.08 0
0.000210175 1 0.0577969 -181.365 0
0.000210175 1 0.0896151 -93.3667 0
0.000210175 1 0.13895 -45.9938 0
0.000210175 1 0.215443 -24.9969 0
0.000210175 1 0.334048 -18.6184 0
0.000210175 1 0.517947 -16.9 0
0.000210175 1 0.803086 -13.6342 0
0.000210175 1 1.2452 -8.05189 0
0.000210175 1 1.9307 -3.28762 0
0.000210175 1 2.99358 -1.02986 0
0.000210175 1 4.64159 -0.186025 0
0.000210175 1 7.19686 -0.0290748 0
0.000210175 1 11.1588 -0.0111809 0
0.000210175 1 17.302 -0.00173282 0
0.000210175 1 26.827 -0.000176371 0
0.000210175 1 41.5956 -4.15586e-05 0
0.000210175 1 64.4947 -1.24563e-05 0
0.000210175 1 100 -3.95057e-06 0
0.000210175 1 155.052 -1.62379e-06 0
0.000210175 1 240.41 -5.53556e-07 0
0.000210175 1 372.759 -1.58555e-07 0
0.000210175 1 577.969 -6.04735e-08 0
0.000210175 1 896.151 -2.59006e-08 0
0.000210175 1 1389.5 -7.97594e-09 0
0.000210175 1 2154.43 -2.69723e-09 0
0.000210175 1 3340.48 -1.04188e-09 0
0.000210175 1 5179.47 -4.04982e-10 0
0.000210175 1 8030.86 -1.56247e-10 0
0.000210175 1 12452 -5.2949e-11 0
0.000210175 1 19307 -1.88783e-11 0
0.000210175 1 29935.8 -7.22794e-12 0
0.000210175 1 46415.9 -2.74419e-12 0
0.000210175 1 71968.6 -1.05196e-12 0
0.000210175 1 111588 -4.18914e-13 0
0.000210175 1 173020 -1.37581e-13 0
0.000210175 1 268270 -4.86118e-14 0
0.000210175 1 415956 -1.3079e-14 0
0.000210175 1 644947 3.44289e-16 0
0.000210175 1 1e+06 4.927e-15 0

0.000512481 1 1e-06 -6.88051e+06 0
0.000512481 1 1.55052e-06 -4.43754e+06 0
0.000512481 1 2.4041e-06 -2.86196e+06 0
0.000512481 1 3.72759e-06 -1.84579e+06 0
0.000512481 1 5.77969e-06 -1.19041e+06 0
0.000512481 1 8.96151e-06 -767733 0
0.000512481 1 1.3895e-05 -495126 0
0.000512481 1 2.15443e-05 -319309 0
0.000512481 1 3.34048e-05 -205916 0
0.000512481 1 5.17947e-05 -132784 0
0.000512481 1 8.03086e-05 -85617.6 0
0.000512481 1 0.00012452 -55197.8 0
0.000512481 1 0.00019307 -35578.7 0
0.000512481 1 0.000299358 -22925.4 0
0.000512481 1 0.000464159 -14764.8 0
0.000512481 1 0.000719686 -9501.65 0
0.000512481 1 0.00111588 -6107.28 0
0.000512481 1 0.0017302 -3918.19 0
0.000512481 1 0.0026827 -2506.5 0
0.000512481 1 0.00415956 -1596.28 0
0.000512481 1 0.00644947 -1009.61 0
0.000512481 1 0.01 -631.806 0
0.000512481 1 0.0155052 -388.985 0
0.000512481 1 0.024041 -233.622 0
0.000512481 1 0.0372759 -135.214 0
0.000512481 1 0.0577969 -74.2436 0
0.000512481 1 0.0896151 -38.1731 0
0.000512481 1 0.13895 -18.7648 0
0.000512481 1 0.215443 -10.176 0
0.000512481 1 0.334048 -7.58399 0
0.000512481 1 0.517947 -6.90151 0
0.000512481 1 0.803086 -5.57862 0
0.000512481 1 1.2452 -3.29806 0
0.000512481 1 1.9307 -1.34734 0
0.000512481 1 2.99358 -0.42217 0
0.000512481 1 4.64159 -0.0762576 0
0.000512481 1 7.19686 -0.0119174 0
0.000512481 1 11.1588 -0.0045837 0
0.000512481 1 17.302 -0.000710212 0
0.000512481 1 26.827 -7.22214e-05 0
0.000512481 1 41.5956 -1.70151e-05 0
0.000512481 1 64.4947 -5.10108e-06 0
0.000512481 1 100 -1.61826e-06 0
0.000512481 1 155.052 -6.65433e-07 0
0.000512481 1 240.41 -2.26888e-07 0
0.000512481 1 372.759 -6.49912e-08 0
0.000512481 1 577.969 -2.47919e-08 0
0.000512481 1 896.151 -1.06197e-08 0
0.000512481 1 1389.5 -3.27038e-09 0
0.000512481 1 2154.43 -1.106e-09 0
0.000512481 1 3340.48 -4.27241e-10 0
0.000512481 1 5179.47 -1.66074e-10 0
0.000512481 1 8030.86 -6.40748e-11 0
0.000512481 1 12452 -2.1714e-11 0
0.000512481 1 19307 -7.74194e-12 0
0.000512481 1 29935.8 -2.96418e-12 0
0.000512481 1 46415.9 -1.1254e-12 0
0.000512481 1 71968.6 -4.31416e-13 0
0.000512481 1 111588 -1.71799e-13 0
0.000512481 1 173020 -5.64233e-14 0
0.000512481 1 268270 -1.99363e-14 0
0.000512481 1 415956 -5.364e-15 0
0.000512481 1 644947 1.41041e-16 0
0.000512481 1 1e+06 2.02048e-15 0

0.00124961 1 1e-06 -2.82053e+06 0
0.00124961 1 1.55052e-06 -1.81909e+06 0
0.00124961 1 2.4041e-06 -1.1732e+06 0
0.00124961 1 3.72759e-06 -756646 0
0.00124961 1 5.77969e-06 -487987 0
0.00124961 1 8.96151e-06 -314717 0
0.00124961 1 1.3895e-05 -202967 0
0.00124961 1 2.15443e-05 -130894 0
0.00124961 1 3.34048e-05 -84411.2 0
0.00124961 1 5.17947e-05 -54432.1 0
0.00124961 1 8.03086e-05 -35097.1 0
0.00124961 1 0.00012452 -22627.1 0
0.00124961 1 0.00019307 -14584.7 0
0.00124961 1 0.000299358 -9397.7 0
0.00124961 1 0.000464159 -6052.4 0
0.00124961 1 0.000719686 -3894.87 0
0.00124961 1 0.00111588 -2503.41 0
0.00124961 1 0.0017302 -1606.04 0
0.00124961 1 0.0026827 -1027.35 0
0.00124961 1 0.00415956 -654.22 0
0.00124961 1 0.00644947 -413.727 0
0.00124961 1 0.01 -258.853 0
0.00124961 1 0.0155052 -159.316 0
0.00124961 1 0.024041 -95.6319 0
0.00124961 1 0.0372759 -55.297 0
0.00124961 1 0.0577969 -30.3118 0
0.00124961 1 0.0896151 -15.5375 0
0.00124961 1 0.13895 -7.59794 0
0.00124961 1 0.215443 -4.09788 0
0.00124961 1 0.334048 -3.05866 0
0.00124961 1 0.517947 -2.801 0
0.00124961 1 0.803086 -2.27493 0
0.00124961 1 1.2452 -1.34846 0
0.00124961 1 1.9307 -0.551604 0
0.00124961 1 2.99358 -0.17295 0
0.00124961 1 4.64159 -0.0312407 0
0.00124961 1 7.19686 -0.00488091 0
0.00124961 1 11.1588 -0.00187809 0
0.00124961 1 17.302 -0.000290826 0
0.00124961 1 26.827 -2.95082e-05 0
0.00124961 1 41.5956 -6.94956e-06 0
0.00124961 1 64.4947 -2.08462e-06 0
0.00124961 1 100 -6.61751e-07 0
0.00124961 1 155.052 -2.72399e-07 0
0.00124961 1 240.41 -9.2918e-08 0
0.00124961 1 372.759 -2.66196e-08 0
0.00124961 1 577.969 -1.01584e-08 0
0.00124961 1 896.151 -4.35277e-09 0
0.00124961 1 1389.5 -1.34058e-09 0
0.00124961 1 2154.43 -4.5341e-10 0
0.00124961 1 3340.48 -1.75169e-10 0
0.00124961 1 5179.47 -6.80954e-11 0
0.00124961 1 8030.86 -2.62738e-11 0
0.00124961 1 12452 -8.90409e-12 0
0.00124961 1 19307 -3.17477e-12 0
0.00124961 1 29935.8 -1.21556e-12 0
0.00124961 1 46415.9 -4.61515e-13 0
0.00124961 1 71968.6 -1.76922e-13 0
0.00124961 1 111588 -7.04547e-14 0
0.00124961 1 173020 -2.31396e-14 0
0.00124961 1 268270 -8.17619e-15 0
0.00124961 1 415956 -2.19999e-15 0
0.00124961 1 644947 5.76863e-17 0
0.00124961 1 1e+06 8.28482e-16 0

0.00304699 1 1e-06 -1.15549e+06 0
0.00304699 1 1.55052e-06 -745223 0
0.00304699 1 2.4041e-06 -480625 0
0.00304699 1 3.72759e-06 -309974 0
0.00304699 1 5.77969e-06 -199913 0
0.00304699 1 8.96151e-06 -128930 0
0.00304699 1 1.3895e-05 -83149.2 0
0.00304699 1 2.15443e-05 -53623.2 0
0.00304699 1 3.34048e-05 -34580.5 0
0.00304699 1 5.17947e-05 -22299 0
0.00304699 1 8.03086e-05 -14378.1 0
0.00304699 1 0.00012452 -9269.5 0
0.00304699 1 0.00019307 -5974.74 0
0.00304699 1 0.000299358 -3849.8 0
0.00304699 1 0.000464159 -2479.33 0
0.00304699 1 0.000719686 -1595.46 0
0.00304699 1 0.00111588 -1025.42 0
0.00304699 1 0.0017302 -657.797 0
0.00304699 1 0.0026827 -420.725 0
0.00304699 1 0.00415956 -267.867 0
0.00304699 1 0.00644947 -169.346 0
0.00304699 1 0.01 -105.901 0
0.00304699 1 0.0155052 -65.1259 0
0.00304699 1 0.024041 -39.0403 0
0.00304699 1 0.0372759 -22.5221 0
0.00304699 1 0.0577969 -12.295 0
0.00304699 1 0.0896151 -6.25451 0
0.00304699 1 0.13895 -3.01835 0
0.00304699 1 0.215443 -1.60521 0
0.00304699 1 0.334048 -1.20282 0
0.00304699 1 0.517947 -1.11936 0
0.00304699 1 0.803086 -0.920058 0
0.00304699 1 1.2452 -0.548905 0
0.00304699 1 1.9307 -0.225264 0
0.00304699 1 2.99358 -0.0707414 0
0.00304699 1 4.64159 -0.0127788 0
0.00304699 1 7.19686 -0.00199516 0
0.00304699 1 11.1588 -0.000768484 0
0.00304699 1 17.302 -0.000118831 0
0.00304699 1 26.827 -1.19911e-05 0
0.00304699 1 41.5956 -2.82155e-06 0
0.00304699 1 64.4947 -8.4753e-07 0
0.00304699 1 100 -2.69475e-07 0
0.00304699 1 155.052 -1.11211e-07 0
0.00304699 1 240.41 -3.79751e-08 0
0.00304699 1 372.759 -1.0883e-08 0
0.00304699 1 577.969 -4.15703e-09 0
0.00304699 1 896.151 -1.78264e-09 0
0.00304699 1 1389.5 -5.49137e-10 0
0.00304699 1 2154.43 -1.85776e-10 0
0.00304699 1 3340.48 -7.17906e-11 0
0.00304699 1 5179.47 -2.7913e-11 0
0.00304699 1 8030.86 -1.07712e-11 0
0.00304699 1 12452 -3.6506e-12 0
0.00304699 1 19307 -1.30172e-12 0
0.00304699 1 29935.8 -4.9843e-13 0
0.00304699 1 46415.9 -1.89248e-13 0
0.00304699 1 71968.6 -7.25505e-14 0
0.00304699 1 111588 -2.8892e-14 0
0.00304699 1 173020 -9.48958e-15 0
0.00304699 1 268270 -3.35321e-15 0
0.00304699 1 415956 -9.02389e-16 0
0.00304699 1 644947 2.35001e-17 0
0.00304699 1 1e+06 3.39627e-16 0

0.00742964 1 1e-06 -472629 0
0.00742964 1 1.55052e-06 -304819 0
0.00742964 1 2.4041e-06 -196591 0
0.00742964 1 3.72759e-06 -126789 0
0.00742964 1 5.77969e-06 -81770.6 0
0.00742964 1 8.96151e-06 -52736.1 0
0.00742964 1 1.3895e-05 -34010.5 0
0.00742964 1 2.15443e-05 -21933.4 0
0.00742964 1 3.34048e-05 -14144.4 0
0.00742964 1 5.17947e-05 -9120.83 0
0.00742964 1 8.03086e-05 -5880.93 0
0.00742964 1 0.00012452 -3791.36 0
0.00742964 1 0.00019307 -2443.71 0
0.00742964 1 0.000299358 -1574.54 0
0.00742964 1 0.000464159 -1013.98 0
0.00742964 1 0.000719686 -652.445 0
0.00742964 1 0.00111588 -419.282 0
0.00742964 1 0.0017302 -268.912 0
0.00742964 1 0.0026827 -171.943 0
0.00742964 1 0.00415956 -109.42 0
0.00742964 1 0.00644947 -69.1227 0
0.00742964 1 0.01 -43.1733 0
0.00742964 1 0.0155052 -26.4977 0
0.00742964 1 0.024041 -15.8318 0
0.00742964 1 0.0372759 -9.0811 0
0.00742964 1 0.0577969 -4.90636 0
0.00742964 1 0.0896151 -2.4477 0
0.00742964 1 0.13895 -1.14042 0
0.00742964 1 0.215443 -0.583113 0
0.00742964 1 0.334048 -0.441826 0
0.00742964 1 0.517947 -0.429752 0
0.00742964 1 0.803086 -0.36443 0
0.00742964 1 1.2452 -0.221004 0
0.00742964 1 1.9307 -0.0914295 0
0.00742964 1 2.99358 -0.0288247 0
0.00742964 1 4.64159 -0.00520732 0
0.00742964 1 7.19686 -0.000811688 0
0.00742964 1 11.1588 -0.000313422 0
0.00742964 1 17.302 -4.82937e-05 0
0.00742964 1 26.827 -4.80709e-06 0
0.00742964 1 41.5956 -1.12861e-06 0
0.00742964 1 64.4947 -3.40189e-07 0
0.00742964 1 100 -1.08599e-07 0
0.00742964 1 155.052 -4.51059e-08 0
0.00742964 1 240.41 -1.54424e-08 0
0.00742964 1 372.759 -4.4292e-09 0
0.00742964 1 577.969 -1.6958e-09 0
0.00742964 1 896.151 -7.286e-10 0
0.00742964 1 1389.5 -2.24559e-10 0
0.00742964 1 2154.43 -7.60165e-11 0
0.00742964 1 3340.48 -2.93941e-11 0
0.00742964 1 5179.47 -1.14337e-11 0
0.00742964 1 8030.86 -4.41341e-12 0
0.00742964 1 12452 -1.49609e-12 0
0.00742964 1 19307 -5.33561e-13 0
0.00742964 1 29935.8 -2.04327e-13 0
0.00742964 1 46415.9 -7.75885e-14 0
0.00742964 1 71968.6 -2.97468e-14 0
0.00742964 1 111588 -1.18467e-14 0
0.00742964 1 173020 -3.89158e-15 0
0.00742964 1 268270 -1.37527e-15 0
0.00742964 1 415956 -3.70235e-16 0
0.00742964 1 644947 9.47671e-18 0
0.00742964 1 1e+06 1.3914e-16 0

0.0181161 1 1e-06 -192584 0
0.0181161 1 1.55052e-06 -124206 0
0.0181161 1 2.4041e-06 -80105.3 0
0.0181161 1 3.72759e-06 -51662.9 0
0.0181161 1 5.77969e-06 -33319.2 0
0.0181161 1 8.96151e-06 -21488.4 0
0.0181161 1 1.3895e-05 -13858.2 0
0.0181161 1 2.15443e-05 -8937.13 0
0.0181161 1 3.34048e-05 -5763.3 0
0.0181161 1 5.17947e-05 -3716.35 0
0.0181161 1 8.03086e-05 -2396.17 0
0.0181161 1 0.00012452 -1544.73 0
0.0181161 1 0.00019307 -995.597 0
0.0181161 1 0.000299358 -641.435 0
0.0181161 1 0.000464159 -413.021 0
0.0181161 1 0.000719686 -265.707 0
0.0181161 1 0.00111588 -170.699 0
0.0181161 1 0.0017302 -109.428 0
0.0181161 1 0.0026827 -69.9157 0
0.0181161 1 0.00415956 -44.4401 0
0.0181161 1 0.00644947 -28.0211 0
0.0181161 1 0.01 -17.4491 0
0.0181161 1 0.0155052 -10.6568 0
0.0181161 1 0.024041 -6.31453 0
0.0181161 1 0.0372759 -3.56957 0
0.0181161 1 0.0577969 -1.87693 0
0.0181161 1 0.0896151 -0.887134 0
0.0181161 1 0.13895 -0.370816 0
0.0181161 1 0.215443 -0.164361 0
0.0181161 1 0.334048 -0.130015 0
0.0181161 1 0.517947 -0.147085 0
0.0181161 1 0.803086 -0.136618 0
0.0181161 1 1.2452 -0.0865423 0
0.0181161 1 1.9307 -0.0365454 0
0.0181161 1 2.99358 -0.0116348 0
0.0181161 1 4.64159 -0.00210228 0
0.0181161 1 7.19686 -0.000326343 0
0.0181161 1 11.1588 -0.000126798 0
0.0181161 1 17.302 -1.93662e-05 0
0.0181161 1 26.827 -1.86101e-06 0
0.0181161 1 41.5956 -4.34357e-07 0
0.0181161 1 64.4947 -1.32131e-07 0
0.0181161 1 100 -4.26241e-08 0
0.0181161 1 155.052 -1.79962e-08 0
0.0181161 1 240.41 -6.20171e-09 0
0.0181161 1 372.759 -1.7825e-09 0
0.0181161 1 577.969 -6.86444e-10 0
0.0181161 1 896.151 -2.96334e-10 0
0.0181161 1 1389.5 -9.14494e-11 0
0.0181161 1 2154.43 -3.1004e-11 0
0.0181161 1 3340.48 -1.20073e-11 0
0.0181161 1 5179.47 -4.67557e-12 0
0.0181161 1 8030.86 -1.80607e-12 0
0.0181161 1 12452 -6.12529e-13 0
0.0181161 1 19307 -2.18541e-13 0
0.0181161 1 29935.8 -8.37168e-14 0
0.0181161 1 46415.9 -3.17973e-14 0
0.0181161 1 71968.6 -1.21932e-14 0
0.0181161 1 111588 -4.85656e-15 0
0.0181161 1 173020 -1.59588e-15 0
0.0181161 1 268270 -5.64136e-16 0
0.0181161 1 415956 -1.52011e-16 0
0.0181161 1 644947 3.71792e-18 0
0.0181161 1 1e+06 5.69149e-17 0

0.0441734 1 1e-06 -77738.5 0
0.0441734 1 1.55052e-06 -50136.9 0
0.0441734 1 2.4041e-06 -32335.3 0
0.0441734 1 3.72759e-06 -20854.2 0
0.0441734 1 5.77969e-06 -13449.5 0
0.0441734 1 8.96151e-06 -8673.91 0
0.0441734 1 1.3895e-05 -5593.88 0
0.0441734 1 2.15443e-05 -3607.43 0
0.0441734 1 3.34048e-05 -2326.28 0
0.0441734 1 5.17947e-05 -1500 0
0.0441734 1 8.03086e-05 -967.098 0
0.0441734 1 0.00012452 -623.403 0
0.0441734 1 0.00019307 -401.738 0
0.0441734 1 0.000299358 -258.777 0
0.0441734 1 0.000464159 -166.575 0
0.0441734 1 0.000719686 -107.11 0
0.0441734 1 0.00111588 -68.7591 0
0.0441734 1 0.0017302 -44.0264 0
0.0441734 1 0.0026827 -28.0773 0
0.0441734 1 0.00415956 -17.7945 0
0.0441734 1 0.00644947 -11.1678 0
0.0441734 1 0.01 -6.90196 0
0.0441734 1 0.0155052 -4.16268 0
0.0441734 1 0.024041 -2.41369 0
0.0441734 1 0.0372759 -1.31136 0
0.0441734 1 0.0577969 -0.63648 0
0.0441734 1 0.0896151 -0.248871 0
0.0441734 1 0.13895 -0.0566583 0
0.0441734 1 0.215443 0.0062466 0
0.0441734 1 0.334048 -0.00288682 0
0.0441734 1 0.517947 -0.0315586 0
0.0441734 1 0.803086 -0.0433441 0
0.0441734 1 1.2452 -0.0314396 0
0.0441734 1 1.9307 -0.0140452 0
0.0441734 1 2.99358 -0.00458685 0
0.0441734 1 4.64159 -0.000829133 0
0.0441734 1 7.19686 -0.000127337 0
0.0441734 1 11.1588 -5.02706e-05 0
0.0441734 1 17.302 -7.50464e-06 0
0.0441734 1 26.827 -6.53237e-07 0
0.0441734 1 41.5956 -1.49744e-07 0
0.0441734 1 64.4947 -4.68317e-08 0
0.0441734 1 100 -1.55738e-08 0
0.0441734 1 155.052 -6.87989e-09 0
0.0441734 1 240.41 -2.41244e-09 0
0.0441734 1 372.759 -6.97168e-10 0
0.0441734 1 577.969 -2.72523e-10 0
0.0441734 1 896.151 -1.19064e-10 0
0.0441734 1 1389.5 -3.68609e-11 0
0.0441734 1 2154.43 -1.25442e-11 0
0.0441734 1 3340.48 -4.87679e-12 0
0.0441734 1 5179.47 -1.90397e-12 0
0.0441734 1 8030.86 -7.36763e-13 0
0.0441734 1 12452 -2.50166e-13 0
0.0441734 1 19307 -8.93457e-14 0
0.0441734 1 29935.8 -3.4252e-14 0
0.0441734 1 46415.9 -1.30174e-14 0
0.0441734 1 71968.6 -4.99404e-15 0
0.0441734 1 111588 -1.98972e-15 0
0.0441734 1 173020 -6.54358e-16 0
0.0441734 1 268270 -2.31466e-16 0
0.0441734 1 415956 -6.25089e-17 0
0.0441734 1 644947 1.35917e-18 0
0.0441734 1 1e+06 2.31948e-17 0

0.107711 1 1e-06 -30657 0
0.107711 1 1.55052e-06 -19772 0
0.107711 1 2.4041e-06 -12751.7 0
0.107711 1 3.72759e-06 -8223.98 0
0.107711 1 5.77969e-06 -5303.85 0
0.107711 1 8.96151e-06 -3420.52 0
0.107711 1 1.3895e-05 -2205.88 0
0.107711 1 2.15443e-05 -1422.49 0
0.107711 1 3.34048e-05 -917.255 0
0.107711 1 5.17947e-05 -591.402 0
0.107711 1 8.03086e-05 -381.244 0
0.107711 1 0.00012452 -245.704 0
0.107711 1 0.00019307 -158.288 0
0.107711 1 0.000299358 -101.909 0
0.107711 1 0.000464159 -65.5479 0
0.107711 1 0.000719686 -42.0972 0
0.107711 1 0.00111588 -26.9733 0
0.107711 1 0.0017302 -17.2199 0
0.107711 1 0.0026827 -10.9307 0
0.107711 1 0.00415956 -6.87618 0
0.107711 1 0.00644947 -4.26392 0
0.107711 1 0.01 -2.58323 0
0.107711 1 0.0155052 -1.50541 0
0.107711 1 0.024041 -0.819409 0
0.107711 1 0.0372759 -0.390276 0
0.107711 1 0.0577969 -0.132327 0
0.107711 1 0.0896151 0.00885831 0
0.107711 1 0.13895 0.0688112 0
0.107711 1 0.215443 0.0736408 0
0.107711 1 0.334048 0.0475514 0
0.107711 1 0.517947 0.0149246 0
0.107711 1 0.803086 -0.00543486 0
0.107711 1 1.2452 -0.00893162 0
0.107711 1 1.9307 -0.00483667 0
0.107711 1 2.99358 -0.00170022 0
0.107711 1 4.64159 -0.000307557 0
0.107711 1 7.19686 -4.5791e-05 0
0.107711 1 11.1588 -1.89002e-05 0
0.107711 1 17.302 -2.6434e-06 0
0.107711 1 26.827 -1.58695e-07 0
0.107711 1 41.5956 -3.32175e-08 0
0.107711 1 64.4947 -1.19025e-08 0
0.107711 1 100 -4.49553e-09 0
0.107711 1 155.052 -2.32574e-09 0
0.107711 1 240.41 -8.59963e-10 0
0.107711 1 372.759 -2.52592e-10 0
0.107711 1 577.969 -1.0296e-10 0
0.107711 1 896.151 -4.64346e-11 0
0.107711 1 1389.5 -1.45004e-11 0
0.107711 1 2154.43 -4.98388e-12 0
0.107711 1 3340.48 -1.95653e-12 0
0.107711 1 5179.47 -7.68893e-13 0
0.107711 1 8030.86 -2.9886e-13 0
0.107711 1 12452 -1.01807e-13 0
0.107711 1 19307 -3.64611e-14 0
0.107711 1 29935.8 -1.4006e-14 0
0.107711 1 46415.9 -5.33162e-15 0
0.107711 1 71968.6 -2.04806e-15 0
0.107711 1 111588 -8.16606e-16 0
0.107711 1 173020 -2.69275e-16 0
0.107711 1 268270 -9.5457e-17 0
0.107711 1 415956 -2.59728e-17 0
0.107711 1 644947 3.23752e-19 0
0.107711 1 1e+06 9.33892e-18 0

0.262636 1 1e-06 -11394.5 0
0.262636 1 1.55052e-06 -7348.72 0
0.262636 1 2.4041e-06 -4739.42 0
0.262636 1 3.72759e-06 -3056.56 0
0.262636 1 5.77969e-06 -1971.2 0
0.262636 1 8.96151e-06 -1271.21 0
0.262636 1 1.3895e-05 -819.747 0
0.262636 1 2.15443e-05 -528.579 0
0.262636 1 3.34048e-05 -340.791 0
0.262636 1 5.17947e-05 -219.678 0
0.262636 1 8.03086e-05 -141.567 0
0.262636 1 0.00012452 -91.1892 0
0.262636 1 0.00019307 -58.6983 0
0.262636 1 0.000299358 -37.7435 0
0.262636 1 0.000464159 -24.2289 0
0.262636 1 0.000719686 -15.5128 0
0.262636 1 0.00111588 -9.89176 0
0.262636 1 0.0017302 -6.26688 0
0.262636 1 0.0026827 -3.9297 0
0.262636 1 0.00415956 -2.42336 0
0.262636 1 0.00644947 -1.45341 0
0.262636 1 0.01 -0.830238 0
0.262636 1 0.0155052 -0.431936 0
0.262636 1 0.024041 -0.180447 0
0.262636 1 0.0372759 -0.0261632 0
0.262636 1 0.0577969 0.0620579 0
0.262636 1 0.0896151 0.103642 0
0.262636 1 0.13895 0.111144 0
0.262636 1 0.215443 0.0943086 0
0.262636 1 0.334048 0.0636213 0
0.262636 1 0.517947 0.0315334 0
0.262636 1 0.803086 0.00915573 0
0.262636 1 1.2452 4.50031e-05 0
0.262636 1 1.9307 -0.00111101 0
0.262636 1 2.99358 -0.000526207 0
0.262636 1 4.64159 -9.51182e-05 0
0.262636 1 7.19686 -1.25534e-05 0
0.262636 1 11.1588 -6.081e-06 0
0.262636 1 17.302 -6.60107e-07 0
0.262636 1 26.827 4.17554e-08 0
0.262636 1 41.5956 1.39901e-08 0
0.262636 1 64.4947 2.27384e-09 0
0.262636 1 100 8.36134e-12 0
0.262636 1 155.052 -4.69099e-10 0
0.262636 1 240.41 -2.26487e-10 0
0.262636 1 372.759 -7.12246e-11 0
0.262636 1 577.969 -3.37279e-11 0
0.262636 1 896.151 -1.67532e-11 0
0.262636 1 1389.5 -5.36592e-12 0
0.262636 1 2154.43 -1.89614e-12 0
0.262636 1 3340.48 -7.63681e-13 0
0.262636 1 5179.47 -3.05212e-13 0
0.262636 1 8030.86 -1.19977e-13 0
0.262636 1 12452 -4.12359e-14 0
0.262636 1 19307 -1.48795e-14 0
0.262636 1 29935.8 -5.74529e-15 0
0.262636 1 46415.9 -2.19648e-15 0
0.262636 1 71968.6 -8.46634e-16 0
0.262636 1 111588 -3.38209e-16 0
0.262636 1 173020 -1.12426e-16 0
0.262636 1 268270 -4.01092e-17 0
0.262636 1 415956 -1.116e-17 0
0.262636 1 644947 -1.67419e-19 0
0.262636 1 1e+06 3.63168e-18 0

0.6404 1 1e-06 -3633.39 0
0.6404 1 1.55052e-06 -2343.27 0
0.6404 1 2.4041e-06 -1511.21 0
0.6404 1 3.72759e-06 -974.573 0
0.6404 1 5.77969e-06 -628.472 0
0.6404 1 8.96151e-06 -405.256 0
0.6404 1 1.3895e-05 -261.293 0
0.6404 1 2.15443e-05 -168.445 0
0.6404 1 3.34048e-05 -108.563 0
0.6404 1 5.17947e-05 -69.9422 0
0.6404 1 8.03086e-05 -45.0338 0
0.6404 1 0.00012452 -28.9693 0
0.6404 1 0.00019307 -18.6086 0
0.6404 1 0.000299358 -11.9265 0
0.6404 1 0.000464159 -7.61698 0
0.6404 1 0.000719686 -4.83769 0
0.6404 1 0.00111588 -3.04536 0
0.6404 1 0.0017302 -1.88967 0
0.6404 1 0.0026827 -1.14471 0
0.6404 1 0.00415956 -0.664876 0
0.6404 1 0.00644947 -0.356364 0
0.6404 1 0.01 -0.158852 0
0.6404 1 0.0155052 -0.0336864 0
0.6404 1 0.024041 0.0437119 0
0.6404 1 0.0372759 0.0887246 0
0.6404 1 0.0577969 0.110717 0
0.6404 1 0.0896151 0.115239 0
0.6404 1 0.13895 0.105763 0
0.6404 1 0.215443 0.0854039 0
0.6404 1 0.334048 0.0586477 0
0.6404 1 0.517947 0.032115 0
0.6404 1 0.803086 0.012657 0
0.6404 1 1.2452 0.0030518 0
0.6404 1 1.9307 0.00028563 0
0.6404 1 2.99358 -6.80323e-05 0
0.6404 1 4.64159 -1.15067e-05 0
0.6404 1 7.19686 5.54514e-07 0
0.6404 1 11.1588 -9.44159e-07 0
0.6404 1 17.302 1.25951e-07 0
0.6404 1 26.827 1.1772e-07 0
0.6404 1 41.5956 3.18257e-08 0
0.6404 1 64.4947 7.70265e-09 0
0.6404 1 100 1.7553e-09 0
0.6404 1 155.052 2.64963e-10 0
0.6404 1 240.41 2.56646e-11 0
0.6404 1 372.759 9.84072e-13 0
0.6404 1 577.969 -5.9992e-12 0
0.6404 1 896.151 -4.79734e-12 0
0.6404 1 1389.5 -1.68978e-12 0
0.6404 1 2154.43 -6.53746e-13 0
0.6404 1 3340.48 -2.83128e-13 0
0.6404 1 5179.47 -1.1827e-13 0
0.6404 1 8030.86 -4.78363e-14 0
0.6404 1 12452 -1.68552e-14 0
0.6404 1 19307 -6.20596e-15 0
0.6404 1 29935.8 -2.42721e-15 0
0.6404 1 46415.9 -9.38266e-16 0
0.6404 1 71968.6 -3.64856e-16 0
0.6404 1 111588 -1.46393e-16 0
0.6404 1 173020 -4.98175e-17 0
0.6404 1 268270 -1.80926e-17 0
0.6404 1 415956 -5.35117e-18 0
0.6404 1 644947 -4.68585e-19 0
0.6404 1 1e+06 1.25719e-18 0

1.56152 1 1e-06 -795.705 0
1.56152 1 1.55052e-06 -513.15 0
1.56152 1 2.4041e-06 -330.917 0
1.56152 1 3.72759e-06 -213.387 0
1.56152 1 5.77969e-06 -137.586 0
1.56152 1 8.96151e-06 -88.6983 0
1.56152 1 1.3895e-05 -57.1684 0
1.56152 1 2.15443e-05 -36.8333 0
1.56152 1 3.34048e-05 -23.7183 0
1.56152 1 5.17947e-05 -15.2598 0
1.56152 1 8.03086e-05 -9.80451 0
1.56152 1 0.00012452 -6.28616 0
1.56152 1 0.00019307 -4.01702 0
1.56152 1 0.000299358 -2.55357 0
1.56152 1 0.000464159 -1.60975 0
1.56152 1 0.000719686 -1.00109 0
1.56152 1 0.00111588 -0.608616 0
1.56152 1 0.0017302 -0.355611 0
1.56152 1 0.0026827 -0.192621 0
1.56152 1 0.00415956 -0.0877883 0
1.56152 1 0.00644947 -0.0206169 0
1.56152 1 0.01 0.0220309 0
1.56152 1 0.0155052 0.0485113 0
1.56152 1 0.024041 0.0640481 0
1.56152 1 0.0372759 0.0717872 0
1.56152 1 0.0577969 0.0734882 0
1.56152 1 0.0896151 0.0700294 0
1.56152 1 0.13895 0.0618771 0
1.56152 1 0.215443 0.0496655 0
1.56152 1 0.334048 0.0348805 0
1.56152 1 0.517947 0.0202488 0
1.56152 1 0.803086 0.00899437 0
1.56152 1 1.2452 0.00279405 0
1.56152 1 1.9307 0.000558493 0
1.56152 1 2.99358 7.02011e-05 0
1.56152 1 4.64159 1.51169e-05 0
1.56152 1 7.19686 4.67597e-06 0
1.56152 1 11.1588 8.64545e-07 0
1.56152 1 17.302 3.79651e-07 0
1.56152 1 26.827 1.33128e-07 0
1.56152 1 41.5956 3.53204e-08 0
1.56152 1 64.4947 8.98081e-09 0
1.56152 1 100 2.23239e-09 0
1.56152 1 155.052 5.03423e-10 0
1.56152 1 240.41 1.12658e-10 0
1.56152 1 372.759 2.63394e-11 0
1.56152 1 577.969 4.20244e-12 0
1.56152 1 896.151 -2.35432e-13 0
1.56152 1 1389.5 -2.75383e-13 0
1.56152 1 2154.43 -1.70915e-13 0
1.56152 1 3340.48 -9.43369e-14 0
1.56152 1 5179.47 -4.42875e-14 0
1.56152 1 8030.86 -1.9148e-14 0
1.56152 1 12452 -7.13901e-15 0
1.56152 1 19307 -2.7428e-15 0
1.56152 1 29935.8 -1.10002e-15 0
1.56152 1 46415.9 -4.34396e-16 0
1.56152 1 71968.6 -1.71749e-16 0
1.56152 1 111588 -6.94473e-17 0
1.56152 1 173020 -2.47018e-17 0
1.56152 1 268270 -9.25849e-18 0
1.56152 1 415956 -3.02201e-18 0
1.56152 1 644947 -5.92725e-19 0
1.56152 1 1e+06 3.00203e-19 0

3.80755 1 1e-06 -84.5235 0
3.80755 1 1.55052e-06 -54.5051 0
3.80755 1 2.4041e-06 -35.1449 0
3.80755 1 3.72759e-06 -22.6586 0
3.80755 1 5.77969e-06 -14.6056 0
3.80755 1 8.96151e-06 -9.41179 0
3.80755 1 1.3895e-05 -6.06208 0
3.80755 1 2.15443e-05 -3.90171 0
3.80755 1 3.34048e-05 -2.50838 0
3.80755 1 5.17947e-05 -1.60976 0
3.80755 1 8.03086e-05 -1.03019 0
3.80755 1 0.00012452 -0.656408 0
3.80755 1 0.00019307 -0.415339 0
3.80755 1 0.000299358 -0.259867 0
3.80755 1 0.000464159 -0.159602 0
3.80755 1 0.000719686 -0.0949455 0
3.80755 1 0.00111588 -0.0532606 0
3.80755 1 0.0017302 -0.0263992 0
3.80755 1 0.0026827 -0.00911061 0
3.80755 1 0.00415956 0.00198459 0
3.80755 1 0.00644947 0.00905577 0
3.80755 1 0.01 0.0134866 0
3.80755 1 0.0155052 0.0161466 0
3.80755 1 0.024041 0.0175641 0
3.80755 1 0.0372759 0.0180355 0
3.80755 1 0.0577969 0.0176969 0
3.80755 1 0.0896151 0.0165797 0
3.80755 1 0.13895 0.0146716 0
3.80755 1 0.215443 0.0120078 0
3.80755 1 0.334048 0.00879361 0
3.80755 1 0.517947 0.00549782 0
3.80755 1 0.803086 0.00276204 0
3.80755 1 1.2452 0.00104077 0
3.80755 1 1.9307 0.000276824 0
3.80755 1 2.99358 5.64267e-05 0
3.80755 1 4.64159 1.41257e-05 0
3.80755 1 7.19686 4.15738e-06 0
3.80755 1 11.1588 1.06312e-06 0
3.80755 1 17.302 3.54518e-07 0
3.80755 1 26.827 1.09188e-07 0
3.80755 1 41.5956 2.94055e-08 0
3.80755 1 64.4947 7.69505e-09 0
3.80755 1 100 1.9787e-09 0
3.80755 1 155.052 4.87308e-10 0
3.80755 1 240.41 1.19673e-10 0
3.80755 1 372.759 2.97311e-11 0
3.80755 1 577.969 6.63288e-12 0
3.80755 1 896.151 1.18682e-12 0
3.80755 1 1389.5 2.06237e-13 0
3.80755 1 2154.43 7.72134e-15 0
3.80755 1 3340.48 -2.00346e-14 0
3.80755 1 5179.47 -1.39778e-14 0
3.80755 1 8030.86 -7.05729e-15 0
3.80755 1 12452 -2.88841e-15 0
3.80755 1 19307 -1.18145e-15 0
3.80755 1 29935.8 -4.91466e-16 0
3.80755 1 46415.9 -1.99464e-16 0
3.80755 1 71968.6 -8.04407e-17 0
3.80755 1 111588 -3.28532e-17 0
3.80755 1 173020 -1.21578e-17 0
3.80755 1 268270 -4.6794e-18 0
3.80755 1 415956 -1.64026e-18 0
3.80755 1 644947 -4.38952e-19 0
3.80755 1 1e+06 1.68181e-20 0

9.28415 1 1e-06 -3.53399 0
9.28415 1 1.55052e-06 -2.27885 0
9.28415 1 2.4041e-06 -1.46935 0
9.28415 1 3.72759e-06 -0.947264 0
9.28415 1 5.77969e-06 -0.610549 0
9.28415 1 8.96151e-06 -0.393385 0
9.28415 1 1.3895e-05 -0.253326 0
9.28415 1 2.15443e-05 -0.162995 0
9.28415 1 3.34048e-05 -0.104737 0
9.28415 1 5.17947e-05 -0.0671634 0
9.28415 1 8.03086e-05 -0.0429305 0
9.28415 1 0.00012452 -0.0273016 0
9.28415 1 0.00019307 -0.017222 0
9.28415 1 0.000299358 -0.0107213 0
9.28415 1 0.000464159 -0.00652889 0
9.28415 1 0.000719686 -0.00382539 0
9.28415 1 0.00111588 -0.00208234 0
9.28415 1 0.0017302 -0.000959042 0
9.28415 1 0.0026827 -0.000235918 0
9.28415 1 0.00415956 0.00022838 0
9.28415 1 0.00644947 0.000524625 0
9.28415 1 0.01 0.000710771 0
9.28415 1 0.0155052 0.000823317 0
9.28415 1 0.024041 0.000884534 0
9.28415 1 0.0372759 0.000907019 0
9.28415 1 0.0577969 0.000896607 0
9.28415 1 0.0896151 0.000854481 0
9.28415 1 0.13895 0.000779279 0
9.28415 1 0.215443 0.000670127 0
9.28415 1 0.334048 0.000531077 0
9.28415 1 0.517947 0.00037567 0
9.28415 1 0.803086 0.00022745 0
9.28415 1 1.2452 0.000111974 0
9.28415 1 1.9307 4.31842e-05 0
9.28415 1 2.99358 1.46075e-05 0
9.28415 1 4.64159 5.27683e-06 0
9.28415 1 7.19686 1.9402e-06 0
9.28415 1 11.1588 6.07356e-07 0
9.28415 1 17.302 2.08829e-07 0
9.28415 1 26.827 6.62919e-08 0
9.28415 1 41.5956 1.88445e-08 0
9.28415 1 64.4947 5.15881e-09 0
9.28415 1 100 1.37669e-09 0
9.28415 1 155.052 3.55585e-10 0
9.28415 1 240.41 9.11924e-11 0
9.28415 1 372.759 2.33973e-11 0
9.28415 1 577.969 5.70111e-12 0
9.28415 1 896.151 1.28314e-12 0
9.28415 1 1389.5 2.92674e-13 0
9.28415 1 2154.43 5.74423e-14 0
9.28415 1 3340.48 6.03145e-15 0
9.28415 1 5179.47 -2.00353e-15 0
9.28415 1 8030.86 -1.92819e-15 0
9.28415 1 12452 -9.52259e-16 0
9.28415 1 19307 -4.31899e-16 0
9.28415 1 29935.8 -1.9067e-16 0
9.28415 1 46415.9 -8.02817e-17 0
9.28415 1 71968.6 -3.31583e-17 0
9.28415 1 111588 -1.37363e-17 0
9.28415 1 173020 -5.19976e-18 0
9.28415 1 268270 -2.03191e-18 0
9.28415 1 415956 -7.34168e-19 0
9.28415 1 644947 -2.1619e-19 0
9.28415 1 1e+06 -1.65792e-20 0

22.638 1 1e-06 -0.131338 0
22.638 1 1.55052e-06 -0.0847024 0
22.638 1 2.4041e-06 -0.0546248 0
22.638 1 3.72759e-06 -0.0352263 0
22.638 1 5.77969e-06 -0.0227153 0
22.638 1 8.96151e-06 -0.0146464 0
22.638 1 1.3895e-05 -0.00944237 0
22.638 1 2.15443e-05 -0.00608606 0
22.638 1 3.34048e-05 -0.00392141 0
22.638 1 5.17947e-05 -0.00252533 0
22.638 1 8.03086e-05 -0.00162494 0
22.638 1 0.00012452 -0.00104423 0
22.638 1 0.00019307 -0.000669704 0
22.638 1 0.000299358 -0.000428156 0
22.638 1 0.000464159 -0.000272372 0
22.638 1 0.000719686 -0.000171901 0
22.638 1 0.00111588 -0.000107105 0
22.638 1 0.0017302 -6.53192e-05 0
22.638 1 0.0026827 -3.83759e-05 0
22.638 1 0.00415956 -2.10087e-05 0
22.638 1 0.00644947 -9.82282e-06 0
22.638 1 0.01 -2.6317e-06 0
22.638 1 0.0155052 1.97064e-06 0
22.638 1 0.024041 4.8847e-06 0
22.638 1 0.0372759 6.68217e-06 0
22.638 1 0.0577969 7.71914e-06 0
22.638 1 0.0896151 8.20899e-06 0
22.638 1 0.13895 8.27035e-06 0
22.638 1 0.215443 7.96201e-06 0
22.638 1 0.334048 7.31403e-06 0
22.638 1 0.517947 6.35911e-06 0
22.638 1 0.803086 5.16347e-06 0
22.638 1 1.2452 3.83917e-06 0
22.638 1 1.9307 2.5502e-06 0
22.638 1 2.99358 1.53174e-06 0
22.638 1 4.64159 8.51001e-07 0
22.638 1 7.19686 4.26964e-07 0
22.638 1 11.1588 1.73237e-07 0
22.638 1 17.302 7.06736e-08 0
22.638 1 26.827 2.59076e-08 0
22.638 1 41.5956 8.28063e-09 0
22.638 1 64.4947 2.47678e-09 0
22.638 1 100 7.06116e-10 0
22.638 1 155.052 1.92829e-10 0
22.638 1 240.41 5.17079e-11 0
22.638 1 372.759 1.37323e-11 0
22.638 1 577.969 3.50858e-12 0
22.638 1 896.151 8.54343e-13 0
22.638 1 1389.5 2.10037e-13 0
22.638 1 2154.43 4.81756e-14 0
22.638 1 3340.48 9.2535e-15 0
22.638 1 5179.47 1.05659e-15 0
22.638 1 8030.86 -2.66705e-16 0
22.638 1 12452 -2.46491e-16 0
22.638 1 19307 -1.37033e-16 0
22.638 1 29935.8 -6.67194e-17 0
22.638 1 46415.9 -2.95912e-17 0
22.638 1 71968.6 -1.26071e-17 0
22.638 1 111588 -5.32441e-18 0
22.638 1 173020 -2.04739e-18 0
22.638 1 268270 -8.08951e-19 0
22.638 1 415956 -2.96328e-19 0
22.638 1 644947 -9.00254e-20 0
22.638 1 1e+06 -9.81948e-21 0

55.1995 1 1e-06 -0.00942118 0
55.1995 1 1.55052e-06 -0.00607608 0
55.1995 1 2.4041e-06 -0.00391867 0
55.1995 1 3.72759e-06 -0.00252725 0
55.1995 1 5.77969e-06 -0.00162986 0
55.1995 1 8.96151e-06 -0.0010511 0
55.1995 1 1.3895e-05 -0.000677822 0
55.1995 1 2.15443e-05 -0.00043708 0
55.1995 1 3.34048e-05 -0.000281814 0
55.1995 1 5.17947e-05 -0.000181676 0
55.1995 1 8.03086e-05 -0.000117092 0
55.1995 1 0.00012452 -7.54389e-05 0
55.1995 1 0.00019307 -4.85749e-05 0
55.1995 1 0.000299358 -3.12491e-05 0
55.1995 1 0.000464159 -2.00748e-05 0
55.1995 1 0.000719686 -1.28681e-05 0
55.1995 1 0.00111588 -8.22012e-06 0
55.1995 1 0.0017302 -5.22248e-06 0
55.1995 1 0.0026827 -3.28922e-06 0
55.1995 1 0.00415956 -2.04247e-06 0
55.1995 1 0.00644947 -1.23853e-06 0
55.1995 1 0.01 -7.20251e-07 0
55.1995 1 0.0155052 -3.86337e-07 0
55.1995 1 0.024041 -1.71505e-07 0
55.1995 1 0.0372759 -3.37373e-08 0
55.1995 1 0.0577969 5.39468e-08 0
55.1995 1 0.0896151 1.08811e-07 0
55.1995 1 0.13895 1.41838e-07 0
55.1995 1 0.215443 1.60006e-07 0
55.1995 1 0.334048 1.67862e-07 0
55.1995 1 0.517947 1.68498e-07 0
55.1995 1 0.803086 1.63611e-07 0
55.1995 1 1.2452 1.52058e-07 0
55.1995 1 1.9307 1.30899e-07 0
55.1995 1 2.99358 1.0351e-07 0
55.1995 1 4.64159 7.75394e-08 0
55.1995 1 7.19686 5.28216e-08 0
55.1995 1 11.1588 2.96189e-08 0
55.1995 1 17.302 1.5815e-08 0
55.1995 1 26.827 7.43679e-09 0
55.1995 1 41.5956 2.94616e-09 0
55.1995 1 64.4947 1.0463e-09 0
55.1995 1 100 3.40217e-10 0
55.1995 1 155.052 1.02892e-10 0
55.1995 1 240.41 2.97876e-11 0
55.1995 1 372.759 8.37242e-12 0
55.1995 1 577.969 2.26137e-12 0
55.1995 1 896.151 5.8877e-13 0
55.1995 1 1389.5 1.53397e-13 0
55.1995 1 2154.43 3.84629e-14 0
55.1995 1 3340.48 8.9686e-15 0
55.1995 1 5179.47 1.86143e-15 0
55.1995 1 8030.86 2.84934e-16 0
55.1995 1 12452 7.24407e-18 0
55.1995 1 19307 -2.62903e-17 0
55.1995 1 29935.8 -1.90021e-17 0
55.1995 1 46415.9 -9.77064e-18 0
55.1995 1 71968.6 -4.48875e-18 0
55.1995 1 111588 -1.98113e-18 0
55.1995 1 173020 -7.8074e-19 0
55.1995 1 268270 -3.13961e-19 0
55.1995 1 415956 -1.16466e-19 0
55.1995 1 644947 -3.58642e-20 0
55.1995 1 1e+06 -4.20985e-21 0

134.596 1 1e-06 -0.00078916 0
134.596 1 1.55052e-06 -0.000508964 0
134.596 1 2.4041e-06 -0.000328253 0
134.596 1 3.72759e-06 -0.000211704 0
134.596 1 5.77969e-06 -0.000136536 0
134.596 1 8.96151e-06 -8.8057e-05 0
134.596 1 1.3895e-05 -5.67904e-05 0
134.596 1 2.15443e-05 -3.66252e-05 0
134.596 1 3.34048e-05 -2.36196e-05 0
134.596 1 5.17947e-05 -1.52318e-05 0
134.596 1 8.03086e-05 -9.82204e-06 0
134.596 1 0.00012452 -6.33306e-06 0
134.596 1 0.00019307 -4.08285e-06 0
134.596 1 0.000299358 -2.63159e-06 0
134.596 1 0.000464159 -1.6956e-06 0
134.596 1 0.000719686 -1.09194e-06 0
134.596 1 0.00111588 -7.02607e-07 0
134.596 1 0.0017302 -4.51512e-07 0
134.596 1 0.0026827 -2.8957e-07 0
134.596 1 0.00415956 -1.85129e-07 0
134.596 1 0.00644947 -1.17775e-07 0
134.596 1 0.01 -7.43406e-08 0
134.596 1 0.0155052 -4.63374e-08 0
134.596 1 0.024041 -2.82908e-08 0
134.596 1 0.0372759 -1.66725e-08 0
134.596 1 0.0577969 -9.20885e-09 0
134.596 1 0.0896151 -4.43558e-09 0
134.596 1 0.13895 -1.40807e-09 0
134.596 1 0.215443 4.88474e-10 0
134.596 1 0.334048 1.66821e-09 0
134.596 1 0.517947 2.42549e-09 0
134.596 1 0.803086 2.95386e-09 0
134.596 1 1.2452 3.27171e-09 0
134.596 1 1.9307 3.24226e-09 0
134.596 1 2.99358 2.93956e-09 0
134.596 1 4.64159 2.75e-09 0
134.596 1 7.19686 2.41459e-09 0
134.596 1 11.1588 1.74441e-09 0
134.596 1 17.302 1.25883e-09 0
134.596 1 26.827 8.17998e-10 0
134.596 1 41.5956 4.33144e-10 0
134.596 1 64.4947 1.99099e-10 0
134.596 1 100 8.03913e-11 0
134.596 1 155.052 2.89699e-11 0
134.596 1 240.41 9.64413e-12 0
134.596 1 372.759 3.02605e-12 0
134.596 1 577.969 8.92906e-13 0
134.596 1 896.151 2.51045e-13 0
134.596 1 1389.5 6.98636e-14 0
134.596 1 2154.43 1.86734e-14 0
134.596 1 3340.48 4.71049e-15 0
134.596 1 5179.47 1.10431e-15 0
134.596 1 8030.86 2.24519e-16 0
134.596 1 12452 3.57465e-17 0
134.596 1 19307 -9.5149e-19 0
134.596 1 29935.8 -4.84774e-18 0
134.596 1 46415.9 -3.12309e-18 0
134.596 1 71968.6 -1.57295e-18 0
134.596 1 111588 -7.29501e-19 0
134.596 1 173020 -2.94943e-19 0
134.596 1 268270 -1.20828e-19 0
134.596 1 415956 -4.53663e-20 0
134.596 1 644947 -1.4102e-20 0
134.596 1 1e+06 -1.69594e-21 0

328.193 1 1e-06 -8.00615e-05 0
328.193 1 1.55052e-06 -5.16354e-05 0
328.193 1 2.4041e-06 -3.3302e-05 0
328.193 1 3.72759e-06 -2.1478e-05 0
328.193 1 5.77969e-06 -1.38521e-05 0
328.193 1 8.96151e-06 -8.93387e-06 0
328.193 1 1.3895e-05 -5.76184e-06 0
328.193 1 2.15443e-05 -3.71606e-06 0
328.193 1 3.34048e-05 -2.39663e-06 0
328.193 1 5.17947e-05 -1.54567e-06 0
328.193 1 8.03086e-05 -9.96852e-07 0
328.193 1 0.00012452 -6.42891e-07 0
328.193 1 0.00019307 -4.14604e-07 0
328.193 1 0.000299358 -2.67372e-07 0
328.193 1 0.000464159 -1.72415e-07 0
328.193 1 0.000719686 -1.11173e-07 0
328.193 1 0.00111588 -7.1675e-08 0
328.193 1 0.0017302 -4.6201e-08 0
328.193 1 0.0026827 -2.97717e-08 0
328.193 1 0.00415956 -1.91758e-08 0
328.193 1 0.00644947 -1.23422e-08 0
328.193 1 0.01 -7.93519e-09 0
328.193 1 0.0155052 -5.0933e-09 0
328.193 1 0.024041 -3.26106e-09 0
328.193 1 0.0372759 -2.08027e-09 0
328.193 1 0.0577969 -1.32001e-09 0
328.193 1 0.0896151 -8.31379e-10 0
328.193 1 0.13895 -5.18285e-10 0
328.193 1 0.215443 -3.18367e-10 0
328.193 1 0.334048 -1.90355e-10 0
328.193 1 0.517947 -1.05927e-10 0
328.193 1 0.803086 -4.58947e-11 0
328.193 1 1.2452 -2.35175e-12 0
328.193 1 1.9307 2.14135e-11 0
328.193 1 2.99358 2.96018e-11 0
328.193 1 4.64159 4.74609e-11 0
328.193 1 7.19686 6.17157e-11 0
328.193 1 11.1588 5.36375e-11 0
328.193 1 17.302 5.31438e-11 0
328.193 1 26.827 4.89297e-11 0
328.193 1 41.5956 3.48877e-11 0
328.193 1 64.4947 2.17787e-11 0
328.193 1 100 1.18905e-11 0
328.193 1 155.052 5.67955e-12 0
328.193 1 240.41 2.42762e-12 0
328.193 1 372.759 9.38934e-13 0
328.193 1 577.969 3.28114e-13 0
328.193 1 896.151 1.06241e-13 0
328.193 1 1389.5 3.31646e-14 0
328.193 1 2154.43 9.79416e-15 0
328.193 1 3340.48 2.73815e-15 0
328.193 1 5179.47 7.27583e-16 0
328.193 1 8030.86 1.80107e-16 0
328.193 1 12452 4.16533e-17 0
328.193 1 19307 7.66395e-18 0
328.193 1 29935.8 3.78106e-19 0
328.193 1 46415.9 -5.92553e-19 0
328.193 1 71968.6 -4.45883e-19 0
328.193 1 111588 -2.41465e-19 0
328.193 1 173020 -1.04416e-19 0
328.193 1 268270 -4.4776e-20 0
328.193 1 415956 -1.7252e-20 0
328.193 1 644947 -5.43039e-21 0
328.193 1 1e+06 -6.33499e-22 0

800.25 1 1e-06 -9.51908e-06 0
800.25 1 1.55052e-06 -6.1393e-06 0
800.25 1 2.4041e-06 -3.95952e-06 0
800.25 1 3.72759e-06 -2.55368e-06 0
800.25 1 5.77969e-06 -1.64699e-06 0
800.25 1 8.96151e-06 -1.06222e-06 0
800.25 1 1.3895e-05 -6.85073e-07 0
800.25 1 2.15443e-05 -4.41835e-07 0
800.25 1 3.34048e-05 -2.8496e-07 0
800.25 1 5.17947e-05 -1.83783e-07 0
800.25 1 8.03086e-05 -1.1853e-07 0
800.25 1 0.00012452 -7.6445e-08 0
800.25 1 0.00019307 -4.93025e-08 0
800.25 1 0.000299358 -3.1797e-08 0
800.25 1 0.000464159 -2.05069e-08 0
800.25 1 0.000719686 -1.32253e-08 0
800.25 1 0.00111588 -8.52915e-09 0
800.25 1 0.0017302 -5.50036e-09 0
800.25 1 0.0026827 -3.54696e-09 0
800.25 1 0.00415956 -2.28712e-09 0
800.25 1 0.00644947 -1.47461e-09 0
800.25 1 0.01 -9.50594e-10 0
800.25 1 0.0155052 -6.12657e-10 0
800.25 1 0.024041 -3.94742e-10 0
800.25 1 0.0372759 -2.54249e-10 0
800.25 1 0.0577969 -1.63712e-10 0
800.25 1 0.0896151 -1.05416e-10 0
800.25 1 0.13895 -6.79339e-11 0
800.25 1 0.215443 -4.3873e-11 0
800.25 1 0.334048 -2.84055e-11 0
800.25 1 0.517947 -1.83171e-11 0
800.25 1 0.803086 -1.14634e-11 0
800.25 1 1.2452 -6.68764e-12 0
800.25 1 1.9307 -3.75239e-12 0
800.25 1 2.99358 -2.21759e-12 0
800.25 1 4.64159 -3.51458e-13 0
800.25 1 7.19686 1.31891e-12 0
800.25 1 11.1588 1.504e-12 0
800.25 1 17.302 2.19591e-12 0
800.25 1 26.827 2.75496e-12 0
800.25 1 41.5956 2.43913e-12 0
800.25 1 64.4947 1.94376e-12 0
800.25 1 100 1.39682e-12 0
800.25 1 155.052 8.9033e-13 0
800.25 1 240.41 5.05118e-13 0
800.25 1 372.759 2.52621e-13 0
800.25 1 577.969 1.10301e-13 0
800.25 1 896.151 4.32739e-14 0
800.25 1 1389.5 1.57892e-14 0
800.25 1 2154.43 5.30766e-15 0
800.25 1 3340.48 1.66873e-15 0
800.25 1 5179.47 4.98327e-16 0
800.25 1 8030.86 1.41193e-16 0
800.25 1 12452 3.8472e-17 0
800.25 1 19307 9.68089e-18 0
800.25 1 29935.8 2.10489e-18 0
800.25 1 46415.9 3.28862e-19 0
800.25 1 71968.6 -1.70863e-20 0
800.25 1 111588 -5.13213e-20 0
800.25 1 173020 -2.92204e-20 0
800.25 1 268270 -1.44941e-20 0
800.25 1 415956 -5.98575e-21 0
800.25 1 644947 -1.92953e-21 0
800.25 1 1e+06 -1.869e-22 0

1951.29 1 1e-06 -1.25158e-06 0
1951.29 1 1.55052e-06 -8.07201e-07 0
1951.29 1 2.4041e-06 -5.20602e-07 0
1951.29 1 3.72759e-06 -3.3576e-07 0
1951.29 1 5.77969e-06 -2.16547e-07 0
1951.29 1 8.96151e-06 -1.39662e-07 0
1951.29 1 1.3895e-05 -9.00743e-08 0
1951.29 1 2.15443e-05 -5.80931e-08 0
1951.29 1 3.34048e-05 -3.74669e-08 0
1951.29 1 5.17947e-05 -2.41642e-08 0
1951.29 1 8.03086e-05 -1.55846e-08 0
1951.29 1 0.00012452 -1.00512e-08 0
1951.29 1 0.00019307 -6.48252e-09 0
1951.29 1 0.000299358 -4.18088e-09 0
1951.29 1 0.000464159 -2.69644e-09 0
1951.29 1 0.000719686 -1.73906e-09 0
1951.29 1 0.00111588 -1.1216e-09 0
1951.29 1 0.0017302 -7.23375e-10 0
1951.29 1 0.0026827 -4.6654e-10 0
1951.29 1 0.00415956 -3.00895e-10 0
1951.29 1 0.00644947 -1.94063e-10 0
1951.29 1 0.01 -1.25164e-10 0
1951.29 1 0.0155052 -8.07285e-11 0
1951.29 1 0.024041 -5.20724e-11 0
1951.29 1 0.0372759 -3.35939e-11 0
1951.29 1 0.0577969 -2.16807e-11 0
1951.29 1 0.0896151 -1.40033e-11 0
1951.29 1 0.13895 -9.05888e-12 0
1951.29 1 0.215443 -5.87698e-12 0
1951.29 1 0.334048 -3.82804e-12 0
1951.29 1 0.517947 -2.49974e-12 0
1951.29 1 0.803086 -1.6213e-12 0
1951.29 1 1.2452 -1.03114e-12 0
1951.29 1 1.9307 -6.57222e-13 0
1951.29 1 2.99358 -4.37779e-13 0
1951.29 1 4.64159 -2.39585e-13 0
1951.29 1 7.19686 -7.49872e-14 0
1951.29 1 11.1588 -2.21695e-14 0
1951.29 1 17.302 5.60503e-14 0
1951.29 1 26.827 1.2755e-13 0
1951.29 1 41.5956 1.36388e-13 0
1951.29 1 64.4947 1.30031e-13 0
1951.29 1 100 1.14582e-13 0
1951.29 1 155.052 9.1708e-14 0
1951.29 1 240.41 6.68428e-14 0
1951.29 1 372.759 4.35503e-14 0
1951.29 1 577.969 2.47891e-14 0
1951.29 1 896.151 1.25375e-14 0
1951.29 1 1389.5 5.71592e-15 0
1951.29 1 2154.43 2.31805e-15 0
1951.29 1 3340.48 8.53486e-16 0
1951.29 1 5179.47 2.91897e-16 0
1951.29 1 8030.86 9.35501e-17 0
1951.29 1 12452 2.85538e-17 0
1951.29 1 19307 8.21045e-18 0
1951.29 1 29935.8 2.20458e-18 0
1951.29 1 46415.9 5.45808e-19 0
1951.29 1 71968.6 1.16055e-19 0
1951.29 1 111588 1.52235e-20 0
1951.29 1 173020 -1.43981e-21 0
1951.29 1 268270 -2.90496e-21 0
1951.29 1 415956 -1.58786e-21 0
1951.29 1 644947 -5.48688e-22 0
1951.29 1 1e+06 -1.21802e-23 0

4757.94 1 1e-06 -1.75115e-07 0
4757.94 1 1.55052e-06 -1.1294e-07 0
4757.94 1 2.4041e-06 -7.28403e-08 0
4757.94 1 3.72759e-06 -4.69781e-08 0
4757.94 1 5.77969e-06 -3.02984e-08 0
4757.94 1 8.96151e-06 -1.95408e-08 0
4757.94 1 1.3895e-05 -1.26028e-08 0
4757.94 1 2.15443e-05 -8.12813e-09 0
4757.94 1 3.34048e-05 -5.24221e-09 0
4757.94 1 5.17947e-05 -3.38095e-09 0
4757.94 1 8.03086e-05 -2.18053e-09 0
4757.94 1 0.00012452 -1.40633e-09 0
4757.94 1 0.00019307 -9.07007e-10 0
4757.94 1 0.000299358 -5.84972e-10 0
4757.94 1 0.000464159 -3.77276e-10 0
4757.94 1 0.000719686 -2.43324e-10 0
4757.94 1 0.00111588 -1.56932e-10 0
4757.94 1 0.0017302 -1.01213e-10 0
4757.94 1 0.0026827 -6.52781e-11 0
4757.94 1 0.00415956 -4.21017e-11 0
4757.94 1 0.00644947 -2.71543e-11 0
4757.94 1 0.01 -1.7514e-11 0
4757.94 1 0.0155052 -1.12966e-11 0
4757.94 1 0.024041 -7.28692e-12 0
4757.94 1 0.0372759 -4.70106e-12 0
4757.94 1 0.0577969 -3.03361e-12 0
4757.94 1 0.0896151 -1.95857e-12 0
4757.94 1 0.13895 -1.26568e-12 0
4757.94 1 0.215443 -8.19246e-13 0
4757.94 1 0.334048 -5.31531e-13 0
4757.94 1 0.517947 -3.4554e-13 0
4757.94 1 0.803086 -2.24189e-13 0
4757.94 1 1.2452 -1.44374e-13 0
4757.94 1 1.9307 -9.32741e-14 0
4757.94 1 2.99358 -6.17158e-14 0
4757.94 1 4.64159 -3.76948e-14 0
4757.94 1 7.19686 -1.96524e-14 0
4757.94 1 11.1588 -1.1422e-14 0
4757.94 1 17.302 -3.07876e-15 0
4757.94 1 26.827 4.0626e-15 0
4757.94 1 41.5956 6.45128e-15 0
4757.94 1 64.4947 7.5369e-15 0
4757.94 1 100 7.88208e-15 0
4757.94 1 155.052 7.50121e-15 0
4757.94 1 240.41 6.64733e-15 0
4757.94 1 372.759 5.45146e-15 0
4757.94 1 577.969 4.01143e-15 0
4757.94 1 896.151 2.64611e-15 0
4757.94 1 1389.5 1.55509e-15 0
4757.94 1 2154.43 7.96345e-16 0
4757.94 1 3340.48 3.59322e-16 0
4757.94 1 5179.47 1.45945e-16 0
4757.94 1 8030.86 5.4097e-17 0
4757.94 1 12452 1.86273e-17 0
4757.94 1 19307 5.97955e-18 0
4757.94 1 29935.8 1.80631e-18 0
4757.94 1 46415.9 5.17987e-19 0
4757.94 1 71968.6 1.39773e-19 0
4757.94 1 111588 3.43423e-20 0
4757.94 1 173020 7.79477e-21 0
4757.94 1 268270 1.27368e-21 0
4757.94 1 415956 6.37692e-23 0
4757.94 1 644947 -2.1058e-23 0
4757.94 1 1e+06 5.13396e-23 0

11601.6 1 1e-06 -2.5187e-08 0
11601.6 1 1.55052e-06 -1.62443e-08 0
11601.6 1 2.4041e-06 -1.04767e-08 0
11601.6 1 3.72759e-06 -6.7569e-09 0
11601.6 1 5.77969e-06 -4.35784e-09 0
11601.6 1 8.96151e-06 -2.81057e-09 0
11601.6 1 1.3895e-05 -1.81267e-09 0
11601.6 1 2.15443e-05 -1.16908e-09 0
11601.6 1 3.34048e-05 -7.53992e-10 0
11601.6 1 5.17947e-05 -4.86285e-10 0
11601.6 1 8.03086e-05 -3.13628e-10 0
11601.6 1 0.00012452 -2.02273e-10 0
11601.6 1 0.00019307 -1.30456e-10 0
11601.6 1 0.000299358 -8.4137e-11 0
11601.6 1 0.000464159 -5.4264e-11 0
11601.6 1 0.000719686 -3.49975e-11 0
11601.6 1 0.00111588 -2.25716e-11 0
11601.6 1 0.0017302 -1.45576e-11 0
11601.6 1 0.0026827 -9.38899e-12 0
11601.6 1 0.00415956 -6.05551e-12 0
11601.6 1 0.00644947 -3.90559e-12 0
11601.6 1 0.01 -2.51902e-12 0
11601.6 1 0.0155052 -1.62476e-12 0
11601.6 1 0.024041 -1.04802e-12 0
11601.6 1 0.0372759 -6.76062e-13 0
11601.6 1 0.0577969 -4.36189e-13 0
11601.6 1 0.0896151 -2.81509e-13 0
11601.6 1 0.13895 -1.81778e-13 0
11601.6 1 0.215443 -1.17485e-13 0
11601.6 1 0.334048 -7.6034e-14 0
11601.6 1 0.517947 -4.92721e-14 0
11601.6 1 0.803086 -3.19211e-14 0
11601.6 1 1.2452 -2.06284e-14 0
11601.6 1 1.9307 -1.33683e-14 0
11601.6 1 2.99358 -8.77763e-15 0
11601.6 1 4.64159 -5.57684e-15 0
11601.6 1 7.19686 -3.34086e-15 0
11601.6 1 11.1588 -2.12104e-15 0
11601.6 1 17.302 -1.13087e-15 0
11601.6 1 26.827 -3.65591e-16 0
11601.6 1 41.5956 -1.10635e-17 0
11601.6 1 64.4947 1.9961e-16 0
11601.6 1 100 3.30066e-16 0
11601.6 1 155.052 3.93846e-16 0
11601.6 1 240.41 4.15018e-16 0
11601.6 1 372.759 4.05809e-16 0
11601.6 1 577.969 3.61814e-16 0
11601.6 1 896.151 2.95609e-16 0
11601.6 1 1389.5 2.20834e-16 0
11601.6 1 2154.43 1.46232e-16 0
11601.6 1 3340.48 8.52332e-17 0
11601.6 1 5179.47 4.40334e-17 0
11601.6 1 8030.86 2.02777e-17 0
11601.6 1 12452 8.40458e-18 0
11601.6 1 19307 3.15126e-18 0
11601.6 1 29935.8 1.08791e-18 0
11601.6 1 46415.9 3.52206e-19 0
11601.6 1 71968.6 1.07649e-19 0
11601.6 1 111588 3.10036e-20 0
11601.6 1 173020 8.62236e-21 0
11601.6 1 268270 2.20634e-21 0
11601.6 1 415956 5.35769e-22 0
11601.6 1 644947 1.41912e-22 0
11601.6 1 1e+06 6.40507e-23 0

28288.7 1 1e-06 -3.70729e-09 0
28288.7 1 1.55052e-06 -2.39101e-09 0
28288.7 1 2.4041e-06 -1.54207e-09 0
28288.7 1 3.72759e-06 -9.94554e-10 0
28288.7 1 5.77969e-06 -6.41434e-10 0
28288.7 1 8.96151e-06 -4.13691e-10 0
28288.7 1 1.3895e-05 -2.66808e-10 0
28288.7 1 2.15443e-05 -1.72077e-10 0
28288.7 1 3.34048e-05 -1.10981e-10 0
28288.7 1 5.17947e-05 -7.15766e-11 0
28288.7 1 8.03086e-05 -4.61631e-11 0
28288.7 1 0.00012452 -2.97728e-11 0
28288.7 1 0.00019307 -1.92018e-11 0
28288.7 1 0.000299358 -1.23842e-11 0
28288.7 1 0.000464159 -7.98714e-12 0
28288.7 1 0.000719686 -5.15129e-12 0
28288.7 1 0.00111588 -3.32232e-12 0
28288.7 1 0.0017302 -2.14273e-12 0
28288.7 1 0.0026827 -1.38195e-12 0
28288.7 1 0.00415956 -8.91295e-13 0
28288.7 1 0.00644947 -5.74847e-13 0
28288.7 1 0.01 -3.70755e-13 0
28288.7 1 0.0155052 -2.39127e-13 0
28288.7 1 0.024041 -1.54235e-13 0
28288.7 1 0.0372759 -9.94848e-14 0
28288.7 1 0.0577969 -6.41751e-14 0
28288.7 1 0.0896151 -4.14038e-14 0
28288.7 1 0.13895 -2.67194e-14 0
28288.7 1 0.215443 -1.72507e-14 0
28288.7 1 0.334048 -1.11447e-14 0
28288.7 1 0.517947 -7.20491e-15 0
28288.7 1 0.803086 -4.65794e-15 0
28288.7 1 1.2452 -3.00851e-15 0
28288.7 1 1.9307 -1.9462e-15 0
28288.7 1 2.99358 -1.26712e-15 0
28288.7 1 4.64159 -8.13341e-16 0
28288.7 1 7.19686 -5.09229e-16 0
28288.7 1 11.1588 -3.27755e-16 0
28288.7 1 17.302 -1.97188e-16 0
28288.7 1 26.827 -1.04338e-16 0
28288.7 1 41.5956 -5.3499e-17 0
28288.7 1 64.4947 -2.16108e-17 0
28288.7 1 100 -9.13481e-19 0
28288.7 1 155.052 1.16915e-17 0
28288.7 1 240.41 1.92731e-17 0
28288.7 1 372.759 2.37561e-17 0
28288.7 1 577.969 2.51678e-17 0
28288.7 1 896.151 2.42542e-17 0
28288.7 1 1389.5 2.18372e-17 0
28288.7 1 2154.43 1.79893e-17 0
28288.7 1 3340.48 1.33759e-17 0
28288.7 1 5179.47 8.92178e-18 0
28288.7 1 8030.86 5.30025e-18 0
28288.7 1 12452 2.78368e-18 0
28288.7 1 19307 1.2855e-18 0
28288.7 1 29935.8 5.29603e-19 0
28288.7 1 46415.9 1.98868e-19 0
28288.7 1 71968.6 6.91049e-20 0
28288.7 1 111588 2.24755e-20 0
28288.7 1 173020 7.00479e-21 0
28288.7 1 268270 2.06316e-21 0
28288.7 1 415956 5.89711e-22 0
28288.7 1 644947 1.7208e-22 0
28288.7 1 1e+06 5.98898e-23 0

68977.9 1 1e-06 -5.53619e-10 0
68977.9 1 1.55052e-06 -3.57054e-10 0
68977.9 1 2.4041e-06 -2.30281e-10 0
68977.9 1 3.72759e-06 -1.48519e-10 0
68977.9 1 5.77969e-06 -9.57868e-11 0
68977.9 1 8.96151e-06 -6.17774e-11 0
68977.9 1 1.3895e-05 -3.98431e-11 0
68977.9 1 2.15443e-05 -2.56967e-11 0
68977.9 1 3.34048e-05 -1.6573e-11 0
68977.9 1 5.17947e-05 -1.06887e-11 0
68977.9 1 8.03086e-05 -6.89364e-12 0
68977.9 1 0.00012452 -4.44603e-12 0
68977.9 1 0.00019307 -2.86746e-12 0
68977.9 1 0.000299358 -1.84936e-12 0
68977.9 1 0.000464159 -1.19274e-12 0
68977.9 1 0.000719686 -7.69252e-13 0
68977.9 1 0.00111588 -4.96128e-13 0
68977.9 1 0.0017302 -3.19977e-13 0
68977.9 1 0.0026827 -2.06369e-13 0
68977.9 1 0.00415956 -1.33097e-13 0
68977.9 1 0.00644947 -8.58415e-14 0
68977.9 1 0.01 -5.53639e-14 0
68977.9 1 0.0155052 -3.57076e-14 0
68977.9 1 0.024041 -2.30303e-14 0
68977.9 1 0.0372759 -1.48542e-14 0
68977.9 1 0.0577969 -9.58114e-15 0
68977.9 1 0.0896151 -6.18039e-15 0
68977.9 1 0.13895 -3.98722e-15 0
68977.9 1 0.215443 -2.57286e-15 0
68977.9 1 0.334048 -1.66074e-15 0
68977.9 1 0.517947 -1.07235e-15 0
68977.9 1 0.803086 -6.92469e-16 0
68977.9 1 1.2452 -4.47017e-16 0
68977.9 1 1.9307 -2.88811e-16 0
68977.9 1 2.99358 -1.87179e-16 0
68977.9 1 4.64159 -1.20584e-16 0
68977.9 1 7.19686 -7.68711e-17 0
68977.9 1 11.1588 -4.9651e-17 0
68977.9 1 17.302 -3.11958e-17 0
68977.9 1 26.827 -1.87126e-17 0
68977.9 1 41.5956 -1.12577e-17 0
68977.9 1 64.4947 -6.50144e-18 0
68977.9 1 100 -3.41097e-18 0
68977.9 1 155.052 -1.44845e-18 0
68977.9 1 240.41 -1.92886e-19 0
68977.9 1 372.759 6.33005e-19 0
68977.9 1 577.969 1.1209e-18 0
68977.9 1 896.151 1.37279e-18 0
68977.9 1 1389.5 1.48316e-18 0
68977.9 1 2154.43 1.46101e-18 0
68977.9 1 3340.48 1.32212e-18 0
68977.9 1 5179.47 1.09925e-18 0
68977.9 1 8030.86 8.32985e-19 0
68977.9 1 12452 5.66414e-19 0
68977.9 1 19307 3.38463e-19 0
68977.9 1 29935.8 1.77137e-19 0
68977.9 1 46415.9 8.20118e-20 0
68977.9 1 71968.6 3.40432e-20 0
68977.9 1 111588 1.28818e-20 0
68977.9 1 173020 4.54975e-21 0
68977.9 1 268270 1.50163e-21 0
68977.9 1 415956 4.74737e-22 0
68977.9 1 644947 1.47787e-22 0
68977.9 1 1e+06 4.85612e-23 0

168192 1 1e-06 -8.26616e-11 0
168192 1 1.55052e-06 -5.33123e-11 0
168192 1 2.4041e-06 -3.43836e-11 0
168192 1 3.72759e-06 -2.21756e-11 0
168192 1 5.77969e-06 -1.43021e-11 0
168192 1 8.96151e-06 -9.22407e-12 0
168192 1 1.3895e-05 -5.94904e-12 0
168192 1 2.15443e-05 -3.83681e-12 0
168192 1 3.34048e-05 -2.47454e-12 0
168192 1 5.17947e-05 -1.59595e-12 0
168192 1 8.03086e-05 -1.0293e-12 0
168192 1 0.00012452 -6.63843e-13 0
168192 1 0.00019307 -4.28144e-13 0
168192 1 0.000299358 -2.7613e-13 0
168192 1 0.000464159 -1.78089e-13 0
168192 1 0.000719686 -1.14858e-13 0
168192 1 0.00111588 -7.40774e-14 0
168192 1 0.0017302 -4.7776e-14 0
168192 1 0.0026827 -3.0813e-14 0
168192 1 0.00415956 -1.98728e-14 0
168192 1 0.00644947 -1.2817e-14 0
168192 1 0.01 -8.26631e-15 0
168192 1 0.0155052 -5.33139e-15 0
168192 1 0.024041 -3.43852e-15 0
168192 1 0.0372759 -2.21773e-15 0
168192 1 0.0577969 -1.43039e-15 0
168192 1 0.0896151 -9.22601e-16 0
168192 1 0.13895 -5.95114e-16 0
168192 1 0.215443 -3.83911e-16 0
168192 1 0.334048 -2.477e-16 0
168192 1 0.517947 -1.59843e-16 0
168192 1 0.803086 -1.03153e-16 0
168192 1 1.2452 -6.65618e-17 0
168192 1 1.9307 -4.29685e-17 0
168192 1 2.99358 -2.7779e-17 0
168192 1 4.64159 -1.79128e-17 0
168192 1 7.19686 -1.14989e-17 0
168192 1 11.1588 -7.4269e-18 0
168192 1 17.302 -4.74079e-18 0
168192 1 26.827 -2.96957e-18 0
168192 1 41.5956 -1.86682e-18 0
168192 1 64.4947 -1.15887e-18 0
168192 1 100 -7.00424e-19 0
168192 1 155.052 -4.06354e-19 0
168192 1 240.41 -2.16742e-19 0
168192 1 372.759 -9.2243e-20 0
168192 1 577.969 -1.33817e-20 0
168192 1 896.151 3.52334e-20 0
168192 1 1389.5 6.60032e-20 0
168192 1 2154.43 8.33942e-20 0
168192 1 3340.48 9.01567e-20 0
168192 1 5179.47 8.85485e-20 0
168192 1 8030.86 8.04041e-20 0
168192 1 12452 6.74519e-20 0
168192 1 19307 5.12549e-20 0
168192 1 29935.8 3.47288e-20 0
168192 1 46415.9 2.08123e-20 0
168192 1 71968.6 1.10052e-20 0
168192 1 111588 5.16789e-21 0
168192 1 173020 2.18654e-21 0
168192 1 268270 8.38683e-22 0
168192 1 415956 2.99485e-22 0
168192 1 644947 1.01708e-22 0
168192 1 1e+06 3.40837e-23 0

410113 1 1e-06 -1.21778e-11 0
410113 1 1.55052e-06 -7.854e-12 0
410113 1 2.4041e-06 -5.06541e-12 0
410113 1 3.72759e-06 -3.26692e-12 0
410113 1 5.77969e-06 -2.10699e-12 0
410113 1 8.96151e-06 -1.3589e-12 0
410113 1 1.3895e-05 -8.76416e-13 0
410113 1 2.15443e-05 -5.65241e-13 0
410113 1 3.34048e-05 -3.64551e-13 0
410113 1 5.17947e-05 -2.35116e-13 0
410113 1 8.03086e-05 -1.51637e-13 0
410113 1 0.00012452 -9.77978e-14 0
410113 1 0.00019307 -6.30744e-14 0
410113 1 0.000299358 -4.06796e-14 0
410113 1 0.000464159 -2.62362e-14 0
410113 1 0.000719686 -1.6921e-14 0
410113 1 0.00111588 -1.09131e-14 0
410113 1 0.0017302 -7.03838e-15 0
410113 1 0.0026827 -4.53938e-15 0
410113 1 0.00415956 -2.92766e-15 0
410113 1 0.00644947 -1.88819e-15 0
410113 1 0.01 -1.21779e-15 0
410113 1 0.0155052 -7.85412e-16 0
410113 1 0.024041 -5.06553e-16 0
410113 1 0.0372759 -3.26704e-16 0
410113 1 0.0577969 -2.10712e-16 0
410113 1 0.0896151 -1.35903e-16 0
410113 1 0.13895 -8.76564e-17 0
410113 1 0.215443 -5.65402e-17 0
410113 1 0.334048 -3.64722e-17 0
410113 1 0.517947 -2.35288e-17 0
410113 1 0.803086 -1.51793e-17 0
410113 1 1.2452 -9.79234e-18 0
410113 1 1.9307 -6.31844e-18 0
410113 1 2.99358 -4.07974e-18 0
410113 1 4.64159 -2.63127e-18 0
410113 1 7.19686 -1.69368e-18 0
410113 1 11.1588 -1.0933e-18 0
410113 1 17.302 -7.02094e-19 0
410113 1 26.827 -4.47192e-19 0
410113 1 41.5956 -2.85432e-19 0
410113 1 64.4947 -1.8132e-19 0
410113 1 100 -1.1404e-19 0
410113 1 155.052 -7.07442e-20 0
410113 1 240.41 -4.28083e-20 0
410113 1 372.759 -2.46142e-20 0
410113 1 577.969 -1.29338e-20 0
410113 1 896.151 -5.49583e-21 0
410113 1 1389.5 -6.48849e-22 0
410113 1 2154.43 2.4476e-21 0
410113 1 3340.48 4.32192e-21 0
410113 1 5179.47 5.33354e-21 0
410113 1 8030.86 5.71909e-21 0
410113 1 12452 5.64309e-21 0
410113 1 19307 5.15094e-21 0
410113 1 29935.8 4.32101e-21 0
410113 1 46415.9 3.29613e-21 0
410113 1 71968.6 2.25476e-21 0
410113 1 111588 1.3676e-21 0
410113 1 173020 7.30959e-22 0
410113 1 268270 3.44059e-22 0
410113 1 415956 1.45643e-22 0
410113 1 644947 5.63079e-23 0
410113 1 1e+06 2.03008e-23 0

1e+06 1 1e-06 -1.6999e-12 0
1e+06 1 1.55052e-06 -1.09634e-12 0
1e+06 1 2.4041e-06 -7.07083e-13 0
1e+06 1 3.72759e-06 -4.56031e-13 0
1e+06 1 5.77969e-06 -2.94115e-13 0
1e+06 1 8.96151e-06 -1.89689e-13 0
1e+06 1 1.3895e-05 -1.22339e-13 0
1e+06 1 2.15443e-05 -7.89022e-14 0
1e+06 1 3.34048e-05 -5.08877e-14 0
1e+06 1 5.17947e-05 -3.28199e-14 0
1e+06 1 8.03086e-05 -2.11671e-14 0
1e+06 1 0.00012452 -1.36516e-14 0
1e+06 1 0.00019307 -8.80458e-15 0
1e+06 1 0.000299358 -5.67848e-15 0
1e+06 1 0.000464159 -3.66232e-15 0
1e+06 1 0.000719686 -2.362e-15 0
1e+06 1 0.00111588 -1.52336e-15 0
1e+06 1 0.0017302 -9.82489e-16 0
1e+06 1 0.0026827 -6.33653e-16 0
1e+06 1 0.00415956 -4.08673e-16 0
1e+06 1 0.00644947 -2.63573e-16 0
1e+06 1 0.01 -1.69991e-16 0
1e+06 1 0.0155052 -1.09635e-16 0
1e+06 1 0.024041 -7.07091e-17 0
1e+06 1 0.0372759 -4.56039e-17 0
1e+06 1 0.0577969 -2.94125e-17 0
1e+06 1 0.0896151 -1.89698e-17 0
1e+06 1 0.13895 -1.2235e-17 0
1e+06 1 0.215443 -7.89135e-18 0
1e+06 1 0.334048 -5.08997e-18 0
1e+06 1 0.517947 -3.28319e-18 0
1e+06 1 0.803086 -2.1178e-18 0
1e+06 1 1.2452 -1.36605e-18 0
1e+06 1 1.9307 -8.81242e-19 0
1e+06 1 2.99358 -5.68685e-19 0
1e+06 1 4.64159 -3.66792e-19 0
1e+06 1 7.19686 -2.36355e-19 0
1e+06 1 11.1588 -1.52519e-19 0
1e+06 1 17.302 -9.81819e-20 0
1e+06 1 26.827 -6.2964e-20 0
1e+06 1 41.5956 -4.04266e-20 0
1e+06 1 64.4947 -2.59053e-20 0
1e+06 1 100 -1.65307e-20 0
1e+06 1 155.052 -1.04908e-20 0
1e+06 1 240.41 -6.59416e-21 0
1e+06 1 372.759 -4.06843e-21 0
1e+06 1 577.969 -2.44197e-21 0
1e+06 1 896.151 -1.39792e-21 0
1e+06 1 1389.5 -7.18769e-22 0
1e+06 1 2154.43 -2.7879e-22 0
1e+06 1 3340.48 2.41132e-24 0
1e+06 1 5179.47 1.7809e-22 0
1e+06 1 8030.86 2.83198e-22 0
1e+06 1 12452 3.41967e-22 0
1e+06 1 19307 3.64528e-22 0
1e+06 1 29935.8 3.56715e-22 0
1e+06 1 46415.9 3.23656e-22 0
1e+06 1 71968.6 2.70802e-22 0
1e+06 1 111588 2.06428e-22 0
1e+06 1 173020 1.41026e-22 0
1e+06 1 268270 8.50116e-23 0
1e+06 1 415956 4.51983e-23 0
1e+06 1 644947 2.11398e-23 0
1e+06 1 1e+06 8.72151e-24 0

