#q_sq i k_sq Re(fg) Im(fg)
1e-06 0 1e-06 3140.37 0
1e-06 0 1.55052e-06 3140.38 0
1e-06 0 2.4041e-06 3140.38 0
1e-06 0 3.72759e-06 3140.38 0
1e-06 0 5.77969e-06 3140.39 0
1e-06 0 8.96151e-06 3140.4 0
1e-06 0 1.3895e-05 3140.41 0
1e-06 0 2.15443e-05 3140.44 0
1e-06 0 3.34048e-05 3140.47 0
1e-06 0 5.17947e-05 3140.53 0
1e-06 0 8.03086e-05 3140.62 0
1e-06 0 0.00012452 3140.75 0
1e-06 0 0.00019307 3140.96 0
1e-06 0 0.000299358 3141.28 0
1e-06 0 0.000464159 3141.78 0
1e-06 0 0.000719686 3142.55 0
1e-06 0 0.00111588 3143.73 0
1e-06 0 0.0017302 3145.55 0
1e-06 0 0.0026827 3148.34 0
1e-06 0 0.00415956 3152.58 0
1e-06 0 0.00644947 3158.93 0
1e-06 0 0.01 3168.25 0
1e-06 0 0.0155052 3181.47 0
1e-06 0 0.024041 3199.08 0
1e-06 0 0.0372759 3219.84 0
1e-06 0 0.0577969 3237.26 0
1e-06 0 0.0896151 3233.13 0
1e-06 0 0.13895 3165.62 0
1e-06 0 0.215443 2946.33 0
1e-06 0 0.334048 2415.33 0
1e-06 0 0.517947 1322.45 0
1e-06 0 0.803086 -578.205 0
1e-06 0 1.2452 -2830.44 0
1e-06 0 1.9307 -4492.21 0
1e-06 0 2.99358 -7043.33 0
1e-06 0 4.64159 -9268.26 0
1e-06 0 7.19686 -6526.56 0
1e-06 0 11.1588 -9730.38 0
1e-06 0 17.302 -5064.62 0
1e-06 0 26.827 240.007 0
1e-06 0 41.5956 682.96 0
1e-06 0 64.4947 622.665 0
1e-06 0 100 719.205 0
1e-06 0 155.052 609.177 0
1e-06 0 240.41 451.21 0
1e-06 0 372.759 528.137 0
1e-06 0 577.969 534.134 0
1e-06 0 896.151 359.528 0
1e-06 0 1389.5 313.707 0
1e-06 0 2154.43 311.455 0
1e-06 0 3340.48 287.783 0
1e-06 0 5179.47 239.046 0
1e-06 0 8030.86 145.375 0
1e-06 0 12452 87.6617 0
1e-06 0 19307 47.5576 0
1e-06 0 29935.8 1.40683 0
1e-06 0 46415.9 -46.3445 0
1e-06 0 71968.6 -102.88 0
1e-06 0 111588 -177.456 0
1e-06 0 173020 -206.373 0
1e-06 0 268270 -255.219 0
1e-06 0 415956 -285.229 0
1e-06 0 644947 -273.817 0
1e-06 0 1e+06 -140 0

2.43835e-06 0 1e-06 1288.19 0
2.43835e-06 0 1.55052e-06 1288.19 0
2.43835e-06 0 2.4041e-06 1288.19 0
2.43835e-06 0 3.72759e-06 1288.19 0
2.43835e-06 0 5.77969e-06 1288.19 0
2.43835e-06 0 8.96151e-06 1288.2 0
2.43835e-06 0 1.3895e-05 1288.2 0
2.43835e-06 0 2.15443e-05 1288.21 0
2.43835e-06 0 3.34048e-05 1288.23 0
2.43835e-06 0 5.17947e-05 1288.25 0
2.43835e-06 0 8.03086e-05 1288.29 0
2.43835e-06 0 0.00012452 1288.34 0
2.43835e-06 0 0.00019307 1288.43 0
2.43835e-06 0 0.000299358 1288.56 0
2.43835e-06 0 0.000464159 1288.76 0
2.43835e-06 0 0.000719686 1289.08 0
2.43835e-06 0 0.00111588 1289.56 0
2.43835e-06 0 0.0017302 1290.31 0
2.43835e-06 0 0.0026827 1291.46 0
2.43835e-06 0 0.00415956 1293.19 0
2.43835e-06 0 0.00644947 1295.79 0
2.43835e-06 0 0.01 1299.62 0
2.43835e-06 0 0.0155052 1305.03 0
2.43835e-06 0 0.024041 1312.25 0
2.43835e-06 0 0.0372759 1320.76 0
2.43835e-06 0 0.0577969 1327.89 0
2.43835e-06 0 0.0896151 1326.18 0
2.43835e-06 0 0.13895 1298.48 0
2.43835e-06 0 0.215443 1208.51 0
2.43835e-06 0 0.334048 990.703 0
2.43835e-06 0 0.517947 542.456 0
2.43835e-06 0 0.803086 -237.064 0
2.43835e-06 0 1.2452 -1160.76 0
2.43835e-06 0 1.9307 -1842.29 0
2.43835e-06 0 2.99358 -2888.55 0
2.43835e-06 0 4.64159 -3801.02 0
2.43835e-06 0 7.19686 -2676.62 0
2.43835e-06 0 11.1588 -3990.55 0
2.43835e-06 0 17.302 -2077.06 0
2.43835e-06 0 26.827 98.4308 0
2.43835e-06 0 41.5956 280.091 0
2.43835e-06 0 64.4947 255.363 0
2.43835e-06 0 100 294.956 0
2.43835e-06 0 155.052 249.831 0
2.43835e-06 0 240.41 185.047 0
2.43835e-06 0 372.759 216.596 0
2.43835e-06 0 577.969 219.055 0
2.43835e-06 0 896.151 147.447 0
2.43835e-06 0 1389.5 128.655 0
2.43835e-06 0 2154.43 127.732 0
2.43835e-06 0 3340.48 118.023 0
2.43835e-06 0 5179.47 98.0357 0
2.43835e-06 0 8030.86 59.6201 0
2.43835e-06 0 12452 35.9512 0
2.43835e-06 0 19307 19.504 0
2.43835e-06 0 29935.8 0.576959 0
2.43835e-06 0 46415.9 -19.0065 0
2.43835e-06 0 71968.6 -42.1922 0
2.43835e-06 0 111588 -72.7771 0
2.43835e-06 0 173020 -84.636 0
2.43835e-06 0 268270 -104.669 0
2.43835e-06 0 415956 -116.976 0
2.43835e-06 0 644947 -112.296 0
2.43835e-06 0 1e+06 -57.4156 0

5.94557e-06 0 1e-06 528.583 0
5.94557e-06 0 1.55052e-06 528.584 0
5.94557e-06 0 2.4041e-06 528.584 0
5.94557e-06 0 3.72759e-06 528.585 0
5.94557e-06 0 5.77969e-06 528.586 0
5.94557e-06 0 8.96151e-06 528.587 0
5.94557e-06 0 1.3895e-05 528.59 0
5.94557e-06 0 2.15443e-05 528.594 0
5.94557e-06 0 3.34048e-05 528.6 0
5.94557e-06 0 5.17947e-05 528.609 0
5.94557e-06 0 8.03086e-05 528.624 0
5.94557e-06 0 0.00012452 528.646 0
5.94557e-06 0 0.00019307 528.681 0
5.94557e-06 0 0.000299358 528.735 0
5.94557e-06 0 0.000464159 528.819 0
5.94557e-06 0 0.000719686 528.948 0
5.94557e-06 0 0.00111588 529.147 0
5.94557e-06 0 0.0017302 529.453 0
5.94557e-06 0 0.0026827 529.922 0
5.94557e-06 0 0.00415956 530.633 0
5.94557e-06 0 0.00644947 531.699 0
5.94557e-06 0 0.01 533.264 0
5.94557e-06 0 0.0155052 535.483 0
5.94557e-06 0 0.024041 538.438 0
5.94557e-06 0 0.0372759 541.92 0
5.94557e-06 0 0.0577969 544.835 0
5.94557e-06 0 0.0896151 544.118 0
5.94557e-06 0 0.13895 532.734 0
5.94557e-06 0 0.215443 495.809 0
5.94557e-06 0 0.334048 406.446 0
5.94557e-06 0 0.517947 222.572 0
5.94557e-06 0 0.803086 -97.1578 0
5.94557e-06 0 1.2452 -476.007 0
5.94557e-06 0 1.9307 -755.527 0
5.94557e-06 0 2.99358 -1184.62 0
5.94557e-06 0 4.64159 -1558.84 0
5.94557e-06 0 7.19686 -1097.71 0
5.94557e-06 0 11.1588 -1636.57 0
5.94557e-06 0 17.302 -851.828 0
5.94557e-06 0 26.827 40.3685 0
5.94557e-06 0 41.5956 114.869 0
5.94557e-06 0 64.4947 104.728 0
5.94557e-06 0 100 120.965 0
5.94557e-06 0 155.052 102.459 0
5.94557e-06 0 240.41 75.8903 0
5.94557e-06 0 372.759 88.8288 0
5.94557e-06 0 577.969 89.8373 0
5.94557e-06 0 896.151 60.4699 0
5.94557e-06 0 1389.5 52.7632 0
5.94557e-06 0 2154.43 52.3844 0
5.94557e-06 0 3340.48 48.4029 0
5.94557e-06 0 5179.47 40.2057 0
5.94557e-06 0 8030.86 24.451 0
5.94557e-06 0 12452 14.744 0
5.94557e-06 0 19307 7.99883 0
5.94557e-06 0 29935.8 0.236619 0
5.94557e-06 0 46415.9 -7.79479 0
5.94557e-06 0 71968.6 -17.3036 0
5.94557e-06 0 111588 -29.8468 0
5.94557e-06 0 173020 -34.7103 0
5.94557e-06 0 268270 -42.9259 0
5.94557e-06 0 415956 -47.9734 0
5.94557e-06 0 644947 -46.0539 0
5.94557e-06 0 1e+06 -23.5469 0

1.44974e-05 0 1e-06 217.06 0
1.44974e-05 0 1.55052e-06 217.06 0
1.44974e-05 0 2.4041e-06 217.06 0
1.44974e-05 0 3.72759e-06 217.06 0
1.44974e-05 0 5.77969e-06 217.061 0
1.44974e-05 0 8.96151e-06 217.061 0
1.44974e-05 0 1.3895e-05 217.062 0
1.44974e-05 0 2.15443e-05 217.064 0
1.44974e-05 0 3.34048e-05 217.066 0
1.44974e-05 0 5.17947e-05 217.07 0
1.44974e-05 0 8.03086e-05 217.076 0
1.44974e-05 0 0.00012452 217.085 0
1.44974e-05 0 0.00019307 217.1 0
1.44974e-05 0 0.000299358 217.122 0
1.44974e-05 0 0.000464159 217.156 0
1.44974e-05 0 0.000719686 217.209 0
1.44974e-05 0 0.00111588 217.29 0
1.44974e-05 0 0.0017302 217.415 0
1.44974e-05 0 0.0026827 217.607 0
1.44974e-05 0 0.00415956 217.898 0
1.44974e-05 0 0.00644947 218.334 0
1.44974e-05 0 0.01 218.974 0
1.44974e-05 0 0.0155052 219.881 0
1.44974e-05 0 0.024041 221.088 0
1.44974e-05 0 0.0372759 222.509 0
1.44974e-05 0 0.0577969 223.694 0
1.44974e-05 0 0.0896151 223.385 0
1.44974e-05 0 0.13895 218.694 0
1.44974e-05 0 0.215443 203.521 0
1.44974e-05 0 0.334048 166.834 0
1.44974e-05 0 0.517947 91.3841 0
1.44974e-05 0 0.803086 -39.7805 0
1.44974e-05 0 1.2452 -195.181 0
1.44974e-05 0 1.9307 -309.832 0
1.44974e-05 0 2.99358 -485.815 0
1.44974e-05 0 4.64159 -639.293 0
1.44974e-05 0 7.19686 -450.182 0
1.44974e-05 0 11.1588 -671.177 0
1.44974e-05 0 17.302 -349.344 0
1.44974e-05 0 26.827 16.5564 0
1.44974e-05 0 41.5956 47.1099 0
1.44974e-05 0 64.4947 42.9506 0
1.44974e-05 0 100 49.6096 0
1.44974e-05 0 155.052 42.02 0
1.44974e-05 0 240.41 31.1237 0
1.44974e-05 0 372.759 36.4299 0
1.44974e-05 0 577.969 36.8435 0
1.44974e-05 0 896.151 24.7995 0
1.44974e-05 0 1389.5 21.6389 0
1.44974e-05 0 2154.43 21.4835 0
1.44974e-05 0 3340.48 19.8507 0
1.44974e-05 0 5179.47 16.4889 0
1.44974e-05 0 8030.86 10.0277 0
1.44974e-05 0 12452 6.04672 0
1.44974e-05 0 19307 3.28042 0
1.44974e-05 0 29935.8 0.0970413 0
1.44974e-05 0 46415.9 -3.19674 0
1.44974e-05 0 71968.6 -7.09642 0
1.44974e-05 0 111588 -12.2406 0
1.44974e-05 0 173020 -14.2351 0
1.44974e-05 0 268270 -17.6045 0
1.44974e-05 0 415956 -19.6745 0
1.44974e-05 0 644947 -18.8873 0
1.44974e-05 0 1e+06 -9.65687 0

3.53498e-05 0 1e-06 89.2999 0
3.53498e-05 0 1.55052e-06 89.2999 0
3.53498e-05 0 2.4041e-06 89.3 0
3.53498e-05 0 3.72759e-06 89.3001 0
3.53498e-05 0 5.77969e-06 89.3003 0
3.53498e-05 0 8.96151e-06 89.3005 0
3.53498e-05 0 1.3895e-05 89.301 0
3.53498e-05 0 2.15443e-05 89.3016 0
3.53498e-05 0 3.34048e-05 89.3026 0
3.53498e-05 0 5.17947e-05 89.3042 0
3.53498e-05 0 8.03086e-05 89.3066 0
3.53498e-05 0 0.00012452 89.3103 0
3.53498e-05 0 0.00019307 89.3162 0
3.53498e-05 0 0.000299358 89.3252 0
3.53498e-05 0 0.000464159 89.3391 0
3.53498e-05 0 0.000719686 89.3606 0
3.53498e-05 0 0.00111588 89.3938 0
3.53498e-05 0 0.0017302 89.4448 0
3.53498e-05 0 0.0026827 89.5228 0
3.53498e-05 0 0.00415956 89.6412 0
3.53498e-05 0 0.00644947 89.8187 0
3.53498e-05 0 0.01 90.0793 0
3.53498e-05 0 0.0155052 90.4482 0
3.53498e-05 0 0.024041 90.9387 0
3.53498e-05 0 0.0372759 91.5144 0
3.53498e-05 0 0.0577969 91.99 0
3.53498e-05 0 0.0896151 91.8477 0
3.53498e-05 0 0.13895 89.9021 0
3.53498e-05 0 0.215443 83.6497 0
3.53498e-05 0 0.334048 68.5669 0
3.53498e-05 0 0.517947 37.5821 0
3.53498e-05 0 0.803086 -16.2494 0
3.53498e-05 0 1.2452 -80.01 0
3.53498e-05 0 1.9307 -127.046 0
3.53498e-05 0 2.99358 -199.227 0
3.53498e-05 0 4.64159 -262.175 0
3.53498e-05 0 7.19686 -184.622 0
3.53498e-05 0 11.1588 -275.256 0
3.53498e-05 0 17.302 -143.269 0
3.53498e-05 0 26.827 6.79077 0
3.53498e-05 0 41.5956 19.3209 0
3.53498e-05 0 64.4947 17.6149 0
3.53498e-05 0 100 20.3458 0
3.53498e-05 0 155.052 17.2331 0
3.53498e-05 0 240.41 12.7643 0
3.53498e-05 0 372.759 14.9404 0
3.53498e-05 0 577.969 15.11 0
3.53498e-05 0 896.151 10.1706 0
3.53498e-05 0 1389.5 8.8744 0
3.53498e-05 0 2154.43 8.81068 0
3.53498e-05 0 3340.48 8.14101 0
3.53498e-05 0 5179.47 6.7623 0
3.53498e-05 0 8030.86 4.11247 0
3.53498e-05 0 12452 2.47984 0
3.53498e-05 0 19307 1.34534 0
3.53498e-05 0 29935.8 0.0397987 0
3.53498e-05 0 46415.9 -1.31102 0
3.53498e-05 0 71968.6 -2.91033 0
3.53498e-05 0 111588 -5.02001 0
3.53498e-05 0 173020 -5.83801 0
3.53498e-05 0 268270 -7.21982 0
3.53498e-05 0 415956 -8.06876 0
3.53498e-05 0 644947 -7.74592 0
3.53498e-05 0 1e+06 -3.9604 0

8.61954e-05 0 1e-06 36.9039 0
8.61954e-05 0 1.55052e-06 36.9039 0
8.61954e-05 0 2.4041e-06 36.904 0
8.61954e-05 0 3.72759e-06 36.904 0
8.61954e-05 0 5.77969e-06 36.9041 0
8.61954e-05 0 8.96151e-06 36.9042 0
8.61954e-05 0 1.3895e-05 36.9044 0
8.61954e-05 0 2.15443e-05 36.9046 0
8.61954e-05 0 3.34048e-05 36.905 0
8.61954e-05 0 5.17947e-05 36.9057 0
8.61954e-05 0 8.03086e-05 36.9066 0
8.61954e-05 0 0.00012452 36.9082 0
8.61954e-05 0 0.00019307 36.9105 0
8.61954e-05 0 0.000299358 36.9141 0
8.61954e-05 0 0.000464159 36.9197 0
8.61954e-05 0 0.000719686 36.9284 0
8.61954e-05 0 0.00111588 36.9418 0
8.61954e-05 0 0.0017302 36.9624 0
8.61954e-05 0 0.0026827 36.9939 0
8.61954e-05 0 0.00415956 37.0416 0
8.61954e-05 0 0.00644947 37.1131 0
8.61954e-05 0 0.01 37.218 0
8.61954e-05 0 0.0155052 37.3663 0
8.61954e-05 0 0.024041 37.5628 0
8.61954e-05 0 0.0372759 37.7919 0
8.61954e-05 0 0.0577969 37.9765 0
8.61954e-05 0 0.0896151 37.9028 0
8.61954e-05 0 0.13895 37.0829 0
8.61954e-05 0 0.215443 34.489 0
8.61954e-05 0 0.334048 28.2661 0
8.61954e-05 0 0.517947 15.5172 0
8.61954e-05 0 0.803086 -6.59894 0
8.61954e-05 0 1.2452 -32.777 0
8.61954e-05 0 1.9307 -52.0834 0
8.61954e-05 0 2.99358 -81.6936 0
8.61954e-05 0 4.64159 -107.514 0
8.61954e-05 0 7.19686 -75.7121 0
8.61954e-05 0 11.1588 -112.883 0
8.61954e-05 0 17.302 -58.7552 0
8.61954e-05 0 26.827 2.78576 0
8.61954e-05 0 41.5956 7.92426 0
8.61954e-05 0 64.4947 7.22445 0
8.61954e-05 0 100 8.34427 0
8.61954e-05 0 155.052 7.06765 0
8.61954e-05 0 240.41 5.2349 0
8.61954e-05 0 372.759 6.12732 0
8.61954e-05 0 577.969 6.19685 0
8.61954e-05 0 896.151 4.17113 0
8.61954e-05 0 1389.5 3.63952 0
8.61954e-05 0 2154.43 3.61338 0
8.61954e-05 0 3340.48 3.33874 0
8.61954e-05 0 5179.47 2.77331 0
8.61954e-05 0 8030.86 1.68658 0
8.61954e-05 0 12452 1.01702 0
8.61954e-05 0 19307 0.551744 0
8.61954e-05 0 29935.8 0.0163228 0
8.61954e-05 0 46415.9 -0.537667 0
8.61954e-05 0 71968.6 -1.19356 0
8.61954e-05 0 111588 -2.05877 0
8.61954e-05 0 173020 -2.39424 0
8.61954e-05 0 268270 -2.96094 0
8.61954e-05 0 415956 -3.3091 0
8.61954e-05 0 644947 -3.1767 0
8.61954e-05 0 1e+06 -1.62421 0

0.000210175 0 1e-06 15.4157 0
0.000210175 0 1.55052e-06 15.4157 0
0.000210175 0 2.4041e-06 15.4157 0
0.000210175 0 3.72759e-06 15.4157 0
0.000210175 0 5.77969e-06 15.4157 0
0.000210175 0 8.96151e-06 15.4158 0
0.000210175 0 1.3895e-05 15.4158 0
0.000210175 0 2.15443e-05 15.4159 0
0.000210175 0 3.34048e-05 15.4161 0
0.000210175 0 5.17947e-05 15.4164 0
0.000210175 0 8.03086e-05 15.4167 0
0.000210175 0 0.00012452 15.4173 0
0.000210175 0 0.00019307 15.4183 0
0.000210175 0 0.000299358 15.4197 0
0.000210175 0 0.000464159 15.4219 0
0.000210175 0 0.000719686 15.4253 0
0.000210175 0 0.00111588 15.4306 0
0.000210175 0 0.0017302 15.4387 0
0.000210175 0 0.0026827 15.451 0
0.000210175 0 0.00415956 15.4698 0
0.000210175 0 0.00644947 15.4979 0
0.000210175 0 0.01 15.5389 0
0.000210175 0 0.0155052 15.5967 0
0.000210175 0 0.024041 15.6727 0
0.000210175 0 0.0372759 15.7596 0
0.000210175 0 0.0577969 15.8249 0
0.000210175 0 0.0896151 15.7792 0
0.000210175 0 0.13895 15.4211 0
0.000210175 0 0.215443 14.3276 0
0.000210175 0 0.334048 11.7382 0
0.000210175 0 0.517947 6.46809 0
0.000210175 0 0.803086 -2.64118 0
0.000210175 0 1.2452 -13.4062 0
0.000210175 0 1.9307 -21.3402 0
0.000210175 0 2.99358 -33.4916 0
0.000210175 0 4.64159 -44.0859 0
0.000210175 0 7.19686 -31.0468 0
0.000210175 0 11.1588 -46.2924 0
0.000210175 0 17.302 -24.0949 0
0.000210175 0 26.827 1.14325 0
0.000210175 0 41.5956 3.25035 0
0.000210175 0 64.4947 2.96318 0
0.000210175 0 100 3.42232 0
0.000210175 0 155.052 2.89868 0
0.000210175 0 240.41 2.147 0
0.000210175 0 372.759 2.51295 0
0.000210175 0 577.969 2.54145 0
0.000210175 0 896.151 1.71066 0
0.000210175 0 1389.5 1.49263 0
0.000210175 0 2154.43 1.48191 0
0.000210175 0 3340.48 1.36927 0
0.000210175 0 5179.47 1.13737 0
0.000210175 0 8030.86 0.691691 0
0.000210175 0 12452 0.417093 0
0.000210175 0 19307 0.226279 0
0.000210175 0 29935.8 0.00669503 0
0.000210175 0 46415.9 -0.220503 0
0.000210175 0 71968.6 -0.489495 0
0.000210175 0 111588 -0.844327 0
0.000210175 0 173020 -0.981909 0
0.000210175 0 268270 -1.21432 0
0.000210175 0 415956 -1.3571 0
0.000210175 0 644947 -1.3028 0
0.000210175 0 1e+06 -0.66611 0

0.000512481 0 1e-06 6.60302 0
0.000512481 0 1.55052e-06 6.60303 0
0.000512481 0 2.4041e-06 6.60303 0
0.000512481 0 3.72759e-06 6.60304 0
0.000512481 0 5.77969e-06 6.60305 0
0.000512481 0 8.96151e-06 6.60306 0
0.000512481 0 1.3895e-05 6.60309 0
0.000512481 0 2.15443e-05 6.60313 0
0.000512481 0 3.34048e-05 6.60319 0
0.000512481 0 5.17947e-05 6.60328 0
0.000512481 0 8.03086e-05 6.60342 0
0.000512481 0 0.00012452 6.60364 0
0.000512481 0 0.00019307 6.60398 0
0.000512481 0 0.000299358 6.6045 0
0.000512481 0 0.000464159 6.60532 0
0.000512481 0 0.000719686 6.60658 0
0.000512481 0 0.00111588 6.60851 0
0.000512481 0 0.0017302 6.61149 0
0.000512481 0 0.0026827 6.61603 0
0.000512481 0 0.00415956 6.6229 0
0.000512481 0 0.00644947 6.63313 0
0.000512481 0 0.01 6.648 0
0.000512481 0 0.0155052 6.66868 0
0.000512481 0 0.024041 6.69523 0
0.000512481 0 0.0372759 6.7239 0
0.000512481 0 0.0577969 6.74016 0
0.000512481 0 0.0896151 6.70605 0
0.000512481 0 0.13895 6.53725 0
0.000512481 0 0.215443 6.0591 0
0.000512481 0 0.334048 4.95989 0
0.000512481 0 0.517947 2.75693 0
0.000512481 0 0.803086 -1.01805 0
0.000512481 0 1.2452 -5.46198 0
0.000512481 0 1.9307 -8.73207 0
0.000512481 0 2.99358 -13.7234 0
0.000512481 0 4.64159 -18.0731 0
0.000512481 0 7.19686 -12.729 0
0.000512481 0 11.1588 -18.9826 0
0.000512481 0 17.302 -9.88029 0
0.000512481 0 26.827 0.469638 0
0.000512481 0 41.5956 1.33353 0
0.000512481 0 64.4947 1.21558 0
0.000512481 0 100 1.40376 0
0.000512481 0 155.052 1.18893 0
0.000512481 0 240.41 0.880607 0
0.000512481 0 372.759 1.03066 0
0.000512481 0 577.969 1.04232 0
0.000512481 0 896.151 0.70159 0
0.000512481 0 1389.5 0.612165 0
0.000512481 0 2154.43 0.60776 0
0.000512481 0 3340.48 0.561561 0
0.000512481 0 5179.47 0.466457 0
0.000512481 0 8030.86 0.283674 0
0.000512481 0 12452 0.171057 0
0.000512481 0 19307 0.092801 0
0.000512481 0 29935.8 0.00274656 0
0.000512481 0 46415.9 -0.0904307 0
0.000512481 0 71968.6 -0.200748 0
0.000512481 0 111588 -0.346269 0
0.000512481 0 173020 -0.402693 0
0.000512481 0 268270 -0.498007 0
0.000512481 0 415956 -0.556566 0
0.000512481 0 644947 -0.534297 0
0.000512481 0 1e+06 -0.27318 0

0.00124961 0 1e-06 2.98876 0
0.00124961 0 1.55052e-06 2.98876 0
0.00124961 0 2.4041e-06 2.98877 0
0.00124961 0 3.72759e-06 2.98877 0
0.00124961 0 5.77969e-06 2.98877 0
0.00124961 0 8.96151e-06 2.98877 0
0.00124961 0 1.3895e-05 2.98878 0
0.00124961 0 2.15443e-05 2.98879 0
0.00124961 0 3.34048e-05 2.98881 0
0.00124961 0 5.17947e-05 2.98884 0
0.00124961 0 8.03086e-05 2.98888 0
0.00124961 0 0.00012452 2.98895 0
0.00124961 0 0.00019307 2.98905 0
0.00124961 0 0.000299358 2.9892 0
0.00124961 0 0.000464159 2.98944 0
0.00124961 0 0.000719686 2.98982 0
0.00124961 0 0.00111588 2.99039 0
0.00124961 0 0.0017302 2.99126 0
0.00124961 0 0.0026827 2.99259 0
0.00124961 0 0.00415956 2.99458 0
0.00124961 0 0.00644947 2.99751 0
0.00124961 0 0.01 3.00164 0
0.00124961 0 0.0155052 3.00711 0
0.00124961 0 0.024041 3.01338 0
0.00124961 0 0.0372759 3.01814 0
0.00124961 0 0.0577969 3.01434 0
0.00124961 0 0.0896151 2.98496 0
0.00124961 0 0.13895 2.89383 0
0.00124961 0 0.215443 2.66805 0
0.00124961 0 0.334048 2.17999 0
0.00124961 0 0.517947 1.23492 0
0.00124961 0 0.803086 -0.352394 0
0.00124961 0 1.2452 -2.20395 0
0.00124961 0 1.9307 -3.56131 0
0.00124961 0 2.99358 -5.61616 0
0.00124961 0 4.64159 -7.40494 0
0.00124961 0 7.19686 -5.21666 0
0.00124961 0 11.1588 -7.78254 0
0.00124961 0 17.302 -4.0507 0
0.00124961 0 26.827 0.19338 0
0.00124961 0 41.5956 0.547412 0
0.00124961 0 64.4947 0.498865 0
0.00124961 0 100 0.575922 0
0.00124961 0 155.052 0.487744 0
0.00124961 0 240.41 0.361245 0
0.00124961 0 372.759 0.422748 0
0.00124961 0 577.969 0.42751 0
0.00124961 0 896.151 0.287758 0
0.00124961 0 1389.5 0.251074 0
0.00124961 0 2154.43 0.249261 0
0.00124961 0 3340.48 0.230311 0
0.00124961 0 5179.47 0.191305 0
0.00124961 0 8030.86 0.116342 0
0.00124961 0 12452 0.0701547 0
0.00124961 0 19307 0.0380602 0
0.00124961 0 29935.8 0.00112724 0
0.00124961 0 46415.9 -0.0370862 0
0.00124961 0 71968.6 -0.0823289 0
0.00124961 0 111588 -0.142009 0
0.00124961 0 173020 -0.165149 0
0.00124961 0 268270 -0.204239 0
0.00124961 0 415956 -0.228255 0
0.00124961 0 644947 -0.219122 0
0.00124961 0 1e+06 -0.112035 0

0.00304699 0 1e-06 1.5063 0
0.00304699 0 1.55052e-06 1.5063 0
0.00304699 0 2.4041e-06 1.5063 0
0.00304699 0 3.72759e-06 1.5063 0
0.00304699 0 5.77969e-06 1.5063 0
0.00304699 0 8.96151e-06 1.5063 0
0.00304699 0 1.3895e-05 1.5063 0
0.00304699 0 2.15443e-05 1.5063 0
0.00304699 0 3.34048e-05 1.5063 0
0.00304699 0 5.17947e-05 1.5063 0
0.00304699 0 8.03086e-05 1.5063 0
0.00304699 0 0.00012452 1.50631 0
0.00304699 0 0.00019307 1.50631 0
0.00304699 0 0.000299358 1.50631 0
0.00304699 0 0.000464159 1.50632 0
0.00304699 0 0.000719686 1.50633 0
0.00304699 0 0.00111588 1.50634 0
0.00304699 0 0.0017302 1.50636 0
0.00304699 0 0.0026827 1.50637 0
0.00304699 0 0.00415956 1.50636 0
0.00304699 0 0.00644947 1.50629 0
0.00304699 0 0.01 1.50602 0
0.00304699 0 0.0155052 1.50525 0
0.00304699 0 0.024041 1.50322 0
0.00304699 0 0.0372759 1.49818 0
0.00304699 0 0.0577969 1.48615 0
0.00304699 0 0.0896151 1.45873 0
0.00304699 0 0.13895 1.39948 0
0.00304699 0 0.215443 1.27723 0
0.00304699 0 0.334048 1.03985 0
0.00304699 0 0.517947 0.61069 0
0.00304699 0 0.803086 -0.0794149 0
0.00304699 0 1.2452 -0.867801 0
0.00304699 0 1.9307 -1.44072 0
0.00304699 0 2.99358 -2.2913 0
0.00304699 0 4.64159 -3.02979 0
0.00304699 0 7.19686 -2.13575 0
0.00304699 0 11.1588 -3.18924 0
0.00304699 0 17.302 -1.6599 0
0.00304699 0 26.827 0.0800837 0
0.00304699 0 41.5956 0.225016 0
0.00304699 0 64.4947 0.204932 0
0.00304699 0 100 0.236416 0
0.00304699 0 155.052 0.200177 0
0.00304699 0 240.41 0.148248 0
0.00304699 0 372.759 0.173437 0
0.00304699 0 577.969 0.175368 0
0.00304699 0 896.151 0.11804 0
0.00304699 0 1389.5 0.102986 0
0.00304699 0 2154.43 0.102237 0
0.00304699 0 3340.48 0.0944607 0
0.00304699 0 5179.47 0.0784612 0
0.00304699 0 8030.86 0.0477163 0
0.00304699 0 12452 0.0287733 0
0.00304699 0 19307 0.0156103 0
0.00304699 0 29935.8 0.000463137 0
0.00304699 0 46415.9 -0.015209 0
0.00304699 0 71968.6 -0.0337638 0
0.00304699 0 111588 -0.0582395 0
0.00304699 0 173020 -0.0677297 0
0.00304699 0 268270 -0.0837609 0
0.00304699 0 415956 -0.0936101 0
0.00304699 0 644947 -0.0898646 0
0.00304699 0 1e+06 -0.0459468 0

0.00742964 0 1e-06 0.897815 0
0.00742964 0 1.55052e-06 0.897815 0
0.00742964 0 2.4041e-06 0.897814 0
0.00742964 0 3.72759e-06 0.897814 0
0.00742964 0 5.77969e-06 0.897813 0
0.00742964 0 8.96151e-06 0.897811 0
0.00742964 0 1.3895e-05 0.897808 0
0.00742964 0 2.15443e-05 0.897804 0
0.00742964 0 3.34048e-05 0.897798 0
0.00742964 0 5.17947e-05 0.897788 0
0.00742964 0 8.03086e-05 0.897772 0
0.00742964 0 0.00012452 0.897748 0
0.00742964 0 0.00019307 0.897711 0
0.00742964 0 0.000299358 0.897653 0
0.00742964 0 0.000464159 0.897564 0
0.00742964 0 0.000719686 0.897425 0
0.00742964 0 0.00111588 0.897208 0
0.00742964 0 0.0017302 0.896871 0
0.00742964 0 0.0026827 0.896345 0
0.00742964 0 0.00415956 0.895521 0
0.00742964 0 0.00644947 0.894222 0
0.00742964 0 0.01 0.892157 0
0.00742964 0 0.0155052 0.888834 0
0.00742964 0 0.024041 0.883405 0
0.00742964 0 0.0372759 0.874371 0
0.00742964 0 0.0577969 0.859 0
0.00742964 0 0.0896151 0.832424 0
0.00742964 0 0.13895 0.786295 0
0.00742964 0 0.215443 0.706576 0
0.00742964 0 0.334048 0.57208 0
0.00742964 0 0.517947 0.354585 0
0.00742964 0 0.803086 0.032498 0
0.00742964 0 1.2452 -0.31984 0
0.00742964 0 1.9307 -0.571042 0
0.00742964 0 2.99358 -0.927733 0
0.00742964 0 4.64159 -1.23549 0
0.00742964 0 7.19686 -0.87223 0
0.00742964 0 11.1588 -1.30547 0
0.00742964 0 17.302 -0.679412 0
0.00742964 0 26.827 0.0336192 0
0.00742964 0 41.5956 0.0927971 0
0.00742964 0 64.4947 0.0843859 0
0.00742964 0 100 0.0971803 0
0.00742964 0 155.052 0.0822427 0
0.00742964 0 240.41 0.060895 0
0.00742964 0 372.759 0.0711914 0
0.00742964 0 577.969 0.0719616 0
0.00742964 0 896.151 0.0484365 0
0.00742964 0 1389.5 0.0422533 0
0.00742964 0 2154.43 0.0419398 0
0.00742964 0 3340.48 0.0387469 0
0.00742964 0 5179.47 0.0321827 0
0.00742964 0 8030.86 0.0195721 0
0.00742964 0 12452 0.0118023 0
0.00742964 0 19307 0.00640326 0
0.00742964 0 29935.8 0.00019078 0
0.00742964 0 46415.9 -0.00623686 0
0.00742964 0 71968.6 -0.0138466 0
0.00742964 0 111588 -0.0238845 0
0.00742964 0 173020 -0.0277767 0
0.00742964 0 268270 -0.0343513 0
0.00742964 0 415956 -0.0383906 0
0.00742964 0 644947 -0.0368546 0
0.00742964 0 1e+06 -0.0188433 0

0.0181161 0 1e-06 0.647027 0
0.0181161 0 1.55052e-06 0.647026 0
0.0181161 0 2.4041e-06 0.647026 0
0.0181161 0 3.72759e-06 0.647025 0
0.0181161 0 5.77969e-06 0.647023 0
0.0181161 0 8.96151e-06 0.647021 0
0.0181161 0 1.3895e-05 0.647017 0
0.0181161 0 2.15443e-05 0.647011 0
0.0181161 0 3.34048e-05 0.647002 0
0.0181161 0 5.17947e-05 0.646987 0
0.0181161 0 8.03086e-05 0.646965 0
0.0181161 0 0.00012452 0.646931 0
0.0181161 0 0.00019307 0.646877 0
0.0181161 0 0.000299358 0.646794 0
0.0181161 0 0.000464159 0.646666 0
0.0181161 0 0.000719686 0.646467 0
0.0181161 0 0.00111588 0.646158 0
0.0181161 0 0.0017302 0.645679 0
0.0181161 0 0.0026827 0.644936 0
0.0181161 0 0.00415956 0.643782 0
0.0181161 0 0.00644947 0.641988 0
0.0181161 0 0.01 0.639198 0
0.0181161 0 0.0155052 0.63485 0
0.0181161 0 0.024041 0.628059 0
0.0181161 0 0.0372759 0.61743 0
0.0181161 0 0.0577969 0.600755 0
0.0181161 0 0.0896151 0.574621 0
0.0181161 0 0.13895 0.53401 0
0.0181161 0 0.215443 0.471905 0
0.0181161 0 0.334048 0.379806 0
0.0181161 0 0.517947 0.249312 0
0.0181161 0 0.803086 0.0782984 0
0.0181161 0 1.2452 -0.0951438 0
0.0181161 0 1.9307 -0.214392 0
0.0181161 0 2.99358 -0.368528 0
0.0181161 0 4.64159 -0.499625 0
0.0181161 0 7.19686 -0.354047 0
0.0181161 0 11.1588 -0.532914 0
0.0181161 0 17.302 -0.2773 0
0.0181161 0 26.827 0.0145632 0
0.0181161 0 41.5956 0.0385724 0
0.0181161 0 64.4947 0.0349484 0
0.0181161 0 100 0.0400779 0
0.0181161 0 155.052 0.0338762 0
0.0181161 0 240.41 0.0250705 0
0.0181161 0 372.759 0.0292592 0
0.0181161 0 577.969 0.0295533 0
0.0181161 0 896.151 0.0198912 0
0.0181161 0 1389.5 0.017346 0
0.0181161 0 2154.43 0.0172113 0
0.0181161 0 3340.48 0.0158979 0
0.0181161 0 5179.47 0.0132033 0
0.0181161 0 8030.86 0.00802989 0
0.0181161 0 12452 0.00484229 0
0.0181161 0 19307 0.00262736 0
0.0181161 0 29935.8 7.90826e-05 0
0.0181161 0 46415.9 -0.00255727 0
0.0181161 0 71968.6 -0.00567831 0
0.0181161 0 111588 -0.00979512 0
0.0181161 0 173020 -0.0113914 0
0.0181161 0 268270 -0.0140878 0
0.0181161 0 415956 -0.0157444 0
0.0181161 0 644947 -0.0151145 0
0.0181161 0 1e+06 -0.00772787 0

0.0441734 0 1e-06 0.541081 0
0.0441734 0 1.55052e-06 0.541081 0
0.0441734 0 2.4041e-06 0.54108 0
0.0441734 0 3.72759e-06 0.541079 0
0.0441734 0 5.77969e-06 0.541077 0
0.0441734 0 8.96151e-06 0.541074 0
0.0441734 0 1.3895e-05 0.54107 0
0.0441734 0 2.15443e-05 0.541063 0
0.0441734 0 3.34048e-05 0.541053 0
0.0441734 0 5.17947e-05 0.541037 0
0.0441734 0 8.03086e-05 0.541013 0
0.0441734 0 0.00012452 0.540974 0
0.0441734 0 0.00019307 0.540915 0
0.0441734 0 0.000299358 0.540823 0
0.0441734 0 0.000464159 0.54068 0
0.0441734 0 0.000719686 0.540459 0
0.0441734 0 0.00111588 0.540116 0
0.0441734 0 0.0017302 0.539584 0
0.0441734 0 0.0026827 0.53876 0
0.0441734 0 0.00415956 0.537484 0
0.0441734 0 0.00644947 0.535509 0
0.0441734 0 0.01 0.532453 0
0.0441734 0 0.0155052 0.527732 0
0.0441734 0 0.024041 0.520457 0
0.0441734 0 0.0372759 0.509285 0
0.0441734 0 0.0577969 0.492241 0
0.0441734 0 0.0896151 0.466527 0
0.0441734 0 0.13895 0.428508 0
0.0441734 0 0.215443 0.374057 0
0.0441734 0 0.334048 0.299844 0
0.0441734 0 0.517947 0.205521 0
0.0441734 0 0.803086 0.0968287 0
0.0441734 0 1.2452 -0.00307364 0
0.0441734 0 1.9307 -0.0681649 0
0.0441734 0 2.99358 -0.139217 0
0.0441734 0 4.64159 -0.197851 0
0.0441734 0 7.19686 -0.141539 0
0.0441734 0 11.1588 -0.216081 0
0.0441734 0 17.302 -0.11239 0
0.0441734 0 26.827 0.00674735 0
0.0441734 0 41.5956 0.0163337 0
0.0441734 0 64.4947 0.0146732 0
0.0441734 0 100 0.0166593 0
0.0441734 0 155.052 0.0140403 0
0.0441734 0 240.41 0.0103783 0
0.0441734 0 372.759 0.0120622 0
0.0441734 0 577.969 0.012161 0
0.0441734 0 896.151 0.00818446 0
0.0441734 0 1389.5 0.00713124 0
0.0441734 0 2154.43 0.00706987 0
0.0441734 0 3340.48 0.00652727 0
0.0441734 0 5179.47 0.00541961 0
0.0441734 0 8030.86 0.00329626 0
0.0441734 0 12452 0.00198789 0
0.0441734 0 19307 0.00107881 0
0.0441734 0 29935.8 3.32739e-05 0
0.0441734 0 46415.9 -0.00104822 0
0.0441734 0 71968.6 -0.0023284 0
0.0441734 0 111588 -0.00401688 0
0.0441734 0 173020 -0.00467162 0
0.0441734 0 268270 -0.0057775 0
0.0441734 0 415956 -0.00645693 0
0.0441734 0 644947 -0.00619861 0
0.0441734 0 1e+06 -0.00316927 0

0.107711 0 1e-06 0.490258 0
0.107711 0 1.55052e-06 0.490258 0
0.107711 0 2.4041e-06 0.490257 0
0.107711 0 3.72759e-06 0.490256 0
0.107711 0 5.77969e-06 0.490254 0
0.107711 0 8.96151e-06 0.490251 0
0.107711 0 1.3895e-05 0.490247 0
0.107711 0 2.15443e-05 0.49024 0
0.107711 0 3.34048e-05 0.49023 0
0.107711 0 5.17947e-05 0.490214 0
0.107711 0 8.03086e-05 0.490188 0
0.107711 0 0.00012452 0.490149 0
0.107711 0 0.00019307 0.490089 0
0.107711 0 0.000299358 0.489995 0
0.107711 0 0.000464159 0.48985 0
0.107711 0 0.000719686 0.489625 0
0.107711 0 0.00111588 0.489277 0
0.107711 0 0.0017302 0.488737 0
0.107711 0 0.0026827 0.4879 0
0.107711 0 0.00415956 0.486606 0
0.107711 0 0.00644947 0.484604 0
0.107711 0 0.01 0.481514 0
0.107711 0 0.0155052 0.476756 0
0.107711 0 0.024041 0.469455 0
0.107711 0 0.0372759 0.458324 0
0.107711 0 0.0577969 0.441517 0
0.107711 0 0.0896151 0.416539 0
0.107711 0 0.13895 0.380365 0
0.107711 0 0.215443 0.330068 0
0.107711 0 0.334048 0.264383 0
0.107711 0 0.517947 0.186071 0
0.107711 0 0.803086 0.103819 0
0.107711 0 1.2452 0.0344972 0
0.107711 0 1.9307 -0.00828473 0
0.107711 0 2.99358 -0.0452344 0
0.107711 0 4.64159 -0.0741206 0
0.107711 0 7.19686 -0.0543995 0
0.107711 0 11.1588 -0.0861516 0
0.107711 0 17.302 -0.0447613 0
0.107711 0 26.827 0.00354017 0
0.107711 0 41.5956 0.00721226 0
0.107711 0 64.4947 0.00635748 0
0.107711 0 100 0.00705465 0
0.107711 0 155.052 0.00590519 0
0.107711 0 240.41 0.00435278 0
0.107711 0 372.759 0.00500943 0
0.107711 0 577.969 0.00502821 0
0.107711 0 896.151 0.00338332 0
0.107711 0 1389.5 0.002942 0
0.107711 0 2154.43 0.00291071 0
0.107711 0 3340.48 0.00268424 0
0.107711 0 5179.47 0.00222741 0
0.107711 0 8030.86 0.00135493 0
0.107711 0 12452 0.000817265 0
0.107711 0 19307 0.000443733 0
0.107711 0 29935.8 1.44866e-05 0
0.107711 0 46415.9 -0.000429346 0
0.107711 0 71968.6 -0.000954552 0
0.107711 0 111588 -0.00164714 0
0.107711 0 173020 -0.00191574 0
0.107711 0 268270 -0.00236933 0
0.107711 0 415956 -0.00264801 0
0.107711 0 644947 -0.00254209 0
0.107711 0 1e+06 -0.00129974 0

0.262636 0 1e-06 0.451063 0
0.262636 0 1.55052e-06 0.451063 0
0.262636 0 2.4041e-06 0.451062 0
0.262636 0 3.72759e-06 0.451061 0
0.262636 0 5.77969e-06 0.451059 0
0.262636 0 8.96151e-06 0.451056 0
0.262636 0 1.3895e-05 0.451052 0
0.262636 0 2.15443e-05 0.451046 0
0.262636 0 3.34048e-05 0.451036 0
0.262636 0 5.17947e-05 0.451021 0
0.262636 0 8.03086e-05 0.450997 0
0.262636 0 0.00012452 0.45096 0
0.262636 0 0.00019307 0.450903 0
0.262636 0 0.000299358 0.450814 0
0.262636 0 0.000464159 0.450676 0
0.262636 0 0.000719686 0.450463 0
0.262636 0 0.00111588 0.450132 0
0.262636 0 0.0017302 0.449619 0
0.262636 0 0.0026827 0.448826 0
0.262636 0 0.00415956 0.447598 0
0.262636 0 0.00644947 0.445701 0
0.262636 0 0.01 0.442774 0
0.262636 0 0.0155052 0.438272 0
0.262636 0 0.024041 0.431375 0
0.262636 0 0.0372759 0.420885 0
0.262636 0 0.0577969 0.405105 0
0.262636 0 0.0896151 0.381776 0
0.262636 0 0.13895 0.348242 0
0.262636 0 0.215443 0.302121 0
0.262636 0 0.334048 0.242868 0
0.262636 0 0.517947 0.174082 0
0.262636 0 0.803086 0.104968 0
0.262636 0 1.2452 0.0493531 0
0.262636 0 1.9307 0.0160361 0
0.262636 0 2.99358 -0.00684203 0
0.262636 0 4.64159 -0.0234533 0
0.262636 0 7.19686 -0.0186959 0
0.262636 0 11.1588 -0.0328842 0
0.262636 0 17.302 -0.0170347 0
0.262636 0 26.827 0.00222027 0
0.262636 0 41.5956 0.00346877 0
0.262636 0 64.4947 0.00294553 0
0.262636 0 100 0.00311475 0
0.262636 0 155.052 0.00256832 0
0.262636 0 240.41 0.00188129 0
0.262636 0 372.759 0.0021168 0
0.262636 0 577.969 0.00210283 0
0.262636 0 896.151 0.00141425 0
0.262636 0 1389.5 0.0012239 0
0.262636 0 2154.43 0.00120496 0
0.262636 0 3340.48 0.00110815 0
0.262636 0 5179.47 0.000918242 0
0.262636 0 8030.86 0.000558764 0
0.262636 0 12452 0.000337172 0
0.262636 0 19307 0.000183276 0
0.262636 0 29935.8 6.78001e-06 0
0.262636 0 46415.9 -0.000175537 0
0.262636 0 71968.6 -0.000391122 0
0.262636 0 111588 -0.000675288 0
0.262636 0 173020 -0.000785525 0
0.262636 0 268270 -0.000971599 0
0.262636 0 415956 -0.00108592 0
0.262636 0 644947 -0.00104251 0
0.262636 0 1e+06 -0.000533015 0

0.6404 0 1e-06 0.391332 0
0.6404 0 1.55052e-06 0.391332 0
0.6404 0 2.4041e-06 0.391331 0
0.6404 0 3.72759e-06 0.39133 0
0.6404 0 5.77969e-06 0.391329 0
0.6404 0 8.96151e-06 0.391326 0
0.6404 0 1.3895e-05 0.391323 0
0.6404 0 2.15443e-05 0.391317 0
0.6404 0 3.34048e-05 0.391309 0
0.6404 0 5.17947e-05 0.391296 0
0.6404 0 8.03086e-05 0.391276 0
0.6404 0 0.00012452 0.391245 0
0.6404 0 0.00019307 0.391196 0
0.6404 0 0.000299358 0.391121 0
0.6404 0 0.000464159 0.391005 0
0.6404 0 0.000719686 0.390824 0
0.6404 0 0.00111588 0.390545 0
0.6404 0 0.0017302 0.390111 0
0.6404 0 0.0026827 0.389441 0
0.6404 0 0.00415956 0.388403 0
0.6404 0 0.00644947 0.386799 0
0.6404 0 0.01 0.384326 0
0.6404 0 0.0155052 0.380521 0
0.6404 0 0.024041 0.374696 0
0.6404 0 0.0372759 0.365841 0
0.6404 0 0.0577969 0.35253 0
0.6404 0 0.0896151 0.332872 0
0.6404 0 0.13895 0.304644 0
0.6404 0 0.215443 0.265865 0
0.6404 0 0.334048 0.216086 0
0.6404 0 0.517947 0.158345 0
0.6404 0 0.803086 0.100467 0
0.6404 0 1.2452 0.0537486 0
0.6404 0 1.9307 0.0253684 0
0.6404 0 2.99358 0.00853417 0
0.6404 0 4.64159 -0.00286198 0
0.6404 0 7.19686 -0.00413694 0
0.6404 0 11.1588 -0.0110852 0
0.6404 0 17.302 -0.00568553 0
0.6404 0 26.827 0.00166711 0
0.6404 0 41.5956 0.00192662 0
0.6404 0 64.4947 0.0015422 0
0.6404 0 100 0.00149656 0
0.6404 0 155.052 0.00119839 0
0.6404 0 240.41 0.000866843 0
0.6404 0 372.759 0.000929971 0
0.6404 0 577.969 0.000902778 0
0.6404 0 896.151 0.000606507 0
0.6404 0 1389.5 0.000519164 0
0.6404 0 2154.43 0.000505342 0
0.6404 0 3340.48 0.000461725 0
0.6404 0 5179.47 0.000381307 0
0.6404 0 8030.86 0.000232228 0
0.6404 0 12452 0.000140269 0
0.6404 0 19307 7.64525e-05 0
0.6404 0 29935.8 3.61528e-06 0
0.6404 0 46415.9 -7.14494e-05 0
0.6404 0 71968.6 -0.000160054 0
0.6404 0 111588 -0.000276718 0
0.6404 0 173020 -0.000322008 0
0.6404 0 268270 -0.000398372 0
0.6404 0 415956 -0.000445291 0
0.6404 0 644947 -0.000427507 0
0.6404 0 1e+06 -0.000218573 0

1.56152 0 1e-06 0.281176 0
1.56152 0 1.55052e-06 0.281176 0
1.56152 0 2.4041e-06 0.281176 0
1.56152 0 3.72759e-06 0.281175 0
1.56152 0 5.77969e-06 0.281174 0
1.56152 0 8.96151e-06 0.281173 0
1.56152 0 1.3895e-05 0.28117 0
1.56152 0 2.15443e-05 0.281167 0
1.56152 0 3.34048e-05 0.281161 0
1.56152 0 5.17947e-05 0.281153 0
1.56152 0 8.03086e-05 0.281139 0
1.56152 0 0.00012452 0.281119 0
1.56152 0 0.00019307 0.281087 0
1.56152 0 0.000299358 0.281038 0
1.56152 0 0.000464159 0.280962 0
1.56152 0 0.000719686 0.280843 0
1.56152 0 0.00111588 0.28066 0
1.56152 0 0.0017302 0.280376 0
1.56152 0 0.0026827 0.279936 0
1.56152 0 0.00415956 0.279256 0
1.56152 0 0.00644947 0.278204 0
1.56152 0 0.01 0.276582 0
1.56152 0 0.0155052 0.274088 0
1.56152 0 0.024041 0.27027 0
1.56152 0 0.0372759 0.264465 0
1.56152 0 0.0577969 0.255739 0
1.56152 0 0.0896151 0.242846 0
1.56152 0 0.13895 0.224304 0
1.56152 0 0.215443 0.19873 0
1.56152 0 0.334048 0.165587 0
1.56152 0 0.517947 0.126347 0
1.56152 0 0.803086 0.0854926 0
1.56152 0 1.2452 0.0504224 0
1.56152 0 1.9307 0.0273422 0
1.56152 0 2.99358 0.0139413 0
1.56152 0 4.64159 0.00513314 0
1.56152 0 7.19686 0.00163187 0
1.56152 0 11.1588 -0.00225788 0
1.56152 0 17.302 -0.0010846 0
1.56152 0 26.827 0.0014113 0
1.56152 0 41.5956 0.00127729 0
1.56152 0 64.4947 0.000956773 0
1.56152 0 100 0.000827065 0
1.56152 0 155.052 0.000633075 0
1.56152 0 240.41 0.000448706 0
1.56152 0 372.759 0.000441969 0
1.56152 0 577.969 0.000409848 0
1.56152 0 896.151 0.000274771 0
1.56152 0 1389.5 0.000229853 0
1.56152 0 2154.43 0.000218239 0
1.56152 0 3340.48 0.00019651 0
1.56152 0 5179.47 0.000161034 0
1.56152 0 8030.86 9.82688e-05 0
1.56152 0 12452 5.94904e-05 0
1.56152 0 19307 3.26265e-05 0
1.56152 0 29935.8 2.30715e-06 0
1.56152 0 46415.9 -2.87681e-05 0
1.56152 0 71968.6 -6.52944e-05 0
1.56152 0 111588 -0.000113262 0
1.56152 0 173020 -0.000131915 0
1.56152 0 268270 -0.000163285 0
1.56152 0 415956 -0.00018256 0
1.56152 0 644947 -0.000175289 0
1.56152 0 1e+06 -8.96165e-05 0

3.80755 0 1e-06 0.140277 0
3.80755 0 1.55052e-06 0.140277 0
3.80755 0 2.4041e-06 0.140277 0
3.80755 0 3.72759e-06 0.140277 0
3.80755 0 5.77969e-06 0.140276 0
3.80755 0 8.96151e-06 0.140276 0
3.80755 0 1.3895e-05 0.140275 0
3.80755 0 2.15443e-05 0.140273 0
3.80755 0 3.34048e-05 0.140271 0
3.80755 0 5.17947e-05 0.140268 0
3.80755 0 8.03086e-05 0.140262 0
3.80755 0 0.00012452 0.140254 0
3.80755 0 0.00019307 0.140241 0
3.80755 0 0.000299358 0.140222 0
3.80755 0 0.000464159 0.140191 0
3.80755 0 0.000719686 0.140143 0
3.80755 0 0.00111588 0.140069 0
3.80755 0 0.0017302 0.139955 0
3.80755 0 0.0026827 0.139778 0
3.80755 0 0.00415956 0.139504 0
3.80755 0 0.00644947 0.139081 0
3.80755 0 0.01 0.138428 0
3.80755 0 0.0155052 0.137425 0
3.80755 0 0.024041 0.135888 0
3.80755 0 0.0372759 0.133553 0
3.80755 0 0.0577969 0.130041 0
3.80755 0 0.0896151 0.124849 0
3.80755 0 0.13895 0.117361 0
3.80755 0 0.215443 0.106955 0
3.80755 0 0.334048 0.093206 0
3.80755 0 0.517947 0.0761894 0
3.80755 0 0.803086 0.0569017 0
3.80755 0 1.2452 0.0380615 0
3.80755 0 1.9307 0.0235443 0
3.80755 0 2.99358 0.0141014 0
3.80755 0 4.64159 0.00744255 0
3.80755 0 7.19686 0.00357139 0
3.80755 0 11.1588 0.00112397 0
3.80755 0 17.302 0.0006915 0
3.80755 0 26.827 0.00124725 0
3.80755 0 41.5956 0.000976674 0
3.80755 0 64.4947 0.00069664 0
3.80755 0 100 0.0005407 0
3.80755 0 155.052 0.000394212 0
3.80755 0 240.41 0.00027302 0
3.80755 0 372.759 0.000239297 0
3.80755 0 577.969 0.00020615 0
3.80755 0 896.151 0.00013778 0
3.80755 0 1389.5 0.000110626 0
3.80755 0 2154.43 0.000100139 0
3.80755 0 3340.48 8.75217e-05 0
3.80755 0 5179.47 7.05618e-05 0
3.80755 0 8030.86 4.32463e-05 0
3.80755 0 12452 2.63097e-05 0
3.80755 0 19307 1.46202e-05 0
3.80755 0 29935.8 1.75036e-06 0
3.80755 0 46415.9 -1.12767e-05 0
3.80755 0 71968.6 -2.644e-05 0
3.80755 0 111588 -4.62311e-05 0
3.80755 0 173020 -5.3959e-05 0
3.80755 0 268270 -6.68744e-05 0
3.80755 0 415956 -7.48124e-05 0
3.80755 0 644947 -7.18518e-05 0
3.80755 0 1e+06 -3.67303e-05 0

9.28415 0 1e-06 0.0465817 0
9.28415 0 1.55052e-06 0.0465817 0
9.28415 0 2.4041e-06 0.0465817 0
9.28415 0 3.72759e-06 0.0465816 0
9.28415 0 5.77969e-06 0.0465816 0
9.28415 0 8.96151e-06 0.0465814 0
9.28415 0 1.3895e-05 0.0465812 0
9.28415 0 2.15443e-05 0.0465809 0
9.28415 0 3.34048e-05 0.0465805 0
9.28415 0 5.17947e-05 0.0465798 0
9.28415 0 8.03086e-05 0.0465787 0
9.28415 0 0.00012452 0.046577 0
9.28415 0 0.00019307 0.0465743 0
9.28415 0 0.000299358 0.0465702 0
9.28415 0 0.000464159 0.0465638 0
9.28415 0 0.000719686 0.046554 0
9.28415 0 0.00111588 0.0465387 0
9.28415 0 0.0017302 0.046515 0
9.28415 0 0.0026827 0.0464783 0
9.28415 0 0.00415956 0.0464216 0
9.28415 0 0.00644947 0.046334 0
9.28415 0 0.01 0.0461988 0
9.28415 0 0.0155052 0.0459909 0
9.28415 0 0.024041 0.0456727 0
9.28415 0 0.0372759 0.045189 0
9.28415 0 0.0577969 0.0444615 0
9.28415 0 0.0896151 0.0433842 0
9.28415 0 0.13895 0.0418241 0
9.28415 0 0.215443 0.0396282 0
9.28415 0 0.334048 0.0366242 0
9.28415 0 0.517947 0.0325904 0
9.28415 0 0.803086 0.027298 0
9.28415 0 1.2452 0.0210669 0
9.28415 0 1.9307 0.0152302 0
9.28415 0 2.99358 0.010639 0
9.28415 0 4.64159 0.00666288 0
9.28415 0 7.19686 0.00361516 0
9.28415 0 11.1588 0.00208215 0
9.28415 0 17.302 0.00122606 0
9.28415 0 26.827 0.00107897 0
9.28415 0 41.5956 0.00079498 0
9.28415 0 64.4947 0.000556078 0
9.28415 0 100 0.000403487 0
9.28415 0 155.052 0.000284572 0
9.28415 0 240.41 0.000194027 0
9.28415 0 372.759 0.000152017 0
9.28415 0 577.969 0.000120093 0
9.28415 0 896.151 8.00669e-05 0
9.28415 0 1389.5 6.07922e-05 0
9.28415 0 2154.43 5.11292e-05 0
9.28415 0 3340.48 4.24692e-05 0
9.28415 0 5179.47 3.32383e-05 0
9.28415 0 8030.86 2.05447e-05 0
9.28415 0 12452 1.26173e-05 0
9.28415 0 19307 7.18308e-06 0
9.28415 0 29935.8 1.48924e-06 0
9.28415 0 46415.9 -4.12364e-06 0
9.28415 0 71968.6 -1.05181e-05 0
9.28415 0 111588 -1.87491e-05 0
9.28415 0 173020 -2.19931e-05 0
9.28415 0 268270 -2.73385e-05 0
9.28415 0 415956 -3.06256e-05 0
9.28415 0 644947 -2.94321e-05 0
9.28415 0 1e+06 -1.50418e-05 0

22.638 0 1e-06 0.0129286 0
22.638 0 1.55052e-06 0.0129286 0
22.638 0 2.4041e-06 0.0129286 0
22.638 0 3.72759e-06 0.0129286 0
22.638 0 5.77969e-06 0.0129286 0
22.638 0 8.96151e-06 0.0129286 0
22.638 0 1.3895e-05 0.0129285 0
22.638 0 2.15443e-05 0.0129285 0
22.638 0 3.34048e-05 0.0129284 0
22.638 0 5.17947e-05 0.0129284 0
22.638 0 8.03086e-05 0.0129282 0
22.638 0 0.00012452 0.012928 0
22.638 0 0.00019307 0.0129276 0
22.638 0 0.000299358 0.0129271 0
22.638 0 0.000464159 0.0129262 0
22.638 0 0.000719686 0.0129249 0
22.638 0 0.00111588 0.0129228 0
22.638 0 0.0017302 0.0129196 0
22.638 0 0.0026827 0.0129146 0
22.638 0 0.00415956 0.0129069 0
22.638 0 0.00644947 0.0128951 0
22.638 0 0.01 0.0128768 0
22.638 0 0.0155052 0.0128488 0
22.638 0 0.024041 0.0128061 0
22.638 0 0.0372759 0.0127414 0
22.638 0 0.0577969 0.0126448 0
22.638 0 0.0896151 0.0125031 0
22.638 0 0.13895 0.0123 0
22.638 0 0.215443 0.0120152 0
22.638 0 0.334048 0.011613 0
22.638 0 0.517947 0.0110088 0
22.638 0 0.803086 0.0100486 0
22.638 0 1.2452 0.00868258 0
22.638 0 1.9307 0.00719248 0
22.638 0 2.99358 0.00583435 0
22.638 0 4.64159 0.00426684 0
22.638 0 7.19686 0.00262864 0
22.638 0 11.1588 0.00184955 0
22.638 0 17.302 0.00115655 0
22.638 0 26.827 0.000860623 0
22.638 0 41.5956 0.00063295 0
22.638 0 64.4947 0.000447535 0
22.638 0 100 0.00031767 0
22.638 0 155.052 0.000222268 0
22.638 0 240.41 0.000151419 0
22.638 0 372.759 0.000110157 0
22.638 0 577.969 8.11581e-05 0
22.638 0 896.151 5.41946e-05 0
22.638 0 1389.5 3.90138e-05 0
22.638 0 2154.43 3.02084e-05 0
22.638 0 3340.48 2.34876e-05 0
22.638 0 5179.47 1.76197e-05 0
22.638 0 8030.86 1.10416e-05 0
22.638 0 12452 6.88212e-06 0
22.638 0 19307 4.05855e-06 0
22.638 0 29935.8 1.33578e-06 0
22.638 0 46415.9 -1.21901e-06 0
22.638 0 71968.6 -4.0064e-06 0
22.638 0 111588 -7.4896e-06 0
22.638 0 173020 -8.89054e-06 0
22.638 0 268270 -1.11287e-05 0
22.638 0 415956 -1.25068e-05 0
22.638 0 644947 -1.2037e-05 0
22.638 0 1e+06 -6.14812e-06 0

55.1995 0 1e-06 0.00349151 0
55.1995 0 1.55052e-06 0.00349151 0
55.1995 0 2.4041e-06 0.00349151 0
55.1995 0 3.72759e-06 0.00349151 0
55.1995 0 5.77969e-06 0.00349151 0
55.1995 0 8.96151e-06 0.00349151 0
55.1995 0 1.3895e-05 0.0034915 0
55.1995 0 2.15443e-05 0.0034915 0
55.1995 0 3.34048e-05 0.00349149 0
55.1995 0 5.17947e-05 0.00349148 0
55.1995 0 8.03086e-05 0.00349146 0
55.1995 0 0.00012452 0.00349143 0
55.1995 0 0.00019307 0.00349138 0
55.1995 0 0.000299358 0.00349131 0
55.1995 0 0.000464159 0.00349119 0
55.1995 0 0.000719686 0.00349102 0
55.1995 0 0.00111588 0.00349075 0
55.1995 0 0.0017302 0.00349033 0
55.1995 0 0.0026827 0.00348968 0
55.1995 0 0.00415956 0.00348868 0
55.1995 0 0.00644947 0.00348714 0
55.1995 0 0.01 0.00348477 0
55.1995 0 0.0155052 0.00348116 0
55.1995 0 0.024041 0.00347569 0
55.1995 0 0.0372759 0.00346753 0
55.1995 0 0.0577969 0.00345559 0
55.1995 0 0.0896151 0.00343863 0
55.1995 0 0.13895 0.0034154 0
55.1995 0 0.215443 0.00338444 0
55.1995 0 0.334048 0.00334096 0
55.1995 0 0.517947 0.00326704 0
55.1995 0 0.803086 0.00312296 0
55.1995 0 1.2452 0.00288606 0
55.1995 0 1.9307 0.00261065 0
55.1995 0 2.99358 0.00236035 0
55.1995 0 4.64159 0.00196795 0
55.1995 0 7.19686 0.00140776 0
55.1995 0 11.1588 0.00113957 0
55.1995 0 17.302 0.000803259 0
55.1995 0 26.827 0.000595264 0
55.1995 0 41.5956 0.000457351 0
55.1995 0 64.4947 0.000337342 0
55.1995 0 100 0.000243821 0
55.1995 0 155.052 0.000173914 0
55.1995 0 240.41 0.00012059 0
55.1995 0 372.759 8.51407e-05 0
55.1995 0 577.969 6.05223e-05 0
55.1995 0 896.151 4.07846e-05 0
55.1995 0 1389.5 2.83924e-05 0
55.1995 0 2154.43 2.06005e-05 0
55.1995 0 3340.48 1.50736e-05 0
55.1995 0 5179.47 1.08272e-05 0
55.1995 0 8030.86 6.90521e-06 0
55.1995 0 12452 4.38207e-06 0
55.1995 0 19307 2.68524e-06 0
55.1995 0 29935.8 1.21566e-06 0
55.1995 0 46415.9 -6.34281e-08 0
55.1995 0 71968.6 -1.35811e-06 0
55.1995 0 111588 -2.88585e-06 0
55.1995 0 173020 -3.52571e-06 0
55.1995 0 268270 -4.4863e-06 0
55.1995 0 415956 -5.07947e-06 0
55.1995 0 644947 -4.90516e-06 0
55.1995 0 1e+06 -2.50206e-06 0

134.596 0 1e-06 0.000944132 0
134.596 0 1.55052e-06 0.000944132 0
134.596 0 2.4041e-06 0.000944132 0
134.596 0 3.72759e-06 0.000944132 0
134.596 0 5.77969e-06 0.000944132 0
134.596 0 8.96151e-06 0.000944132 0
134.596 0 1.3895e-05 0.000944131 0
134.596 0 2.15443e-05 0.00094413 0
134.596 0 3.34048e-05 0.000944129 0
134.596 0 5.17947e-05 0.000944128 0
134.596 0 8.03086e-05 0.000944125 0
134.596 0 0.00012452 0.000944121 0
134.596 0 0.00019307 0.000944115 0
134.596 0 0.000299358 0.000944105 0
134.596 0 0.000464159 0.00094409 0
134.596 0 0.000719686 0.000944067 0
134.596 0 0.00111588 0.000944031 0
134.596 0 0.0017302 0.000943975 0
134.596 0 0.0026827 0.000943889 0
134.596 0 0.00415956 0.000943757 0
134.596 0 0.00644947 0.000943554 0
134.596 0 0.01 0.000943243 0
134.596 0 0.0155052 0.000942771 0
134.596 0 0.024041 0.000942065 0
134.596 0 0.0372759 0.000941029 0
134.596 0 0.0577969 0.000939556 0
134.596 0 0.0896151 0.000937556 0
134.596 0 0.13895 0.000935019 0
134.596 0 0.215443 0.000931979 0
134.596 0 0.334048 0.000927928 0
134.596 0 0.517947 0.000919816 0
134.596 0 0.803086 0.000900115 0
134.596 0 1.2452 0.000864079 0
134.596 0 1.9307 0.000822232 0
134.596 0 2.99358 0.000790262 0
134.596 0 4.64159 0.000720866 0
134.596 0 7.19686 0.000591919 0
134.596 0 11.1588 0.000529891 0
134.596 0 17.302 0.000429525 0
134.596 0 26.827 0.000342718 0
134.596 0 41.5956 0.000283507 0
134.596 0 64.4947 0.000224578 0
134.596 0 100 0.000171254 0
134.596 0 155.052 0.000128112 0
134.596 0 240.41 9.24907e-05 0
134.596 0 372.759 6.58151e-05 0
134.596 0 577.969 4.67034e-05 0
134.596 0 896.151 3.21037e-05 0
134.596 0 1389.5 2.21399e-05 0
134.596 0 2154.43 1.55191e-05 0
134.596 0 3340.48 1.09303e-05 0
134.596 0 5179.47 7.61843e-06 0
134.596 0 8030.86 4.94911e-06 0
134.596 0 12452 3.19658e-06 0
134.596 0 19307 2.02287e-06 0
134.596 0 29935.8 1.10482e-06 0
134.596 0 46415.9 3.72168e-07 0
134.596 0 71968.6 -2.95907e-07 0
134.596 0 111588 -1.01271e-06 0
134.596 0 173020 -1.33485e-06 0
134.596 0 268270 -1.768e-06 0
134.596 0 415956 -2.03708e-06 0
134.596 0 644947 -1.9826e-06 0
134.596 0 1e+06 -1.0082e-06 0

328.193 0 1e-06 0.000279435 0
328.193 0 1.55052e-06 0.000279435 0
328.193 0 2.4041e-06 0.000279435 0
328.193 0 3.72759e-06 0.000279435 0
328.193 0 5.77969e-06 0.000279435 0
328.193 0 8.96151e-06 0.000279435 0
328.193 0 1.3895e-05 0.000279435 0
328.193 0 2.15443e-05 0.000279435 0
328.193 0 3.34048e-05 0.000279435 0
328.193 0 5.17947e-05 0.000279434 0
328.193 0 8.03086e-05 0.000279434 0
328.193 0 0.00012452 0.000279433 0
328.193 0 0.00019307 0.000279433 0
328.193 0 0.000299358 0.000279431 0
328.193 0 0.000464159 0.000279429 0
328.193 0 0.000719686 0.000279426 0
328.193 0 0.00111588 0.000279421 0
328.193 0 0.0017302 0.000279413 0
328.193 0 0.0026827 0.0002794 0
328.193 0 0.00415956 0.000279381 0
328.193 0 0.00644947 0.000279352 0
328.193 0 0.01 0.000279308 0
328.193 0 0.0155052 0.000279241 0
328.193 0 0.024041 0.000279142 0
328.193 0 0.0372759 0.000278998 0
328.193 0 0.0577969 0.000278798 0
328.193 0 0.0896151 0.00027854 0
328.193 0 0.13895 0.000278237 0
328.193 0 0.215443 0.000277923 0
328.193 0 0.334048 0.000277546 0
328.193 0 0.517947 0.000276605 0
328.193 0 0.803086 0.000273798 0
328.193 0 1.2452 0.000268288 0
328.193 0 1.9307 0.000262046 0
328.193 0 2.99358 0.000258418 0
328.193 0 4.64159 0.000247543 0
328.193 0 7.19686 0.000223331 0
328.193 0 11.1588 0.000211905 0
328.193 0 17.302 0.000190558 0
328.193 0 26.827 0.000166279 0
328.193 0 41.5956 0.000148264 0
328.193 0 64.4947 0.000127448 0
328.193 0 100 0.00010498 0
328.193 0 155.052 8.4367e-05 0
328.193 0 240.41 6.50131e-05 0
328.193 0 372.759 4.82045e-05 0
328.193 0 577.969 3.52207e-05 0
328.193 0 896.151 2.50777e-05 0
328.193 0 1389.5 1.75295e-05 0
328.193 0 2154.43 1.22196e-05 0
328.193 0 3340.48 8.50205e-06 0
328.193 0 5179.47 5.86207e-06 0
328.193 0 8030.86 3.87914e-06 0
328.193 0 12452 2.54661e-06 0
328.193 0 19307 1.65044e-06 0
328.193 0 29935.8 9.97061e-07 0
328.193 0 46415.9 5.12155e-07 0
328.193 0 71968.6 1.15669e-07 0
328.193 0 111588 -2.59504e-07 0
328.193 0 173020 -4.45705e-07 0
328.193 0 268270 -6.59043e-07 0
328.193 0 415956 -7.93013e-07 0
328.193 0 644947 -7.8631e-07 0
328.193 0 1e+06 -3.96989e-07 0

800.25 0 1e-06 9.04758e-05 0
800.25 0 1.55052e-06 9.04758e-05 0
800.25 0 2.4041e-06 9.04758e-05 0
800.25 0 3.72759e-06 9.04758e-05 0
800.25 0 5.77969e-06 9.04757e-05 0
800.25 0 8.96151e-06 9.04757e-05 0
800.25 0 1.3895e-05 9.04757e-05 0
800.25 0 2.15443e-05 9.04757e-05 0
800.25 0 3.34048e-05 9.04757e-05 0
800.25 0 5.17947e-05 9.04757e-05 0
800.25 0 8.03086e-05 9.04756e-05 0
800.25 0 0.00012452 9.04755e-05 0
800.25 0 0.00019307 9.04754e-05 0
800.25 0 0.000299358 9.04751e-05 0
800.25 0 0.000464159 9.04748e-05 0
800.25 0 0.000719686 9.04743e-05 0
800.25 0 0.00111588 9.04735e-05 0
800.25 0 0.0017302 9.04722e-05 0
800.25 0 0.0026827 9.04703e-05 0
800.25 0 0.00415956 9.04674e-05 0
800.25 0 0.00644947 9.04629e-05 0
800.25 0 0.01 9.0456e-05 0
800.25 0 0.0155052 9.04457e-05 0
800.25 0 0.024041 9.04304e-05 0
800.25 0 0.0372759 9.04086e-05 0
800.25 0 0.0577969 9.03788e-05 0
800.25 0 0.0896151 9.03412e-05 0
800.25 0 0.13895 9.03001e-05 0
800.25 0 0.215443 9.02631e-05 0
800.25 0 0.334048 9.02241e-05 0
800.25 0 0.517947 9.01007e-05 0
800.25 0 0.803086 8.96706e-05 0
800.25 0 1.2452 8.87922e-05 0
800.25 0 1.9307 8.78198e-05 0
800.25 0 2.99358 8.739e-05 0
800.25 0 4.64159 8.56889e-05 0
800.25 0 7.19686 8.14815e-05 0
800.25 0 11.1588 7.95785e-05 0
800.25 0 17.302 7.57647e-05 0
800.25 0 26.827 7.0616e-05 0
800.25 0 41.5956 6.65588e-05 0
800.25 0 64.4947 6.12791e-05 0
800.25 0 100 5.45786e-05 0
800.25 0 155.052 4.74884e-05 0
800.25 0 240.41 3.96967e-05 0
800.25 0 372.759 3.15472e-05 0
800.25 0 577.969 2.44374e-05 0
800.25 0 896.151 1.84078e-05 0
800.25 0 1389.5 1.33642e-05 0
800.25 0 2154.43 9.51337e-06 0
800.25 0 3340.48 6.69899e-06 0
800.25 0 5179.47 4.65871e-06 0
800.25 0 8030.86 3.15004e-06 0
800.25 0 12452 2.10449e-06 0
800.25 0 19307 1.39068e-06 0
800.25 0 29935.8 8.87186e-07 0
800.25 0 46415.9 5.29041e-07 0
800.25 0 71968.6 2.59354e-07 0
800.25 0 111588 3.3792e-08 0
800.25 0 173020 -9.07796e-08 0
800.25 0 268270 -2.10314e-07 0
800.25 0 415956 -2.86599e-07 0
800.25 0 644947 -2.98071e-07 0
800.25 0 1e+06 -1.47812e-07 0

1951.29 0 1e-06 3.13537e-05 0
1951.29 0 1.55052e-06 3.13537e-05 0
1951.29 0 2.4041e-06 3.13537e-05 0
1951.29 0 3.72759e-06 3.13537e-05 0
1951.29 0 5.77969e-06 3.13537e-05 0
1951.29 0 8.96151e-06 3.13537e-05 0
1951.29 0 1.3895e-05 3.13537e-05 0
1951.29 0 2.15443e-05 3.13537e-05 0
1951.29 0 3.34048e-05 3.13537e-05 0
1951.29 0 5.17947e-05 3.13537e-05 0
1951.29 0 8.03086e-05 3.13537e-05 0
1951.29 0 0.00012452 3.13537e-05 0
1951.29 0 0.00019307 3.13537e-05 0
1951.29 0 0.000299358 3.13536e-05 0
1951.29 0 0.000464159 3.13536e-05 0
1951.29 0 0.000719686 3.13535e-05 0
1951.29 0 0.00111588 3.13533e-05 0
1951.29 0 0.0017302 3.13531e-05 0
1951.29 0 0.0026827 3.13528e-05 0
1951.29 0 0.00415956 3.13524e-05 0
1951.29 0 0.00644947 3.13516e-05 0
1951.29 0 0.01 3.13505e-05 0
1951.29 0 0.0155052 3.13488e-05 0
1951.29 0 0.024041 3.13464e-05 0
1951.29 0 0.0372759 3.13429e-05 0
1951.29 0 0.0577969 3.13381e-05 0
1951.29 0 0.0896151 3.13323e-05 0
1951.29 0 0.13895 3.13261e-05 0
1951.29 0 0.215443 3.13212e-05 0
1951.29 0 0.334048 3.13166e-05 0
1951.29 0 0.517947 3.12987e-05 0
1951.29 0 0.803086 3.12297e-05 0
1951.29 0 1.2452 3.10857e-05 0
1951.29 0 1.9307 3.09288e-05 0
1951.29 0 2.99358 3.08728e-05 0
1951.29 0 4.64159 3.06001e-05 0
1951.29 0 7.19686 2.98867e-05 0
1951.29 0 11.1588 2.95778e-05 0
1951.29 0 17.302 2.89364e-05 0
1951.29 0 26.827 2.79894e-05 0
1951.29 0 41.5956 2.72252e-05 0
1951.29 0 64.4947 2.61557e-05 0
1951.29 0 100 2.46369e-05 0
1951.29 0 155.052 2.28363e-05 0
1951.29 0 240.41 2.05645e-05 0
1951.29 0 372.759 1.77126e-05 0
1951.29 0 577.969 1.48279e-05 0
1951.29 0 896.151 1.20494e-05 0
1951.29 0 1389.5 9.32062e-06 0
1951.29 0 2154.43 6.95859e-06 0
1951.29 0 3340.48 5.0809e-06 0
1951.29 0 5179.47 3.63724e-06 0
1951.29 0 8030.86 2.53581e-06 0
1951.29 0 12452 1.73483e-06 0
1951.29 0 19307 1.17079e-06 0
1951.29 0 29935.8 7.73312e-07 0
1951.29 0 46415.9 4.93894e-07 0
1951.29 0 71968.6 2.92405e-07 0
1951.29 0 111588 1.38084e-07 0
1951.29 0 173020 4.48571e-08 0
1951.29 0 268270 -3.24596e-08 0
1951.29 0 415956 -8.27633e-08 0
1951.29 0 644947 -1.00245e-07 0
1951.29 0 1e+06 -4.71284e-08 0

4757.94 0 1e-06 1.13626e-05 0
4757.94 0 1.55052e-06 1.13626e-05 0
4757.94 0 2.4041e-06 1.13626e-05 0
4757.94 0 3.72759e-06 1.13626e-05 0
4757.94 0 5.77969e-06 1.13626e-05 0
4757.94 0 8.96151e-06 1.13626e-05 0
4757.94 0 1.3895e-05 1.13626e-05 0
4757.94 0 2.15443e-05 1.13626e-05 0
4757.94 0 3.34048e-05 1.13626e-05 0
4757.94 0 5.17947e-05 1.13626e-05 0
4757.94 0 8.03086e-05 1.13626e-05 0
4757.94 0 0.00012452 1.13626e-05 0
4757.94 0 0.00019307 1.13626e-05 0
4757.94 0 0.000299358 1.13626e-05 0
4757.94 0 0.000464159 1.13625e-05 0
4757.94 0 0.000719686 1.13625e-05 0
4757.94 0 0.00111588 1.13625e-05 0
4757.94 0 0.0017302 1.13625e-05 0
4757.94 0 0.0026827 1.13624e-05 0
4757.94 0 0.00415956 1.13623e-05 0
4757.94 0 0.00644947 1.13622e-05 0
4757.94 0 0.01 1.1362e-05 0
4757.94 0 0.0155052 1.13618e-05 0
4757.94 0 0.024041 1.13614e-05 0
4757.94 0 0.0372759 1.13608e-05 0
4757.94 0 0.0577969 1.136e-05 0
4757.94 0 0.0896151 1.13591e-05 0
4757.94 0 0.13895 1.13581e-05 0
4757.94 0 0.215443 1.13574e-05 0
4757.94 0 0.334048 1.13568e-05 0
4757.94 0 0.517947 1.1354e-05 0
4757.94 0 0.803086 1.13427e-05 0
4757.94 0 1.2452 1.13188e-05 0
4757.94 0 1.9307 1.12929e-05 0
4757.94 0 2.99358 1.1285e-05 0
4757.94 0 4.64159 1.12405e-05 0
4757.94 0 7.19686 1.11205e-05 0
4757.94 0 11.1588 1.10705e-05 0
4757.94 0 17.302 1.09644e-05 0
4757.94 0 26.827 1.08012e-05 0
4757.94 0 41.5956 1.06698e-05 0
4757.94 0 64.4947 1.04792e-05 0
4757.94 0 100 1.01908e-05 0
4757.94 0 155.052 9.82548e-06 0
4757.94 0 240.41 9.31933e-06 0
4757.94 0 372.759 8.58777e-06 0
4757.94 0 577.969 7.73702e-06 0
4757.94 0 896.151 6.79337e-06 0
4757.94 0 1389.5 5.68397e-06 0
4757.94 0 2154.43 4.55239e-06 0
4757.94 0 3340.48 3.53067e-06 0
4757.94 0 5179.47 2.662e-06 0
4757.94 0 8030.86 1.94521e-06 0
4757.94 0 12452 1.38063e-06 0
4757.94 0 19307 9.59606e-07 0
4757.94 0 29935.8 6.53958e-07 0
4757.94 0 46415.9 4.35573e-07 0
4757.94 0 71968.6 2.79246e-07 0
4757.94 0 111588 1.64495e-07 0
4757.94 0 173020 9.04071e-08 0
4757.94 0 268270 3.42461e-08 0
4757.94 0 415956 -3.03922e-09 0
4757.94 0 644947 -2.15248e-08 0
4757.94 0 1e+06 -7.34302e-09 0

11601.6 0 1e-06 4.18579e-06 0
11601.6 0 1.55052e-06 4.18579e-06 0
11601.6 0 2.4041e-06 4.18579e-06 0
11601.6 0 3.72759e-06 4.18579e-06 0
11601.6 0 5.77969e-06 4.18579e-06 0
11601.6 0 8.96151e-06 4.18579e-06 0
11601.6 0 1.3895e-05 4.18579e-06 0
11601.6 0 2.15443e-05 4.18579e-06 0
11601.6 0 3.34048e-05 4.18579e-06 0
11601.6 0 5.17947e-05 4.18579e-06 0
11601.6 0 8.03086e-05 4.18579e-06 0
11601.6 0 0.00012452 4.18579e-06 0
11601.6 0 0.00019307 4.18579e-06 0
11601.6 0 0.000299358 4.18578e-06 0
11601.6 0 0.000464159 4.18578e-06 0
11601.6 0 0.000719686 4.18578e-06 0
11601.6 0 0.00111588 4.18578e-06 0
11601.6 0 0.0017302 4.18577e-06 0
11601.6 0 0.0026827 4.18576e-06 0
11601.6 0 0.00415956 4.18575e-06 0
11601.6 0 0.00644947 4.18573e-06 0
11601.6 0 0.01 4.1857e-06 0
11601.6 0 0.0155052 4.18565e-06 0
11601.6 0 0.024041 4.18559e-06 0
11601.6 0 0.0372759 4.18549e-06 0
11601.6 0 0.0577969 4.18536e-06 0
11601.6 0 0.0896151 4.18521e-06 0
11601.6 0 0.13895 4.18505e-06 0
11601.6 0 0.215443 4.18494e-06 0
11601.6 0 0.334048 4.18485e-06 0
11601.6 0 0.517947 4.18441e-06 0
11601.6 0 0.803086 4.18253e-06 0
11601.6 0 1.2452 4.17854e-06 0
11601.6 0 1.9307 4.17425e-06 0
11601.6 0 2.99358 4.17307e-06 0
11601.6 0 4.64159 4.16573e-06 0
11601.6 0 7.19686 4.1456e-06 0
11601.6 0 11.1588 4.1375e-06 0
11601.6 0 17.302 4.12005e-06 0
11601.6 0 26.827 4.09269e-06 0
11601.6 0 41.5956 4.07101e-06 0
11601.6 0 64.4947 4.03907e-06 0
11601.6 0 100 3.98921e-06 0
11601.6 0 155.052 3.92412e-06 0
11601.6 0 240.41 3.8292e-06 0
11601.6 0 372.759 3.67951e-06 0
11601.6 0 577.969 3.48807e-06 0
11601.6 0 896.151 3.25129e-06 0
11601.6 0 1389.5 2.92739e-06 0
11601.6 0 2154.43 2.53701e-06 0
11601.6 0 3340.48 2.12616e-06 0
11601.6 0 5179.47 1.7256e-06 0
11601.6 0 8030.86 1.35066e-06 0
11601.6 0 12452 1.01531e-06 0
11601.6 0 19307 7.38994e-07 0
11601.6 0 29935.8 5.24168e-07 0
11601.6 0 46415.9 3.63005e-07 0
11601.6 0 71968.6 2.44506e-07 0
11601.6 0 111588 1.57533e-07 0
11601.6 0 173020 9.82344e-08 0
11601.6 0 268270 5.49432e-08 0
11601.6 0 415956 2.55496e-08 0
11601.6 0 644947 8.21592e-09 0
11601.6 0 1e+06 7.39213e-09 0

28288.7 0 1e-06 1.55987e-06 0
28288.7 0 1.55052e-06 1.55987e-06 0
28288.7 0 2.4041e-06 1.55987e-06 0
28288.7 0 3.72759e-06 1.55987e-06 0
28288.7 0 5.77969e-06 1.55987e-06 0
28288.7 0 8.96151e-06 1.55987e-06 0
28288.7 0 1.3895e-05 1.55987e-06 0
28288.7 0 2.15443e-05 1.55987e-06 0
28288.7 0 3.34048e-05 1.55987e-06 0
28288.7 0 5.17947e-05 1.55987e-06 0
28288.7 0 8.03086e-05 1.55987e-06 0
28288.7 0 0.00012452 1.55987e-06 0
28288.7 0 0.00019307 1.55987e-06 0
28288.7 0 0.000299358 1.55987e-06 0
28288.7 0 0.000464159 1.55987e-06 0
28288.7 0 0.000719686 1.55987e-06 0
28288.7 0 0.00111588 1.55987e-06 0
28288.7 0 0.0017302 1.55987e-06 0
28288.7 0 0.0026827 1.55987e-06 0
28288.7 0 0.00415956 1.55986e-06 0
28288.7 0 0.00644947 1.55986e-06 0
28288.7 0 0.01 1.55986e-06 0
28288.7 0 0.0155052 1.55985e-06 0
28288.7 0 0.024041 1.55984e-06 0
28288.7 0 0.0372759 1.55982e-06 0
28288.7 0 0.0577969 1.5598e-06 0
28288.7 0 0.0896151 1.55977e-06 0
28288.7 0 0.13895 1.55975e-06 0
28288.7 0 0.215443 1.55973e-06 0
28288.7 0 0.334048 1.55972e-06 0
28288.7 0 0.517947 1.55964e-06 0
28288.7 0 0.803086 1.55933e-06 0
28288.7 0 1.2452 1.55866e-06 0
28288.7 0 1.9307 1.55795e-06 0
28288.7 0 2.99358 1.55777e-06 0
28288.7 0 4.64159 1.55655e-06 0
28288.7 0 7.19686 1.55317e-06 0
28288.7 0 11.1588 1.55185e-06 0
28288.7 0 17.302 1.54897e-06 0
28288.7 0 26.827 1.54443e-06 0
28288.7 0 41.5956 1.5409e-06 0
28288.7 0 64.4947 1.53566e-06 0
28288.7 0 100 1.52737e-06 0
28288.7 0 155.052 1.51645e-06 0
28288.7 0 240.41 1.50014e-06 0
28288.7 0 372.759 1.47319e-06 0
28288.7 0 577.969 1.43699e-06 0
28288.7 0 896.151 1.38932e-06 0
28288.7 0 1389.5 1.31728e-06 0
28288.7 0 2154.43 1.21849e-06 0
28288.7 0 3340.48 1.09891e-06 0
28288.7 0 5179.47 9.64457e-07 0
28288.7 0 8030.86 8.18186e-07 0
28288.7 0 12452 6.63719e-07 0
28288.7 0 19307 5.16297e-07 0
28288.7 0 29935.8 3.8769e-07 0
28288.7 0 46415.9 2.82142e-07 0
28288.7 0 71968.6 1.99312e-07 0
28288.7 0 111588 1.36008e-07 0
28288.7 0 173020 9.01692e-08 0
28288.7 0 268270 5.65904e-08 0
28288.7 0 415956 3.31019e-08 0
28288.7 0 644947 1.78555e-08 0
28288.7 0 1e+06 1.18601e-08 0

68977.9 0 1e-06 5.92168e-07 0
68977.9 0 1.55052e-06 5.92168e-07 0
68977.9 0 2.4041e-06 5.92168e-07 0
68977.9 0 3.72759e-06 5.92168e-07 0
68977.9 0 5.77969e-06 5.92168e-07 0
68977.9 0 8.96151e-06 5.92168e-07 0
68977.9 0 1.3895e-05 5.92168e-07 0
68977.9 0 2.15443e-05 5.92168e-07 0
68977.9 0 3.34048e-05 5.92168e-07 0
68977.9 0 5.17947e-05 5.92168e-07 0
68977.9 0 8.03086e-05 5.92168e-07 0
68977.9 0 0.00012452 5.92168e-07 0
68977.9 0 0.00019307 5.92168e-07 0
68977.9 0 0.000299358 5.92168e-07 0
68977.9 0 0.000464159 5.92168e-07 0
68977.9 0 0.000719686 5.92168e-07 0
68977.9 0 0.00111588 5.92168e-07 0
68977.9 0 0.0017302 5.92168e-07 0
68977.9 0 0.0026827 5.92168e-07 0
68977.9 0 0.00415956 5.92167e-07 0
68977.9 0 0.00644947 5.92167e-07 0
68977.9 0 0.01 5.92166e-07 0
68977.9 0 0.0155052 5.92165e-07 0
68977.9 0 0.024041 5.92163e-07 0
68977.9 0 0.0372759 5.9216e-07 0
68977.9 0 0.0577969 5.92156e-07 0
68977.9 0 0.0896151 5.92152e-07 0
68977.9 0 0.13895 5.92148e-07 0
68977.9 0 0.215443 5.92145e-07 0
68977.9 0 0.334048 5.92143e-07 0
68977.9 0 0.517947 5.92131e-07 0
68977.9 0 0.803086 5.92079e-07 0
68977.9 0 1.2452 5.91966e-07 0
68977.9 0 1.9307 5.91847e-07 0
68977.9 0 2.99358 5.91818e-07 0
68977.9 0 4.64159 5.91615e-07 0
68977.9 0 7.19686 5.91048e-07 0
68977.9 0 11.1588 5.90831e-07 0
68977.9 0 17.302 5.90355e-07 0
68977.9 0 26.827 5.89599e-07 0
68977.9 0 41.5956 5.89022e-07 0
68977.9 0 64.4947 5.88166e-07 0
68977.9 0 100 5.86801e-07 0
68977.9 0 155.052 5.85e-07 0
68977.9 0 240.41 5.82282e-07 0
68977.9 0 372.759 5.77688e-07 0
68977.9 0 577.969 5.71376e-07 0
68977.9 0 896.151 5.62813e-07 0
68977.9 0 1389.5 5.49134e-07 0
68977.9 0 2154.43 5.28834e-07 0
68977.9 0 3340.48 5.01747e-07 0
68977.9 0 5179.47 4.6771e-07 0
68977.9 0 8030.86 4.25507e-07 0
68977.9 0 12452 3.73142e-07 0
68977.9 0 19307 3.14058e-07 0
68977.9 0 29935.8 2.54012e-07 0
68977.9 0 46415.9 1.97696e-07 0
68977.9 0 71968.6 1.4834e-07 0
68977.9 0 111588 1.0719e-07 0
68977.9 0 173020 7.47361e-08 0
68977.9 0 268270 4.99465e-08 0
68977.9 0 415956 3.17817e-08 0
68977.9 0 644947 1.91375e-08 0
68977.9 0 1e+06 1.20719e-08 0

168192 0 1e-06 2.23509e-07 0
168192 0 1.55052e-06 2.23509e-07 0
168192 0 2.4041e-06 2.23509e-07 0
168192 0 3.72759e-06 2.23509e-07 0
168192 0 5.77969e-06 2.23509e-07 0
168192 0 8.96151e-06 2.23509e-07 0
168192 0 1.3895e-05 2.23509e-07 0
168192 0 2.15443e-05 2.23509e-07 0
168192 0 3.34048e-05 2.23509e-07 0
168192 0 5.17947e-05 2.23509e-07 0
168192 0 8.03086e-05 2.23509e-07 0
168192 0 0.00012452 2.23509e-07 0
168192 0 0.00019307 2.23509e-07 0
168192 0 0.000299358 2.23509e-07 0
168192 0 0.000464159 2.23509e-07 0
168192 0 0.000719686 2.23509e-07 0
168192 0 0.00111588 2.23509e-07 0
168192 0 0.0017302 2.23509e-07 0
168192 0 0.0026827 2.23509e-07 0
168192 0 0.00415956 2.23509e-07 0
168192 0 0.00644947 2.23508e-07 0
168192 0 0.01 2.23508e-07 0
168192 0 0.0155052 2.23508e-07 0
168192 0 0.024041 2.23508e-07 0
168192 0 0.0372759 2.23507e-07 0
168192 0 0.0577969 2.23507e-07 0
168192 0 0.0896151 2.23506e-07 0
168192 0 0.13895 2.23505e-07 0
168192 0 0.215443 2.23505e-07 0
168192 0 0.334048 2.23505e-07 0
168192 0 0.517947 2.23503e-07 0
168192 0 0.803086 2.23494e-07 0
168192 0 1.2452 2.23475e-07 0
168192 0 1.9307 2.23455e-07 0
168192 0 2.99358 2.2345e-07 0
168192 0 4.64159 2.23416e-07 0
168192 0 7.19686 2.23321e-07 0
168192 0 11.1588 2.23286e-07 0
168192 0 17.302 2.23207e-07 0
168192 0 26.827 2.23081e-07 0
168192 0 41.5956 2.22987e-07 0
168192 0 64.4947 2.22848e-07 0
168192 0 100 2.22625e-07 0
168192 0 155.052 2.22332e-07 0
168192 0 240.41 2.21888e-07 0
168192 0 372.759 2.21128e-07 0
168192 0 577.969 2.20076e-07 0
168192 0 896.151 2.18633e-07 0
168192 0 1389.5 2.16262e-07 0
168192 0 2154.43 2.12596e-07 0
168192 0 3340.48 2.0744e-07 0
168192 0 5179.47 2.00525e-07 0
168192 0 8030.86 1.91192e-07 0
168192 0 12452 1.78156e-07 0
168192 0 19307 1.61163e-07 0
168192 0 29935.8 1.4098e-07 0
168192 0 46415.9 1.1881e-07 0
168192 0 71968.6 9.6223e-08 0
168192 0 111588 7.46092e-08 0
168192 0 173020 5.52318e-08 0
168192 0 268270 3.90861e-08 0
168192 0 415956 2.63021e-08 0
168192 0 644947 1.66983e-08 0
168192 0 1e+06 1.03901e-08 0

410113 0 1e-06 8.37607e-08 0
410113 0 1.55052e-06 8.37607e-08 0
410113 0 2.4041e-06 8.37607e-08 0
410113 0 3.72759e-06 8.37607e-08 0
410113 0 5.77969e-06 8.37607e-08 0
410113 0 8.96151e-06 8.37607e-08 0
410113 0 1.3895e-05 8.37607e-08 0
410113 0 2.15443e-05 8.37607e-08 0
410113 0 3.34048e-05 8.37607e-08 0
410113 0 5.17947e-05 8.37607e-08 0
410113 0 8.03086e-05 8.37607e-08 0
410113 0 0.00012452 8.37607e-08 0
410113 0 0.00019307 8.37607e-08 0
410113 0 0.000299358 8.37607e-08 0
410113 0 0.000464159 8.37607e-08 0
410113 0 0.000719686 8.37607e-08 0
410113 0 0.00111588 8.37607e-08 0
410113 0 0.0017302 8.37607e-08 0
410113 0 0.0026827 8.37606e-08 0
410113 0 0.00415956 8.37606e-08 0
410113 0 0.00644947 8.37606e-08 0
410113 0 0.01 8.37606e-08 0
410113 0 0.0155052 8.37606e-08 0
410113 0 0.024041 8.37605e-08 0
410113 0 0.0372759 8.37604e-08 0
410113 0 0.0577969 8.37603e-08 0
410113 0 0.0896151 8.37602e-08 0
410113 0 0.13895 8.37601e-08 0
410113 0 0.215443 8.376e-08 0
410113 0 0.334048 8.376e-08 0
410113 0 0.517947 8.37596e-08 0
410113 0 0.803086 8.37582e-08 0
410113 0 1.2452 8.3755e-08 0
410113 0 1.9307 8.37516e-08 0
410113 0 2.99358 8.37509e-08 0
410113 0 4.64159 8.37452e-08 0
410113 0 7.19686 8.37293e-08 0
410113 0 11.1588 8.37234e-08 0
410113 0 17.302 8.37103e-08 0
410113 0 26.827 8.36894e-08 0
410113 0 41.5956 8.3674e-08 0
410113 0 64.4947 8.36513e-08 0
410113 0 100 8.36147e-08 0
410113 0 155.052 8.35669e-08 0
410113 0 240.41 8.34944e-08 0
410113 0 372.759 8.33692e-08 0
410113 0 577.969 8.31959e-08 0
410113 0 896.151 8.29576e-08 0
410113 0 1389.5 8.25603e-08 0
410113 0 2154.43 8.19343e-08 0
410113 0 3340.48 8.1032e-08 0
410113 0 5179.47 7.97836e-08 0
410113 0 8030.86 7.80223e-08 0
410113 0 12452 7.53879e-08 0
410113 0 19307 7.16139e-08 0
410113 0 29935.8 6.65707e-08 0
410113 0 46415.9 6.02076e-08 0
410113 0 71968.6 5.26487e-08 0
410113 0 111588 4.41286e-08 0
410113 0 173020 3.51341e-08 0
410113 0 268270 2.65865e-08 0
410113 0 415956 1.89597e-08 0
410113 0 644947 1.25965e-08 0
410113 0 1e+06 7.87316e-09 0

1e+06 0 1e-06 3.02807e-08 0
1e+06 0 1.55052e-06 3.02807e-08 0
1e+06 0 2.4041e-06 3.02807e-08 0
1e+06 0 3.72759e-06 3.02807e-08 0
1e+06 0 5.77969e-06 3.02807e-08 0
1e+06 0 8.96151e-06 3.02807e-08 0
1e+06 0 1.3895e-05 3.02807e-08 0
1e+06 0 2.15443e-05 3.02807e-08 0
1e+06 0 3.34048e-05 3.02807e-08 0
1e+06 0 5.17947e-05 3.02807e-08 0
1e+06 0 8.03086e-05 3.02807e-08 0
1e+06 0 0.00012452 3.02807e-08 0
1e+06 0 0.00019307 3.02807e-08 0
1e+06 0 0.000299358 3.02807e-08 0
1e+06 0 0.000464159 3.02807e-08 0
1e+06 0 0.000719686 3.02807e-08 0
1e+06 0 0.00111588 3.02807e-08 0
1e+06 0 0.0017302 3.02807e-08 0
1e+06 0 0.0026827 3.02807e-08 0
1e+06 0 0.00415956 3.02807e-08 0
1e+06 0 0.00644947 3.02807e-08 0
1e+06 0 0.01 3.02807e-08 0
1e+06 0 0.0155052 3.02807e-08 0
1e+06 0 0.024041 3.02807e-08 0
1e+06 0 0.0372759 3.02807e-08 0
1e+06 0 0.0577969 3.02807e-08 0
1e+06 0 0.0896151 3.02806e-08 0
1e+06 0 0.13895 3.02806e-08 0
1e+06 0 0.215443 3.02806e-08 0
1e+06 0 0.334048 3.02806e-08 0
1e+06 0 0.517947 3.02805e-08 0
1e+06 0 0.803086 3.02803e-08 0
1e+06 0 1.2452 3.02798e-08 0
1e+06 0 1.9307 3.02792e-08 0
1e+06 0 2.99358 3.02791e-08 0
1e+06 0 4.64159 3.02781e-08 0
1e+06 0 7.19686 3.02754e-08 0
1e+06 0 11.1588 3.02745e-08 0
1e+06 0 17.302 3.02723e-08 0
1e+06 0 26.827 3.02688e-08 0
1e+06 0 41.5956 3.02662e-08 0
1e+06 0 64.4947 3.02625e-08 0
1e+06 0 100 3.02564e-08 0
1e+06 0 155.052 3.02485e-08 0
1e+06 0 240.41 3.02366e-08 0
1e+06 0 372.759 3.02159e-08 0
1e+06 0 577.969 3.01871e-08 0
1e+06 0 896.151 3.01477e-08 0
1e+06 0 1389.5 3.00815e-08 0
1e+06 0 2154.43 2.99762e-08 0
1e+06 0 3340.48 2.98229e-08 0
1e+06 0 5179.47 2.96078e-08 0
1e+06 0 8030.86 2.92982e-08 0
1e+06 0 12452 2.8819e-08 0
1e+06 0 19307 2.8097e-08 0
1e+06 0 29935.8 2.70631e-08 0
1e+06 0 46415.9 2.56343e-08 0
1e+06 0 71968.6 2.37314e-08 0
1e+06 0 111588 2.1262e-08 0
1e+06 0 173020 1.82066e-08 0
1e+06 0 268270 1.48205e-08 0
1e+06 0 415956 1.12932e-08 0
1e+06 0 644947 7.9055e-09 0
1e+06 0 1e+06 5.04224e-09 0

