#q_sq i k_sq Re(fg) Im(fg)
1e-06 2 1e-06 -0.0852662 0
1e-06 2 1.55052e-06 -0.0852657 0
1e-06 2 2.4041e-06 -0.085265 0
1e-06 2 3.72759e-06 -0.085264 0
1e-06 2 5.77969e-06 -0.0852623 0
1e-06 2 8.96151e-06 -0.0852597 0
1e-06 2 1.3895e-05 -0.0852557 0
1e-06 2 2.15443e-05 -0.0852496 0
1e-06 2 3.34048e-05 -0.08524 0
1e-06 2 5.17947e-05 -0.0852251 0
1e-06 2 8.03086e-05 -0.0852021 0
1e-06 2 0.00012452 -0.0851664 0
1e-06 2 0.00019307 -0.0851111 0
1e-06 2 0.000299358 -0.0850254 0
1e-06 2 0.000464159 -0.0848926 0
1e-06 2 0.000719686 -0.0846869 0
1e-06 2 0.00111588 -0.0843686 0
1e-06 2 0.0017302 -0.0838764 0
1e-06 2 0.0026827 -0.0831164 0
1e-06 2 0.00415956 -0.081946 0
1e-06 2 0.00644947 -0.0801498 0
1e-06 2 0.01 -0.0774091 0
1e-06 2 0.0155052 -0.0732645 0
1e-06 2 0.024041 -0.0670829 0
1e-06 2 0.0372759 -0.0580617 0
1e-06 2 0.0577969 -0.0453422 0
1e-06 2 0.0896151 -0.0283609 0
1e-06 2 0.13895 -0.0076295 0
1e-06 2 0.215443 0.0140764 0
1e-06 2 0.334048 0.0309831 0
1e-06 2 0.517947 0.0362082 0
1e-06 2 0.803086 0.0281443 0
1e-06 2 1.2452 0.0150294 0
1e-06 2 1.9307 0.00602086 0
1e-06 2 2.99358 0.00225101 0
1e-06 2 4.64159 0.00122042 0
1e-06 2 7.19686 0.000740378 0
1e-06 2 11.1588 0.00046262 0
1e-06 2 17.302 0.000290047 0
1e-06 2 26.827 0.000180657 0
1e-06 2 41.5956 0.000112222 0
1e-06 2 64.4947 6.98201e-05 0
1e-06 2 100 4.34445e-05 0
1e-06 2 155.052 2.70268e-05 0
1e-06 2 240.41 1.68446e-05 0
1e-06 2 372.759 1.05161e-05 0
1e-06 2 577.969 6.56764e-06 0
1e-06 2 896.151 4.10594e-06 0
1e-06 2 1389.5 2.57225e-06 0
1e-06 2 2154.43 1.61302e-06 0
1e-06 2 3340.48 1.01225e-06 0
1e-06 2 5179.47 6.35858e-07 0
1e-06 2 8030.86 3.99848e-07 0
1e-06 2 12452 2.5172e-07 0
1e-06 2 19307 1.58587e-07 0
1e-06 2 29935.8 9.99753e-08 0
1e-06 2 46415.9 6.30697e-08 0
1e-06 2 71968.6 3.98149e-08 0
1e-06 2 111588 2.51517e-08 0
1e-06 2 173020 1.59014e-08 0
1e-06 2 268270 1.00588e-08 0
1e-06 2 415956 6.36691e-09 0
1e-06 2 644947 4.0325e-09 0
1e-06 2 1e+06 2.5548e-09 0

2.43835e-06 2 1e-06 -0.0852661 0
2.43835e-06 2 1.55052e-06 -0.0852657 0
2.43835e-06 2 2.4041e-06 -0.085265 0
2.43835e-06 2 3.72759e-06 -0.0852639 0
2.43835e-06 2 5.77969e-06 -0.0852622 0
2.43835e-06 2 8.96151e-06 -0.0852597 0
2.43835e-06 2 1.3895e-05 -0.0852557 0
2.43835e-06 2 2.15443e-05 -0.0852495 0
2.43835e-06 2 3.34048e-05 -0.0852399 0
2.43835e-06 2 5.17947e-05 -0.0852251 0
2.43835e-06 2 8.03086e-05 -0.0852021 0
2.43835e-06 2 0.00012452 -0.0851664 0
2.43835e-06 2 0.00019307 -0.0851111 0
2.43835e-06 2 0.000299358 -0.0850254 0
2.43835e-06 2 0.000464159 -0.0848926 0
2.43835e-06 2 0.000719686 -0.0846869 0
2.43835e-06 2 0.00111588 -0.0843686 0
2.43835e-06 2 0.0017302 -0.0838763 0
2.43835e-06 2 0.0026827 -0.0831164 0
2.43835e-06 2 0.00415956 -0.0819459 0
2.43835e-06 2 0.00644947 -0.0801497 0
2.43835e-06 2 0.01 -0.0774091 0
2.43835e-06 2 0.0155052 -0.0732645 0
2.43835e-06 2 0.024041 -0.0670828 0
2.43835e-06 2 0.0372759 -0.0580616 0
2.43835e-06 2 0.0577969 -0.0453422 0
2.43835e-06 2 0.0896151 -0.0283609 0
2.43835e-06 2 0.13895 -0.00762951 0
2.43835e-06 2 0.215443 0.0140763 0
2.43835e-06 2 0.334048 0.0309831 0
2.43835e-06 2 0.517947 0.0362081 0
2.43835e-06 2 0.803086 0.0281443 0
2.43835e-06 2 1.2452 0.0150294 0
2.43835e-06 2 1.9307 0.00602086 0
2.43835e-06 2 2.99358 0.00225101 0
2.43835e-06 2 4.64159 0.00122042 0
2.43835e-06 2 7.19686 0.000740378 0
2.43835e-06 2 11.1588 0.00046262 0
2.43835e-06 2 17.302 0.000290047 0
2.43835e-06 2 26.827 0.000180657 0
2.43835e-06 2 41.5956 0.000112222 0
2.43835e-06 2 64.4947 6.98201e-05 0
2.43835e-06 2 100 4.34445e-05 0
2.43835e-06 2 155.052 2.70268e-05 0
2.43835e-06 2 240.41 1.68446e-05 0
2.43835e-06 2 372.759 1.05161e-05 0
2.43835e-06 2 577.969 6.56764e-06 0
2.43835e-06 2 896.151 4.10594e-06 0
2.43835e-06 2 1389.5 2.57225e-06 0
2.43835e-06 2 2154.43 1.61302e-06 0
2.43835e-06 2 3340.48 1.01225e-06 0
2.43835e-06 2 5179.47 6.35857e-07 0
2.43835e-06 2 8030.86 3.99848e-07 0
2.43835e-06 2 12452 2.5172e-07 0
2.43835e-06 2 19307 1.58587e-07 0
2.43835e-06 2 29935.8 9.99753e-08 0
2.43835e-06 2 46415.9 6.30697e-08 0
2.43835e-06 2 71968.6 3.98149e-08 0
2.43835e-06 2 111588 2.51517e-08 0
2.43835e-06 2 173020 1.59014e-08 0
2.43835e-06 2 268270 1.00588e-08 0
2.43835e-06 2 415956 6.36691e-09 0
2.43835e-06 2 644947 4.03249e-09 0
2.43835e-06 2 1e+06 2.5548e-09 0

5.94557e-06 2 1e-06 -0.085266 0
5.94557e-06 2 1.55052e-06 -0.0852655 0
5.94557e-06 2 2.4041e-06 -0.0852648 0
5.94557e-06 2 3.72759e-06 -0.0852638 0
5.94557e-06 2 5.77969e-06 -0.0852621 0
5.94557e-06 2 8.96151e-06 -0.0852595 0
5.94557e-06 2 1.3895e-05 -0.0852555 0
5.94557e-06 2 2.15443e-05 -0.0852494 0
5.94557e-06 2 3.34048e-05 -0.0852398 0
5.94557e-06 2 5.17947e-05 -0.0852249 0
5.94557e-06 2 8.03086e-05 -0.0852019 0
5.94557e-06 2 0.00012452 -0.0851662 0
5.94557e-06 2 0.00019307 -0.0851109 0
5.94557e-06 2 0.000299358 -0.0850252 0
5.94557e-06 2 0.000464159 -0.0848924 0
5.94557e-06 2 0.000719686 -0.0846867 0
5.94557e-06 2 0.00111588 -0.0843684 0
5.94557e-06 2 0.0017302 -0.0838762 0
5.94557e-06 2 0.0026827 -0.0831163 0
5.94557e-06 2 0.00415956 -0.0819458 0
5.94557e-06 2 0.00644947 -0.0801496 0
5.94557e-06 2 0.01 -0.077409 0
5.94557e-06 2 0.0155052 -0.0732644 0
5.94557e-06 2 0.024041 -0.0670827 0
5.94557e-06 2 0.0372759 -0.0580616 0
5.94557e-06 2 0.0577969 -0.0453422 0
5.94557e-06 2 0.0896151 -0.0283609 0
5.94557e-06 2 0.13895 -0.00762954 0
5.94557e-06 2 0.215443 0.0140763 0
5.94557e-06 2 0.334048 0.030983 0
5.94557e-06 2 0.517947 0.036208 0
5.94557e-06 2 0.803086 0.0281442 0
5.94557e-06 2 1.2452 0.0150294 0
5.94557e-06 2 1.9307 0.00602085 0
5.94557e-06 2 2.99358 0.00225101 0
5.94557e-06 2 4.64159 0.00122042 0
5.94557e-06 2 7.19686 0.000740377 0
5.94557e-06 2 11.1588 0.000462619 0
5.94557e-06 2 17.302 0.000290047 0
5.94557e-06 2 26.827 0.000180656 0
5.94557e-06 2 41.5956 0.000112222 0
5.94557e-06 2 64.4947 6.982e-05 0
5.94557e-06 2 100 4.34445e-05 0
5.94557e-06 2 155.052 2.70268e-05 0
5.94557e-06 2 240.41 1.68446e-05 0
5.94557e-06 2 372.759 1.05161e-05 0
5.94557e-06 2 577.969 6.56763e-06 0
5.94557e-06 2 896.151 4.10594e-06 0
5.94557e-06 2 1389.5 2.57224e-06 0
5.94557e-06 2 2154.43 1.61302e-06 0
5.94557e-06 2 3340.48 1.01225e-06 0
5.94557e-06 2 5179.47 6.35857e-07 0
5.94557e-06 2 8030.86 3.99847e-07 0
5.94557e-06 2 12452 2.5172e-07 0
5.94557e-06 2 19307 1.58587e-07 0
5.94557e-06 2 29935.8 9.99752e-08 0
5.94557e-06 2 46415.9 6.30696e-08 0
5.94557e-06 2 71968.6 3.98149e-08 0
5.94557e-06 2 111588 2.51516e-08 0
5.94557e-06 2 173020 1.59014e-08 0
5.94557e-06 2 268270 1.00588e-08 0
5.94557e-06 2 415956 6.36691e-09 0
5.94557e-06 2 644947 4.03249e-09 0
5.94557e-06 2 1e+06 2.5548e-09 0

1.44974e-05 2 1e-06 -0.0852656 0
1.44974e-05 2 1.55052e-06 -0.0852652 0
1.44974e-05 2 2.4041e-06 -0.0852645 0
1.44974e-05 2 3.72759e-06 -0.0852634 0
1.44974e-05 2 5.77969e-06 -0.0852617 0
1.44974e-05 2 8.96151e-06 -0.0852592 0
1.44974e-05 2 1.3895e-05 -0.0852552 0
1.44974e-05 2 2.15443e-05 -0.085249 0
1.44974e-05 2 3.34048e-05 -0.0852394 0
1.44974e-05 2 5.17947e-05 -0.0852246 0
1.44974e-05 2 8.03086e-05 -0.0852016 0
1.44974e-05 2 0.00012452 -0.0851659 0
1.44974e-05 2 0.00019307 -0.0851106 0
1.44974e-05 2 0.000299358 -0.0850249 0
1.44974e-05 2 0.000464159 -0.0848921 0
1.44974e-05 2 0.000719686 -0.0846864 0
1.44974e-05 2 0.00111588 -0.0843681 0
1.44974e-05 2 0.0017302 -0.0838758 0
1.44974e-05 2 0.0026827 -0.0831159 0
1.44974e-05 2 0.00415956 -0.0819455 0
1.44974e-05 2 0.00644947 -0.0801493 0
1.44974e-05 2 0.01 -0.0774087 0
1.44974e-05 2 0.0155052 -0.0732641 0
1.44974e-05 2 0.024041 -0.0670825 0
1.44974e-05 2 0.0372759 -0.0580614 0
1.44974e-05 2 0.0577969 -0.045342 0
1.44974e-05 2 0.0896151 -0.0283608 0
1.44974e-05 2 0.13895 -0.00762962 0
1.44974e-05 2 0.215443 0.0140761 0
1.44974e-05 2 0.334048 0.0309827 0
1.44974e-05 2 0.517947 0.0362078 0
1.44974e-05 2 0.803086 0.0281441 0
1.44974e-05 2 1.2452 0.0150293 0
1.44974e-05 2 1.9307 0.00602082 0
1.44974e-05 2 2.99358 0.002251 0
1.44974e-05 2 4.64159 0.00122042 0
1.44974e-05 2 7.19686 0.000740375 0
1.44974e-05 2 11.1588 0.000462618 0
1.44974e-05 2 17.302 0.000290046 0
1.44974e-05 2 26.827 0.000180656 0
1.44974e-05 2 41.5956 0.000112221 0
1.44974e-05 2 64.4947 6.98198e-05 0
1.44974e-05 2 100 4.34444e-05 0
1.44974e-05 2 155.052 2.70267e-05 0
1.44974e-05 2 240.41 1.68445e-05 0
1.44974e-05 2 372.759 1.05161e-05 0
1.44974e-05 2 577.969 6.56761e-06 0
1.44974e-05 2 896.151 4.10593e-06 0
1.44974e-05 2 1389.5 2.57224e-06 0
1.44974e-05 2 2154.43 1.61302e-06 0
1.44974e-05 2 3340.48 1.01225e-06 0
1.44974e-05 2 5179.47 6.35855e-07 0
1.44974e-05 2 8030.86 3.99846e-07 0
1.44974e-05 2 12452 2.51719e-07 0
1.44974e-05 2 19307 1.58587e-07 0
1.44974e-05 2 29935.8 9.99749e-08 0
1.44974e-05 2 46415.9 6.30695e-08 0
1.44974e-05 2 71968.6 3.98148e-08 0
1.44974e-05 2 111588 2.51516e-08 0
1.44974e-05 2 173020 1.59014e-08 0
1.44974e-05 2 268270 1.00587e-08 0
1.44974e-05 2 415956 6.36689e-09 0
1.44974e-05 2 644947 4.03248e-09 0
1.44974e-05 2 1e+06 2.55479e-09 0

3.53498e-05 2 1e-06 -0.0852648 0
3.53498e-05 2 1.55052e-06 -0.0852643 0
3.53498e-05 2 2.4041e-06 -0.0852636 0
3.53498e-05 2 3.72759e-06 -0.0852626 0
3.53498e-05 2 5.77969e-06 -0.0852609 0
3.53498e-05 2 8.96151e-06 -0.0852583 0
3.53498e-05 2 1.3895e-05 -0.0852543 0
3.53498e-05 2 2.15443e-05 -0.0852482 0
3.53498e-05 2 3.34048e-05 -0.0852386 0
3.53498e-05 2 5.17947e-05 -0.0852237 0
3.53498e-05 2 8.03086e-05 -0.0852007 0
3.53498e-05 2 0.00012452 -0.085165 0
3.53498e-05 2 0.00019307 -0.0851097 0
3.53498e-05 2 0.000299358 -0.085024 0
3.53498e-05 2 0.000464159 -0.0848912 0
3.53498e-05 2 0.000719686 -0.0846856 0
3.53498e-05 2 0.00111588 -0.0843672 0
3.53498e-05 2 0.0017302 -0.083875 0
3.53498e-05 2 0.0026827 -0.0831151 0
3.53498e-05 2 0.00415956 -0.0819447 0
3.53498e-05 2 0.00644947 -0.0801485 0
3.53498e-05 2 0.01 -0.0774079 0
3.53498e-05 2 0.0155052 -0.0732634 0
3.53498e-05 2 0.024041 -0.0670819 0
3.53498e-05 2 0.0372759 -0.0580609 0
3.53498e-05 2 0.0577969 -0.0453417 0
3.53498e-05 2 0.0896151 -0.0283608 0
3.53498e-05 2 0.13895 -0.0076298 0
3.53498e-05 2 0.215443 0.0140757 0
3.53498e-05 2 0.334048 0.0309821 0
3.53498e-05 2 0.517947 0.0362072 0
3.53498e-05 2 0.803086 0.0281437 0
3.53498e-05 2 1.2452 0.0150291 0
3.53498e-05 2 1.9307 0.00602076 0
3.53498e-05 2 2.99358 0.00225098 0
3.53498e-05 2 4.64159 0.00122041 0
3.53498e-05 2 7.19686 0.000740369 0
3.53498e-05 2 11.1588 0.000462614 0
3.53498e-05 2 17.302 0.000290044 0
3.53498e-05 2 26.827 0.000180655 0
3.53498e-05 2 41.5956 0.000112221 0
3.53498e-05 2 64.4947 6.98194e-05 0
3.53498e-05 2 100 4.34441e-05 0
3.53498e-05 2 155.052 2.70266e-05 0
3.53498e-05 2 240.41 1.68444e-05 0
3.53498e-05 2 372.759 1.0516e-05 0
3.53498e-05 2 577.969 6.56757e-06 0
3.53498e-05 2 896.151 4.1059e-06 0
3.53498e-05 2 1389.5 2.57222e-06 0
3.53498e-05 2 2154.43 1.61301e-06 0
3.53498e-05 2 3340.48 1.01224e-06 0
3.53498e-05 2 5179.47 6.35851e-07 0
3.53498e-05 2 8030.86 3.99844e-07 0
3.53498e-05 2 12452 2.51718e-07 0
3.53498e-05 2 19307 1.58586e-07 0
3.53498e-05 2 29935.8 9.99744e-08 0
3.53498e-05 2 46415.9 6.30691e-08 0
3.53498e-05 2 71968.6 3.98145e-08 0
3.53498e-05 2 111588 2.51514e-08 0
3.53498e-05 2 173020 1.59013e-08 0
3.53498e-05 2 268270 1.00587e-08 0
3.53498e-05 2 415956 6.36686e-09 0
3.53498e-05 2 644947 4.03246e-09 0
3.53498e-05 2 1e+06 2.55478e-09 0

8.61954e-05 2 1e-06 -0.0852627 0
8.61954e-05 2 1.55052e-06 -0.0852622 0
8.61954e-05 2 2.4041e-06 -0.0852615 0
8.61954e-05 2 3.72759e-06 -0.0852605 0
8.61954e-05 2 5.77969e-06 -0.0852588 0
8.61954e-05 2 8.96151e-06 -0.0852563 0
8.61954e-05 2 1.3895e-05 -0.0852523 0
8.61954e-05 2 2.15443e-05 -0.0852461 0
8.61954e-05 2 3.34048e-05 -0.0852365 0
8.61954e-05 2 5.17947e-05 -0.0852217 0
8.61954e-05 2 8.03086e-05 -0.0851987 0
8.61954e-05 2 0.00012452 -0.085163 0
8.61954e-05 2 0.00019307 -0.0851077 0
8.61954e-05 2 0.000299358 -0.085022 0
8.61954e-05 2 0.000464159 -0.0848892 0
8.61954e-05 2 0.000719686 -0.0846835 0
8.61954e-05 2 0.00111588 -0.0843652 0
8.61954e-05 2 0.0017302 -0.083873 0
8.61954e-05 2 0.0026827 -0.0831131 0
8.61954e-05 2 0.00415956 -0.0819427 0
8.61954e-05 2 0.00644947 -0.0801466 0
8.61954e-05 2 0.01 -0.0774061 0
8.61954e-05 2 0.0155052 -0.0732617 0
8.61954e-05 2 0.024041 -0.0670804 0
8.61954e-05 2 0.0372759 -0.0580597 0
8.61954e-05 2 0.0577969 -0.045341 0
8.61954e-05 2 0.0896151 -0.0283606 0
8.61954e-05 2 0.13895 -0.00763024 0
8.61954e-05 2 0.215443 0.0140746 0
8.61954e-05 2 0.334048 0.0309807 0
8.61954e-05 2 0.517947 0.0362059 0
8.61954e-05 2 0.803086 0.0281428 0
8.61954e-05 2 1.2452 0.0150287 0
8.61954e-05 2 1.9307 0.00602062 0
8.61954e-05 2 2.99358 0.00225093 0
8.61954e-05 2 4.64159 0.00122038 0
8.61954e-05 2 7.19686 0.000740355 0
8.61954e-05 2 11.1588 0.000462606 0
8.61954e-05 2 17.302 0.000290039 0
8.61954e-05 2 26.827 0.000180652 0
8.61954e-05 2 41.5956 0.000112219 0
8.61954e-05 2 64.4947 6.98183e-05 0
8.61954e-05 2 100 4.34434e-05 0
8.61954e-05 2 155.052 2.70262e-05 0
8.61954e-05 2 240.41 1.68442e-05 0
8.61954e-05 2 372.759 1.05158e-05 0
8.61954e-05 2 577.969 6.56748e-06 0
8.61954e-05 2 896.151 4.10584e-06 0
8.61954e-05 2 1389.5 2.57218e-06 0
8.61954e-05 2 2154.43 1.61299e-06 0
8.61954e-05 2 3340.48 1.01223e-06 0
8.61954e-05 2 5179.47 6.35842e-07 0
8.61954e-05 2 8030.86 3.99838e-07 0
8.61954e-05 2 12452 2.51714e-07 0
8.61954e-05 2 19307 1.58583e-07 0
8.61954e-05 2 29935.8 9.9973e-08 0
8.61954e-05 2 46415.9 6.30682e-08 0
8.61954e-05 2 71968.6 3.9814e-08 0
8.61954e-05 2 111588 2.51511e-08 0
8.61954e-05 2 173020 1.59011e-08 0
8.61954e-05 2 268270 1.00586e-08 0
8.61954e-05 2 415956 6.36677e-09 0
8.61954e-05 2 644947 4.0324e-09 0
8.61954e-05 2 1e+06 2.55474e-09 0

0.000210175 2 1e-06 -0.0852576 0
0.000210175 2 1.55052e-06 -0.0852572 0
0.000210175 2 2.4041e-06 -0.0852565 0
0.000210175 2 3.72759e-06 -0.0852554 0
0.000210175 2 5.77969e-06 -0.0852538 0
0.000210175 2 8.96151e-06 -0.0852512 0
0.000210175 2 1.3895e-05 -0.0852472 0
0.000210175 2 2.15443e-05 -0.085241 0
0.000210175 2 3.34048e-05 -0.0852315 0
0.000210175 2 5.17947e-05 -0.0852166 0
0.000210175 2 8.03086e-05 -0.0851936 0
0.000210175 2 0.00012452 -0.0851579 0
0.000210175 2 0.00019307 -0.0851026 0
0.000210175 2 0.000299358 -0.0850169 0
0.000210175 2 0.000464159 -0.0848841 0
0.000210175 2 0.000719686 -0.0846785 0
0.000210175 2 0.00111588 -0.0843602 0
0.000210175 2 0.0017302 -0.083868 0
0.000210175 2 0.0026827 -0.0831082 0
0.000210175 2 0.00415956 -0.0819379 0
0.000210175 2 0.00644947 -0.080142 0
0.000210175 2 0.01 -0.0774017 0
0.000210175 2 0.0155052 -0.0732577 0
0.000210175 2 0.024041 -0.0670769 0
0.000210175 2 0.0372759 -0.0580569 0
0.000210175 2 0.0577969 -0.0453392 0
0.000210175 2 0.0896151 -0.0283601 0
0.000210175 2 0.13895 -0.00763132 0
0.000210175 2 0.215443 0.014072 0
0.000210175 2 0.334048 0.0309772 0
0.000210175 2 0.517947 0.0362025 0
0.000210175 2 0.803086 0.0281405 0
0.000210175 2 1.2452 0.0150277 0
0.000210175 2 1.9307 0.00602027 0
0.000210175 2 2.99358 0.00225081 0
0.000210175 2 4.64159 0.00122032 0
0.000210175 2 7.19686 0.000740322 0
0.000210175 2 11.1588 0.000462586 0
0.000210175 2 17.302 0.000290027 0
0.000210175 2 26.827 0.000180645 0
0.000210175 2 41.5956 0.000112215 0
0.000210175 2 64.4947 6.98156e-05 0
0.000210175 2 100 4.34418e-05 0
0.000210175 2 155.052 2.70252e-05 0
0.000210175 2 240.41 1.68435e-05 0
0.000210175 2 372.759 1.05155e-05 0
0.000210175 2 577.969 6.56724e-06 0
0.000210175 2 896.151 4.1057e-06 0
0.000210175 2 1389.5 2.57209e-06 0
0.000210175 2 2154.43 1.61293e-06 0
0.000210175 2 3340.48 1.01219e-06 0
0.000210175 2 5179.47 6.3582e-07 0
0.000210175 2 8030.86 3.99825e-07 0
0.000210175 2 12452 2.51706e-07 0
0.000210175 2 19307 1.58578e-07 0
0.000210175 2 29935.8 9.99696e-08 0
0.000210175 2 46415.9 6.30661e-08 0
0.000210175 2 71968.6 3.98127e-08 0
0.000210175 2 111588 2.51502e-08 0
0.000210175 2 173020 1.59005e-08 0
0.000210175 2 268270 1.00582e-08 0
0.000210175 2 415956 6.36656e-09 0
0.000210175 2 644947 4.03227e-09 0
0.000210175 2 1e+06 2.55466e-09 0

0.000512481 2 1e-06 -0.0852453 0
0.000512481 2 1.55052e-06 -0.0852448 0
0.000512481 2 2.4041e-06 -0.0852442 0
0.000512481 2 3.72759e-06 -0.0852431 0
0.000512481 2 5.77969e-06 -0.0852414 0
0.000512481 2 8.96151e-06 -0.0852389 0
0.000512481 2 1.3895e-05 -0.0852349 0
0.000512481 2 2.15443e-05 -0.0852287 0
0.000512481 2 3.34048e-05 -0.0852191 0
0.000512481 2 5.17947e-05 -0.0852043 0
0.000512481 2 8.03086e-05 -0.0851813 0
0.000512481 2 0.00012452 -0.0851456 0
0.000512481 2 0.00019307 -0.0850903 0
0.000512481 2 0.000299358 -0.0850046 0
0.000512481 2 0.000464159 -0.0848719 0
0.000512481 2 0.000719686 -0.0846663 0
0.000512481 2 0.00111588 -0.084348 0
0.000512481 2 0.0017302 -0.083856 0
0.000512481 2 0.0026827 -0.0830963 0
0.000512481 2 0.00415956 -0.0819262 0
0.000512481 2 0.00644947 -0.0801307 0
0.000512481 2 0.01 -0.077391 0
0.000512481 2 0.0155052 -0.0732478 0
0.000512481 2 0.024041 -0.0670682 0
0.000512481 2 0.0372759 -0.05805 0
0.000512481 2 0.0577969 -0.0453348 0
0.000512481 2 0.0896151 -0.0283589 0
0.000512481 2 0.13895 -0.00763394 0
0.000512481 2 0.215443 0.0140658 0
0.000512481 2 0.334048 0.0309686 0
0.000512481 2 0.517947 0.0361943 0
0.000512481 2 0.803086 0.0281351 0
0.000512481 2 1.2452 0.0150252 0
0.000512481 2 1.9307 0.00601943 0
0.000512481 2 2.99358 0.00225052 0
0.000512481 2 4.64159 0.00122018 0
0.000512481 2 7.19686 0.00074024 0
0.000512481 2 11.1588 0.000462538 0
0.000512481 2 17.302 0.000289998 0
0.000512481 2 26.827 0.000180627 0
0.000512481 2 41.5956 0.000112204 0
0.000512481 2 64.4947 6.98091e-05 0
0.000512481 2 100 4.34378e-05 0
0.000512481 2 155.052 2.70227e-05 0
0.000512481 2 240.41 1.6842e-05 0
0.000512481 2 372.759 1.05145e-05 0
0.000512481 2 577.969 6.56667e-06 0
0.000512481 2 896.151 4.10534e-06 0
0.000512481 2 1389.5 2.57187e-06 0
0.000512481 2 2154.43 1.61279e-06 0
0.000512481 2 3340.48 1.01211e-06 0
0.000512481 2 5179.47 6.35766e-07 0
0.000512481 2 8030.86 3.99791e-07 0
0.000512481 2 12452 2.51685e-07 0
0.000512481 2 19307 1.58565e-07 0
0.000512481 2 29935.8 9.99613e-08 0
0.000512481 2 46415.9 6.30609e-08 0
0.000512481 2 71968.6 3.98094e-08 0
0.000512481 2 111588 2.51482e-08 0
0.000512481 2 173020 1.58992e-08 0
0.000512481 2 268270 1.00574e-08 0
0.000512481 2 415956 6.36604e-09 0
0.000512481 2 644947 4.03195e-09 0
0.000512481 2 1e+06 2.55446e-09 0

0.00124961 2 1e-06 -0.0852152 0
0.00124961 2 1.55052e-06 -0.0852148 0
0.00124961 2 2.4041e-06 -0.0852141 0
0.00124961 2 3.72759e-06 -0.085213 0
0.00124961 2 5.77969e-06 -0.0852114 0
0.00124961 2 8.96151e-06 -0.0852088 0
0.00124961 2 1.3895e-05 -0.0852048 0
0.00124961 2 2.15443e-05 -0.0851986 0
0.00124961 2 3.34048e-05 -0.0851891 0
0.00124961 2 5.17947e-05 -0.0851742 0
0.00124961 2 8.03086e-05 -0.0851512 0
0.00124961 2 0.00012452 -0.0851156 0
0.00124961 2 0.00019307 -0.0850603 0
0.00124961 2 0.000299358 -0.0849747 0
0.00124961 2 0.000464159 -0.084842 0
0.00124961 2 0.000719686 -0.0846365 0
0.00124961 2 0.00111588 -0.0843184 0
0.00124961 2 0.0017302 -0.0838266 0
0.00124961 2 0.0026827 -0.0830673 0
0.00124961 2 0.00415956 -0.0818978 0
0.00124961 2 0.00644947 -0.0801031 0
0.00124961 2 0.01 -0.0773648 0
0.00124961 2 0.0155052 -0.0732236 0
0.00124961 2 0.024041 -0.067047 0
0.00124961 2 0.0372759 -0.0580332 0
0.00124961 2 0.0577969 -0.045324 0
0.00124961 2 0.0896151 -0.028356 0
0.00124961 2 0.13895 -0.00764033 0
0.00124961 2 0.215443 0.0140505 0
0.00124961 2 0.334048 0.0309478 0
0.00124961 2 0.517947 0.0361743 0
0.00124961 2 0.803086 0.0281217 0
0.00124961 2 1.2452 0.0150192 0
0.00124961 2 1.9307 0.00601736 0
0.00124961 2 2.99358 0.0022498 0
0.00124961 2 4.64159 0.00121982 0
0.00124961 2 7.19686 0.000740042 0
0.00124961 2 11.1588 0.00046242 0
0.00124961 2 17.302 0.000289927 0
0.00124961 2 26.827 0.000180584 0
0.00124961 2 41.5956 0.000112178 0
0.00124961 2 64.4947 6.97933e-05 0
0.00124961 2 100 4.34281e-05 0
0.00124961 2 155.052 2.70168e-05 0
0.00124961 2 240.41 1.68384e-05 0
0.00124961 2 372.759 1.05123e-05 0
0.00124961 2 577.969 6.56526e-06 0
0.00124961 2 896.151 4.10447e-06 0
0.00124961 2 1389.5 2.57133e-06 0
0.00124961 2 2154.43 1.61245e-06 0
0.00124961 2 3340.48 1.0119e-06 0
0.00124961 2 5179.47 6.35635e-07 0
0.00124961 2 8030.86 3.99709e-07 0
0.00124961 2 12452 2.51633e-07 0
0.00124961 2 19307 1.58532e-07 0
0.00124961 2 29935.8 9.9941e-08 0
0.00124961 2 46415.9 6.30482e-08 0
0.00124961 2 71968.6 3.98014e-08 0
0.00124961 2 111588 2.51432e-08 0
0.00124961 2 173020 1.58961e-08 0
0.00124961 2 268270 1.00554e-08 0
0.00124961 2 415956 6.36479e-09 0
0.00124961 2 644947 4.03116e-09 0
0.00124961 2 1e+06 2.55396e-09 0

0.00304699 2 1e-06 -0.085142 0
0.00304699 2 1.55052e-06 -0.0851415 0
0.00304699 2 2.4041e-06 -0.0851408 0
0.00304699 2 3.72759e-06 -0.0851398 0
0.00304699 2 5.77969e-06 -0.0851381 0
0.00304699 2 8.96151e-06 -0.0851356 0
0.00304699 2 1.3895e-05 -0.0851316 0
0.00304699 2 2.15443e-05 -0.0851254 0
0.00304699 2 3.34048e-05 -0.0851159 0
0.00304699 2 5.17947e-05 -0.0851011 0
0.00304699 2 8.03086e-05 -0.0850781 0
0.00304699 2 0.00012452 -0.0850425 0
0.00304699 2 0.00019307 -0.0849873 0
0.00304699 2 0.000299358 -0.0849017 0
0.00304699 2 0.000464159 -0.0847692 0
0.00304699 2 0.000719686 -0.0845639 0
0.00304699 2 0.00111588 -0.0842463 0
0.00304699 2 0.0017302 -0.083755 0
0.00304699 2 0.0026827 -0.0829966 0
0.00304699 2 0.00415956 -0.0818286 0
0.00304699 2 0.00644947 -0.080036 0
0.00304699 2 0.01 -0.0773009 0
0.00304699 2 0.0155052 -0.0731647 0
0.00304699 2 0.024041 -0.0669955 0
0.00304699 2 0.0372759 -0.0579923 0
0.00304699 2 0.0577969 -0.0452978 0
0.00304699 2 0.0896151 -0.0283491 0
0.00304699 2 0.13895 -0.00765593 0
0.00304699 2 0.215443 0.0140131 0
0.00304699 2 0.334048 0.030897 0
0.00304699 2 0.517947 0.0361254 0
0.00304699 2 0.803086 0.0280891 0
0.00304699 2 1.2452 0.0150045 0
0.00304699 2 1.9307 0.00601231 0
0.00304699 2 2.99358 0.00224807 0
0.00304699 2 4.64159 0.00121896 0
0.00304699 2 7.19686 0.000739557 0
0.00304699 2 11.1588 0.000462132 0
0.00304699 2 17.302 0.000289755 0
0.00304699 2 26.827 0.00018048 0
0.00304699 2 41.5956 0.000112115 0
0.00304699 2 64.4947 6.97548e-05 0
0.00304699 2 100 4.34045e-05 0
0.00304699 2 155.052 2.70023e-05 0
0.00304699 2 240.41 1.68294e-05 0
0.00304699 2 372.759 1.05067e-05 0
0.00304699 2 577.969 6.56184e-06 0
0.00304699 2 896.151 4.10234e-06 0
0.00304699 2 1389.5 2.57001e-06 0
0.00304699 2 2154.43 1.61163e-06 0
0.00304699 2 3340.48 1.01138e-06 0
0.00304699 2 5179.47 6.35314e-07 0
0.00304699 2 8030.86 3.99508e-07 0
0.00304699 2 12452 2.51508e-07 0
0.00304699 2 19307 1.58454e-07 0
0.00304699 2 29935.8 9.98917e-08 0
0.00304699 2 46415.9 6.30172e-08 0
0.00304699 2 71968.6 3.9782e-08 0
0.00304699 2 111588 2.51309e-08 0
0.00304699 2 173020 1.58884e-08 0
0.00304699 2 268270 1.00506e-08 0
0.00304699 2 415956 6.36174e-09 0
0.00304699 2 644947 4.02923e-09 0
0.00304699 2 1e+06 2.55274e-09 0

0.00742964 2 1e-06 -0.0849638 0
0.00742964 2 1.55052e-06 -0.0849634 0
0.00742964 2 2.4041e-06 -0.0849627 0
0.00742964 2 3.72759e-06 -0.0849616 0
0.00742964 2 5.77969e-06 -0.08496 0
0.00742964 2 8.96151e-06 -0.0849574 0
0.00742964 2 1.3895e-05 -0.0849534 0
0.00742964 2 2.15443e-05 -0.0849473 0
0.00742964 2 3.34048e-05 -0.0849378 0
0.00742964 2 5.17947e-05 -0.084923 0
0.00742964 2 8.03086e-05 -0.0849001 0
0.00742964 2 0.00012452 -0.0848646 0
0.00742964 2 0.00019307 -0.0848096 0
0.00742964 2 0.000299358 -0.0847243 0
0.00742964 2 0.000464159 -0.0845921 0
0.00742964 2 0.000719686 -0.0843875 0
0.00742964 2 0.00111588 -0.0840707 0
0.00742964 2 0.0017302 -0.0835809 0
0.00742964 2 0.0026827 -0.0828248 0
0.00742964 2 0.00415956 -0.0816601 0
0.00742964 2 0.00644947 -0.0798728 0
0.00742964 2 0.01 -0.0771457 0
0.00742964 2 0.0155052 -0.0730215 0
0.00742964 2 0.024041 -0.0668701 0
0.00742964 2 0.0372759 -0.0578927 0
0.00742964 2 0.0577969 -0.0452342 0
0.00742964 2 0.0896151 -0.0283323 0
0.00742964 2 0.13895 -0.00769401 0
0.00742964 2 0.215443 0.0139222 0
0.00742964 2 0.334048 0.0307732 0
0.00742964 2 0.517947 0.0360065 0
0.00742964 2 0.803086 0.0280098 0
0.00742964 2 1.2452 0.0149687 0
0.00742964 2 1.9307 0.00600002 0
0.00742964 2 2.99358 0.00224383 0
0.00742964 2 4.64159 0.00121687 0
0.00742964 2 7.19686 0.000738376 0
0.00742964 2 11.1588 0.000461431 0
0.00742964 2 17.302 0.000289334 0
0.00742964 2 26.827 0.000180227 0
0.00742964 2 41.5956 0.000111961 0
0.00742964 2 64.4947 6.96609e-05 0
0.00742964 2 100 4.3347e-05 0
0.00742964 2 155.052 2.69669e-05 0
0.00742964 2 240.41 1.68077e-05 0
0.00742964 2 372.759 1.04933e-05 0
0.00742964 2 577.969 6.5535e-06 0
0.00742964 2 896.151 4.09717e-06 0
0.00742964 2 1389.5 2.56679e-06 0
0.00742964 2 2154.43 1.60962e-06 0
0.00742964 2 3340.48 1.01013e-06 0
0.00742964 2 5179.47 6.34533e-07 0
0.00742964 2 8030.86 3.9902e-07 0
0.00742964 2 12452 2.51202e-07 0
0.00742964 2 19307 1.58262e-07 0
0.00742964 2 29935.8 9.97716e-08 0
0.00742964 2 46415.9 6.29418e-08 0
0.00742964 2 71968.6 3.97346e-08 0
0.00742964 2 111588 2.51011e-08 0
0.00742964 2 173020 1.58696e-08 0
0.00742964 2 268270 1.00388e-08 0
0.00742964 2 415956 6.35429e-09 0
0.00742964 2 644947 4.02454e-09 0
0.00742964 2 1e+06 2.54978e-09 0

0.0181161 2 1e-06 -0.0845318 0
0.0181161 2 1.55052e-06 -0.0845314 0
0.0181161 2 2.4041e-06 -0.0845307 0
0.0181161 2 3.72759e-06 -0.0845297 0
0.0181161 2 5.77969e-06 -0.084528 0
0.0181161 2 8.96151e-06 -0.0845255 0
0.0181161 2 1.3895e-05 -0.0845216 0
0.0181161 2 2.15443e-05 -0.0845155 0
0.0181161 2 3.34048e-05 -0.084506 0
0.0181161 2 5.17947e-05 -0.0844913 0
0.0181161 2 8.03086e-05 -0.0844686 0
0.0181161 2 0.00012452 -0.0844333 0
0.0181161 2 0.00019307 -0.0843787 0
0.0181161 2 0.000299358 -0.084294 0
0.0181161 2 0.000464159 -0.0841628 0
0.0181161 2 0.000719686 -0.0839596 0
0.0181161 2 0.00111588 -0.0836451 0
0.0181161 2 0.0017302 -0.0831588 0
0.0181161 2 0.0026827 -0.0824081 0
0.0181161 2 0.00415956 -0.0812517 0
0.0181161 2 0.00644947 -0.0794772 0
0.0181161 2 0.01 -0.0767694 0
0.0181161 2 0.0155052 -0.0726744 0
0.0181161 2 0.024041 -0.0665664 0
0.0181161 2 0.0372759 -0.0576517 0
0.0181161 2 0.0577969 -0.0450804 0
0.0181161 2 0.0896151 -0.0282922 0
0.0181161 2 0.13895 -0.00778718 0
0.0181161 2 0.215443 0.0137006 0
0.0181161 2 0.334048 0.0304718 0
0.0181161 2 0.517947 0.035717 0
0.0181161 2 0.803086 0.0278166 0
0.0181161 2 1.2452 0.0148814 0
0.0181161 2 1.9307 0.0059701 0
0.0181161 2 2.99358 0.00223353 0
0.0181161 2 4.64159 0.00121177 0
0.0181161 2 7.19686 0.000735501 0
0.0181161 2 11.1588 0.000459725 0
0.0181161 2 17.302 0.00028831 0
0.0181161 2 26.827 0.000179609 0
0.0181161 2 41.5956 0.000111586 0
0.0181161 2 64.4947 6.94324e-05 0
0.0181161 2 100 4.3207e-05 0
0.0181161 2 155.052 2.68809e-05 0
0.0181161 2 240.41 1.67546e-05 0
0.0181161 2 372.759 1.04605e-05 0
0.0181161 2 577.969 6.53319e-06 0
0.0181161 2 896.151 4.08456e-06 0
0.0181161 2 1389.5 2.55895e-06 0
0.0181161 2 2154.43 1.60474e-06 0
0.0181161 2 3340.48 1.00709e-06 0
0.0181161 2 5179.47 6.32632e-07 0
0.0181161 2 8030.86 3.97831e-07 0
0.0181161 2 12452 2.50458e-07 0
0.0181161 2 19307 1.57796e-07 0
0.0181161 2 29935.8 9.9479e-08 0
0.0181161 2 46415.9 6.27581e-08 0
0.0181161 2 71968.6 3.96192e-08 0
0.0181161 2 111588 2.50286e-08 0
0.0181161 2 173020 1.5824e-08 0
0.0181161 2 268270 1.001e-08 0
0.0181161 2 415956 6.33617e-09 0
0.0181161 2 644947 4.01311e-09 0
0.0181161 2 1e+06 2.54257e-09 0

0.0441734 2 1e-06 -0.0834922 0
0.0441734 2 1.55052e-06 -0.0834917 0
0.0441734 2 2.4041e-06 -0.0834911 0
0.0441734 2 3.72759e-06 -0.08349 0
0.0441734 2 5.77969e-06 -0.0834884 0
0.0441734 2 8.96151e-06 -0.0834859 0
0.0441734 2 1.3895e-05 -0.0834821 0
0.0441734 2 2.15443e-05 -0.0834761 0
0.0441734 2 3.34048e-05 -0.0834668 0
0.0441734 2 5.17947e-05 -0.0834524 0
0.0441734 2 8.03086e-05 -0.08343 0
0.0441734 2 0.00012452 -0.0833954 0
0.0441734 2 0.00019307 -0.0833417 0
0.0441734 2 0.000299358 -0.0832585 0
0.0441734 2 0.000464159 -0.0831296 0
0.0441734 2 0.000719686 -0.0829299 0
0.0441734 2 0.00111588 -0.0826209 0
0.0441734 2 0.0017302 -0.082143 0
0.0441734 2 0.0026827 -0.0814053 0
0.0441734 2 0.00415956 -0.080269 0
0.0441734 2 0.00644947 -0.0785252 0
0.0441734 2 0.01 -0.0758642 0
0.0441734 2 0.0155052 -0.0718397 0
0.0441734 2 0.024041 -0.0658363 0
0.0441734 2 0.0372759 -0.057073 0
0.0441734 2 0.0577969 -0.0447123 0
0.0441734 2 0.0896151 -0.0281988 0
0.0441734 2 0.13895 -0.0080156 0
0.0441734 2 0.215443 0.0131619 0
0.0441734 2 0.334048 0.0297403 0
0.0441734 2 0.517947 0.0350144 0
0.0441734 2 0.803086 0.0273473 0
0.0441734 2 1.2452 0.0146692 0
0.0441734 2 1.9307 0.00589736 0
0.0441734 2 2.99358 0.0022085 0
0.0441734 2 4.64159 0.00119937 0
0.0441734 2 7.19686 0.000728511 0
0.0441734 2 11.1588 0.000455576 0
0.0441734 2 17.302 0.00028582 0
0.0441734 2 26.827 0.000178107 0
0.0441734 2 41.5956 0.000110676 0
0.0441734 2 64.4947 6.88768e-05 0
0.0441734 2 100 4.28667e-05 0
0.0441734 2 155.052 2.66718e-05 0
0.0441734 2 240.41 1.66257e-05 0
0.0441734 2 372.759 1.03808e-05 0
0.0441734 2 577.969 6.48382e-06 0
0.0441734 2 896.151 4.05393e-06 0
0.0441734 2 1389.5 2.5399e-06 0
0.0441734 2 2154.43 1.59288e-06 0
0.0441734 2 3340.48 9.99687e-07 0
0.0441734 2 5179.47 6.2801e-07 0
0.0441734 2 8030.86 3.94941e-07 0
0.0441734 2 12452 2.48648e-07 0
0.0441734 2 19307 1.56662e-07 0
0.0441734 2 29935.8 9.87679e-08 0
0.0441734 2 46415.9 6.23117e-08 0
0.0441734 2 71968.6 3.93387e-08 0
0.0441734 2 111588 2.48522e-08 0
0.0441734 2 173020 1.5713e-08 0
0.0441734 2 268270 9.9401e-09 0
0.0441734 2 415956 6.29212e-09 0
0.0441734 2 644947 3.98533e-09 0
0.0441734 2 1e+06 2.52504e-09 0

0.107711 2 1e-06 -0.0810386 0
0.107711 2 1.55052e-06 -0.0810381 0
0.107711 2 2.4041e-06 -0.0810375 0
0.107711 2 3.72759e-06 -0.0810365 0
0.107711 2 5.77969e-06 -0.081035 0
0.107711 2 8.96151e-06 -0.0810326 0
0.107711 2 1.3895e-05 -0.0810289 0
0.107711 2 2.15443e-05 -0.0810231 0
0.107711 2 3.34048e-05 -0.0810142 0
0.107711 2 5.17947e-05 -0.0810004 0
0.107711 2 8.03086e-05 -0.080979 0
0.107711 2 0.00012452 -0.0809458 0
0.107711 2 0.00019307 -0.0808944 0
0.107711 2 0.000299358 -0.0808147 0
0.107711 2 0.000464159 -0.0806912 0
0.107711 2 0.000719686 -0.0804999 0
0.107711 2 0.00111588 -0.0802039 0
0.107711 2 0.0017302 -0.0797461 0
0.107711 2 0.0026827 -0.0790393 0
0.107711 2 0.00415956 -0.0779507 0
0.107711 2 0.00644947 -0.0762799 0
0.107711 2 0.01 -0.0737302 0
0.107711 2 0.0155052 -0.0698734 0
0.107711 2 0.024041 -0.0641187 0
0.107711 2 0.0372759 -0.0557154 0
0.107711 2 0.0577969 -0.0438553 0
0.107711 2 0.0896151 -0.0279952 0
0.107711 2 0.13895 -0.00857773 0
0.107711 2 0.215443 0.011861 0
0.107711 2 0.334048 0.0279802 0
0.107711 2 0.517947 0.0333237 0
0.107711 2 0.803086 0.0262163 0
0.107711 2 1.2452 0.0141568 0
0.107711 2 1.9307 0.00572188 0
0.107711 2 2.99358 0.00214823 0
0.107711 2 4.64159 0.00116948 0
0.107711 2 7.19686 0.000711655 0
0.107711 2 11.1588 0.000445572 0
0.107711 2 17.302 0.000279816 0
0.107711 2 26.827 0.000174485 0
0.107711 2 41.5956 0.00010848 0
0.107711 2 64.4947 6.75371e-05 0
0.107711 2 100 4.20461e-05 0
0.107711 2 155.052 2.61676e-05 0
0.107711 2 240.41 1.63149e-05 0
0.107711 2 372.759 1.01886e-05 0
0.107711 2 577.969 6.36479e-06 0
0.107711 2 896.151 3.98006e-06 0
0.107711 2 1389.5 2.49396e-06 0
0.107711 2 2154.43 1.56426e-06 0
0.107711 2 3340.48 9.8184e-07 0
0.107711 2 5179.47 6.16865e-07 0
0.107711 2 8030.86 3.87972e-07 0
0.107711 2 12452 2.44285e-07 0
0.107711 2 19307 1.53928e-07 0
0.107711 2 29935.8 9.70529e-08 0
0.107711 2 46415.9 6.12351e-08 0
0.107711 2 71968.6 3.86622e-08 0
0.107711 2 111588 2.44268e-08 0
0.107711 2 173020 1.54453e-08 0
0.107711 2 268270 9.77151e-09 0
0.107711 2 415956 6.18587e-09 0
0.107711 2 644947 3.91833e-09 0
0.107711 2 1e+06 2.48277e-09 0

0.262636 2 1e-06 -0.0754586 0
0.262636 2 1.55052e-06 -0.0754582 0
0.262636 2 2.4041e-06 -0.0754577 0
0.262636 2 3.72759e-06 -0.0754568 0
0.262636 2 5.77969e-06 -0.0754554 0
0.262636 2 8.96151e-06 -0.0754532 0
0.262636 2 1.3895e-05 -0.0754499 0
0.262636 2 2.15443e-05 -0.0754447 0
0.262636 2 3.34048e-05 -0.0754367 0
0.262636 2 5.17947e-05 -0.0754243 0
0.262636 2 8.03086e-05 -0.0754051 0
0.262636 2 0.00012452 -0.0753752 0
0.262636 2 0.00019307 -0.0753289 0
0.262636 2 0.000299358 -0.0752572 0
0.262636 2 0.000464159 -0.0751462 0
0.262636 2 0.000719686 -0.0749741 0
0.262636 2 0.00111588 -0.0747078 0
0.262636 2 0.0017302 -0.074296 0
0.262636 2 0.0026827 -0.0736602 0
0.262636 2 0.00415956 -0.0726807 0
0.262636 2 0.00644947 -0.0711773 0
0.262636 2 0.01 -0.0688824 0
0.262636 2 0.0155052 -0.0654096 0
0.262636 2 0.024041 -0.060225 0
0.262636 2 0.0372759 -0.052647 0
0.262636 2 0.0577969 -0.0419355 0
0.262636 2 0.0896151 -0.0275756 0
0.262636 2 0.13895 -0.00991932 0
0.262636 2 0.215443 0.00881569 0
0.262636 2 0.334048 0.0238686 0
0.262636 2 0.517947 0.0293633 0
0.262636 2 0.803086 0.0235509 0
0.262636 2 1.2452 0.0129412 0
0.262636 2 1.9307 0.00530556 0
0.262636 2 2.99358 0.00200581 0
0.262636 2 4.64159 0.00109872 0
0.262636 2 7.19686 0.000671687 0
0.262636 2 11.1588 0.000421847 0
0.262636 2 17.302 0.000265577 0
0.262636 2 26.827 0.000165898 0
0.262636 2 41.5956 0.000103273 0
0.262636 2 64.4947 6.43611e-05 0
0.262636 2 100 4.01007e-05 0
0.262636 2 155.052 2.49724e-05 0
0.262636 2 240.41 1.5578e-05 0
0.262636 2 372.759 9.73304e-06 0
0.262636 2 577.969 6.08263e-06 0
0.262636 2 896.151 3.80497e-06 0
0.262636 2 1389.5 2.38506e-06 0
0.262636 2 2154.43 1.49643e-06 0
0.262636 2 3340.48 9.39535e-07 0
0.262636 2 5179.47 5.90446e-07 0
0.262636 2 8030.86 3.71453e-07 0
0.262636 2 12452 2.33944e-07 0
0.262636 2 19307 1.47447e-07 0
0.262636 2 29935.8 9.29878e-08 0
0.262636 2 46415.9 5.86831e-08 0
0.262636 2 71968.6 3.70588e-08 0
0.262636 2 111588 2.34186e-08 0
0.262636 2 173020 1.48108e-08 0
0.262636 2 268270 9.37192e-09 0
0.262636 2 415956 5.93405e-09 0
0.262636 2 644947 3.75952e-09 0
0.262636 2 1e+06 2.38257e-09 0

0.6404 2 1e-06 -0.0636209 0
0.6404 2 1.55052e-06 -0.0636206 0
0.6404 2 2.4041e-06 -0.0636202 0
0.6404 2 3.72759e-06 -0.0636195 0
0.6404 2 5.77969e-06 -0.0636184 0
0.6404 2 8.96151e-06 -0.0636168 0
0.6404 2 1.3895e-05 -0.0636142 0
0.6404 2 2.15443e-05 -0.0636102 0
0.6404 2 3.34048e-05 -0.0636041 0
0.6404 2 5.17947e-05 -0.0635945 0
0.6404 2 8.03086e-05 -0.0635797 0
0.6404 2 0.00012452 -0.0635568 0
0.6404 2 0.00019307 -0.0635212 0
0.6404 2 0.000299358 -0.0634661 0
0.6404 2 0.000464159 -0.0633808 0
0.6404 2 0.000719686 -0.0632485 0
0.6404 2 0.00111588 -0.0630439 0
0.6404 2 0.0017302 -0.0627273 0
0.6404 2 0.0026827 -0.0622385 0
0.6404 2 0.00415956 -0.0614852 0
0.6404 2 0.00644947 -0.0603285 0
0.6404 2 0.01 -0.0585619 0
0.6404 2 0.0155052 -0.0558859 0
0.6404 2 0.024041 -0.0518846 0
0.6404 2 0.0372759 -0.046022 0
0.6404 2 0.0577969 -0.0377028 0
0.6404 2 0.0896151 -0.0264783 0
0.6404 2 0.13895 -0.0125255 0
0.6404 2 0.215443 0.00258294 0
0.6404 2 0.334048 0.0152871 0
0.6404 2 0.517947 0.0209566 0
0.6404 2 0.803086 0.0177798 0
0.6404 2 1.2452 0.0102516 0
0.6404 2 1.9307 0.00437643 0
0.6404 2 2.99358 0.00168979 0
0.6404 2 4.64159 0.000941224 0
0.6404 2 7.19686 0.000582505 0
0.6404 2 11.1588 0.000368892 0
0.6404 2 17.302 0.000233799 0
0.6404 2 26.827 0.000146738 0
0.6404 2 41.5956 9.16589e-05 0
0.6404 2 64.4947 5.72777e-05 0
0.6404 2 100 3.57625e-05 0
0.6404 2 155.052 2.23075e-05 0
0.6404 2 240.41 1.39353e-05 0
0.6404 2 372.759 8.71742e-06 0
0.6404 2 577.969 5.45359e-06 0
0.6404 2 896.151 3.41463e-06 0
0.6404 2 1389.5 2.14229e-06 0
0.6404 2 2154.43 1.34521e-06 0
0.6404 2 3340.48 8.45228e-07 0
0.6404 2 5179.47 5.31553e-07 0
0.6404 2 8030.86 3.34629e-07 0
0.6404 2 12452 2.10889e-07 0
0.6404 2 19307 1.32999e-07 0
0.6404 2 29935.8 8.3926e-08 0
0.6404 2 46415.9 5.29943e-08 0
0.6404 2 71968.6 3.34845e-08 0
0.6404 2 111588 2.11711e-08 0
0.6404 2 173020 1.33963e-08 0
0.6404 2 268270 8.48115e-09 0
0.6404 2 415956 5.37269e-09 0
0.6404 2 644947 3.40551e-09 0
0.6404 2 1e+06 2.15921e-09 0

1.56152 2 1e-06 -0.0416722 0
1.56152 2 1.55052e-06 -0.0416721 0
1.56152 2 2.4041e-06 -0.0416718 0
1.56152 2 3.72759e-06 -0.0416715 0
1.56152 2 5.77969e-06 -0.0416709 0
1.56152 2 8.96151e-06 -0.0416701 0
1.56152 2 1.3895e-05 -0.0416687 0
1.56152 2 2.15443e-05 -0.0416666 0
1.56152 2 3.34048e-05 -0.0416634 0
1.56152 2 5.17947e-05 -0.0416583 0
1.56152 2 8.03086e-05 -0.0416505 0
1.56152 2 0.00012452 -0.0416385 0
1.56152 2 0.00019307 -0.0416197 0
1.56152 2 0.000299358 -0.0415907 0
1.56152 2 0.000464159 -0.0415457 0
1.56152 2 0.000719686 -0.041476 0
1.56152 2 0.00111588 -0.0413681 0
1.56152 2 0.0017302 -0.0412012 0
1.56152 2 0.0026827 -0.0409433 0
1.56152 2 0.00415956 -0.0405457 0
1.56152 2 0.00644947 -0.0399346 0
1.56152 2 0.01 -0.0389998 0
1.56152 2 0.0155052 -0.0375806 0
1.56152 2 0.024041 -0.035451 0
1.56152 2 0.0372759 -0.032313 0
1.56152 2 0.0577969 -0.0278195 0
1.56152 2 0.0896151 -0.0216673 0
1.56152 2 0.13895 -0.0138292 0
1.56152 2 0.215443 -0.0049579 0
1.56152 2 0.334048 0.0032228 0
1.56152 2 0.517947 0.00818227 0
1.56152 2 0.803086 0.00841863 0
1.56152 2 1.2452 0.00558306 0
1.56152 2 1.9307 0.00268263 0
1.56152 2 2.99358 0.00111123 0
1.56152 2 4.64159 0.000651729 0
1.56152 2 7.19686 0.000417996 0
1.56152 2 11.1588 0.000271072 0
1.56152 2 17.302 0.000175098 0
1.56152 2 26.827 0.000111366 0
1.56152 2 41.5956 7.02312e-05 0
1.56152 2 64.4947 4.42165e-05 0
1.56152 2 100 2.77668e-05 0
1.56152 2 155.052 1.73972e-05 0
1.56152 2 240.41 1.09089e-05 0
1.56152 2 372.759 6.84669e-06 0
1.56152 2 577.969 4.29506e-06 0
1.56152 2 896.151 2.69577e-06 0
1.56152 2 1389.5 1.69523e-06 0
1.56152 2 2154.43 1.06675e-06 0
1.56152 2 3340.48 6.71562e-07 0
1.56152 2 5179.47 4.23103e-07 0
1.56152 2 8030.86 2.66817e-07 0
1.56152 2 12452 1.68436e-07 0
1.56152 2 19307 1.06395e-07 0
1.56152 2 29935.8 6.72391e-08 0
1.56152 2 46415.9 4.25187e-08 0
1.56152 2 71968.6 2.69027e-08 0
1.56152 2 111588 1.70324e-08 0
1.56152 2 173020 1.07917e-08 0
1.56152 2 268270 6.84085e-09 0
1.56152 2 415956 4.33896e-09 0
1.56152 2 644947 2.75362e-09 0
1.56152 2 1e+06 1.74791e-09 0

3.80755 2 1e-06 -0.0146686 0
3.80755 2 1.55052e-06 -0.0146685 0
3.80755 2 2.4041e-06 -0.0146685 0
3.80755 2 3.72759e-06 -0.0146684 0
3.80755 2 5.77969e-06 -0.0146682 0
3.80755 2 8.96151e-06 -0.014668 0
3.80755 2 1.3895e-05 -0.0146677 0
3.80755 2 2.15443e-05 -0.0146672 0
3.80755 2 3.34048e-05 -0.0146664 0
3.80755 2 5.17947e-05 -0.0146652 0
3.80755 2 8.03086e-05 -0.0146632 0
3.80755 2 0.00012452 -0.0146603 0
3.80755 2 0.00019307 -0.0146557 0
3.80755 2 0.000299358 -0.0146486 0
3.80755 2 0.000464159 -0.0146376 0
3.80755 2 0.000719686 -0.0146205 0
3.80755 2 0.00111588 -0.0145941 0
3.80755 2 0.0017302 -0.0145532 0
3.80755 2 0.0026827 -0.0144899 0
3.80755 2 0.00415956 -0.0143923 0
3.80755 2 0.00644947 -0.0142421 0
3.80755 2 0.01 -0.0140117 0
3.80755 2 0.0155052 -0.0136605 0
3.80755 2 0.024041 -0.0131304 0
3.80755 2 0.0372759 -0.0123419 0
3.80755 2 0.0577969 -0.0111959 0
3.80755 2 0.0896151 -0.00958926 0
3.80755 2 0.13895 -0.00746152 0
3.80755 2 0.215443 -0.00488871 0
3.80755 2 0.334048 -0.00220356 0
3.80755 2 0.517947 -1.715e-05 0
3.80755 2 0.803086 0.00111419 0
3.80755 2 1.2452 0.00123992 0
3.80755 2 1.9307 0.000837797 0
3.80755 2 2.99358 0.000434796 0
3.80755 2 4.64159 0.000303277 0
3.80755 2 7.19686 0.000217029 0
3.80755 2 11.1588 0.000150468 0
3.80755 2 17.302 0.000102464 0
3.80755 2 26.827 6.75832e-05 0
3.80755 2 41.5956 4.37295e-05 0
3.80755 2 64.4947 2.80775e-05 0
3.80755 2 100 1.78953e-05 0
3.80755 2 155.052 1.1339e-05 0
3.80755 2 240.41 7.17694e-06 0
3.80755 2 372.759 4.54054e-06 0
3.80755 2 577.969 2.86718e-06 0
3.80755 2 896.151 1.80991e-06 0
3.80755 2 1389.5 1.14436e-06 0
3.80755 2 2154.43 7.23657e-07 0
3.80755 2 3340.48 4.57597e-07 0
3.80755 2 5179.47 2.89491e-07 0
3.80755 2 8030.86 1.83275e-07 0
3.80755 2 12452 1.16135e-07 0
3.80755 2 19307 7.36195e-08 0
3.80755 2 29935.8 4.66815e-08 0
3.80755 2 46415.9 2.96132e-08 0
3.80755 2 71968.6 1.87941e-08 0
3.80755 2 111588 1.19337e-08 0
3.80755 2 173020 7.58291e-09 0
3.80755 2 268270 4.82009e-09 0
3.80755 2 415956 3.06546e-09 0
3.80755 2 644947 1.95052e-09 0
3.80755 2 1e+06 1.2412e-09 0

9.28415 2 1e-06 -0.0017218 0
9.28415 2 1.55052e-06 -0.0017218 0
9.28415 2 2.4041e-06 -0.0017218 0
9.28415 2 3.72759e-06 -0.00172179 0
9.28415 2 5.77969e-06 -0.00172178 0
9.28415 2 8.96151e-06 -0.00172177 0
9.28415 2 1.3895e-05 -0.00172174 0
9.28415 2 2.15443e-05 -0.00172171 0
9.28415 2 3.34048e-05 -0.00172166 0
9.28415 2 5.17947e-05 -0.00172157 0
9.28415 2 8.03086e-05 -0.00172144 0
9.28415 2 0.00012452 -0.00172124 0
9.28415 2 0.00019307 -0.00172093 0
9.28415 2 0.000299358 -0.00172045 0
9.28415 2 0.000464159 -0.0017197 0
9.28415 2 0.000719686 -0.00171855 0
9.28415 2 0.00111588 -0.00171676 0
9.28415 2 0.0017302 -0.00171398 0
9.28415 2 0.0026827 -0.00170969 0
9.28415 2 0.00415956 -0.00170306 0
9.28415 2 0.00644947 -0.00169282 0
9.28415 2 0.01 -0.00167708 0
9.28415 2 0.0155052 -0.00165297 0
9.28415 2 0.024041 -0.00161628 0
9.28415 2 0.0372759 -0.00156103 0
9.28415 2 0.0577969 -0.00147918 0
9.28415 2 0.0896151 -0.00136095 0
9.28415 2 0.13895 -0.00119675 0
9.28415 2 0.215443 -0.000982358 0
9.28415 2 0.334048 -0.000727656 0
9.28415 2 0.517947 -0.000463882 0
9.28415 2 0.803086 -0.000231706 0
9.28415 2 1.2452 -5.42588e-05 0
9.28415 2 1.9307 3.6851e-05 0
9.28415 2 2.99358 5.37907e-05 0
9.28415 2 4.64159 7.09043e-05 0
9.28415 2 7.19686 7.09146e-05 0
9.28415 2 11.1588 5.86809e-05 0
9.28415 2 17.302 4.57544e-05 0
9.28415 2 26.827 3.30343e-05 0
9.28415 2 41.5956 2.27453e-05 0
9.28415 2 64.4947 1.52919e-05 0
9.28415 2 100 1.00802e-05 0
9.28415 2 155.052 6.54722e-06 0
9.28415 2 240.41 4.22743e-06 0
9.28415 2 372.759 2.71903e-06 0
9.28415 2 577.969 1.73989e-06 0
9.28415 2 896.151 1.11076e-06 0
9.28415 2 1389.5 7.09684e-07 0
9.28415 2 2154.43 4.52971e-07 0
9.28415 2 3340.48 2.88805e-07 0
9.28415 2 5179.47 1.84094e-07 0
9.28415 2 8030.86 1.17377e-07 0
9.28415 2 12452 7.48808e-08 0
9.28415 2 19307 4.77674e-08 0
9.28415 2 29935.8 3.04667e-08 0
9.28415 2 46415.9 1.9434e-08 0
9.28415 2 71968.6 1.23986e-08 0
9.28415 2 111588 7.91214e-09 0
9.28415 2 173020 5.05203e-09 0
9.28415 2 268270 3.22623e-09 0
9.28415 2 415956 2.06101e-09 0
9.28415 2 644947 1.31709e-09 0
9.28415 2 1e+06 8.41546e-10 0

22.638 2 1e-06 -0.000123278 0
22.638 2 1.55052e-06 -0.000123278 0
22.638 2 2.4041e-06 -0.000123278 0
22.638 2 3.72759e-06 -0.000123278 0
22.638 2 5.77969e-06 -0.000123278 0
22.638 2 8.96151e-06 -0.000123278 0
22.638 2 1.3895e-05 -0.000123277 0
22.638 2 2.15443e-05 -0.000123277 0
22.638 2 3.34048e-05 -0.000123275 0
22.638 2 5.17947e-05 -0.000123274 0
22.638 2 8.03086e-05 -0.000123271 0
22.638 2 0.00012452 -0.000123267 0
22.638 2 0.00019307 -0.000123261 0
22.638 2 0.000299358 -0.000123251 0
22.638 2 0.000464159 -0.000123236 0
22.638 2 0.000719686 -0.000123212 0
22.638 2 0.00111588 -0.000123175 0
22.638 2 0.0017302 -0.000123118 0
22.638 2 0.0026827 -0.00012303 0
22.638 2 0.00415956 -0.000122894 0
22.638 2 0.00644947 -0.000122682 0
22.638 2 0.01 -0.000122355 0
22.638 2 0.0155052 -0.000121847 0
22.638 2 0.024041 -0.000121062 0
22.638 2 0.0372759 -0.000119851 0
22.638 2 0.0577969 -0.000117989 0
22.638 2 0.0896151 -0.000115147 0
22.638 2 0.13895 -0.000110881 0
22.638 2 0.215443 -0.000104683 0
22.638 2 0.334048 -9.6198e-05 0
22.638 2 0.517947 -8.54756e-05 0
22.638 2 0.803086 -7.20466e-05 0
22.638 2 1.2452 -5.31281e-05 0
22.638 2 1.9307 -3.2219e-05 0
22.638 2 2.99358 -1.71918e-05 0
22.638 2 4.64159 -2.42208e-06 0
22.638 2 7.19686 8.56837e-06 0
22.638 2 11.1588 1.23411e-05 0
22.638 2 17.302 1.35361e-05 0
22.638 2 26.827 1.19812e-05 0
22.638 2 41.5956 9.43449e-06 0
22.638 2 64.4947 6.99327e-06 0
22.638 2 100 4.9443e-06 0
22.638 2 155.052 3.37722e-06 0
22.638 2 240.41 2.26887e-06 0
22.638 2 372.759 1.50699e-06 0
22.638 2 577.969 9.88928e-07 0
22.638 2 896.151 6.44701e-07 0
22.638 2 1389.5 4.19811e-07 0
22.638 2 2154.43 2.72414e-07 0
22.638 2 3340.48 1.76199e-07 0
22.638 2 5179.47 1.13776e-07 0
22.638 2 8030.86 7.34091e-08 0
22.638 2 12452 4.73547e-08 0
22.638 2 19307 3.05177e-08 0
22.638 2 29935.8 1.96473e-08 0
22.638 2 46415.9 1.26418e-08 0
22.638 2 71968.6 8.13109e-09 0
22.638 2 111588 5.22872e-09 0
22.638 2 173020 3.36327e-09 0
22.638 2 268270 2.16271e-09 0
22.638 2 415956 1.39078e-09 0
22.638 2 644947 8.94428e-10 0
22.638 2 1e+06 5.74871e-10 0

55.1995 2 1e-06 -2.16164e-05 0
55.1995 2 1.55052e-06 -2.16164e-05 0
55.1995 2 2.4041e-06 -2.16164e-05 0
55.1995 2 3.72759e-06 -2.16164e-05 0
55.1995 2 5.77969e-06 -2.16164e-05 0
55.1995 2 8.96151e-06 -2.16164e-05 0
55.1995 2 1.3895e-05 -2.16163e-05 0
55.1995 2 2.15443e-05 -2.16163e-05 0
55.1995 2 3.34048e-05 -2.16162e-05 0
55.1995 2 5.17947e-05 -2.16161e-05 0
55.1995 2 8.03086e-05 -2.1616e-05 0
55.1995 2 0.00012452 -2.16158e-05 0
55.1995 2 0.00019307 -2.16154e-05 0
55.1995 2 0.000299358 -2.16149e-05 0
55.1995 2 0.000464159 -2.1614e-05 0
55.1995 2 0.000719686 -2.16127e-05 0
55.1995 2 0.00111588 -2.16107e-05 0
55.1995 2 0.0017302 -2.16075e-05 0
55.1995 2 0.0026827 -2.16025e-05 0
55.1995 2 0.00415956 -2.15949e-05 0
55.1995 2 0.00644947 -2.15829e-05 0
55.1995 2 0.01 -2.15643e-05 0
55.1995 2 0.0155052 -2.15351e-05 0
55.1995 2 0.024041 -2.14893e-05 0
55.1995 2 0.0372759 -2.1417e-05 0
55.1995 2 0.0577969 -2.13023e-05 0
55.1995 2 0.0896151 -2.11201e-05 0
55.1995 2 0.13895 -2.08341e-05 0
55.1995 2 0.215443 -2.04024e-05 0
55.1995 2 0.334048 -1.98045e-05 0
55.1995 2 0.517947 -1.90669e-05 0
55.1995 2 0.803086 -1.80629e-05 0
55.1995 2 1.2452 -1.60698e-05 0
55.1995 2 1.9307 -1.32158e-05 0
55.1995 2 2.99358 -1.06999e-05 0
55.1995 2 4.64159 -7.45186e-06 0
55.1995 2 7.19686 -3.52587e-06 0
55.1995 2 11.1588 -8.17361e-07 0
55.1995 2 17.302 1.55197e-06 0
55.1995 2 26.827 2.75343e-06 0
55.1995 2 41.5956 3.00998e-06 0
55.1995 2 64.4947 2.76225e-06 0
55.1995 2 100 2.25547e-06 0
55.1995 2 155.052 1.69966e-06 0
55.1995 2 240.41 1.22834e-06 0
55.1995 2 372.759 8.62653e-07 0
55.1995 2 577.969 5.90003e-07 0
55.1995 2 896.151 3.97348e-07 0
55.1995 2 1389.5 2.66081e-07 0
55.1995 2 2154.43 1.76719e-07 0
55.1995 2 3340.48 1.16546e-07 0
55.1995 2 5179.47 7.65361e-08 0
55.1995 2 8030.86 5.01293e-08 0
55.1995 2 12452 3.27825e-08 0
55.1995 2 19307 2.13866e-08 0
55.1995 2 29935.8 1.39205e-08 0
55.1995 2 46415.9 9.04685e-09 0
55.1995 2 71968.6 5.87244e-09 0
55.1995 2 111588 3.8085e-09 0
55.1995 2 173020 2.46949e-09 0
55.1995 2 268270 1.59985e-09 0
55.1995 2 415956 1.03606e-09 0
55.1995 2 644947 6.70737e-10 0
55.1995 2 1e+06 4.33736e-10 0

134.596 2 1e-06 -3.16623e-06 0
134.596 2 1.55052e-06 -3.16623e-06 0
134.596 2 2.4041e-06 -3.16623e-06 0
134.596 2 3.72759e-06 -3.16623e-06 0
134.596 2 5.77969e-06 -3.16622e-06 0
134.596 2 8.96151e-06 -3.16622e-06 0
134.596 2 1.3895e-05 -3.16622e-06 0
134.596 2 2.15443e-05 -3.16622e-06 0
134.596 2 3.34048e-05 -3.16622e-06 0
134.596 2 5.17947e-05 -3.16621e-06 0
134.596 2 8.03086e-05 -3.1662e-06 0
134.596 2 0.00012452 -3.16619e-06 0
134.596 2 0.00019307 -3.16617e-06 0
134.596 2 0.000299358 -3.16614e-06 0
134.596 2 0.000464159 -3.16609e-06 0
134.596 2 0.000719686 -3.16602e-06 0
134.596 2 0.00111588 -3.1659e-06 0
134.596 2 0.0017302 -3.16573e-06 0
134.596 2 0.0026827 -3.16545e-06 0
134.596 2 0.00415956 -3.16501e-06 0
134.596 2 0.00644947 -3.16433e-06 0
134.596 2 0.01 -3.16326e-06 0
134.596 2 0.0155052 -3.16154e-06 0
134.596 2 0.024041 -3.15878e-06 0
134.596 2 0.0372759 -3.15427e-06 0
134.596 2 0.0577969 -3.14682e-06 0
134.596 2 0.0896151 -3.13444e-06 0
134.596 2 0.13895 -3.11429e-06 0
134.596 2 0.215443 -3.08389e-06 0
134.596 2 0.334048 -3.04552e-06 0
134.596 2 0.517947 -3.01066e-06 0
134.596 2 0.803086 -2.96902e-06 0
134.596 2 1.2452 -2.81418e-06 0
134.596 2 1.9307 -2.55193e-06 0
134.596 2 2.99358 -2.36411e-06 0
134.596 2 4.64159 -2.07392e-06 0
134.596 2 7.19686 -1.53498e-06 0
134.596 2 11.1588 -1.10605e-06 0
134.596 2 17.302 -5.28678e-07 0
134.596 2 26.827 -2.83036e-08 0
134.596 2 41.5956 3.25408e-07 0
134.596 2 64.4947 5.45748e-07 0
134.596 2 100 6.13214e-07 0
134.596 2 155.052 5.6535e-07 0
134.596 2 240.41 4.75175e-07 0
134.596 2 372.759 3.75132e-07 0
134.596 2 577.969 2.79567e-07 0
134.596 2 896.151 2.01365e-07 0
134.596 2 1389.5 1.42854e-07 0
134.596 2 2154.43 9.94473e-08 0
134.596 2 3340.48 6.81536e-08 0
134.596 2 5179.47 4.62365e-08 0
134.596 2 8030.86 3.11519e-08 0
134.596 2 12452 2.08891e-08 0
134.596 2 19307 1.39285e-08 0
134.596 2 29935.8 9.2406e-09 0
134.596 2 46415.9 6.10818e-09 0
134.596 2 71968.6 4.02577e-09 0
134.596 2 111588 2.64719e-09 0
134.596 2 173020 1.73859e-09 0
134.596 2 268270 1.13954e-09 0
134.596 2 415956 7.45961e-10 0
134.596 2 644947 4.8779e-10 0
134.596 2 1e+06 3.18307e-10 0

328.193 2 1e-06 -5.0321e-07 0
328.193 2 1.55052e-06 -5.0321e-07 0
328.193 2 2.4041e-06 -5.0321e-07 0
328.193 2 3.72759e-06 -5.0321e-07 0
328.193 2 5.77969e-06 -5.0321e-07 0
328.193 2 8.96151e-06 -5.0321e-07 0
328.193 2 1.3895e-05 -5.0321e-07 0
328.193 2 2.15443e-05 -5.0321e-07 0
328.193 2 3.34048e-05 -5.03209e-07 0
328.193 2 5.17947e-05 -5.03209e-07 0
328.193 2 8.03086e-05 -5.03209e-07 0
328.193 2 0.00012452 -5.03208e-07 0
328.193 2 0.00019307 -5.03207e-07 0
328.193 2 0.000299358 -5.03205e-07 0
328.193 2 0.000464159 -5.03202e-07 0
328.193 2 0.000719686 -5.03198e-07 0
328.193 2 0.00111588 -5.03191e-07 0
328.193 2 0.0017302 -5.03181e-07 0
328.193 2 0.0026827 -5.03165e-07 0
328.193 2 0.00415956 -5.03139e-07 0
328.193 2 0.00644947 -5.03098e-07 0
328.193 2 0.01 -5.03031e-07 0
328.193 2 0.0155052 -5.02921e-07 0
328.193 2 0.024041 -5.02734e-07 0
328.193 2 0.0372759 -5.02409e-07 0
328.193 2 0.0577969 -5.01836e-07 0
328.193 2 0.0896151 -5.00821e-07 0
328.193 2 0.13895 -4.99096e-07 0
328.193 2 0.215443 -4.96527e-07 0
328.193 2 0.334048 -4.93815e-07 0
328.193 2 0.517947 -4.93229e-07 0
328.193 2 0.803086 -4.94038e-07 0
328.193 2 1.2452 -4.81092e-07 0
328.193 2 1.9307 -4.55216e-07 0
328.193 2 2.99358 -4.45678e-07 0
328.193 2 4.64159 -4.28248e-07 0
328.193 2 7.19686 -3.70025e-07 0
328.193 2 11.1588 -3.30641e-07 0
328.193 2 17.302 -2.525e-07 0
328.193 2 26.827 -1.64035e-07 0
328.193 2 41.5956 -7.54354e-08 0
328.193 2 64.4947 1.61232e-08 0
328.193 2 100 8.92564e-08 0
328.193 2 155.052 1.28228e-07 0
328.193 2 240.41 1.43846e-07 0
328.193 2 372.759 1.40648e-07 0
328.193 2 577.969 1.21599e-07 0
328.193 2 896.151 9.79367e-08 0
328.193 2 1389.5 7.62418e-08 0
328.193 2 2154.43 5.70496e-08 0
328.193 2 3340.48 4.13545e-08 0
328.193 2 5179.47 2.93571e-08 0
328.193 2 8030.86 2.05395e-08 0
328.193 2 12452 1.4222e-08 0
328.193 2 19307 9.74136e-09 0
328.193 2 29935.8 6.6108e-09 0
328.193 2 46415.9 4.45586e-09 0
328.193 2 71968.6 2.98705e-09 0
328.193 2 111588 1.99382e-09 0
328.193 2 173020 1.32731e-09 0
328.193 2 268270 8.80494e-10 0
328.193 2 415956 5.82698e-10 0
328.193 2 644947 3.84827e-10 0
328.193 2 1e+06 2.53341e-10 0

800.25 2 1e-06 -1.22794e-07 0
800.25 2 1.55052e-06 -1.22794e-07 0
800.25 2 2.4041e-06 -1.22794e-07 0
800.25 2 3.72759e-06 -1.22794e-07 0
800.25 2 5.77969e-06 -1.22794e-07 0
800.25 2 8.96151e-06 -1.22794e-07 0
800.25 2 1.3895e-05 -1.22794e-07 0
800.25 2 2.15443e-05 -1.22794e-07 0
800.25 2 3.34048e-05 -1.22794e-07 0
800.25 2 5.17947e-05 -1.22794e-07 0
800.25 2 8.03086e-05 -1.22794e-07 0
800.25 2 0.00012452 -1.22794e-07 0
800.25 2 0.00019307 -1.22794e-07 0
800.25 2 0.000299358 -1.22794e-07 0
800.25 2 0.000464159 -1.22794e-07 0
800.25 2 0.000719686 -1.22793e-07 0
800.25 2 0.00111588 -1.22793e-07 0
800.25 2 0.0017302 -1.22792e-07 0
800.25 2 0.0026827 -1.2279e-07 0
800.25 2 0.00415956 -1.22788e-07 0
800.25 2 0.00644947 -1.22784e-07 0
800.25 2 0.01 -1.22777e-07 0
800.25 2 0.0155052 -1.22766e-07 0
800.25 2 0.024041 -1.22746e-07 0
800.25 2 0.0372759 -1.22709e-07 0
800.25 2 0.0577969 -1.22642e-07 0
800.25 2 0.0896151 -1.22519e-07 0
800.25 2 0.13895 -1.22304e-07 0
800.25 2 0.215443 -1.21987e-07 0
800.25 2 0.334048 -1.21691e-07 0
800.25 2 0.517947 -1.21789e-07 0
800.25 2 0.803086 -1.22205e-07 0
800.25 2 1.2452 -1.20655e-07 0
800.25 2 1.9307 -1.17253e-07 0
800.25 2 2.99358 -1.16647e-07 0
800.25 2 4.64159 -1.15347e-07 0
800.25 2 7.19686 -1.07695e-07 0
800.25 2 11.1588 -1.03461e-07 0
800.25 2 17.302 -9.25918e-08 0
800.25 2 26.827 -7.85743e-08 0
800.25 2 41.5956 -6.19409e-08 0
800.25 2 64.4947 -3.97046e-08 0
800.25 2 100 -1.46846e-08 0
800.25 2 155.052 7.26877e-09 0
800.25 2 240.41 2.64433e-08 0
800.25 2 372.759 4.05155e-08 0
800.25 2 577.969 4.49967e-08 0
800.25 2 896.151 4.313e-08 0
800.25 2 1389.5 3.8639e-08 0
800.25 2 2154.43 3.21138e-08 0
800.25 2 3340.48 2.51726e-08 0
800.25 2 5179.47 1.89869e-08 0
800.25 2 8030.86 1.39447e-08 0
800.25 2 12452 1.00484e-08 0
800.25 2 19307 7.10818e-09 0
800.25 2 29935.8 4.95224e-09 0
800.25 2 46415.9 3.41188e-09 0
800.25 2 71968.6 2.33e-09 0
800.25 2 111588 1.58021e-09 0
800.25 2 173020 1.06683e-09 0
800.25 2 268270 7.16385e-10 0
800.25 2 415956 4.79246e-10 0
800.25 2 644947 3.19576e-10 0
800.25 2 1e+06 2.12167e-10 0

1951.29 2 1e-06 -3.5246e-08 0
1951.29 2 1.55052e-06 -3.5246e-08 0
1951.29 2 2.4041e-06 -3.5246e-08 0
1951.29 2 3.72759e-06 -3.5246e-08 0
1951.29 2 5.77969e-06 -3.5246e-08 0
1951.29 2 8.96151e-06 -3.5246e-08 0
1951.29 2 1.3895e-05 -3.5246e-08 0
1951.29 2 2.15443e-05 -3.5246e-08 0
1951.29 2 3.34048e-05 -3.5246e-08 0
1951.29 2 5.17947e-05 -3.5246e-08 0
1951.29 2 8.03086e-05 -3.5246e-08 0
1951.29 2 0.00012452 -3.5246e-08 0
1951.29 2 0.00019307 -3.52459e-08 0
1951.29 2 0.000299358 -3.52459e-08 0
1951.29 2 0.000464159 -3.52459e-08 0
1951.29 2 0.000719686 -3.52459e-08 0
1951.29 2 0.00111588 -3.52458e-08 0
1951.29 2 0.0017302 -3.52457e-08 0
1951.29 2 0.0026827 -3.52455e-08 0
1951.29 2 0.00415956 -3.52452e-08 0
1951.29 2 0.00644947 -3.52447e-08 0
1951.29 2 0.01 -3.5244e-08 0
1951.29 2 0.0155052 -3.52425e-08 0
1951.29 2 0.024041 -3.524e-08 0
1951.29 2 0.0372759 -3.52352e-08 0
1951.29 2 0.0577969 -3.52261e-08 0
1951.29 2 0.0896151 -3.5209e-08 0
1951.29 2 0.13895 -3.51789e-08 0
1951.29 2 0.215443 -3.51348e-08 0
1951.29 2 0.334048 -3.50971e-08 0
1951.29 2 0.517947 -3.51259e-08 0
1951.29 2 0.803086 -3.52125e-08 0
1951.29 2 1.2452 -3.50021e-08 0
1951.29 2 1.9307 -3.45132e-08 0
1951.29 2 2.99358 -3.44869e-08 0
1951.29 2 4.64159 -3.4396e-08 0
1951.29 2 7.19686 -3.3323e-08 0
1951.29 2 11.1588 -3.28527e-08 0
1951.29 2 17.302 -3.13468e-08 0
1951.29 2 26.827 -2.92932e-08 0
1951.29 2 41.5956 -2.66759e-08 0
1951.29 2 64.4947 -2.26512e-08 0
1951.29 2 100 -1.71995e-08 0
1951.29 2 155.052 -1.11487e-08 0
1951.29 2 240.41 -4.06385e-09 0
1951.29 2 372.759 3.63147e-09 0
1951.29 2 577.969 9.33015e-09 0
1951.29 2 896.151 1.28437e-08 0
1951.29 2 1389.5 1.49057e-08 0
1951.29 2 2154.43 1.48513e-08 0
1951.29 2 3340.48 1.32495e-08 0
1951.29 2 5179.47 1.10137e-08 0
1951.29 2 8030.86 8.72595e-09 0
1951.29 2 12452 6.68208e-09 0
1951.29 2 19307 4.95848e-09 0
1951.29 2 29935.8 3.58777e-09 0
1951.29 2 46415.9 2.54875e-09 0
1951.29 2 71968.6 1.78504e-09 0
1951.29 2 111588 1.23646e-09 0
1951.29 2 173020 8.50064e-10 0
1951.29 2 268270 5.79695e-10 0
1951.29 2 415956 3.93033e-10 0
1951.29 2 644947 2.65179e-10 0
1951.29 2 1e+06 1.77834e-10 0

4757.94 2 1e-06 -1.22679e-08 0
4757.94 2 1.55052e-06 -1.22679e-08 0
4757.94 2 2.4041e-06 -1.22679e-08 0
4757.94 2 3.72759e-06 -1.22679e-08 0
4757.94 2 5.77969e-06 -1.22679e-08 0
4757.94 2 8.96151e-06 -1.22679e-08 0
4757.94 2 1.3895e-05 -1.22679e-08 0
4757.94 2 2.15443e-05 -1.22679e-08 0
4757.94 2 3.34048e-05 -1.22679e-08 0
4757.94 2 5.17947e-05 -1.22679e-08 0
4757.94 2 8.03086e-05 -1.22679e-08 0
4757.94 2 0.00012452 -1.22679e-08 0
4757.94 2 0.00019307 -1.22679e-08 0
4757.94 2 0.000299358 -1.22679e-08 0
4757.94 2 0.000464159 -1.22679e-08 0
4757.94 2 0.000719686 -1.22679e-08 0
4757.94 2 0.00111588 -1.22679e-08 0
4757.94 2 0.0017302 -1.22679e-08 0
4757.94 2 0.0026827 -1.22679e-08 0
4757.94 2 0.00415956 -1.22678e-08 0
4757.94 2 0.00644947 -1.22678e-08 0
4757.94 2 0.01 -1.22676e-08 0
4757.94 2 0.0155052 -1.22674e-08 0
4757.94 2 0.024041 -1.22671e-08 0
4757.94 2 0.0372759 -1.22664e-08 0
4757.94 2 0.0577969 -1.2265e-08 0
4757.94 2 0.0896151 -1.22624e-08 0
4757.94 2 0.13895 -1.22578e-08 0
4757.94 2 0.215443 -1.22512e-08 0
4757.94 2 0.334048 -1.22457e-08 0
4757.94 2 0.517947 -1.22511e-08 0
4757.94 2 0.803086 -1.22661e-08 0
4757.94 2 1.2452 -1.22347e-08 0
4757.94 2 1.9307 -1.21599e-08 0
4757.94 2 2.99358 -1.21601e-08 0
4757.94 2 4.64159 -1.2153e-08 0
4757.94 2 7.19686 -1.19911e-08 0
4757.94 2 11.1588 -1.19299e-08 0
4757.94 2 17.302 -1.1706e-08 0
4757.94 2 26.827 -1.13935e-08 0
4757.94 2 41.5956 -1.09836e-08 0
4757.94 2 64.4947 -1.03095e-08 0
4757.94 2 100 -9.30617e-09 0
4757.94 2 155.052 -8.04503e-09 0
4757.94 2 240.41 -6.30112e-09 0
4757.94 2 372.759 -3.92886e-09 0
4757.94 2 577.969 -1.4801e-09 0
4757.94 2 896.151 8.72175e-10 0
4757.94 2 1389.5 3.19205e-09 0
4757.94 2 2154.43 4.79123e-09 0
4757.94 2 3340.48 5.42551e-09 0
4757.94 2 5179.47 5.3168e-09 0
4757.94 2 8030.86 4.76503e-09 0
4757.94 2 12452 4.01894e-09 0
4757.94 2 19307 3.21124e-09 0
4757.94 2 29935.8 2.45925e-09 0
4757.94 2 46415.9 1.82672e-09 0
4757.94 2 71968.6 1.32576e-09 0
4757.94 2 111588 9.45362e-10 0
4757.94 2 173020 6.65918e-10 0
4757.94 2 268270 4.6334e-10 0
4757.94 2 415956 3.19547e-10 0
4757.94 2 644947 2.18773e-10 0
4757.94 2 1e+06 1.48528e-10 0

11601.6 2 1e-06 -3.98696e-09 0
11601.6 2 1.55052e-06 -3.98696e-09 0
11601.6 2 2.4041e-06 -3.98696e-09 0
11601.6 2 3.72759e-06 -3.98696e-09 0
11601.6 2 5.77969e-06 -3.98696e-09 0
11601.6 2 8.96151e-06 -3.98696e-09 0
11601.6 2 1.3895e-05 -3.98696e-09 0
11601.6 2 2.15443e-05 -3.98696e-09 0
11601.6 2 3.34048e-05 -3.98696e-09 0
11601.6 2 5.17947e-05 -3.98696e-09 0
11601.6 2 8.03086e-05 -3.98696e-09 0
11601.6 2 0.00012452 -3.98696e-09 0
11601.6 2 0.00019307 -3.98696e-09 0
11601.6 2 0.000299358 -3.98696e-09 0
11601.6 2 0.000464159 -3.98696e-09 0
11601.6 2 0.000719686 -3.98695e-09 0
11601.6 2 0.00111588 -3.98695e-09 0
11601.6 2 0.0017302 -3.98695e-09 0
11601.6 2 0.0026827 -3.98695e-09 0
11601.6 2 0.00415956 -3.98694e-09 0
11601.6 2 0.00644947 -3.98693e-09 0
11601.6 2 0.01 -3.98692e-09 0
11601.6 2 0.0155052 -3.98689e-09 0
11601.6 2 0.024041 -3.98684e-09 0
11601.6 2 0.0372759 -3.98673e-09 0
11601.6 2 0.0577969 -3.98653e-09 0
11601.6 2 0.0896151 -3.98613e-09 0
11601.6 2 0.13895 -3.98544e-09 0
11601.6 2 0.215443 -3.98442e-09 0
11601.6 2 0.334048 -3.98363e-09 0
11601.6 2 0.517947 -3.98464e-09 0
11601.6 2 0.803086 -3.98727e-09 0
11601.6 2 1.2452 -3.98258e-09 0
11601.6 2 1.9307 -3.9711e-09 0
11601.6 2 2.99358 -3.97192e-09 0
11601.6 2 4.64159 -3.97205e-09 0
11601.6 2 7.19686 -3.94791e-09 0
11601.6 2 11.1588 -3.94091e-09 0
11601.6 2 17.302 -3.90904e-09 0
11601.6 2 26.827 -3.86455e-09 0
11601.6 2 41.5956 -3.80648e-09 0
11601.6 2 64.4947 -3.70697e-09 0
11601.6 2 100 -3.55208e-09 0
11601.6 2 155.052 -3.34856e-09 0
11601.6 2 240.41 -3.04236e-09 0
11601.6 2 372.759 -2.56934e-09 0
11601.6 2 577.969 -1.99351e-09 0
11601.6 2 896.151 -1.30653e-09 0
11601.6 2 1389.5 -4.27539e-10 0
11601.6 2 2154.43 4.66608e-10 0
11601.6 2 3340.48 1.18403e-09 0
11601.6 2 5179.47 1.64947e-09 0
11601.6 2 8030.86 1.86609e-09 0
11601.6 2 12452 1.87799e-09 0
11601.6 2 19307 1.71282e-09 0
11601.6 2 29935.8 1.44854e-09 0
11601.6 2 46415.9 1.161e-09 0
11601.6 2 71968.6 8.94044e-10 0
11601.6 2 111588 6.68221e-10 0
11601.6 2 173020 4.89124e-10 0
11601.6 2 268270 3.51018e-10 0
11601.6 2 415956 2.48354e-10 0
11601.6 2 644947 1.73708e-10 0
11601.6 2 1e+06 1.20026e-10 0

28288.7 2 1e-06 -1.42577e-09 0
28288.7 2 1.55052e-06 -1.42577e-09 0
28288.7 2 2.4041e-06 -1.42577e-09 0
28288.7 2 3.72759e-06 -1.42577e-09 0
28288.7 2 5.77969e-06 -1.42577e-09 0
28288.7 2 8.96151e-06 -1.42577e-09 0
28288.7 2 1.3895e-05 -1.42577e-09 0
28288.7 2 2.15443e-05 -1.42577e-09 0
28288.7 2 3.34048e-05 -1.42577e-09 0
28288.7 2 5.17947e-05 -1.42577e-09 0
28288.7 2 8.03086e-05 -1.42577e-09 0
28288.7 2 0.00012452 -1.42577e-09 0
28288.7 2 0.00019307 -1.42577e-09 0
28288.7 2 0.000299358 -1.42577e-09 0
28288.7 2 0.000464159 -1.42577e-09 0
28288.7 2 0.000719686 -1.42577e-09 0
28288.7 2 0.00111588 -1.42577e-09 0
28288.7 2 0.0017302 -1.42577e-09 0
28288.7 2 0.0026827 -1.42577e-09 0
28288.7 2 0.00415956 -1.42576e-09 0
28288.7 2 0.00644947 -1.42576e-09 0
28288.7 2 0.01 -1.42576e-09 0
28288.7 2 0.0155052 -1.42576e-09 0
28288.7 2 0.024041 -1.42575e-09 0
28288.7 2 0.0372759 -1.42573e-09 0
28288.7 2 0.0577969 -1.4257e-09 0
28288.7 2 0.0896151 -1.42564e-09 0
28288.7 2 0.13895 -1.42553e-09 0
28288.7 2 0.215443 -1.42537e-09 0
28288.7 2 0.334048 -1.42525e-09 0
28288.7 2 0.517947 -1.42542e-09 0
28288.7 2 0.803086 -1.42586e-09 0
28288.7 2 1.2452 -1.42513e-09 0
28288.7 2 1.9307 -1.42333e-09 0
28288.7 2 2.99358 -1.42352e-09 0
28288.7 2 4.64159 -1.42365e-09 0
28288.7 2 7.19686 -1.41991e-09 0
28288.7 2 11.1588 -1.41901e-09 0
28288.7 2 17.302 -1.41422e-09 0
28288.7 2 26.827 -1.40755e-09 0
28288.7 2 41.5956 -1.3989e-09 0
28288.7 2 64.4947 -1.38377e-09 0
28288.7 2 100 -1.35974e-09 0
28288.7 2 155.052 -1.32767e-09 0
28288.7 2 240.41 -1.27751e-09 0
28288.7 2 372.759 -1.19502e-09 0
28288.7 2 577.969 -1.08614e-09 0
28288.7 2 896.151 -9.40689e-10 0
28288.7 2 1389.5 -7.24302e-10 0
28288.7 2 2154.43 -4.49698e-10 0
28288.7 2 3340.48 -1.51513e-10 0
28288.7 2 5179.47 1.38512e-10 0
28288.7 2 8030.86 3.94223e-10 0
28288.7 2 12452 5.93322e-10 0
28288.7 2 19307 6.94562e-10 0
28288.7 2 29935.8 6.98039e-10 0
28288.7 2 46415.9 6.34982e-10 0
28288.7 2 71968.6 5.37999e-10 0
28288.7 2 111588 4.32944e-10 0
28288.7 2 173020 3.36082e-10 0
28288.7 2 268270 2.5252e-10 0
28288.7 2 415956 1.85385e-10 0
28288.7 2 644947 1.33621e-10 0
28288.7 2 1e+06 9.45769e-11 0

68977.9 2 1e-06 -5.16954e-10 0
68977.9 2 1.55052e-06 -5.16954e-10 0
68977.9 2 2.4041e-06 -5.16954e-10 0
68977.9 2 3.72759e-06 -5.16954e-10 0
68977.9 2 5.77969e-06 -5.16954e-10 0
68977.9 2 8.96151e-06 -5.16954e-10 0
68977.9 2 1.3895e-05 -5.16954e-10 0
68977.9 2 2.15443e-05 -5.16954e-10 0
68977.9 2 3.34048e-05 -5.16954e-10 0
68977.9 2 5.17947e-05 -5.16954e-10 0
68977.9 2 8.03086e-05 -5.16954e-10 0
68977.9 2 0.00012452 -5.16954e-10 0
68977.9 2 0.00019307 -5.16954e-10 0
68977.9 2 0.000299358 -5.16954e-10 0
68977.9 2 0.000464159 -5.16954e-10 0
68977.9 2 0.000719686 -5.16954e-10 0
68977.9 2 0.00111588 -5.16954e-10 0
68977.9 2 0.0017302 -5.16954e-10 0
68977.9 2 0.0026827 -5.16954e-10 0
68977.9 2 0.00415956 -5.16954e-10 0
68977.9 2 0.00644947 -5.16954e-10 0
68977.9 2 0.01 -5.16954e-10 0
68977.9 2 0.0155052 -5.16953e-10 0
68977.9 2 0.024041 -5.16952e-10 0
68977.9 2 0.0372759 -5.16949e-10 0
68977.9 2 0.0577969 -5.16944e-10 0
68977.9 2 0.0896151 -5.16934e-10 0
68977.9 2 0.13895 -5.16917e-10 0
68977.9 2 0.215443 -5.16892e-10 0
68977.9 2 0.334048 -5.16874e-10 0
68977.9 2 0.517947 -5.16903e-10 0
68977.9 2 0.803086 -5.16977e-10 0
68977.9 2 1.2452 -5.16864e-10 0
68977.9 2 1.9307 -5.16579e-10 0
68977.9 2 2.99358 -5.16621e-10 0
68977.9 2 4.64159 -5.16658e-10 0
68977.9 2 7.19686 -5.16079e-10 0
68977.9 2 11.1588 -5.15974e-10 0
68977.9 2 17.302 -5.15259e-10 0
68977.9 2 26.827 -5.14271e-10 0
68977.9 2 41.5956 -5.13011e-10 0
68977.9 2 64.4947 -5.10766e-10 0
68977.9 2 100 -5.07161e-10 0
68977.9 2 155.052 -5.02359e-10 0
68977.9 2 240.41 -4.947e-10 0
68977.9 2 372.759 -4.81657e-10 0
68977.9 2 577.969 -4.63878e-10 0
68977.9 2 896.151 -4.38866e-10 0
68977.9 2 1389.5 -3.98388e-10 0
68977.9 2 2154.43 -3.40337e-10 0
68977.9 2 3340.48 -2.6567e-10 0
68977.9 2 5179.47 -1.75356e-10 0
68977.9 2 8030.86 -7.04036e-11 0
68977.9 2 12452 4.54289e-11 0
68977.9 2 19307 1.49926e-10 0
68977.9 2 29935.8 2.22895e-10 0
68977.9 2 46415.9 2.58014e-10 0
68977.9 2 71968.6 2.59079e-10 0
68977.9 2 111588 2.36757e-10 0
68977.9 2 173020 2.02813e-10 0
68977.9 2 268270 1.64198e-10 0
68977.9 2 415956 1.27794e-10 0
68977.9 2 644947 9.64694e-11 0
68977.9 2 1e+06 7.07821e-11 0

168192 2 1e-06 -1.8606e-10 0
168192 2 1.55052e-06 -1.8606e-10 0
168192 2 2.4041e-06 -1.8606e-10 0
168192 2 3.72759e-06 -1.8606e-10 0
168192 2 5.77969e-06 -1.8606e-10 0
168192 2 8.96151e-06 -1.8606e-10 0
168192 2 1.3895e-05 -1.8606e-10 0
168192 2 2.15443e-05 -1.8606e-10 0
168192 2 3.34048e-05 -1.8606e-10 0
168192 2 5.17947e-05 -1.8606e-10 0
168192 2 8.03086e-05 -1.8606e-10 0
168192 2 0.00012452 -1.8606e-10 0
168192 2 0.00019307 -1.8606e-10 0
168192 2 0.000299358 -1.8606e-10 0
168192 2 0.000464159 -1.8606e-10 0
168192 2 0.000719686 -1.8606e-10 0
168192 2 0.00111588 -1.8606e-10 0
168192 2 0.0017302 -1.8606e-10 0
168192 2 0.0026827 -1.8606e-10 0
168192 2 0.00415956 -1.8606e-10 0
168192 2 0.00644947 -1.8606e-10 0
168192 2 0.01 -1.8606e-10 0
168192 2 0.0155052 -1.86059e-10 0
168192 2 0.024041 -1.86059e-10 0
168192 2 0.0372759 -1.86059e-10 0
168192 2 0.0577969 -1.86058e-10 0
168192 2 0.0896151 -1.86057e-10 0
168192 2 0.13895 -1.86054e-10 0
168192 2 0.215443 -1.8605e-10 0
168192 2 0.334048 -1.86047e-10 0
168192 2 0.517947 -1.86052e-10 0
168192 2 0.803086 -1.86064e-10 0
168192 2 1.2452 -1.86047e-10 0
168192 2 1.9307 -1.86001e-10 0
168192 2 2.99358 -1.86009e-10 0
168192 2 4.64159 -1.86017e-10 0
168192 2 7.19686 -1.85926e-10 0
168192 2 11.1588 -1.85914e-10 0
168192 2 17.302 -1.85806e-10 0
168192 2 26.827 -1.85657e-10 0
168192 2 41.5956 -1.85471e-10 0
168192 2 64.4947 -1.85133e-10 0
168192 2 100 -1.84588e-10 0
168192 2 155.052 -1.83868e-10 0
168192 2 240.41 -1.82709e-10 0
168192 2 372.759 -1.80695e-10 0
168192 2 577.969 -1.77928e-10 0
168192 2 896.151 -1.73962e-10 0
168192 2 1389.5 -1.67274e-10 0
168192 2 2154.43 -1.57125e-10 0
168192 2 3340.48 -1.42991e-10 0
168192 2 5179.47 -1.23943e-10 0
168192 2 8030.86 -9.83008e-11 0
168192 2 12452 -6.38447e-11 0
168192 2 19307 -2.30283e-11 0
168192 2 29935.8 1.86197e-11 0
168192 2 46415.9 5.51579e-11 0
168192 2 71968.6 8.12737e-11 0
168192 2 111588 9.48766e-11 0
168192 2 173020 9.70925e-11 0
168192 2 268270 8.94415e-11 0
168192 2 415956 7.68057e-11 0
168192 2 644947 6.25452e-11 0
168192 2 1e+06 4.85971e-11 0

410113 2 1e-06 -6.93853e-11 0
410113 2 1.55052e-06 -6.93853e-11 0
410113 2 2.4041e-06 -6.93853e-11 0
410113 2 3.72759e-06 -6.93853e-11 0
410113 2 5.77969e-06 -6.93853e-11 0
410113 2 8.96151e-06 -6.93853e-11 0
410113 2 1.3895e-05 -6.93853e-11 0
410113 2 2.15443e-05 -6.93853e-11 0
410113 2 3.34048e-05 -6.93853e-11 0
410113 2 5.17947e-05 -6.93853e-11 0
410113 2 8.03086e-05 -6.93853e-11 0
410113 2 0.00012452 -6.93853e-11 0
410113 2 0.00019307 -6.93853e-11 0
410113 2 0.000299358 -6.93853e-11 0
410113 2 0.000464159 -6.93853e-11 0
410113 2 0.000719686 -6.93853e-11 0
410113 2 0.00111588 -6.93853e-11 0
410113 2 0.0017302 -6.93853e-11 0
410113 2 0.0026827 -6.93853e-11 0
410113 2 0.00415956 -6.93853e-11 0
410113 2 0.00644947 -6.93852e-11 0
410113 2 0.01 -6.93852e-11 0
410113 2 0.0155052 -6.93852e-11 0
410113 2 0.024041 -6.93852e-11 0
410113 2 0.0372759 -6.93851e-11 0
410113 2 0.0577969 -6.9385e-11 0
410113 2 0.0896151 -6.93848e-11 0
410113 2 0.13895 -6.93843e-11 0
410113 2 0.215443 -6.93837e-11 0
410113 2 0.334048 -6.93832e-11 0
410113 2 0.517947 -6.93841e-11 0
410113 2 0.803086 -6.93861e-11 0
410113 2 1.2452 -6.93833e-11 0
410113 2 1.9307 -6.9376e-11 0
410113 2 2.99358 -6.93774e-11 0
410113 2 4.64159 -6.9379e-11 0
410113 2 7.19686 -6.93645e-11 0
410113 2 11.1588 -6.93631e-11 0
410113 2 17.302 -6.93463e-11 0
410113 2 26.827 -6.93234e-11 0
410113 2 41.5956 -6.9295e-11 0
410113 2 64.4947 -6.92431e-11 0
410113 2 100 -6.91591e-11 0
410113 2 155.052 -6.90488e-11 0
410113 2 240.41 -6.88704e-11 0
410113 2 372.759 -6.8557e-11 0
410113 2 577.969 -6.8126e-11 0
410113 2 896.151 -6.75048e-11 0
410113 2 1389.5 -6.64353e-11 0
410113 2 2154.43 -6.47705e-11 0
410113 2 3340.48 -6.23688e-11 0
410113 2 5179.47 -5.8966e-11 0
410113 2 8030.86 -5.40401e-11 0
410113 2 12452 -4.66879e-11 0
410113 2 19307 -3.65476e-11 0
410113 2 29935.8 -2.37769e-11 0
410113 2 46415.9 -8.99123e-12 0
410113 2 71968.6 6.34848e-12 0
410113 2 111588 2.03998e-11 0
410113 2 173020 3.12162e-11 0
410113 2 268270 3.65851e-11 0
410113 2 415956 3.72738e-11 0
410113 2 644947 3.44527e-11 0
410113 2 1e+06 2.93644e-11 0

1e+06 2 1e-06 -2.44665e-11 0
1e+06 2 1.55052e-06 -2.44665e-11 0
1e+06 2 2.4041e-06 -2.44665e-11 0
1e+06 2 3.72759e-06 -2.44665e-11 0
1e+06 2 5.77969e-06 -2.44665e-11 0
1e+06 2 8.96151e-06 -2.44665e-11 0
1e+06 2 1.3895e-05 -2.44665e-11 0
1e+06 2 2.15443e-05 -2.44665e-11 0
1e+06 2 3.34048e-05 -2.44665e-11 0
1e+06 2 5.17947e-05 -2.44665e-11 0
1e+06 2 8.03086e-05 -2.44665e-11 0
1e+06 2 0.00012452 -2.44665e-11 0
1e+06 2 0.00019307 -2.44665e-11 0
1e+06 2 0.000299358 -2.44665e-11 0
1e+06 2 0.000464159 -2.44665e-11 0
1e+06 2 0.000719686 -2.44665e-11 0
1e+06 2 0.00111588 -2.44665e-11 0
1e+06 2 0.0017302 -2.44665e-11 0
1e+06 2 0.0026827 -2.44665e-11 0
1e+06 2 0.00415956 -2.44665e-11 0
1e+06 2 0.00644947 -2.44665e-11 0
1e+06 2 0.01 -2.44665e-11 0
1e+06 2 0.0155052 -2.44665e-11 0
1e+06 2 0.024041 -2.44665e-11 0
1e+06 2 0.0372759 -2.44665e-11 0
1e+06 2 0.0577969 -2.44665e-11 0
1e+06 2 0.0896151 -2.44664e-11 0
1e+06 2 0.13895 -2.44664e-11 0
1e+06 2 0.215443 -2.44663e-11 0
1e+06 2 0.334048 -2.44662e-11 0
1e+06 2 0.517947 -2.44663e-11 0
1e+06 2 0.803086 -2.44667e-11 0
1e+06 2 1.2452 -2.44662e-11 0
1e+06 2 1.9307 -2.4465e-11 0
1e+06 2 2.99358 -2.44653e-11 0
1e+06 2 4.64159 -2.44656e-11 0
1e+06 2 7.19686 -2.44633e-11 0
1e+06 2 11.1588 -2.44631e-11 0
1e+06 2 17.302 -2.44605e-11 0
1e+06 2 26.827 -2.4457e-11 0
1e+06 2 41.5956 -2.44527e-11 0
1e+06 2 64.4947 -2.44448e-11 0
1e+06 2 100 -2.44319e-11 0
1e+06 2 155.052 -2.44151e-11 0
1e+06 2 240.41 -2.43878e-11 0
1e+06 2 372.759 -2.43395e-11 0
1e+06 2 577.969 -2.42733e-11 0
1e+06 2 896.151 -2.4178e-11 0
1e+06 2 1389.5 -2.40117e-11 0
1e+06 2 2154.43 -2.37498e-11 0
1e+06 2 3340.48 -2.33669e-11 0
1e+06 2 5179.47 -2.2814e-11 0
1e+06 2 8030.86 -2.19881e-11 0
1e+06 2 12452 -2.06921e-11 0
1e+06 2 19307 -1.87673e-11 0
1e+06 2 29935.8 -1.60699e-11 0
1e+06 2 46415.9 -1.24489e-11 0
1e+06 2 71968.6 -7.86393e-12 0
1e+06 2 111588 -2.40085e-12 0
1e+06 2 173020 3.48254e-12 0
1e+06 2 268270 8.58018e-12 0
1e+06 2 415956 1.23248e-11 0
1e+06 2 644947 1.42286e-11 0
1e+06 2 1e+06 1.41281e-11 0

