#q_sq i k_sq Re(w) Im(w)
1e-06 1 1e-06 0.201618 0
1e-06 1 1.55052e-06 0.201616 0
1e-06 1 2.4041e-06 0.201613 0
1e-06 1 3.72759e-06 0.201608 0
1e-06 1 5.77969e-06 0.201601 0
1e-06 1 8.96151e-06 0.201591 0
1e-06 1 1.3895e-05 0.201574 0
1e-06 1 2.15443e-05 0.201548 0
1e-06 1 3.34048e-05 0.201508 0
1e-06 1 5.17947e-05 0.201446 0
1e-06 1 8.03086e-05 0.20135 0
1e-06 1 0.00012452 0.201201 0
1e-06 1 0.00019307 0.200969 0
1e-06 1 0.000299358 0.200611 0
1e-06 1 0.000464159 0.200056 0
1e-06 1 0.000719686 0.199197 0
1e-06 1 0.00111588 0.197867 0
1e-06 1 0.0017302 0.195811 0
1e-06 1 0.0026827 0.192639 0
1e-06 1 0.00415956 0.187758 0
1e-06 1 0.00644947 0.180277 0
1e-06 1 0.01 0.168889 0
1e-06 1 0.0155052 0.151728 0
1e-06 1 0.024041 0.126283 0
1e-06 1 0.0372759 0.0895137 0
1e-06 1 0.0577969 0.0385319 0
1e-06 1 0.0896151 -0.0275305 0
1e-06 1 0.13895 -0.103915 0
1e-06 1 0.215443 -0.175919 0
1e-06 1 0.334048 -0.219499 0
1e-06 1 0.517947 -0.215627 0
1e-06 1 0.803086 -0.172312 0
1e-06 1 1.2452 -0.120518 0
1e-06 1 1.9307 -0.0807303 0
1e-06 1 2.99358 -0.0533996 0
1e-06 1 4.64159 -0.0337761 0
1e-06 1 7.19686 -0.0190853 0
1e-06 1 11.1588 -0.00882976 0
1e-06 1 17.302 -0.00314014 0
1e-06 1 26.827 -0.000975137 0
1e-06 1 41.5956 -0.000393341 0
1e-06 1 64.4947 -0.00020294 0
1e-06 1 100 -0.000109496 0
1e-06 1 155.052 -5.99082e-05 0
1e-06 1 240.41 -3.31778e-05 0
1e-06 1 372.759 -1.85748e-05 0
1e-06 1 577.969 -1.04998e-05 0
1e-06 1 896.151 -5.98598e-06 0
1e-06 1 1389.5 -3.4384e-06 0
1e-06 1 2154.43 -1.98825e-06 0
1e-06 1 3340.48 -1.15654e-06 0
1e-06 1 5179.47 -6.76306e-07 0
1e-06 1 8030.86 -3.97365e-07 0
1e-06 1 12452 -2.34475e-07 0
1e-06 1 19307 -1.38897e-07 0
1e-06 1 29935.8 -8.25707e-08 0
1e-06 1 46415.9 -4.92459e-08 0
1e-06 1 71968.6 -2.94586e-08 0
1e-06 1 111588 -1.76706e-08 0
1e-06 1 173020 -1.06268e-08 0
1e-06 1 268270 -6.40597e-09 0
1e-06 1 415956 -3.87019e-09 0
1e-06 1 644947 -2.34304e-09 0
1e-06 1 1e+06 -1.42126e-09 0

2.43835e-06 1 1e-06 0.201616 0
2.43835e-06 1 1.55052e-06 0.201614 0
2.43835e-06 1 2.4041e-06 0.201612 0
2.43835e-06 1 3.72759e-06 0.201607 0
2.43835e-06 1 5.77969e-06 0.2016 0
2.43835e-06 1 8.96151e-06 0.201589 0
2.43835e-06 1 1.3895e-05 0.201573 0
2.43835e-06 1 2.15443e-05 0.201547 0
2.43835e-06 1 3.34048e-05 0.201507 0
2.43835e-06 1 5.17947e-05 0.201445 0
2.43835e-06 1 8.03086e-05 0.201349 0
2.43835e-06 1 0.00012452 0.201199 0
2.43835e-06 1 0.00019307 0.200968 0
2.43835e-06 1 0.000299358 0.20061 0
2.43835e-06 1 0.000464159 0.200055 0
2.43835e-06 1 0.000719686 0.199195 0
2.43835e-06 1 0.00111588 0.197865 0
2.43835e-06 1 0.0017302 0.19581 0
2.43835e-06 1 0.0026827 0.192638 0
2.43835e-06 1 0.00415956 0.187756 0
2.43835e-06 1 0.00644947 0.180276 0
2.43835e-06 1 0.01 0.168888 0
2.43835e-06 1 0.0155052 0.151727 0
2.43835e-06 1 0.024041 0.126282 0
2.43835e-06 1 0.0372759 0.0895128 0
2.43835e-06 1 0.0577969 0.0385311 0
2.43835e-06 1 0.0896151 -0.0275312 0
2.43835e-06 1 0.13895 -0.103915 0
2.43835e-06 1 0.215443 -0.175919 0
2.43835e-06 1 0.334048 -0.219499 0
2.43835e-06 1 0.517947 -0.215627 0
2.43835e-06 1 0.803086 -0.172312 0
2.43835e-06 1 1.2452 -0.120517 0
2.43835e-06 1 1.9307 -0.0807303 0
2.43835e-06 1 2.99358 -0.0533996 0
2.43835e-06 1 4.64159 -0.0337761 0
2.43835e-06 1 7.19686 -0.0190853 0
2.43835e-06 1 11.1588 -0.00882976 0
2.43835e-06 1 17.302 -0.00314014 0
2.43835e-06 1 26.827 -0.000975137 0
2.43835e-06 1 41.5956 -0.000393341 0
2.43835e-06 1 64.4947 -0.00020294 0
2.43835e-06 1 100 -0.000109496 0
2.43835e-06 1 155.052 -5.99082e-05 0
2.43835e-06 1 240.41 -3.31778e-05 0
2.43835e-06 1 372.759 -1.85748e-05 0
2.43835e-06 1 577.969 -1.04998e-05 0
2.43835e-06 1 896.151 -5.98598e-06 0
2.43835e-06 1 1389.5 -3.4384e-06 0
2.43835e-06 1 2154.43 -1.98825e-06 0
2.43835e-06 1 3340.48 -1.15654e-06 0
2.43835e-06 1 5179.47 -6.76306e-07 0
2.43835e-06 1 8030.86 -3.97365e-07 0
2.43835e-06 1 12452 -2.34475e-07 0
2.43835e-06 1 19307 -1.38897e-07 0
2.43835e-06 1 29935.8 -8.25707e-08 0
2.43835e-06 1 46415.9 -4.92459e-08 0
2.43835e-06 1 71968.6 -2.94586e-08 0
2.43835e-06 1 111588 -1.76706e-08 0
2.43835e-06 1 173020 -1.06268e-08 0
2.43835e-06 1 268270 -6.40597e-09 0
2.43835e-06 1 415956 -3.87019e-09 0
2.43835e-06 1 644947 -2.34304e-09 0
2.43835e-06 1 1e+06 -1.42126e-09 0

5.94557e-06 1 1e-06 0.201613 0
5.94557e-06 1 1.55052e-06 0.201611 0
5.94557e-06 1 2.4041e-06 0.201609 0
5.94557e-06 1 3.72759e-06 0.201604 0
5.94557e-06 1 5.77969e-06 0.201597 0
5.94557e-06 1 8.96151e-06 0.201586 0
5.94557e-06 1 1.3895e-05 0.20157 0
5.94557e-06 1 2.15443e-05 0.201544 0
5.94557e-06 1 3.34048e-05 0.201504 0
5.94557e-06 1 5.17947e-05 0.201442 0
5.94557e-06 1 8.03086e-05 0.201346 0
5.94557e-06 1 0.00012452 0.201197 0
5.94557e-06 1 0.00019307 0.200965 0
5.94557e-06 1 0.000299358 0.200607 0
5.94557e-06 1 0.000464159 0.200052 0
5.94557e-06 1 0.000719686 0.199192 0
5.94557e-06 1 0.00111588 0.197862 0
5.94557e-06 1 0.0017302 0.195807 0
5.94557e-06 1 0.0026827 0.192635 0
5.94557e-06 1 0.00415956 0.187753 0
5.94557e-06 1 0.00644947 0.180273 0
5.94557e-06 1 0.01 0.168885 0
5.94557e-06 1 0.0155052 0.151724 0
5.94557e-06 1 0.024041 0.12628 0
5.94557e-06 1 0.0372759 0.0895104 0
5.94557e-06 1 0.0577969 0.038529 0
5.94557e-06 1 0.0896151 -0.0275328 0
5.94557e-06 1 0.13895 -0.103916 0
5.94557e-06 1 0.215443 -0.17592 0
5.94557e-06 1 0.334048 -0.219499 0
5.94557e-06 1 0.517947 -0.215627 0
5.94557e-06 1 0.803086 -0.172311 0
5.94557e-06 1 1.2452 -0.120517 0
5.94557e-06 1 1.9307 -0.0807303 0
5.94557e-06 1 2.99358 -0.0533996 0
5.94557e-06 1 4.64159 -0.0337761 0
5.94557e-06 1 7.19686 -0.0190853 0
5.94557e-06 1 11.1588 -0.00882976 0
5.94557e-06 1 17.302 -0.00314014 0
5.94557e-06 1 26.827 -0.000975137 0
5.94557e-06 1 41.5956 -0.000393341 0
5.94557e-06 1 64.4947 -0.00020294 0
5.94557e-06 1 100 -0.000109496 0
5.94557e-06 1 155.052 -5.99082e-05 0
5.94557e-06 1 240.41 -3.31778e-05 0
5.94557e-06 1 372.759 -1.85748e-05 0
5.94557e-06 1 577.969 -1.04998e-05 0
5.94557e-06 1 896.151 -5.98598e-06 0
5.94557e-06 1 1389.5 -3.4384e-06 0
5.94557e-06 1 2154.43 -1.98825e-06 0
5.94557e-06 1 3340.48 -1.15654e-06 0
5.94557e-06 1 5179.47 -6.76306e-07 0
5.94557e-06 1 8030.86 -3.97365e-07 0
5.94557e-06 1 12452 -2.34475e-07 0
5.94557e-06 1 19307 -1.38897e-07 0
5.94557e-06 1 29935.8 -8.25707e-08 0
5.94557e-06 1 46415.9 -4.92459e-08 0
5.94557e-06 1 71968.6 -2.94586e-08 0
5.94557e-06 1 111588 -1.76706e-08 0
5.94557e-06 1 173020 -1.06268e-08 0
5.94557e-06 1 268270 -6.40597e-09 0
5.94557e-06 1 415956 -3.87019e-09 0
5.94557e-06 1 644947 -2.34304e-09 0
5.94557e-06 1 1e+06 -1.42126e-09 0

1.44974e-05 1 1e-06 0.201606 0
1.44974e-05 1 1.55052e-06 0.201604 0
1.44974e-05 1 2.4041e-06 0.201601 0
1.44974e-05 1 3.72759e-06 0.201597 0
1.44974e-05 1 5.77969e-06 0.20159 0
1.44974e-05 1 8.96151e-06 0.201579 0
1.44974e-05 1 1.3895e-05 0.201563 0
1.44974e-05 1 2.15443e-05 0.201537 0
1.44974e-05 1 3.34048e-05 0.201497 0
1.44974e-05 1 5.17947e-05 0.201435 0
1.44974e-05 1 8.03086e-05 0.201338 0
1.44974e-05 1 0.00012452 0.201189 0
1.44974e-05 1 0.00019307 0.200958 0
1.44974e-05 1 0.000299358 0.2006 0
1.44974e-05 1 0.000464159 0.200045 0
1.44974e-05 1 0.000719686 0.199185 0
1.44974e-05 1 0.00111588 0.197855 0
1.44974e-05 1 0.0017302 0.1958 0
1.44974e-05 1 0.0026827 0.192628 0
1.44974e-05 1 0.00415956 0.187746 0
1.44974e-05 1 0.00644947 0.180266 0
1.44974e-05 1 0.01 0.168878 0
1.44974e-05 1 0.0155052 0.151718 0
1.44974e-05 1 0.024041 0.126274 0
1.44974e-05 1 0.0372759 0.0895048 0
1.44974e-05 1 0.0577969 0.0385241 0
1.44974e-05 1 0.0896151 -0.0275367 0
1.44974e-05 1 0.13895 -0.103919 0
1.44974e-05 1 0.215443 -0.175921 0
1.44974e-05 1 0.334048 -0.2195 0
1.44974e-05 1 0.517947 -0.215626 0
1.44974e-05 1 0.803086 -0.172311 0
1.44974e-05 1 1.2452 -0.120517 0
1.44974e-05 1 1.9307 -0.0807302 0
1.44974e-05 1 2.99358 -0.0533995 0
1.44974e-05 1 4.64159 -0.0337761 0
1.44974e-05 1 7.19686 -0.0190853 0
1.44974e-05 1 11.1588 -0.00882976 0
1.44974e-05 1 17.302 -0.00314014 0
1.44974e-05 1 26.827 -0.000975137 0
1.44974e-05 1 41.5956 -0.000393341 0
1.44974e-05 1 64.4947 -0.00020294 0
1.44974e-05 1 100 -0.000109496 0
1.44974e-05 1 155.052 -5.99082e-05 0
1.44974e-05 1 240.41 -3.31778e-05 0
1.44974e-05 1 372.759 -1.85748e-05 0
1.44974e-05 1 577.969 -1.04998e-05 0
1.44974e-05 1 896.151 -5.98598e-06 0
1.44974e-05 1 1389.5 -3.4384e-06 0
1.44974e-05 1 2154.43 -1.98825e-06 0
1.44974e-05 1 3340.48 -1.15654e-06 0
1.44974e-05 1 5179.47 -6.76306e-07 0
1.44974e-05 1 8030.86 -3.97365e-07 0
1.44974e-05 1 12452 -2.34475e-07 0
1.44974e-05 1 19307 -1.38897e-07 0
1.44974e-05 1 29935.8 -8.25707e-08 0
1.44974e-05 1 46415.9 -4.92459e-08 0
1.44974e-05 1 71968.6 -2.94586e-08 0
1.44974e-05 1 111588 -1.76706e-08 0
1.44974e-05 1 173020 -1.06268e-08 0
1.44974e-05 1 268270 -6.40597e-09 0
1.44974e-05 1 415956 -3.87018e-09 0
1.44974e-05 1 644947 -2.34304e-09 0
1.44974e-05 1 1e+06 -1.42126e-09 0

3.53498e-05 1 1e-06 0.201589 0
3.53498e-05 1 1.55052e-06 0.201587 0
3.53498e-05 1 2.4041e-06 0.201584 0
3.53498e-05 1 3.72759e-06 0.201579 0
3.53498e-05 1 5.77969e-06 0.201572 0
3.53498e-05 1 8.96151e-06 0.201562 0
3.53498e-05 1 1.3895e-05 0.201545 0
3.53498e-05 1 2.15443e-05 0.201519 0
3.53498e-05 1 3.34048e-05 0.201479 0
3.53498e-05 1 5.17947e-05 0.201417 0
3.53498e-05 1 8.03086e-05 0.201321 0
3.53498e-05 1 0.00012452 0.201172 0
3.53498e-05 1 0.00019307 0.200941 0
3.53498e-05 1 0.000299358 0.200582 0
3.53498e-05 1 0.000464159 0.200027 0
3.53498e-05 1 0.000719686 0.199168 0
3.53498e-05 1 0.00111588 0.197838 0
3.53498e-05 1 0.0017302 0.195782 0
3.53498e-05 1 0.0026827 0.19261 0
3.53498e-05 1 0.00415956 0.187729 0
3.53498e-05 1 0.00644947 0.180249 0
3.53498e-05 1 0.01 0.168862 0
3.53498e-05 1 0.0155052 0.151702 0
3.53498e-05 1 0.024041 0.126258 0
3.53498e-05 1 0.0372759 0.0894909 0
3.53498e-05 1 0.0577969 0.0385121 0
3.53498e-05 1 0.0896151 -0.0275463 0
3.53498e-05 1 0.13895 -0.103925 0
3.53498e-05 1 0.215443 -0.175925 0
3.53498e-05 1 0.334048 -0.2195 0
3.53498e-05 1 0.517947 -0.215626 0
3.53498e-05 1 0.803086 -0.17231 0
3.53498e-05 1 1.2452 -0.120517 0
3.53498e-05 1 1.9307 -0.08073 0
3.53498e-05 1 2.99358 -0.0533994 0
3.53498e-05 1 4.64159 -0.033776 0
3.53498e-05 1 7.19686 -0.0190852 0
3.53498e-05 1 11.1588 -0.00882975 0
3.53498e-05 1 17.302 -0.00314014 0
3.53498e-05 1 26.827 -0.000975136 0
3.53498e-05 1 41.5956 -0.000393341 0
3.53498e-05 1 64.4947 -0.00020294 0
3.53498e-05 1 100 -0.000109496 0
3.53498e-05 1 155.052 -5.99082e-05 0
3.53498e-05 1 240.41 -3.31778e-05 0
3.53498e-05 1 372.759 -1.85748e-05 0
3.53498e-05 1 577.969 -1.04998e-05 0
3.53498e-05 1 896.151 -5.98598e-06 0
3.53498e-05 1 1389.5 -3.4384e-06 0
3.53498e-05 1 2154.43 -1.98825e-06 0
3.53498e-05 1 3340.48 -1.15654e-06 0
3.53498e-05 1 5179.47 -6.76306e-07 0
3.53498e-05 1 8030.86 -3.97365e-07 0
3.53498e-05 1 12452 -2.34475e-07 0
3.53498e-05 1 19307 -1.38897e-07 0
3.53498e-05 1 29935.8 -8.25707e-08 0
3.53498e-05 1 46415.9 -4.92459e-08 0
3.53498e-05 1 71968.6 -2.94586e-08 0
3.53498e-05 1 111588 -1.76706e-08 0
3.53498e-05 1 173020 -1.06268e-08 0
3.53498e-05 1 268270 -6.40597e-09 0
3.53498e-05 1 415956 -3.87018e-09 0
3.53498e-05 1 644947 -2.34304e-09 0
3.53498e-05 1 1e+06 -1.42126e-09 0

8.61954e-05 1 1e-06 0.201546 0
8.61954e-05 1 1.55052e-06 0.201544 0
8.61954e-05 1 2.4041e-06 0.201541 0
8.61954e-05 1 3.72759e-06 0.201536 0
8.61954e-05 1 5.77969e-06 0.201529 0
8.61954e-05 1 8.96151e-06 0.201519 0
8.61954e-05 1 1.3895e-05 0.201502 0
8.61954e-05 1 2.15443e-05 0.201476 0
8.61954e-05 1 3.34048e-05 0.201436 0
8.61954e-05 1 5.17947e-05 0.201374 0
8.61954e-05 1 8.03086e-05 0.201278 0
8.61954e-05 1 0.00012452 0.201129 0
8.61954e-05 1 0.00019307 0.200898 0
8.61954e-05 1 0.000299358 0.200539 0
8.61954e-05 1 0.000464159 0.199984 0
8.61954e-05 1 0.000719686 0.199125 0
8.61954e-05 1 0.00111588 0.197795 0
8.61954e-05 1 0.0017302 0.19574 0
8.61954e-05 1 0.0026827 0.192568 0
8.61954e-05 1 0.00415956 0.187687 0
8.61954e-05 1 0.00644947 0.180208 0
8.61954e-05 1 0.01 0.168822 0
8.61954e-05 1 0.0155052 0.151663 0
8.61954e-05 1 0.024041 0.126222 0
8.61954e-05 1 0.0372759 0.0894572 0
8.61954e-05 1 0.0577969 0.0384827 0
8.61954e-05 1 0.0896151 -0.0275697 0
8.61954e-05 1 0.13895 -0.103941 0
8.61954e-05 1 0.215443 -0.175933 0
8.61954e-05 1 0.334048 -0.219502 0
8.61954e-05 1 0.517947 -0.215624 0
8.61954e-05 1 0.803086 -0.172308 0
8.61954e-05 1 1.2452 -0.120516 0
8.61954e-05 1 1.9307 -0.0807295 0
8.61954e-05 1 2.99358 -0.0533992 0
8.61954e-05 1 4.64159 -0.0337759 0
8.61954e-05 1 7.19686 -0.0190852 0
8.61954e-05 1 11.1588 -0.00882973 0
8.61954e-05 1 17.302 -0.00314013 0
8.61954e-05 1 26.827 -0.000975135 0
8.61954e-05 1 41.5956 -0.000393341 0
8.61954e-05 1 64.4947 -0.00020294 0
8.61954e-05 1 100 -0.000109496 0
8.61954e-05 1 155.052 -5.99082e-05 0
8.61954e-05 1 240.41 -3.31778e-05 0
8.61954e-05 1 372.759 -1.85748e-05 0
8.61954e-05 1 577.969 -1.04998e-05 0
8.61954e-05 1 896.151 -5.98598e-06 0
8.61954e-05 1 1389.5 -3.4384e-06 0
8.61954e-05 1 2154.43 -1.98825e-06 0
8.61954e-05 1 3340.48 -1.15654e-06 0
8.61954e-05 1 5179.47 -6.76306e-07 0
8.61954e-05 1 8030.86 -3.97365e-07 0
8.61954e-05 1 12452 -2.34475e-07 0
8.61954e-05 1 19307 -1.38897e-07 0
8.61954e-05 1 29935.8 -8.25707e-08 0
8.61954e-05 1 46415.9 -4.92459e-08 0
8.61954e-05 1 71968.6 -2.94586e-08 0
8.61954e-05 1 111588 -1.76706e-08 0
8.61954e-05 1 173020 -1.06268e-08 0
8.61954e-05 1 268270 -6.40597e-09 0
8.61954e-05 1 415956 -3.87019e-09 0
8.61954e-05 1 644947 -2.34304e-09 0
8.61954e-05 1 1e+06 -1.42126e-09 0

0.000210175 1 1e-06 0.201441 0
0.000210175 1 1.55052e-06 0.201439 0
0.000210175 1 2.4041e-06 0.201436 0
0.000210175 1 3.72759e-06 0.201432 0
0.000210175 1 5.77969e-06 0.201425 0
0.000210175 1 8.96151e-06 0.201414 0
0.000210175 1 1.3895e-05 0.201397 0
0.000210175 1 2.15443e-05 0.201372 0
0.000210175 1 3.34048e-05 0.201332 0
0.000210175 1 5.17947e-05 0.20127 0
0.000210175 1 8.03086e-05 0.201173 0
0.000210175 1 0.00012452 0.201024 0
0.000210175 1 0.00019307 0.200793 0
0.000210175 1 0.000299358 0.200435 0
0.000210175 1 0.000464159 0.19988 0
0.000210175 1 0.000719686 0.199021 0
0.000210175 1 0.00111588 0.197691 0
0.000210175 1 0.0017302 0.195636 0
0.000210175 1 0.0026827 0.192465 0
0.000210175 1 0.00415956 0.187586 0
0.000210175 1 0.00644947 0.180108 0
0.000210175 1 0.01 0.168723 0
0.000210175 1 0.0155052 0.151568 0
0.000210175 1 0.024041 0.126132 0
0.000210175 1 0.0372759 0.0893749 0
0.000210175 1 0.0577969 0.0384111 0
0.000210175 1 0.0896151 -0.0276269 0
0.000210175 1 0.13895 -0.103981 0
0.000210175 1 0.215443 -0.175953 0
0.000210175 1 0.334048 -0.219506 0
0.000210175 1 0.517947 -0.21562 0
0.000210175 1 0.803086 -0.172304 0
0.000210175 1 1.2452 -0.120513 0
0.000210175 1 1.9307 -0.0807283 0
0.000210175 1 2.99358 -0.0533987 0
0.000210175 1 4.64159 -0.0337757 0
0.000210175 1 7.19686 -0.0190851 0
0.000210175 1 11.1588 -0.00882968 0
0.000210175 1 17.302 -0.00314012 0
0.000210175 1 26.827 -0.000975132 0
0.000210175 1 41.5956 -0.00039334 0
0.000210175 1 64.4947 -0.00020294 0
0.000210175 1 100 -0.000109496 0
0.000210175 1 155.052 -5.99082e-05 0
0.000210175 1 240.41 -3.31778e-05 0
0.000210175 1 372.759 -1.85748e-05 0
0.000210175 1 577.969 -1.04998e-05 0
0.000210175 1 896.151 -5.98598e-06 0
0.000210175 1 1389.5 -3.4384e-06 0
0.000210175 1 2154.43 -1.98825e-06 0
0.000210175 1 3340.48 -1.15654e-06 0
0.000210175 1 5179.47 -6.76306e-07 0
0.000210175 1 8030.86 -3.97365e-07 0
0.000210175 1 12452 -2.34475e-07 0
0.000210175 1 19307 -1.38897e-07 0
0.000210175 1 29935.8 -8.25707e-08 0
0.000210175 1 46415.9 -4.92459e-08 0
0.000210175 1 71968.6 -2.94586e-08 0
0.000210175 1 111588 -1.76706e-08 0
0.000210175 1 173020 -1.06268e-08 0
0.000210175 1 268270 -6.40597e-09 0
0.000210175 1 415956 -3.87018e-09 0
0.000210175 1 644947 -2.34304e-09 0
0.000210175 1 1e+06 -1.42126e-09 0

0.000512481 1 1e-06 0.201186 0
0.000512481 1 1.55052e-06 0.201184 0
0.000512481 1 2.4041e-06 0.201181 0
0.000512481 1 3.72759e-06 0.201177 0
0.000512481 1 5.77969e-06 0.20117 0
0.000512481 1 8.96151e-06 0.201159 0
0.000512481 1 1.3895e-05 0.201143 0
0.000512481 1 2.15443e-05 0.201117 0
0.000512481 1 3.34048e-05 0.201077 0
0.000512481 1 5.17947e-05 0.201015 0
0.000512481 1 8.03086e-05 0.200919 0
0.000512481 1 0.00012452 0.200769 0
0.000512481 1 0.00019307 0.200538 0
0.000512481 1 0.000299358 0.20018 0
0.000512481 1 0.000464159 0.199626 0
0.000512481 1 0.000719686 0.198767 0
0.000512481 1 0.00111588 0.197438 0
0.000512481 1 0.0017302 0.195384 0
0.000512481 1 0.0026827 0.192214 0
0.000512481 1 0.00415956 0.187337 0
0.000512481 1 0.00644947 0.179863 0
0.000512481 1 0.01 0.168484 0
0.000512481 1 0.0155052 0.151337 0
0.000512481 1 0.024041 0.125913 0
0.000512481 1 0.0372759 0.0891744 0
0.000512481 1 0.0577969 0.0382366 0
0.000512481 1 0.0896151 -0.027766 0
0.000512481 1 0.13895 -0.104076 0
0.000512481 1 0.215443 -0.176002 0
0.000512481 1 0.334048 -0.219517 0
0.000512481 1 0.517947 -0.215611 0
0.000512481 1 0.803086 -0.172293 0
0.000512481 1 1.2452 -0.120507 0
0.000512481 1 1.9307 -0.0807254 0
0.000512481 1 2.99358 -0.0533974 0
0.000512481 1 4.64159 -0.0337751 0
0.000512481 1 7.19686 -0.0190848 0
0.000512481 1 11.1588 -0.00882956 0
0.000512481 1 17.302 -0.00314008 0
0.000512481 1 26.827 -0.000975126 0
0.000512481 1 41.5956 -0.000393339 0
0.000512481 1 64.4947 -0.000202939 0
0.000512481 1 100 -0.000109496 0
0.000512481 1 155.052 -5.99082e-05 0
0.000512481 1 240.41 -3.31778e-05 0
0.000512481 1 372.759 -1.85747e-05 0
0.000512481 1 577.969 -1.04998e-05 0
0.000512481 1 896.151 -5.98598e-06 0
0.000512481 1 1389.5 -3.4384e-06 0
0.000512481 1 2154.43 -1.98825e-06 0
0.000512481 1 3340.48 -1.15654e-06 0
0.000512481 1 5179.47 -6.76306e-07 0
0.000512481 1 8030.86 -3.97365e-07 0
0.000512481 1 12452 -2.34475e-07 0
0.000512481 1 19307 -1.38897e-07 0
0.000512481 1 29935.8 -8.25707e-08 0
0.000512481 1 46415.9 -4.92459e-08 0
0.000512481 1 71968.6 -2.94586e-08 0
0.000512481 1 111588 -1.76706e-08 0
0.000512481 1 173020 -1.06268e-08 0
0.000512481 1 268270 -6.40597e-09 0
0.000512481 1 415956 -3.87018e-09 0
0.000512481 1 644947 -2.34304e-09 0
0.000512481 1 1e+06 -1.42126e-09 0

0.00124961 1 1e-06 0.200565 0
0.00124961 1 1.55052e-06 0.200563 0
0.00124961 1 2.4041e-06 0.20056 0
0.00124961 1 3.72759e-06 0.200556 0
0.00124961 1 5.77969e-06 0.200549 0
0.00124961 1 8.96151e-06 0.200538 0
0.00124961 1 1.3895e-05 0.200521 0
0.00124961 1 2.15443e-05 0.200495 0
0.00124961 1 3.34048e-05 0.200456 0
0.00124961 1 5.17947e-05 0.200394 0
0.00124961 1 8.03086e-05 0.200298 0
0.00124961 1 0.00012452 0.200149 0
0.00124961 1 0.00019307 0.199918 0
0.00124961 1 0.000299358 0.19956 0
0.00124961 1 0.000464159 0.199006 0
0.00124961 1 0.000719686 0.198149 0
0.00124961 1 0.00111588 0.196821 0
0.00124961 1 0.0017302 0.194769 0
0.00124961 1 0.0026827 0.191604 0
0.00124961 1 0.00415956 0.186732 0
0.00124961 1 0.00644947 0.179266 0
0.00124961 1 0.01 0.1679 0
0.00124961 1 0.0155052 0.150773 0
0.00124961 1 0.024041 0.12538 0
0.00124961 1 0.0372759 0.0886858 0
0.00124961 1 0.0577969 0.0378116 0
0.00124961 1 0.0896151 -0.0281051 0
0.00124961 1 0.13895 -0.104309 0
0.00124961 1 0.215443 -0.176121 0
0.00124961 1 0.334048 -0.219543 0
0.00124961 1 0.517947 -0.215588 0
0.00124961 1 0.803086 -0.172265 0
0.00124961 1 1.2452 -0.120491 0
0.00124961 1 1.9307 -0.0807184 0
0.00124961 1 2.99358 -0.0533942 0
0.00124961 1 4.64159 -0.0337735 0
0.00124961 1 7.19686 -0.0190841 0
0.00124961 1 11.1588 -0.00882927 0
0.00124961 1 17.302 -0.00314 0
0.00124961 1 26.827 -0.000975109 0
0.00124961 1 41.5956 -0.000393336 0
0.00124961 1 64.4947 -0.000202939 0
0.00124961 1 100 -0.000109496 0
0.00124961 1 155.052 -5.99081e-05 0
0.00124961 1 240.41 -3.31777e-05 0
0.00124961 1 372.759 -1.85747e-05 0
0.00124961 1 577.969 -1.04998e-05 0
0.00124961 1 896.151 -5.98598e-06 0
0.00124961 1 1389.5 -3.4384e-06 0
0.00124961 1 2154.43 -1.98825e-06 0
0.00124961 1 3340.48 -1.15654e-06 0
0.00124961 1 5179.47 -6.76306e-07 0
0.00124961 1 8030.86 -3.97365e-07 0
0.00124961 1 12452 -2.34475e-07 0
0.00124961 1 19307 -1.38897e-07 0
0.00124961 1 29935.8 -8.25707e-08 0
0.00124961 1 46415.9 -4.92459e-08 0
0.00124961 1 71968.6 -2.94586e-08 0
0.00124961 1 111588 -1.76706e-08 0
0.00124961 1 173020 -1.06268e-08 0
0.00124961 1 268270 -6.40597e-09 0
0.00124961 1 415956 -3.87018e-09 0
0.00124961 1 644947 -2.34304e-09 0
0.00124961 1 1e+06 -1.42126e-09 0

0.00304699 1 1e-06 0.199053 0
0.00304699 1 1.55052e-06 0.199051 0
0.00304699 1 2.4041e-06 0.199048 0
0.00304699 1 3.72759e-06 0.199044 0
0.00304699 1 5.77969e-06 0.199037 0
0.00304699 1 8.96151e-06 0.199026 0
0.00304699 1 1.3895e-05 0.199009 0
0.00304699 1 2.15443e-05 0.198984 0
0.00304699 1 3.34048e-05 0.198944 0
0.00304699 1 5.17947e-05 0.198882 0
0.00304699 1 8.03086e-05 0.198786 0
0.00304699 1 0.00012452 0.198638 0
0.00304699 1 0.00019307 0.198408 0
0.00304699 1 0.000299358 0.198051 0
0.00304699 1 0.000464159 0.197499 0
0.00304699 1 0.000719686 0.196643 0
0.00304699 1 0.00111588 0.19532 0
0.00304699 1 0.0017302 0.193274 0
0.00304699 1 0.0026827 0.190117 0
0.00304699 1 0.00415956 0.185259 0
0.00304699 1 0.00644947 0.177814 0
0.00304699 1 0.01 0.16648 0
0.00304699 1 0.0155052 0.149403 0
0.00304699 1 0.024041 0.124083 0
0.00304699 1 0.0372759 0.0874969 0
0.00304699 1 0.0577969 0.0367774 0
0.00304699 1 0.0896151 -0.0289301 0
0.00304699 1 0.13895 -0.104875 0
0.00304699 1 0.215443 -0.176412 0
0.00304699 1 0.334048 -0.219605 0
0.00304699 1 0.517947 -0.215532 0
0.00304699 1 0.803086 -0.172198 0
0.00304699 1 1.2452 -0.120453 0
0.00304699 1 1.9307 -0.0807012 0
0.00304699 1 2.99358 -0.0533865 0
0.00304699 1 4.64159 -0.0337699 0
0.00304699 1 7.19686 -0.0190823 0
0.00304699 1 11.1588 -0.00882855 0
0.00304699 1 17.302 -0.00313979 0
0.00304699 1 26.827 -0.00097507 0
0.00304699 1 41.5956 -0.000393329 0
0.00304699 1 64.4947 -0.000202937 0
0.00304699 1 100 -0.000109495 0
0.00304699 1 155.052 -5.99078e-05 0
0.00304699 1 240.41 -3.31777e-05 0
0.00304699 1 372.759 -1.85747e-05 0
0.00304699 1 577.969 -1.04998e-05 0
0.00304699 1 896.151 -5.98597e-06 0
0.00304699 1 1389.5 -3.4384e-06 0
0.00304699 1 2154.43 -1.98825e-06 0
0.00304699 1 3340.48 -1.15654e-06 0
0.00304699 1 5179.47 -6.76306e-07 0
0.00304699 1 8030.86 -3.97365e-07 0
0.00304699 1 12452 -2.34475e-07 0
0.00304699 1 19307 -1.38897e-07 0
0.00304699 1 29935.8 -8.25707e-08 0
0.00304699 1 46415.9 -4.92459e-08 0
0.00304699 1 71968.6 -2.94586e-08 0
0.00304699 1 111588 -1.76706e-08 0
0.00304699 1 173020 -1.06268e-08 0
0.00304699 1 268270 -6.40597e-09 0
0.00304699 1 415956 -3.87018e-09 0
0.00304699 1 644947 -2.34304e-09 0
0.00304699 1 1e+06 -1.42126e-09 0

0.00742964 1 1e-06 0.195384 0
0.00742964 1 1.55052e-06 0.195382 0
0.00742964 1 2.4041e-06 0.195379 0
0.00742964 1 3.72759e-06 0.195375 0
0.00742964 1 5.77969e-06 0.195368 0
0.00742964 1 8.96151e-06 0.195357 0
0.00742964 1 1.3895e-05 0.195341 0
0.00742964 1 2.15443e-05 0.195315 0
0.00742964 1 3.34048e-05 0.195276 0
0.00742964 1 5.17947e-05 0.195214 0
0.00742964 1 8.03086e-05 0.195119 0
0.00742964 1 0.00012452 0.194972 0
0.00742964 1 0.00019307 0.194743 0
0.00742964 1 0.000299358 0.194389 0
0.00742964 1 0.000464159 0.19384 0
0.00742964 1 0.000719686 0.192991 0
0.00742964 1 0.00111588 0.191676 0
0.00742964 1 0.0017302 0.189644 0
0.00742964 1 0.0026827 0.186508 0
0.00742964 1 0.00415956 0.181684 0
0.00742964 1 0.00644947 0.17429 0
0.00742964 1 0.01 0.163035 0
0.00742964 1 0.0155052 0.146076 0
0.00742964 1 0.024041 0.120935 0
0.00742964 1 0.0372759 0.0846128 0
0.00742964 1 0.0577969 0.0342691 0
0.00742964 1 0.0896151 -0.0309303 0
0.00742964 1 0.13895 -0.106247 0
0.00742964 1 0.215443 -0.177115 0
0.00742964 1 0.334048 -0.219755 0
0.00742964 1 0.517947 -0.215396 0
0.00742964 1 0.803086 -0.172034 0
0.00742964 1 1.2452 -0.120359 0
0.00742964 1 1.9307 -0.0806594 0
0.00742964 1 2.99358 -0.0533677 0
0.00742964 1 4.64159 -0.0337608 0
0.00742964 1 7.19686 -0.019078 0
0.00742964 1 11.1588 -0.0088268 0
0.00742964 1 17.302 -0.00313927 0
0.00742964 1 26.827 -0.000974972 0
0.00742964 1 41.5956 -0.000393312 0
0.00742964 1 64.4947 -0.000202932 0
0.00742964 1 100 -0.000109493 0
0.00742964 1 155.052 -5.99073e-05 0
0.00742964 1 240.41 -3.31775e-05 0
0.00742964 1 372.759 -1.85746e-05 0
0.00742964 1 577.969 -1.04998e-05 0
0.00742964 1 896.151 -5.98596e-06 0
0.00742964 1 1389.5 -3.4384e-06 0
0.00742964 1 2154.43 -1.98825e-06 0
0.00742964 1 3340.48 -1.15653e-06 0
0.00742964 1 5179.47 -6.76306e-07 0
0.00742964 1 8030.86 -3.97365e-07 0
0.00742964 1 12452 -2.34475e-07 0
0.00742964 1 19307 -1.38897e-07 0
0.00742964 1 29935.8 -8.25707e-08 0
0.00742964 1 46415.9 -4.92459e-08 0
0.00742964 1 71968.6 -2.94586e-08 0
0.00742964 1 111588 -1.76706e-08 0
0.00742964 1 173020 -1.06268e-08 0
0.00742964 1 268270 -6.40597e-09 0
0.00742964 1 415956 -3.87018e-09 0
0.00742964 1 644947 -2.34304e-09 0
0.00742964 1 1e+06 -1.42126e-09 0

0.0181161 1 1e-06 0.186541 0
0.0181161 1 1.55052e-06 0.186539 0
0.0181161 1 2.4041e-06 0.186536 0
0.0181161 1 3.72759e-06 0.186532 0
0.0181161 1 5.77969e-06 0.186525 0
0.0181161 1 8.96151e-06 0.186515 0
0.0181161 1 1.3895e-05 0.186499 0
0.0181161 1 2.15443e-05 0.186474 0
0.0181161 1 3.34048e-05 0.186435 0
0.0181161 1 5.17947e-05 0.186374 0
0.0181161 1 8.03086e-05 0.186281 0
0.0181161 1 0.00012452 0.186136 0
0.0181161 1 0.00019307 0.185911 0
0.0181161 1 0.000299358 0.185563 0
0.0181161 1 0.000464159 0.185023 0
0.0181161 1 0.000719686 0.184188 0
0.0181161 1 0.00111588 0.182895 0
0.0181161 1 0.0017302 0.180896 0
0.0181161 1 0.0026827 0.177813 0
0.0181161 1 0.00415956 0.173069 0
0.0181161 1 0.00644947 0.165799 0
0.0181161 1 0.01 0.154734 0
0.0181161 1 0.0155052 0.138063 0
0.0181161 1 0.024041 0.113354 0
0.0181161 1 0.0372759 0.0776679 0
0.0181161 1 0.0577969 0.0282316 0
0.0181161 1 0.0896151 -0.0357414 0
0.0181161 1 0.13895 -0.109543 0
0.0181161 1 0.215443 -0.178798 0
0.0181161 1 0.334048 -0.220107 0
0.0181161 1 0.517947 -0.21506 0
0.0181161 1 0.803086 -0.171635 0
0.0181161 1 1.2452 -0.120132 0
0.0181161 1 1.9307 -0.0805575 0
0.0181161 1 2.99358 -0.0533219 0
0.0181161 1 4.64159 -0.0337389 0
0.0181161 1 7.19686 -0.0190675 0
0.0181161 1 11.1588 -0.00882253 0
0.0181161 1 17.302 -0.00313802 0
0.0181161 1 26.827 -0.000974736 0
0.0181161 1 41.5956 -0.000393271 0
0.0181161 1 64.4947 -0.00020292 0
0.0181161 1 100 -0.000109489 0
0.0181161 1 155.052 -5.99059e-05 0
0.0181161 1 240.41 -3.3177e-05 0
0.0181161 1 372.759 -1.85745e-05 0
0.0181161 1 577.969 -1.04997e-05 0
0.0181161 1 896.151 -5.98594e-06 0
0.0181161 1 1389.5 -3.43839e-06 0
0.0181161 1 2154.43 -1.98825e-06 0
0.0181161 1 3340.48 -1.15653e-06 0
0.0181161 1 5179.47 -6.76305e-07 0
0.0181161 1 8030.86 -3.97365e-07 0
0.0181161 1 12452 -2.34475e-07 0
0.0181161 1 19307 -1.38897e-07 0
0.0181161 1 29935.8 -8.25707e-08 0
0.0181161 1 46415.9 -4.92459e-08 0
0.0181161 1 71968.6 -2.94586e-08 0
0.0181161 1 111588 -1.76706e-08 0
0.0181161 1 173020 -1.06268e-08 0
0.0181161 1 268270 -6.40597e-09 0
0.0181161 1 415956 -3.87018e-09 0
0.0181161 1 644947 -2.34304e-09 0
0.0181161 1 1e+06 -1.42126e-09 0

0.0441734 1 1e-06 0.165588 0
0.0441734 1 1.55052e-06 0.165586 0
0.0441734 1 2.4041e-06 0.165584 0
0.0441734 1 3.72759e-06 0.16558 0
0.0441734 1 5.77969e-06 0.165573 0
0.0441734 1 8.96151e-06 0.165563 0
0.0441734 1 1.3895e-05 0.165548 0
0.0441734 1 2.15443e-05 0.165523 0
0.0441734 1 3.34048e-05 0.165486 0
0.0441734 1 5.17947e-05 0.165428 0
0.0441734 1 8.03086e-05 0.165338 0
0.0441734 1 0.00012452 0.165199 0
0.0441734 1 0.00019307 0.164984 0
0.0441734 1 0.000299358 0.164649 0
0.0441734 1 0.000464159 0.164132 0
0.0441734 1 0.000719686 0.16333 0
0.0441734 1 0.00111588 0.162089 0
0.0441734 1 0.0017302 0.160171 0
0.0441734 1 0.0026827 0.157213 0
0.0441734 1 0.00415956 0.152661 0
0.0441734 1 0.00644947 0.145687 0
0.0441734 1 0.01 0.135074 0
0.0441734 1 0.0155052 0.11909 0
0.0441734 1 0.024041 0.095413 0
0.0441734 1 0.0372759 0.0612447 0
0.0441734 1 0.0577969 0.0139697 0
0.0441734 1 0.0896151 -0.0470867 0
0.0441734 1 0.13895 -0.11729 0
0.0441734 1 0.215443 -0.182726 0
0.0441734 1 0.334048 -0.220889 0
0.0441734 1 0.517947 -0.214226 0
0.0441734 1 0.803086 -0.170667 0
0.0441734 1 1.2452 -0.119581 0
0.0441734 1 1.9307 -0.0803103 0
0.0441734 1 2.99358 -0.0532105 0
0.0441734 1 4.64159 -0.0336854 0
0.0441734 1 7.19686 -0.019042 0
0.0441734 1 11.1588 -0.00881213 0
0.0441734 1 17.302 -0.00313498 0
0.0441734 1 26.827 -0.000974158 0
0.0441734 1 41.5956 -0.00039317 0
0.0441734 1 64.4947 -0.000202891 0
0.0441734 1 100 -0.00010948 0
0.0441734 1 155.052 -5.99025e-05 0
0.0441734 1 240.41 -3.31758e-05 0
0.0441734 1 372.759 -1.8574e-05 0
0.0441734 1 577.969 -1.04995e-05 0
0.0441734 1 896.151 -5.98589e-06 0
0.0441734 1 1389.5 -3.43837e-06 0
0.0441734 1 2154.43 -1.98824e-06 0
0.0441734 1 3340.48 -1.15653e-06 0
0.0441734 1 5179.47 -6.76304e-07 0
0.0441734 1 8030.86 -3.97364e-07 0
0.0441734 1 12452 -2.34475e-07 0
0.0441734 1 19307 -1.38896e-07 0
0.0441734 1 29935.8 -8.25707e-08 0
0.0441734 1 46415.9 -4.92459e-08 0
0.0441734 1 71968.6 -2.94586e-08 0
0.0441734 1 111588 -1.76706e-08 0
0.0441734 1 173020 -1.06268e-08 0
0.0441734 1 268270 -6.40597e-09 0
0.0441734 1 415956 -3.87018e-09 0
0.0441734 1 644947 -2.34304e-09 0
0.0441734 1 1e+06 -1.42126e-09 0

0.107711 1 1e-06 0.117988 0
0.107711 1 1.55052e-06 0.117987 0
0.107711 1 2.4041e-06 0.117984 0
0.107711 1 3.72759e-06 0.11798 0
0.107711 1 5.77969e-06 0.117975 0
0.107711 1 8.96151e-06 0.117966 0
0.107711 1 1.3895e-05 0.117952 0
0.107711 1 2.15443e-05 0.11793 0
0.107711 1 3.34048e-05 0.117896 0
0.107711 1 5.17947e-05 0.117844 0
0.107711 1 8.03086e-05 0.117763 0
0.107711 1 0.00012452 0.117637 0
0.107711 1 0.00019307 0.117443 0
0.107711 1 0.000299358 0.117141 0
0.107711 1 0.000464159 0.116673 0
0.107711 1 0.000719686 0.11595 0
0.107711 1 0.00111588 0.11483 0
0.107711 1 0.0017302 0.1131 0
0.107711 1 0.0026827 0.11043 0
0.107711 1 0.00415956 0.106324 0
0.107711 1 0.00644947 0.100035 0
0.107711 1 0.01 0.0904703 0
0.107711 1 0.0155052 0.076077 0
0.107711 1 0.024041 0.0547824 0
0.107711 1 0.0372759 0.0241132 0
0.107711 1 0.0577969 -0.018191 0
0.107711 1 0.0896151 -0.0725609 0
0.107711 1 0.13895 -0.134549 0
0.107711 1 0.215443 -0.191302 0
0.107711 1 0.334048 -0.222363 0
0.107711 1 0.517947 -0.212111 0
0.107711 1 0.803086 -0.168332 0
0.107711 1 1.2452 -0.118259 0
0.107711 1 1.9307 -0.0797137 0
0.107711 1 2.99358 -0.0529407 0
0.107711 1 4.64159 -0.0335556 0
0.107711 1 7.19686 -0.01898 0
0.107711 1 11.1588 -0.00878684 0
0.107711 1 17.302 -0.00312757 0
0.107711 1 26.827 -0.000972753 0
0.107711 1 41.5956 -0.000392924 0
0.107711 1 64.4947 -0.000202821 0
0.107711 1 100 -0.000109456 0
0.107711 1 155.052 -5.98943e-05 0
0.107711 1 240.41 -3.31729e-05 0
0.107711 1 372.759 -1.8573e-05 0
0.107711 1 577.969 -1.04992e-05 0
0.107711 1 896.151 -5.98575e-06 0
0.107711 1 1389.5 -3.43832e-06 0
0.107711 1 2154.43 -1.98822e-06 0
0.107711 1 3340.48 -1.15652e-06 0
0.107711 1 5179.47 -6.76302e-07 0
0.107711 1 8030.86 -3.97363e-07 0
0.107711 1 12452 -2.34474e-07 0
0.107711 1 19307 -1.38896e-07 0
0.107711 1 29935.8 -8.25706e-08 0
0.107711 1 46415.9 -4.92459e-08 0
0.107711 1 71968.6 -2.94586e-08 0
0.107711 1 111588 -1.76706e-08 0
0.107711 1 173020 -1.06268e-08 0
0.107711 1 268270 -6.40597e-09 0
0.107711 1 415956 -3.87018e-09 0
0.107711 1 644947 -2.34304e-09 0
0.107711 1 1e+06 -1.42126e-09 0

0.262636 1 1e-06 0.0208098 0
0.262636 1 1.55052e-06 0.0208086 0
0.262636 1 2.4041e-06 0.0208068 0
0.262636 1 3.72759e-06 0.0208039 0
0.262636 1 5.77969e-06 0.0207994 0
0.262636 1 8.96151e-06 0.0207924 0
0.262636 1 1.3895e-05 0.0207816 0
0.262636 1 2.15443e-05 0.0207649 0
0.262636 1 3.34048e-05 0.020739 0
0.262636 1 5.17947e-05 0.0206988 0
0.262636 1 8.03086e-05 0.0206364 0
0.262636 1 0.00012452 0.0205398 0
0.262636 1 0.00019307 0.0203901 0
0.262636 1 0.000299358 0.020158 0
0.262636 1 0.000464159 0.0197985 0
0.262636 1 0.000719686 0.019242 0
0.262636 1 0.00111588 0.018381 0
0.262636 1 0.0017302 0.0170506 0
0.262636 1 0.0026827 0.0149992 0
0.262636 1 0.00415956 0.0118452 0
0.262636 1 0.00644947 0.00701889 0
0.262636 1 0.01 -0.000312539 0
0.262636 1 0.0155052 -0.0113223 0
0.262636 1 0.024041 -0.0275601 0
0.262636 1 0.0372759 -0.0508314 0
0.262636 1 0.0577969 -0.08268 0
0.262636 1 0.0896151 -0.12308 0
0.262636 1 0.13895 -0.168047 0
0.262636 1 0.215443 -0.207009 0
0.262636 1 0.334048 -0.223754 0
0.262636 1 0.517947 -0.206565 0
0.262636 1 0.803086 -0.162792 0
0.262636 1 1.2452 -0.115147 0
0.262636 1 1.9307 -0.0782955 0
0.262636 1 2.99358 -0.0522926 0
0.262636 1 4.64159 -0.0332419 0
0.262636 1 7.19686 -0.0188298 0
0.262636 1 11.1588 -0.00872551 0
0.262636 1 17.302 -0.0031096 0
0.262636 1 26.827 -0.000969341 0
0.262636 1 41.5956 -0.000392326 0
0.262636 1 64.4947 -0.00020265 0
0.262636 1 100 -0.000109398 0
0.262636 1 155.052 -5.98742e-05 0
0.262636 1 240.41 -3.31659e-05 0
0.262636 1 372.759 -1.85705e-05 0
0.262636 1 577.969 -1.04983e-05 0
0.262636 1 896.151 -5.98543e-06 0
0.262636 1 1389.5 -3.4382e-06 0
0.262636 1 2154.43 -1.98818e-06 0
0.262636 1 3340.48 -1.15651e-06 0
0.262636 1 5179.47 -6.76296e-07 0
0.262636 1 8030.86 -3.97361e-07 0
0.262636 1 12452 -2.34473e-07 0
0.262636 1 19307 -1.38896e-07 0
0.262636 1 29935.8 -8.25705e-08 0
0.262636 1 46415.9 -4.92458e-08 0
0.262636 1 71968.6 -2.94585e-08 0
0.262636 1 111588 -1.76706e-08 0
0.262636 1 173020 -1.06268e-08 0
0.262636 1 268270 -6.40597e-09 0
0.262636 1 415956 -3.87018e-09 0
0.262636 1 644947 -2.34304e-09 0
0.262636 1 1e+06 -1.42126e-09 0

0.6404 1 1e-06 -0.128689 0
0.6404 1 1.55052e-06 -0.128689 0
0.6404 1 2.4041e-06 -0.12869 0
0.6404 1 3.72759e-06 -0.128692 0
0.6404 1 5.77969e-06 -0.128694 0
0.6404 1 8.96151e-06 -0.128697 0
0.6404 1 1.3895e-05 -0.128703 0
0.6404 1 2.15443e-05 -0.128711 0
0.6404 1 3.34048e-05 -0.128723 0
0.6404 1 5.17947e-05 -0.128743 0
0.6404 1 8.03086e-05 -0.128773 0
0.6404 1 0.00012452 -0.12882 0
0.6404 1 0.00019307 -0.128893 0
0.6404 1 0.000299358 -0.129006 0
0.6404 1 0.000464159 -0.129181 0
0.6404 1 0.000719686 -0.129452 0
0.6404 1 0.00111588 -0.12987 0
0.6404 1 0.0017302 -0.130517 0
0.6404 1 0.0026827 -0.131513 0
0.6404 1 0.00415956 -0.133041 0
0.6404 1 0.00644947 -0.135374 0
0.6404 1 0.01 -0.138905 0
0.6404 1 0.0155052 -0.144174 0
0.6404 1 0.024041 -0.151868 0
0.6404 1 0.0372759 -0.16272 0
0.6404 1 0.0577969 -0.17717 0
0.6404 1 0.0896151 -0.194608 0
0.6404 1 0.13895 -0.212069 0
0.6404 1 0.215443 -0.222973 0
0.6404 1 0.334048 -0.21812 0
0.6404 1 0.517947 -0.191862 0
0.6404 1 0.803086 -0.150262 0
0.6404 1 1.2452 -0.108184 0
0.6404 1 1.9307 -0.0750406 0
0.6404 1 2.99358 -0.0507693 0
0.6404 1 4.64159 -0.032494 0
0.6404 1 7.19686 -0.0184694 0
0.6404 1 11.1588 -0.00857802 0
0.6404 1 17.302 -0.00306632 0
0.6404 1 26.827 -0.000961104 0
0.6404 1 41.5956 -0.000390876 0
0.6404 1 64.4947 -0.000202233 0
0.6404 1 100 -0.000109256 0
0.6404 1 155.052 -5.98254e-05 0
0.6404 1 240.41 -3.31487e-05 0
0.6404 1 372.759 -1.85644e-05 0
0.6404 1 577.969 -1.04961e-05 0
0.6404 1 896.151 -5.98464e-06 0
0.6404 1 1389.5 -3.43791e-06 0
0.6404 1 2154.43 -1.98807e-06 0
0.6404 1 3340.48 -1.15647e-06 0
0.6404 1 5179.47 -6.76281e-07 0
0.6404 1 8030.86 -3.97355e-07 0
0.6404 1 12452 -2.34471e-07 0
0.6404 1 19307 -1.38895e-07 0
0.6404 1 29935.8 -8.25702e-08 0
0.6404 1 46415.9 -4.92457e-08 0
0.6404 1 71968.6 -2.94585e-08 0
0.6404 1 111588 -1.76706e-08 0
0.6404 1 173020 -1.06268e-08 0
0.6404 1 268270 -6.40597e-09 0
0.6404 1 415956 -3.87018e-09 0
0.6404 1 644947 -2.34304e-09 0
0.6404 1 1e+06 -1.42126e-09 0

1.56152 1 1e-06 -0.223878 0
1.56152 1 1.55052e-06 -0.223878 0
1.56152 1 2.4041e-06 -0.223878 0
1.56152 1 3.72759e-06 -0.223878 0
1.56152 1 5.77969e-06 -0.223878 0
1.56152 1 8.96151e-06 -0.223878 0
1.56152 1 1.3895e-05 -0.223878 0
1.56152 1 2.15443e-05 -0.223879 0
1.56152 1 3.34048e-05 -0.223879 0
1.56152 1 5.17947e-05 -0.223879 0
1.56152 1 8.03086e-05 -0.223879 0
1.56152 1 0.00012452 -0.22388 0
1.56152 1 0.00019307 -0.223881 0
1.56152 1 0.000299358 -0.223882 0
1.56152 1 0.000464159 -0.223885 0
1.56152 1 0.000719686 -0.223888 0
1.56152 1 0.00111588 -0.223893 0
1.56152 1 0.0017302 -0.223901 0
1.56152 1 0.0026827 -0.223911 0
1.56152 1 0.00415956 -0.223923 0
1.56152 1 0.00644947 -0.223936 0
1.56152 1 0.01 -0.223938 0
1.56152 1 0.0155052 -0.223901 0
1.56152 1 0.024041 -0.223753 0
1.56152 1 0.0372759 -0.223319 0
1.56152 1 0.0577969 -0.222209 0
1.56152 1 0.0896151 -0.219613 0
1.56152 1 0.13895 -0.214033 0
1.56152 1 0.215443 -0.203163 0
1.56152 1 0.334048 -0.184527 0
1.56152 1 0.517947 -0.15748 0
1.56152 1 0.803086 -0.125377 0
1.56152 1 1.2452 -0.0942502 0
1.56152 1 1.9307 -0.0681271 0
1.56152 1 2.99358 -0.0473585 0
1.56152 1 4.64159 -0.0307657 0
1.56152 1 7.19686 -0.0176245 0
1.56152 1 11.1588 -0.00823017 0
1.56152 1 17.302 -0.0029639 0
1.56152 1 26.827 -0.0009415 0
1.56152 1 41.5956 -0.000387384 0
1.56152 1 64.4947 -0.000201225 0
1.56152 1 100 -0.000108913 0
1.56152 1 155.052 -5.97066e-05 0
1.56152 1 240.41 -3.31071e-05 0
1.56152 1 372.759 -1.85496e-05 0
1.56152 1 577.969 -1.04908e-05 0
1.56152 1 896.151 -5.98271e-06 0
1.56152 1 1389.5 -3.43721e-06 0
1.56152 1 2154.43 -1.98781e-06 0
1.56152 1 3340.48 -1.15637e-06 0
1.56152 1 5179.47 -6.76245e-07 0
1.56152 1 8030.86 -3.97342e-07 0
1.56152 1 12452 -2.34466e-07 0
1.56152 1 19307 -1.38893e-07 0
1.56152 1 29935.8 -8.25694e-08 0
1.56152 1 46415.9 -4.92454e-08 0
1.56152 1 71968.6 -2.94584e-08 0
1.56152 1 111588 -1.76705e-08 0
1.56152 1 173020 -1.06267e-08 0
1.56152 1 268270 -6.40596e-09 0
1.56152 1 415956 -3.87018e-09 0
1.56152 1 644947 -2.34304e-09 0
1.56152 1 1e+06 -1.42126e-09 0

3.80755 1 1e-06 -0.151572 0
3.80755 1 1.55052e-06 -0.151572 0
3.80755 1 2.4041e-06 -0.151572 0
3.80755 1 3.72759e-06 -0.151572 0
3.80755 1 5.77969e-06 -0.151572 0
3.80755 1 8.96151e-06 -0.151571 0
3.80755 1 1.3895e-05 -0.151571 0
3.80755 1 2.15443e-05 -0.15157 0
3.80755 1 3.34048e-05 -0.151568 0
3.80755 1 5.17947e-05 -0.151566 0
3.80755 1 8.03086e-05 -0.151562 0
3.80755 1 0.00012452 -0.151556 0
3.80755 1 0.00019307 -0.151548 0
3.80755 1 0.000299358 -0.151534 0
3.80755 1 0.000464159 -0.151513 0
3.80755 1 0.000719686 -0.151481 0
3.80755 1 0.00111588 -0.151431 0
3.80755 1 0.0017302 -0.151353 0
3.80755 1 0.0026827 -0.151233 0
3.80755 1 0.00415956 -0.151046 0
3.80755 1 0.00644947 -0.150758 0
3.80755 1 0.01 -0.150312 0
3.80755 1 0.0155052 -0.149625 0
3.80755 1 0.024041 -0.148569 0
3.80755 1 0.0372759 -0.146955 0
3.80755 1 0.0577969 -0.144506 0
3.80755 1 0.0896151 -0.140836 0
3.80755 1 0.13895 -0.135446 0
3.80755 1 0.215443 -0.127763 0
3.80755 1 0.334048 -0.117307 0
3.80755 1 0.517947 -0.103984 0
3.80755 1 0.803086 -0.0883959 0
3.80755 1 1.2452 -0.0717899 0
3.80755 1 1.9307 -0.055517 0
3.80755 1 2.99358 -0.0404607 0
3.80755 1 4.64159 -0.0270416 0
3.80755 1 7.19686 -0.0157481 0
3.80755 1 11.1588 -0.00744765 0
3.80755 1 17.302 -0.00273161 0
3.80755 1 26.827 -0.000896407 0
3.80755 1 41.5956 -0.000379128 0
3.80755 1 64.4947 -0.000198802 0
3.80755 1 100 -0.000108085 0
3.80755 1 155.052 -5.94185e-05 0
3.80755 1 240.41 -3.30058e-05 0
3.80755 1 372.759 -1.85136e-05 0
3.80755 1 577.969 -1.04778e-05 0
3.80755 1 896.151 -5.97801e-06 0
3.80755 1 1389.5 -3.43549e-06 0
3.80755 1 2154.43 -1.98718e-06 0
3.80755 1 3340.48 -1.15614e-06 0
3.80755 1 5179.47 -6.76157e-07 0
3.80755 1 8030.86 -3.97309e-07 0
3.80755 1 12452 -2.34454e-07 0
3.80755 1 19307 -1.38889e-07 0
3.80755 1 29935.8 -8.25676e-08 0
3.80755 1 46415.9 -4.92447e-08 0
3.80755 1 71968.6 -2.94581e-08 0
3.80755 1 111588 -1.76704e-08 0
3.80755 1 173020 -1.06267e-08 0
3.80755 1 268270 -6.40594e-09 0
3.80755 1 415956 -3.87017e-09 0
3.80755 1 644947 -2.34304e-09 0
3.80755 1 1e+06 -1.42126e-09 0

9.28415 1 1e-06 -0.0680291 0
9.28415 1 1.55052e-06 -0.0680291 0
9.28415 1 2.4041e-06 -0.0680291 0
9.28415 1 3.72759e-06 -0.068029 0
9.28415 1 5.77969e-06 -0.068029 0
9.28415 1 8.96151e-06 -0.0680289 0
9.28415 1 1.3895e-05 -0.0680288 0
9.28415 1 2.15443e-05 -0.0680285 0
9.28415 1 3.34048e-05 -0.0680282 0
9.28415 1 5.17947e-05 -0.0680277 0
9.28415 1 8.03086e-05 -0.068027 0
9.28415 1 0.00012452 -0.0680258 0
9.28415 1 0.00019307 -0.0680239 0
9.28415 1 0.000299358 -0.068021 0
9.28415 1 0.000464159 -0.0680165 0
9.28415 1 0.000719686 -0.0680096 0
9.28415 1 0.00111588 -0.0679989 0
9.28415 1 0.0017302 -0.0679822 0
9.28415 1 0.0026827 -0.0679564 0
9.28415 1 0.00415956 -0.0679165 0
9.28415 1 0.00644947 -0.0678546 0
9.28415 1 0.01 -0.067759 0
9.28415 1 0.0155052 -0.0676111 0
9.28415 1 0.024041 -0.0673831 0
9.28415 1 0.0372759 -0.0670325 0
9.28415 1 0.0577969 -0.0664958 0
9.28415 1 0.0896151 -0.0656799 0
9.28415 1 0.13895 -0.0644521 0
9.28415 1 0.215443 -0.062633 0
9.28415 1 0.334048 -0.0599972 0
9.28415 1 0.517947 -0.0562968 0
9.28415 1 0.803086 -0.0513173 0
9.28415 1 1.2452 -0.0449659 0
9.28415 1 1.9307 -0.0373574 0
9.28415 1 2.99358 -0.028859 0
9.28415 1 4.64159 -0.0201116 0
9.28415 1 7.19686 -0.0120678 0
9.28415 1 11.1588 -0.00587338 0
9.28415 1 17.302 -0.00225544 0
9.28415 1 26.827 -0.000800677 0
9.28415 1 41.5956 -0.000360395 0
9.28415 1 64.4947 -0.000193102 0
9.28415 1 100 -0.000106109 0
9.28415 1 155.052 -5.87264e-05 0
9.28415 1 240.41 -3.27611e-05 0
9.28415 1 372.759 -1.84263e-05 0
9.28415 1 577.969 -1.04464e-05 0
9.28415 1 896.151 -5.96658e-06 0
9.28415 1 1389.5 -3.4313e-06 0
9.28415 1 2154.43 -1.98563e-06 0
9.28415 1 3340.48 -1.15556e-06 0
9.28415 1 5179.47 -6.75942e-07 0
9.28415 1 8030.86 -3.97228e-07 0
9.28415 1 12452 -2.34423e-07 0
9.28415 1 19307 -1.38877e-07 0
9.28415 1 29935.8 -8.25632e-08 0
9.28415 1 46415.9 -4.92431e-08 0
9.28415 1 71968.6 -2.94575e-08 0
9.28415 1 111588 -1.76702e-08 0
9.28415 1 173020 -1.06266e-08 0
9.28415 1 268270 -6.40591e-09 0
9.28415 1 415956 -3.87016e-09 0
9.28415 1 644947 -2.34303e-09 0
9.28415 1 1e+06 -1.42125e-09 0

22.638 1 1e-06 -0.0265933 0
22.638 1 1.55052e-06 -0.0265933 0
22.638 1 2.4041e-06 -0.0265933 0
22.638 1 3.72759e-06 -0.0265933 0
22.638 1 5.77969e-06 -0.0265932 0
22.638 1 8.96151e-06 -0.0265932 0
22.638 1 1.3895e-05 -0.0265932 0
22.638 1 2.15443e-05 -0.0265931 0
22.638 1 3.34048e-05 -0.0265931 0
22.638 1 5.17947e-05 -0.026593 0
22.638 1 8.03086e-05 -0.0265928 0
22.638 1 0.00012452 -0.0265925 0
22.638 1 0.00019307 -0.0265921 0
22.638 1 0.000299358 -0.0265915 0
22.638 1 0.000464159 -0.0265905 0
22.638 1 0.000719686 -0.026589 0
22.638 1 0.00111588 -0.0265866 0
22.638 1 0.0017302 -0.026583 0
22.638 1 0.0026827 -0.0265774 0
22.638 1 0.00415956 -0.0265686 0
22.638 1 0.00644947 -0.026555 0
22.638 1 0.01 -0.026534 0
22.638 1 0.0155052 -0.0265014 0
22.638 1 0.024041 -0.026451 0
22.638 1 0.0372759 -0.0263731 0
22.638 1 0.0577969 -0.026253 0
22.638 1 0.0896151 -0.026068 0
22.638 1 0.13895 -0.0257845 0
22.638 1 0.215443 -0.0253527 0
22.638 1 0.334048 -0.0247013 0
22.638 1 0.517947 -0.0237324 0
22.638 1 0.803086 -0.0223222 0
22.638 1 1.2452 -0.0203338 0
22.638 1 1.9307 -0.0176567 0
22.638 1 2.99358 -0.014284 0
22.638 1 4.64159 -0.0104215 0
22.638 1 7.19686 -0.00656766 0
22.638 1 11.1588 -0.00342015 0
22.638 1 17.302 -0.00148094 0
22.638 1 26.827 -0.000630424 0
22.638 1 41.5956 -0.000321573 0
22.638 1 64.4947 -0.000180334 0
22.638 1 100 -0.000101546 0
22.638 1 155.052 -5.70964e-05 0
22.638 1 240.41 -3.21777e-05 0
22.638 1 372.759 -1.82164e-05 0
22.638 1 577.969 -1.03704e-05 0
22.638 1 896.151 -5.93888e-06 0
22.638 1 1389.5 -3.42113e-06 0
22.638 1 2154.43 -1.98187e-06 0
22.638 1 3340.48 -1.15416e-06 0
22.638 1 5179.47 -6.75419e-07 0
22.638 1 8030.86 -3.97031e-07 0
22.638 1 12452 -2.34349e-07 0
22.638 1 19307 -1.38849e-07 0
22.638 1 29935.8 -8.25525e-08 0
22.638 1 46415.9 -4.92389e-08 0
22.638 1 71968.6 -2.94559e-08 0
22.638 1 111588 -1.76696e-08 0
22.638 1 173020 -1.06264e-08 0
22.638 1 268270 -6.40582e-09 0
22.638 1 415956 -3.87013e-09 0
22.638 1 644947 -2.34302e-09 0
22.638 1 1e+06 -1.42125e-09 0

55.1995 1 1e-06 -0.00552978 0
55.1995 1 1.55052e-06 -0.00552978 0
55.1995 1 2.4041e-06 -0.00552978 0
55.1995 1 3.72759e-06 -0.00552978 0
55.1995 1 5.77969e-06 -0.00552977 0
55.1995 1 8.96151e-06 -0.00552977 0
55.1995 1 1.3895e-05 -0.00552977 0
55.1995 1 2.15443e-05 -0.00552976 0
55.1995 1 3.34048e-05 -0.00552975 0
55.1995 1 5.17947e-05 -0.00552973 0
55.1995 1 8.03086e-05 -0.0055297 0
55.1995 1 0.00012452 -0.00552966 0
55.1995 1 0.00019307 -0.0055296 0
55.1995 1 0.000299358 -0.0055295 0
55.1995 1 0.000464159 -0.00552935 0
55.1995 1 0.000719686 -0.00552911 0
55.1995 1 0.00111588 -0.00552874 0
55.1995 1 0.0017302 -0.00552817 0
55.1995 1 0.0026827 -0.00552729 0
55.1995 1 0.00415956 -0.00552592 0
55.1995 1 0.00644947 -0.0055238 0
55.1995 1 0.01 -0.0055205 0
55.1995 1 0.0155052 -0.00551541 0
55.1995 1 0.024041 -0.00550751 0
55.1995 1 0.0372759 -0.0054953 0
55.1995 1 0.0577969 -0.00547643 0
55.1995 1 0.0896151 -0.00544731 0
55.1995 1 0.13895 -0.00540253 0
55.1995 1 0.215443 -0.00533394 0
55.1995 1 0.334048 -0.00522959 0
55.1995 1 0.517947 -0.00507251 0
55.1995 1 0.803086 -0.00483978 0
55.1995 1 1.2452 -0.00450341 0
55.1995 1 1.9307 -0.00403527 0
55.1995 1 2.99358 -0.00342008 0
55.1995 1 4.64159 -0.00267844 0
55.1995 1 7.19686 -0.00189092 0
55.1995 1 11.1588 -0.00119176 0
55.1995 1 17.302 -0.000697109 0
55.1995 1 26.827 -0.000412689 0
55.1995 1 41.5956 -0.000253857 0
55.1995 1 64.4947 -0.000154652 0
55.1995 1 100 -9.17396e-05 0
55.1995 1 155.052 -5.34367e-05 0
55.1995 1 240.41 -3.08292e-05 0
55.1995 1 372.759 -1.7722e-05 0
55.1995 1 577.969 -1.01892e-05 0
55.1995 1 896.151 -5.87229e-06 0
55.1995 1 1389.5 -3.39656e-06 0
55.1995 1 2154.43 -1.97276e-06 0
55.1995 1 3340.48 -1.15077e-06 0
55.1995 1 5179.47 -6.74148e-07 0
55.1995 1 8030.86 -3.96553e-07 0
55.1995 1 12452 -2.34168e-07 0
55.1995 1 19307 -1.3878e-07 0
55.1995 1 29935.8 -8.25263e-08 0
55.1995 1 46415.9 -4.92289e-08 0
55.1995 1 71968.6 -2.94521e-08 0
55.1995 1 111588 -1.76681e-08 0
55.1995 1 173020 -1.06258e-08 0
55.1995 1 268270 -6.4056e-09 0
55.1995 1 415956 -3.87004e-09 0
55.1995 1 644947 -2.34298e-09 0
55.1995 1 1e+06 -1.42124e-09 0

134.596 1 1e-06 -0.000581496 0
134.596 1 1.55052e-06 -0.000581496 0
134.596 1 2.4041e-06 -0.000581496 0
134.596 1 3.72759e-06 -0.000581496 0
134.596 1 5.77969e-06 -0.000581496 0
134.596 1 8.96151e-06 -0.000581496 0
134.596 1 1.3895e-05 -0.000581496 0
134.596 1 2.15443e-05 -0.000581496 0
134.596 1 3.34048e-05 -0.000581495 0
134.596 1 5.17947e-05 -0.000581495 0
134.596 1 8.03086e-05 -0.000581494 0
134.596 1 0.00012452 -0.000581492 0
134.596 1 0.00019307 -0.00058149 0
134.596 1 0.000299358 -0.000581486 0
134.596 1 0.000464159 -0.00058148 0
134.596 1 0.000719686 -0.000581472 0
134.596 1 0.00111588 -0.000581458 0
134.596 1 0.0017302 -0.000581437 0
134.596 1 0.0026827 -0.000581404 0
134.596 1 0.00415956 -0.000581353 0
134.596 1 0.00644947 -0.000581274 0
134.596 1 0.01 -0.000581152 0
134.596 1 0.0155052 -0.000580963 0
134.596 1 0.024041 -0.000580669 0
134.596 1 0.0372759 -0.000580215 0
134.596 1 0.0577969 -0.000579512 0
134.596 1 0.0896151 -0.000578425 0
134.596 1 0.13895 -0.000576747 0
134.596 1 0.215443 -0.000574165 0
134.596 1 0.334048 -0.000570206 0
134.596 1 0.517947 -0.000564172 0
134.596 1 0.803086 -0.000555061 0
134.596 1 1.2452 -0.000541496 0
134.596 1 1.9307 -0.000521722 0
134.596 1 2.99358 -0.000493771 0
134.596 1 4.64159 -0.000455957 0
134.596 1 7.19686 -0.000407718 0
134.596 1 11.1588 -0.000350465 0
134.596 1 17.302 -0.000287635 0
134.596 1 26.827 -0.000223784 0
134.596 1 41.5956 -0.000163918 0
134.596 1 64.4947 -0.000112907 0
134.596 1 100 -7.36562e-05 0
134.596 1 155.052 -4.60449e-05 0
134.596 1 240.41 -2.79267e-05 0
134.596 1 372.759 -1.66111e-05 0
134.596 1 577.969 -9.77017e-06 0
134.596 1 896.151 -5.71539e-06 0
134.596 1 1389.5 -3.33795e-06 0
134.596 1 2154.43 -1.95086e-06 0
134.596 1 3340.48 -1.14256e-06 0
134.596 1 5179.47 -6.71065e-07 0
134.596 1 8030.86 -3.9539e-07 0
134.596 1 12452 -2.33728e-07 0
134.596 1 19307 -1.38613e-07 0
134.596 1 29935.8 -8.24626e-08 0
134.596 1 46415.9 -4.92046e-08 0
134.596 1 71968.6 -2.94427e-08 0
134.596 1 111588 -1.76645e-08 0
134.596 1 173020 -1.06244e-08 0
134.596 1 268270 -6.40506e-09 0
134.596 1 415956 -3.86983e-09 0
134.596 1 644947 -2.3429e-09 0
134.596 1 1e+06 -1.4212e-09 0

328.193 1 1e-06 -0.000144357 0
328.193 1 1.55052e-06 -0.000144357 0
328.193 1 2.4041e-06 -0.000144357 0
328.193 1 3.72759e-06 -0.000144357 0
328.193 1 5.77969e-06 -0.000144357 0
328.193 1 8.96151e-06 -0.000144357 0
328.193 1 1.3895e-05 -0.000144357 0
328.193 1 2.15443e-05 -0.000144357 0
328.193 1 3.34048e-05 -0.000144357 0
328.193 1 5.17947e-05 -0.000144357 0
328.193 1 8.03086e-05 -0.000144357 0
328.193 1 0.00012452 -0.000144357 0
328.193 1 0.00019307 -0.000144357 0
328.193 1 0.000299358 -0.000144357 0
328.193 1 0.000464159 -0.000144356 0
328.193 1 0.000719686 -0.000144356 0
328.193 1 0.00111588 -0.000144355 0
328.193 1 0.0017302 -0.000144353 0
328.193 1 0.0026827 -0.000144351 0
328.193 1 0.00415956 -0.000144347 0
328.193 1 0.00644947 -0.000144342 0
328.193 1 0.01 -0.000144333 0
328.193 1 0.0155052 -0.00014432 0
328.193 1 0.024041 -0.000144299 0
328.193 1 0.0372759 -0.000144267 0
328.193 1 0.0577969 -0.000144217 0
328.193 1 0.0896151 -0.00014414 0
328.193 1 0.13895 -0.00014402 0
328.193 1 0.215443 -0.000143835 0
328.193 1 0.334048 -0.000143548 0
328.193 1 0.517947 -0.000143106 0
328.193 1 0.803086 -0.000142425 0
328.193 1 1.2452 -0.000141381 0
328.193 1 1.9307 -0.000139787 0
328.193 1 2.99358 -0.000137376 0
328.193 1 4.64159 -0.000133778 0
328.193 1 7.19686 -0.000128512 0
328.193 1 11.1588 -0.000121026 0
328.193 1 17.302 -0.000110819 0
328.193 1 26.827 -9.76836e-05 0
328.193 1 41.5956 -8.20195e-05 0
328.193 1 64.4947 -6.50147e-05 0
328.193 1 100 -4.84265e-05 0
328.193 1 155.052 -3.39446e-05 0
328.193 1 240.41 -2.25552e-05 0
328.193 1 372.759 -1.43628e-05 0
328.193 1 577.969 -8.8674e-06 0
328.193 1 896.151 -5.36266e-06 0
328.193 1 1389.5 -3.20241e-06 0
328.193 1 2154.43 -1.89925e-06 0
328.193 1 3340.48 -1.123e-06 0
328.193 1 5179.47 -6.63654e-07 0
328.193 1 8030.86 -3.92582e-07 0
328.193 1 12452 -2.32661e-07 0
328.193 1 19307 -1.38207e-07 0
328.193 1 29935.8 -8.23075e-08 0
328.193 1 46415.9 -4.91452e-08 0
328.193 1 71968.6 -2.94199e-08 0
328.193 1 111588 -1.76557e-08 0
328.193 1 173020 -1.0621e-08 0
328.193 1 268270 -6.40374e-09 0
328.193 1 415956 -3.86932e-09 0
328.193 1 644947 -2.3427e-09 0
328.193 1 1e+06 -1.42113e-09 0

800.25 1 1e-06 -4.24368e-05 0
800.25 1 1.55052e-06 -4.24368e-05 0
800.25 1 2.4041e-06 -4.24368e-05 0
800.25 1 3.72759e-06 -4.24368e-05 0
800.25 1 5.77969e-06 -4.24368e-05 0
800.25 1 8.96151e-06 -4.24368e-05 0
800.25 1 1.3895e-05 -4.24368e-05 0
800.25 1 2.15443e-05 -4.24368e-05 0
800.25 1 3.34048e-05 -4.24368e-05 0
800.25 1 5.17947e-05 -4.24368e-05 0
800.25 1 8.03086e-05 -4.24368e-05 0
800.25 1 0.00012452 -4.24368e-05 0
800.25 1 0.00019307 -4.24367e-05 0
800.25 1 0.000299358 -4.24367e-05 0
800.25 1 0.000464159 -4.24367e-05 0
800.25 1 0.000719686 -4.24366e-05 0
800.25 1 0.00111588 -4.24365e-05 0
800.25 1 0.0017302 -4.24363e-05 0
800.25 1 0.0026827 -4.2436e-05 0
800.25 1 0.00415956 -4.24356e-05 0
800.25 1 0.00644947 -4.2435e-05 0
800.25 1 0.01 -4.2434e-05 0
800.25 1 0.0155052 -4.24324e-05 0
800.25 1 0.024041 -4.243e-05 0
800.25 1 0.0372759 -4.24263e-05 0
800.25 1 0.0577969 -4.24205e-05 0
800.25 1 0.0896151 -4.24116e-05 0
800.25 1 0.13895 -4.23977e-05 0
800.25 1 0.215443 -4.23763e-05 0
800.25 1 0.334048 -4.2343e-05 0
800.25 1 0.517947 -4.22916e-05 0
800.25 1 0.803086 -4.2212e-05 0
800.25 1 1.2452 -4.20891e-05 0
800.25 1 1.9307 -4.18999e-05 0
800.25 1 2.99358 -4.16093e-05 0
800.25 1 4.64159 -4.11658e-05 0
800.25 1 7.19686 -4.04943e-05 0
800.25 1 11.1588 -3.94904e-05 0
800.25 1 17.302 -3.80179e-05 0
800.25 1 26.827 -3.59174e-05 0
800.25 1 41.5956 -3.30393e-05 0
800.25 1 64.4947 -2.93096e-05 0
800.25 1 100 -2.482e-05 0
800.25 1 155.052 -1.98865e-05 0
800.25 1 240.41 -1.50023e-05 0
800.25 1 372.759 -1.06656e-05 0
800.25 1 577.969 -7.19258e-06 0
800.25 1 896.151 -4.64796e-06 0
800.25 1 1389.5 -2.91023e-06 0
800.25 1 2154.43 -1.78321e-06 0
800.25 1 3340.48 -1.07774e-06 0
800.25 1 5179.47 -6.46194e-07 0
800.25 1 8030.86 -3.85883e-07 0
800.25 1 12452 -2.30097e-07 0
800.25 1 19307 -1.37226e-07 0
800.25 1 29935.8 -8.19316e-08 0
800.25 1 46415.9 -4.90009e-08 0
800.25 1 71968.6 -2.93644e-08 0
800.25 1 111588 -1.76343e-08 0
800.25 1 173020 -1.06128e-08 0
800.25 1 268270 -6.40054e-09 0
800.25 1 415956 -3.86808e-09 0
800.25 1 644947 -2.34222e-09 0
800.25 1 1e+06 -1.42094e-09 0

1951.29 1 1e-06 -1.30767e-05 0
1951.29 1 1.55052e-06 -1.30767e-05 0
1951.29 1 2.4041e-06 -1.30767e-05 0
1951.29 1 3.72759e-06 -1.30767e-05 0
1951.29 1 5.77969e-06 -1.30767e-05 0
1951.29 1 8.96151e-06 -1.30767e-05 0
1951.29 1 1.3895e-05 -1.30767e-05 0
1951.29 1 2.15443e-05 -1.30767e-05 0
1951.29 1 3.34048e-05 -1.30767e-05 0
1951.29 1 5.17947e-05 -1.30767e-05 0
1951.29 1 8.03086e-05 -1.30767e-05 0
1951.29 1 0.00012452 -1.30767e-05 0
1951.29 1 0.00019307 -1.30767e-05 0
1951.29 1 0.000299358 -1.30767e-05 0
1951.29 1 0.000464159 -1.30767e-05 0
1951.29 1 0.000719686 -1.30767e-05 0
1951.29 1 0.00111588 -1.30767e-05 0
1951.29 1 0.0017302 -1.30767e-05 0
1951.29 1 0.0026827 -1.30767e-05 0
1951.29 1 0.00415956 -1.30766e-05 0
1951.29 1 0.00644947 -1.30765e-05 0
1951.29 1 0.01 -1.30764e-05 0
1951.29 1 0.0155052 -1.30762e-05 0
1951.29 1 0.024041 -1.30759e-05 0
1951.29 1 0.0372759 -1.30755e-05 0
1951.29 1 0.0577969 -1.30748e-05 0
1951.29 1 0.0896151 -1.30737e-05 0
1951.29 1 0.13895 -1.3072e-05 0
1951.29 1 0.215443 -1.30694e-05 0
1951.29 1 0.334048 -1.30653e-05 0
1951.29 1 0.517947 -1.3059e-05 0
1951.29 1 0.803086 -1.30492e-05 0
1951.29 1 1.2452 -1.30341e-05 0
1951.29 1 1.9307 -1.30108e-05 0
1951.29 1 2.99358 -1.29747e-05 0
1951.29 1 4.64159 -1.29192e-05 0
1951.29 1 7.19686 -1.28339e-05 0
1951.29 1 11.1588 -1.27036e-05 0
1951.29 1 17.302 -1.25061e-05 0
1951.29 1 26.827 -1.22106e-05 0
1951.29 1 41.5956 -1.17761e-05 0
1951.29 1 64.4947 -1.11547e-05 0
1951.29 1 100 -1.02995e-05 0
1951.29 1 155.052 -9.18477e-06 0
1951.29 1 240.41 -7.83204e-06 0
1951.29 1 372.759 -6.33023e-06 0
1951.29 1 577.969 -4.82485e-06 0
1951.29 1 896.151 -3.46935e-06 0
1951.29 1 1389.5 -2.36748e-06 0
1951.29 1 2154.43 -1.54797e-06 0
1951.29 1 3340.48 -9.80186e-07 0
1951.29 1 5179.47 -6.06938e-07 0
1951.29 1 8030.86 -3.70392e-07 0
1951.29 1 12452 -2.24057e-07 0
1951.29 1 19307 -1.34886e-07 0
1951.29 1 29935.8 -8.10282e-08 0
1951.29 1 46415.9 -4.86525e-08 0
1951.29 1 71968.6 -2.923e-08 0
1951.29 1 111588 -1.75824e-08 0
1951.29 1 173020 -1.05927e-08 0
1951.29 1 268270 -6.39276e-09 0
1951.29 1 415956 -3.86505e-09 0
1951.29 1 644947 -2.34104e-09 0
1951.29 1 1e+06 -1.42048e-09 0

4757.94 1 1e-06 -4.18149e-06 0
4757.94 1 1.55052e-06 -4.18149e-06 0
4757.94 1 2.4041e-06 -4.18149e-06 0
4757.94 1 3.72759e-06 -4.18149e-06 0
4757.94 1 5.77969e-06 -4.18149e-06 0
4757.94 1 8.96151e-06 -4.18149e-06 0
4757.94 1 1.3895e-05 -4.18149e-06 0
4757.94 1 2.15443e-05 -4.18149e-06 0
4757.94 1 3.34048e-05 -4.18149e-06 0
4757.94 1 5.17947e-05 -4.18149e-06 0
4757.94 1 8.03086e-05 -4.18149e-06 0
4757.94 1 0.00012452 -4.18149e-06 0
4757.94 1 0.00019307 -4.18149e-06 0
4757.94 1 0.000299358 -4.18149e-06 0
4757.94 1 0.000464159 -4.18149e-06 0
4757.94 1 0.000719686 -4.18148e-06 0
4757.94 1 0.00111588 -4.18148e-06 0
4757.94 1 0.0017302 -4.18148e-06 0
4757.94 1 0.0026827 -4.18148e-06 0
4757.94 1 0.00415956 -4.18147e-06 0
4757.94 1 0.00644947 -4.18146e-06 0
4757.94 1 0.01 -4.18144e-06 0
4757.94 1 0.0155052 -4.18142e-06 0
4757.94 1 0.024041 -4.18138e-06 0
4757.94 1 0.0372759 -4.18132e-06 0
4757.94 1 0.0577969 -4.18123e-06 0
4757.94 1 0.0896151 -4.1811e-06 0
4757.94 1 0.13895 -4.18088e-06 0
4757.94 1 0.215443 -4.18054e-06 0
4757.94 1 0.334048 -4.18003e-06 0
4757.94 1 0.517947 -4.17922e-06 0
4757.94 1 0.803086 -4.17798e-06 0
4757.94 1 1.2452 -4.17605e-06 0
4757.94 1 1.9307 -4.17306e-06 0
4757.94 1 2.99358 -4.16843e-06 0
4757.94 1 4.64159 -4.16127e-06 0
4757.94 1 7.19686 -4.15022e-06 0
4757.94 1 11.1588 -4.13318e-06 0
4757.94 1 17.302 -4.10701e-06 0
4757.94 1 26.827 -4.06702e-06 0
4757.94 1 41.5956 -4.00638e-06 0
4757.94 1 64.4947 -3.91551e-06 0
4757.94 1 100 -3.78172e-06 0
4757.94 1 155.052 -3.58985e-06 0
4757.94 1 240.41 -3.32489e-06 0
4757.94 1 372.759 -2.97775e-06 0
4757.94 1 577.969 -2.55364e-06 0
4757.94 1 896.151 -2.07872e-06 0
4757.94 1 1389.5 -1.59771e-06 0
4757.94 1 2154.43 -1.15951e-06 0
4757.94 1 3340.48 -7.98896e-07 0
4757.94 1 5179.47 -5.27369e-07 0
4757.94 1 8030.86 -3.37007e-07 0
4757.94 1 12452 -2.10479e-07 0
4757.94 1 19307 -1.29476e-07 0
4757.94 1 29935.8 -7.89003e-08 0
4757.94 1 46415.9 -4.78217e-08 0
4757.94 1 71968.6 -2.89069e-08 0
4757.94 1 111588 -1.74569e-08 0
4757.94 1 173020 -1.0544e-08 0
4757.94 1 268270 -6.37384e-09 0
4757.94 1 415956 -3.8577e-09 0
4757.94 1 644947 -2.33818e-09 0
4757.94 1 1e+06 -1.41936e-09 0

11601.6 1 1e-06 -1.37623e-06 0
11601.6 1 1.55052e-06 -1.37623e-06 0
11601.6 1 2.4041e-06 -1.37623e-06 0
11601.6 1 3.72759e-06 -1.37623e-06 0
11601.6 1 5.77969e-06 -1.37623e-06 0
11601.6 1 8.96151e-06 -1.37623e-06 0
11601.6 1 1.3895e-05 -1.37623e-06 0
11601.6 1 2.15443e-05 -1.37623e-06 0
11601.6 1 3.34048e-05 -1.37623e-06 0
11601.6 1 5.17947e-05 -1.37623e-06 0
11601.6 1 8.03086e-05 -1.37623e-06 0
11601.6 1 0.00012452 -1.37623e-06 0
11601.6 1 0.00019307 -1.37623e-06 0
11601.6 1 0.000299358 -1.37623e-06 0
11601.6 1 0.000464159 -1.37623e-06 0
11601.6 1 0.000719686 -1.37623e-06 0
11601.6 1 0.00111588 -1.37623e-06 0
11601.6 1 0.0017302 -1.37623e-06 0
11601.6 1 0.0026827 -1.37623e-06 0
11601.6 1 0.00415956 -1.37623e-06 0
11601.6 1 0.00644947 -1.37623e-06 0
11601.6 1 0.01 -1.37623e-06 0
11601.6 1 0.0155052 -1.37622e-06 0
11601.6 1 0.024041 -1.37622e-06 0
11601.6 1 0.0372759 -1.37621e-06 0
11601.6 1 0.0577969 -1.3762e-06 0
11601.6 1 0.0896151 -1.37618e-06 0
11601.6 1 0.13895 -1.37615e-06 0
11601.6 1 0.215443 -1.37611e-06 0
11601.6 1 0.334048 -1.37604e-06 0
11601.6 1 0.517947 -1.37593e-06 0
11601.6 1 0.803086 -1.37577e-06 0
11601.6 1 1.2452 -1.37551e-06 0
11601.6 1 1.9307 -1.37512e-06 0
11601.6 1 2.99358 -1.37451e-06 0
11601.6 1 4.64159 -1.37356e-06 0
11601.6 1 7.19686 -1.37209e-06 0
11601.6 1 11.1588 -1.36982e-06 0
11601.6 1 17.302 -1.36631e-06 0
11601.6 1 26.827 -1.3609e-06 0
11601.6 1 41.5956 -1.3526e-06 0
11601.6 1 64.4947 -1.3399e-06 0
11601.6 1 100 -1.32063e-06 0
11601.6 1 155.052 -1.29172e-06 0
11601.6 1 240.41 -1.2491e-06 0
11601.6 1 372.759 -1.18786e-06 0
11601.6 1 577.969 -1.10302e-06 0
11601.6 1 896.151 -9.9139e-07 0
11601.6 1 1389.5 -8.54223e-07 0
11601.6 1 2154.43 -6.99488e-07 0
11601.6 1 3340.48 -5.41387e-07 0
11601.6 1 5179.47 -3.95933e-07 0
11601.6 1 8030.86 -2.74987e-07 0
11601.6 1 12452 -1.82973e-07 0
11601.6 1 19307 -1.17824e-07 0
11601.6 1 29935.8 -7.41194e-08 0
11601.6 1 46415.9 -4.59015e-08 0
11601.6 1 71968.6 -2.8146e-08 0
11601.6 1 111588 -1.71579e-08 0
11601.6 1 173020 -1.0427e-08 0
11601.6 1 268270 -6.32815e-09 0
11601.6 1 415956 -3.83987e-09 0
11601.6 1 644947 -2.33122e-09 0
11601.6 1 1e+06 -1.41664e-09 0

28288.7 1 1e-06 -4.63373e-07 0
28288.7 1 1.55052e-06 -4.63373e-07 0
28288.7 1 2.4041e-06 -4.63373e-07 0
28288.7 1 3.72759e-06 -4.63373e-07 0
28288.7 1 5.77969e-06 -4.63373e-07 0
28288.7 1 8.96151e-06 -4.63373e-07 0
28288.7 1 1.3895e-05 -4.63373e-07 0
28288.7 1 2.15443e-05 -4.63373e-07 0
28288.7 1 3.34048e-05 -4.63373e-07 0
28288.7 1 5.17947e-05 -4.63373e-07 0
28288.7 1 8.03086e-05 -4.63373e-07 0
28288.7 1 0.00012452 -4.63373e-07 0
28288.7 1 0.00019307 -4.63373e-07 0
28288.7 1 0.000299358 -4.63373e-07 0
28288.7 1 0.000464159 -4.63373e-07 0
28288.7 1 0.000719686 -4.63373e-07 0
28288.7 1 0.00111588 -4.63373e-07 0
28288.7 1 0.0017302 -4.63373e-07 0
28288.7 1 0.0026827 -4.63373e-07 0
28288.7 1 0.00415956 -4.63373e-07 0
28288.7 1 0.00644947 -4.63373e-07 0
28288.7 1 0.01 -4.63372e-07 0
28288.7 1 0.0155052 -4.63372e-07 0
28288.7 1 0.024041 -4.63371e-07 0
28288.7 1 0.0372759 -4.6337e-07 0
28288.7 1 0.0577969 -4.63369e-07 0
28288.7 1 0.0896151 -4.63366e-07 0
28288.7 1 0.13895 -4.63362e-07 0
28288.7 1 0.215443 -4.63356e-07 0
28288.7 1 0.334048 -4.63347e-07 0
28288.7 1 0.517947 -4.63333e-07 0
28288.7 1 0.803086 -4.6331e-07 0
28288.7 1 1.2452 -4.63276e-07 0
28288.7 1 1.9307 -4.63222e-07 0
28288.7 1 2.99358 -4.63139e-07 0
28288.7 1 4.64159 -4.6301e-07 0
28288.7 1 7.19686 -4.62811e-07 0
28288.7 1 11.1588 -4.62502e-07 0
28288.7 1 17.302 -4.62023e-07 0
28288.7 1 26.827 -4.61283e-07 0
28288.7 1 41.5956 -4.6014e-07 0
28288.7 1 64.4947 -4.58377e-07 0
28288.7 1 100 -4.55668e-07 0
28288.7 1 155.052 -4.51525e-07 0
28288.7 1 240.41 -4.45235e-07 0
28288.7 1 372.759 -4.35792e-07 0
28288.7 1 577.969 -4.21853e-07 0
28288.7 1 896.151 -4.01783e-07 0
28288.7 1 1389.5 -3.73908e-07 0
28288.7 1 2154.43 -3.37094e-07 0
28288.7 1 3340.48 -2.9163e-07 0
28288.7 1 5179.47 -2.40014e-07 0
28288.7 1 8030.86 -1.86872e-07 0
28288.7 1 12452 -1.37563e-07 0
28288.7 1 19307 -9.61946e-08 0
28288.7 1 29935.8 -6.44419e-08 0
28288.7 1 46415.9 -4.17682e-08 0
28288.7 1 71968.6 -2.64374e-08 0
28288.7 1 111588 -1.6467e-08 0
28288.7 1 173020 -1.01515e-08 0
28288.7 1 268270 -6.21924e-09 0
28288.7 1 415956 -3.79703e-09 0
28288.7 1 644947 -2.31441e-09 0
28288.7 1 1e+06 -1.41005e-09 0

68977.9 1 1e-06 -1.58897e-07 0
68977.9 1 1.55052e-06 -1.58897e-07 0
68977.9 1 2.4041e-06 -1.58897e-07 0
68977.9 1 3.72759e-06 -1.58897e-07 0
68977.9 1 5.77969e-06 -1.58897e-07 0
68977.9 1 8.96151e-06 -1.58897e-07 0
68977.9 1 1.3895e-05 -1.58897e-07 0
68977.9 1 2.15443e-05 -1.58897e-07 0
68977.9 1 3.34048e-05 -1.58897e-07 0
68977.9 1 5.17947e-05 -1.58897e-07 0
68977.9 1 8.03086e-05 -1.58897e-07 0
68977.9 1 0.00012452 -1.58897e-07 0
68977.9 1 0.00019307 -1.58897e-07 0
68977.9 1 0.000299358 -1.58897e-07 0
68977.9 1 0.000464159 -1.58897e-07 0
68977.9 1 0.000719686 -1.58897e-07 0
68977.9 1 0.00111588 -1.58897e-07 0
68977.9 1 0.0017302 -1.58897e-07 0
68977.9 1 0.0026827 -1.58897e-07 0
68977.9 1 0.00415956 -1.58897e-07 0
68977.9 1 0.00644947 -1.58897e-07 0
68977.9 1 0.01 -1.58897e-07 0
68977.9 1 0.0155052 -1.58897e-07 0
68977.9 1 0.024041 -1.58897e-07 0
68977.9 1 0.0372759 -1.58897e-07 0
68977.9 1 0.0577969 -1.58896e-07 0
68977.9 1 0.0896151 -1.58896e-07 0
68977.9 1 0.13895 -1.58896e-07 0
68977.9 1 0.215443 -1.58895e-07 0
68977.9 1 0.334048 -1.58893e-07 0
68977.9 1 0.517947 -1.58891e-07 0
68977.9 1 0.803086 -1.58888e-07 0
68977.9 1 1.2452 -1.58884e-07 0
68977.9 1 1.9307 -1.58876e-07 0
68977.9 1 2.99358 -1.58865e-07 0
68977.9 1 4.64159 -1.58847e-07 0
68977.9 1 7.19686 -1.58819e-07 0
68977.9 1 11.1588 -1.58776e-07 0
68977.9 1 17.302 -1.5871e-07 0
68977.9 1 26.827 -1.58607e-07 0
68977.9 1 41.5956 -1.58447e-07 0
68977.9 1 64.4947 -1.58201e-07 0
68977.9 1 100 -1.5782e-07 0
68977.9 1 155.052 -1.57233e-07 0
68977.9 1 240.41 -1.5633e-07 0
68977.9 1 372.759 -1.5495e-07 0
68977.9 1 577.969 -1.52852e-07 0
68977.9 1 896.151 -1.49702e-07 0
68977.9 1 1389.5 -1.45045e-07 0
68977.9 1 2154.43 -1.3833e-07 0
68977.9 1 3340.48 -1.28981e-07 0
68977.9 1 5179.47 -1.16592e-07 0
68977.9 1 8030.86 -1.01224e-07 0
68977.9 1 12452 -8.36769e-08 0
68977.9 1 19307 -6.54885e-08 0
68977.9 1 29935.8 -4.84843e-08 0
68977.9 1 46415.9 -3.41055e-08 0
68977.9 1 71968.6 -2.29826e-08 0
68977.9 1 111588 -1.49809e-08 0
68977.9 1 173020 -9.53321e-09 0
68977.9 1 268270 -5.96774e-09 0
68977.9 1 415956 -3.6962e-09 0
68977.9 1 644947 -2.27435e-09 0
68977.9 1 1e+06 -1.39422e-09 0

168192 1 1e-06 -5.53134e-08 0
168192 1 1.55052e-06 -5.53134e-08 0
168192 1 2.4041e-06 -5.53134e-08 0
168192 1 3.72759e-06 -5.53134e-08 0
168192 1 5.77969e-06 -5.53134e-08 0
168192 1 8.96151e-06 -5.53134e-08 0
168192 1 1.3895e-05 -5.53134e-08 0
168192 1 2.15443e-05 -5.53134e-08 0
168192 1 3.34048e-05 -5.53134e-08 0
168192 1 5.17947e-05 -5.53134e-08 0
168192 1 8.03086e-05 -5.53134e-08 0
168192 1 0.00012452 -5.53134e-08 0
168192 1 0.00019307 -5.53134e-08 0
168192 1 0.000299358 -5.53134e-08 0
168192 1 0.000464159 -5.53134e-08 0
168192 1 0.000719686 -5.53134e-08 0
168192 1 0.00111588 -5.53134e-08 0
168192 1 0.0017302 -5.53134e-08 0
168192 1 0.0026827 -5.53134e-08 0
168192 1 0.00415956 -5.53134e-08 0
168192 1 0.00644947 -5.53133e-08 0
168192 1 0.01 -5.53133e-08 0
168192 1 0.0155052 -5.53133e-08 0
168192 1 0.024041 -5.53133e-08 0
168192 1 0.0372759 -5.53133e-08 0
168192 1 0.0577969 -5.53133e-08 0
168192 1 0.0896151 -5.53132e-08 0
168192 1 0.13895 -5.53131e-08 0
168192 1 0.215443 -5.5313e-08 0
168192 1 0.334048 -5.53128e-08 0
168192 1 0.517947 -5.53126e-08 0
168192 1 0.803086 -5.53121e-08 0
168192 1 1.2452 -5.53115e-08 0
168192 1 1.9307 -5.53104e-08 0
168192 1 2.99358 -5.53088e-08 0
168192 1 4.64159 -5.53063e-08 0
168192 1 7.19686 -5.53024e-08 0
168192 1 11.1588 -5.52963e-08 0
168192 1 17.302 -5.52869e-08 0
168192 1 26.827 -5.52724e-08 0
168192 1 41.5956 -5.52499e-08 0
168192 1 64.4947 -5.5215e-08 0
168192 1 100 -5.5161e-08 0
168192 1 155.052 -5.50775e-08 0
168192 1 240.41 -5.49484e-08 0
168192 1 372.759 -5.47494e-08 0
168192 1 577.969 -5.44435e-08 0
168192 1 896.151 -5.39752e-08 0
168192 1 1389.5 -5.32637e-08 0
168192 1 2154.43 -5.2194e-08 0
168192 1 3340.48 -5.06117e-08 0
168192 1 5179.47 -4.83262e-08 0
168192 1 8030.86 -4.51374e-08 0
168192 1 12452 -4.08991e-08 0
168192 1 19307 -3.56201e-08 0
168192 1 29935.8 -2.95616e-08 0
168192 1 46415.9 -2.32429e-08 0
168192 1 71968.6 -1.72953e-08 0
168192 1 111588 -1.22302e-08 0
168192 1 173020 -8.28463e-09 0
168192 1 268270 -5.42734e-09 0
168192 1 415956 -3.47009e-09 0
168192 1 644947 -2.18189e-09 0
168192 1 1e+06 -1.35698e-09 0

410113 1 1e-06 -1.94992e-08 0
410113 1 1.55052e-06 -1.94992e-08 0
410113 1 2.4041e-06 -1.94992e-08 0
410113 1 3.72759e-06 -1.94992e-08 0
410113 1 5.77969e-06 -1.94992e-08 0
410113 1 8.96151e-06 -1.94992e-08 0
410113 1 1.3895e-05 -1.94992e-08 0
410113 1 2.15443e-05 -1.94992e-08 0
410113 1 3.34048e-05 -1.94992e-08 0
410113 1 5.17947e-05 -1.94992e-08 0
410113 1 8.03086e-05 -1.94992e-08 0
410113 1 0.00012452 -1.94992e-08 0
410113 1 0.00019307 -1.94992e-08 0
410113 1 0.000299358 -1.94992e-08 0
410113 1 0.000464159 -1.94992e-08 0
410113 1 0.000719686 -1.94992e-08 0
410113 1 0.00111588 -1.94992e-08 0
410113 1 0.0017302 -1.94992e-08 0
410113 1 0.0026827 -1.94992e-08 0
410113 1 0.00415956 -1.94992e-08 0
410113 1 0.00644947 -1.94992e-08 0
410113 1 0.01 -1.94992e-08 0
410113 1 0.0155052 -1.94992e-08 0
410113 1 0.024041 -1.94992e-08 0
410113 1 0.0372759 -1.94992e-08 0
410113 1 0.0577969 -1.94992e-08 0
410113 1 0.0896151 -1.94992e-08 0
410113 1 0.13895 -1.94992e-08 0
410113 1 0.215443 -1.94991e-08 0
410113 1 0.334048 -1.94991e-08 0
410113 1 0.517947 -1.94991e-08 0
410113 1 0.803086 -1.9499e-08 0
410113 1 1.2452 -1.94989e-08 0
410113 1 1.9307 -1.94988e-08 0
410113 1 2.99358 -1.94985e-08 0
410113 1 4.64159 -1.94982e-08 0
410113 1 7.19686 -1.94976e-08 0
410113 1 11.1588 -1.94968e-08 0
410113 1 17.302 -1.94954e-08 0
410113 1 26.827 -1.94933e-08 0
410113 1 41.5956 -1.94901e-08 0
410113 1 64.4947 -1.94851e-08 0
410113 1 100 -1.94774e-08 0
410113 1 155.052 -1.94654e-08 0
410113 1 240.41 -1.94468e-08 0
410113 1 372.759 -1.94181e-08 0
410113 1 577.969 -1.93737e-08 0
410113 1 896.151 -1.93053e-08 0
410113 1 1389.5 -1.92001e-08 0
410113 1 2154.43 -1.9039e-08 0
410113 1 3340.48 -1.87941e-08 0
410113 1 5179.47 -1.84257e-08 0
410113 1 8030.86 -1.78803e-08 0
410113 1 12452 -1.70914e-08 0
410113 1 19307 -1.59885e-08 0
410113 1 29935.8 -1.45186e-08 0
410113 1 46415.9 -1.26807e-08 0
410113 1 71968.6 -1.05615e-08 0
410113 1 111588 -8.33875e-09 0
410113 1 173020 -6.23341e-09 0
410113 1 268270 -4.42881e-09 0
410113 1 415956 -3.01409e-09 0
410113 1 644947 -1.98343e-09 0
410113 1 1e+06 -1.27352e-09 0

1e+06 1 1e-06 -6.94813e-09 0
1e+06 1 1.55052e-06 -6.94813e-09 0
1e+06 1 2.4041e-06 -6.94813e-09 0
1e+06 1 3.72759e-06 -6.94813e-09 0
1e+06 1 5.77969e-06 -6.94813e-09 0
1e+06 1 8.96151e-06 -6.94813e-09 0
1e+06 1 1.3895e-05 -6.94813e-09 0
1e+06 1 2.15443e-05 -6.94813e-09 0
1e+06 1 3.34048e-05 -6.94813e-09 0
1e+06 1 5.17947e-05 -6.94813e-09 0
1e+06 1 8.03086e-05 -6.94813e-09 0
1e+06 1 0.00012452 -6.94813e-09 0
1e+06 1 0.00019307 -6.94813e-09 0
1e+06 1 0.000299358 -6.94813e-09 0
1e+06 1 0.000464159 -6.94813e-09 0
1e+06 1 0.000719686 -6.94813e-09 0
1e+06 1 0.00111588 -6.94813e-09 0
1e+06 1 0.0017302 -6.94813e-09 0
1e+06 1 0.0026827 -6.94813e-09 0
1e+06 1 0.00415956 -6.94813e-09 0
1e+06 1 0.00644947 -6.94813e-09 0
1e+06 1 0.01 -6.94813e-09 0
1e+06 1 0.0155052 -6.94813e-09 0
1e+06 1 0.024041 -6.94813e-09 0
1e+06 1 0.0372759 -6.94813e-09 0
1e+06 1 0.0577969 -6.94813e-09 0
1e+06 1 0.0896151 -6.94813e-09 0
1e+06 1 0.13895 -6.94813e-09 0
1e+06 1 0.215443 -6.94812e-09 0
1e+06 1 0.334048 -6.94812e-09 0
1e+06 1 0.517947 -6.94811e-09 0
1e+06 1 0.803086 -6.9481e-09 0
1e+06 1 1.2452 -6.94809e-09 0
1e+06 1 1.9307 -6.94807e-09 0
1e+06 1 2.99358 -6.94804e-09 0
1e+06 1 4.64159 -6.94798e-09 0
1e+06 1 7.19686 -6.9479e-09 0
1e+06 1 11.1588 -6.94778e-09 0
1e+06 1 17.302 -6.94758e-09 0
1e+06 1 26.827 -6.94728e-09 0
1e+06 1 41.5956 -6.94682e-09 0
1e+06 1 64.4947 -6.94609e-09 0
1e+06 1 100 -6.94497e-09 0
1e+06 1 155.052 -6.94323e-09 0
1e+06 1 240.41 -6.94054e-09 0
1e+06 1 372.759 -6.93637e-09 0
1e+06 1 577.969 -6.92991e-09 0
1e+06 1 896.151 -6.91991e-09 0
1e+06 1 1389.5 -6.90447e-09 0
1e+06 1 2154.43 -6.88065e-09 0
1e+06 1 3340.48 -6.84401e-09 0
1e+06 1 5179.47 -6.78792e-09 0
1e+06 1 8030.86 -6.70262e-09 0
1e+06 1 12452 -6.57422e-09 0
1e+06 1 19307 -6.38393e-09 0
1e+06 1 29935.8 -6.10836e-09 0
1e+06 1 46415.9 -5.72238e-09 0
1e+06 1 71968.6 -5.20659e-09 0
1e+06 1 111588 -4.55946e-09 0
1e+06 1 173020 -3.80992e-09 0
1e+06 1 268270 -3.01962e-09 0
1e+06 1 415956 -2.2667e-09 0
1e+06 1 644947 -1.61744e-09 0
1e+06 1 1e+06 -1.10546e-09 0

