#q_sq i k_sq Re(w) Im(w)
1e-06 2 1e-06 -1.04812 0
1e-06 2 1.55052e-06 -1.04812 0
1e-06 2 2.4041e-06 -1.04812 0
1e-06 2 3.72759e-06 -1.04812 0
1e-06 2 5.77969e-06 -1.04812 0
1e-06 2 8.96151e-06 -1.04812 0
1e-06 2 1.3895e-05 -1.04812 0
1e-06 2 2.15443e-05 -1.04812 0
1e-06 2 3.34048e-05 -1.04812 0
1e-06 2 5.17947e-05 -1.04812 0
1e-06 2 8.03086e-05 -1.04812 0
1e-06 2 0.00012452 -1.04811 0
1e-06 2 0.00019307 -1.04811 0
1e-06 2 0.000299358 -1.0481 0
1e-06 2 0.000464159 -1.04808 0
1e-06 2 0.000719686 -1.04806 0
1e-06 2 0.00111588 -1.04802 0
1e-06 2 0.0017302 -1.04795 0
1e-06 2 0.0026827 -1.04784 0
1e-06 2 0.00415956 -1.04765 0
1e-06 2 0.00644947 -1.0473 0
1e-06 2 0.01 -1.04663 0
1e-06 2 0.0155052 -1.04534 0
1e-06 2 0.024041 -1.04269 0
1e-06 2 0.0372759 -1.03719 0
1e-06 2 0.0577969 -1.02566 0
1e-06 2 0.0896151 -1.00192 0
1e-06 2 0.13895 -0.955156 0
1e-06 2 0.215443 -0.870202 0
1e-06 2 0.334048 -0.734227 0
1e-06 2 0.517947 -0.551599 0
1e-06 2 0.803086 -0.353526 0
1e-06 2 1.2452 -0.183216 0
1e-06 2 1.9307 -0.0704012 0
1e-06 2 2.99358 -0.0180245 0
1e-06 2 4.64159 -0.00336416 0
1e-06 2 7.19686 -0.000910475 0
1e-06 2 11.1588 -0.000369564 0
1e-06 2 17.302 -0.000154173 0
1e-06 2 26.827 -6.6235e-05 0
1e-06 2 41.5956 -3.01924e-05 0
1e-06 2 64.4947 -1.43543e-05 0
1e-06 2 100 -7.02575e-06 0
1e-06 2 155.052 -3.53928e-06 0
1e-06 2 240.41 -1.83503e-06 0
1e-06 2 372.759 -9.77739e-07 0
1e-06 2 577.969 -5.33956e-07 0
1e-06 2 896.151 -2.97905e-07 0
1e-06 2 1389.5 -1.69226e-07 0
1e-06 2 2154.43 -9.75619e-08 0
1e-06 2 3340.48 -5.69254e-08 0
1e-06 2 5179.47 -3.35376e-08 0
1e-06 2 8030.86 -1.99133e-08 0
1e-06 2 12452 -1.18988e-08 0
1e-06 2 19307 -7.14685e-09 0
1e-06 2 29935.8 -4.31121e-09 0
1e-06 2 46415.9 -2.61015e-09 0
1e-06 2 71968.6 -1.58521e-09 0
1e-06 2 111588 -9.65354e-10 0
1e-06 2 173020 -5.89293e-10 0
1e-06 2 268270 -3.60503e-10 0
1e-06 2 415956 -2.20968e-10 0
1e-06 2 644947 -1.35682e-10 0
1e-06 2 1e+06 -8.34498e-11 0

2.43835e-06 2 1e-06 -1.04812 0
2.43835e-06 2 1.55052e-06 -1.04812 0
2.43835e-06 2 2.4041e-06 -1.04812 0
2.43835e-06 2 3.72759e-06 -1.04812 0
2.43835e-06 2 5.77969e-06 -1.04812 0
2.43835e-06 2 8.96151e-06 -1.04812 0
2.43835e-06 2 1.3895e-05 -1.04812 0
2.43835e-06 2 2.15443e-05 -1.04812 0
2.43835e-06 2 3.34048e-05 -1.04812 0
2.43835e-06 2 5.17947e-05 -1.04812 0
2.43835e-06 2 8.03086e-05 -1.04812 0
2.43835e-06 2 0.00012452 -1.04811 0
2.43835e-06 2 0.00019307 -1.04811 0
2.43835e-06 2 0.000299358 -1.0481 0
2.43835e-06 2 0.000464159 -1.04808 0
2.43835e-06 2 0.000719686 -1.04806 0
2.43835e-06 2 0.00111588 -1.04802 0
2.43835e-06 2 0.0017302 -1.04795 0
2.43835e-06 2 0.0026827 -1.04784 0
2.43835e-06 2 0.00415956 -1.04764 0
2.43835e-06 2 0.00644947 -1.0473 0
2.43835e-06 2 0.01 -1.04663 0
2.43835e-06 2 0.0155052 -1.04534 0
2.43835e-06 2 0.024041 -1.04269 0
2.43835e-06 2 0.0372759 -1.03719 0
2.43835e-06 2 0.0577969 -1.02566 0
2.43835e-06 2 0.0896151 -1.00192 0
2.43835e-06 2 0.13895 -0.955156 0
2.43835e-06 2 0.215443 -0.870202 0
2.43835e-06 2 0.334048 -0.734227 0
2.43835e-06 2 0.517947 -0.551599 0
2.43835e-06 2 0.803086 -0.353525 0
2.43835e-06 2 1.2452 -0.183216 0
2.43835e-06 2 1.9307 -0.0704012 0
2.43835e-06 2 2.99358 -0.0180245 0
2.43835e-06 2 4.64159 -0.00336416 0
2.43835e-06 2 7.19686 -0.000910475 0
2.43835e-06 2 11.1588 -0.000369564 0
2.43835e-06 2 17.302 -0.000154173 0
2.43835e-06 2 26.827 -6.6235e-05 0
2.43835e-06 2 41.5956 -3.01924e-05 0
2.43835e-06 2 64.4947 -1.43543e-05 0
2.43835e-06 2 100 -7.02575e-06 0
2.43835e-06 2 155.052 -3.53928e-06 0
2.43835e-06 2 240.41 -1.83503e-06 0
2.43835e-06 2 372.759 -9.77739e-07 0
2.43835e-06 2 577.969 -5.33956e-07 0
2.43835e-06 2 896.151 -2.97905e-07 0
2.43835e-06 2 1389.5 -1.69226e-07 0
2.43835e-06 2 2154.43 -9.75619e-08 0
2.43835e-06 2 3340.48 -5.69254e-08 0
2.43835e-06 2 5179.47 -3.35376e-08 0
2.43835e-06 2 8030.86 -1.99133e-08 0
2.43835e-06 2 12452 -1.18988e-08 0
2.43835e-06 2 19307 -7.14685e-09 0
2.43835e-06 2 29935.8 -4.31121e-09 0
2.43835e-06 2 46415.9 -2.61015e-09 0
2.43835e-06 2 71968.6 -1.58521e-09 0
2.43835e-06 2 111588 -9.65354e-10 0
2.43835e-06 2 173020 -5.89293e-10 0
2.43835e-06 2 268270 -3.60503e-10 0
2.43835e-06 2 415956 -2.20968e-10 0
2.43835e-06 2 644947 -1.35682e-10 0
2.43835e-06 2 1e+06 -8.34498e-11 0

5.94557e-06 2 1e-06 -1.04812 0
5.94557e-06 2 1.55052e-06 -1.04812 0
5.94557e-06 2 2.4041e-06 -1.04812 0
5.94557e-06 2 3.72759e-06 -1.04812 0
5.94557e-06 2 5.77969e-06 -1.04812 0
5.94557e-06 2 8.96151e-06 -1.04812 0
5.94557e-06 2 1.3895e-05 -1.04812 0
5.94557e-06 2 2.15443e-05 -1.04812 0
5.94557e-06 2 3.34048e-05 -1.04812 0
5.94557e-06 2 5.17947e-05 -1.04812 0
5.94557e-06 2 8.03086e-05 -1.04812 0
5.94557e-06 2 0.00012452 -1.04811 0
5.94557e-06 2 0.00019307 -1.04811 0
5.94557e-06 2 0.000299358 -1.0481 0
5.94557e-06 2 0.000464159 -1.04808 0
5.94557e-06 2 0.000719686 -1.04806 0
5.94557e-06 2 0.00111588 -1.04802 0
5.94557e-06 2 0.0017302 -1.04795 0
5.94557e-06 2 0.0026827 -1.04784 0
5.94557e-06 2 0.00415956 -1.04764 0
5.94557e-06 2 0.00644947 -1.04729 0
5.94557e-06 2 0.01 -1.04663 0
5.94557e-06 2 0.0155052 -1.04534 0
5.94557e-06 2 0.024041 -1.04269 0
5.94557e-06 2 0.0372759 -1.03719 0
5.94557e-06 2 0.0577969 -1.02566 0
5.94557e-06 2 0.0896151 -1.00192 0
5.94557e-06 2 0.13895 -0.955155 0
5.94557e-06 2 0.215443 -0.870201 0
5.94557e-06 2 0.334048 -0.734226 0
5.94557e-06 2 0.517947 -0.551598 0
5.94557e-06 2 0.803086 -0.353525 0
5.94557e-06 2 1.2452 -0.183216 0
5.94557e-06 2 1.9307 -0.0704011 0
5.94557e-06 2 2.99358 -0.0180245 0
5.94557e-06 2 4.64159 -0.00336416 0
5.94557e-06 2 7.19686 -0.000910475 0
5.94557e-06 2 11.1588 -0.000369564 0
5.94557e-06 2 17.302 -0.000154173 0
5.94557e-06 2 26.827 -6.62349e-05 0
5.94557e-06 2 41.5956 -3.01924e-05 0
5.94557e-06 2 64.4947 -1.43543e-05 0
5.94557e-06 2 100 -7.02575e-06 0
5.94557e-06 2 155.052 -3.53928e-06 0
5.94557e-06 2 240.41 -1.83503e-06 0
5.94557e-06 2 372.759 -9.77739e-07 0
5.94557e-06 2 577.969 -5.33956e-07 0
5.94557e-06 2 896.151 -2.97905e-07 0
5.94557e-06 2 1389.5 -1.69226e-07 0
5.94557e-06 2 2154.43 -9.75619e-08 0
5.94557e-06 2 3340.48 -5.69254e-08 0
5.94557e-06 2 5179.47 -3.35376e-08 0
5.94557e-06 2 8030.86 -1.99133e-08 0
5.94557e-06 2 12452 -1.18988e-08 0
5.94557e-06 2 19307 -7.14685e-09 0
5.94557e-06 2 29935.8 -4.31121e-09 0
5.94557e-06 2 46415.9 -2.61015e-09 0
5.94557e-06 2 71968.6 -1.58521e-09 0
5.94557e-06 2 111588 -9.65354e-10 0
5.94557e-06 2 173020 -5.89293e-10 0
5.94557e-06 2 268270 -3.60503e-10 0
5.94557e-06 2 415956 -2.20968e-10 0
5.94557e-06 2 644947 -1.35682e-10 0
5.94557e-06 2 1e+06 -8.34497e-11 0

1.44974e-05 2 1e-06 -1.04812 0
1.44974e-05 2 1.55052e-06 -1.04812 0
1.44974e-05 2 2.4041e-06 -1.04812 0
1.44974e-05 2 3.72759e-06 -1.04812 0
1.44974e-05 2 5.77969e-06 -1.04812 0
1.44974e-05 2 8.96151e-06 -1.04812 0
1.44974e-05 2 1.3895e-05 -1.04812 0
1.44974e-05 2 2.15443e-05 -1.04812 0
1.44974e-05 2 3.34048e-05 -1.04812 0
1.44974e-05 2 5.17947e-05 -1.04812 0
1.44974e-05 2 8.03086e-05 -1.04812 0
1.44974e-05 2 0.00012452 -1.04811 0
1.44974e-05 2 0.00019307 -1.04811 0
1.44974e-05 2 0.000299358 -1.0481 0
1.44974e-05 2 0.000464159 -1.04808 0
1.44974e-05 2 0.000719686 -1.04806 0
1.44974e-05 2 0.00111588 -1.04802 0
1.44974e-05 2 0.0017302 -1.04795 0
1.44974e-05 2 0.0026827 -1.04784 0
1.44974e-05 2 0.00415956 -1.04764 0
1.44974e-05 2 0.00644947 -1.04729 0
1.44974e-05 2 0.01 -1.04663 0
1.44974e-05 2 0.0155052 -1.04534 0
1.44974e-05 2 0.024041 -1.04269 0
1.44974e-05 2 0.0372759 -1.03719 0
1.44974e-05 2 0.0577969 -1.02566 0
1.44974e-05 2 0.0896151 -1.00192 0
1.44974e-05 2 0.13895 -0.955153 0
1.44974e-05 2 0.215443 -0.870199 0
1.44974e-05 2 0.334048 -0.734223 0
1.44974e-05 2 0.517947 -0.551596 0
1.44974e-05 2 0.803086 -0.353524 0
1.44974e-05 2 1.2452 -0.183215 0
1.44974e-05 2 1.9307 -0.0704009 0
1.44974e-05 2 2.99358 -0.0180245 0
1.44974e-05 2 4.64159 -0.00336415 0
1.44974e-05 2 7.19686 -0.000910474 0
1.44974e-05 2 11.1588 -0.000369564 0
1.44974e-05 2 17.302 -0.000154172 0
1.44974e-05 2 26.827 -6.62349e-05 0
1.44974e-05 2 41.5956 -3.01924e-05 0
1.44974e-05 2 64.4947 -1.43543e-05 0
1.44974e-05 2 100 -7.02575e-06 0
1.44974e-05 2 155.052 -3.53928e-06 0
1.44974e-05 2 240.41 -1.83503e-06 0
1.44974e-05 2 372.759 -9.77739e-07 0
1.44974e-05 2 577.969 -5.33956e-07 0
1.44974e-05 2 896.151 -2.97905e-07 0
1.44974e-05 2 1389.5 -1.69226e-07 0
1.44974e-05 2 2154.43 -9.75619e-08 0
1.44974e-05 2 3340.48 -5.69254e-08 0
1.44974e-05 2 5179.47 -3.35376e-08 0
1.44974e-05 2 8030.86 -1.99133e-08 0
1.44974e-05 2 12452 -1.18988e-08 0
1.44974e-05 2 19307 -7.14685e-09 0
1.44974e-05 2 29935.8 -4.31121e-09 0
1.44974e-05 2 46415.9 -2.61015e-09 0
1.44974e-05 2 71968.6 -1.58521e-09 0
1.44974e-05 2 111588 -9.65354e-10 0
1.44974e-05 2 173020 -5.89293e-10 0
1.44974e-05 2 268270 -3.60503e-10 0
1.44974e-05 2 415956 -2.20968e-10 0
1.44974e-05 2 644947 -1.35682e-10 0
1.44974e-05 2 1e+06 -8.34497e-11 0

3.53498e-05 2 1e-06 -1.04812 0
3.53498e-05 2 1.55052e-06 -1.04812 0
3.53498e-05 2 2.4041e-06 -1.04812 0
3.53498e-05 2 3.72759e-06 -1.04812 0
3.53498e-05 2 5.77969e-06 -1.04812 0
3.53498e-05 2 8.96151e-06 -1.04812 0
3.53498e-05 2 1.3895e-05 -1.04812 0
3.53498e-05 2 2.15443e-05 -1.04812 0
3.53498e-05 2 3.34048e-05 -1.04812 0
3.53498e-05 2 5.17947e-05 -1.04812 0
3.53498e-05 2 8.03086e-05 -1.04812 0
3.53498e-05 2 0.00012452 -1.04811 0
3.53498e-05 2 0.00019307 -1.04811 0
3.53498e-05 2 0.000299358 -1.0481 0
3.53498e-05 2 0.000464159 -1.04808 0
3.53498e-05 2 0.000719686 -1.04806 0
3.53498e-05 2 0.00111588 -1.04801 0
3.53498e-05 2 0.0017302 -1.04795 0
3.53498e-05 2 0.0026827 -1.04784 0
3.53498e-05 2 0.00415956 -1.04764 0
3.53498e-05 2 0.00644947 -1.04729 0
3.53498e-05 2 0.01 -1.04663 0
3.53498e-05 2 0.0155052 -1.04533 0
3.53498e-05 2 0.024041 -1.04269 0
3.53498e-05 2 0.0372759 -1.03718 0
3.53498e-05 2 0.0577969 -1.02566 0
3.53498e-05 2 0.0896151 -1.00192 0
3.53498e-05 2 0.13895 -0.955148 0
3.53498e-05 2 0.215443 -0.870192 0
3.53498e-05 2 0.334048 -0.734218 0
3.53498e-05 2 0.517947 -0.551592 0
3.53498e-05 2 0.803086 -0.353521 0
3.53498e-05 2 1.2452 -0.183214 0
3.53498e-05 2 1.9307 -0.0704004 0
3.53498e-05 2 2.99358 -0.0180243 0
3.53498e-05 2 4.64159 -0.00336414 0
3.53498e-05 2 7.19686 -0.000910473 0
3.53498e-05 2 11.1588 -0.000369563 0
3.53498e-05 2 17.302 -0.000154172 0
3.53498e-05 2 26.827 -6.62349e-05 0
3.53498e-05 2 41.5956 -3.01924e-05 0
3.53498e-05 2 64.4947 -1.43543e-05 0
3.53498e-05 2 100 -7.02575e-06 0
3.53498e-05 2 155.052 -3.53928e-06 0
3.53498e-05 2 240.41 -1.83503e-06 0
3.53498e-05 2 372.759 -9.77738e-07 0
3.53498e-05 2 577.969 -5.33956e-07 0
3.53498e-05 2 896.151 -2.97905e-07 0
3.53498e-05 2 1389.5 -1.69226e-07 0
3.53498e-05 2 2154.43 -9.75619e-08 0
3.53498e-05 2 3340.48 -5.69254e-08 0
3.53498e-05 2 5179.47 -3.35376e-08 0
3.53498e-05 2 8030.86 -1.99133e-08 0
3.53498e-05 2 12452 -1.18988e-08 0
3.53498e-05 2 19307 -7.14685e-09 0
3.53498e-05 2 29935.8 -4.31121e-09 0
3.53498e-05 2 46415.9 -2.61015e-09 0
3.53498e-05 2 71968.6 -1.58521e-09 0
3.53498e-05 2 111588 -9.65354e-10 0
3.53498e-05 2 173020 -5.89293e-10 0
3.53498e-05 2 268270 -3.60503e-10 0
3.53498e-05 2 415956 -2.20968e-10 0
3.53498e-05 2 644947 -1.35682e-10 0
3.53498e-05 2 1e+06 -8.34497e-11 0

8.61954e-05 2 1e-06 -1.04812 0
8.61954e-05 2 1.55052e-06 -1.04812 0
8.61954e-05 2 2.4041e-06 -1.04812 0
8.61954e-05 2 3.72759e-06 -1.04812 0
8.61954e-05 2 5.77969e-06 -1.04812 0
8.61954e-05 2 8.96151e-06 -1.04812 0
8.61954e-05 2 1.3895e-05 -1.04812 0
8.61954e-05 2 2.15443e-05 -1.04812 0
8.61954e-05 2 3.34048e-05 -1.04812 0
8.61954e-05 2 5.17947e-05 -1.04812 0
8.61954e-05 2 8.03086e-05 -1.04811 0
8.61954e-05 2 0.00012452 -1.04811 0
8.61954e-05 2 0.00019307 -1.0481 0
8.61954e-05 2 0.000299358 -1.04809 0
8.61954e-05 2 0.000464159 -1.04808 0
8.61954e-05 2 0.000719686 -1.04805 0
8.61954e-05 2 0.00111588 -1.04801 0
8.61954e-05 2 0.0017302 -1.04795 0
8.61954e-05 2 0.0026827 -1.04784 0
8.61954e-05 2 0.00415956 -1.04764 0
8.61954e-05 2 0.00644947 -1.04729 0
8.61954e-05 2 0.01 -1.04663 0
8.61954e-05 2 0.0155052 -1.04533 0
8.61954e-05 2 0.024041 -1.04268 0
8.61954e-05 2 0.0372759 -1.03718 0
8.61954e-05 2 0.0577969 -1.02565 0
8.61954e-05 2 0.0896151 -1.00191 0
8.61954e-05 2 0.13895 -0.955134 0
8.61954e-05 2 0.215443 -0.870178 0
8.61954e-05 2 0.334048 -0.734203 0
8.61954e-05 2 0.517947 -0.551581 0
8.61954e-05 2 0.803086 -0.353514 0
8.61954e-05 2 1.2452 -0.18321 0
8.61954e-05 2 1.9307 -0.0703993 0
8.61954e-05 2 2.99358 -0.0180241 0
8.61954e-05 2 4.64159 -0.00336411 0
8.61954e-05 2 7.19686 -0.000910469 0
8.61954e-05 2 11.1588 -0.000369563 0
8.61954e-05 2 17.302 -0.000154172 0
8.61954e-05 2 26.827 -6.62349e-05 0
8.61954e-05 2 41.5956 -3.01924e-05 0
8.61954e-05 2 64.4947 -1.43543e-05 0
8.61954e-05 2 100 -7.02574e-06 0
8.61954e-05 2 155.052 -3.53928e-06 0
8.61954e-05 2 240.41 -1.83503e-06 0
8.61954e-05 2 372.759 -9.77738e-07 0
8.61954e-05 2 577.969 -5.33956e-07 0
8.61954e-05 2 896.151 -2.97905e-07 0
8.61954e-05 2 1389.5 -1.69226e-07 0
8.61954e-05 2 2154.43 -9.75619e-08 0
8.61954e-05 2 3340.48 -5.69254e-08 0
8.61954e-05 2 5179.47 -3.35376e-08 0
8.61954e-05 2 8030.86 -1.99133e-08 0
8.61954e-05 2 12452 -1.18988e-08 0
8.61954e-05 2 19307 -7.14685e-09 0
8.61954e-05 2 29935.8 -4.31121e-09 0
8.61954e-05 2 46415.9 -2.61015e-09 0
8.61954e-05 2 71968.6 -1.58521e-09 0
8.61954e-05 2 111588 -9.65354e-10 0
8.61954e-05 2 173020 -5.89293e-10 0
8.61954e-05 2 268270 -3.60503e-10 0
8.61954e-05 2 415956 -2.20968e-10 0
8.61954e-05 2 644947 -1.35682e-10 0
8.61954e-05 2 1e+06 -8.34497e-11 0

0.000210175 2 1e-06 -1.04812 0
0.000210175 2 1.55052e-06 -1.04812 0
0.000210175 2 2.4041e-06 -1.04812 0
0.000210175 2 3.72759e-06 -1.04812 0
0.000210175 2 5.77969e-06 -1.04812 0
0.000210175 2 8.96151e-06 -1.04812 0
0.000210175 2 1.3895e-05 -1.04812 0
0.000210175 2 2.15443e-05 -1.04812 0
0.000210175 2 3.34048e-05 -1.04812 0
0.000210175 2 5.17947e-05 -1.04811 0
0.000210175 2 8.03086e-05 -1.04811 0
0.000210175 2 0.00012452 -1.04811 0
0.000210175 2 0.00019307 -1.0481 0
0.000210175 2 0.000299358 -1.04809 0
0.000210175 2 0.000464159 -1.04808 0
0.000210175 2 0.000719686 -1.04805 0
0.000210175 2 0.00111588 -1.04801 0
0.000210175 2 0.0017302 -1.04794 0
0.000210175 2 0.0026827 -1.04783 0
0.000210175 2 0.00415956 -1.04764 0
0.000210175 2 0.00644947 -1.04729 0
0.000210175 2 0.01 -1.04662 0
0.000210175 2 0.0155052 -1.04532 0
0.000210175 2 0.024041 -1.04267 0
0.000210175 2 0.0372759 -1.03716 0
0.000210175 2 0.0577969 -1.02563 0
0.000210175 2 0.0896151 -1.00188 0
0.000210175 2 0.13895 -0.955102 0
0.000210175 2 0.215443 -0.870142 0
0.000210175 2 0.334048 -0.734169 0
0.000210175 2 0.517947 -0.551554 0
0.000210175 2 0.803086 -0.353498 0
0.000210175 2 1.2452 -0.183202 0
0.000210175 2 1.9307 -0.0703964 0
0.000210175 2 2.99358 -0.0180234 0
0.000210175 2 4.64159 -0.00336402 0
0.000210175 2 7.19686 -0.000910461 0
0.000210175 2 11.1588 -0.000369561 0
0.000210175 2 17.302 -0.000154172 0
0.000210175 2 26.827 -6.62347e-05 0
0.000210175 2 41.5956 -3.01923e-05 0
0.000210175 2 64.4947 -1.43543e-05 0
0.000210175 2 100 -7.02574e-06 0
0.000210175 2 155.052 -3.53928e-06 0
0.000210175 2 240.41 -1.83503e-06 0
0.000210175 2 372.759 -9.77738e-07 0
0.000210175 2 577.969 -5.33956e-07 0
0.000210175 2 896.151 -2.97905e-07 0
0.000210175 2 1389.5 -1.69226e-07 0
0.000210175 2 2154.43 -9.75619e-08 0
0.000210175 2 3340.48 -5.69254e-08 0
0.000210175 2 5179.47 -3.35376e-08 0
0.000210175 2 8030.86 -1.99133e-08 0
0.000210175 2 12452 -1.18988e-08 0
0.000210175 2 19307 -7.14685e-09 0
0.000210175 2 29935.8 -4.31121e-09 0
0.000210175 2 46415.9 -2.61015e-09 0
0.000210175 2 71968.6 -1.58521e-09 0
0.000210175 2 111588 -9.65354e-10 0
0.000210175 2 173020 -5.89293e-10 0
0.000210175 2 268270 -3.60503e-10 0
0.000210175 2 415956 -2.20968e-10 0
0.000210175 2 644947 -1.35682e-10 0
0.000210175 2 1e+06 -8.34497e-11 0

0.000512481 2 1e-06 -1.04811 0
0.000512481 2 1.55052e-06 -1.04811 0
0.000512481 2 2.4041e-06 -1.04811 0
0.000512481 2 3.72759e-06 -1.04811 0
0.000512481 2 5.77969e-06 -1.04811 0
0.000512481 2 8.96151e-06 -1.04811 0
0.000512481 2 1.3895e-05 -1.04811 0
0.000512481 2 2.15443e-05 -1.04811 0
0.000512481 2 3.34048e-05 -1.04811 0
0.000512481 2 5.17947e-05 -1.04811 0
0.000512481 2 8.03086e-05 -1.04811 0
0.000512481 2 0.00012452 -1.0481 0
0.000512481 2 0.00019307 -1.04809 0
0.000512481 2 0.000299358 -1.04808 0
0.000512481 2 0.000464159 -1.04807 0
0.000512481 2 0.000719686 -1.04804 0
0.000512481 2 0.00111588 -1.048 0
0.000512481 2 0.0017302 -1.04794 0
0.000512481 2 0.0026827 -1.04782 0
0.000512481 2 0.00415956 -1.04763 0
0.000512481 2 0.00644947 -1.04727 0
0.000512481 2 0.01 -1.04661 0
0.000512481 2 0.0155052 -1.0453 0
0.000512481 2 0.024041 -1.04265 0
0.000512481 2 0.0372759 -1.03713 0
0.000512481 2 0.0577969 -1.02558 0
0.000512481 2 0.0896151 -1.00182 0
0.000512481 2 0.13895 -0.955024 0
0.000512481 2 0.215443 -0.870055 0
0.000512481 2 0.334048 -0.734086 0
0.000512481 2 0.517947 -0.551489 0
0.000512481 2 0.803086 -0.353457 0
0.000512481 2 1.2452 -0.183183 0
0.000512481 2 1.9307 -0.0703893 0
0.000512481 2 2.99358 -0.0180218 0
0.000512481 2 4.64159 -0.00336383 0
0.000512481 2 7.19686 -0.000910439 0
0.000512481 2 11.1588 -0.000369556 0
0.000512481 2 17.302 -0.00015417 0
0.000512481 2 26.827 -6.62344e-05 0
0.000512481 2 41.5956 -3.01922e-05 0
0.000512481 2 64.4947 -1.43543e-05 0
0.000512481 2 100 -7.02573e-06 0
0.000512481 2 155.052 -3.53928e-06 0
0.000512481 2 240.41 -1.83503e-06 0
0.000512481 2 372.759 -9.77738e-07 0
0.000512481 2 577.969 -5.33955e-07 0
0.000512481 2 896.151 -2.97905e-07 0
0.000512481 2 1389.5 -1.69226e-07 0
0.000512481 2 2154.43 -9.75619e-08 0
0.000512481 2 3340.48 -5.69254e-08 0
0.000512481 2 5179.47 -3.35376e-08 0
0.000512481 2 8030.86 -1.99133e-08 0
0.000512481 2 12452 -1.18988e-08 0
0.000512481 2 19307 -7.14685e-09 0
0.000512481 2 29935.8 -4.31121e-09 0
0.000512481 2 46415.9 -2.61015e-09 0
0.000512481 2 71968.6 -1.58521e-09 0
0.000512481 2 111588 -9.65354e-10 0
0.000512481 2 173020 -5.89293e-10 0
0.000512481 2 268270 -3.60503e-10 0
0.000512481 2 415956 -2.20968e-10 0
0.000512481 2 644947 -1.35682e-10 0
0.000512481 2 1e+06 -8.34497e-11 0

0.00124961 2 1e-06 -1.0481 0
0.00124961 2 1.55052e-06 -1.0481 0
0.00124961 2 2.4041e-06 -1.0481 0
0.00124961 2 3.72759e-06 -1.0481 0
0.00124961 2 5.77969e-06 -1.04809 0
0.00124961 2 8.96151e-06 -1.04809 0
0.00124961 2 1.3895e-05 -1.04809 0
0.00124961 2 2.15443e-05 -1.04809 0
0.00124961 2 3.34048e-05 -1.04809 0
0.00124961 2 5.17947e-05 -1.04809 0
0.00124961 2 8.03086e-05 -1.04809 0
0.00124961 2 0.00012452 -1.04808 0
0.00124961 2 0.00019307 -1.04808 0
0.00124961 2 0.000299358 -1.04807 0
0.00124961 2 0.000464159 -1.04805 0
0.00124961 2 0.000719686 -1.04802 0
0.00124961 2 0.00111588 -1.04798 0
0.00124961 2 0.0017302 -1.04791 0
0.00124961 2 0.0026827 -1.0478 0
0.00124961 2 0.00415956 -1.0476 0
0.00124961 2 0.00644947 -1.04724 0
0.00124961 2 0.01 -1.04657 0
0.00124961 2 0.0155052 -1.04525 0
0.00124961 2 0.024041 -1.04258 0
0.00124961 2 0.0372759 -1.03704 0
0.00124961 2 0.0577969 -1.02546 0
0.00124961 2 0.0896151 -1.00166 0
0.00124961 2 0.13895 -0.954832 0
0.00124961 2 0.215443 -0.869842 0
0.00124961 2 0.334048 -0.733882 0
0.00124961 2 0.517947 -0.551329 0
0.00124961 2 0.803086 -0.353358 0
0.00124961 2 1.2452 -0.183134 0
0.00124961 2 1.9307 -0.0703721 0
0.00124961 2 2.99358 -0.0180179 0
0.00124961 2 4.64159 -0.00336335 0
0.00124961 2 7.19686 -0.000910388 0
0.00124961 2 11.1588 -0.000369544 0
0.00124961 2 17.302 -0.000154167 0
0.00124961 2 26.827 -6.62335e-05 0
0.00124961 2 41.5956 -3.0192e-05 0
0.00124961 2 64.4947 -1.43542e-05 0
0.00124961 2 100 -7.02571e-06 0
0.00124961 2 155.052 -3.53927e-06 0
0.00124961 2 240.41 -1.83503e-06 0
0.00124961 2 372.759 -9.77737e-07 0
0.00124961 2 577.969 -5.33955e-07 0
0.00124961 2 896.151 -2.97905e-07 0
0.00124961 2 1389.5 -1.69225e-07 0
0.00124961 2 2154.43 -9.75619e-08 0
0.00124961 2 3340.48 -5.69254e-08 0
0.00124961 2 5179.47 -3.35376e-08 0
0.00124961 2 8030.86 -1.99133e-08 0
0.00124961 2 12452 -1.18988e-08 0
0.00124961 2 19307 -7.14685e-09 0
0.00124961 2 29935.8 -4.31121e-09 0
0.00124961 2 46415.9 -2.61015e-09 0
0.00124961 2 71968.6 -1.58521e-09 0
0.00124961 2 111588 -9.65354e-10 0
0.00124961 2 173020 -5.89293e-10 0
0.00124961 2 268270 -3.60503e-10 0
0.00124961 2 415956 -2.20968e-10 0
0.00124961 2 644947 -1.35682e-10 0
0.00124961 2 1e+06 -8.34497e-11 0

0.00304699 2 1e-06 -1.04805 0
0.00304699 2 1.55052e-06 -1.04805 0
0.00304699 2 2.4041e-06 -1.04805 0
0.00304699 2 3.72759e-06 -1.04805 0
0.00304699 2 5.77969e-06 -1.04805 0
0.00304699 2 8.96151e-06 -1.04805 0
0.00304699 2 1.3895e-05 -1.04805 0
0.00304699 2 2.15443e-05 -1.04805 0
0.00304699 2 3.34048e-05 -1.04805 0
0.00304699 2 5.17947e-05 -1.04805 0
0.00304699 2 8.03086e-05 -1.04804 0
0.00304699 2 0.00012452 -1.04804 0
0.00304699 2 0.00019307 -1.04803 0
0.00304699 2 0.000299358 -1.04802 0
0.00304699 2 0.000464159 -1.048 0
0.00304699 2 0.000719686 -1.04798 0
0.00304699 2 0.00111588 -1.04793 0
0.00304699 2 0.0017302 -1.04786 0
0.00304699 2 0.0026827 -1.04774 0
0.00304699 2 0.00415956 -1.04754 0
0.00304699 2 0.00644947 -1.04717 0
0.00304699 2 0.01 -1.04647 0
0.00304699 2 0.0155052 -1.04513 0
0.00304699 2 0.024041 -1.04242 0
0.00304699 2 0.0372759 -1.03682 0
0.00304699 2 0.0577969 -1.02517 0
0.00304699 2 0.0896151 -1.00128 0
0.00304699 2 0.13895 -0.954365 0
0.00304699 2 0.215443 -0.869322 0
0.00304699 2 0.334048 -0.733385 0
0.00304699 2 0.517947 -0.550941 0
0.00304699 2 0.803086 -0.353116 0
0.00304699 2 1.2452 -0.183017 0
0.00304699 2 1.9307 -0.0703301 0
0.00304699 2 2.99358 -0.0180084 0
0.00304699 2 4.64159 -0.00336217 0
0.00304699 2 7.19686 -0.000910262 0
0.00304699 2 11.1588 -0.000369515 0
0.00304699 2 17.302 -0.000154159 0
0.00304699 2 26.827 -6.62315e-05 0
0.00304699 2 41.5956 -3.01915e-05 0
0.00304699 2 64.4947 -1.4354e-05 0
0.00304699 2 100 -7.02566e-06 0
0.00304699 2 155.052 -3.53926e-06 0
0.00304699 2 240.41 -1.83503e-06 0
0.00304699 2 372.759 -9.77736e-07 0
0.00304699 2 577.969 -5.33955e-07 0
0.00304699 2 896.151 -2.97905e-07 0
0.00304699 2 1389.5 -1.69225e-07 0
0.00304699 2 2154.43 -9.75619e-08 0
0.00304699 2 3340.48 -5.69254e-08 0
0.00304699 2 5179.47 -3.35376e-08 0
0.00304699 2 8030.86 -1.99133e-08 0
0.00304699 2 12452 -1.18988e-08 0
0.00304699 2 19307 -7.14685e-09 0
0.00304699 2 29935.8 -4.31121e-09 0
0.00304699 2 46415.9 -2.61014e-09 0
0.00304699 2 71968.6 -1.58521e-09 0
0.00304699 2 111588 -9.65354e-10 0
0.00304699 2 173020 -5.89293e-10 0
0.00304699 2 268270 -3.60503e-10 0
0.00304699 2 415956 -2.20968e-10 0
0.00304699 2 644947 -1.35682e-10 0
0.00304699 2 1e+06 -8.34497e-11 0

0.00742964 2 1e-06 -1.04794 0
0.00742964 2 1.55052e-06 -1.04794 0
0.00742964 2 2.4041e-06 -1.04794 0
0.00742964 2 3.72759e-06 -1.04794 0
0.00742964 2 5.77969e-06 -1.04793 0
0.00742964 2 8.96151e-06 -1.04793 0
0.00742964 2 1.3895e-05 -1.04793 0
0.00742964 2 2.15443e-05 -1.04793 0
0.00742964 2 3.34048e-05 -1.04793 0
0.00742964 2 5.17947e-05 -1.04793 0
0.00742964 2 8.03086e-05 -1.04793 0
0.00742964 2 0.00012452 -1.04792 0
0.00742964 2 0.00019307 -1.04791 0
0.00742964 2 0.000299358 -1.0479 0
0.00742964 2 0.000464159 -1.04788 0
0.00742964 2 0.000719686 -1.04785 0
0.00742964 2 0.00111588 -1.0478 0
0.00742964 2 0.0017302 -1.04772 0
0.00742964 2 0.0026827 -1.04759 0
0.00742964 2 0.00415956 -1.04737 0
0.00742964 2 0.00644947 -1.04697 0
0.00742964 2 0.01 -1.04623 0
0.00742964 2 0.0155052 -1.04482 0
0.00742964 2 0.024041 -1.04202 0
0.00742964 2 0.0372759 -1.03628 0
0.00742964 2 0.0577969 -1.02445 0
0.00742964 2 0.0896151 -1.00035 0
0.00742964 2 0.13895 -0.953223 0
0.00742964 2 0.215443 -0.868055 0
0.00742964 2 0.334048 -0.732176 0
0.00742964 2 0.517947 -0.549995 0
0.00742964 2 0.803086 -0.352529 0
0.00742964 2 1.2452 -0.182731 0
0.00742964 2 1.9307 -0.0702278 0
0.00742964 2 2.99358 -0.0179853 0
0.00742964 2 4.64159 -0.00335932 0
0.00742964 2 7.19686 -0.000909955 0
0.00742964 2 11.1588 -0.000369444 0
0.00742964 2 17.302 -0.00015414 0
0.00742964 2 26.827 -6.62266e-05 0
0.00742964 2 41.5956 -3.01901e-05 0
0.00742964 2 64.4947 -1.43536e-05 0
0.00742964 2 100 -7.02554e-06 0
0.00742964 2 155.052 -3.53922e-06 0
0.00742964 2 240.41 -1.83501e-06 0
0.00742964 2 372.759 -9.77732e-07 0
0.00742964 2 577.969 -5.33953e-07 0
0.00742964 2 896.151 -2.97904e-07 0
0.00742964 2 1389.5 -1.69225e-07 0
0.00742964 2 2154.43 -9.75618e-08 0
0.00742964 2 3340.48 -5.69254e-08 0
0.00742964 2 5179.47 -3.35376e-08 0
0.00742964 2 8030.86 -1.99133e-08 0
0.00742964 2 12452 -1.18988e-08 0
0.00742964 2 19307 -7.14685e-09 0
0.00742964 2 29935.8 -4.31121e-09 0
0.00742964 2 46415.9 -2.61014e-09 0
0.00742964 2 71968.6 -1.58521e-09 0
0.00742964 2 111588 -9.65354e-10 0
0.00742964 2 173020 -5.89293e-10 0
0.00742964 2 268270 -3.60503e-10 0
0.00742964 2 415956 -2.20968e-10 0
0.00742964 2 644947 -1.35682e-10 0
0.00742964 2 1e+06 -8.34497e-11 0

0.0181161 2 1e-06 -1.04759 0
0.0181161 2 1.55052e-06 -1.04759 0
0.0181161 2 2.4041e-06 -1.04759 0
0.0181161 2 3.72759e-06 -1.04759 0
0.0181161 2 5.77969e-06 -1.04759 0
0.0181161 2 8.96151e-06 -1.04759 0
0.0181161 2 1.3895e-05 -1.04759 0
0.0181161 2 2.15443e-05 -1.04759 0
0.0181161 2 3.34048e-05 -1.04759 0
0.0181161 2 5.17947e-05 -1.04759 0
0.0181161 2 8.03086e-05 -1.04758 0
0.0181161 2 0.00012452 -1.04757 0
0.0181161 2 0.00019307 -1.04756 0
0.0181161 2 0.000299358 -1.04755 0
0.0181161 2 0.000464159 -1.04752 0
0.0181161 2 0.000719686 -1.04749 0
0.0181161 2 0.00111588 -1.04742 0
0.0181161 2 0.0017302 -1.04733 0
0.0181161 2 0.0026827 -1.04716 0
0.0181161 2 0.00415956 -1.04689 0
0.0181161 2 0.00644947 -1.04643 0
0.0181161 2 0.01 -1.04559 0
0.0181161 2 0.0155052 -1.04402 0
0.0181161 2 0.024041 -1.04099 0
0.0181161 2 0.0372759 -1.03493 0
0.0181161 2 0.0577969 -1.02267 0
0.0181161 2 0.0896151 -0.998054 0
0.0181161 2 0.13895 -0.950425 0
0.0181161 2 0.215443 -0.864962 0
0.0181161 2 0.334048 -0.729231 0
0.0181161 2 0.517947 -0.547695 0
0.0181161 2 0.803086 -0.3511 0
0.0181161 2 1.2452 -0.182036 0
0.0181161 2 1.9307 -0.069979 0
0.0181161 2 2.99358 -0.017929 0
0.0181161 2 4.64159 -0.00335237 0
0.0181161 2 7.19686 -0.000909207 0
0.0181161 2 11.1588 -0.000369271 0
0.0181161 2 17.302 -0.000154094 0
0.0181161 2 26.827 -6.62146e-05 0
0.0181161 2 41.5956 -3.01868e-05 0
0.0181161 2 64.4947 -1.43527e-05 0
0.0181161 2 100 -7.02525e-06 0
0.0181161 2 155.052 -3.53913e-06 0
0.0181161 2 240.41 -1.83498e-06 0
0.0181161 2 372.759 -9.77722e-07 0
0.0181161 2 577.969 -5.3395e-07 0
0.0181161 2 896.151 -2.97903e-07 0
0.0181161 2 1389.5 -1.69225e-07 0
0.0181161 2 2154.43 -9.75617e-08 0
0.0181161 2 3340.48 -5.69253e-08 0
0.0181161 2 5179.47 -3.35375e-08 0
0.0181161 2 8030.86 -1.99133e-08 0
0.0181161 2 12452 -1.18988e-08 0
0.0181161 2 19307 -7.14685e-09 0
0.0181161 2 29935.8 -4.31121e-09 0
0.0181161 2 46415.9 -2.61014e-09 0
0.0181161 2 71968.6 -1.5852e-09 0
0.0181161 2 111588 -9.65354e-10 0
0.0181161 2 173020 -5.89293e-10 0
0.0181161 2 268270 -3.60503e-10 0
0.0181161 2 415956 -2.20968e-10 0
0.0181161 2 644947 -1.35682e-10 0
0.0181161 2 1e+06 -8.34497e-11 0

0.0441734 2 1e-06 -1.04641 0
0.0441734 2 1.55052e-06 -1.04641 0
0.0441734 2 2.4041e-06 -1.04641 0
0.0441734 2 3.72759e-06 -1.04641 0
0.0441734 2 5.77969e-06 -1.04641 0
0.0441734 2 8.96151e-06 -1.04641 0
0.0441734 2 1.3895e-05 -1.04641 0
0.0441734 2 2.15443e-05 -1.04641 0
0.0441734 2 3.34048e-05 -1.04641 0
0.0441734 2 5.17947e-05 -1.0464 0
0.0441734 2 8.03086e-05 -1.0464 0
0.0441734 2 0.00012452 -1.04639 0
0.0441734 2 0.00019307 -1.04637 0
0.0441734 2 0.000299358 -1.04635 0
0.0441734 2 0.000464159 -1.04631 0
0.0441734 2 0.000719686 -1.04625 0
0.0441734 2 0.00111588 -1.04616 0
0.0441734 2 0.0017302 -1.04602 0
0.0441734 2 0.0026827 -1.04579 0
0.0441734 2 0.00415956 -1.04541 0
0.0441734 2 0.00644947 -1.04478 0
0.0441734 2 0.01 -1.0437 0
0.0441734 2 0.0155052 -1.04177 0
0.0441734 2 0.024041 -1.0382 0
0.0441734 2 0.0372759 -1.03138 0
0.0441734 2 0.0577969 -1.01812 0
0.0441734 2 0.0896151 -0.992313 0
0.0441734 2 0.13895 -0.943527 0
0.0441734 2 0.215443 -0.857412 0
0.0441734 2 0.334048 -0.722083 0
0.0441734 2 0.517947 -0.542128 0
0.0441734 2 0.803086 -0.347642 0
0.0441734 2 1.2452 -0.180352 0
0.0441734 2 1.9307 -0.0693763 0
0.0441734 2 2.99358 -0.0177926 0
0.0441734 2 4.64159 -0.00333551 0
0.0441734 2 7.19686 -0.000907388 0
0.0441734 2 11.1588 -0.00036885 0
0.0441734 2 17.302 -0.000153981 0
0.0441734 2 26.827 -6.61852e-05 0
0.0441734 2 41.5956 -3.01788e-05 0
0.0441734 2 64.4947 -1.43503e-05 0
0.0441734 2 100 -7.02453e-06 0
0.0441734 2 155.052 -3.5389e-06 0
0.0441734 2 240.41 -1.83491e-06 0
0.0441734 2 372.759 -9.77698e-07 0
0.0441734 2 577.969 -5.33942e-07 0
0.0441734 2 896.151 -2.97901e-07 0
0.0441734 2 1389.5 -1.69224e-07 0
0.0441734 2 2154.43 -9.75613e-08 0
0.0441734 2 3340.48 -5.69252e-08 0
0.0441734 2 5179.47 -3.35375e-08 0
0.0441734 2 8030.86 -1.99133e-08 0
0.0441734 2 12452 -1.18988e-08 0
0.0441734 2 19307 -7.14685e-09 0
0.0441734 2 29935.8 -4.31121e-09 0
0.0441734 2 46415.9 -2.61014e-09 0
0.0441734 2 71968.6 -1.5852e-09 0
0.0441734 2 111588 -9.65354e-10 0
0.0441734 2 173020 -5.89293e-10 0
0.0441734 2 268270 -3.60503e-10 0
0.0441734 2 415956 -2.20968e-10 0
0.0441734 2 644947 -1.35682e-10 0
0.0441734 2 1e+06 -8.34497e-11 0

0.107711 2 1e-06 -1.04163 0
0.107711 2 1.55052e-06 -1.04163 0
0.107711 2 2.4041e-06 -1.04163 0
0.107711 2 3.72759e-06 -1.04163 0
0.107711 2 5.77969e-06 -1.04163 0
0.107711 2 8.96151e-06 -1.04163 0
0.107711 2 1.3895e-05 -1.04163 0
0.107711 2 2.15443e-05 -1.04162 0
0.107711 2 3.34048e-05 -1.04162 0
0.107711 2 5.17947e-05 -1.04161 0
0.107711 2 8.03086e-05 -1.0416 0
0.107711 2 0.00012452 -1.04158 0
0.107711 2 0.00019307 -1.04156 0
0.107711 2 0.000299358 -1.04152 0
0.107711 2 0.000464159 -1.04145 0
0.107711 2 0.000719686 -1.04135 0
0.107711 2 0.00111588 -1.0412 0
0.107711 2 0.0017302 -1.04096 0
0.107711 2 0.0026827 -1.04057 0
0.107711 2 0.00415956 -1.03996 0
0.107711 2 0.00644947 -1.03897 0
0.107711 2 0.01 -1.03734 0
0.107711 2 0.0155052 -1.03459 0
0.107711 2 0.024041 -1.02984 0
0.107711 2 0.0372759 -1.02136 0
0.107711 2 0.0577969 -1.00592 0
0.107711 2 0.0896151 -0.977526 0
0.107711 2 0.13895 -0.926307 0
0.107711 2 0.215443 -0.83897 0
0.107711 2 0.334048 -0.704854 0
0.107711 2 0.517947 -0.528791 0
0.107711 2 0.803086 -0.339365 0
0.107711 2 1.2452 -0.176317 0
0.107711 2 1.9307 -0.0679297 0
0.107711 2 2.99358 -0.017465 0
0.107711 2 4.64159 -0.0032949 0
0.107711 2 7.19686 -0.000902981 0
0.107711 2 11.1588 -0.000367827 0
0.107711 2 17.302 -0.000153707 0
0.107711 2 26.827 -6.61138e-05 0
0.107711 2 41.5956 -3.01591e-05 0
0.107711 2 64.4947 -1.43445e-05 0
0.107711 2 100 -7.02278e-06 0
0.107711 2 155.052 -3.53836e-06 0
0.107711 2 240.41 -1.83474e-06 0
0.107711 2 372.759 -9.77641e-07 0
0.107711 2 577.969 -5.33922e-07 0
0.107711 2 896.151 -2.97894e-07 0
0.107711 2 1389.5 -1.69221e-07 0
0.107711 2 2154.43 -9.75604e-08 0
0.107711 2 3340.48 -5.69248e-08 0
0.107711 2 5179.47 -3.35374e-08 0
0.107711 2 8030.86 -1.99132e-08 0
0.107711 2 12452 -1.18988e-08 0
0.107711 2 19307 -7.14684e-09 0
0.107711 2 29935.8 -4.31121e-09 0
0.107711 2 46415.9 -2.61014e-09 0
0.107711 2 71968.6 -1.5852e-09 0
0.107711 2 111588 -9.65354e-10 0
0.107711 2 173020 -5.89293e-10 0
0.107711 2 268270 -3.60503e-10 0
0.107711 2 415956 -2.20968e-10 0
0.107711 2 644947 -1.35682e-10 0
0.107711 2 1e+06 -8.34497e-11 0

0.262636 2 1e-06 -1.0204 0
0.262636 2 1.55052e-06 -1.0204 0
0.262636 2 2.4041e-06 -1.0204 0
0.262636 2 3.72759e-06 -1.0204 0
0.262636 2 5.77969e-06 -1.0204 0
0.262636 2 8.96151e-06 -1.02039 0
0.262636 2 1.3895e-05 -1.02039 0
0.262636 2 2.15443e-05 -1.02038 0
0.262636 2 3.34048e-05 -1.02038 0
0.262636 2 5.17947e-05 -1.02036 0
0.262636 2 8.03086e-05 -1.02034 0
0.262636 2 0.00012452 -1.02031 0
0.262636 2 0.00019307 -1.02026 0
0.262636 2 0.000299358 -1.02019 0
0.262636 2 0.000464159 -1.02007 0
0.262636 2 0.000719686 -1.01989 0
0.262636 2 0.00111588 -1.01961 0
0.262636 2 0.0017302 -1.01918 0
0.262636 2 0.0026827 -1.0185 0
0.262636 2 0.00415956 -1.01743 0
0.262636 2 0.00644947 -1.01575 0
0.262636 2 0.01 -1.01308 0
0.262636 2 0.0155052 -1.00879 0
0.262636 2 0.024041 -1.0018 0
0.262636 2 0.0372759 -0.990226 0
0.262636 2 0.0577969 -0.970764 0
0.262636 2 0.0896151 -0.937812 0
0.262636 2 0.13895 -0.882645 0
0.262636 2 0.215443 -0.794164 0
0.262636 2 0.334048 -0.664121 0
0.262636 2 0.517947 -0.497658 0
0.262636 2 0.803086 -0.320074 0
0.262636 2 1.2452 -0.166879 0
0.262636 2 1.9307 -0.0645355 0
0.262636 2 2.99358 -0.0166939 0
0.262636 2 4.64159 -0.00319882 0
0.262636 2 7.19686 -0.000892393 0
0.262636 2 11.1588 -0.000365349 0
0.262636 2 17.302 -0.000153042 0
0.262636 2 26.827 -6.59402e-05 0
0.262636 2 41.5956 -3.01114e-05 0
0.262636 2 64.4947 -1.43305e-05 0
0.262636 2 100 -7.01851e-06 0
0.262636 2 155.052 -3.53703e-06 0
0.262636 2 240.41 -1.83431e-06 0
0.262636 2 372.759 -9.775e-07 0
0.262636 2 577.969 -5.33875e-07 0
0.262636 2 896.151 -2.97877e-07 0
0.262636 2 1389.5 -1.69216e-07 0
0.262636 2 2154.43 -9.75583e-08 0
0.262636 2 3340.48 -5.69241e-08 0
0.262636 2 5179.47 -3.35371e-08 0
0.262636 2 8030.86 -1.99131e-08 0
0.262636 2 12452 -1.18987e-08 0
0.262636 2 19307 -7.14682e-09 0
0.262636 2 29935.8 -4.3112e-09 0
0.262636 2 46415.9 -2.61014e-09 0
0.262636 2 71968.6 -1.5852e-09 0
0.262636 2 111588 -9.65354e-10 0
0.262636 2 173020 -5.89292e-10 0
0.262636 2 268270 -3.60503e-10 0
0.262636 2 415956 -2.20968e-10 0
0.262636 2 644947 -1.35682e-10 0
0.262636 2 1e+06 -8.34497e-11 0

0.6404 2 1e-06 -0.932665 0
0.6404 2 1.55052e-06 -0.932664 0
0.6404 2 2.4041e-06 -0.932663 0
0.6404 2 3.72759e-06 -0.932662 0
0.6404 2 5.77969e-06 -0.93266 0
0.6404 2 8.96151e-06 -0.932656 0
0.6404 2 1.3895e-05 -0.932651 0
0.6404 2 2.15443e-05 -0.932642 0
0.6404 2 3.34048e-05 -0.932629 0
0.6404 2 5.17947e-05 -0.932609 0
0.6404 2 8.03086e-05 -0.932578 0
0.6404 2 0.00012452 -0.93253 0
0.6404 2 0.00019307 -0.932455 0
0.6404 2 0.000299358 -0.93234 0
0.6404 2 0.000464159 -0.93216 0
0.6404 2 0.000719686 -0.931881 0
0.6404 2 0.00111588 -0.931449 0
0.6404 2 0.0017302 -0.930778 0
0.6404 2 0.0026827 -0.929735 0
0.6404 2 0.00415956 -0.928116 0
0.6404 2 0.00644947 -0.925598 0
0.6404 2 0.01 -0.921675 0
0.6404 2 0.0155052 -0.915552 0
0.6404 2 0.024041 -0.905969 0
0.6404 2 0.0372759 -0.890938 0
0.6404 2 0.0577969 -0.86734 0
0.6404 2 0.0896151 -0.830447 0
0.6404 2 0.13895 -0.773667 0
0.6404 2 0.215443 -0.689466 0
0.6404 2 0.334048 -0.573115 0
0.6404 2 0.517947 -0.429528 0
0.6404 2 0.803086 -0.27788 0
0.6404 2 1.2452 -0.146066 0
0.6404 2 1.9307 -0.0569938 0
0.6404 2 2.99358 -0.0149695 0
0.6404 2 4.64159 -0.00298092 0
0.6404 2 7.19686 -0.000867485 0
0.6404 2 11.1588 -0.000359408 0
0.6404 2 17.302 -0.000151437 0
0.6404 2 26.827 -6.552e-05 0
0.6404 2 41.5956 -2.99954e-05 0
0.6404 2 64.4947 -1.42963e-05 0
0.6404 2 100 -7.00812e-06 0
0.6404 2 155.052 -3.53379e-06 0
0.6404 2 240.41 -1.83327e-06 0
0.6404 2 372.759 -9.77157e-07 0
0.6404 2 577.969 -5.33758e-07 0
0.6404 2 896.151 -2.97837e-07 0
0.6404 2 1389.5 -1.69201e-07 0
0.6404 2 2154.43 -9.7553e-08 0
0.6404 2 3340.48 -5.69221e-08 0
0.6404 2 5179.47 -3.35363e-08 0
0.6404 2 8030.86 -1.99128e-08 0
0.6404 2 12452 -1.18986e-08 0
0.6404 2 19307 -7.14678e-09 0
0.6404 2 29935.8 -4.31119e-09 0
0.6404 2 46415.9 -2.61013e-09 0
0.6404 2 71968.6 -1.5852e-09 0
0.6404 2 111588 -9.65353e-10 0
0.6404 2 173020 -5.89292e-10 0
0.6404 2 268270 -3.60502e-10 0
0.6404 2 415956 -2.20968e-10 0
0.6404 2 644947 -1.35682e-10 0
0.6404 2 1e+06 -8.34497e-11 0

1.56152 2 1e-06 -0.673612 0
1.56152 2 1.55052e-06 -0.673611 0
1.56152 2 2.4041e-06 -0.67361 0
1.56152 2 3.72759e-06 -0.673609 0
1.56152 2 5.77969e-06 -0.673607 0
1.56152 2 8.96151e-06 -0.673603 0
1.56152 2 1.3895e-05 -0.673598 0
1.56152 2 2.15443e-05 -0.67359 0
1.56152 2 3.34048e-05 -0.673578 0
1.56152 2 5.17947e-05 -0.673559 0
1.56152 2 8.03086e-05 -0.673529 0
1.56152 2 0.00012452 -0.673483 0
1.56152 2 0.00019307 -0.673412 0
1.56152 2 0.000299358 -0.673302 0
1.56152 2 0.000464159 -0.673131 0
1.56152 2 0.000719686 -0.672865 0
1.56152 2 0.00111588 -0.672454 0
1.56152 2 0.0017302 -0.671817 0
1.56152 2 0.0026827 -0.67083 0
1.56152 2 0.00415956 -0.669302 0
1.56152 2 0.00644947 -0.666938 0
1.56152 2 0.01 -0.663287 0
1.56152 2 0.0155052 -0.657658 0
1.56152 2 0.024041 -0.64901 0
1.56152 2 0.0372759 -0.635794 0
1.56152 2 0.0577969 -0.615771 0
1.56152 2 0.0896151 -0.585865 0
1.56152 2 0.13895 -0.542231 0
1.56152 2 0.215443 -0.480951 0
1.56152 2 0.334048 -0.399934 0
1.56152 2 0.517947 -0.302125 0
1.56152 2 0.803086 -0.19833 0
1.56152 2 1.2452 -0.106096 0
1.56152 2 1.9307 -0.0422783 0
1.56152 2 2.99358 -0.0115523 0
1.56152 2 4.64159 -0.00253378 0
1.56152 2 7.19686 -0.000811648 0
1.56152 2 11.1588 -0.000345508 0
1.56152 2 17.302 -0.000147631 0
1.56152 2 26.827 -6.45132e-05 0
1.56152 2 41.5956 -2.97157e-05 0
1.56152 2 64.4947 -1.42135e-05 0
1.56152 2 100 -6.98289e-06 0
1.56152 2 155.052 -3.52591e-06 0
1.56152 2 240.41 -1.83074e-06 0
1.56152 2 372.759 -9.76322e-07 0
1.56152 2 577.969 -5.33475e-07 0
1.56152 2 896.151 -2.97738e-07 0
1.56152 2 1389.5 -1.69166e-07 0
1.56152 2 2154.43 -9.75403e-08 0
1.56152 2 3340.48 -5.69174e-08 0
1.56152 2 5179.47 -3.35346e-08 0
1.56152 2 8030.86 -1.99122e-08 0
1.56152 2 12452 -1.18984e-08 0
1.56152 2 19307 -7.14668e-09 0
1.56152 2 29935.8 -4.31115e-09 0
1.56152 2 46415.9 -2.61012e-09 0
1.56152 2 71968.6 -1.5852e-09 0
1.56152 2 111588 -9.65351e-10 0
1.56152 2 173020 -5.89291e-10 0
1.56152 2 268270 -3.60502e-10 0
1.56152 2 415956 -2.20968e-10 0
1.56152 2 644947 -1.35682e-10 0
1.56152 2 1e+06 -8.34497e-11 0

3.80755 2 1e-06 -0.282091 0
3.80755 2 1.55052e-06 -0.282091 0
3.80755 2 2.4041e-06 -0.28209 0
3.80755 2 3.72759e-06 -0.28209 0
3.80755 2 5.77969e-06 -0.282089 0
3.80755 2 8.96151e-06 -0.282088 0
3.80755 2 1.3895e-05 -0.282086 0
3.80755 2 2.15443e-05 -0.282082 0
3.80755 2 3.34048e-05 -0.282077 0
3.80755 2 5.17947e-05 -0.28207 0
3.80755 2 8.03086e-05 -0.282058 0
3.80755 2 0.00012452 -0.282039 0
3.80755 2 0.00019307 -0.28201 0
3.80755 2 0.000299358 -0.281966 0
3.80755 2 0.000464159 -0.281897 0
3.80755 2 0.000719686 -0.28179 0
3.80755 2 0.00111588 -0.281624 0
3.80755 2 0.0017302 -0.281367 0
3.80755 2 0.0026827 -0.280969 0
3.80755 2 0.00415956 -0.280353 0
3.80755 2 0.00644947 -0.279401 0
3.80755 2 0.01 -0.277932 0
3.80755 2 0.0155052 -0.275671 0
3.80755 2 0.024041 -0.272204 0
3.80755 2 0.0372759 -0.266924 0
3.80755 2 0.0577969 -0.258955 0
3.80755 2 0.0896151 -0.247109 0
3.80755 2 0.13895 -0.229891 0
3.80755 2 0.215443 -0.205718 0
3.80755 2 0.334048 -0.173508 0
3.80755 2 0.517947 -0.133818 0
3.80755 2 0.803086 -0.0902674 0
3.80755 2 1.2452 -0.04999 0
3.80755 2 1.9307 -0.0210008 0
3.80755 2 2.99358 -0.00642906 0
3.80755 2 4.64159 -0.00179843 0
3.80755 2 7.19686 -0.000698805 0
3.80755 2 11.1588 -0.000314762 0
3.80755 2 17.302 -0.000138943 0
3.80755 2 26.827 -6.21605e-05 0
3.80755 2 41.5956 -2.90512e-05 0
3.80755 2 64.4947 -1.40149e-05 0
3.80755 2 100 -6.922e-06 0
3.80755 2 155.052 -3.50682e-06 0
3.80755 2 240.41 -1.8246e-06 0
3.80755 2 372.759 -9.74291e-07 0
3.80755 2 577.969 -5.32785e-07 0
3.80755 2 896.151 -2.97498e-07 0
3.80755 2 1389.5 -1.6908e-07 0
3.80755 2 2154.43 -9.75092e-08 0
3.80755 2 3340.48 -5.69059e-08 0
3.80755 2 5179.47 -3.35303e-08 0
3.80755 2 8030.86 -1.99106e-08 0
3.80755 2 12452 -1.18977e-08 0
3.80755 2 19307 -7.14645e-09 0
3.80755 2 29935.8 -4.31106e-09 0
3.80755 2 46415.9 -2.61008e-09 0
3.80755 2 71968.6 -1.58518e-09 0
3.80755 2 111588 -9.65345e-10 0
3.80755 2 173020 -5.89289e-10 0
3.80755 2 268270 -3.60501e-10 0
3.80755 2 415956 -2.20968e-10 0
3.80755 2 644947 -1.35682e-10 0
3.80755 2 1e+06 -8.34497e-11 0

9.28415 2 1e-06 -0.041932 0
9.28415 2 1.55052e-06 -0.0419319 0
9.28415 2 2.4041e-06 -0.0419319 0
9.28415 2 3.72759e-06 -0.0419318 0
9.28415 2 5.77969e-06 -0.0419317 0
9.28415 2 8.96151e-06 -0.0419315 0
9.28415 2 1.3895e-05 -0.0419313 0
9.28415 2 2.15443e-05 -0.0419309 0
9.28415 2 3.34048e-05 -0.0419302 0
9.28415 2 5.17947e-05 -0.0419293 0
9.28415 2 8.03086e-05 -0.0419277 0
9.28415 2 0.00012452 -0.0419254 0
9.28415 2 0.00019307 -0.0419217 0
9.28415 2 0.000299358 -0.041916 0
9.28415 2 0.000464159 -0.0419072 0
9.28415 2 0.000719686 -0.0418935 0
9.28415 2 0.00111588 -0.0418723 0
9.28415 2 0.0017302 -0.0418394 0
9.28415 2 0.0026827 -0.0417886 0
9.28415 2 0.00415956 -0.0417098 0
9.28415 2 0.00644947 -0.041588 0
9.28415 2 0.01 -0.0414 0
9.28415 2 0.0155052 -0.0411102 0
9.28415 2 0.024041 -0.0406651 0
9.28415 2 0.0372759 -0.0399853 0
9.28415 2 0.0577969 -0.0389553 0
9.28415 2 0.0896151 -0.0374143 0
9.28415 2 0.13895 -0.0351534 0
9.28415 2 0.215443 -0.0319346 0
9.28415 2 0.334048 -0.027559 0
9.28415 2 0.517947 -0.0220157 0
9.28415 2 0.803086 -0.0157039 0
9.28415 2 1.2452 -0.00957406 0
9.28415 2 1.9307 -0.00484162 0
9.28415 2 2.99358 -0.0021443 0
9.28415 2 4.64159 -0.000996729 0
9.28415 2 7.19686 -0.000510865 0
9.28415 2 11.1588 -0.000254822 0
9.28415 2 17.302 -0.000120791 0
9.28415 2 26.827 -5.69724e-05 0
9.28415 2 41.5956 -2.75283e-05 0
9.28415 2 64.4947 -1.35492e-05 0
9.28415 2 100 -6.77718e-06 0
9.28415 2 155.052 -3.46099e-06 0
9.28415 2 240.41 -1.80977e-06 0
9.28415 2 372.759 -9.69369e-07 0
9.28415 2 577.969 -5.31109e-07 0
9.28415 2 896.151 -2.96913e-07 0
9.28415 2 1389.5 -1.68872e-07 0
9.28415 2 2154.43 -9.74334e-08 0
9.28415 2 3340.48 -5.6878e-08 0
9.28415 2 5179.47 -3.35198e-08 0
9.28415 2 8030.86 -1.99066e-08 0
9.28415 2 12452 -1.18962e-08 0
9.28415 2 19307 -7.14587e-09 0
9.28415 2 29935.8 -4.31083e-09 0
9.28415 2 46415.9 -2.61e-09 0
9.28415 2 71968.6 -1.58515e-09 0
9.28415 2 111588 -9.65332e-10 0
9.28415 2 173020 -5.89284e-10 0
9.28415 2 268270 -3.60499e-10 0
9.28415 2 415956 -2.20967e-10 0
9.28415 2 644947 -1.35682e-10 0
9.28415 2 1e+06 -8.34495e-11 0

22.638 2 1e-06 -0.0017103 0
22.638 2 1.55052e-06 -0.0017103 0
22.638 2 2.4041e-06 -0.0017103 0
22.638 2 3.72759e-06 -0.0017103 0
22.638 2 5.77969e-06 -0.0017103 0
22.638 2 8.96151e-06 -0.0017103 0
22.638 2 1.3895e-05 -0.00171029 0
22.638 2 2.15443e-05 -0.00171029 0
22.638 2 3.34048e-05 -0.00171027 0
22.638 2 5.17947e-05 -0.00171026 0
22.638 2 8.03086e-05 -0.00171023 0
22.638 2 0.00012452 -0.00171019 0
22.638 2 0.00019307 -0.00171013 0
22.638 2 0.000299358 -0.00171004 0
22.638 2 0.000464159 -0.00170989 0
22.638 2 0.000719686 -0.00170966 0
22.638 2 0.00111588 -0.00170931 0
22.638 2 0.0017302 -0.00170876 0
22.638 2 0.0026827 -0.00170791 0
22.638 2 0.00415956 -0.0017066 0
22.638 2 0.00644947 -0.00170457 0
22.638 2 0.01 -0.00170142 0
22.638 2 0.0155052 -0.00169657 0
22.638 2 0.024041 -0.00168909 0
22.638 2 0.0372759 -0.0016776 0
22.638 2 0.0577969 -0.00166006 0
22.638 2 0.0896151 -0.00163347 0
22.638 2 0.13895 -0.00159369 0
22.638 2 0.215443 -0.00153526 0
22.638 2 0.334048 -0.00145183 0
22.638 2 0.517947 -0.00133747 0
22.638 2 0.803086 -0.00118949 0
22.638 2 1.2452 -0.00101195 0
22.638 2 1.9307 -0.000816919 0
22.638 2 2.99358 -0.000620469 0
22.638 2 4.64159 -0.000437242 0
22.638 2 7.19686 -0.000281145 0
22.638 2 11.1588 -0.000164423 0
22.638 2 17.302 -8.93951e-05 0
22.638 2 26.827 -4.69036e-05 0
22.638 2 41.5956 -2.43142e-05 0
22.638 2 64.4947 -1.25141e-05 0
22.638 2 100 -6.44448e-06 0
22.638 2 155.052 -3.35342e-06 0
22.638 2 240.41 -1.77447e-06 0
22.638 2 372.759 -9.5755e-07 0
22.638 2 577.969 -5.27062e-07 0
22.638 2 896.151 -2.95496e-07 0
22.638 2 1389.5 -1.68365e-07 0
22.638 2 2154.43 -9.72491e-08 0
22.638 2 3340.48 -5.68099e-08 0
22.638 2 5179.47 -3.34944e-08 0
22.638 2 8030.86 -1.9897e-08 0
22.638 2 12452 -1.18926e-08 0
22.638 2 19307 -7.14446e-09 0
22.638 2 29935.8 -4.31029e-09 0
22.638 2 46415.9 -2.60979e-09 0
22.638 2 71968.6 -1.58507e-09 0
22.638 2 111588 -9.653e-10 0
22.638 2 173020 -5.89271e-10 0
22.638 2 268270 -3.60494e-10 0
22.638 2 415956 -2.20965e-10 0
22.638 2 644947 -1.35681e-10 0
22.638 2 1e+06 -8.34492e-11 0

55.1995 2 1e-06 -0.000241907 0
55.1995 2 1.55052e-06 -0.000241907 0
55.1995 2 2.4041e-06 -0.000241907 0
55.1995 2 3.72759e-06 -0.000241907 0
55.1995 2 5.77969e-06 -0.000241907 0
55.1995 2 8.96151e-06 -0.000241907 0
55.1995 2 1.3895e-05 -0.000241907 0
55.1995 2 2.15443e-05 -0.000241906 0
55.1995 2 3.34048e-05 -0.000241906 0
55.1995 2 5.17947e-05 -0.000241905 0
55.1995 2 8.03086e-05 -0.000241904 0
55.1995 2 0.00012452 -0.000241903 0
55.1995 2 0.00019307 -0.0002419 0
55.1995 2 0.000299358 -0.000241897 0
55.1995 2 0.000464159 -0.000241891 0
55.1995 2 0.000719686 -0.000241882 0
55.1995 2 0.00111588 -0.000241869 0
55.1995 2 0.0017302 -0.000241848 0
55.1995 2 0.0026827 -0.000241815 0
55.1995 2 0.00415956 -0.000241764 0
55.1995 2 0.00644947 -0.000241685 0
55.1995 2 0.01 -0.000241564 0
55.1995 2 0.0155052 -0.000241375 0
55.1995 2 0.024041 -0.000241083 0
55.1995 2 0.0372759 -0.00024063 0
55.1995 2 0.0577969 -0.000239932 0
55.1995 2 0.0896151 -0.000238854 0
55.1995 2 0.13895 -0.000237198 0
55.1995 2 0.215443 -0.000234664 0
55.1995 2 0.334048 -0.000230813 0
55.1995 2 0.517947 -0.000225026 0
55.1995 2 0.803086 -0.000216473 0
55.1995 2 1.2452 -0.000204141 0
55.1995 2 1.9307 -0.000187007 0
55.1995 2 2.99358 -0.000164443 0
55.1995 2 4.64159 -0.000136865 0
55.1995 2 7.19686 -0.000106347 0
55.1995 2 11.1588 -7.64686e-05 0
55.1995 2 17.302 -5.09113e-05 0
55.1995 2 26.827 -3.16668e-05 0
55.1995 2 41.5956 -1.86095e-05 0
55.1995 2 64.4947 -1.04708e-05 0
55.1995 2 100 -5.73836e-06 0
55.1995 2 155.052 -3.11366e-06 0
55.1995 2 240.41 -1.69321e-06 0
55.1995 2 372.759 -9.29766e-07 0
55.1995 2 577.969 -5.1742e-07 0
55.1995 2 896.151 -2.92091e-07 0
55.1995 2 1389.5 -1.67142e-07 0
55.1995 2 2154.43 -9.68025e-08 0
55.1995 2 3340.48 -5.66445e-08 0
55.1995 2 5179.47 -3.34324e-08 0
55.1995 2 8030.86 -1.98735e-08 0
55.1995 2 12452 -1.18836e-08 0
55.1995 2 19307 -7.14102e-09 0
55.1995 2 29935.8 -4.30896e-09 0
55.1995 2 46415.9 -2.60927e-09 0
55.1995 2 71968.6 -1.58486e-09 0
55.1995 2 111588 -9.65222e-10 0
55.1995 2 173020 -5.89241e-10 0
55.1995 2 268270 -3.60482e-10 0
55.1995 2 415956 -2.2096e-10 0
55.1995 2 644947 -1.35679e-10 0
55.1995 2 1e+06 -8.34485e-11 0

134.596 2 1e-06 -4.3837e-05 0
134.596 2 1.55052e-06 -4.3837e-05 0
134.596 2 2.4041e-06 -4.3837e-05 0
134.596 2 3.72759e-06 -4.3837e-05 0
134.596 2 5.77969e-06 -4.3837e-05 0
134.596 2 8.96151e-06 -4.3837e-05 0
134.596 2 1.3895e-05 -4.3837e-05 0
134.596 2 2.15443e-05 -4.3837e-05 0
134.596 2 3.34048e-05 -4.3837e-05 0
134.596 2 5.17947e-05 -4.38369e-05 0
134.596 2 8.03086e-05 -4.38368e-05 0
134.596 2 0.00012452 -4.38367e-05 0
134.596 2 0.00019307 -4.38366e-05 0
134.596 2 0.000299358 -4.38363e-05 0
134.596 2 0.000464159 -4.3836e-05 0
134.596 2 0.000719686 -4.38354e-05 0
134.596 2 0.00111588 -4.38345e-05 0
134.596 2 0.0017302 -4.38331e-05 0
134.596 2 0.0026827 -4.38309e-05 0
134.596 2 0.00415956 -4.38275e-05 0
134.596 2 0.00644947 -4.38223e-05 0
134.596 2 0.01 -4.38142e-05 0
134.596 2 0.0155052 -4.38016e-05 0
134.596 2 0.024041 -4.37821e-05 0
134.596 2 0.0372759 -4.37519e-05 0
134.596 2 0.0577969 -4.37052e-05 0
134.596 2 0.0896151 -4.36329e-05 0
134.596 2 0.13895 -4.35212e-05 0
134.596 2 0.215443 -4.3349e-05 0
134.596 2 0.334048 -4.30841e-05 0
134.596 2 0.517947 -4.26785e-05 0
134.596 2 0.803086 -4.20617e-05 0
134.596 2 1.2452 -4.11338e-05 0
134.596 2 1.9307 -3.97594e-05 0
134.596 2 2.99358 -3.77712e-05 0
134.596 2 4.64159 -3.4993e-05 0
134.596 2 7.19686 -3.1297e-05 0
134.596 2 11.1588 -2.66999e-05 0
134.596 2 17.302 -2.14598e-05 0
134.596 2 26.827 -1.60885e-05 0
134.596 2 41.5956 -1.12052e-05 0
134.596 2 64.4947 -7.28187e-06 0
134.596 2 100 -4.4708e-06 0
134.596 2 155.052 -2.63722e-06 0
134.596 2 240.41 -1.51992e-06 0
134.596 2 372.759 -8.67636e-07 0
134.596 2 577.969 -4.95178e-07 0
134.596 2 896.151 -2.84078e-07 0
134.596 2 1389.5 -1.64226e-07 0
134.596 2 2154.43 -9.57288e-08 0
134.596 2 3340.48 -5.62448e-08 0
134.596 2 5179.47 -3.32821e-08 0
134.596 2 8030.86 -1.98165e-08 0
134.596 2 12452 -1.18618e-08 0
134.596 2 19307 -7.13265e-09 0
134.596 2 29935.8 -4.30573e-09 0
134.596 2 46415.9 -2.60802e-09 0
134.596 2 71968.6 -1.58438e-09 0
134.596 2 111588 -9.6503e-10 0
134.596 2 173020 -5.89166e-10 0
134.596 2 268270 -3.60453e-10 0
134.596 2 415956 -2.20949e-10 0
134.596 2 644947 -1.35674e-10 0
134.596 2 1e+06 -8.34467e-11 0

328.193 2 1e-06 -9.66384e-06 0
328.193 2 1.55052e-06 -9.66384e-06 0
328.193 2 2.4041e-06 -9.66384e-06 0
328.193 2 3.72759e-06 -9.66384e-06 0
328.193 2 5.77969e-06 -9.66384e-06 0
328.193 2 8.96151e-06 -9.66384e-06 0
328.193 2 1.3895e-05 -9.66384e-06 0
328.193 2 2.15443e-05 -9.66384e-06 0
328.193 2 3.34048e-05 -9.66383e-06 0
328.193 2 5.17947e-05 -9.66383e-06 0
328.193 2 8.03086e-05 -9.66383e-06 0
328.193 2 0.00012452 -9.66382e-06 0
328.193 2 0.00019307 -9.6638e-06 0
328.193 2 0.000299358 -9.66378e-06 0
328.193 2 0.000464159 -9.66375e-06 0
328.193 2 0.000719686 -9.66371e-06 0
328.193 2 0.00111588 -9.66363e-06 0
328.193 2 0.0017302 -9.66351e-06 0
328.193 2 0.0026827 -9.66334e-06 0
328.193 2 0.00415956 -9.66306e-06 0
328.193 2 0.00644947 -9.66263e-06 0
328.193 2 0.01 -9.66196e-06 0
328.193 2 0.0155052 -9.66092e-06 0
328.193 2 0.024041 -9.65931e-06 0
328.193 2 0.0372759 -9.65682e-06 0
328.193 2 0.0577969 -9.65296e-06 0
328.193 2 0.0896151 -9.64698e-06 0
328.193 2 0.13895 -9.63772e-06 0
328.193 2 0.215443 -9.6234e-06 0
328.193 2 0.334048 -9.60125e-06 0
328.193 2 0.517947 -9.56708e-06 0
328.193 2 0.803086 -9.51449e-06 0
328.193 2 1.2452 -9.43388e-06 0
328.193 2 1.9307 -9.31111e-06 0
328.193 2 2.99358 -9.12591e-06 0
328.193 2 4.64159 -8.85053e-06 0
328.193 2 7.19686 -8.44991e-06 0
328.193 2 11.1588 -7.88543e-06 0
328.193 2 17.302 -7.12582e-06 0
328.193 2 26.827 -6.16652e-06 0
328.193 2 41.5956 -5.05194e-06 0
328.193 2 64.4947 -3.88287e-06 0
328.193 2 100 -2.79019e-06 0
328.193 2 155.052 -1.8824e-06 0
328.193 2 240.41 -1.2054e-06 0
328.193 2 372.759 -7.43244e-07 0
328.193 2 577.969 -4.4752e-07 0
328.193 2 896.151 -2.6611e-07 0
328.193 2 1389.5 -1.57488e-07 0
328.193 2 2154.43 -9.31999e-08 0
328.193 2 3340.48 -5.52917e-08 0
328.193 2 5179.47 -3.29209e-08 0
328.193 2 8030.86 -1.96788e-08 0
328.193 2 12452 -1.18091e-08 0
328.193 2 19307 -7.11232e-09 0
328.193 2 29935.8 -4.29786e-09 0
328.193 2 46415.9 -2.60496e-09 0
328.193 2 71968.6 -1.58318e-09 0
328.193 2 111588 -9.64565e-10 0
328.193 2 173020 -5.88983e-10 0
328.193 2 268270 -3.60381e-10 0
328.193 2 415956 -2.20921e-10 0
328.193 2 644947 -1.35663e-10 0
328.193 2 1e+06 -8.34423e-11 0

800.25 2 1e-06 -2.40794e-06 0
800.25 2 1.55052e-06 -2.40794e-06 0
800.25 2 2.4041e-06 -2.40794e-06 0
800.25 2 3.72759e-06 -2.40794e-06 0
800.25 2 5.77969e-06 -2.40794e-06 0
800.25 2 8.96151e-06 -2.40794e-06 0
800.25 2 1.3895e-05 -2.40794e-06 0
800.25 2 2.15443e-05 -2.40794e-06 0
800.25 2 3.34048e-05 -2.40794e-06 0
800.25 2 5.17947e-05 -2.40794e-06 0
800.25 2 8.03086e-05 -2.40794e-06 0
800.25 2 0.00012452 -2.40793e-06 0
800.25 2 0.00019307 -2.40793e-06 0
800.25 2 0.000299358 -2.40793e-06 0
800.25 2 0.000464159 -2.40793e-06 0
800.25 2 0.000719686 -2.40792e-06 0
800.25 2 0.00111588 -2.40792e-06 0
800.25 2 0.0017302 -2.40791e-06 0
800.25 2 0.0026827 -2.40789e-06 0
800.25 2 0.00415956 -2.40786e-06 0
800.25 2 0.00644947 -2.40782e-06 0
800.25 2 0.01 -2.40776e-06 0
800.25 2 0.0155052 -2.40766e-06 0
800.25 2 0.024041 -2.40751e-06 0
800.25 2 0.0372759 -2.40728e-06 0
800.25 2 0.0577969 -2.40692e-06 0
800.25 2 0.0896151 -2.40635e-06 0
800.25 2 0.13895 -2.40548e-06 0
800.25 2 0.215443 -2.40413e-06 0
800.25 2 0.334048 -2.40204e-06 0
800.25 2 0.517947 -2.39881e-06 0
800.25 2 0.803086 -2.39381e-06 0
800.25 2 1.2452 -2.38609e-06 0
800.25 2 1.9307 -2.37421e-06 0
800.25 2 2.99358 -2.35599e-06 0
800.25 2 4.64159 -2.3282e-06 0
800.25 2 7.19686 -2.28622e-06 0
800.25 2 11.1588 -2.22364e-06 0
800.25 2 17.302 -2.13225e-06 0
800.25 2 26.827 -2.00276e-06 0
800.25 2 41.5956 -1.82705e-06 0
800.25 2 64.4947 -1.60246e-06 0
800.25 2 100 -1.33711e-06 0
800.25 2 155.052 -1.05242e-06 0
800.25 2 240.41 -7.78541e-07 0
800.25 2 372.759 -5.42919e-07 0
800.25 2 577.969 -3.60092e-07 0
800.25 2 896.151 -2.299e-07 0
800.25 2 1389.5 -1.42997e-07 0
800.25 2 2154.43 -8.75181e-08 0
800.25 2 3340.48 -5.30876e-08 0
800.25 2 5179.47 -3.20697e-08 0
800.25 2 8030.86 -1.93504e-08 0
800.25 2 12452 -1.16822e-08 0
800.25 2 19307 -7.0632e-09 0
800.25 2 29935.8 -4.27879e-09 0
800.25 2 46415.9 -2.59754e-09 0
800.25 2 71968.6 -1.58029e-09 0
800.25 2 111588 -9.63431e-10 0
800.25 2 173020 -5.88538e-10 0
800.25 2 268270 -3.60206e-10 0
800.25 2 415956 -2.20852e-10 0
800.25 2 644947 -1.35636e-10 0
800.25 2 1e+06 -8.34315e-11 0

1951.29 2 1e-06 -6.72814e-07 0
1951.29 2 1.55052e-06 -6.72814e-07 0
1951.29 2 2.4041e-06 -6.72814e-07 0
1951.29 2 3.72759e-06 -6.72814e-07 0
1951.29 2 5.77969e-06 -6.72814e-07 0
1951.29 2 8.96151e-06 -6.72814e-07 0
1951.29 2 1.3895e-05 -6.72814e-07 0
1951.29 2 2.15443e-05 -6.72814e-07 0
1951.29 2 3.34048e-05 -6.72814e-07 0
1951.29 2 5.17947e-05 -6.72814e-07 0
1951.29 2 8.03086e-05 -6.72814e-07 0
1951.29 2 0.00012452 -6.72814e-07 0
1951.29 2 0.00019307 -6.72814e-07 0
1951.29 2 0.000299358 -6.72813e-07 0
1951.29 2 0.000464159 -6.72813e-07 0
1951.29 2 0.000719686 -6.72813e-07 0
1951.29 2 0.00111588 -6.72812e-07 0
1951.29 2 0.0017302 -6.72811e-07 0
1951.29 2 0.0026827 -6.72809e-07 0
1951.29 2 0.00415956 -6.72806e-07 0
1951.29 2 0.00644947 -6.72802e-07 0
1951.29 2 0.01 -6.72795e-07 0
1951.29 2 0.0155052 -6.72785e-07 0
1951.29 2 0.024041 -6.72769e-07 0
1951.29 2 0.0372759 -6.72744e-07 0
1951.29 2 0.0577969 -6.72706e-07 0
1951.29 2 0.0896151 -6.72647e-07 0
1951.29 2 0.13895 -6.72555e-07 0
1951.29 2 0.215443 -6.72412e-07 0
1951.29 2 0.334048 -6.72191e-07 0
1951.29 2 0.517947 -6.71849e-07 0
1951.29 2 0.803086 -6.71319e-07 0
1951.29 2 1.2452 -6.70498e-07 0
1951.29 2 1.9307 -6.69229e-07 0
1951.29 2 2.99358 -6.6727e-07 0
1951.29 2 4.64159 -6.64252e-07 0
1951.29 2 7.19686 -6.5962e-07 0
1951.29 2 11.1588 -6.5255e-07 0
1951.29 2 17.302 -6.4185e-07 0
1951.29 2 26.827 -6.25862e-07 0
1951.29 2 41.5956 -6.02427e-07 0
1951.29 2 64.4947 -5.69034e-07 0
1951.29 2 100 -5.23348e-07 0
1951.29 2 155.052 -4.6427e-07 0
1951.29 2 240.41 -3.93334e-07 0
1951.29 2 372.759 -3.15608e-07 0
1951.29 2 577.969 -2.38851e-07 0
1951.29 2 896.151 -1.70782e-07 0
1951.29 2 1389.5 -1.16199e-07 0
1951.29 2 2154.43 -7.6018e-08 0
1951.29 2 3340.48 -4.8337e-08 0
1951.29 2 5179.47 -3.01554e-08 0
1951.29 2 8030.86 -1.85906e-08 0
1951.29 2 12452 -1.13832e-08 0
1951.29 2 19307 -6.94603e-09 0
1951.29 2 29935.8 -4.23295e-09 0
1951.29 2 46415.9 -2.5796e-09 0
1951.29 2 71968.6 -1.57326e-09 0
1951.29 2 111588 -9.60677e-10 0
1951.29 2 173020 -5.87456e-10 0
1951.29 2 268270 -3.5978e-10 0
1951.29 2 415956 -2.20684e-10 0
1951.29 2 644947 -1.3557e-10 0
1951.29 2 1e+06 -8.34053e-11 0

4757.94 2 1e-06 -2.06395e-07 0
4757.94 2 1.55052e-06 -2.06395e-07 0
4757.94 2 2.4041e-06 -2.06395e-07 0
4757.94 2 3.72759e-06 -2.06395e-07 0
4757.94 2 5.77969e-06 -2.06395e-07 0
4757.94 2 8.96151e-06 -2.06395e-07 0
4757.94 2 1.3895e-05 -2.06395e-07 0
4757.94 2 2.15443e-05 -2.06395e-07 0
4757.94 2 3.34048e-05 -2.06395e-07 0
4757.94 2 5.17947e-05 -2.06394e-07 0
4757.94 2 8.03086e-05 -2.06394e-07 0
4757.94 2 0.00012452 -2.06394e-07 0
4757.94 2 0.00019307 -2.06394e-07 0
4757.94 2 0.000299358 -2.06394e-07 0
4757.94 2 0.000464159 -2.06394e-07 0
4757.94 2 0.000719686 -2.06394e-07 0
4757.94 2 0.00111588 -2.06394e-07 0
4757.94 2 0.0017302 -2.06394e-07 0
4757.94 2 0.0026827 -2.06394e-07 0
4757.94 2 0.00415956 -2.06394e-07 0
4757.94 2 0.00644947 -2.06393e-07 0
4757.94 2 0.01 -2.06392e-07 0
4757.94 2 0.0155052 -2.06391e-07 0
4757.94 2 0.024041 -2.06389e-07 0
4757.94 2 0.0372759 -2.06386e-07 0
4757.94 2 0.0577969 -2.06382e-07 0
4757.94 2 0.0896151 -2.06375e-07 0
4757.94 2 0.13895 -2.06364e-07 0
4757.94 2 0.215443 -2.06347e-07 0
4757.94 2 0.334048 -2.06321e-07 0
4757.94 2 0.517947 -2.06281e-07 0
4757.94 2 0.803086 -2.06218e-07 0
4757.94 2 1.2452 -2.06121e-07 0
4757.94 2 1.9307 -2.05971e-07 0
4757.94 2 2.99358 -2.05739e-07 0
4757.94 2 4.64159 -2.0538e-07 0
4757.94 2 7.19686 -2.04825e-07 0
4757.94 2 11.1588 -2.0397e-07 0
4757.94 2 17.302 -2.02657e-07 0
4757.94 2 26.827 -2.00651e-07 0
4757.94 2 41.5956 -1.97611e-07 0
4757.94 2 64.4947 -1.93059e-07 0
4757.94 2 100 -1.86366e-07 0
4757.94 2 155.052 -1.76783e-07 0
4757.94 2 240.41 -1.63582e-07 0
4757.94 2 372.759 -1.46346e-07 0
4757.94 2 577.969 -1.25375e-07 0
4757.94 2 896.151 -1.02005e-07 0
4757.94 2 1389.5 -7.84487e-08 0
4757.94 2 2154.43 -5.70709e-08 0
4757.94 2 3340.48 -3.95094e-08 0
4757.94 2 5179.47 -2.6272e-08 0
4757.94 2 8030.86 -1.69514e-08 0
4757.94 2 12452 -1.07105e-08 0
4757.94 2 19307 -6.67495e-09 0
4757.94 2 29935.8 -4.12492e-09 0
4757.94 2 46415.9 -2.53683e-09 0
4757.94 2 71968.6 -1.55638e-09 0
4757.94 2 111588 -9.54022e-10 0
4757.94 2 173020 -5.84834e-10 0
4757.94 2 268270 -3.58746e-10 0
4757.94 2 415956 -2.20276e-10 0
4757.94 2 644947 -1.35408e-10 0
4757.94 2 1e+06 -8.33414e-11 0

11601.6 2 1e-06 -6.76344e-08 0
11601.6 2 1.55052e-06 -6.76344e-08 0
11601.6 2 2.4041e-06 -6.76344e-08 0
11601.6 2 3.72759e-06 -6.76344e-08 0
11601.6 2 5.77969e-06 -6.76344e-08 0
11601.6 2 8.96151e-06 -6.76344e-08 0
11601.6 2 1.3895e-05 -6.76344e-08 0
11601.6 2 2.15443e-05 -6.76344e-08 0
11601.6 2 3.34048e-05 -6.76344e-08 0
11601.6 2 5.17947e-05 -6.76344e-08 0
11601.6 2 8.03086e-05 -6.76344e-08 0
11601.6 2 0.00012452 -6.76344e-08 0
11601.6 2 0.00019307 -6.76344e-08 0
11601.6 2 0.000299358 -6.76344e-08 0
11601.6 2 0.000464159 -6.76343e-08 0
11601.6 2 0.000719686 -6.76343e-08 0
11601.6 2 0.00111588 -6.76343e-08 0
11601.6 2 0.0017302 -6.76343e-08 0
11601.6 2 0.0026827 -6.76343e-08 0
11601.6 2 0.00415956 -6.76342e-08 0
11601.6 2 0.00644947 -6.76342e-08 0
11601.6 2 0.01 -6.76341e-08 0
11601.6 2 0.0155052 -6.76339e-08 0
11601.6 2 0.024041 -6.76337e-08 0
11601.6 2 0.0372759 -6.76333e-08 0
11601.6 2 0.0577969 -6.76327e-08 0
11601.6 2 0.0896151 -6.76318e-08 0
11601.6 2 0.13895 -6.76304e-08 0
11601.6 2 0.215443 -6.76283e-08 0
11601.6 2 0.334048 -6.7625e-08 0
11601.6 2 0.517947 -6.76198e-08 0
11601.6 2 0.803086 -6.76118e-08 0
11601.6 2 1.2452 -6.75993e-08 0
11601.6 2 1.9307 -6.758e-08 0
11601.6 2 2.99358 -6.75502e-08 0
11601.6 2 4.64159 -6.75039e-08 0
11601.6 2 7.19686 -6.74323e-08 0
11601.6 2 11.1588 -6.73216e-08 0
11601.6 2 17.302 -6.71505e-08 0
11601.6 2 26.827 -6.68868e-08 0
11601.6 2 41.5956 -6.64817e-08 0
11601.6 2 64.4947 -6.58624e-08 0
11601.6 2 100 -6.49228e-08 0
11601.6 2 155.052 -6.35135e-08 0
11601.6 2 240.41 -6.14362e-08 0
11601.6 2 372.759 -5.84516e-08 0
11601.6 2 577.969 -5.43187e-08 0
11601.6 2 896.151 -4.88826e-08 0
11601.6 2 1389.5 -4.22037e-08 0
11601.6 2 2154.43 -3.46669e-08 0
11601.6 2 3340.48 -2.69563e-08 0
11601.6 2 5179.47 -1.98426e-08 0
11601.6 2 8030.86 -1.38989e-08 0
11601.6 2 12452 -9.34483e-09 0
11601.6 2 19307 -6.09008e-09 0
11601.6 2 29935.8 -3.88193e-09 0
11601.6 2 46415.9 -2.43788e-09 0
11601.6 2 71968.6 -1.5166e-09 0
11601.6 2 111588 -9.38154e-10 0
11601.6 2 173020 -5.78531e-10 0
11601.6 2 268270 -3.56248e-10 0
11601.6 2 415956 -2.19286e-10 0
11601.6 2 644947 -1.35017e-10 0
11601.6 2 1e+06 -8.31861e-11 0

28288.7 2 1e-06 -2.31448e-08 0
28288.7 2 1.55052e-06 -2.31448e-08 0
28288.7 2 2.4041e-06 -2.31448e-08 0
28288.7 2 3.72759e-06 -2.31448e-08 0
28288.7 2 5.77969e-06 -2.31448e-08 0
28288.7 2 8.96151e-06 -2.31448e-08 0
28288.7 2 1.3895e-05 -2.31448e-08 0
28288.7 2 2.15443e-05 -2.31448e-08 0
28288.7 2 3.34048e-05 -2.31448e-08 0
28288.7 2 5.17947e-05 -2.31448e-08 0
28288.7 2 8.03086e-05 -2.31448e-08 0
28288.7 2 0.00012452 -2.31448e-08 0
28288.7 2 0.00019307 -2.31448e-08 0
28288.7 2 0.000299358 -2.31448e-08 0
28288.7 2 0.000464159 -2.31448e-08 0
28288.7 2 0.000719686 -2.31448e-08 0
28288.7 2 0.00111588 -2.31448e-08 0
28288.7 2 0.0017302 -2.31448e-08 0
28288.7 2 0.0026827 -2.31448e-08 0
28288.7 2 0.00415956 -2.31448e-08 0
28288.7 2 0.00644947 -2.31448e-08 0
28288.7 2 0.01 -2.31448e-08 0
28288.7 2 0.0155052 -2.31447e-08 0
28288.7 2 0.024041 -2.31447e-08 0
28288.7 2 0.0372759 -2.31447e-08 0
28288.7 2 0.0577969 -2.31446e-08 0
28288.7 2 0.0896151 -2.31445e-08 0
28288.7 2 0.13895 -2.31443e-08 0
28288.7 2 0.215443 -2.3144e-08 0
28288.7 2 0.334048 -2.31435e-08 0
28288.7 2 0.517947 -2.31428e-08 0
28288.7 2 0.803086 -2.31417e-08 0
28288.7 2 1.2452 -2.314e-08 0
28288.7 2 1.9307 -2.31374e-08 0
28288.7 2 2.99358 -2.31333e-08 0
28288.7 2 4.64159 -2.3127e-08 0
28288.7 2 7.19686 -2.31173e-08 0
28288.7 2 11.1588 -2.31022e-08 0
28288.7 2 17.302 -2.30788e-08 0
28288.7 2 26.827 -2.30426e-08 0
28288.7 2 41.5956 -2.29866e-08 0
28288.7 2 64.4947 -2.29004e-08 0
28288.7 2 100 -2.27679e-08 0
28288.7 2 155.052 -2.25652e-08 0
28288.7 2 240.41 -2.22574e-08 0
28288.7 2 372.759 -2.17952e-08 0
28288.7 2 577.969 -2.11127e-08 0
28288.7 2 896.151 -2.01296e-08 0
28288.7 2 1389.5 -1.87629e-08 0
28288.7 2 2154.43 -1.69556e-08 0
28288.7 2 3340.48 -1.4719e-08 0
28288.7 2 5179.47 -1.21722e-08 0
28288.7 2 8030.86 -9.53849e-09 0
28288.7 2 12452 -7.07979e-09 0
28288.7 2 19307 -5.00049e-09 0
28288.7 2 29935.8 -3.38872e-09 0
28288.7 2 46415.9 -2.22449e-09 0
28288.7 2 71968.6 -1.42717e-09 0
28288.7 2 111588 -9.01461e-10 0
28288.7 2 173020 -5.63684e-10 0
28288.7 2 268270 -3.50291e-10 0
28288.7 2 415956 -2.16908e-10 0
28288.7 2 644947 -1.3407e-10 0
28288.7 2 1e+06 -8.28097e-11 0

68977.9 2 1e-06 -8.14609e-09 0
68977.9 2 1.55052e-06 -8.14609e-09 0
68977.9 2 2.4041e-06 -8.14609e-09 0
68977.9 2 3.72759e-06 -8.14609e-09 0
68977.9 2 5.77969e-06 -8.14609e-09 0
68977.9 2 8.96151e-06 -8.14609e-09 0
68977.9 2 1.3895e-05 -8.14609e-09 0
68977.9 2 2.15443e-05 -8.14609e-09 0
68977.9 2 3.34048e-05 -8.14609e-09 0
68977.9 2 5.17947e-05 -8.14609e-09 0
68977.9 2 8.03086e-05 -8.14609e-09 0
68977.9 2 0.00012452 -8.14609e-09 0
68977.9 2 0.00019307 -8.14609e-09 0
68977.9 2 0.000299358 -8.14609e-09 0
68977.9 2 0.000464159 -8.14609e-09 0
68977.9 2 0.000719686 -8.14609e-09 0
68977.9 2 0.00111588 -8.14609e-09 0
68977.9 2 0.0017302 -8.14609e-09 0
68977.9 2 0.0026827 -8.14609e-09 0
68977.9 2 0.00415956 -8.14609e-09 0
68977.9 2 0.00644947 -8.14609e-09 0
68977.9 2 0.01 -8.14609e-09 0
68977.9 2 0.0155052 -8.14608e-09 0
68977.9 2 0.024041 -8.14608e-09 0
68977.9 2 0.0372759 -8.14607e-09 0
68977.9 2 0.0577969 -8.14606e-09 0
68977.9 2 0.0896151 -8.14604e-09 0
68977.9 2 0.13895 -8.14602e-09 0
68977.9 2 0.215443 -8.14597e-09 0
68977.9 2 0.334048 -8.14591e-09 0
68977.9 2 0.517947 -8.14581e-09 0
68977.9 2 0.803086 -8.14566e-09 0
68977.9 2 1.2452 -8.14542e-09 0
68977.9 2 1.9307 -8.14505e-09 0
68977.9 2 2.99358 -8.14447e-09 0
68977.9 2 4.64159 -8.14358e-09 0
68977.9 2 7.19686 -8.1422e-09 0
68977.9 2 11.1588 -8.14006e-09 0
68977.9 2 17.302 -8.13675e-09 0
68977.9 2 26.827 -8.13161e-09 0
68977.9 2 41.5956 -8.12366e-09 0
68977.9 2 64.4947 -8.11136e-09 0
68977.9 2 100 -8.09236e-09 0
68977.9 2 155.052 -8.06306e-09 0
68977.9 2 240.41 -8.01802e-09 0
68977.9 2 372.759 -7.94909e-09 0
68977.9 2 577.969 -7.84438e-09 0
68977.9 2 896.151 -7.687e-09 0
68977.9 2 1389.5 -7.45428e-09 0
68977.9 2 2154.43 -7.11834e-09 0
68977.9 2 3340.48 -6.65e-09 0
68977.9 2 5179.47 -6.0281e-09 0
68977.9 2 8030.86 -5.25431e-09 0
68977.9 2 12452 -4.36707e-09 0
68977.9 2 19307 -3.44208e-09 0
68977.9 2 29935.8 -2.57081e-09 0
68977.9 2 46415.9 -1.82725e-09 0
68977.9 2 71968.6 -1.24579e-09 0
68977.9 2 111588 -8.22388e-10 0
68977.9 2 173020 -5.30321e-10 0
68977.9 2 268270 -3.36524e-10 0
68977.9 2 415956 -2.11309e-10 0
68977.9 2 644947 -1.31813e-10 0
68977.9 2 1e+06 -8.19052e-11 0

168192 2 1e-06 -2.92177e-09 0
168192 2 1.55052e-06 -2.92177e-09 0
168192 2 2.4041e-06 -2.92177e-09 0
168192 2 3.72759e-06 -2.92177e-09 0
168192 2 5.77969e-06 -2.92177e-09 0
168192 2 8.96151e-06 -2.92177e-09 0
168192 2 1.3895e-05 -2.92177e-09 0
168192 2 2.15443e-05 -2.92177e-09 0
168192 2 3.34048e-05 -2.92177e-09 0
168192 2 5.17947e-05 -2.92177e-09 0
168192 2 8.03086e-05 -2.92177e-09 0
168192 2 0.00012452 -2.92177e-09 0
168192 2 0.00019307 -2.92177e-09 0
168192 2 0.000299358 -2.92177e-09 0
168192 2 0.000464159 -2.92177e-09 0
168192 2 0.000719686 -2.92177e-09 0
168192 2 0.00111588 -2.92177e-09 0
168192 2 0.0017302 -2.92177e-09 0
168192 2 0.0026827 -2.92177e-09 0
168192 2 0.00415956 -2.92177e-09 0
168192 2 0.00644947 -2.92177e-09 0
168192 2 0.01 -2.92177e-09 0
168192 2 0.0155052 -2.92177e-09 0
168192 2 0.024041 -2.92177e-09 0
168192 2 0.0372759 -2.92177e-09 0
168192 2 0.0577969 -2.92177e-09 0
168192 2 0.0896151 -2.92177e-09 0
168192 2 0.13895 -2.92176e-09 0
168192 2 0.215443 -2.92176e-09 0
168192 2 0.334048 -2.92175e-09 0
168192 2 0.517947 -2.92173e-09 0
168192 2 0.803086 -2.92171e-09 0
168192 2 1.2452 -2.92168e-09 0
168192 2 1.9307 -2.92162e-09 0
168192 2 2.99358 -2.92154e-09 0
168192 2 4.64159 -2.92141e-09 0
168192 2 7.19686 -2.92121e-09 0
168192 2 11.1588 -2.9209e-09 0
168192 2 17.302 -2.92042e-09 0
168192 2 26.827 -2.91967e-09 0
168192 2 41.5956 -2.91852e-09 0
168192 2 64.4947 -2.91673e-09 0
168192 2 100 -2.91396e-09 0
168192 2 155.052 -2.90968e-09 0
168192 2 240.41 -2.90306e-09 0
168192 2 372.759 -2.89285e-09 0
168192 2 577.969 -2.87715e-09 0
168192 2 896.151 -2.85312e-09 0
168192 2 1389.5 -2.8166e-09 0
168192 2 2154.43 -2.76166e-09 0
168192 2 3340.48 -2.68034e-09 0
168192 2 5179.47 -2.56276e-09 0
168192 2 8030.86 -2.39844e-09 0
168192 2 12452 -2.17953e-09 0
168192 2 19307 -1.90594e-09 0
168192 2 29935.8 -1.59049e-09 0
168192 2 46415.9 -1.25946e-09 0
168192 2 71968.6 -9.45399e-10 0
168192 2 111588 -6.75391e-10 0
168192 2 173020 -4.62746e-10 0
168192 2 268270 -3.06884e-10 0
168192 2 415956 -1.98736e-10 0
168192 2 644947 -1.266e-10 0
168192 2 1e+06 -7.97759e-11 0

410113 2 1e-06 -1.06216e-09 0
410113 2 1.55052e-06 -1.06216e-09 0
410113 2 2.4041e-06 -1.06216e-09 0
410113 2 3.72759e-06 -1.06216e-09 0
410113 2 5.77969e-06 -1.06216e-09 0
410113 2 8.96151e-06 -1.06216e-09 0
410113 2 1.3895e-05 -1.06216e-09 0
410113 2 2.15443e-05 -1.06216e-09 0
410113 2 3.34048e-05 -1.06216e-09 0
410113 2 5.17947e-05 -1.06216e-09 0
410113 2 8.03086e-05 -1.06216e-09 0
410113 2 0.00012452 -1.06216e-09 0
410113 2 0.00019307 -1.06216e-09 0
410113 2 0.000299358 -1.06216e-09 0
410113 2 0.000464159 -1.06216e-09 0
410113 2 0.000719686 -1.06216e-09 0
410113 2 0.00111588 -1.06216e-09 0
410113 2 0.0017302 -1.06216e-09 0
410113 2 0.0026827 -1.06216e-09 0
410113 2 0.00415956 -1.06216e-09 0
410113 2 0.00644947 -1.06216e-09 0
410113 2 0.01 -1.06216e-09 0
410113 2 0.0155052 -1.06216e-09 0
410113 2 0.024041 -1.06216e-09 0
410113 2 0.0372759 -1.06216e-09 0
410113 2 0.0577969 -1.06216e-09 0
410113 2 0.0896151 -1.06216e-09 0
410113 2 0.13895 -1.06216e-09 0
410113 2 0.215443 -1.06216e-09 0
410113 2 0.334048 -1.06215e-09 0
410113 2 0.517947 -1.06215e-09 0
410113 2 0.803086 -1.06215e-09 0
410113 2 1.2452 -1.06214e-09 0
410113 2 1.9307 -1.06214e-09 0
410113 2 2.99358 -1.06212e-09 0
410113 2 4.64159 -1.06211e-09 0
410113 2 7.19686 -1.06208e-09 0
410113 2 11.1588 -1.06203e-09 0
410113 2 17.302 -1.06196e-09 0
410113 2 26.827 -1.06185e-09 0
410113 2 41.5956 -1.06168e-09 0
410113 2 64.4947 -1.06141e-09 0
410113 2 100 -1.06101e-09 0
410113 2 155.052 -1.06037e-09 0
410113 2 240.41 -1.05939e-09 0
410113 2 372.759 -1.05787e-09 0
410113 2 577.969 -1.05552e-09 0
410113 2 896.151 -1.05191e-09 0
410113 2 1389.5 -1.04634e-09 0
410113 2 2154.43 -1.03782e-09 0
410113 2 3340.48 -1.02486e-09 0
410113 2 5179.47 -1.00536e-09 0
410113 2 8030.86 -9.76455e-10 0
410113 2 12452 -9.3461e-10 0
410113 2 19307 -8.76016e-10 0
410113 2 29935.8 -7.97731e-10 0
410113 2 46415.9 -6.99523e-10 0
410113 2 71968.6 -5.85745e-10 0
410113 2 111588 -4.6567e-10 0
410113 2 173020 -3.51049e-10 0
410113 2 268270 -2.51882e-10 0
410113 2 415956 -1.73306e-10 0
410113 2 644947 -1.15389e-10 0
410113 2 1e+06 -7.49986e-11 0

1e+06 2 1e-06 -3.90096e-10 0
1e+06 2 1.55052e-06 -3.90096e-10 0
1e+06 2 2.4041e-06 -3.90096e-10 0
1e+06 2 3.72759e-06 -3.90096e-10 0
1e+06 2 5.77969e-06 -3.90096e-10 0
1e+06 2 8.96151e-06 -3.90096e-10 0
1e+06 2 1.3895e-05 -3.90096e-10 0
1e+06 2 2.15443e-05 -3.90096e-10 0
1e+06 2 3.34048e-05 -3.90096e-10 0
1e+06 2 5.17947e-05 -3.90096e-10 0
1e+06 2 8.03086e-05 -3.90096e-10 0
1e+06 2 0.00012452 -3.90096e-10 0
1e+06 2 0.00019307 -3.90096e-10 0
1e+06 2 0.000299358 -3.90096e-10 0
1e+06 2 0.000464159 -3.90096e-10 0
1e+06 2 0.000719686 -3.90096e-10 0
1e+06 2 0.00111588 -3.90096e-10 0
1e+06 2 0.0017302 -3.90096e-10 0
1e+06 2 0.0026827 -3.90096e-10 0
1e+06 2 0.00415956 -3.90096e-10 0
1e+06 2 0.00644947 -3.90096e-10 0
1e+06 2 0.01 -3.90096e-10 0
1e+06 2 0.0155052 -3.90096e-10 0
1e+06 2 0.024041 -3.90096e-10 0
1e+06 2 0.0372759 -3.90096e-10 0
1e+06 2 0.0577969 -3.90095e-10 0
1e+06 2 0.0896151 -3.90095e-10 0
1e+06 2 0.13895 -3.90095e-10 0
1e+06 2 0.215443 -3.90095e-10 0
1e+06 2 0.334048 -3.90095e-10 0
1e+06 2 0.517947 -3.90095e-10 0
1e+06 2 0.803086 -3.90094e-10 0
1e+06 2 1.2452 -3.90093e-10 0
1e+06 2 1.9307 -3.90092e-10 0
1e+06 2 2.99358 -3.9009e-10 0
1e+06 2 4.64159 -3.90088e-10 0
1e+06 2 7.19686 -3.90083e-10 0
1e+06 2 11.1588 -3.90076e-10 0
1e+06 2 17.302 -3.90066e-10 0
1e+06 2 26.827 -3.90049e-10 0
1e+06 2 41.5956 -3.90024e-10 0
1e+06 2 64.4947 -3.89984e-10 0
1e+06 2 100 -3.89923e-10 0
1e+06 2 155.052 -3.89828e-10 0
1e+06 2 240.41 -3.89682e-10 0
1e+06 2 372.759 -3.89454e-10 0
1e+06 2 577.969 -3.89102e-10 0
1e+06 2 896.151 -3.88557e-10 0
1e+06 2 1389.5 -3.87714e-10 0
1e+06 2 2154.43 -3.86415e-10 0
1e+06 2 3340.48 -3.84417e-10 0
1e+06 2 5179.47 -3.81356e-10 0
1e+06 2 8030.86 -3.76701e-10 0
1e+06 2 12452 -3.6969e-10 0
1e+06 2 19307 -3.59293e-10 0
1e+06 2 29935.8 -3.44219e-10 0
1e+06 2 46415.9 -3.23073e-10 0
1e+06 2 71968.6 -2.94749e-10 0
1e+06 2 111588 -2.59096e-10 0
1e+06 2 173020 -2.17612e-10 0
1e+06 2 268270 -1.73612e-10 0
1e+06 2 415956 -1.31376e-10 0
1e+06 2 644947 -9.46278e-11 0
1e+06 2 1e+06 -6.53516e-11 0

